18 2 3 4 5 6 7 8 9 10 11 12 13 14 15 16 17 18 19 
19 20 21 22 23 24 1 25 26 27 28 29 30 31 32 33 34 35 36 37 
18 38 39 40 41 42 1 43 44 45 46 47 48 49 50 51 52 53 54 
11 55 56 57 58 59 60 61 62 1 63 64 
15 65 66 67 68 69 70 71 72 73 74 75 1 76 77 78 
20 79 80 81 82 83 84 85 1 86 87 88 89 90 91 92 93 94 95 96 97 
12 98 99 1 100 101 102 103 104 105 106 107 83 
26 108 109 110 111 112 113 114 115 116 117 1 118 119 76 120 121 122 123 124 125 126 127 128 129 130 131 
12 132 133 134 135 136 137 138 139 140 141 1 142 
10 22 143 144 145 146 147 148 149 150 1 
47 151 152 153 154 155 156 157 158 159 160 161 1 162 163 164 165 166 167 168 169 170 171 172 173 174 175 176 177 178 179 180 181 182 183 184 185 186 187 188 189 190 191 192 193 194 195 196 
11 197 198 199 1 200 201 202 203 204 205 206 
151 207 208 64 209 210 211 212 22 213 214 215 216 217 218 219 220 221 222 223 224 225 226 61 16 227 75 228 229 230 231 232 233 234 235 236 237 238 239 240 241 242 243 244 245 246 247 248 249 250 251 252 253 254 255 256 257 258 259 260 261 262 263 264 265 266 267 268 269 270 271 272 273 274 275 276 277 132 278 279 280 281 282 283 284 285 286 287 288 289 290 291 292 293 294 295 296 297 298 299 300 301 302 303 304 60 305 306 15 307 308 309 310 311 312 313 314 315 51 316 317 318 319 320 321 322 323 324 325 326 327 95 328 329 330 331 332 333 334 335 121 336 337 338 339 340 341 342 343 344 1 345 
19 346 347 348 349 350 351 1 352 353 354 355 356 357 358 359 360 361 362 363 
14 13 51 364 365 366 367 1 368 369 370 371 372 373 374 
170 72 375 79 376 377 378 229 379 380 381 382 383 384 385 386 387 388 389 390 391 392 393 394 395 396 397 398 399 400 401 402 403 404 405 406 1 407 408 409 410 411 412 413 414 415 416 417 418 419 420 421 422 423 424 425 321 194 426 427 428 429 430 431 432 13 433 434 435 436 437 438 439 440 441 442 443 444 445 446 447 448 449 450 451 452 102 453 454 455 456 457 458 459 460 461 49 462 308 463 464 465 466 467 468 469 470 471 472 473 474 475 476 477 478 479 480 481 482 483 484 227 485 486 487 488 489 490 491 492 493 494 495 496 497 498 499 76 500 501 323 502 143 503 504 505 506 507 145 508 509 510 511 512 513 514 515 516 517 518 519 520 92 521 522 523 524 525 526 527 528 
43 362 529 308 530 531 532 533 534 535 536 477 1 537 538 539 540 541 542 543 544 545 546 547 548 549 379 550 28 551 552 553 554 555 556 557 558 559 560 561 562 563 564 565 
80 566 234 567 568 145 20 569 570 571 572 573 574 575 576 577 578 579 580 581 582 583 584 585 586 587 588 589 590 591 592 593 594 595 596 597 598 599 600 601 602 121 51 603 67 604 605 606 607 608 609 610 611 612 613 614 615 616 617 173 505 618 619 1 620 621 622 623 624 625 626 458 627 628 110 629 630 631 632 633 634 
14 635 636 637 638 382 639 640 641 642 643 644 645 1 646 
24 647 648 649 650 651 652 2 653 654 655 18 656 657 658 659 660 661 662 51 663 254 664 665 666 
17 667 64 571 668 2 669 670 671 672 132 673 674 675 676 677 678 679 
65 680 681 682 683 684 685 686 687 688 689 690 691 692 13 693 694 695 696 697 2 698 699 700 701 702 703 466 704 468 705 706 707 708 709 710 711 712 713 714 715 716 717 718 719 720 369 721 722 723 724 725 726 727 10 132 728 664 729 730 731 732 133 733 734 735 
11 736 737 738 739 740 741 742 2 743 744 323 
29 745 746 732 747 665 535 748 749 589 750 751 752 753 754 755 756 757 92 758 2 759 760 761 762 763 764 39 765 766 
19 767 768 769 770 771 772 79 2 761 773 774 775 776 777 732 778 779 780 781 
11 782 783 2 784 785 786 787 788 789 790 791 
11 359 792 2 793 794 795 796 797 798 664 799 
48 92 17 800 801 802 680 803 804 805 806 807 51 808 809 525 810 763 811 812 813 814 155 494 815 816 817 784 818 819 109 820 821 822 266 823 824 825 826 68 827 2 828 829 830 831 832 833 834 
10 835 836 837 838 839 2 840 841 587 842 
11 843 39 844 845 2 846 847 153 61 326 51 
46 848 849 850 851 852 853 854 855 856 857 858 859 860 579 861 862 601 863 655 864 865 866 867 736 868 869 870 871 872 873 874 875 2 876 715 877 878 879 880 881 882 883 884 885 886 887 
11 888 576 2 110 889 683 890 891 892 893 894 
24 535 2 895 896 897 438 898 899 900 901 902 324 903 904 905 508 622 906 603 907 908 909 910 911 
10 51 912 913 914 915 2 916 917 918 919 
36 920 921 922 923 924 925 926 927 39 928 929 930 931 694 932 2 933 934 935 501 936 937 938 121 376 939 940 941 608 942 943 944 945 946 77 947 
44 587 948 694 949 950 951 952 953 954 955 908 956 957 958 2 959 960 961 962 963 964 965 966 967 276 968 969 970 971 972 164 973 974 975 976 977 978 979 980 981 982 110 983 984 
52 788 115 985 986 987 988 989 990 991 992 993 994 995 750 996 997 998 999 1000 1001 1002 2 81 1003 1004 1005 1006 359 1007 1008 192 745 1009 1010 1011 1012 1013 1014 61 1015 1016 1017 101 1018 1019 1020 1021 1022 1023 1024 1025 1026 
18 1027 1028 1029 1030 908 3 1031 1032 1033 1034 1035 1036 1037 1038 1039 1040 1041 1042 
118 749 1043 436 1044 1045 539 1046 193 1047 1048 3 1049 1050 132 1051 373 1052 1053 1054 1036 1055 811 569 1056 1057 1058 1059 1060 1061 1062 1063 1064 1065 1066 1067 24 326 1068 1069 1070 1071 1072 1073 1074 1075 1076 1077 1078 1079 1080 1081 110 894 1082 1083 341 1084 1085 1086 1087 1088 1089 1090 173 1091 1092 170 791 1093 51 1094 1095 1096 1097 1098 1099 1100 1101 1102 978 1020 1103 1104 1105 65 1106 1107 1108 35 158 1109 1040 1110 1111 1112 1113 1114 898 884 1115 1116 1117 1118 1119 1120 1121 30 1122 1123 530 1124 664 1125 954 1126 1127 1128 1129 
14 1130 1131 1132 106 1133 1134 1135 1136 51 1137 1138 1139 3 1140 
11 1141 1142 1143 1144 1145 1146 897 1147 3 1148 1149 
10 1150 854 872 1151 3 1152 1153 1154 1155 1156 
37 915 1157 1158 1159 1160 1161 1162 1163 132 1164 1165 3 78 1166 1167 1168 1169 1170 1171 1172 1173 1174 72 1175 1176 1177 1178 1179 1180 1181 322 1182 1183 1184 1185 1186 1187 
41 949 1188 1189 1190 1191 1192 1193 1194 1195 1196 1197 1198 1199 1200 1201 1202 3 1203 820 1204 1205 732 1206 72 1207 1208 1209 606 1210 1211 1212 1213 1214 1215 1216 1217 1218 562 1219 1220 1221 
12 1222 3 955 1223 1224 1225 1226 1227 1228 1229 1230 136 
10 1231 1232 1233 1234 1235 940 994 3 1236 1237 
63 710 176 1238 1239 1240 1241 1242 1243 1244 1245 1246 1247 1248 1249 1250 1251 1252 1253 1254 1255 1256 1257 1258 1259 1260 1261 1262 1263 353 132 1264 1221 1265 1266 1267 1268 539 1269 1270 1271 1272 1273 1274 379 1275 1276 1277 1278 3 1279 1280 1281 1282 1283 1284 1285 1286 1287 1288 1289 1290 974 1291 
50 1292 588 1293 1294 907 1295 1296 1297 1298 1299 1300 1301 1302 1303 1304 1305 1252 1306 1307 1308 1309 132 454 1310 1311 1312 1313 1314 1315 916 398 3 358 1316 1317 1318 1319 1320 1321 1322 1323 1324 1325 1326 1327 1328 1329 1140 1330 1331 
10 16 1126 1332 1172 3 1065 1333 1334 1335 1336 
116 207 1337 72 682 1338 1339 1340 1341 1342 1343 1344 1345 1346 1347 1348 1349 1350 1351 1352 1353 1354 1355 679 1356 1357 1358 1359 1360 1361 1362 1363 1364 1365 1366 1367 1368 1369 1370 530 279 1371 1372 1373 1374 1375 3 1376 68 1377 860 1378 1379 1380 620 1200 1381 1382 1383 433 1384 1385 1386 1387 244 1388 1389 1390 1391 1392 1393 1394 1395 1396 1397 1398 1135 1399 1400 701 1401 1402 1403 1404 1405 1406 1407 1408 237 1409 1410 1411 1412 1413 1414 1415 453 1416 680 1417 1418 1419 1420 593 1421 1422 1423 1424 1425 1426 61 1164 1427 1428 1429 1430 1431 
290 72 61 788 1432 620 92 76 173 1433 680 1434 13 650 1264 1435 353 79 1436 1404 1437 376 68 535 1438 1043 694 1439 1440 1441 664 301 1442 1443 1444 151 1065 647 359 1445 1446 601 164 1447 1448 1082 1449 854 1450 1451 521 1452 555 655 1453 1454 1455 1456 367 1457 28 501 1458 1459 1319 381 1460 1461 1462 1463 1464 1465 1466 1467 1468 1469 1194 1470 1471 1472 1473 1474 1475 486 1476 347 1477 1478 67 1479 1480 487 1481 1482 338 1483 1484 1485 1486 1487 1488 488 1489 1490 304 1491 20 741 1492 1493 1494 1495 1496 1497 1498 1499 1500 472 849 1429 532 444 1276 1159 791 1397 1301 1382 1430 1149 720 1399 3 692 264 34 1226 778 270 1364 1237 891 709 168 549 702 121 732 321 749 804 797 530 872 1064 1172 1377 1103 279 1182 1181 337 1335 1067 606 434 1151 1125 302 1292 426 437 209 920 1141 758 179 1419 1216 1310 1268 246 456 1133 328 341 354 1272 892 15 627 861 979 119 314 431 605 88 39 704 710 1384 1053 566 18 1000 502 1386 1240 592 798 1092 531 490 1150 137 474 402 1178 306 330 479 839 1206 138 982 881 295 275 762 277 207 278 379 753 652 1157 286 540 1131 1211 1116 1410 251 867 1128 1255 30 466 227 1281 75 201 1016 503 325 348 914 1166 40 113 204 467 991 837 635 674 670 383 235 629 236 902 390 170 441 1245 957 646 1075 259 632 1004 864 55 197 362 828 603 850 666 
6 350 3 848 466 1433 522 
3 433 3 650 
4 612 201 3 910 
36 51 1444 606 1233 993 788 1434 1281 1257 1172 377 228 555 1208 1104 109 470 1176 1073 671 1302 545 92 368 789 907 1008 1339 916 387 389 523 1088 1232 1010 4 
6 308 362 108 530 4 1147 
4 1274 1500 4 69 
4 4 825 974 701 
5 374 680 919 4 1111 
9 841 1275 816 1264 718 4 121 13 1263 
83 72 50 1103 109 937 308 13 1010 228 763 625 587 555 1054 1319 136 176 317 488 489 310 1244 255 1321 574 690 995 1140 842 30 882 110 864 375 1437 1442 480 321 73 682 244 1092 1410 978 51 189 501 381 133 1487 862 243 741 1025 979 121 788 974 455 191 143 37 316 526 994 964 784 1049 4 668 185 173 362 1151 1462 799 108 1233 154 1068 1494 1334 1304 
10 278 173 568 164 1462 76 4 1451 65 70 
10 1264 120 872 1455 519 4 1493 804 878 148 
17 21 464 104 329 530 767 4 650 214 72 154 354 306 96 1335 13 1443 
10 62 5 39 203 1452 1291 92 375 1489 662 
6 110 1332 1221 375 808 5 
10 601 121 770 5 18 1417 377 51 1395 1078 
34 1433 655 28 910 629 5 389 1282 1009 1337 212 709 247 364 371 1444 151 50 757 1105 368 864 704 174 51 73 373 435 232 276 207 620 88 1363 
6 119 57 88 391 5 680 
4 5 1293 72 62 
12 173 373 72 942 837 511 1437 5 1282 1371 912 645 
236 51 61 110 732 620 207 1433 132 1435 1437 797 872 433 278 1281 362 1064 1043 710 974 301 377 50 201 1446 667 1066 1104 189 905 71 1044 1293 325 281 44 387 1267 1002 711 538 214 106 592 992 1070 328 1410 477 1223 892 1109 927 575 669 1400 583 296 561 121 1186 1181 1467 1386 282 1485 142 553 536 256 70 1432 92 76 1434 16 88 650 353 1404 1065 682 601 279 555 231 695 1183 80 64 234 144 507 145 1147 813 1242 1388 1295 1372 137 542 124 688 1085 1174 867 631 984 450 127 834 853 922 788 864 375 1063 227 1225 322 694 1443 229 1377 647 1407 1082 828 587 43 1319 381 1466 1470 383 683 1478 506 754 348 491 94 1231 775 936 160 1247 614 847 964 1170 96 314 1262 564 1162 623 907 676 991 854 914 334 128 376 169 1340 668 354 810 621 530 109 240 287 251 425 308 680 704 75 915 1172 228 378 681 949 1449 380 1054 1105 233 748 1483 1336 5 1240 1419 391 550 1282 663 975 474 644 1390 1299 1353 830 795 1412 544 1015 1202 1265 413 1405 1331 559 451 466 1441 1452 1164 455 670 384 862 343 1396 166 943 1039 352 743 
26 68 1314 489 1429 829 600 121 1200 384 5 183 788 1172 742 1387 572 463 530 907 77 61 408 321 864 227 705 
10 525 118 169 872 5 375 231 136 92 150 
17 72 456 278 650 1404 466 1063 1314 1340 51 5 751 1225 110 513 13 854 
56 308 647 51 620 1444 463 474 1292 234 1322 207 680 1103 1349 1397 110 415 732 466 16 1063 301 923 854 153 1022 1340 436 62 920 438 1387 198 1155 5 843 122 8 311 801 412 1112 451 643 1294 87 72 864 797 704 151 894 1275 571 1150 1117 
5 1252 620 35 73 5 
22 745 1386 1404 401 433 132 368 1347 953 1479 194 43 380 1478 1487 248 949 5 454 814 1131 1063 
31 16 1225 502 405 480 207 190 756 1432 749 1051 81 857 1264 1433 1065 601 1094 1104 684 914 6 466 25 467 142 156 1025 51 1445 1466 
12 322 254 83 1158 498 72 207 837 1034 543 6 732 
4 308 37 6 79 
5 6 1068 176 374 947 
11 92 1036 247 566 1043 80 649 6 7 763 380 
5 92 6 924 1433 322 
4 6 442 668 154 
3 1439 506 6 
3 441 76 6 
69 207 1063 68 1438 1406 940 1052 435 380 302 668 1036 1475 1293 240 523 1348 69 1079 448 126 1401 92 360 749 767 1445 1448 280 1374 548 72 676 189 579 1031 869 321 132 704 1281 754 1418 611 1311 528 110 872 1257 1245 1398 332 139 51 1442 552 531 1121 466 375 907 1407 828 1455 788 915 1224 6 657 
3 256 1442 6 
3 6 974 805 
12 287 190 192 1064 820 791 6 753 433 1347 201 1224 
95 51 108 173 1433 353 322 278 169 434 435 350 24 683 1428 386 1485 84 1240 83 733 925 401 1381 1277 534 271 365 1198 732 88 132 907 915 1065 378 757 1182 587 1453 74 210 493 364 1350 193 6 1313 1264 115 72 940 1258 893 177 1138 1089 1406 1215 804 1407 905 1467 308 207 466 16 375 1436 362 55 1440 1257 676 894 1008 454 367 1457 28 1000 1471 469 65 304 348 507 636 1033 801 148 162 653 726 966 200 
3 1245 1476 6 
5 6 72 1393 974 552 
6 426 974 13 1112 1469 6 
4 6 72 64 1200 
6 140 1257 6 712 815 788 
2 553 7 
4 1418 1440 7 797 
9 1270 641 110 145 7 1432 632 121 258 
6 375 37 969 916 1019 7 
4 7 284 385 16 
4 7 197 1264 191 
4 7 1142 797 64 
6 1485 207 814 1273 1142 7 
10 1437 375 694 7 929 1063 40 321 829 72 
7 121 797 7 1437 1425 1008 208 
25 61 1288 702 788 1404 635 562 1233 795 56 1483 1341 1186 1339 1353 480 851 1101 92 1063 674 639 375 8 994 
21 322 8 993 72 1208 61 28 629 237 846 121 55 455 1312 459 760 1337 1438 1491 138 691 
80 308 1436 322 39 433 923 625 606 383 588 36 100 1097 1132 1333 1346 8 660 443 475 66 880 1203 1285 913 651 274 967 72 848 1432 732 76 75 1008 741 476 613 356 708 121 375 827 656 1345 442 546 1487 129 824 764 88 1264 670 1106 592 1392 806 61 535 1439 468 1052 1455 18 589 150 1045 240 32 175 935 1433 680 1438 437 384 811 490 1093 
14 240 732 917 1318 1433 518 132 353 848 650 1259 8 207 411 
6 685 858 788 441 682 8 
6 753 8 174 732 51 1267 
6 8 687 1231 1278 1378 1224 
12 92 364 121 37 896 173 8 964 1237 1065 1098 788 
6 767 228 8 327 237 298 
6 1169 493 249 8 1345 953 
4 74 383 8 355 
4 51 8 69 132 
17 732 901 63 610 1212 788 1432 485 808 1225 1472 1258 8 416 1281 604 418 
110 51 61 110 308 864 749 650 1436 73 1441 1186 336 587 745 1164 136 1125 18 1469 309 505 1044 588 100 1002 656 389 706 1342 35 107 60 849 1033 885 1381 199 1430 1304 1113 944 898 129 428 72 732 321 13 227 915 109 770 1232 1089 1434 566 992 310 921 1397 1003 173 381 620 1433 680 797 378 1455 1151 1340 427 1188 1130 8 875 574 1237 727 1063 201 359 454 742 910 1465 969 1068 1147 1241 1071 1072 942 961 860 1078 1041 447 267 499 887 871 1256 894 281 67 1258 115 1069 1394 
7 1384 8 790 1462 1357 650 76 
5 889 650 8 1292 907 
7 8 1063 620 890 984 72 1491 
4 316 1384 8 670 
3 633 8 88 
4 1245 8 378 72 
4 8 907 778 72 
5 404 121 8 110 250 
2 8 411 
2 8 686 
72 207 1215 710 1067 289 480 307 92 39 208 1335 309 864 797 530 22 953 78 1408 1036 437 48 1166 21 1127 838 9 842 88 915 1445 13 1435 138 1329 620 243 308 47 43 1141 72 907 827 742 1456 347 386 641 652 658 1115 1344 908 1410 1392 464 119 909 1366 1288 1010 373 502 589 111 792 523 1168 332 635 1133 
13 374 1495 1435 308 1125 963 530 799 22 523 9 1008 61 
2 9 1186 
4 9 915 899 1141 
26 189 1230 121 1238 1428 519 229 74 1276 993 662 45 1434 1427 1292 9 917 1468 1484 1019 1093 682 568 1220 61 1438 
8 745 51 1436 668 9 72 1063 282 
5 132 51 9 109 907 
5 88 620 375 505 9 
10 1437 1452 97 428 281 999 278 747 9 694 
5 650 713 282 788 9 
7 1433 501 1476 79 971 9 72 
14 732 506 1267 804 61 1103 1127 16 1081 742 805 429 10 1063 
6 154 72 10 169 1079 606 
9 18 16 1200 1063 1263 100 72 323 10 
7 1082 635 420 782 650 1168 10 
3 10 463 1408 
6 63 92 360 10 1123 1225 
6 1105 745 1404 10 804 676 
11 804 1464 110 10 953 1347 74 1063 207 821 1093 
24 767 68 189 474 251 1076 1003 308 1104 641 789 51 11 1404 76 382 178 402 797 535 949 1283 457 461 
3 207 945 11 
19 840 76 974 500 477 1404 591 1231 676 603 437 11 663 1018 1047 1363 499 30 207 
10 607 144 64 11 993 61 1465 1432 85 1331 
5 28 1432 11 606 1063 
5 1448 322 79 11 308 
4 266 11 641 1172 
6 957 1424 39 11 301 1435 
6 467 523 680 460 1484 11 
3 72 1329 11 
2 11 184 
3 92 11 1439 
2 164 11 
22 173 36 681 682 820 427 1044 1387 1106 554 1225 1385 163 601 445 765 51 62 11 737 219 1063 
7 1106 804 11 729 844 1008 700 
6 11 72 1407 627 1049 1091 
3 1044 11 531 
2 51 11 
39 788 1151 1467 144 1049 376 971 985 92 1442 11 1166 1400 1154 72 373 308 741 322 1172 228 1103 74 209 242 388 1420 1268 472 734 774 614 514 222 974 1445 1011 1168 484 
7 51 1063 39 1393 238 11 1480 
4 364 1286 11 1438 
3 1181 11 759 
79 51 1215 115 765 207 1064 201 236 445 424 308 804 1377 606 1055 1044 11 241 686 396 1353 1313 61 121 1063 376 974 827 1183 71 603 798 306 822 331 620 1433 680 164 302 1194 609 1389 1398 944 872 1181 232 1427 18 1464 668 706 1494 1048 260 1235 92 467 233 1218 788 749 39 670 351 815 184 987 1432 1434 1439 1148 848 62 210 636 1496 349 
6 1469 710 113 1043 68 11 
4 1147 11 110 1208 
13 1054 1063 11 804 1349 376 1122 663 1277 82 47 581 61 
5 399 92 533 308 11 
13 1238 955 181 1333 370 151 1236 1451 1386 11 467 279 235 
9 695 437 11 974 1439 710 321 414 51 
4 11 839 575 191 
3 1372 11 178 
8 858 636 11 620 904 710 679 227 
7 73 907 244 11 1148 517 1280 
6 161 373 11 245 173 1323 
5 900 355 61 1043 11 
6 1314 289 595 256 605 11 
5 1381 530 442 1302 11 
3 650 215 11 
11 530 72 11 61 88 136 1408 227 647 1064 151 
8 79 742 1432 1422 91 530 11 309 
17 858 1126 536 1087 103 1157 362 1320 61 684 1125 1281 180 757 11 742 797 
9 37 1404 749 1118 501 11 1094 91 882 
4 39 788 92 11 
12 775 1437 78 1462 680 647 1472 907 11 16 676 792 
4 1214 282 1164 11 
5 991 442 373 1373 11 
4 103 51 12 301 
14 1465 813 937 207 76 1320 1262 12 907 1063 427 1129 1439 222 
6 121 231 1081 12 758 953 
3 12 92 757 
25 121 1069 1404 501 1099 783 1278 12 797 173 263 72 1450 1457 234 91 364 51 915 949 310 772 1325 596 54 
5 956 606 607 1281 12 
3 563 12 65 
6 684 12 51 1115 976 551 
7 442 1446 12 636 390 1160 425 
3 376 1176 12 
110 51 173 466 1434 13 227 664 50 647 336 1094 1095 350 1194 1476 150 1477 282 198 214 243 841 1134 1217 524 1117 993 1041 847 1102 92 76 587 550 1069 72 321 88 375 804 530 376 1043 676 1182 745 1104 381 1460 1016 562 111 748 652 1352 1327 1111 723 272 586 549 788 1437 68 1443 848 1238 1492 1219 105 132 1264 1335 607 1470 969 309 957 876 620 864 353 79 710 468 1454 1456 1341 903 152 637 694 1022 1499 907 940 80 1241 1261 1435 1010 1444 767 1181 153 454 237 862 390 330 
24 132 107 530 949 1469 487 659 1295 1178 804 1377 1151 844 1256 1335 13 308 551 1172 327 1336 1341 1324 697 
15 51 1485 218 13 388 940 258 923 907 1321 1432 1449 568 217 169 
11 1428 1244 334 362 729 13 1118 793 1247 92 173 
5 235 732 1168 788 13 
4 704 745 13 68 
9 1267 712 13 1212 1437 1200 1500 736 788 
9 72 207 1008 64 439 443 13 742 1065 
8 13 1488 387 188 1125 1446 1195 363 
4 1292 1434 1456 13 
4 13 209 385 1056 
4 209 13 650 912 
5 13 907 164 502 971 
3 1375 13 467 
3 777 581 13 
3 169 198 13 
5 13 1442 940 611 391 
3 1359 13 487 
1 13 
5 792 874 1148 13 455 
27 16 1008 1182 871 1435 376 182 72 826 788 1066 785 207 974 551 1010 73 694 189 326 409 121 850 51 13 1094 901 
25 13 532 739 694 688 55 373 1164 1482 704 229 1181 169 72 1370 650 1433 374 1453 1339 503 116 1350 61 640 
12 1172 1208 791 228 607 72 757 1447 13 16 885 136 
12 362 732 1456 13 430 1281 1312 373 757 1470 1271 754 
14 1054 1239 693 517 1032 551 501 894 74 199 72 13 668 1150 
18 710 323 427 68 1440 917 1433 288 1294 797 302 1098 173 1082 630 13 1292 1182 
13 13 976 620 788 1482 72 1068 1345 173 936 1432 1469 1472 
12 710 201 72 13 1093 1439 837 792 18 1275 76 590 
13 1432 13 1311 944 51 797 178 586 650 265 1065 889 211 
12 773 503 906 1175 244 322 173 992 830 13 51 1408 
8 116 623 207 682 109 13 50 1142 
9 1016 522 811 535 338 837 170 13 681 
6 949 758 13 1236 1190 1406 
9 88 327 1485 111 72 684 110 13 309 
8 13 365 173 685 1466 308 1164 493 
10 568 1446 169 1083 326 13 350 1490 324 294 
12 1323 1141 542 61 13 1165 562 1200 1319 132 629 207 
11 732 916 183 13 236 701 61 1432 1371 1058 50 
8 575 385 1115 1298 950 426 13 184 
7 13 51 459 990 680 1384 1158 
6 603 662 68 13 83 487 
7 13 1476 464 78 1008 1022 647 
7 308 693 117 828 815 13 822 
5 13 129 1449 373 788 
6 151 51 1043 72 1117 13 
4 837 1449 1310 13 
7 13 804 1444 283 433 387 593 
4 308 13 80 20 
5 376 13 1127 61 1107 
7 537 89 72 13 446 186 1183 
5 13 950 788 433 336 
4 13 209 301 100 
4 739 13 804 51 
4 173 13 770 277 
7 1397 13 1435 641 812 1150 1043 
4 640 13 321 557 
3 1125 201 13 
4 1454 13 1036 51 
3 13 554 235 
5 157 873 905 13 28 
5 286 354 553 13 121 
5 390 13 1428 379 912 
3 1433 13 696 
3 799 51 13 
4 1497 510 13 92 
5 13 207 371 1029 1365 
3 1482 13 1172 
5 110 13 321 915 454 
3 51 512 13 
4 551 13 68 36 
6 13 484 51 585 260 1042 
26 620 434 916 140 13 1454 75 749 301 72 51 1083 322 763 1459 1188 733 1129 308 1224 693 368 92 1451 62 1365 
16 50 13 1450 51 1443 178 903 308 1327 502 375 597 72 445 1348 996 
7 13 1144 1332 1043 1208 308 88 
12 121 72 687 384 1353 719 953 13 635 140 1000 594 
9 13 837 72 974 530 195 137 207 141 
10 854 376 758 742 377 321 1064 253 13 527 
11 308 13 565 353 102 788 410 309 689 655 480 
7 1453 744 486 321 757 13 695 
7 13 267 1474 1404 885 405 51 
10 732 72 1377 91 641 342 1404 384 986 13 
4 13 232 788 976 
6 132 1320 317 186 13 607 
2 1435 13 
3 13 1404 1071 
3 781 1314 13 
4 949 555 13 530 
5 813 242 863 13 1063 
4 1083 685 13 51 
4 998 1038 13 72 
2 13 778 
7 116 1466 308 622 13 647 1475 
3 13 1311 435 
3 13 1225 745 
13 51 1485 197 258 13 364 72 1065 158 530 278 76 1438 
9 88 51 232 13 635 173 592 1330 1114 
6 1175 655 13 337 1350 613 
6 1202 369 51 13 92 695 
5 1461 13 1067 535 1125 
6 1254 375 173 64 13 51 
4 13 132 618 1148 
140 121 620 92 173 680 1434 16 749 1225 535 872 169 1406 378 1008 379 601 279 1094 1022 522 1458 1105 1016 436 1475 1483 387 902 1342 284 556 1282 1243 1231 249 1189 1124 311 756 351 1221 1395 795 1423 445 1359 1025 56 777 461 298 788 353 208 110 375 151 827 337 1033 177 529 1162 857 704 991 241 798 493 478 1007 1287 1435 1064 1104 469 932 76 864 13 132 1215 530 376 1438 433 278 1043 940 1103 1448 1449 1451 500 1314 555 1457 705 485 280 503 603 133 1428 17 808 1492 1092 570 1409 156 1298 689 254 774 995 692 883 61 1338 1053 486 368 663 772 444 791 1129 881 1210 654 72 1437 894 854 81 879 896 1088 
12 132 121 240 1432 858 284 798 207 824 190 1221 13 
7 121 1092 1461 13 201 61 1407 
7 322 1406 308 642 1392 76 13 
8 1437 897 391 449 1096 13 788 1315 
4 13 1143 1310 1215 
5 353 1432 72 13 51 
1 13 
10 13 61 485 1462 125 413 578 1152 425 1445 
10 495 13 875 983 1400 924 289 1236 1359 61 
4 1406 13 695 1433 
4 1149 1215 1098 13 
1 13 
47 864 1030 856 207 16 530 872 1438 73 767 828 1457 347 1141 283 1419 507 553 1373 397 620 88 843 948 274 61 1043 1482 121 797 1219 1148 382 285 1409 1076 51 262 13 376 1407 1458 566 1259 179 106 1420 
48 732 879 375 503 1472 1040 169 43 910 1460 109 80 674 954 311 72 1440 915 1186 1473 866 1149 1169 92 236 450 466 1008 1417 798 620 278 664 427 84 156 692 1263 110 1001 1242 1085 672 1256 13 1172 635 1194 
15 232 1065 1483 13 1427 1468 1384 23 1462 145 843 342 16 1063 797 
16 650 1275 13 1434 242 890 362 33 1078 625 1164 1469 383 1234 880 716 
9 1246 582 51 13 1315 1461 1358 72 442 
9 677 606 732 39 674 242 13 227 30 
11 208 620 850 958 862 240 1468 855 1095 13 116 
12 1323 530 580 72 1052 1310 1274 51 734 995 13 1328 
6 64 13 647 1377 1342 356 
8 51 512 13 1439 1432 207 811 708 
4 173 13 587 953 
6 1433 13 876 365 132 88 
3 940 583 13 
7 375 1356 13 535 72 1043 210 
2 1144 13 
15 1445 1455 659 1182 814 207 13 121 985 403 257 1127 1031 418 1082 
14 13 1469 1496 308 1323 303 457 989 1407 431 521 620 1445 51 
9 13 51 864 238 1056 1274 827 1094 774 
8 1290 1432 707 1293 1164 13 1471 376 
4 13 587 676 1321 
6 39 51 676 468 1395 13 
5 13 732 287 788 323 
9 72 542 550 534 615 567 858 13 519 
5 13 1215 827 1390 1447 
1 13 
9 1225 1471 786 1146 1384 763 555 678 14 
7 1474 51 348 14 732 321 132 
11 1420 14 1278 347 72 365 1281 51 503 1183 92 
7 1460 14 1431 732 555 1381 173 
13 207 242 797 92 693 745 14 831 1433 1402 52 1439 1319 
5 1131 173 910 14 308 
5 14 944 830 620 72 
29 1432 111 207 92 47 1164 1456 848 609 284 1393 509 1360 627 314 361 72 712 14 1063 51 499 732 635 374 382 661 308 551 
11 883 1442 393 64 72 837 51 14 267 651 1218 
8 682 14 185 118 1474 907 561 924 
4 1446 329 14 110 
3 840 1487 14 
4 14 1322 48 1146 
18 1107 652 1216 680 620 811 1225 538 1434 1064 636 1423 27 121 51 37 1244 14 
5 14 861 568 148 88 
5 767 742 14 353 1189 
34 788 51 1384 656 821 1028 529 1414 92 1444 836 61 17 14 1411 804 953 827 1479 1488 210 1026 1380 376 72 56 620 757 374 230 1449 191 324 945 
3 215 14 1469 
8 92 301 606 171 68 115 15 201 
5 332 348 241 15 92 
6 1460 746 539 1336 1249 15 
8 763 15 51 92 909 374 1281 620 
9 55 278 479 78 770 68 670 15 308 
6 15 22 603 304 1053 522 
3 178 15 1257 
5 15 676 1432 272 68 
6 918 1465 15 907 903 620 
24 1437 169 1008 250 715 39 1157 1058 1149 760 68 1435 230 557 228 132 1095 1054 71 196 184 15 499 1440 
26 133 1134 353 1452 411 457 1271 82 819 362 367 642 465 376 15 59 694 647 1053 1208 490 1159 1354 1362 228 1432 
45 61 1010 991 108 65 594 734 959 101 1380 967 110 1264 322 923 279 74 429 334 72 1257 1406 1314 485 66 16 1427 308 1186 207 92 940 681 1082 1471 106 571 88 1108 306 788 983 1220 895 139 
42 72 1461 1099 16 1434 535 169 362 1377 1450 176 385 387 1097 439 1371 541 829 1382 497 173 1469 308 1000 339 35 321 283 712 1396 435 1183 255 482 460 207 374 849 206 51 667 227 
17 1200 67 920 283 1158 986 1148 55 872 1194 620 72 1435 991 1019 16 1005 
20 433 1232 92 1239 677 788 749 1103 308 717 804 655 1024 121 1454 127 1436 72 1478 16 
15 51 1151 1018 710 47 1194 268 1064 864 1497 16 308 902 1225 17 
15 694 1121 1451 905 1477 72 858 812 828 88 16 1455 83 78 916 
10 61 121 1235 788 72 391 51 1438 207 16 
13 1411 990 16 466 1321 1437 1258 19 1066 321 797 151 353 
10 788 1083 118 1125 110 950 16 51 72 324 
12 437 72 281 732 110 992 1500 287 73 16 625 1177 
11 695 16 1443 804 102 376 1215 245 788 733 217 
7 92 132 16 1011 788 597 682 
13 376 72 1428 1164 55 1252 16 308 215 1433 253 960 720 
9 1380 788 1471 209 1008 1434 169 1492 16 
8 861 68 121 399 55 974 16 816 
14 1442 994 800 395 268 16 1281 951 51 207 919 205 837 760 
14 1133 69 1396 312 1048 1358 16 1063 393 72 381 664 223 788 
2 710 16 
6 16 903 609 354 1110 391 
5 16 647 1200 1066 1417 
4 1036 16 1058 390 
6 16 425 692 745 949 173 
6 1066 911 16 321 828 1370 
5 48 1404 16 1486 1036 
6 177 1270 510 858 389 16 
4 1384 940 644 16 
5 1073 1116 92 78 16 
5 51 1186 16 151 1025 
7 16 562 1449 472 694 336 620 
4 16 862 1008 129 
6 916 286 1471 828 16 79 
5 435 1241 16 417 1340 
5 489 618 827 745 16 
3 73 732 16 
4 227 485 1164 16 
4 16 521 886 284 
7 111 130 530 1195 16 1381 374 
5 1461 16 1250 76 1065 
3 316 72 16 
4 179 1172 608 16 
5 16 76 1001 1446 727 
3 1446 120 16 
4 16 1450 406 1010 
4 1196 120 336 16 
3 16 1435 743 
2 146 16 
2 16 1338 
1 16 
2 16 1082 
3 16 1268 173 
7 205 72 1481 396 316 903 16 
13 650 600 1366 1148 523 16 95 51 793 512 847 915 245 
11 16 535 322 940 121 873 1067 232 198 442 164 
4 121 1016 16 140 
4 143 375 16 1116 
5 16 230 1335 852 451 
3 337 16 51 
4 1198 907 1080 16 
25 72 940 1432 50 378 1104 502 971 1310 308 16 1439 78 443 939 466 680 1208 620 91 257 110 1107 253 53 
9 92 1281 16 1476 278 51 754 562 1004 
13 1225 788 88 1231 299 1432 16 68 406 1020 92 932 376 
8 974 39 16 76 915 1121 308 1151 
14 51 16 1305 1065 110 769 132 936 1462 384 1265 1458 179 153 
10 1119 1475 742 16 76 1063 33 1010 1443 1286 
6 376 1416 16 1225 214 932 
5 1434 705 1481 562 16 
8 915 1247 87 16 112 467 1339 51 
11 325 1225 187 16 1148 1194 205 196 85 427 110 
12 827 1273 452 879 110 1224 433 214 676 16 1261 1308 
3 308 51 16 
8 308 279 1177 173 16 1442 164 1260 
3 599 256 16 
3 121 16 795 
8 1236 767 1242 16 817 757 1036 88 
3 700 312 16 
4 1436 72 16 322 
6 72 1080 76 430 16 1056 
3 443 16 1177 
3 814 16 50 
15 16 92 48 635 274 1404 1325 207 78 1120 732 1335 1417 121 1202 
13 680 1063 72 503 226 109 800 745 61 16 1468 920 643 
8 16 1433 1432 500 51 892 75 716 
5 374 151 749 337 16 
6 1497 749 18 16 1151 1444 
7 1428 1082 109 808 16 246 1450 
5 1072 986 376 159 16 
3 151 308 16 
2 679 16 
7 73 1142 147 16 76 1089 788 
4 132 64 16 248 
2 16 374 
47 788 650 1444 22 625 950 489 1280 92 79 207 433 681 1069 52 1432 88 1484 1409 864 76 1404 804 1438 1064 1406 767 1094 1388 794 972 922 72 1434 322 75 1208 1183 562 382 1250 51 16 1136 1403 512 809 
21 16 1188 756 220 79 441 159 1406 1013 1143 528 173 749 1298 51 178 680 1281 1016 1417 1153 
16 1065 1094 1275 341 207 757 814 22 1466 601 1375 16 729 493 110 1455 
8 92 1209 650 308 1164 16 1319 1085 
6 1095 788 1194 974 55 16 
3 1257 1064 16 
7 51 1130 1450 403 1172 16 169 
5 1281 676 16 1125 597 
6 76 51 72 1065 16 151 
5 820 16 620 749 110 
5 788 110 804 1300 16 
8 72 1036 1176 17 704 16 153 717 
4 308 1245 16 1172 
5 368 804 16 51 1217 
6 16 132 108 284 61 79 
3 953 16 1043 
5 16 1401 376 1160 1443 
2 504 16 
4 169 16 1164 277 
19 749 1466 924 316 409 743 16 308 1432 120 1211 775 1169 1182 375 563 1493 872 1446 
10 16 51 1125 949 892 1201 285 971 522 308 
13 530 1130 1377 925 1461 941 247 885 722 208 51 16 224 
6 568 910 1396 51 61 16 
8 804 73 407 1208 16 466 696 61 
7 110 16 568 374 1096 51 1051 
5 16 1047 72 1278 656 
4 16 711 873 536 
6 16 117 308 241 92 468 
5 28 1103 16 635 788 
4 1281 317 796 16 
5 831 1172 620 16 1151 
3 16 376 685 
4 16 1442 682 80 
5 153 353 16 121 373 
14 16 1468 1210 1225 650 823 308 1406 1052 153 873 456 851 620 
16 1186 1255 732 864 897 1407 192 35 142 1412 726 201 16 231 51 61 
15 433 51 792 622 16 1265 620 601 1095 279 79 219 132 1172 1231 
14 455 308 666 322 16 610 763 51 228 348 1176 1096 236 886 
10 1436 1491 483 1151 907 872 620 1415 1470 16 
11 781 16 1227 620 895 901 1292 121 611 139 18 
10 16 143 539 1295 1296 1052 1172 1281 72 86 
5 92 321 1181 16 72 
3 33 16 1446 
4 1459 353 625 16 
4 16 399 271 962 
4 753 71 530 16 
7 426 749 466 16 275 854 330 
4 16 1440 75 991 
4 169 1064 924 16 
4 1358 1432 1479 16 
4 1016 1249 16 1044 
5 231 1488 16 940 183 
5 16 732 695 111 1264 
5 1353 63 16 136 343 
3 1410 767 16 
16 923 956 974 1356 410 51 763 1444 1489 16 337 1442 908 1087 1114 626 
23 308 551 910 862 369 238 697 1082 1292 1494 1356 757 16 705 822 1232 1179 52 1225 1000 852 1022 486 
12 133 88 159 579 1444 1074 55 132 426 1334 1248 16 
8 16 207 1103 1429 1105 1346 1041 1402 
3 16 28 74 
5 61 923 1238 974 16 
5 16 283 1435 608 923 
5 1138 574 16 467 88 
3 362 17 308 
48 308 51 50 1100 56 321 1333 132 64 133 487 621 1130 511 1025 789 1404 1142 72 73 974 1406 1065 854 551 753 969 17 282 899 640 190 1350 411 293 616 39 208 301 1172 189 328 715 1359 710 1324 187 207 
8 1208 17 1174 167 655 1463 88 51 
4 17 545 51 228 
5 177 17 620 555 745 
6 974 92 343 1443 1081 17 
24 376 24 308 1297 1397 1041 51 1327 680 1404 1064 151 427 33 982 110 693 334 1063 238 1043 17 305 771 
10 191 492 1398 1251 1282 1094 17 1024 72 1074 
5 680 256 749 587 17 
6 72 17 952 1485 1000 359 
10 1404 738 366 1254 506 47 17 1048 649 39 
3 641 17 51 
8 1300 376 1257 620 861 17 1351 621 
6 72 1257 243 1335 343 17 
8 956 1142 17 916 804 910 80 865 
3 1445 72 17 
6 55 710 17 1281 532 1149 
4 110 17 677 1220 
3 1494 17 620 
4 88 1098 757 17 
5 51 1188 753 17 207 
6 1037 17 655 343 207 72 
25 1064 522 231 1485 919 888 1432 1438 781 208 635 1459 204 530 1458 809 353 1481 620 1164 1258 276 227 974 17 
10 981 17 1257 1423 1200 1067 94 770 88 1415 
6 321 267 17 72 1459 98 
7 1217 1488 1003 164 1272 265 17 
25 61 346 907 1349 1061 55 1460 924 17 805 1310 533 579 293 1086 732 308 655 772 921 780 349 864 51 72 
4 308 640 17 1338 
7 262 1335 567 373 1241 1225 17 
3 17 1198 907 
3 17 578 72 
4 700 998 17 710 
5 1435 355 1467 17 72 
14 466 207 629 44 17 243 658 440 403 762 1391 759 434 108 
7 800 1089 623 1450 203 17 485 
3 72 788 17 
3 284 1352 17 
9 51 808 321 121 1384 1468 18 83 1269 
7 18 557 974 1161 343 923 1437 
11 209 1008 490 18 360 62 136 242 1293 488 681 
6 603 18 1172 763 39 1183 
6 682 1094 729 1377 18 308 
8 18 1103 1446 742 375 680 21 76 
6 774 835 872 18 73 1455 
4 620 1302 907 18 
7 1433 121 18 528 1017 811 61 
4 180 18 245 72 
5 667 610 32 1450 18 
2 749 18 
4 316 559 601 18 
5 31 88 523 555 18 
5 328 1106 804 18 1442 
5 1473 221 1469 18 176 
4 832 1016 325 18 
5 18 72 1164 333 1215 
4 618 864 1105 18 
4 277 808 788 18 
5 1077 235 18 1446 207 
23 61 594 1065 207 1011 29 121 36 1347 1390 1350 1264 1386 92 889 72 537 748 340 331 1001 684 18 
11 618 18 757 121 991 48 110 837 987 763 1052 
9 1043 110 18 1437 753 1464 794 24 132 
7 694 652 234 1497 715 18 676 
6 771 153 1008 18 820 1168 
10 110 72 1102 732 51 1083 883 18 1156 302 
4 1417 253 50 18 
5 910 587 375 18 281 
5 827 186 1432 1258 18 
4 710 201 1164 18 
6 18 386 1314 473 279 1043 
4 836 1105 18 804 
7 811 18 446 766 1406 1310 985 
3 426 18 73 
20 72 1010 502 79 51 468 956 578 18 784 989 1432 770 31 822 915 67 308 164 1119 
4 788 936 749 18 
18 308 1264 18 1186 748 659 569 1497 1132 247 369 728 173 788 153 33 1075 51 
9 1082 797 1460 1164 689 790 626 120 18 
5 973 186 793 18 51 
24 1432 202 110 1482 144 51 1449 173 905 620 18 44 1365 1035 625 155 55 1095 1453 326 618 630 364 698 
12 940 154 849 202 1461 229 1283 289 207 1439 1002 18 
10 788 527 1404 1000 18 1482 1356 35 414 1368 
12 650 173 1128 18 1008 1336 1362 353 696 393 644 657 
10 576 120 708 18 503 1265 1490 1231 1436 1150 
7 710 88 18 505 223 1500 1460 
7 1447 966 54 1449 842 658 18 
4 18 110 1314 303 
4 169 72 1208 18 
2 343 18 
3 18 530 974 
4 18 1468 1063 1144 
11 991 307 606 805 584 1094 588 407 1088 18 1395 
6 710 1070 1095 975 749 18 
92 72 321 50 646 352 51 308 1434 322 907 1103 1448 500 233 1148 504 327 1310 1353 496 1380 788 1432 1433 1264 797 68 362 1439 1377 502 505 1045 1068 182 1391 547 1415 207 76 173 132 1435 804 433 676 377 1446 1447 551 337 606 1456 367 1054 1292 1474 805 1344 1158 814 787 372 1295 475 124 1393 533 740 403 573 860 701 726 77 121 749 278 1453 1458 18 1176 1284 541 747 1276 725 139 1051 359 1052 1118 
8 1063 1108 72 541 18 680 1417 530 
8 502 18 757 934 732 727 298 33 
4 237 72 18 563 
1 18 
18 767 384 1248 706 852 61 1431 466 1063 676 606 324 941 1204 939 110 18 509 
7 1499 1440 1148 604 18 762 521 
6 18 166 353 51 1372 807 
1 18 
10 18 243 1450 863 51 562 767 997 68 109 
8 606 18 695 1444 232 1456 732 804 
4 18 1267 676 72 
3 51 100 18 
2 126 18 
2 18 1130 
25 894 1241 972 1444 302 353 132 1121 1377 1475 812 494 1474 281 322 454 668 146 1398 19 854 108 551 51 1340 
10 810 92 359 1435 182 205 1059 1050 19 173 
2 207 19 
3 804 813 19 
2 19 108 
14 1208 1240 1247 1402 974 1043 19 1437 556 262 1441 228 711 530 
18 804 796 132 261 151 1223 540 1151 788 100 287 19 1106 1373 157 648 1053 993 
5 374 311 19 1438 1051 
4 788 455 19 76 
6 609 19 793 72 757 400 
2 71 19 
5 1063 620 51 19 1380 
15 76 20 788 298 1293 685 394 72 189 329 207 51 374 194 248 
2 20 641 
4 83 1472 539 20 
42 51 121 1053 64 111 1173 188 732 1063 75 694 500 1338 684 770 20 992 122 1133 927 996 788 1215 123 218 466 324 426 974 469 899 1375 53 1448 146 72 228 235 609 1043 1310 141 
3 354 20 110 
10 20 869 207 1386 590 51 804 132 694 359 
3 92 20 841 
4 20 1172 664 308 
17 378 68 763 284 51 1319 20 555 31 531 303 675 788 756 1281 550 1046 
8 362 121 822 110 1188 20 491 1472 
6 1357 20 1475 1249 609 88 
10 612 1302 132 1432 767 20 1212 923 1246 562 
7 788 603 20 336 755 208 1427 
6 1488 110 694 1078 20 1451 
3 20 679 353 
4 136 247 20 65 
8 20 1399 153 1105 72 308 176 1344 
20 764 22 1314 51 322 1438 1433 20 835 27 797 207 953 391 866 654 39 1432 1338 1036 
7 1130 1103 20 864 1252 24 717 
5 503 723 20 51 1179 
12 72 576 1063 21 763 1302 923 1432 1055 924 376 949 
11 231 1208 61 72 635 173 21 88 1349 137 85 
4 72 716 21 930 
12 72 1435 1448 125 921 51 110 368 21 173 1477 991 
3 21 55 1053 
3 21 322 1435 
2 1328 21 
11 781 864 21 51 1335 108 1342 322 326 1096 1168 
3 655 837 21 
34 1435 864 1303 1436 1008 625 153 1453 92 1243 1314 72 21 620 1131 88 194 590 1387 677 1056 473 443 341 149 371 207 742 1151 1408 814 340 1048 631 
11 676 794 21 1432 1259 1293 975 378 326 546 1103 
2 21 346 
6 182 50 21 462 661 1010 
45 1215 1440 1257 682 1456 1125 954 621 246 1024 51 50 1066 455 308 1039 173 907 22 110 704 953 1017 1320 69 72 433 359 1082 537 1488 1147 121 788 1063 535 28 571 59 76 467 194 684 890 159 
10 872 466 22 72 238 375 164 1439 1008 568 
24 22 680 61 164 136 386 1156 991 1455 355 955 112 1013 749 237 729 570 1374 498 50 1297 933 710 72 
12 92 983 22 1447 1088 32 72 798 1325 753 804 1404 
14 204 680 79 587 650 240 191 22 815 1338 1115 1185 981 779 
11 1044 295 647 1105 112 1291 970 241 1362 497 22 
7 22 173 1462 986 982 131 793 
5 1036 114 793 22 281 
6 72 22 1434 1148 228 804 
9 1264 1064 604 284 308 1360 887 1392 22 
6 812 61 841 1008 1367 22 
4 1341 749 109 22 
5 51 308 396 322 22 
7 808 22 231 535 350 249 278 
36 207 228 22 380 652 1429 403 1003 1021 1225 1142 1391 732 374 1493 140 746 590 35 1084 72 1004 650 36 835 227 51 1172 1017 1051 745 753 1245 660 106 1029 
17 22 1407 385 1164 72 1475 836 318 518 894 285 1043 179 304 1030 630 876 
7 1066 269 609 489 1281 22 858 
4 22 208 522 1127 
5 1404 1379 1470 22 606 
2 1234 22 
5 22 449 940 165 560 
6 244 50 58 788 620 22 
4 22 108 1067 51 
4 1470 22 905 733 
18 1281 22 1466 1478 1409 51 1496 1270 477 212 88 72 68 1154 308 680 228 76 
10 1445 1418 974 73 308 22 1432 440 522 804 
6 22 121 625 173 1495 951 
3 22 339 1184 
6 110 610 330 22 811 974 
5 22 1438 68 51 1435 
35 207 1440 47 757 392 1023 806 174 132 530 22 182 1131 611 1389 821 545 51 1115 234 813 619 877 72 560 1281 232 596 379 682 916 793 179 1114 1290 
9 1463 1197 997 72 492 1043 640 22 1387 
10 1064 213 376 22 353 1399 97 991 1387 1090 
3 1164 141 22 
3 827 22 745 
6 31 22 373 590 1454 530 
7 733 1245 669 1426 22 324 456 
7 804 22 665 378 1112 1009 477 
4 1323 22 837 60 
3 281 22 1108 
3 22 51 387 
3 22 797 1459 
3 487 22 864 
4 666 810 207 22 
3 943 22 1335 
5 620 1227 22 991 818 
6 1103 22 92 1376 501 620 
5 22 622 1097 415 121 
4 22 1409 603 1343 
17 1438 999 1215 1463 165 874 1190 933 834 210 570 682 1151 1439 22 468 1178 
2 22 797 
3 1370 22 1404 
70 110 1023 121 51 694 22 1051 230 1292 1096 24 72 287 1264 555 44 326 1155 592 1343 1134 1242 1347 1432 76 650 1215 1225 907 1443 894 1008 1449 1208 1319 1408 120 384 630 244 622 1269 211 25 113 1081 518 1095 143 80 1328 788 1345 1398 92 501 793 111 867 408 988 909 353 322 454 347 342 847 349 825 
8 385 278 92 787 862 22 703 716 
6 1281 328 1300 22 375 169 
4 22 1456 1083 1432 
5 23 213 1156 1432 31 
4 1420 1490 164 23 
2 539 23 
4 228 1164 259 23 
6 620 827 924 1430 23 1440 
6 61 797 110 23 51 169 
23 676 121 191 143 1236 1324 190 23 1433 571 875 1334 802 1066 132 913 361 73 1475 438 283 1486 214 
5 419 23 72 485 1432 
2 285 23 
30 207 407 1286 1448 300 1082 455 350 396 803 714 149 752 694 78 37 137 533 121 1001 1012 827 973 1331 837 1068 212 1404 24 1486 
5 24 1111 694 820 366 
6 140 620 1404 1166 24 1043 
9 603 1008 72 207 1421 24 1064 1457 587 
47 51 1442 79 1437 278 467 1053 1340 820 1200 24 1476 192 1310 457 619 577 913 620 923 682 121 1191 308 915 754 458 88 173 1148 537 1134 1012 475 602 512 39 1440 1257 378 485 1419 1341 1371 691 1433 1438 
4 753 1465 37 24 
2 75 24 
3 24 745 1016 
18 530 589 683 1489 1092 908 549 24 1126 750 51 91 511 694 1286 1462 788 113 
8 88 749 1053 434 1281 72 24 230 
3 659 1265 24 
6 308 793 24 467 655 79 
31 92 229 1452 950 622 763 1095 468 937 68 710 191 1010 230 1091 522 24 1041 362 1471 285 1150 644 448 548 888 1331 200 804 588 1344 
13 1264 788 1404 239 1208 283 1072 1284 24 199 51 1013 923 
5 172 1147 24 1182 562 
4 24 373 109 390 
3 902 25 24 
4 562 24 626 51 
27 1008 1404 1442 367 588 1440 61 521 1335 83 1120 1066 28 503 346 569 1146 1220 1361 757 655 1456 24 769 667 1364 278 
4 664 24 110 1282 
3 173 24 164 
6 599 1105 24 1438 1468 1131 
23 321 1454 116 466 629 1145 1489 812 1100 448 361 207 151 88 625 64 658 1062 1438 1449 25 520 798 
1 25 
3 763 437 25 
10 1432 25 1370 121 650 67 368 601 552 260 
5 535 25 591 1335 804 
6 308 907 201 25 555 1432 
6 25 1447 1387 1111 1292 236 
8 572 308 1194 885 1432 338 25 169 
6 485 194 1012 25 1063 72 
3 1002 25 1482 
4 308 25 221 1052 
4 51 128 297 25 
6 1437 1296 1408 684 25 991 
4 1008 25 1490 555 
15 1172 837 1055 1454 551 292 1103 1408 1432 674 505 25 864 793 785 
2 146 26 
4 938 26 1124 201 
5 601 1406 28 26 61 
4 1435 227 26 781 
6 346 26 892 1269 1108 1438 
5 620 733 889 1142 26 
102 51 169 1439 115 1185 61 620 466 375 650 1010 1064 953 1335 1067 1151 820 1036 383 758 385 641 37 808 284 955 1017 250 112 97 288 257 1265 72 1432 732 207 227 1404 362 55 1441 1443 1051 655 1000 233 120 470 659 391 1177 1189 342 602 312 1048 900 799 308 1208 388 1230 463 193 476 108 378 1452 753 608 977 73 1464 213 1134 1374 1291 680 1436 647 435 1296 494 701 564 173 1433 88 1215 915 381 603 1293 386 1491 141 1138 211 26 585 643 
5 55 26 1105 151 530 
6 1458 26 122 949 1164 604 
6 91 51 26 229 39 308 
11 1445 1135 234 132 226 27 1319 194 864 845 502 
15 781 1437 644 687 756 819 1043 605 710 210 686 732 1209 426 27 
5 27 854 677 466 589 
8 1309 308 72 1275 1226 27 108 447 
4 641 1178 27 495 
38 132 201 323 843 1495 1374 1058 1170 27 72 191 350 1091 121 232 1435 664 1442 151 1447 382 235 882 1406 107 721 104 51 741 321 1473 604 99 620 1011 76 940 730 
10 767 1299 1289 27 322 51 173 309 308 683 
6 27 61 788 133 965 270 
7 563 1497 1406 28 390 1452 455 
4 28 92 76 974 
6 742 28 1010 1233 974 899 
3 28 745 1215 
57 620 641 173 1488 956 207 476 149 51 208 1446 143 808 598 1101 771 362 991 28 705 150 1500 688 253 652 630 466 1471 63 1075 638 92 1439 176 1016 1259 489 975 1150 957 543 717 479 872 1440 378 757 1200 683 385 165 1099 806 259 580 977 1049 
9 28 555 1152 143 1478 1492 90 620 618 
5 110 804 710 1404 28 
4 28 1408 627 1453 
13 120 804 932 693 66 585 566 788 459 978 308 28 837 
6 551 28 466 974 1178 1063 
5 1038 723 636 72 28 
11 28 1043 708 110 330 359 39 574 238 599 1441 
8 690 261 635 916 864 380 28 767 
6 198 72 294 638 28 710 
10 336 453 78 105 28 620 1243 1039 676 468 
6 249 28 908 97 684 173 
4 28 389 60 1132 
4 1432 448 907 28 
4 1048 974 725 28 
3 793 374 28 
12 164 788 28 44 91 475 749 591 746 1432 1181 1377 
6 28 150 1447 362 1497 710 
6 249 601 522 656 173 28 
3 500 28 825 
5 837 309 110 28 1374 
5 823 878 732 58 28 
2 28 227 
23 362 338 740 1406 745 28 344 863 308 1462 1177 714 173 1489 443 132 1182 595 1103 1474 110 932 407 
15 88 405 854 900 72 249 51 28 321 397 837 380 1427 1210 1185 
6 376 992 106 28 73 857 
6 28 1447 72 352 952 236 
4 28 496 350 1083 
4 28 582 1143 902 
4 912 1406 28 1439 
4 1018 28 72 729 
8 924 694 664 1067 29 1010 572 876 
7 1031 1123 695 29 940 362 598 
35 1404 905 588 354 1446 238 1098 1407 29 781 1427 71 924 1166 1087 824 1438 1067 745 1459 80 282 808 718 847 923 828 863 51 234 390 843 1260 252 675 
2 132 29 
4 180 51 29 1182 
3 29 357 153 
10 653 1338 29 1435 690 923 1439 899 60 207 
6 1459 29 612 61 132 880 
8 323 76 321 797 1306 30 922 837 
5 1338 208 165 30 1008 
6 1241 30 1407 1008 1167 792 
2 30 109 
7 72 207 30 426 732 837 1215 
9 52 1064 173 31 111 1466 207 353 110 
6 51 1439 376 607 31 121 
6 51 895 1319 227 31 327 
5 1435 31 1257 108 500 
7 1407 31 1277 522 430 625 1357 
2 72 31 
15 76 31 42 530 72 1158 51 283 794 512 1103 75 828 635 308 
3 1018 327 31 
4 31 1098 1119 321 
5 31 308 79 829 1442 
11 1215 872 31 182 399 343 191 380 696 112 309 
1 31 
7 620 121 50 884 31 1484 1258 
5 31 541 389 360 51 
11 1388 1442 72 207 404 327 522 733 926 61 31 
5 837 31 827 294 629 
35 207 31 61 501 674 72 1225 1005 121 308 584 51 321 466 132 1063 1436 73 676 1052 338 812 1134 665 1027 1248 76 379 949 555 781 792 722 1402 68 
4 31 543 1164 1097 
4 664 322 1482 31 
7 1108 1000 732 51 31 1482 72 
6 1050 912 1077 1432 1215 31 
3 88 31 652 
2 1434 31 
3 227 121 31 
38 88 681 905 31 1389 1393 1174 308 1224 572 1028 42 72 74 1293 321 1281 377 902 1002 951 1411 51 1446 485 504 1472 1344 960 1218 804 1094 1431 173 1463 858 1481 63 
9 1406 31 492 1433 266 1434 500 427 1053 
4 31 226 729 1063 
5 31 1208 121 742 317 
6 695 207 835 1450 31 332 
2 710 31 
8 63 1255 31 1121 1024 1092 1186 825 
4 308 443 31 322 
4 842 110 31 324 
4 31 1104 308 51 
5 1438 31 61 192 797 
4 592 31 308 354 
11 1404 1433 1081 860 1445 39 1473 1008 1477 1491 31 
7 229 286 774 31 487 121 1142 
6 410 1135 1225 1307 503 31 
4 689 1435 121 31 
5 1200 32 940 757 551 
7 587 787 235 1164 905 123 32 
7 680 1407 124 1281 1375 32 324 
4 51 924 1075 32 
6 456 786 72 486 51 32 
4 1486 1482 32 92 
15 39 308 32 1443 695 1120 732 231 1486 1034 1302 76 92 121 635 
5 850 1376 33 505 375 
4 33 1092 308 115 
4 312 41 33 501 
4 39 916 121 33 
9 1346 530 1435 135 33 841 650 1210 802 
6 185 1409 828 33 990 788 
6 227 120 505 1475 33 1454 
11 33 761 872 379 1304 308 1043 1010 1041 832 51 
7 1370 425 279 33 207 372 393 
2 33 182 
13 380 92 967 703 837 916 606 266 1406 889 72 872 33 
6 1172 236 965 1445 915 33 
39 1432 88 209 1176 123 573 132 620 555 207 680 732 48 372 219 934 558 128 72 1010 55 1186 504 198 355 183 138 817 432 1433 1236 772 92 73 1008 949 194 1473 33 
8 132 36 753 33 521 1409 815 38 
4 33 132 367 732 
19 1244 594 322 33 68 1091 121 1281 522 488 1217 543 54 1450 351 1229 1257 1389 946 
4 1439 397 1238 33 
9 218 268 71 1467 958 1146 833 868 34 
5 110 1159 34 742 749 
7 1432 79 34 72 51 1236 1037 
24 788 1096 88 1406 132 1314 43 426 441 34 274 92 201 601 1208 906 1057 1199 72 121 135 749 436 322 
17 380 898 278 1204 405 55 905 48 812 1343 543 34 244 932 1442 101 710 
6 111 232 1419 136 1450 34 
3 34 1406 372 
7 1446 390 551 34 1012 1385 59 
6 377 76 1453 51 455 35 
5 35 1397 121 670 555 
4 35 72 843 466 
26 1438 1063 1471 209 658 841 375 1432 837 521 758 1097 35 110 749 667 567 527 1434 1188 1320 1390 76 526 1109 1435 
16 1404 1236 84 514 837 555 35 835 740 1447 317 1345 891 485 355 667 
6 487 1183 1411 1182 92 35 
4 1104 862 35 1017 
3 35 650 72 
2 1181 35 
2 106 35 
2 669 35 
3 35 1056 1432 
7 916 827 439 308 808 435 35 
4 682 35 729 1238 
5 1371 907 622 35 1264 
5 1300 35 1314 110 1247 
9 233 602 72 1435 1063 437 1264 1083 35 
6 61 1070 198 35 1224 757 
3 35 1447 783 
4 1159 35 433 625 
30 375 1323 1275 700 92 308 1444 1194 1426 88 607 209 35 1092 1371 400 836 517 46 207 1166 1174 1432 1493 223 797 427 333 433 888 
5 1190 1043 35 625 487 
4 121 1453 35 71 
3 35 72 724 
6 235 173 121 1483 35 352 
4 152 362 1257 35 
2 910 35 
2 82 35 
3 36 1255 321 
21 208 790 1435 201 667 486 864 1108 151 72 1164 1011 1384 36 907 78 1471 44 239 396 293 
9 1451 1063 757 36 1064 245 257 383 466 
5 390 872 706 1144 36 
3 830 538 36 
17 788 975 481 664 199 132 281 36 78 1099 680 362 1438 1458 331 150 117 
8 39 1094 1406 1123 680 322 1435 36 
7 1387 178 1264 36 682 45 788 
6 521 804 36 543 202 601 
8 158 36 804 1164 1036 1448 51 207 
4 327 912 36 1432 
3 1407 375 36 
6 872 36 387 1404 974 1364 
2 121 36 
4 1008 510 976 36 
3 133 1230 36 
4 115 61 36 72 
3 906 799 36 
5 92 36 1008 1340 612 
7 36 905 1010 1103 375 1024 110 
1 36 
9 1420 1355 207 121 530 1335 36 101 1433 
2 685 36 
7 433 142 1488 36 169 486 219 
4 635 36 1040 466 
5 36 745 1044 605 1446 
48 169 153 802 61 705 1393 650 72 1077 616 530 1224 521 1022 36 567 282 1275 640 1217 94 801 960 1087 534 708 90 1360 818 1192 227 47 436 809 526 58 1482 95 173 1010 551 1338 1466 179 389 470 1498 1162 
8 953 1202 36 804 677 72 1132 619 
6 962 288 204 233 36 1329 
5 788 36 1493 1160 804 
4 61 808 39 36 
4 61 36 1100 51 
1 36 
3 684 552 36 
5 36 686 51 1403 535 
5 1404 317 36 683 375 
3 72 124 36 
5 169 599 1049 336 37 
6 37 460 287 377 686 1027 
6 1350 37 588 1165 1449 173 
2 37 732 
4 601 1100 337 37 
4 900 382 37 246 
20 51 1439 377 682 37 1261 779 375 725 1434 588 618 712 196 308 1404 513 804 670 72 
9 37 121 1264 236 1045 72 650 829 384 
7 136 37 641 154 109 55 207 
6 37 46 1065 61 390 108 
5 37 61 308 328 1470 
3 37 650 279 
3 711 37 629 
3 37 560 296 
3 140 729 37 
15 522 1272 608 281 37 51 376 1407 1238 867 92 788 1026 1432 538 
5 587 322 415 37 745 
8 607 1384 121 72 1459 872 37 776 
6 1281 121 151 694 37 554 
6 1476 1215 37 51 434 694 
3 864 37 377 
2 1438 37 
3 308 1044 37 
41 92 763 373 884 37 165 591 1084 404 780 966 1289 676 568 227 1455 55 1108 214 690 1328 322 1094 133 308 1385 107 248 1232 907 748 110 681 609 1486 388 845 962 732 1104 844 
4 1213 68 37 717 
25 61 757 835 132 55 37 679 417 967 802 907 974 601 1148 1077 1101 788 1151 1373 375 1475 902 227 438 207 
7 949 797 386 169 37 1027 587 
8 37 749 919 1435 775 745 1491 1442 
6 1015 467 37 682 758 1439 
3 1343 1192 37 
4 1013 1225 37 72 
17 1181 1465 752 804 582 467 428 1208 516 37 51 207 238 1362 308 1467 1275 
7 37 694 926 680 574 1435 788 
5 37 379 855 153 834 
5 136 101 1062 377 37 
3 39 435 37 
4 37 694 1452 1433 
12 1238 37 1072 1220 522 76 1432 248 974 308 207 1065 
6 710 732 1450 1269 1408 37 
6 680 967 378 536 37 878 
6 61 37 530 308 79 402 
3 1000 37 362 
5 1011 1134 38 986 864 
4 1442 38 362 872 
4 694 38 272 1335 
5 695 1193 1454 38 321 
4 38 336 88 836 
4 1128 231 1201 38 
5 92 1399 308 121 38 
5 1495 1125 894 80 38 
3 1111 38 606 
20 39 788 88 132 1439 477 264 664 687 1441 957 448 1140 1406 395 398 38 1172 83 1122 
4 1440 38 550 914 
4 296 1094 38 810 
7 72 38 814 1444 1443 1482 680 
5 322 39 38 972 1082 
8 535 902 757 207 524 121 38 1288 
2 38 277 
36 51 1257 1258 902 811 941 481 261 321 711 174 72 280 793 1424 535 640 597 308 695 83 1491 39 1339 1142 747 1392 185 207 1470 589 251 1421 1334 334 650 
14 39 167 1394 72 1083 973 173 1404 685 121 1437 516 164 1007 
8 1215 1224 1485 39 620 992 110 1237 
3 655 39 1433 
6 1459 1355 39 491 153 1434 
9 173 818 539 391 1134 39 788 1335 676 
6 169 166 61 39 985 804 
5 39 868 1180 1340 636 
11 732 642 490 788 39 1348 79 1063 694 620 1435 
12 620 110 88 1323 588 506 328 864 500 1055 39 777 
14 374 873 650 641 671 51 754 1441 1233 1434 39 308 749 369 
9 61 373 72 1479 176 1443 231 39 620 
7 667 1257 1186 1052 173 39 781 
10 451 676 1462 39 931 1335 338 1225 1437 217 
4 39 1404 1340 915 
7 373 1451 797 395 244 1063 39 
4 1314 636 1151 39 
2 39 1240 
2 555 39 
3 39 767 1019 
57 1433 39 1051 809 1390 72 164 438 1481 621 155 646 1301 1357 1273 680 625 124 864 535 923 455 143 170 137 775 936 1358 1412 173 75 667 1385 1236 950 198 106 145 391 874 1204 294 617 121 353 176 650 88 108 78 323 1217 1058 76 1437 150 1209 
24 466 379 359 514 72 189 283 39 91 689 535 51 748 308 173 1464 848 471 950 1188 1430 788 551 712 
25 301 587 235 1167 530 468 412 72 214 1280 79 39 51 1022 323 1490 1296 474 49 92 437 1175 115 1420 994 
14 39 763 1181 696 394 1464 397 227 680 1377 742 1142 72 382 
14 39 51 1148 427 1157 1287 702 132 835 837 552 1437 788 305 
12 233 620 1268 1498 39 121 1437 1474 82 745 61 1350 
7 39 121 1445 207 466 201 1346 
5 619 937 39 1203 72 
6 1462 291 1432 39 1085 121 
5 460 121 758 39 1022 
4 1113 39 55 401 
4 523 1332 39 536 
7 51 1195 39 804 603 1456 891 
4 1335 151 321 39 
5 1010 868 586 39 974 
6 39 324 121 67 660 1125 
3 144 88 39 
4 1312 39 432 451 
6 143 884 732 39 199 534 
22 1457 604 1147 146 459 1434 1432 375 336 1040 39 1312 1160 423 680 232 1373 72 522 51 745 1251 
13 936 295 1438 1351 1044 39 383 831 242 592 1211 735 278 
4 1474 39 1008 694 
6 1350 469 322 1071 39 72 
2 39 555 
6 1241 191 39 974 521 837 
6 683 618 1430 39 308 55 
5 92 463 563 39 121 
2 712 39 
6 910 797 757 39 1449 166 
10 940 310 1269 878 896 308 39 51 753 61 
5 234 150 39 110 136 
22 1008 1385 1038 207 468 308 570 872 79 1104 1183 192 338 618 1216 1156 39 536 227 1229 466 954 
13 502 1225 757 606 1105 732 1483 207 619 373 470 39 327 
9 674 39 490 312 732 1481 1446 503 915 
9 39 1142 923 110 1442 727 376 865 1143 
9 1473 837 115 319 1225 232 548 39 856 
7 376 1462 804 201 953 39 1406 
5 39 979 530 767 989 
6 1488 108 39 1264 804 1010 
4 1224 592 39 207 
28 39 1482 571 169 1446 61 854 1174 308 1325 781 1200 524 51 967 76 1404 827 1453 677 1126 494 620 143 1144 726 378 665 
14 79 39 151 881 207 1094 55 308 433 72 1008 1463 1239 926 
18 789 308 1172 766 72 1468 1420 663 584 1426 1095 68 1357 39 524 598 685 149 
8 1292 110 165 39 164 1132 641 580 
5 39 359 255 433 1172 
9 949 39 375 786 719 621 867 1369 1008 
4 1181 39 72 923 
3 393 39 1403 
6 746 773 59 207 39 1035 
5 1452 95 717 39 76 
3 39 121 1073 
4 39 302 521 710 
6 132 39 245 710 684 204 
6 51 39 1483 401 429 1148 
4 251 39 207 76 
4 620 39 210 192 
4 438 601 39 856 
4 894 454 39 763 
6 380 436 39 635 878 88 
3 1036 176 39 
4 148 954 836 39 
6 1275 308 39 783 1451 1484 
20 191 383 133 1486 1130 1242 305 1078 1153 680 51 1215 39 486 473 1257 121 215 1034 263 
6 39 191 1103 1142 753 49 
6 255 697 143 39 336 132 
6 609 39 51 1438 1032 1386 
4 278 39 308 198 
10 121 1377 40 1250 634 665 487 530 472 1125 
9 766 51 351 40 1272 1359 710 78 676 
7 1106 975 816 1445 603 40 110 
8 51 1378 1236 391 132 40 1138 650 
10 207 40 1027 374 788 1282 749 732 864 1048 
4 792 886 40 50 
4 40 1432 1172 466 
2 1473 40 
5 528 788 92 1133 40 
2 1148 40 
6 40 1225 61 1036 1257 48 
9 1432 51 321 243 1437 135 1181 132 41 
15 530 1341 787 463 543 694 41 1066 1097 105 104 237 885 1043 1126 
8 1385 41 1097 313 1439 832 1483 467 
8 1471 951 335 1103 41 617 1264 280 
2 767 41 
5 346 912 763 358 41 
8 41 759 680 56 175 121 1082 72 
21 620 1010 1470 377 183 442 41 426 1155 307 173 1116 688 1139 1379 226 321 1067 626 1262 749 
7 51 1442 41 373 322 545 319 
8 76 42 51 757 261 610 804 231 
19 169 1428 496 51 1010 1059 676 121 379 208 436 61 729 504 641 458 1266 42 788 
6 1281 42 805 316 1462 1483 
3 42 1125 467 
4 42 1181 169 704 
4 732 1148 42 76 
5 682 592 42 1094 736 
7 373 1432 1194 1067 43 191 51 
8 43 246 854 377 1277 80 1496 620 
6 913 939 1275 374 51 43 
5 1082 43 977 482 205 
4 567 43 1194 1213 
4 308 72 43 974 
2 43 1452 
31 695 713 353 387 121 1427 324 604 1481 596 50 1259 957 409 72 339 865 228 1386 241 195 739 583 790 484 949 1208 43 469 551 889 
3 243 987 43 
8 837 43 169 1354 132 747 51 940 
5 1065 845 1182 43 1429 
8 43 1404 132 169 146 591 674 211 
6 322 1490 43 1377 485 117 
7 797 1410 43 1319 1181 1178 72 
1 43 
30 49 208 1224 781 1339 506 1107 157 273 55 229 502 72 472 694 169 530 43 1036 1136 496 51 569 322 1105 906 478 414 654 73 
3 650 43 1250 
7 43 940 872 1103 1307 531 72 
6 1065 1408 43 1190 236 303 
10 907 620 1377 1465 1406 477 43 55 206 503 
7 827 452 43 445 788 384 1433 
8 51 809 1233 796 43 1170 208 729 
4 666 522 43 1455 
3 43 1050 1446 
22 1406 820 173 1141 172 228 43 1281 1446 51 1066 1109 72 1461 1016 1492 1154 207 507 928 1170 1443 
16 227 1404 827 43 1167 207 336 1452 1267 925 759 51 232 485 839 92 
13 173 1094 466 256 1354 376 43 1484 348 569 925 1297 72 
3 1451 43 707 
4 43 788 828 684 
20 322 1434 108 501 1188 134 121 1264 603 1389 402 1252 72 878 375 907 43 1340 1055 1441 
2 1446 43 
10 278 656 1186 1064 467 549 923 44 1219 121 
6 788 44 308 1208 1267 361 
5 44 239 941 1175 729 
2 749 44 
4 974 1375 44 1014 
2 44 1030 
13 322 173 442 207 379 377 44 470 774 1161 940 51 1157 
6 1075 411 215 44 1212 1438 
2 44 418 
4 44 1314 1453 711 
5 432 1434 44 558 92 
3 915 1484 44 
19 243 145 804 50 1332 1264 44 888 1103 394 377 1449 552 1372 96 749 213 1394 73 
3 486 1032 44 
5 975 72 454 44 304 
3 1070 110 44 
5 1456 916 625 44 1063 
2 1354 44 
3 44 51 1319 
2 44 1208 
25 1164 614 466 55 229 44 1389 758 1383 915 109 1016 489 175 788 374 531 732 1207 433 668 280 640 1189 875 
5 1377 469 793 1063 44 
6 828 899 308 500 44 1427 
5 51 1083 44 485 1460 
6 658 1195 213 44 1295 120 
4 1161 1009 1377 44 
2 195 44 
26 173 1469 847 583 92 313 308 1448 1125 44 132 1459 1045 868 732 729 385 858 803 680 319 1432 788 344 1004 650 
6 359 44 51 1094 1338 1282 
10 910 207 1371 479 44 1063 974 554 1279 1404 
4 44 354 173 872 
6 207 1452 44 321 1357 1188 
6 763 546 44 136 1022 375 
5 47 66 309 308 44 
4 1384 45 1290 1497 
3 45 641 72 
15 1442 1045 1102 114 1434 1246 88 278 1172 443 45 872 974 91 937 
37 308 1098 732 79 75 864 1140 1407 1454 1467 1479 439 1398 1363 886 300 1433 164 1095 522 435 120 1056 1284 557 148 45 1348 1442 72 694 379 359 500 346 442 1015 
3 795 51 45 
3 725 505 45 
2 45 1468 
4 45 1453 1094 910 
7 788 1432 963 1343 1437 136 45 
10 435 1483 308 610 46 502 72 114 153 1359 
6 522 46 55 378 1008 121 
9 108 1053 55 1432 802 61 1178 1422 46 
3 699 324 46 
6 1260 1445 381 46 173 1404 
14 907 317 178 1319 1063 1238 1258 742 1133 914 924 239 448 46 
6 1456 1045 115 121 51 46 
11 1000 178 526 911 136 933 1438 47 1236 1022 207 
7 47 1404 1285 1314 1104 378 231 
8 47 51 92 1341 1494 72 1060 640 
8 635 121 845 557 406 47 1087 207 
7 72 732 1125 47 1362 448 322 
5 676 814 1445 47 308 
5 210 359 61 910 47 
8 694 93 51 88 127 716 47 478 
5 47 658 325 1432 1224 
6 441 935 72 640 210 47 
4 523 47 625 864 
4 657 47 366 516 
5 466 1173 47 412 1130 
4 47 1474 1082 536 
6 48 47 387 77 1186 665 
1 47 
4 539 47 306 1434 
5 501 948 51 878 47 
5 1404 208 121 47 322 
22 55 541 945 749 910 552 88 1125 680 47 1055 542 851 92 375 1334 97 1438 471 1043 1140 370 
11 551 595 1395 121 120 1043 860 382 1236 47 92 
7 111 47 1164 804 1404 677 321 
7 47 1397 1439 1436 837 445 1235 
5 443 207 991 1340 47 
4 47 1148 198 72 
4 47 145 322 60 
28 207 1451 51 103 587 1327 375 63 1101 732 1200 110 92 1459 955 936 1144 79 47 1186 603 758 992 60 689 934 518 620 
8 610 788 502 1386 755 47 437 72 
4 1428 1151 47 1439 
9 1340 213 143 113 1182 72 1189 631 47 
5 1068 51 47 424 169 
6 47 786 732 1092 1023 566 
5 399 1323 100 704 47 
3 374 230 47 
5 51 47 554 1000 1131 
4 1063 443 105 47 
4 328 338 57 47 
12 1016 324 1124 795 234 76 47 468 940 974 60 1159 
4 47 620 136 51 
6 1443 1158 47 92 852 176 
6 348 491 47 201 1451 114 
3 1459 1217 47 
7 1065 183 1347 466 47 1381 1432 
36 872 1181 367 473 1437 710 910 704 55 120 348 890 545 1384 655 754 202 51 467 230 1466 390 1499 1003 72 434 734 495 1435 696 88 47 191 1436 506 1152 
9 68 536 1216 1134 71 72 47 764 308 
3 607 151 47 
4 620 47 758 1225 
3 110 47 1239 
5 745 753 438 47 171 
3 47 308 1067 
4 1041 132 47 108 
3 1008 798 47 
6 1470 47 339 1400 710 1222 
5 1347 47 788 65 685 
14 232 1319 505 1106 48 123 732 51 522 773 136 216 76 620 
12 88 872 788 568 1488 647 677 48 339 70 72 1437 
4 76 48 1305 232 
7 620 1212 1450 72 48 208 506 
5 788 1065 779 506 48 
4 1183 682 535 48 
6 245 1444 467 1390 48 308 
3 72 798 48 
6 48 734 541 935 1433 476 
5 1432 51 48 1349 1063 
7 894 667 48 573 55 187 658 
3 676 1442 48 
4 48 61 121 902 
4 437 48 1478 1294 
4 843 48 1384 1433 
3 886 48 1174 
2 443 48 
2 795 48 
12 1359 313 749 433 650 252 599 555 48 620 51 328 
4 235 88 48 299 
7 48 1080 109 1445 230 1366 1082 
4 1450 92 48 173 
19 375 186 1239 292 1434 915 1437 48 1500 613 597 935 75 676 73 308 1059 664 1197 
3 48 325 312 
1 48 
1 48 
2 48 111 
19 1404 1440 1459 51 1292 72 1236 350 48 792 243 655 1475 732 469 850 1206 61 1170 
6 289 191 923 680 48 198 
5 209 48 382 340 61 
4 76 48 358 1328 
12 1449 337 1457 48 718 1052 1461 328 940 1270 243 184 
5 742 208 48 530 1457 
7 683 454 1377 1356 201 48 1103 
1 48 
5 1264 535 279 48 207 
7 48 328 1322 732 1008 1450 673 
4 48 132 160 976 
2 302 48 
5 48 72 757 745 154 
5 280 1074 1200 49 66 
4 178 530 49 110 
7 1440 523 1043 1257 49 61 742 
24 1404 542 1446 454 1048 208 771 49 763 1076 132 1056 1452 724 788 674 969 557 1029 430 1476 207 64 51 
8 1438 366 49 1432 1340 208 72 609 
3 109 50 68 
12 50 844 664 684 974 841 308 1439 1216 650 421 556 
9 50 1406 441 1043 55 228 108 1439 1172 
15 749 1057 75 635 72 1267 121 1336 1186 1261 1050 50 406 76 966 
10 50 1461 1437 207 1240 108 691 208 1142 749 
5 121 50 674 308 329 
7 1434 916 1230 1014 732 728 50 
6 663 50 132 620 872 757 
6 924 233 117 732 110 50 
5 524 899 1069 110 50 
8 587 1291 732 91 150 78 50 1280 
5 1225 50 1051 88 279 
6 1301 668 76 50 555 176 
9 587 1068 92 530 228 1085 987 303 50 
3 50 541 1083 
4 50 207 565 1453 
8 620 1493 108 173 281 519 72 50 
6 1419 1183 374 1205 1166 50 
3 1047 50 969 
6 522 334 1325 521 608 50 
7 1219 122 1105 50 1063 852 657 
5 391 1063 50 515 325 
8 530 317 1231 308 224 50 1310 1131 
5 353 974 689 1406 50 
2 50 763 
6 1242 609 374 50 685 1016 
5 1225 50 68 153 1406 
4 763 50 960 51 
4 50 278 606 272 
4 132 1312 50 426 
2 50 690 
3 608 50 1439 
2 50 1108 
6 50 770 731 228 903 397 
8 50 244 940 934 1217 376 71 749 
6 50 181 72 1465 627 1200 
7 321 1082 1010 641 50 196 1376 
6 682 50 824 88 788 797 
6 890 650 468 220 1192 50 
5 1432 726 50 1373 895 
20 72 820 1130 1325 173 51 329 620 487 208 635 1209 1169 376 50 1176 570 1066 287 1213 
3 114 50 1133 
3 698 50 1148 
6 362 620 50 646 375 388 
7 411 1280 121 349 50 187 92 
4 1438 51 376 50 
4 1474 1464 50 1208 
16 362 1002 949 50 566 346 122 1222 1306 1439 1281 51 323 246 400 125 
10 164 1008 1479 1143 1391 1094 1063 50 919 1449 
11 1164 51 652 587 72 1128 178 1265 1432 50 78 
12 1432 955 1392 76 676 773 164 1437 50 73 711 712 
5 72 50 862 1449 466 
8 710 1208 50 872 1186 173 1442 910 
8 1063 1398 50 1298 587 344 923 72 
5 50 1385 562 620 694 
7 50 1387 311 1043 689 110 132 
7 50 170 974 353 872 620 94 
4 1200 1044 50 121 
6 50 67 618 308 1258 341 
5 391 376 488 72 50 
9 76 261 50 921 121 51 1260 535 1409 
8 635 1390 50 88 732 173 1225 536 
6 51 663 50 1444 712 1033 
5 169 72 317 50 1290 
3 482 88 50 
5 640 524 50 864 350 
4 466 1110 50 982 
56 991 454 192 1057 960 201 1182 745 78 1493 291 72 837 1480 1256 466 788 530 535 108 1335 1319 884 1044 608 1239 1489 1217 539 747 731 1440 151 50 763 153 758 806 698 149 1435 1479 1259 1491 51 75 1103 1471 924 683 286 983 398 1168 1235 287 
3 1433 50 72 
32 92 1181 1339 905 918 1433 500 954 239 1099 599 1360 784 833 467 827 1036 311 375 50 308 1499 88 466 915 873 1176 800 318 1363 530 797 
24 1465 890 845 1410 1445 92 501 695 1225 837 1447 1450 1000 959 1413 1446 88 50 321 72 337 310 166 852 
14 1446 732 189 676 50 1468 236 1023 779 132 781 1175 807 147 
10 321 1438 704 908 900 728 1397 466 50 308 
8 132 61 1407 50 520 51 1170 72 
5 382 50 362 872 925 
4 1063 50 72 501 
2 1407 50 
2 50 362 
5 552 504 620 50 1491 
2 439 50 
9 50 394 454 621 467 322 1435 67 593 
5 1435 99 705 88 50 
7 321 1354 917 749 51 72 50 
8 1065 169 969 50 348 737 1105 321 
5 50 1443 1440 748 1043 
3 190 1233 50 
4 308 359 552 50 
3 158 1043 50 
3 50 107 1459 
4 1105 716 940 50 
11 1164 828 659 1434 837 323 1210 50 173 375 136 
10 136 308 210 459 1266 1151 268 387 50 92 
7 1497 524 73 50 1167 694 51 
6 51 1064 121 1088 50 740 
4 50 872 625 349 
76 110 907 1451 1022 781 235 1386 154 1483 339 770 595 1280 51 1215 923 120 309 1233 677 1071 1246 1136 515 817 1376 735 620 1433 353 433 940 551 606 820 209 1387 1336 774 736 314 72 79 705 485 233 100 1157 772 958 466 1442 601 1082 435 1000 1141 658 244 1301 743 788 732 1230 330 667 868 664 374 173 155 914 456 190 931 371 
41 72 620 884 387 456 332 318 1021 110 1432 121 749 228 742 232 84 142 173 907 1046 51 1406 92 350 873 969 111 1177 1300 1405 269 1306 52 79 1225 68 664 1449 788 1063 574 
32 207 51 620 923 440 1444 873 1047 72 55 359 1186 1082 1314 1053 136 324 688 216 466 991 1224 1254 308 376 870 121 1427 1198 173 388 1343 
39 620 1404 841 158 132 923 1051 373 954 1418 672 261 51 1281 899 1017 936 290 851 419 709 377 207 949 1012 308 1460 133 527 887 561 72 797 1417 636 785 227 676 670 
15 92 676 504 121 110 137 51 1459 1281 610 864 378 1260 788 450 
35 1067 71 1068 207 61 51 793 640 308 1281 194 1141 567 213 1487 1063 72 779 749 373 1314 1458 589 107 312 1044 140 1230 382 1470 1293 1387 106 1341 1056 
34 749 110 729 1238 1083 786 321 88 109 642 709 882 1257 664 923 381 1464 766 1336 1409 1195 1382 1006 51 301 551 953 837 308 466 767 136 1128 171 
36 620 804 1384 1449 1461 234 1480 198 841 330 911 86 173 1338 1339 162 833 51 1143 788 1445 1013 1368 681 607 1266 179 110 1036 1487 1260 849 729 350 433 991 
19 680 1334 51 749 710 763 373 804 1421 1319 626 740 99 92 513 1037 1404 322 232 
11 72 1482 1186 640 1053 811 788 121 1452 1036 51 
28 749 1224 354 580 797 1097 1303 169 445 88 1012 498 51 1225 763 223 916 862 89 857 61 521 1462 390 1389 1149 1028 1432 
19 51 1451 438 72 1181 279 1039 788 207 1445 482 894 1054 64 385 1277 1421 732 534 
18 51 635 630 253 55 362 1434 207 521 466 68 523 1298 1039 1399 458 76 940 
22 88 336 792 1243 906 132 51 316 1132 1439 1312 79 337 884 1069 544 169 1443 1407 705 1480 1235 
26 804 1187 72 1096 215 508 415 872 919 973 1103 1408 571 416 51 1335 620 485 586 1181 205 356 1407 242 1180 837 
13 229 797 1407 344 773 938 612 51 620 924 683 830 821 
11 1215 957 88 745 620 51 308 1457 670 156 650 
21 1439 612 403 308 1323 1200 1492 767 252 72 1388 987 362 250 51 732 606 1433 1385 209 1091 
19 917 201 910 629 1497 472 1313 1295 51 376 563 1023 876 459 576 1328 279 1407 417 
16 1443 380 51 62 278 1467 178 950 1058 1184 1264 1432 660 1278 1124 308 
15 788 800 1219 51 65 1441 72 140 1112 1021 1163 374 757 1182 1335 
14 92 228 1103 606 285 1352 676 920 51 942 807 620 1229 1197 
11 767 715 1030 264 378 207 901 278 781 51 1225 
12 121 572 63 1179 468 51 682 380 110 88 1008 336 
14 207 1075 763 1204 1237 353 630 132 620 51 680 230 216 735 
11 51 1324 321 92 201 1448 308 1323 1480 748 1082 
9 321 620 437 1437 551 308 953 790 51 
16 551 1047 1436 1002 553 509 721 1425 1215 51 278 842 1279 837 1264 1319 
10 604 1211 611 349 555 51 207 322 1435 366 
12 310 51 1439 607 305 376 487 1323 1181 325 1341 412 
17 1442 61 122 686 51 316 194 827 1056 323 753 1464 437 62 1099 1071 1152 
6 1104 711 531 51 872 729 
10 788 1066 1064 150 1383 51 1462 589 173 1438 
11 51 121 154 1490 1176 1372 372 1407 1016 198 750 
11 72 79 298 51 848 468 485 704 974 241 1281 
9 1225 912 72 92 51 1016 1451 169 561 
12 1408 766 1228 455 566 327 323 500 617 136 51 1105 
12 376 233 337 324 121 95 363 208 1215 581 51 174 
12 230 698 703 72 207 1290 51 995 1148 1043 504 1437 
13 923 346 388 1144 51 375 1404 757 949 92 405 804 339 
8 656 194 649 120 233 51 872 322 
8 884 1137 907 797 51 322 1098 581 
11 1084 1251 635 620 1068 286 1383 51 347 355 827 
12 308 1319 635 657 742 88 438 1010 695 51 901 298 
9 142 93 207 248 434 1335 51 1004 749 
5 670 51 884 207 380 
7 78 51 704 805 378 72 1305 
8 51 1385 362 515 1225 78 1054 1404 
6 1445 1404 51 170 1439 1457 
8 872 1096 1164 51 440 425 551 1063 
15 228 893 866 321 1039 776 1103 608 867 273 974 1441 233 51 606 
12 51 1432 1095 308 108 323 1231 1116 1152 72 1143 944 
8 159 860 1183 1124 136 51 1199 466 
10 301 240 551 538 209 72 51 105 92 1045 
10 745 1495 742 894 1490 1008 398 893 51 1125 
7 61 110 357 1437 51 78 1439 
11 971 804 554 660 1101 517 1293 362 51 215 680 
7 827 1404 767 521 51 753 65 
9 51 780 1486 1065 1465 610 1169 737 242 
10 51 788 504 1415 1404 884 1043 1012 124 109 
7 1449 308 51 805 388 1181 207 
8 485 977 940 694 1404 63 1353 51 
6 522 51 173 1240 547 61 
6 51 706 1486 797 1034 133 
5 51 1158 173 337 704 
11 51 458 1450 379 800 271 603 1222 1429 821 590 
3 974 51 1068 
5 1281 626 51 207 1406 
7 804 51 1314 57 384 213 611 
