4 2 3 4 5 
23 6 7 8 9 10 3 11 12 13 14 1 15 16 17 18 19 20 21 22 23 24 25 26 
63 27 28 29 30 31 32 33 34 35 36 37 38 39 40 13 41 1 42 43 44 45 46 47 48 49 50 17 51 52 53 54 55 56 22 4 57 58 59 60 61 62 63 64 65 66 67 68 69 70 71 72 73 74 2 75 76 77 78 79 80 81 26 82 
60 83 3 84 85 86 87 88 89 90 91 29 30 92 32 93 33 36 37 38 94 39 40 95 13 41 96 97 1 43 44 98 48 99 50 100 101 56 22 102 57 60 103 63 64 66 104 68 72 74 105 76 106 79 107 80 108 109 110 111 112 
4 34 37 1 63 
1 2 
13 113 114 115 116 117 118 119 120 121 122 123 2 124 
6 125 11 126 127 2 26 
14 128 129 130 131 132 133 134 135 136 137 123 2 138 139 
5 140 141 121 103 2 
93 142 143 144 145 146 126 147 148 149 150 151 152 153 154 155 156 157 158 159 160 161 162 163 84 164 165 166 167 168 169 170 171 172 173 174 175 176 177 178 179 180 181 182 183 184 8 185 186 187 188 189 190 191 192 193 194 195 196 197 198 199 200 201 202 203 204 205 206 207 208 209 210 211 212 213 214 215 216 217 218 219 220 221 2 222 223 224 225 26 226 227 228 229 
2 230 2 
6 231 4 2 232 233 3 
6 2 234 235 56 236 81 
4 2 237 25 238 
25 239 240 241 242 243 2 244 245 246 247 248 249 250 251 252 253 254 255 256 257 258 259 260 261 262 
7 263 2 264 265 3 266 267 
3 2 268 62 
3 2 269 270 
70 271 272 273 274 275 276 277 278 279 280 281 282 283 284 2 285 286 287 288 289 290 291 22 292 293 294 295 296 297 298 299 300 301 302 244 303 304 305 306 307 308 309 310 311 312 313 314 315 316 317 318 319 320 321 322 323 324 325 326 327 328 329 330 331 332 333 334 335 336 337 
3 338 2 339 
9 340 3 4 50 2 20 341 342 24 
2 2 343 
11 50 344 64 345 71 346 347 22 2 348 94 
5 2 15 237 349 350 
31 160 11 148 168 351 84 144 161 170 171 352 8 165 153 353 3 180 146 190 186 179 2 191 158 149 192 126 164 194 354 355 
323 356 357 358 359 360 361 362 363 364 365 366 367 368 369 370 371 372 373 374 375 376 377 378 379 380 381 382 383 384 385 386 387 388 389 390 391 392 393 394 395 396 397 398 399 400 401 402 403 404 405 406 407 408 409 410 411 412 413 414 415 416 417 418 419 420 421 422 423 424 425 426 427 428 429 430 431 432 433 434 435 436 437 438 439 440 441 442 443 444 445 446 447 448 449 450 451 452 453 454 455 456 457 458 459 460 461 462 463 464 465 466 467 468 469 470 471 472 473 474 475 476 477 478 479 480 481 482 483 484 485 486 487 488 489 490 491 492 493 494 495 496 497 498 499 500 501 502 503 504 505 506 507 508 509 510 511 512 513 514 3 515 516 517 518 519 520 521 522 523 524 525 526 527 528 529 530 531 532 533 534 535 536 537 538 539 540 541 542 543 544 545 546 547 548 549 550 551 552 553 554 555 556 557 558 559 560 561 562 563 564 565 566 567 568 569 570 571 572 573 574 575 576 577 578 579 580 581 582 583 584 585 586 587 588 589 305 590 591 592 593 594 595 596 597 279 598 599 600 601 602 603 604 605 606 607 608 609 610 611 612 613 614 615 616 617 618 619 620 621 622 623 624 625 626 627 628 629 630 631 632 633 634 635 636 637 638 639 640 641 642 643 644 645 646 647 648 649 650 651 652 653 654 655 656 657 658 659 660 661 662 663 664 665 666 667 668 669 670 671 672 673 674 675 
7 3 676 677 678 679 680 681 
8 4 230 3 71 682 683 684 82 
5 33 3 50 95 4 
3 685 686 3 
2 4 3 
13 4 50 69 3 687 91 30 94 39 95 99 688 74 
5 689 5 3 69 50 
2 3 340 
5 687 4 3 690 90 
9 80 4 691 5 93 41 50 69 3 
7 3 71 4 692 693 39 76 
9 694 33 38 4 76 3 71 684 74 
17 695 696 3 4 49 697 698 699 700 94 99 55 342 701 702 74 82 
5 4 3 50 49 37 
3 71 3 703 
2 3 4 
4 48 704 3 4 
2 3 75 
30 705 706 707 708 709 398 3 710 711 712 713 714 715 716 717 78 718 719 720 721 722 723 724 725 726 727 728 729 730 731 
3 732 51 3 
9 687 733 734 3 4 735 736 737 44 
7 3 738 40 41 53 57 104 
25 3 4 739 740 30 92 33 741 34 742 37 41 97 53 743 22 57 346 63 342 64 69 24 76 80 
13 3 744 745 47 746 747 748 705 749 750 751 701 752 
7 753 754 3 755 110 756 757 
7 49 758 50 759 3 760 761 
7 3 762 60 763 764 765 110 
6 766 40 80 767 3 768 
5 83 3 4 14 71 
8 93 4 50 49 3 758 691 740 
16 769 133 770 771 772 773 774 775 776 777 3 778 779 780 95 74 
2 781 3 
8 3 54 472 756 4 740 782 110 
2 3 783 
5 784 3 18 785 786 
9 5 769 3 739 85 4 50 695 74 
13 106 787 3 71 50 4 742 96 743 788 24 76 109 
3 756 3 782 
6 4 3 90 789 790 688 
6 3 756 791 782 792 110 
7 4 793 794 795 677 796 3 
6 3 50 695 33 34 37 
6 797 733 3 798 799 800 
35 801 3 737 89 29 802 803 741 804 805 806 38 39 96 42 98 682 99 56 807 808 809 346 788 810 64 345 24 76 811 79 236 81 812 813 
7 687 3 690 4 691 814 760 
4 3 815 816 741 
16 769 4 817 39 818 85 40 3 739 819 33 820 821 774 58 63 
3 3 762 45 
19 106 822 71 4 85 823 787 824 3 825 64 826 38 50 827 94 39 682 684 
10 828 829 830 831 83 3 832 833 834 835 
2 3 46 
10 801 4 71 813 703 836 83 3 94 682 
14 4 687 3 242 837 838 50 839 90 93 840 37 55 841 
4 3 14 71 737 
5 40 842 29 843 3 
49 844 845 159 846 847 848 849 850 851 852 853 854 855 856 857 858 859 860 861 862 863 864 865 866 867 868 56 869 4 870 315 871 872 873 874 875 876 877 878 879 880 881 882 77 883 884 885 79 886 
123 887 888 889 890 891 892 893 894 895 896 242 897 898 899 900 901 902 903 904 149 905 906 907 908 909 910 911 912 913 914 915 916 917 918 919 920 921 922 923 924 925 926 927 11 928 929 930 931 932 933 934 935 936 937 938 939 940 941 942 943 944 945 946 947 948 949 950 951 952 953 954 955 956 957 958 959 960 961 962 963 964 965 127 4 966 967 968 969 970 971 315 972 973 974 975 976 977 978 979 980 981 982 983 984 985 986 987 988 989 990 991 992 993 994 148 338 995 996 997 998 999 1000 26 
6 4 823 63 825 74 76 
6 894 769 932 960 4 983 
3 4 102 94 
1 4 
5 71 98 4 687 91 
5 687 66 4 36 80 
4 33 4 98 89 
3 50 4 695 
7 80 4 691 740 37 814 57 
7 76 4 40 33 79 87 24 
6 58 4 33 110 740 30 
4 71 64 318 4 
5 806 50 4 737 809 
5 71 687 4 89 91 
4 40 4 33 71 
3 112 4 735 
2 875 4 
2 4 87 
3 106 10 4 
2 4 49 
6 174 186 177 154 4 352 
5 4 743 103 64 76 
1 4 
4 4 810 820 752 
2 64 4 
8 332 60 4 67 756 54 95 52 
1 4 
3 4 687 100 
1 7 
2 7 122 
4 679 242 845 7 
4 7 207 121 122 
3 128 7 122 
1 7 
2 7 122 
1 7 
3 10 116 7 
7 114 894 7 692 116 119 117 
6 128 9 255 7 230 248 
5 128 692 7 171 881 
7 127 181 186 176 142 8 257 
11 8 154 185 184 195 202 11 962 127 882 26 
13 195 125 154 8 185 783 338 126 84 166 148 908 858 
6 136 9 117 123 159 124 
1 9 
1 9 
1 9 
1 9 
2 9 58 
1 9 
1 9 
2 128 9 
1 9 
1 9 
1 9 
4 10 195 185 875 
1 10 
12 125 204 11 188 162 213 178 315 218 150 147 161 
8 154 195 193 146 169 11 162 181 
3 204 11 26 
6 157 193 153 164 11 162 
9 195 181 143 184 157 11 210 881 26 
6 160 153 142 193 11 183 
17 84 259 899 149 909 911 924 11 945 948 127 972 975 987 997 998 26 
24 893 987 192 148 84 897 902 909 916 924 11 937 945 954 957 961 972 974 982 983 984 988 993 26 
2 142 11 
1 11 
7 155 11 154 243 189 163 257 
7 157 204 11 183 145 147 26 
13 152 922 924 11 126 162 957 127 143 179 159 105 257 
9 185 195 189 152 184 11 243 973 223 
3 11 162 173 
10 146 169 190 11 170 197 162 145 153 187 
7 844 11 858 210 877 878 26 
13 128 766 174 154 185 177 83 11 207 211 948 877 226 
5 11 188 178 147 26 
3 142 11 26 
11 169 157 145 156 142 193 143 154 173 11 209 
4 195 894 152 11 
3 11 145 26 
3 173 11 26 
4 195 766 11 127 
2 11 244 
7 199 190 11 209 196 179 26 
7 193 143 157 11 170 162 187 
6 193 181 169 157 11 26 
3 11 26 124 
7 195 365 175 190 11 181 257 
4 156 11 162 165 
8 176 177 199 908 11 181 159 105 
2 172 11 
3 125 174 11 
6 174 11 182 220 159 105 
5 142 160 204 11 191 
7 154 190 168 193 195 11 26 
2 11 26 
14 143 125 172 174 195 198 146 11 170 216 217 882 223 228 
2 177 11 
4 153 147 193 11 
6 185 195 146 155 11 126 
11 155 140 202 11 243 126 184 860 127 159 257 
4 125 11 105 26 
5 193 157 169 11 197 
3 142 160 11 
7 195 152 894 155 203 11 257 
6 168 172 157 11 179 26 
6 178 201 204 11 214 26 
14 987 149 908 914 11 937 945 946 957 959 972 973 998 26 
11 169 11 183 170 197 162 145 187 143 147 179 
4 195 11 223 26 
26 146 155 852 140 202 203 172 11 243 126 207 184 208 189 194 127 807 166 143 181 179 223 163 811 225 257 
4 168 201 11 214 
4 187 193 157 11 
2 11 181 
4 11 174 168 209 
1 11 
3 196 11 191 
5 11 185 195 126 769 
3 195 11 189 
6 178 144 11 142 153 191 
1 11 
1 11 
4 116 11 195 159 
2 195 11 
4 162 168 11 199 
3 158 11 146 
2 159 11 
1 11 
2 11 142 
3 191 196 11 
1 11 
2 181 11 
2 11 181 
2 11 142 
1 11 
2 11 177 
2 11 235 
1 11 
5 195 181 11 155 194 
1 11 
2 195 11 
2 159 11 
1 11 
2 181 11 
1 11 
5 29 802 12 743 123 
1 13 
1 13 
1 13 
2 14 703 
3 14 221 269 
3 14 71 813 
2 15 25 
2 15 350 
1 16 
1 16 
2 309 16 
50 901 902 909 854 913 914 915 890 923 925 891 926 927 929 838 935 937 939 84 943 944 16 949 951 952 115 510 959 961 963 967 973 548 977 839 985 986 989 991 338 995 997 998 339 608 783 887 80 655 837 
7 195 246 155 152 185 258 16 
5 167 692 894 16 20 
1 16 
2 243 16 
1 16 
6 733 860 798 16 123 752 
1 16 
1 16 
4 735 914 16 963 
1 16 
1 16 
1 16 
3 16 123 752 
1 16 
8 125 185 152 189 195 172 154 16 
2 243 16 
10 899 909 911 890 16 954 315 983 987 148 
1 16 
1 16 
1 16 
1 17 
1 17 
1 17 
1 17 
2 894 17 
2 784 18 
3 235 270 19 
2 19 269 
3 665 332 20 
1 20 
1 20 
1 20 
1 20 
1 20 
1 20 
2 300 20 
11 27 332 366 333 406 20 523 841 302 328 669 
3 300 490 20 
1 20 
1 20 
1 20 
8 695 766 20 698 772 817 820 697 
2 20 969 
2 310 20 
2 335 20 
1 20 
1 20 
4 472 426 379 20 
1 20 
1 20 
5 422 333 334 20 800 
1 20 
1 20 
1 20 
1 20 
1 20 
1 20 
3 278 20 280 
2 330 20 
11 279 332 374 389 754 443 491 20 313 624 673 
1 20 
1 20 
6 27 406 440 490 20 673 
1 20 
1 20 
1 20 
5 323 20 599 241 642 
2 286 20 
2 333 20 
1 20 
4 541 332 302 20 
2 20 337 
8 259 84 983 83 890 142 858 20 
1 20 
1 20 
3 96 20 811 
1 20 
3 332 578 20 
1 20 
1 20 
3 309 754 20 
1 20 
1 20 
1 20 
1 20 
3 279 332 20 
2 332 20 
3 20 301 828 
1 20 
37 271 366 374 376 387 396 399 409 754 424 432 329 446 451 455 477 485 490 491 502 507 510 511 20 532 302 574 279 612 313 624 627 628 320 649 328 110 
5 311 731 279 20 293 
2 20 293 
3 548 20 287 
1 20 
2 314 20 
11 84 242 897 908 910 922 924 945 957 21 127 
2 242 21 
2 35 22 
1 22 
4 22 40 50 774 
1 23 
2 348 24 
3 71 347 24 
3 71 50 24 
2 345 24 
2 24 344 
1 25 
2 25 238 
1 26 
3 769 105 26 
1 26 
2 735 26 
1 26 
3 27 514 406 
1 27 
1 27 
2 508 27 
3 472 27 563 
2 27 556 
1 27 
1 27 
2 27 563 
6 172 27 477 490 510 669 
4 279 533 332 27 
1 27 
2 379 27 
1 27 
1 27 
1 27 
2 27 663 
3 27 472 607 
3 332 27 302 
2 532 27 
2 332 27 
2 410 27 
1 27 
9 27 386 578 368 381 290 510 567 655 
1 27 
4 571 578 27 379 
1 27 
1 27 
1 27 
2 27 386 
16 27 578 379 385 920 409 414 463 510 538 548 564 567 607 608 634 
2 332 27 
1 27 
3 302 27 533 
2 567 27 
1 27 
4 27 548 407 524 
1 27 
1 27 
1 27 
2 27 332 
1 27 
4 472 27 491 46 
2 332 27 
1 27 
1 27 
1 27 
1 27 
1 27 
1 27 
7 576 27 514 356 279 305 471 
2 392 27 
1 27 
3 27 386 332 
8 533 561 27 377 415 420 447 540 
2 625 27 
1 27 
1 27 
2 27 386 
3 578 27 410 
6 637 625 508 27 421 473 
2 27 674 
2 27 657 
1 27 
9 27 561 410 581 472 663 429 651 662 
3 625 416 27 
2 27 293 
1 27 
2 332 27 
3 638 27 472 
4 27 663 634 290 
1 27 
1 27 
3 663 420 27 
2 27 472 
4 571 472 663 27 
2 27 332 
4 625 27 494 637 
2 576 27 
4 666 27 533 607 
2 27 550 
1 27 
1 27 
2 578 27 
5 305 706 719 27 653 
1 27 
4 27 533 629 662 
4 302 27 663 571 
2 27 472 
2 27 482 
3 539 332 27 
3 27 410 561 
1 27 
2 27 472 
2 27 472 
2 27 332 
1 27 
3 470 27 567 
2 27 472 
2 27 332 
2 533 27 
1 27 
2 783 27 
2 27 754 
1 27 
1 27 
1 27 
2 386 27 
2 27 625 
1 27 
1 27 
2 27 567 
1 27 
2 652 27 
4 27 567 453 584 
3 27 406 514 
42 27 360 373 398 420 425 430 431 444 449 450 454 290 477 491 499 502 520 522 526 530 546 60 547 567 569 579 580 584 596 608 611 613 615 618 629 631 638 649 650 661 673 
3 416 27 541 
1 27 
1 27 
1 27 
4 332 365 472 27 
1 27 
2 27 561 
1 27 
1 27 
2 445 27 
1 27 
1 27 
3 332 27 619 
2 27 625 
2 536 27 
1 27 
1 27 
5 365 280 332 27 305 
9 27 332 472 578 706 302 398 588 673 
1 27 
2 514 27 
3 625 27 433 
1 27 
2 550 27 
1 27 
1 27 
2 27 472 
1 27 
1 27 
5 332 27 508 637 472 
1 27 
1 27 
1 27 
1 27 
2 27 332 
5 625 27 359 416 502 
1 27 
6 379 365 332 242 27 386 
2 332 27 
1 27 
1 27 
5 27 356 406 471 493 
1 27 
1 27 
1 27 
1 27 
2 27 706 
4 27 472 578 607 
1 27 
2 27 472 
2 279 27 
4 578 27 530 392 
2 533 27 
2 472 27 
2 27 587 
2 27 578 
1 27 
6 571 27 472 663 524 616 
1 27 
4 332 27 375 577 
11 27 366 389 410 435 442 456 525 561 575 603 
1 27 
1 27 
2 27 487 
1 27 
4 27 663 578 386 
5 561 578 27 446 562 
4 410 631 561 27 
6 894 27 473 313 623 663 
1 27 
1 27 
1 27 
1 27 
2 27 472 
2 472 27 
6 386 663 27 242 392 335 
1 27 
4 27 436 496 569 
1 27 
3 579 27 624 
1 27 
1 27 
1 27 
3 27 361 623 
1 27 
1 27 
1 27 
1 27 
11 27 410 533 420 447 479 539 540 562 621 631 
3 561 27 539 
3 360 364 27 
2 27 386 
1 27 
1 27 
8 27 386 472 379 390 453 467 470 
3 578 622 27 
3 27 472 550 
1 27 
8 663 27 381 431 443 530 624 660 
1 27 
1 27 
2 332 27 
2 533 27 
3 27 406 434 
2 532 27 
20 27 379 381 386 415 439 491 520 524 528 538 539 568 587 588 622 320 634 663 673 
3 27 472 552 
3 27 472 649 
3 27 663 420 
1 27 
2 27 637 
3 470 27 472 
2 27 643 
1 27 
3 578 27 527 
3 578 27 491 
1 27 
1 27 
1 27 
2 27 894 
1 27 
1 27 
1 27 
2 27 472 
3 27 635 664 
1 27 
3 309 27 605 
1 27 
2 607 27 
1 27 
2 533 27 
1 27 
2 599 27 
1 27 
6 386 27 373 435 520 601 
4 27 386 242 472 
1 27 
2 625 27 
2 27 472 
2 332 27 
2 472 27 
1 27 
2 472 27 
2 27 530 
1 27 
2 27 472 
2 27 485 
1 27 
2 27 561 
3 578 27 568 
3 541 556 27 
6 302 332 571 663 27 552 
12 27 411 416 421 433 464 486 494 508 610 635 637 
1 27 
2 332 27 
2 332 27 
3 442 472 27 
1 27 
4 472 561 27 540 
1 27 
1 27 
4 27 386 578 426 
3 27 625 597 
1 27 
6 625 27 433 416 502 583 
3 27 472 425 
3 27 640 669 
2 27 639 
1 27 
2 27 309 
2 585 27 
1 27 
1 27 
1 27 
1 27 
1 27 
4 27 332 580 472 
2 27 472 
2 27 420 
2 27 469 
2 27 440 
1 27 
5 839 783 242 379 27 
1 27 
2 418 27 
1 27 
1 27 
3 663 571 27 
2 27 472 
3 420 27 442 
16 578 571 27 541 372 420 426 429 431 443 530 538 548 581 624 660 
2 27 597 
2 27 271 
2 27 435 
1 27 
1 27 
4 279 639 27 365 
1 27 
1 27 
1 27 
6 27 305 578 491 302 472 
2 27 417 
1 27 
7 681 832 680 677 679 678 28 
4 678 28 676 68 
4 28 677 676 680 
4 28 115 676 680 
4 679 678 28 676 
2 28 676 
4 79 29 76 71 
1 29 
3 29 76 39 
1 31 
2 960 31 
10 89 90 33 789 36 98 48 72 80 112 
2 33 66 
1 34 
2 36 72 
5 758 93 37 57 72 
5 38 122 244 884 124 
1 38 
2 742 39 
11 92 768 40 696 771 698 772 284 63 69 817 
4 695 40 798 697 
7 284 768 699 696 700 698 40 
5 284 695 40 843 697 
2 40 697 
2 40 697 
2 51 40 
1 40 
3 234 42 79 
2 44 781 
2 51 46 
7 716 440 46 491 519 714 719 
2 46 712 
1 46 
1 46 
1 46 
2 727 46 
2 707 46 
3 46 727 717 
2 706 46 
1 46 
2 706 46 
2 713 46 
1 46 
3 706 440 46 
1 46 
1 46 
1 46 
1 46 
1 46 
1 46 
2 46 760 
3 713 46 711 
1 46 
1 46 
1 46 
3 333 46 791 
1 47 
7 735 790 860 798 48 70 248 
3 735 790 48 
12 914 917 790 860 798 48 100 736 733 251 354 734 
5 735 790 798 48 799 
4 71 48 97 81 
1 49 
4 50 823 63 74 
5 50 57 93 95 60 
3 73 50 71 
3 50 64 694 
4 64 230 106 50 
1 51 
1 51 
1 51 
1 51 
1 51 
1 51 
1 51 
1 51 
6 789 255 248 108 51 790 
1 52 
6 302 332 323 459 52 792 
2 769 52 
6 52 60 65 67 764 110 
1 52 
3 53 57 691 
2 53 761 
3 53 72 726 
2 53 759 
2 75 54 
1 54 
2 756 54 
1 54 
5 55 166 284 159 820 
4 795 55 817 877 
4 695 55 817 697 
15 755 202 923 928 931 86 946 58 972 973 63 352 1000 879 74 
1 58 
2 695 58 
4 695 284 58 810 
2 776 58 
3 58 342 74 
1 58 
3 780 773 58 
1 58 
1 58 
1 58 
2 776 58 
2 704 59 
3 67 60 65 
8 242 890 458 944 127 61 995 655 
2 268 62 
1 62 
2 813 62 
3 824 64 76 
2 64 71 
5 687 797 798 66 752 
7 734 733 735 66 860 736 752 
2 67 731 
2 754 67 
2 68 881 
1 68 
2 767 68 
1 68 
2 789 70 
9 733 869 736 696 735 789 860 70 248 
2 70 736 
2 70 293 
2 71 79 
2 71 230 
1 71 
1 71 
1 71 
2 71 97 
2 71 195 
1 71 
2 97 71 
4 108 772 71 819 
3 318 71 195 
1 71 
4 71 79 236 786 
2 72 93 
1 73 
1 73 
6 767 768 284 695 843 74 
1 74 
2 810 74 
4 766 108 284 74 
1 74 
2 824 76 
5 85 836 739 827 76 
3 787 822 76 
2 85 76 
2 827 76 
3 823 76 826 
2 330 77 
1 77 
1 77 
3 963 993 77 
3 845 676 77 
1 77 
2 844 77 
1 77 
2 823 79 
5 242 838 839 967 80 
14 242 899 901 917 918 927 930 958 961 967 975 980 80 837 
12 242 901 913 915 890 958 967 973 893 80 655 837 
1 80 
2 279 80 
1 82 
3 698 817 82 
40 849 850 851 853 854 855 856 857 83 858 859 933 158 934 861 862 863 864 865 866 867 868 869 870 834 871 872 873 874 875 876 999 877 878 879 880 883 884 885 886 
4 832 83 115 877 
1 83 
1 83 
2 83 883 
2 83 844 
2 83 844 
2 844 83 
2 83 195 
4 83 844 877 855 
6 859 83 242 844 868 857 
6 844 870 873 877 83 853 
4 844 877 83 876 
7 83 877 844 854 859 868 880 
5 844 127 158 83 315 
5 868 844 857 83 854 
7 735 733 185 798 83 790 248 
6 83 877 844 883 876 870 
6 877 1000 870 873 844 83 
2 844 83 
7 877 870 83 844 874 883 876 
3 875 83 844 
2 844 83 
2 844 83 
6 859 883 83 857 844 854 
3 844 83 798 
13 844 83 877 855 933 934 861 862 864 871 873 880 886 
4 844 883 83 870 
2 83 844 
7 870 83 883 844 855 862 886 
4 83 876 844 864 
5 844 83 140 865 101 
8 83 877 844 856 861 864 874 879 
17 845 159 158 767 83 844 853 855 856 857 861 862 864 870 876 879 880 
3 844 158 83 
5 83 876 844 877 769 
6 844 870 857 83 883 877 
4 146 83 124 793 
3 181 83 126 
10 83 844 848 861 864 868 871 873 880 886 
3 692 844 83 
2 844 83 
5 870 83 883 873 844 
8 242 904 890 891 84 949 963 983 
5 894 901 907 84 955 
2 917 84 
11 887 259 242 783 839 909 926 84 315 997 998 
4 242 887 909 84 
1 84 
5 839 149 926 84 963 
13 907 267 86 84 189 122 888 541 988 244 996 592 163 
1 84 
1 84 
8 338 84 983 924 149 916 941 957 
1 84 
6 84 259 926 948 148 838 
1 84 
7 838 242 84 888 839 904 971 
3 242 84 149 
1 84 
3 84 887 901 
1 84 
1 84 
4 926 888 84 894 
7 338 174 84 192 987 127 958 
7 242 149 890 891 148 84 259 
3 84 954 338 
3 148 84 259 
1 84 
4 242 84 839 938 
6 242 251 192 735 84 958 
3 839 84 242 
13 149 84 987 954 897 924 942 957 974 982 988 997 998 
4 84 838 735 889 
3 838 84 926 
1 84 
3 988 84 386 
1 84 
4 924 338 154 84 
3 242 769 84 
10 916 954 149 148 922 154 338 84 897 957 
2 84 242 
11 890 893 84 242 899 907 918 929 937 941 997 
4 983 838 84 242 
2 769 84 
4 926 987 242 84 
3 84 838 958 
4 84 769 937 963 
2 84 86 
4 84 987 870 844 
4 844 84 987 870 
3 84 991 242 
1 84 
8 192 149 987 926 242 84 931 946 
2 84 913 
2 84 242 
1 84 
3 926 84 897 
3 916 954 84 
2 242 84 
3 242 84 783 
8 988 192 84 149 148 983 338 957 
5 192 769 84 987 937 
1 84 
4 159 148 84 899 
3 242 887 84 
2 954 84 
2 84 242 
3 84 242 954 
1 84 
13 149 84 259 910 916 924 942 950 952 956 957 974 982 
2 84 888 
2 954 84 
13 192 924 149 84 154 987 954 338 916 983 897 972 945 
6 930 908 839 914 84 838 
4 987 242 192 84 
3 84 86 686 
4 838 242 84 149 
2 126 84 
7 893 831 84 887 242 251 931 
1 84 
1 84 
1 84 
5 839 242 837 838 84 
1 84 
2 84 285 
2 84 988 
2 84 901 
8 987 192 149 769 84 148 957 988 
7 839 155 769 987 242 84 192 
5 982 84 954 916 149 
4 148 84 838 998 
1 84 
2 242 84 
1 84 
1 84 
2 838 84 
1 84 
5 84 149 916 954 974 
12 84 149 259 887 86 897 927 945 957 315 988 997 
2 149 84 
2 242 84 
2 84 242 
20 259 84 192 148 149 908 916 929 933 934 937 946 957 959 972 973 988 996 997 998 
10 894 972 916 970 987 149 84 983 920 945 
2 242 84 
1 84 
3 84 242 935 
1 84 
3 149 84 831 
1 84 
3 84 783 242 
3 987 84 894 
8 987 242 983 148 890 926 916 84 
8 84 242 890 148 192 916 987 975 
2 844 84 
3 769 84 862 
