2 2 3 
16 4 5 6 7 1 8 9 10 11 12 13 14 15 16 17 18 
11 19 20 21 22 23 5 7 24 25 26 1 
16 27 28 29 13 2 30 31 32 33 34 35 36 37 38 39 16 
33 13 2 40 41 42 23 43 44 45 46 47 33 48 3 49 12 50 51 52 53 54 55 56 57 58 59 60 61 62 63 64 65 66 
6 67 68 2 69 70 71 
65 2 72 73 29 74 75 76 77 78 79 80 81 82 42 83 84 85 86 87 88 89 9 90 91 45 92 30 93 94 95 96 31 97 98 99 100 101 102 103 104 105 106 107 3 108 109 110 111 112 113 114 115 116 117 118 18 119 22 120 121 122 123 124 125 126 
11 127 128 129 2 130 131 80 132 121 133 13 
24 134 135 136 15 137 40 87 138 2 139 140 141 7 142 81 89 91 92 31 102 143 144 145 118 
15 146 147 140 148 2 73 149 150 151 152 153 154 155 156 157 
10 2 76 158 159 160 161 162 163 164 165 
13 5 166 167 87 61 168 19 169 170 15 171 172 2 
17 29 173 174 175 2 176 177 178 4 5 8 179 104 180 36 181 16 
10 76 2 135 94 39 62 182 63 22 126 
43 2 183 170 79 184 42 185 186 88 187 9 159 92 93 99 102 188 189 190 108 36 12 164 191 112 192 39 16 193 113 116 117 144 194 195 118 18 196 197 123 124 198 126 
19 199 171 200 36 201 202 151 203 4 15 2 148 13 204 172 104 106 205 206 
12 2 207 208 202 209 210 58 211 212 213 200 214 
18 215 2 216 217 212 7 218 20 58 15 219 127 220 133 129 114 144 145 
17 221 20 222 223 224 23 225 21 46 226 104 227 228 3 12 229 66 
23 26 222 230 231 232 224 23 233 19 234 46 235 236 33 237 238 239 3 240 51 241 18 66 
23 242 243 221 244 245 246 247 248 227 141 19 232 249 223 250 251 233 46 252 239 3 253 66 
44 254 255 256 87 257 258 259 260 215 151 135 136 142 261 7 73 262 263 264 179 76 265 266 267 268 269 140 270 189 14 132 271 272 273 82 274 89 94 103 3 112 198 275 126 
20 26 5 59 19 276 221 20 277 24 230 233 278 279 234 46 235 3 51 280 66 
20 26 221 230 251 23 233 279 281 234 46 235 239 3 51 53 59 282 283 280 66 
5 284 104 3 240 241 
7 23 46 24 3 53 20 66 
3 4 285 286 
7 287 288 4 289 30 31 290 
19 4 42 7 94 291 95 99 265 102 292 189 285 13 293 112 294 295 269 123 
11 202 296 297 4 288 28 151 7 199 85 38 
26 298 293 76 136 9 72 216 299 173 300 134 7 28 265 77 188 93 4 121 301 82 83 88 92 118 126 
9 302 270 303 4 304 305 306 307 308 
6 59 4 61 104 20 5 
19 225 309 310 311 312 218 313 314 315 316 317 318 319 162 4 320 161 321 197 
6 322 323 4 324 325 67 
16 326 327 328 13 329 15 138 4 330 106 331 192 16 332 333 206 
10 298 334 142 335 336 4 337 338 339 83 
2 30 4 
13 14 209 340 173 201 137 341 207 15 4 342 343 344 
4 5 345 221 9 
1 5 
13 7 87 29 5 346 347 15 140 285 348 291 349 90 
2 5 350 
9 351 352 284 353 5 354 161 355 158 
13 189 201 5 7 211 297 75 142 176 87 356 357 191 
13 26 5 20 59 24 358 23 19 21 279 234 55 280 
2 5 359 
8 148 360 361 362 363 5 364 365 
1 5 
4 366 5 360 333 
13 59 24 5 23 367 368 20 310 369 370 230 235 66 
8 304 371 54 372 373 374 5 375 
5 26 24 232 5 279 
11 376 296 148 377 172 5 137 225 378 52 344 
6 46 233 234 379 368 5 
5 5 380 381 141 382 
6 383 266 5 384 385 367 
9 215 313 386 5 387 388 389 17 18 
13 367 363 61 24 5 23 381 370 230 390 46 33 51 
9 212 5 391 73 202 209 137 392 333 
6 5 230 33 309 12 59 
3 14 75 5 
10 393 5 14 394 269 75 395 94 396 144 
17 151 202 5 136 73 397 141 398 137 200 267 221 207 399 400 401 192 
7 364 402 403 5 158 404 405 
11 23 24 368 21 19 26 51 5 20 279 235 
8 406 407 408 6 409 35 410 196 
1 6 
4 411 412 6 413 
8 414 415 416 417 418 419 6 420 
64 421 422 423 424 425 426 6 427 428 429 430 431 432 433 434 435 436 437 438 439 440 441 442 443 160 444 445 446 447 448 449 450 451 452 453 454 455 456 457 458 163 164 459 460 461 462 463 464 465 466 467 468 469 470 471 472 473 474 475 476 477 478 479 480 
19 481 177 265 383 174 482 7 483 484 31 485 106 486 487 488 489 490 182 120 
27 491 77 492 81 493 186 274 7 266 10 91 215 93 94 292 285 60 114 494 64 118 76 22 481 121 123 275 
1 7 
21 85 185 7 296 266 359 91 159 45 96 329 495 137 191 496 192 136 62 63 120 157 
17 492 73 81 131 497 300 7 91 215 31 265 11 14 293 22 498 121 
9 499 500 7 73 215 501 31 121 502 
10 376 503 201 7 504 171 172 82 505 489 
16 506 7 507 15 132 503 92 99 485 102 188 508 114 117 144 182 
6 509 7 498 131 8 121 
9 123 7 73 376 9 510 76 113 87 
14 511 22 510 126 487 512 7 513 514 376 78 485 109 31 
18 37 84 336 339 93 515 31 516 335 509 517 325 338 401 506 518 7 111 
10 401 325 7 518 509 111 519 520 218 83 
10 75 110 288 7 120 30 488 189 126 194 
15 521 136 522 202 523 524 513 525 482 7 526 397 137 173 217 
25 7 81 184 527 42 185 9 45 528 529 102 107 108 12 530 495 191 490 116 182 531 119 22 125 126 
9 15 530 90 338 189 188 532 31 7 
8 7 22 189 110 533 284 9 530 
12 189 126 532 534 292 7 42 88 97 346 194 119 
15 265 293 73 93 219 9 7 535 76 170 142 75 298 173 536 
18 15 119 537 7 488 538 296 126 539 118 108 31 9 535 121 79 102 117 
16 73 540 15 298 541 542 543 544 545 288 7 546 83 547 91 31 
15 191 7 269 492 14 22 275 185 509 151 73 136 499 29 63 
9 29 142 219 256 215 7 548 273 126 
6 549 7 75 308 550 194 
9 189 530 125 551 552 7 90 347 553 
1 7 
4 79 15 7 29 
8 554 166 7 511 555 556 123 191 
4 557 7 558 559 
32 560 561 485 562 371 87 29 166 132 117 539 509 288 264 503 265 79 15 563 564 140 9 565 488 296 7 188 126 537 108 566 92 
15 298 567 271 306 568 387 264 179 266 202 561 151 569 22 7 
24 570 530 13 571 572 138 573 7 574 214 575 19 172 576 110 16 25 178 577 120 125 33 486 229 
9 578 288 520 538 509 7 139 532 401 
11 579 376 580 72 581 488 265 485 16 7 36 
4 582 140 7 87 
15 359 404 87 126 583 7 189 168 584 572 15 488 92 102 118 
8 123 261 172 127 124 585 7 82 
10 207 120 7 85 89 104 530 229 125 126 
14 515 339 7 586 335 338 516 587 334 518 506 83 84 206 
9 172 29 22 359 7 572 383 15 588 
17 268 15 373 589 376 7 81 590 591 592 484 593 594 196 595 511 197 
16 216 79 136 73 18 237 219 139 520 7 564 134 133 259 145 365 
8 596 373 513 597 566 7 598 519 
7 7 151 211 87 341 173 15 
10 7 127 15 79 562 188 296 540 92 102 
15 15 9 535 7 108 488 215 599 31 201 121 73 92 119 126 
10 87 189 170 296 126 140 90 7 118 92 
22 600 72 329 601 549 602 383 75 7 110 134 136 503 189 85 603 104 490 343 182 194 126 
22 131 76 7 133 265 217 492 293 604 509 215 80 73 605 523 77 8 92 31 118 531 126 
6 606 7 607 172 522 308 
13 397 29 139 608 15 609 7 73 201 548 81 100 109 
10 199 7 530 610 611 170 291 15 168 109 
14 565 7 533 612 110 530 189 87 148 97 104 182 194 365 
33 613 121 488 15 110 189 108 520 118 87 132 90 614 14 95 485 510 346 22 31 285 7 490 170 127 120 615 140 85 82 92 102 119 
7 616 8 109 117 531 18 126 
3 8 617 197 
2 8 18 
1 8 
6 298 76 80 8 531 121 
8 296 79 8 485 102 488 22 126 
6 8 114 144 145 18 121 
10 618 619 9 483 31 620 211 192 114 120 
4 9 14 22 198 
26 296 481 75 483 202 137 618 619 621 591 86 9 94 31 529 620 622 211 488 192 114 623 64 624 22 120 
35 75 625 262 177 618 619 223 626 627 621 591 86 628 9 378 528 620 207 629 237 239 180 54 630 39 60 210 136 64 379 631 201 344 632 564 
3 9 104 36 
5 9 105 212 114 123 
13 510 42 9 10 528 102 107 285 404 294 119 22 126 
9 232 9 378 21 227 56 156 64 564 
9 9 91 45 95 488 37 144 22 564 
1 9 
12 63 216 142 79 18 9 133 15 633 634 145 275 
9 227 232 114 133 144 9 216 18 219 
3 10 635 636 
5 626 10 637 401 593 
15 220 10 362 360 329 48 54 638 16 323 155 156 639 640 125 
7 641 642 178 483 10 643 644 
3 500 187 10 
21 645 626 627 378 10 30 646 94 529 647 103 267 16 343 116 574 64 22 344 198 564 
2 10 209 
3 10 537 643 
1 10 
4 648 649 148 10 
6 10 141 148 648 581 223 
7 75 625 650 651 10 652 584 
10 653 11 654 655 656 44 657 161 658 65 
17 266 75 359 176 11 606 313 308 522 173 172 15 575 527 181 196 198 
25 659 534 660 165 661 662 663 664 11 665 71 666 473 424 667 432 668 669 670 671 672 450 457 474 673 
19 663 674 311 675 676 165 677 158 678 313 679 11 324 680 44 448 34 355 332 
7 681 682 683 11 684 657 34 
3 11 71 677 
12 11 313 172 685 15 538 71 428 296 663 686 687 
15 688 661 11 689 667 690 676 434 668 669 160 161 691 692 480 
8 254 100 102 693 12 371 503 694 
2 695 12 
7 568 108 12 696 192 201 124 
6 697 177 698 699 635 12 
12 627 91 205 189 190 12 371 15 119 511 124 126 
5 78 527 12 16 198 
20 687 423 78 527 700 159 701 104 190 12 109 164 54 112 192 16 702 631 122 198 
23 621 86 628 91 159 501 31 703 629 237 180 13 704 181 212 39 705 210 343 116 624 201 706 
6 707 202 13 307 298 72 
3 708 322 13 
5 159 45 13 191 709 
7 169 486 13 636 137 694 72 
4 265 104 13 149 
5 13 529 103 180 22 
7 179 710 209 207 137 173 13 
9 173 361 711 13 299 341 159 712 713 
19 490 483 79 714 120 513 262 566 72 613 87 376 488 125 14 715 716 511 717 
3 487 15 718 
6 15 87 719 720 721 722 
8 75 269 394 87 372 15 94 723 
9 15 540 73 724 563 288 725 558 726 
12 506 150 727 15 383 728 296 729 208 538 271 211 
18 288 296 201 509 563 15 730 79 507 542 731 725 88 31 102 508 117 634 
25 532 29 15 732 256 170 85 88 89 90 45 97 337 723 108 530 346 490 194 295 119 22 120 125 126 
7 733 15 172 572 685 170 327 
13 296 75 394 15 87 356 269 383 176 627 45 94 100 
23 359 136 607 75 538 64 15 695 266 168 36 207 134 210 172 201 575 734 572 400 735 333 736 
5 737 313 738 311 15 
12 125 259 221 552 15 96 490 120 85 90 189 530 
1 15 
35 712 739 740 741 742 591 743 67 379 744 745 746 261 747 748 113 513 346 749 750 606 481 751 752 753 342 15 754 569 755 756 757 758 759 159 
17 760 488 761 128 737 34 311 762 323 313 319 763 113 309 764 15 321 
19 568 202 172 15 266 752 569 765 201 22 766 159 376 171 767 271 151 135 768 
6 626 30 496 16 694 124 
6 212 16 634 17 64 640 
24 769 359 770 137 173 168 710 397 78 621 45 622 188 192 39 16 210 343 118 379 123 771 198 564 
29 208 174 772 626 627 621 86 628 378 30 207 103 629 237 773 212 16 774 60 210 136 343 17 64 775 344 632 198 564 
6 549 776 569 766 16 343 
7 777 223 627 322 212 16 778 
3 779 170 16 
8 111 778 516 518 36 780 781 16 
14 137 202 621 568 622 629 211 237 180 110 192 39 17 64 
11 493 625 187 237 202 705 210 702 17 481 564 
29 782 783 152 710 606 522 784 619 645 626 342 378 785 337 629 237 180 596 638 212 39 60 210 343 17 639 344 640 564 
15 208 202 211 262 209 770 526 137 303 173 201 397 786 192 17 
27 710 522 207 607 625 602 526 787 134 136 788 621 187 225 628 45 337 735 237 789 307 210 116 17 639 564 706 
21 790 298 770 209 259 602 791 482 200 139 204 173 526 202 356 223 621 789 60 17 18 
4 792 629 237 17 
14 277 793 794 245 795 796 797 798 799 800 801 802 104 17 
18 217 76 73 77 803 804 805 806 807 95 529 633 58 118 18 22 121 275 
7 31 331 114 333 144 145 18 
6 808 86 215 624 18 121 
5 84 337 34 18 809 
10 223 342 91 95 810 811 114 145 18 812 
6 813 814 815 18 816 148 
15 40 817 618 232 224 23 19 225 21 24 227 818 404 194 64 
2 19 20 
10 219 19 21 204 137 212 156 819 820 821 
3 19 221 20 
5 19 54 221 211 34 
4 293 19 296 595 
17 822 796 245 141 242 19 249 221 823 824 248 243 247 21 246 252 145 
1 19 
6 555 19 825 576 104 110 
8 24 61 23 51 284 20 59 235 
4 826 827 574 20 
11 221 828 141 20 21 251 233 234 239 53 145 
7 20 23 21 232 24 235 55 
8 23 20 232 24 46 279 235 55 
9 20 23 233 66 230 51 284 234 24 
4 574 284 20 827 
21 482 522 209 397 829 208 202 632 213 481 173 211 20 625 526 830 770 685 207 137 114 
2 20 831 
5 20 232 24 21 137 
4 832 827 25 20 
3 20 574 25 
19 833 834 835 800 836 837 838 839 795 840 841 793 250 802 21 227 252 842 253 
7 843 844 248 845 846 21 227 
9 247 277 246 838 250 847 21 842 848 
19 793 795 837 794 833 849 277 249 796 850 250 851 802 21 214 852 227 252 842 
19 853 849 244 854 847 855 856 21 795 852 227 252 857 858 797 248 277 859 860 
20 861 862 849 863 244 854 847 834 21 836 864 227 794 865 866 867 868 840 869 870 
21 796 871 246 872 873 833 855 21 243 874 227 252 794 277 842 875 866 876 800 877 878 
16 796 837 857 822 793 833 795 250 802 879 21 852 227 252 245 253 
18 879 244 253 797 277 847 21 249 245 880 881 842 882 242 795 793 796 849 
6 232 21 883 884 24 828 
32 828 347 849 797 248 885 245 349 837 839 796 615 886 858 227 249 21 277 833 242 793 887 888 889 890 246 891 892 874 848 893 894 
6 847 895 21 242 249 250 
13 166 896 585 503 897 296 722 486 596 898 22 694 899 
2 483 22 
3 95 189 22 
15 306 270 561 264 590 592 274 900 901 620 902 903 22 595 904 
1 22 
13 341 303 345 626 905 906 212 114 194 298 22 907 908 
1 22 
4 109 22 196 511 
8 505 485 137 519 537 210 182 22 
7 483 644 786 637 519 307 22 
20 909 567 270 910 274 776 900 575 102 911 103 912 569 913 257 903 22 914 752 915 
18 76 178 29 482 296 91 31 485 102 106 698 486 488 371 531 22 121 72 
34 75 306 483 270 575 73 590 916 567 302 547 274 776 159 900 917 550 901 391 103 912 902 773 57 192 768 903 918 22 919 595 198 915 920 
5 151 378 64 22 344 
3 483 113 22 
8 29 185 94 291 404 191 63 22 
26 561 264 590 921 707 749 567 910 568 274 266 483 388 900 901 629 32 735 902 913 257 903 22 754 595 904 
18 916 567 910 274 187 776 900 911 103 766 307 922 22 595 752 923 198 915 
1 22 
2 95 22 
17 264 749 22 271 270 266 918 306 569 567 257 305 73 745 308 913 722 
7 144 293 22 73 531 215 94 
1 23 
57 246 924 925 926 927 796 928 888 822 929 930 931 932 933 934 882 248 890 849 935 936 937 938 939 940 850 250 851 941 23 244 942 837 943 944 833 847 214 838 945 946 947 252 948 949 797 950 951 245 823 952 953 954 955 956 957 958 
7 959 349 23 960 936 961 553 
6 46 53 66 234 24 23 
5 23 24 46 282 283 
15 962 551 553 963 840 964 936 347 24 965 841 966 967 968 875 
3 24 969 280 
2 24 280 
10 827 25 574 970 971 230 89 44 235 236 
9 73 29 348 27 532 140 42 346 126 
1 27 
3 972 28 401 
17 731 725 28 547 85 186 289 30 93 102 188 701 105 973 336 558 531 
3 288 28 974 
5 975 543 974 509 28 
8 29 866 615 717 269 42 976 124 
3 29 73 90 
11 29 76 977 91 31 226 978 298 121 542 275 
8 29 974 518 140 542 522 540 509 
8 189 979 980 981 29 644 982 530 
25 75 265 983 254 187 92 30 102 188 226 698 132 371 164 54 984 191 898 985 136 117 503 119 511 752 
4 361 45 30 329 
15 259 532 174 293 618 131 300 91 93 31 103 986 37 212 536 
2 31 181 
3 76 298 31 
2 732 31 
8 987 754 918 306 266 722 988 32 
14 989 308 259 305 909 483 32 990 704 991 210 992 752 915 
4 896 32 52 555 
21 303 993 590 994 749 910 592 274 776 900 722 901 620 575 32 912 569 704 903 752 920 
20 575 995 567 302 910 592 274 776 266 388 900 103 32 401 902 773 257 754 915 920 
13 174 308 211 996 567 522 263 513 526 271 373 32 593 
27 997 303 993 916 749 567 547 592 274 776 159 900 96 575 32 569 998 902 392 704 766 307 595 122 752 915 920 
11 999 1000 320 1001 319 61 313 528 34 1002 197 
12 737 1003 762 999 1004 34 51 1005 1006 1007 1008 1009 
7 1010 161 34 1011 1012 193 197 
5 1013 1014 34 1015 323 
19 322 1016 1017 159 1018 362 161 1019 34 309 164 696 58 617 193 323 197 1020 1021 
1 34 
2 1022 34 
1 34 
1 34 
1 34 
3 34 309 197 
4 1019 34 309 1020 
5 197 1023 34 672 1024 
8 204 175 786 820 1019 35 375 313 
9 313 312 408 148 528 362 35 1025 197 
4 1026 1027 161 35 
3 83 84 35 
2 36 1028 
2 190 36 
2 527 36 
8 75 1029 148 297 527 36 696 120 
1 36 
2 216 36 
5 1030 1031 161 36 333 
10 538 1032 60 50 192 36 216 779 735 332 
3 1033 37 111 
3 83 37 111 
3 288 83 37 
7 1034 211 509 189 218 209 37 
5 1033 83 88 37 111 
5 518 517 83 37 111 
1 39 
9 625 259 1035 1036 792 181 39 705 116 
4 209 39 219 196 
12 39 1037 209 120 201 549 344 1038 203 173 151 202 
9 39 267 137 54 151 202 209 376 343 
6 259 1039 40 372 1040 496 
7 90 348 189 285 42 196 126 
49 1041 888 865 1042 1043 1044 871 1045 1046 936 1047 1048 1049 1050 846 42 349 1051 966 1052 1053 281 1054 1055 97 1056 1057 1058 1059 1060 551 828 252 963 1061 1062 875 866 962 1063 1064 976 1065 965 1066 1067 959 869 553 
5 1068 42 1069 285 346 
18 1044 347 834 869 841 840 1070 1071 865 1072 42 966 278 1058 252 875 631 1073 
1 43 
1 44 
2 1074 44 
19 1075 1076 1077 463 424 1078 1079 1080 44 1081 447 1082 450 1083 1084 1085 476 477 479 
3 1086 44 1087 
2 161 44 
6 45 485 486 371 191 212 
5 45 1088 1089 713 1090 
1 46 
14 575 75 687 527 159 695 47 1091 108 496 112 192 594 201 
4 148 48 50 639 
4 297 48 181 1092 
21 1093 693 313 1094 1000 680 679 654 1095 827 896 148 678 1096 323 768 1097 528 622 48 1098 
6 1099 1097 380 48 59 908 
5 1100 1101 48 403 65 
6 114 125 1102 1103 1104 48 
3 50 1105 1106 
3 51 57 59 
3 51 55 66 
1 51 
4 917 381 51 59 
10 383 296 356 265 372 166 170 102 52 694 
8 345 185 488 371 52 495 496 694 
9 52 704 519 307 113 115 594 511 1107 
2 786 52 
3 896 322 52 
13 78 81 82 378 629 106 486 54 113 182 344 198 1107 
1 54 
11 151 209 137 54 267 141 202 549 1108 376 622 
6 632 201 137 390 55 196 
7 1109 381 363 1110 382 56 1111 
9 1112 1113 1114 380 56 59 1109 370 1115 
4 1111 1027 380 56 
10 187 483 486 371 191 57 112 120 72 1107 
1 57 
1 57 
4 1116 1117 58 1118 
3 103 58 774 
4 306 270 58 567 
1 58 
5 379 1119 59 1120 400 
2 266 60 
3 60 308 547 
5 1121 900 396 1122 63 
3 185 191 63 
2 1123 63 
4 709 1124 393 63 
9 621 86 629 237 210 64 201 123 564 
1 64 
2 1125 64 
6 192 64 564 522 538 390 
11 287 105 64 1126 306 1127 147 514 83 84 547 
2 487 65 
5 1128 364 1129 1130 65 
5 221 269 140 108 65 
5 1131 1129 555 1132 65 
1 67 
5 423 67 410 1133 1134 
5 1135 1136 67 323 1133 
3 1137 67 1138 
2 67 407 
2 1139 69 
2 1139 69 
4 69 1140 1141 1142 
13 1143 1144 1145 1146 1147 1148 1149 70 1150 1151 1152 1153 1154 
3 1155 70 1156 
30 1157 1158 1159 1160 1161 1162 1163 1164 1165 1166 1167 1168 1169 1170 1171 1172 1173 1174 1175 1176 70 1177 417 1178 1179 1180 1181 1182 1183 1184 
18 1185 416 1186 1187 1188 1189 1190 1191 1192 1193 1194 1195 1196 1197 1198 1199 1200 70 
3 70 1150 1181 
2 683 70 
2 683 70 
2 71 677 
1 71 
13 407 500 428 436 661 677 172 71 685 663 687 627 474 
18 677 441 426 663 660 433 353 467 438 71 463 160 435 432 439 456 473 429 
9 673 441 663 71 677 428 438 692 460 
7 431 677 453 71 460 424 1085 
2 71 473 
10 71 677 663 687 423 425 432 437 164 464 
5 663 71 677 439 424 
2 677 71 
9 663 473 460 463 677 71 453 426 447 
24 464 660 1077 463 160 460 428 473 677 71 663 465 665 436 452 662 453 467 424 437 448 475 477 479 
5 473 71 1077 424 477 
5 165 480 71 1079 468 
5 663 71 424 437 1085 
9 71 663 677 423 432 443 447 467 479 
15 465 665 453 432 460 479 441 677 663 467 428 71 438 435 439 
7 71 1077 424 425 437 447 476 
8 71 677 424 429 437 447 1085 479 
1 71 
11 534 71 424 425 1080 437 447 450 470 1084 475 
1 71 
13 661 436 663 460 463 660 677 473 71 447 474 475 477 
1 71 
1 71 
8 663 467 71 473 677 453 470 1085 
24 663 443 438 456 1075 439 465 473 662 467 71 431 463 460 436 1087 673 453 353 479 441 687 677 470 
7 460 663 71 463 161 432 458 
1 71 
8 160 1077 71 463 660 353 441 473 
3 71 453 677 
4 71 1077 677 432 
16 661 663 71 426 431 432 437 446 447 451 1087 470 471 474 477 1020 
2 71 473 
1 71 
8 677 465 473 663 71 424 447 1085 
8 661 473 160 818 463 71 660 677 
4 448 470 71 1085 
1 71 
22 677 1077 663 660 473 71 425 426 1079 1080 431 432 437 443 447 448 692 470 1085 476 477 479 
3 534 677 71 
2 71 663 
12 71 424 1080 431 432 443 447 448 450 457 467 353 
5 428 663 677 71 432 
8 71 432 437 447 456 1085 477 673 
4 473 71 660 663 
13 71 436 463 677 424 1079 1080 432 437 446 447 477 479 
3 71 663 434 
1 71 
10 453 460 1077 71 677 473 441 446 447 458 
4 71 663 453 1081 
2 71 473 
23 1077 71 424 1079 427 431 432 433 443 160 446 447 450 454 456 457 460 466 470 472 1085 474 476 
9 443 423 671 665 160 473 71 453 661 
8 1080 441 71 660 677 432 443 661 
7 460 438 677 473 353 71 1085 
11 353 460 443 465 433 663 71 467 677 432 453 
1 71 
9 439 467 71 436 353 460 432 437 447 
4 165 663 71 434 
11 208 73 619 627 237 136 624 196 72 632 706 
6 72 265 86 237 212 775 
20 134 255 72 136 266 504 303 270 522 149 503 630 383 590 268 519 182 263 595 1102 
5 781 72 783 981 113 
18 488 79 262 356 132 265 716 597 72 513 82 505 722 102 106 489 519 126 
12 254 376 488 265 597 503 104 72 383 356 923 177 
6 183 402 752 72 716 82 
23 513 265 142 132 372 136 72 630 85 92 485 102 106 486 108 558 519 554 182 118 197 126 1107 
6 513 585 72 78 765 485 
8 189 87 72 120 126 530 182 194 
1 73 
4 73 94 76 121 
3 208 1035 73 
1 73 
3 75 372 87 
6 372 345 556 199 359 75 
1 76 
2 76 80 
2 77 94 
4 77 150 687 423 
2 173 77 
1 77 
11 166 483 296 78 79 254 102 486 985 120 694 
3 716 78 483 
6 78 580 485 555 510 262 
5 79 83 187 1093 111 
2 79 188 
2 79 188 
16 731 80 83 84 547 94 102 290 188 337 105 546 294 531 121 542 
7 557 753 81 82 140 505 126 
8 261 170 113 296 373 82 100 182 
1 82 
10 82 86 485 488 489 307 115 182 196 718 
3 82 401 598 
2 83 111 
4 626 83 111 206 
2 83 339 
6 83 84 111 294 339 206 
11 488 263 597 485 537 373 566 262 84 483 115 
5 84 105 114 531 126 
3 621 86 643 
24 997 995 400 786 626 567 86 820 776 483 159 575 211 209 237 704 649 307 903 294 775 122 752 920 
3 725 86 121 
1 86 
2 86 624 
10 626 621 86 211 237 212 307 210 702 564 
9 329 685 172 572 171 359 159 328 87 
8 309 140 137 87 575 323 362 538 
6 136 87 215 179 151 976 
14 189 87 533 124 717 110 88 89 97 104 490 194 295 125 
12 127 87 509 974 265 520 288 131 121 604 634 275 
7 88 90 105 189 285 705 298 
4 717 89 530 125 
6 441 90 160 461 665 1008 
3 91 92 118 
3 91 580 298 
6 153 641 262 92 102 519 
9 400 187 92 528 105 1088 164 192 333 
2 92 102 
11 724 563 972 725 186 93 558 117 294 726 542 
2 93 563 
7 293 540 509 547 93 188 294 
2 93 290 
1 93 
1 93 
2 509 93 
8 392 308 401 266 93 509 542 288 
2 95 123 
5 378 96 203 343 120 
4 266 96 1103 749 
15 962 347 936 1041 553 840 965 841 281 97 828 884 875 1063 1064 
2 97 194 
12 1044 840 936 869 347 278 281 97 551 875 962 959 
3 488 1104 100 
10 618 901 1107 899 405 304 755 505 100 229 
3 100 496 694 
2 101 510 
7 488 288 563 186 540 725 101 
3 1033 101 898 
1 102 
12 707 749 567 270 900 102 103 912 598 913 257 752 
3 102 117 634 
8 541 725 540 186 102 188 558 726 
16 211 141 151 208 137 142 397 209 201 526 202 770 400 102 114 639 
2 102 125 
4 102 519 115 182 
25 561 270 271 308 266 569 264 522 306 994 786 591 274 388 900 620 911 103 912 773 307 594 914 752 915 
13 918 168 270 207 569 592 635 103 902 598 593 198 904 
29 606 203 264 305 1127 308 590 749 626 627 567 910 568 274 776 900 901 103 629 704 766 913 773 903 196 754 198 915 920 
1 104 
1 104 
7 787 527 104 190 108 112 192 
1 104 
7 151 284 231 104 236 827 241 
13 264 606 308 522 305 266 359 159 528 104 192 306 709 
3 717 104 229 
1 104 
1 105 
1 106 
3 505 106 536 
2 106 156 
1 107 
1 108 
2 108 157 
4 626 254 109 489 
1 111 
1 111 
1 112 
2 113 594 
9 569 270 641 266 257 305 113 483 913 
6 113 567 136 137 994 196 
10 308 306 305 113 568 901 918 257 722 904 
6 307 568 113 147 749 909 
5 359 373 589 567 113 
19 619 266 748 113 270 744 257 921 271 920 698 745 918 483 226 902 308 707 722 
5 619 254 770 209 115 
4 485 486 519 115 
6 568 561 900 709 115 514 
1 118 
1 120 
1 120 
4 211 789 212 120 
1 120 
2 531 121 
1 121 
8 910 776 159 575 209 569 196 122 
4 211 789 192 122 
1 123 
1 123 
1 124 
1 124 
2 1117 125 
2 182 126 
1 126 
11 866 849 862 802 291 252 842 976 891 870 126 
1 127 
5 1019 763 128 313 678 
6 137 298 136 134 221 555 
8 209 481 134 136 137 621 596 595 
8 567 305 136 994 134 257 770 137 
15 619 710 526 521 137 201 207 632 173 397 136 212 211 202 628 
5 136 207 362 201 378 
1 136 
5 525 217 136 481 173 
9 208 341 211 237 137 705 775 157 706 
15 770 259 717 199 569 516 137 209 522 526 147 585 1017 151 202 
10 204 569 170 770 137 191 481 423 202 151 
5 211 137 202 173 621 
13 137 209 770 569 270 710 207 742 202 173 397 376 213 
4 137 483 488 643 
6 696 172 137 770 349 769 
7 202 137 481 621 237 379 706 
2 215 144 
5 144 200 531 562 188 
5 923 776 169 568 146 
2 146 177 
5 919 147 704 263 786 
4 209 148 639 640 
6 360 211 638 148 209 564 
4 148 200 209 638 
4 590 537 149 1102 
1 149 
8 149 981 716 153 644 630 783 521 
5 783 149 643 263 295 
4 697 209 151 757 
1 151 
1 151 
2 155 156 
2 522 155 
1 157 
1 157 
2 1125 157 
1 158 
2 158 362 
1 158 
2 1027 158 
8 1009 665 676 162 158 1001 664 1019 
1 158 
2 160 665 
16 424 667 662 1079 432 443 160 672 450 457 1083 460 466 665 475 1008 
13 423 667 676 443 160 671 672 453 457 474 475 1008 165 
5 660 432 160 671 447 
32 687 423 424 425 428 1080 429 431 432 435 436 437 443 160 1081 446 161 447 448 453 456 164 1083 460 462 464 466 468 471 1084 477 480 
4 676 160 657 1019 
13 659 660 534 432 668 437 160 657 671 672 1083 474 673 
4 676 668 160 671 
4 661 160 660 165 
11 160 676 165 665 666 680 679 1123 678 671 686 
2 160 165 
1 160 
8 666 160 661 662 665 668 672 474 
7 661 160 671 660 665 321 1024 
7 1075 160 665 465 425 1078 447 
1 161 
1 161 
8 666 664 165 661 690 668 657 161 
40 687 421 423 424 425 426 428 429 430 431 432 436 437 439 443 1081 446 161 447 691 1082 451 452 456 457 163 1083 460 461 464 1087 467 692 470 1084 1085 475 476 477 1020 
6 690 668 362 1036 161 617 
3 668 362 161 
3 668 362 161 
5 684 1191 1126 162 1092 
2 689 162 
4 419 689 162 420 
2 681 162 
6 423 527 735 237 190 164 
2 668 164 
11 359 423 1095 1016 172 428 500 663 164 677 447 
2 165 1009 
3 683 165 682 
3 678 676 165 
2 165 677 
6 677 460 1075 165 425 1081 
2 166 362 
10 503 556 254 372 199 177 371 699 166 899 
3 359 167 192 
4 313 168 329 631 
2 645 169 
5 265 296 169 735 595 
2 169 694 
2 172 987 
2 288 172 
3 208 526 172 
1 173 
12 981 569 305 173 303 979 308 522 373 786 909 637 
5 532 341 173 625 208 
6 173 481 770 211 625 632 
6 270 174 561 921 912 595 
1 175 
5 176 575 396 598 1122 
8 621 792 629 211 209 180 789 201 
1 181 
2 181 196 
3 357 735 181 
1 182 
2 976 182 
5 485 504 487 643 182 
13 888 936 849 866 940 626 802 291 533 530 576 182 891 
2 513 183 
1 184 
1 184 
1 184 
11 302 595 305 987 184 754 254 592 896 274 485 
2 189 185 
2 540 186 
7 523 288 188 540 558 563 186 
3 540 186 563 
1 187 
1 187 
1 187 
1 188 
5 188 288 987 972 509 
2 301 189 
1 190 
1 192 
7 211 270 713 333 685 698 192 
2 192 819 
3 310 193 197 
1 193 
1 196 
1 196 
1 196 
3 943 629 196 
1 196 
2 196 595 
7 910 274 776 902 196 754 595 
1 196 
2 922 196 
3 922 196 595 
9 569 308 270 561 305 274 550 593 196 
1 196 
1 196 
18 308 271 1127 303 264 567 522 561 296 305 916 786 910 912 487 922 196 198 
2 196 510 
10 270 569 306 918 745 302 910 722 922 196 
3 1136 555 196 
1 196 
2 645 196 
4 994 774 196 1102 
1 196 
1 197 
2 1011 197 
3 310 197 1009 
5 1038 617 1000 197 1009 
1 197 
3 489 774 198 
6 569 203 271 308 773 198 
1 198 
3 266 362 198 
2 631 201 
12 626 627 620 629 237 596 212 210 631 201 564 706 
1 201 
1 202 
6 766 202 306 266 569 567 
6 758 202 387 765 994 903 
4 625 522 202 482 
15 569 522 606 1127 264 203 306 784 271 745 308 266 1037 305 635 
2 204 1100 
2 204 206 
2 205 333 
1 206 
2 484 206 
2 1069 209 
4 484 209 643 644 
2 776 209 
1 209 
9 374 752 567 637 704 263 322 210 522 
2 572 211 
1 211 
5 602 710 212 607 211 
1 212 
1 212 
4 1035 213 710 341 
15 888 850 250 802 847 855 795 214 852 252 797 245 249 894 242 
11 936 248 940 890 247 1042 837 802 214 852 245 
18 246 882 793 796 1072 800 850 250 802 847 881 214 852 797 245 249 894 242 
26 850 250 837 944 833 855 795 214 852 227 252 857 858 797 248 886 277 245 848 823 859 835 249 800 891 878 
17 793 796 890 839 214 277 795 849 799 246 850 250 851 802 852 252 894 
1 214 
5 888 214 1069 839 797 
8 248 796 854 802 855 795 214 242 
5 936 961 943 214 1069 
16 794 838 249 797 837 615 833 800 214 717 242 795 245 849 857 793 
1 215 
1 215 
1 215 
1 215 
1 215 
1 217 
1 218 
1 219 
1 219 
1 219 
1 220 
1 220 
1 220 
1 220 
1 221 
3 885 221 457 
4 880 825 223 736 
3 322 522 223 
1 223 
13 849 854 847 856 852 227 858 277 950 848 823 249 891 
9 822 936 796 1046 277 847 227 842 860 
1 227 
2 819 229 
1 231 
7 574 971 284 231 362 236 240 
19 845 840 1043 1070 865 841 962 1044 869 1072 551 347 232 251 966 1055 852 252 884 
1 237 
1 237 
1 238 
1 240 
13 248 796 277 851 837 854 802 879 847 252 245 249 242 
16 1071 936 247 841 1041 1072 1044 840 871 888 349 863 966 1061 875 242 
3 928 796 242 
8 841 247 862 854 1069 842 870 242 
11 833 794 796 277 854 802 852 252 245 249 242 
10 277 888 1041 936 1045 970 244 802 847 242 
5 799 850 252 797 242 
26 888 247 933 1042 1043 1072 1044 845 841 936 862 349 1051 863 966 281 834 1054 551 1069 828 1061 884 869 553 242 
16 349 863 854 1070 281 834 836 551 828 1071 865 1061 840 959 869 242 
11 245 244 869 865 836 615 242 1072 823 248 250 
3 844 846 243 
4 845 846 243 843 
11 1051 966 844 1054 243 828 1071 884 1063 1045 840 
6 844 243 347 1053 843 936 
13 849 823 246 833 244 795 838 793 247 822 277 250 253 
5 252 886 796 822 244 
18 246 247 850 250 615 942 802 847 864 252 822 797 277 245 885 717 957 894 
16 796 888 886 936 839 1065 890 277 793 797 849 245 940 795 1042 880 
5 858 833 277 797 245 
12 858 249 837 794 246 245 822 797 795 793 828 796 
3 246 928 1042 
11 246 822 833 247 880 869 800 837 841 862 836 
6 859 800 246 248 796 793 
3 246 822 966 
4 246 796 802 249 
6 822 246 796 851 852 252 
3 246 796 855 
2 246 823 
1 247 
6 247 869 840 836 615 854 
6 865 841 834 247 840 869 
2 247 849 
13 347 1044 841 1046 247 349 863 1054 828 842 1064 1065 869 
7 248 247 347 615 291 885 717 
1 247 
1 247 
24 347 841 247 1070 871 1041 840 865 888 862 349 1051 863 966 854 1054 1059 828 842 884 1064 965 553 870 
4 615 869 836 247 
7 1041 347 834 1071 248 1065 869 
4 248 873 876 878 
3 878 872 248 
2 252 248 
9 551 962 281 834 959 553 347 248 349 
3 872 878 248 
1 248 
5 248 872 796 873 876 
3 249 833 250 
5 850 250 854 819 953 
2 795 250 
3 250 795 277 
1 251 
11 962 964 1072 551 869 828 1043 840 845 251 966 
4 849 866 252 818 
4 796 850 252 848 
1 252 
25 799 925 939 850 1047 793 1051 1053 1041 347 834 1054 838 1060 252 948 277 717 1064 1065 965 970 1045 840 869 
3 947 252 957 
7 936 1042 850 252 794 797 277 
5 615 717 796 822 252 
1 252 
1 252 
5 793 252 795 849 797 
2 1087 253 
5 254 722 362 375 304 
1 254 
4 899 296 559 254 
5 901 254 555 898 694 
15 569 393 257 913 306 308 270 264 561 918 266 271 305 567 598 
10 305 266 569 270 918 257 592 555 904 899 
9 918 568 745 308 270 306 257 266 595 
9 774 257 305 266 264 270 522 569 913 
7 257 270 592 568 918 921 901 
1 259 
1 259 
2 259 1110 
3 363 259 1110 
5 264 593 303 704 913 
11 606 264 271 745 754 569 306 305 270 918 752 
4 567 271 264 918 
7 264 752 561 707 567 266 305 
10 561 264 569 270 590 921 909 274 900 903 
3 264 567 918 
8 271 306 303 567 308 266 264 569 
4 308 271 752 266 
2 266 370 
15 266 921 302 910 568 592 274 900 901 911 902 754 595 914 904 
2 266 637 
7 305 569 306 308 266 522 595 
6 913 707 918 270 595 904 
5 747 271 754 752 748 
3 271 635 486 
1 277 
3 888 277 928 
1 277 
1 277 
4 925 853 277 835 
2 944 277 
1 277 
2 1041 277 
2 277 957 
3 1041 277 840 
1 277 
3 937 948 277 
48 940 964 850 1049 1050 846 941 1051 943 278 1053 1041 1043 1070 281 1042 347 834 1054 1056 838 1059 551 1069 948 963 1071 794 890 277 1061 1046 823 717 962 956 1064 1065 965 1066 970 1067 1045 840 959 960 553 801 
3 935 948 277 
1 277 
2 277 888 
9 277 936 1072 1042 850 941 943 794 717 
4 936 277 940 1042 
3 957 849 277 
6 1042 742 801 940 277 936 
3 796 277 929 
1 277 
1 277 
2 889 277 
6 936 1041 888 937 277 935 
2 277 952 
2 277 822 
1 277 
2 277 949 
2 277 880 
2 277 957 
1 277 
3 277 1042 936 
6 954 277 849 932 889 942 
1 277 
8 841 347 553 1044 936 966 278 875 
2 936 278 
2 801 278 
13 553 936 1054 347 1044 966 281 551 828 884 875 1063 1064 
9 1066 347 1046 1045 1041 964 936 281 1067 
13 1045 936 1046 1051 966 281 1058 963 1061 884 1064 1065 1066 
11 888 869 347 936 1045 966 281 1058 551 1063 1064 
16 281 1060 965 869 964 349 884 347 959 845 840 828 1045 834 856 962 
1 281 
1 281 
1 282 
5 888 936 1041 284 838 
2 827 284 
3 731 287 540 
1 288 
4 289 290 294 531 
1 290 
5 291 615 715 529 347 
1 293 
1 293 
2 704 295 
1 295 
4 484 704 643 295 
1 295 
1 296 
1 296 
2 296 503 
1 298 
4 731 700 302 722 
1 302 
1 303 
1 303 
1 303 
1 303 
3 305 308 1127 
6 758 305 567 591 774 620 
2 522 306 
1 307 
2 308 522 
1 308 
3 310 309 1009 
4 763 1038 362 309 
2 657 309 
1 309 
1 310 
2 310 1009 
1 310 
1 310 
1 310 
4 310 660 661 534 
7 763 688 762 310 999 657 1004 
1 311 
2 311 761 
1 311 
1 312 
1 312 
1 312 
2 687 313 
2 626 313 
1 313 
6 322 320 664 313 657 617 
4 453 677 313 320 
1 313 
1 315 
1 321 
2 672 321 
1 323 
1 324 
4 656 382 1100 324 
1 326 
1 329 
1 332 
1 332 
1 333 
3 334 559 338 
1 337 
4 341 493 792 1088 
2 678 341 
2 776 343 
3 1000 763 343 
1 345 
1 345 
18 931 888 1042 871 936 933 1051 347 834 1055 838 551 948 963 1065 970 1045 869 
15 936 940 850 853 941 943 1041 347 794 890 1061 1046 956 1045 840 
8 936 347 828 1071 1046 884 1045 840 
16 349 1051 347 834 1054 1058 828 1071 865 1061 962 1065 1045 840 959 553 
20 845 1044 1042 1041 1043 888 936 964 1048 1051 966 347 1054 1055 838 1058 963 1061 965 1066 
17 1043 936 1042 964 1047 1048 1051 347 1055 963 865 1061 823 1063 1065 1066 1067 
3 1046 888 347 
3 1045 1046 347 
4 936 1050 347 1060 
3 347 936 1049 
11 1046 845 964 1045 840 1044 936 347 1041 888 869 
1 347 
5 888 936 347 846 1064 
11 1044 865 840 888 869 936 845 347 1045 1072 962 
6 828 1041 347 1046 1045 1066 
2 347 936 
1 347 
8 347 1045 965 349 1044 1072 964 1061 
3 936 869 347 
4 888 347 1049 966 
12 347 1072 936 841 1044 964 1042 840 1045 834 1046 1058 
1 347 
8 347 551 1046 1064 1072 845 965 962 
12 1070 965 964 1053 936 347 865 869 551 962 888 1063 
11 964 865 936 1046 1044 347 1066 888 1041 871 850 
9 347 936 1045 964 1046 1055 963 1065 1067 
5 936 1066 1046 347 963 
1 348 
8 799 840 782 936 1072 801 348 836 
7 841 936 1072 349 828 1064 869 
8 871 841 1044 1043 936 845 349 834 
14 940 349 1070 834 1054 795 1058 1069 828 1061 842 884 1063 840 
1 349 
1 352 
5 447 692 1085 673 353 
1 353 
10 432 433 438 450 452 460 470 473 1084 353 
2 353 673 
6 473 460 353 434 660 467 
7 353 663 463 460 467 441 475 
5 353 471 692 677 663 
2 677 353 
5 660 663 665 353 677 
5 663 677 1077 441 353 
14 460 677 473 1089 426 465 353 446 1075 435 439 458 456 476 
1 354 
5 453 677 354 895 447 
3 538 1035 357 
2 357 1085 
1 357 
1 359 
2 361 681 
2 506 362 
1 362 
2 687 362 
2 362 1111 
3 1100 362 363 
1 362 
1 363 
4 777 1027 364 1097 
1 364 
4 758 483 641 365 
2 550 365 
2 554 365 
1 366 
1 366 
5 376 373 383 488 555 
1 378 
4 381 1112 380 1111 
3 380 908 907 
4 380 1109 1096 382 
2 1109 381 
1 381 
1 381 
1 381 
1 386 
2 386 612 
1 386 
1 390 
1 390 
1 393 
2 709 393 
2 395 668 
1 396 
2 399 652 
2 681 401 
5 993 776 401 569 752 
1 403 
2 403 405 
1 403 
1 405 
1 405 
2 407 408 
1 407 
1 408 
2 408 755 
1 409 
1 409 
2 412 411 
1 413 
1 413 
1 413 
1 414 
2 1158 414 
2 1158 414 
1 414 
1 414 
1 414 
1 414 
3 418 414 1161 
1 414 
1 414 
1 414 
1 414 
1 415 
1 415 
1 416 
5 1144 416 1145 1169 1160 
2 416 1160 
4 1158 1159 416 1181 
2 416 1150 
1 416 
1 416 
2 1176 416 
1 416 
1 416 
1 416 
1 416 
2 1158 416 
1 416 
1 416 
1 416 
1 416 
1 416 
1 416 
2 416 1164 
1 416 
1 416 
1 416 
1 416 
3 416 418 1160 
2 416 1191 
1 416 
1 416 
1 417 
1 417 
1 417 
1 417 
1 417 
1 417 
4 417 1182 681 1198 
1 417 
1 417 
1 417 
1 417 
1 417 
1 417 
2 1191 417 
1 417 
1 417 
