51 2 3 4 5 6 7 8 9 10 11 12 13 14 15 16 17 18 19 20 21 22 23 24 25 26 27 28 29 30 31 32 33 34 35 36 37 38 39 40 41 42 43 44 45 46 47 48 49 50 51 52 
2 1 7 
1 1 
30 33 53 54 55 56 57 6 58 59 60 61 62 63 64 65 66 67 68 69 70 71 72 73 74 45 75 76 77 78 1 
5 79 1 80 81 82 
34 73 83 84 85 86 87 88 66 64 76 31 89 4 90 91 92 93 1 94 95 96 97 98 99 100 101 102 103 104 105 106 107 108 109 
3 110 2 1 
9 111 112 113 114 115 1 94 116 117 
8 118 119 120 121 122 123 1 124 
10 53 125 28 126 127 128 129 1 130 82 
1 1 
1 1 
1 1 
9 131 132 133 134 71 135 136 119 1 
10 137 138 139 140 141 142 143 1 144 145 
13 146 147 148 149 150 151 152 1 153 154 155 156 157 
1 1 
5 158 159 160 1 161 
1 1 
7 162 163 164 1 165 166 167 
8 168 169 75 170 171 172 173 1 
8 174 60 175 176 177 178 1 179 
25 180 53 181 182 168 183 58 184 185 186 187 188 189 32 190 191 192 193 194 195 196 197 198 66 1 
1 1 
2 199 1 
8 200 201 202 203 204 205 1 206 
13 207 208 209 210 211 212 213 214 73 215 216 217 1 
5 218 10 1 219 220 
20 221 222 110 223 224 225 226 227 135 131 228 229 230 231 232 233 234 235 236 1 
12 237 238 239 240 241 242 243 244 245 1 246 247 
42 248 57 119 249 250 251 252 253 254 255 256 245 257 258 259 260 261 197 262 48 263 264 265 92 266 1 267 6 268 269 270 271 102 272 273 274 275 276 277 53 278 279 
15 280 281 282 283 284 285 286 287 288 1 289 23 154 290 157 
10 291 75 169 292 53 4 1 293 81 294 
4 295 296 297 1 
8 146 298 299 300 301 1 145 302 
15 135 230 228 303 304 133 234 236 222 305 306 1 100 307 308 
1 1 
1 1 
1 1 
3 309 133 1 
3 1 310 311 
1 1 
19 312 313 314 315 316 317 318 319 320 321 55 322 323 1 324 325 326 327 328 
3 329 330 1 
10 171 136 331 53 119 4 1 103 332 108 
4 333 334 335 1 
9 329 336 337 338 245 339 250 1 340 
5 76 64 31 85 1 
1 1 
1 1 
2 341 1 
6 342 53 343 184 1 82 
63 31 344 345 255 245 260 346 196 347 348 259 349 350 52 4 351 352 353 354 355 356 357 45 358 315 359 10 360 361 362 363 364 365 366 367 324 368 369 130 370 371 23 372 373 374 375 376 33 377 378 379 103 380 381 382 81 383 384 385 386 82 327 387 
11 388 389 390 4 306 391 392 393 394 395 396 
116 397 398 399 400 312 401 402 403 404 405 406 407 408 409 4 410 411 412 413 414 415 416 417 418 419 420 421 422 423 424 425 426 323 315 427 428 318 429 430 431 432 433 434 435 436 437 438 439 59 62 324 440 369 441 442 443 444 445 446 447 448 449 450 451 452 453 454 455 456 457 458 459 460 461 462 463 464 465 272 466 467 468 469 470 471 472 473 474 379 475 476 325 477 478 116 479 480 481 482 43 483 484 485 486 487 488 314 489 326 490 491 492 327 493 494 495 
13 496 497 4 498 499 500 183 74 501 502 503 504 505 
92 506 507 496 508 4 509 510 511 512 513 514 222 515 31 516 517 518 499 519 520 521 522 523 524 152 525 526 527 73 66 266 528 529 363 68 530 531 532 88 533 534 535 536 537 538 539 540 541 184 542 543 544 545 546 547 548 549 550 551 552 553 554 555 556 557 558 74 559 560 561 562 563 564 565 566 567 568 569 501 570 571 572 573 574 575 576 277 577 503 578 214 579 
24 580 581 582 68 583 4 584 585 586 92 95 368 587 588 271 589 23 590 591 592 593 594 595 109 
27 596 55 597 598 599 4 600 601 602 603 430 604 605 606 607 270 608 609 610 611 319 612 613 614 615 616 617 
53 618 619 620 621 622 623 624 625 497 4 626 627 628 629 630 631 632 601 633 634 635 636 500 637 638 639 640 641 642 643 644 645 646 647 589 648 649 650 651 652 653 22 654 655 179 656 502 177 657 658 659 660 661 
10 245 662 250 663 664 665 666 4 68 667 
7 65 55 119 4 668 81 108 
38 669 119 670 133 136 78 671 4 672 673 674 675 676 70 77 677 678 679 680 165 681 682 683 96 684 685 686 687 688 689 690 691 692 693 694 695 696 109 
9 4 83 697 48 698 6 101 699 109 
13 700 701 702 703 704 4 185 705 706 62 707 708 709 
68 73 710 509 211 711 712 72 207 713 57 515 196 714 4 627 715 716 717 718 719 720 721 722 92 636 723 198 724 725 726 6 727 166 728 546 729 123 730 731 732 84 733 23 734 460 735 102 736 737 738 739 740 382 568 741 613 742 743 744 745 746 277 747 748 503 749 291 750 
32 751 582 497 4 752 627 632 753 500 637 754 755 639 756 640 643 645 757 648 649 653 654 656 758 502 177 759 760 660 761 762 505 
35 574 61 73 213 72 763 57 764 765 257 766 496 767 4 768 627 769 164 770 539 95 542 771 371 183 772 559 377 773 58 581 774 775 745 776 
15 72 213 777 667 621 711 625 4 632 778 754 267 779 640 102 
9 780 781 782 63 4 783 784 785 109 
44 766 786 787 4 788 718 789 790 791 792 793 794 795 796 797 14 798 799 133 800 801 110 547 802 803 804 805 806 734 807 808 809 810 398 811 812 813 814 815 816 817 818 819 291 
13 507 4 511 69 636 66 820 68 646 821 558 74 822 
126 823 824 825 826 57 827 828 829 258 830 507 78 831 832 751 27 261 4 833 834 835 836 514 222 837 627 515 218 518 838 718 719 499 520 522 523 839 840 524 152 841 842 636 66 753 266 843 500 844 845 846 68 847 848 849 638 6 850 539 851 368 852 853 854 855 856 857 858 859 542 543 771 583 546 371 547 271 289 191 554 183 860 861 862 734 102 863 864 865 772 559 866 867 868 869 870 871 564 872 873 874 875 876 877 775 501 878 879 502 880 759 881 882 174 883 884 885 277 886 82 503 387 887 214 888 76 
10 72 57 621 56 574 537 4 627 198 889 
37 890 891 892 375 893 894 895 257 896 4 897 21 898 899 900 190 901 902 293 903 904 905 272 33 906 907 908 909 910 911 81 912 294 913 914 304 915 
24 73 916 240 667 917 188 256 918 248 919 78 4 83 697 920 48 6 96 685 166 729 743 108 109 
11 63 921 255 922 923 250 924 4 673 218 362 
40 250 63 240 922 925 926 921 927 916 570 928 73 76 929 930 4 783 784 677 931 932 165 933 934 96 219 935 685 270 936 273 937 471 938 274 81 939 276 940 109 
1 5 
4 941 942 943 5 
22 944 729 945 97 232 800 33 946 75 5 564 169 53 947 948 62 78 949 950 234 951 378 
15 952 953 10 52 73 954 955 53 956 372 5 957 958 196 959 
4 76 64 6 743 
17 250 960 961 66 727 929 962 922 570 963 925 92 6 964 729 965 966 
5 697 48 6 743 967 
32 968 969 970 971 631 718 972 973 974 975 976 977 6 978 979 729 734 980 981 377 982 983 984 985 382 812 814 986 987 988 989 990 
10 240 136 110 991 961 256 992 255 6 743 
35 993 57 994 995 996 997 998 999 1000 723 1001 6 1002 1003 293 803 1004 1005 1006 731 860 102 1007 1008 1009 877 1010 742 743 1011 1012 889 387 291 1013 
4 984 6 1014 1015 
5 1016 990 1017 6 91 
5 90 1016 104 1017 6 
22 1018 1019 1020 216 1021 6 925 1022 250 1023 1024 1025 84 1026 570 270 31 66 582 58 1027 842 
2 6 1028 
5 1029 6 1030 1031 8 
13 1032 1033 1034 1035 1036 586 6 890 58 68 581 463 1037 
14 1038 921 1039 165 63 729 6 78 679 916 76 270 121 925 
4 1040 1028 6 81 
4 1041 1042 6 1043 
13 1044 754 272 1045 1046 1047 1048 1049 1050 165 336 6 570 
18 1051 588 1052 1053 1054 1055 1056 1057 1058 1059 1060 36 1061 6 1062 1063 1064 316 
6 1065 1066 984 6 64 1067 
14 1068 73 1069 248 31 88 925 1070 6 66 69 1071 446 294 
3 45 53 6 
4 1016 1017 6 91 
4 6 277 841 842 
5 6 362 1072 196 1073 
5 6 112 1074 169 1075 
9 45 109 270 6 76 668 62 677 779 
16 165 63 64 782 58 6 70 1076 76 78 783 1077 677 1078 940 108 
38 71 136 1079 173 1080 1081 234 261 222 1082 722 670 845 1083 267 1084 977 165 368 1085 1086 1087 7 87 1088 29 1059 1089 1090 1091 1062 1092 1093 1094 304 748 1095 1096 
87 1097 1098 1099 1100 704 1101 1102 1103 1104 1105 1106 1107 1108 1109 1110 1111 1112 1113 1114 1115 1116 126 1117 1118 1119 1120 1121 1122 1123 433 1124 1125 1126 1127 1128 1129 1130 1131 1132 1133 1134 1135 1136 1137 1138 1139 452 1140 1141 1142 1143 1144 1145 1146 1147 1148 1149 1150 1151 1152 1153 8 1154 1155 1156 1157 1158 1159 1160 1161 1162 485 1163 1164 1165 1166 1167 1168 1169 1170 1171 1172 708 1173 1174 1175 1176 
57 1102 1177 1178 1179 1180 1181 1182 261 1183 1184 1185 1186 1187 1188 1189 1190 1191 1192 1193 1194 1195 1196 1197 1198 1199 1200 1201 1202 1203 1204 1205 1206 1207 1208 1209 1210 1211 1212 1213 1214 8 1215 1216 1217 1157 1218 1219 1220 1163 1221 1222 1223 1224 1170 107 1175 1225 
23 1226 1227 1228 1229 1230 1231 1232 1233 1234 1197 1235 1236 1237 1180 1238 1239 8 1240 1241 1242 1243 1244 1245 
7 1246 1247 1248 8 1249 1250 1251 
4 1249 1246 1248 8 
7 1252 1031 55 8 703 1197 1253 
5 1249 1247 8 1246 1248 
6 1254 255 1255 1256 9 1257 
86 1258 329 1259 1260 1261 1262 1263 664 248 1264 506 258 260 1265 261 1266 351 1267 1268 1077 31 1269 718 45 789 1270 1271 63 670 1272 266 1273 1274 963 267 1275 779 14 1276 1277 979 851 62 853 800 169 9 1278 1279 123 1280 1281 1282 862 734 980 1069 1283 1284 981 272 1285 1286 1287 1288 1289 348 1290 922 1291 1079 1292 883 1293 992 1294 277 1295 988 278 1296 1297 1298 1299 1300 750 
3 1301 9 1302 
17 250 251 1303 1304 1256 1305 677 1306 165 368 96 9 123 379 1307 1308 750 
5 1309 9 1310 1311 819 
6 121 1312 66 119 1313 9 
8 168 9 1314 125 1315 1316 1317 293 
10 1318 1315 10 900 293 1319 1078 1320 911 124 
16 1178 1321 1322 1323 128 111 894 1324 1325 1326 1327 1328 1329 10 1330 708 
4 1331 1332 218 10 
21 1333 1334 126 1335 1336 1337 1338 1339 10 1340 1341 1321 1342 450 1343 1344 1345 1346 1347 1348 1349 
4 621 1350 10 1351 
9 10 356 1352 362 756 1353 53 507 1354 
15 1355 234 222 225 14 226 1356 1088 29 1357 1090 135 1358 304 1359 
6 1360 1361 1362 1363 14 1364 
99 1365 1366 248 253 963 1264 924 1367 1259 1368 136 1369 255 890 1260 1370 1371 188 71 1372 1373 234 1374 1375 261 1376 1377 343 222 676 1378 716 1014 718 36 972 1379 1380 63 1381 1273 1382 1383 1083 225 530 1384 14 1385 270 445 1386 1387 1388 1088 1389 1280 1390 649 734 980 1090 1391 227 1392 40 981 273 1393 1394 1395 810 1286 1396 564 275 1397 1398 1399 1400 276 1401 1402 1403 1404 1405 913 987 1406 304 1407 1408 1409 1410 1411 1412 1413 1096 1300 
12 1414 1415 1360 1416 1417 1418 1419 1420 14 1421 1422 1423 
28 1424 131 234 229 222 36 1380 1425 1083 225 1426 1427 1428 14 226 1088 29 1429 1430 1357 1090 1431 1432 1433 228 304 303 1434 
73 1263 506 1435 1436 261 995 833 222 1437 45 1438 1439 1440 1270 1441 63 1442 670 1443 678 1083 225 976 267 1001 1444 1445 779 14 534 1446 853 133 858 232 110 371 1447 1279 87 804 1448 1280 1056 1449 346 1069 1090 1450 272 1451 1452 1453 1454 561 1455 382 741 1456 1457 574 1458 1459 746 1294 1311 278 1460 1461 1462 750 1463 1464 
18 1465 1466 1467 1468 341 234 767 584 1469 588 1470 1471 1472 1473 1474 337 15 1475 
61 1476 1477 1478 1479 1480 1481 140 1482 1483 1484 1485 1486 1487 1488 1489 1490 1491 1492 1493 1494 1495 1496 1497 1498 1499 1500 1501 1502 1503 1504 1505 1506 1507 1508 1509 1510 1511 1512 1513 1514 1515 1516 1517 1518 1519 1520 1521 1522 15 1523 1524 1525 1526 1527 1528 1529 1530 1531 1532 1533 1534 
4 705 1000 15 1314 
20 1535 1536 1537 1538 142 143 1539 1540 1541 138 1542 1543 1544 1545 1472 1473 1507 1513 15 1546 
39 1547 1548 1549 1550 1551 1552 1553 1554 1555 1556 1557 1558 1559 1560 1561 1562 1563 1564 1565 1566 1567 1568 1569 1570 1571 1572 1573 1574 1575 15 1576 1577 1578 1579 1580 1581 1582 1583 1584 
14 171 833 140 1585 371 1392 1472 1473 172 15 1586 1531 1587 1588 
12 140 1589 1392 1472 1507 1590 15 1586 1531 1587 1413 1584 
9 1260 232 1591 705 584 588 15 172 1592 
4 232 15 302 35 
19 215 1593 1594 1595 207 1596 1597 1598 1599 35 1600 1601 757 879 1602 16 1603 1604 762 
11 1605 197 1606 1607 1608 1600 1609 333 16 1610 888 
4 1611 1612 1613 16 
2 1614 16 
8 16 1615 831 1616 1617 1618 1619 1620 
5 1621 16 1622 1623 152 
13 1624 73 156 151 16 240 640 1608 191 621 1600 57 1621 
4 1625 16 156 1626 
11 1627 1594 1628 646 1629 826 944 1630 16 1631 32 
4 16 1621 1632 1609 
11 207 210 16 879 1600 1455 1633 1605 152 153 157 
5 16 1600 1595 156 32 
2 1634 18 
46 1635 1636 1637 1638 1639 1640 1641 1642 1643 1585 1644 1645 1646 1647 1648 1649 1650 1651 1652 1653 1654 1655 1656 1657 1658 1659 1660 1661 1662 1634 1663 1664 18 1665 1666 1667 1668 1669 1670 1671 1672 1673 1674 989 990 1675 
8 1676 1677 1678 1679 18 1680 1681 1682 
10 1683 1646 1684 1399 18 1685 794 1400 766 1686 
10 497 20 679 842 857 186 331 1687 1688 1689 
5 20 1690 1691 581 375 
4 20 570 1465 68 
20 78 20 110 953 501 250 121 780 921 564 63 880 642 1692 672 1693 1694 96 99 109 
7 66 570 76 1695 1696 20 1697 
7 1698 1038 1699 1700 20 1701 1702 
18 1703 196 1318 1704 21 1315 218 956 220 293 1705 904 23 1319 1706 124 294 491 
13 186 119 185 21 998 1077 190 33 81 172 294 107 181 
2 21 1707 
36 1708 1366 173 1709 1710 1021 261 142 1711 21 218 45 1712 1713 779 798 1714 1715 1716 1717 1718 1719 227 1720 1721 1507 1395 1008 1722 1723 1724 1725 961 1726 1727 1728 
11 1540 1729 1730 169 1537 142 1538 1692 21 1693 144 
57 1731 1732 1733 1734 1735 1736 1737 1738 21 1739 1740 1741 1607 171 1742 1743 1744 1745 677 1746 1747 1748 1427 1749 1194 1750 1751 1428 1752 1753 1754 110 1755 1756 1708 1757 1758 1759 861 1760 227 1761 1762 1763 1764 1765 1766 1767 1287 1768 1019 1769 1770 1771 1307 1772 1773 
15 73 1021 636 1774 756 1775 821 1776 22 1777 179 1706 758 576 1778 
21 1779 632 721 1780 637 755 639 756 640 1775 1781 1782 1783 1044 22 179 758 1784 660 1785 1778 
13 1021 631 632 1780 1775 1786 1782 1783 22 179 177 1787 660 
18 67 176 621 710 60 620 1788 630 178 632 601 753 500 640 645 22 502 505 
21 625 627 632 633 634 622 755 756 546 644 589 649 652 22 618 655 177 658 659 660 661 
13 660 1789 22 1778 1790 174 175 621 620 60 1791 176 632 
19 1792 1793 1794 335 1795 1796 1797 1798 1799 1800 1003 1801 1005 1802 23 1803 1804 1805 1806 
3 1066 169 23 
20 1807 1808 1809 1810 1811 238 1812 988 1813 1814 237 1815 945 1816 242 1817 1818 1819 23 822 
18 621 1820 1821 1822 73 68 1823 56 1824 1825 1826 1827 1828 1693 1829 23 1830 1831 
13 57 1832 621 252 1833 496 261 52 218 1834 23 1835 1836 
4 65 169 705 23 
9 1837 1838 987 812 1839 1840 162 169 23 
3 1841 1842 23 
25 250 249 256 1263 916 1843 1435 1844 218 1845 1846 1847 963 933 133 1848 804 23 1849 1850 812 814 1851 988 76 
3 1852 23 1853 
12 75 169 1854 1855 336 292 1050 375 1690 1468 668 23 
32 1856 1596 1857 1858 73 1859 1860 1861 1862 1863 1864 1865 1866 1867 627 1868 152 1869 1870 1871 1872 1873 23 1874 1875 272 867 656 1876 744 1877 1878 
29 215 1879 1598 212 1880 1881 1882 768 1883 1884 1885 1886 1887 1888 371 1889 23 1890 558 376 772 1891 1892 773 1893 1894 1895 775 1896 
2 1897 23 
2 1898 23 
3 1899 23 1900 
64 1901 1902 623 1903 1904 831 1905 582 1906 833 1907 1908 1909 627 515 1910 718 719 1911 721 633 898 636 66 1912 1913 1914 1045 366 534 1915 641 1916 232 293 642 371 644 1917 1918 648 23 734 558 651 1776 1919 740 1920 382 168 1921 658 1922 1923 1314 106 1012 53 82 1924 504 1727 1013 
7 31 1925 1926 1927 147 1928 23 
14 992 1929 309 74 266 1930 214 66 1931 330 1932 23 1933 291 
1 25 
7 1934 1935 1936 1937 1938 201 26 
16 1939 1940 1941 1942 1943 1944 1937 1945 1946 1947 1948 200 1949 1950 1951 26 
16 1952 1953 1954 1955 1956 1957 1958 1018 1959 1960 1024 1961 1962 1573 1963 26 
7 1964 1965 1966 1967 1968 26 1969 
6 1965 1964 1947 1970 26 1971 
28 1972 1973 1974 1975 1976 1977 1978 1979 1980 1981 1982 1983 1984 1985 1986 1987 1988 1989 1990 1991 1992 1993 872 26 1994 1995 1996 1997 
8 1965 26 1947 1969 1998 1999 2000 2001 
37 2002 2003 496 27 2004 2005 721 1598 2006 66 2007 146 2008 2009 2010 855 546 2011 2012 2013 2014 2015 2016 2017 1768 156 879 1853 2018 2019 2020 2021 2022 2023 713 2024 2025 
10 751 27 2026 820 2027 2028 543 2029 2030 1768 
5 27 2031 820 543 2032 
27 751 27 2033 215 2034 2035 1596 2036 2037 539 543 2038 757 2039 2040 2041 2029 2015 2030 156 2042 1853 2043 2044 2045 762 2046 
21 751 27 2047 2005 1598 2006 66 820 2048 2009 855 2049 646 589 2040 2050 2051 2052 2030 2018 2043 
45 2053 621 215 2046 2054 2055 2056 625 27 514 752 2057 2058 524 1913 1879 820 849 855 192 543 583 2059 646 647 944 2060 1317 1874 1890 1594 2061 2029 1593 2062 2063 2064 654 618 2065 1602 2043 1877 2066 761 
19 507 1905 27 631 69 2067 840 820 68 754 2027 2068 852 855 543 2069 2070 501 214 
33 213 824 826 537 1367 2071 2072 522 73 57 27 768 836 1082 723 198 848 855 857 543 2073 2074 731 861 1620 772 687 1892 773 613 742 2075 2076 
56 210 2077 2078 751 27 1907 2079 752 2080 2081 2035 2005 2057 2082 1598 2036 2007 2083 146 1913 820 2084 2085 1870 2086 2009 2087 192 543 2088 646 944 757 1890 2089 227 2040 2050 2090 2091 2051 1597 654 656 212 2042 879 1602 2092 2018 1595 2093 713 761 2094 762 
2 27 92 
1 27 
15 2095 171 250 188 127 77 73 168 184 962 921 261 28 2096 570 
5 985 1398 28 2097 78 
7 168 267 28 362 1318 378 741 
20 1366 1259 2098 2099 1685 397 2100 267 2101 2102 1279 2103 29 862 1008 2104 1397 570 2105 961 
28 136 135 2106 57 133 131 712 110 2107 266 2108 2109 2110 73 765 234 229 2111 2112 36 845 226 29 1357 1432 382 2113 304 
24 2114 1052 2115 1741 2116 2117 2118 234 2119 2120 2121 2112 2122 226 2123 29 1357 810 2124 2125 304 303 2126 2127 
1 29 
13 136 131 2128 133 135 1088 29 1090 2129 228 2130 304 1074 
13 131 1741 135 230 223 1090 222 1304 29 1357 228 2130 303 
17 2131 173 2132 2114 2133 171 133 2110 1720 215 2134 713 961 2135 29 1008 1286 
12 226 135 2136 225 1741 229 36 1426 29 1432 2113 303 
12 135 222 234 1426 2137 29 1357 810 1432 228 304 303 
6 234 36 226 29 1432 303 
2 890 29 
27 2138 923 136 1260 245 196 309 584 1077 705 2139 2140 144 145 588 2141 29 1474 1451 2142 911 741 81 914 2143 2144 1584 
6 2145 1170 2146 2147 29 2148 
19 133 110 303 137 498 2112 135 1432 582 131 230 223 229 222 36 589 29 810 81 
29 2149 398 397 1108 2150 2151 2152 2153 2154 324 2155 2156 2157 2158 2159 29 2160 1391 2161 909 2162 2163 2164 2165 2166 2167 2168 1831 2169 
7 2114 2170 2134 2171 36 29 1924 
91 1817 2172 242 1782 2173 2174 2175 2176 2177 2178 2179 2180 2181 1807 2182 182 2183 2184 2185 2186 2187 2188 2189 2190 2191 2192 1810 2193 2194 2195 363 931 2196 2197 2198 2199 2200 30 2201 2202 945 2203 2204 2205 2206 2207 2208 2209 2210 2211 1819 2212 2213 2214 2215 2216 2217 2218 2219 2220 2221 2222 2223 2224 2225 822 2226 2227 2228 2229 1812 2230 1808 2231 2232 2233 2234 2235 2236 246 2237 2238 2239 2240 2241 2242 2243 2244 2245 2246 2247 
256 2248 2249 2250 2251 2252 2253 2254 2255 2256 2257 2258 2259 2260 2261 2262 2263 666 2264 2265 2266 2267 2268 2269 2270 2271 2272 2273 1029 2274 2275 2276 2277 2278 2279 2280 2281 2282 2283 2284 2285 2286 2287 2288 2289 2290 2291 718 2292 243 2293 2294 2295 2296 182 2185 1911 2297 2298 2299 2300 2301 2302 2303 2304 2305 2306 2307 1810 2308 2309 2310 2311 2312 2313 2314 2315 2316 2317 2318 2319 2320 2321 2322 2323 2324 2325 2326 2327 2328 2329 1045 2330 2198 2331 1016 2332 2333 30 2334 2335 2336 2337 945 2203 241 2338 2339 2340 2206 2341 2342 2343 2344 2345 2346 2347 2348 2349 1819 2350 2351 2352 2353 2354 2355 2356 2357 2358 2359 2360 2361 2362 2363 2364 2365 1814 2366 2367 2368 2369 2370 2371 2222 2372 2373 2374 2375 2376 2377 2378 2379 2380 2381 2382 2383 2384 2385 2386 2387 2388 2389 2390 2391 2392 2393 1319 2394 2395 2226 2396 2397 2398 2399 2400 2401 2402 2403 2404 2405 2406 1812 2407 2408 2409 2410 2411 2412 244 2413 2414 2415 2416 2417 2232 2418 2419 2420 2421 2422 2423 2424 2425 2426 2427 2428 2172 2233 2429 2430 2431 2432 2433 2434 2435 2436 2437 2438 2439 2440 2441 2442 2443 2444 2445 2446 2447 2448 2449 2450 2237 2451 2452 2453 2454 2455 2238 2456 2457 2458 2459 2460 2461 2462 2463 2464 2465 2466 2467 2468 2469 2247 2470 2471 2472 2473 247 
68 2474 2475 2476 2477 2478 2479 2480 2481 2482 2483 2484 2485 2486 2487 2488 2489 2490 2491 2492 2493 2494 2495 2496 2497 2498 2499 2500 2501 2502 2503 30 2504 2505 2506 2507 2508 2509 2510 2511 2512 2513 2514 2515 2516 2517 2518 2519 2520 2521 2522 2523 2524 2525 2526 2527 2528 2529 2530 2531 2532 2444 2533 2534 2535 2536 2537 2538 2539 
33 78 1259 2540 764 152 991 2541 975 2542 30 685 2543 549 2544 87 2545 1370 2546 2547 2548 1631 1290 2549 2550 309 2551 573 2552 255 2553 2554 888 76 
9 238 2555 1816 244 2556 1808 1813 1814 30 
97 2557 2558 2260 2559 2173 2560 2176 2561 2562 2272 2281 2180 2181 718 243 2182 182 2183 2185 2186 2563 2187 2188 237 2190 2191 2564 2193 2313 2320 2565 2195 2566 2196 1045 2567 2333 30 945 2568 2569 2206 2346 2208 2211 1819 2570 2571 2572 2363 1814 2573 2215 2368 2216 2217 2218 2574 2575 2220 2576 2577 2222 2578 2223 2385 2579 2225 1319 2226 2400 2580 2404 2228 1812 2412 244 2581 2231 2582 2421 2583 2584 2428 2585 2586 2587 2234 2235 2588 2589 2458 2241 2463 1300 2246 247 
17 2580 1814 1808 2556 238 242 1816 2283 2590 2591 2193 30 1819 246 2592 2593 247 
51 2594 1813 2268 242 2320 238 1814 2595 2596 2174 2597 2179 2281 2598 2181 2185 1911 2599 2556 2193 2313 2600 2195 363 30 241 2601 2206 2207 2211 1819 2368 2220 2602 2371 2225 2603 1319 822 2412 2231 2428 760 2234 2235 246 817 2456 2241 2463 247 
55 260 2604 2605 350 1265 31 1271 263 1080 361 2606 531 536 30 2607 540 2608 232 547 2609 549 553 2610 373 2611 2612 2613 1370 667 2614 823 2615 566 47 569 2616 1290 309 2551 573 2617 2618 61 574 575 2619 576 2620 577 53 278 1924 2621 1299 579 
13 2622 2335 2623 2624 237 30 244 2580 2241 2625 1816 2280 243 
7 243 30 242 945 1814 244 238 
56 1263 506 258 665 2626 2605 1435 2627 1259 31 2540 2628 1271 1080 1273 900 1368 2629 133 2630 800 2608 2631 547 2609 2632 551 804 2633 1695 1281 919 102 1370 119 1258 256 667 869 2614 561 1835 2634 911 567 569 2635 880 309 1079 924 2636 992 2620 2637 76 
11 31 991 2638 2542 2631 1258 256 2639 2549 188 255 
76 78 2640 673 2627 674 2641 2642 1259 31 218 1305 77 2540 2643 962 92 677 2541 975 2638 2644 963 679 680 165 727 2010 681 2645 2646 2647 2648 2649 685 2631 729 2632 2545 84 1281 821 1283 2650 1258 256 667 2651 2652 2614 2653 2654 2655 47 567 2656 2657 2095 570 309 922 2658 692 121 2618 61 1851 2659 576 2660 188 2661 782 2662 2025 579 2663 
11 31 2643 962 2638 2644 570 922 121 2664 925 2665 
16 329 2666 260 2667 1021 31 264 799 184 800 2577 2668 377 1706 2669 2670 
12 2671 506 1435 31 1272 2629 1276 133 2649 2672 804 667 
20 506 2627 1259 31 764 2673 2674 2675 727 2676 269 2543 2677 1824 2678 693 2679 2680 2621 1299 
28 2681 249 240 1263 259 2682 260 1435 673 2683 31 77 2684 530 133 858 801 87 804 2685 2686 2687 2688 2689 2690 118 53 387 
36 1262 248 249 250 1263 1843 2641 1267 31 1270 1271 1441 529 530 2606 976 1368 1276 1446 1278 87 2685 981 2655 382 566 2657 812 814 309 2691 2552 188 988 1298 76 
8 75 31 2692 2693 2694 68 1400 304 
18 119 73 248 1793 824 890 2695 31 2696 525 1792 2697 2149 2168 1460 887 617 2698 
6 31 53 255 260 2699 2700 
12 2681 245 255 31 252 119 259 366 368 2701 2686 53 
18 136 112 1079 1069 961 133 110 73 171 988 31 2702 184 925 119 897 218 362 
1 31 
6 710 2703 620 31 2704 245 
2 31 252 
1 31 
19 712 31 57 119 73 222 2067 198 2705 851 861 2706 562 564 501 2707 2708 2709 2710 
15 221 136 804 110 925 988 1069 119 31 1079 69 961 220 270 274 
12 710 31 2711 2712 2713 2714 2715 2716 2717 2718 2719 2720 
6 254 31 2721 2722 872 568 
24 1390 921 31 78 267 925 133 59 916 928 779 1692 672 92 677 931 96 293 273 2723 275 276 940 108 
10 73 277 2724 842 31 58 627 841 712 2725 
19 75 815 119 890 2241 2726 2727 756 338 2728 136 55 31 2729 191 988 754 99 2730 
14 916 779 78 925 921 270 1390 31 331 133 292 677 931 276 
7 31 2731 779 78 267 2732 925 
9 2733 270 2734 1014 304 133 2735 2736 31 
13 292 78 331 133 916 31 270 273 925 2737 2738 325 326 
18 31 2739 765 842 863 119 73 501 66 2740 846 57 574 2741 271 594 105 694 
9 136 31 2742 119 245 1258 2743 2744 340 
5 1368 2745 2740 31 2746 
18 826 284 285 2747 2748 2749 32 2750 287 2751 2752 2753 2754 2755 283 1621 888 2756 
1 32 
7 624 32 719 635 2757 740 2758 
8 2756 285 280 32 2741 2759 2760 2761 
22 2762 285 280 751 624 2748 32 2763 2764 2765 2766 2767 2768 1917 2751 289 2769 1214 2770 2771 2772 2773 
12 280 2774 32 2775 2768 2776 284 2770 2771 2777 283 2756 
5 32 2778 2779 2780 2781 
4 2782 2783 32 280 
7 32 2784 2785 1621 1613 2786 1631 
9 2030 32 284 1622 2787 2788 2789 2790 73 
3 32 2791 1622 
11 1931 2696 514 1874 71 198 88 66 309 890 33 
11 2792 2793 925 190 2794 273 33 276 2795 294 2796 
13 1314 196 2797 270 168 2798 33 124 75 125 2799 88 1690 
11 2800 33 2801 168 102 304 1078 75 2802 169 292 
3 2803 34 297 
2 2804 34 
6 2805 295 2803 2806 34 2807 
3 2808 1077 35 
11 2809 1814 2224 1816 2810 945 2811 301 2812 35 2813 
1 35 
3 2814 35 299 
3 35 2815 145 
13 230 223 135 228 226 229 234 36 1426 2159 1391 1432 2816 
20 222 257 2817 225 133 2818 229 2819 75 110 223 1741 135 131 36 2820 2821 649 275 294 
2 2822 36 
3 570 36 54 
9 2747 2823 460 2824 2825 1613 1726 2826 36 
3 2827 2067 36 
28 2605 245 916 2828 1260 663 2616 1303 256 250 248 240 2553 835 631 519 198 931 2207 232 371 2611 40 1285 382 712 2621 291 
3 2829 2830 41 
3 2830 41 2831 
41 1190 2832 2833 1326 2834 318 55 2835 2836 2837 2838 2159 1167 2839 416 417 2840 323 2841 2842 2843 324 2844 2845 2846 2847 2848 2849 2850 2851 2852 43 2853 2854 2733 326 2855 327 2856 2857 2858 
7 1180 2859 2860 2861 2862 43 2863 
10 943 1180 1466 55 2864 2865 2866 2867 43 2868 
5 952 1764 55 53 43 
8 2869 2870 2821 2871 100 464 2872 43 
9 1180 666 2873 2874 43 2875 2876 2877 2797 
24 2878 2879 55 1190 1167 312 2880 2881 411 2882 2883 2884 2885 324 2886 2887 2888 2850 2889 480 481 43 2890 2796 
8 2891 2892 59 2893 2894 1439 43 2895 
17 2896 2897 1180 2822 2898 402 2899 411 429 2900 369 322 2850 2851 43 1402 2797 
1 43 
3 320 1078 43 
7 1190 2833 43 1167 312 55 327 
8 235 43 952 53 318 1178 55 312 
4 55 43 276 782 
6 312 55 2833 679 43 276 
5 323 43 53 312 55 
3 43 436 1167 
14 2667 531 1688 2629 119 377 1767 47 1723 880 1402 252 44 992 
9 916 1263 1259 198 727 2010 44 889 2025 
6 45 162 273 276 1475 1300 
2 45 901 
4 1610 147 1606 46 
3 46 557 1793 
25 1263 46 1743 1797 1798 2008 1628 2037 538 856 1794 1800 1003 1801 1005 1802 2697 1792 1804 1793 2783 180 2075 1805 1806 
6 1050 190 99 911 47 1527 
4 1690 137 668 47 
17 1907 1232 789 973 1445 534 2607 1066 2123 2137 1279 1069 272 47 1458 1311 990 
3 1050 911 47 
3 47 278 2097 
4 1466 137 647 51 
1 52 
8 1426 1432 133 1152 2159 52 1391 2848 
1 53 
1 53 
3 136 368 53 
2 368 53 
5 119 1258 2631 2619 53 
1 53 
4 245 53 1697 1007 
5 2098 952 53 2668 119 
1 53 
1 53 
3 1452 952 53 
1 53 
5 1171 1354 507 53 130 
3 890 53 2886 
1 53 
1 53 
1 53 
4 53 245 1007 373 
7 53 261 77 2590 130 220 106 
17 1392 636 517 1467 507 387 1079 2143 737 1814 244 1016 57 2576 237 53 364 
6 2109 1079 507 53 363 517 
1 53 
5 53 196 2542 260 2686 
3 53 1295 1741 
11 346 53 110 121 2542 73 1023 260 582 58 347 
4 55 53 320 2152 
2 635 53 
12 73 142 136 68 1312 501 309 196 53 737 1090 192 
3 923 53 82 
5 1007 361 245 1697 53 
3 1295 53 1741 
14 890 53 1335 1000 163 190 1690 860 1451 561 911 2143 1314 75 
5 192 515 53 1312 1090 
13 68 329 988 53 2129 252 86 727 961 1688 1620 1767 1402 
4 53 1793 220 81 
4 55 53 121 923 
2 53 929 
1 53 
13 196 1538 1697 53 136 222 309 1310 66 1079 501 256 86 
2 53 1127 
1 53 
2 53 1127 
1 53 
9 255 73 2542 88 53 2181 517 363 1008 
1 54 
1 54 
2 54 396 
1 54 
1 54 
1 54 
1 54 
3 890 54 1323 
2 54 390 
14 221 55 1111 235 418 2152 2154 1127 2157 453 457 472 984 482 
15 71 55 411 235 2151 2152 721 899 431 2154 441 1916 2157 457 909 
5 751 55 1913 820 762 
2 1323 55 
13 2682 1127 1323 703 1466 55 2886 1626 784 2887 475 2851 2662 
4 55 1127 2878 320 
2 55 430 
2 55 1131 
3 2885 55 703 
2 55 2891 
2 1113 55 
1 55 
2 455 55 
3 423 1127 55 
6 55 318 398 1466 2878 320 
1 55 
3 454 457 55 
2 55 890 
1 55 
4 1177 55 1755 312 
2 55 312 
5 55 397 422 483 491 
2 457 55 
3 1750 1246 55 
2 1104 55 
3 55 482 418 
4 1113 2616 55 410 
3 1329 2834 55 
1 55 
1 55 
3 894 2149 55 
2 55 890 
5 480 320 2682 1764 55 
4 59 815 55 403 
4 398 55 455 463 
2 1180 55 
4 111 2833 55 1253 
2 1018 55 
1 55 
2 55 328 
1 55 
1 55 
3 55 1127 483 
4 2166 1127 1167 55 
4 2037 55 398 457 
1 55 
3 815 55 1429 
2 455 55 
4 133 55 2740 2878 
2 55 102 
1 55 
1 55 
3 55 815 1474 
2 128 55 
1 55 
2 111 55 
2 55 397 
5 2157 2037 55 457 413 
6 55 409 431 444 463 984 
2 1101 55 
10 2037 55 398 2154 2157 397 413 419 441 454 
1 55 
1 55 
7 1375 2060 2171 55 66 849 307 
2 1235 55 
2 55 2850 
6 55 455 431 95 487 494 
6 55 731 316 596 877 2869 
2 55 782 
2 1466 55 
3 2087 2090 55 
1 55 
5 55 691 2153 1391 2662 
2 691 55 
2 78 55 
3 55 397 1323 
2 55 793 
2 904 55 
3 401 1127 55 
3 1179 55 491 
1 55 
2 55 1127 
1 55 
4 318 1764 55 429 
3 55 318 1764 
4 55 397 1127 422 
3 418 55 439 
1 55 
4 55 1168 111 1175 
2 1205 55 
2 55 463 
5 1101 55 2158 2154 1070 
2 1113 55 
2 2101 55 
7 1314 1318 168 55 418 476 2102 
1 55 
4 1163 2886 55 1127 
2 55 463 
2 1152 55 
7 621 56 68 207 57 184 764 
13 629 574 56 537 67 1788 60 621 601 162 502 759 505 
8 56 234 601 861 560 568 505 661 
5 73 56 765 57 1586 
12 621 56 73 67 1788 537 627 629 574 60 177 502 
29 73 213 57 765 2696 2069 266 56 2173 1905 837 719 842 636 977 638 165 583 371 805 822 740 2228 382 1631 760 277 503 888 
13 500 177 574 621 60 497 629 1788 73 67 627 537 56 
5 57 56 73 501 66 
3 196 56 621 
10 574 177 498 67 497 621 537 56 754 650 
10 2616 254 890 136 248 924 119 253 1260 57 
14 621 711 213 73 72 57 712 537 574 517 356 363 364 130 
1 57 
6 57 712 1633 515 720 66 
1 57 
14 563 57 765 714 1826 1788 576 537 72 633 642 644 651 658 
2 57 2069 
1 57 
9 73 57 212 2791 849 2060 744 2066 291 
8 196 57 509 712 73 66 376 617 
4 994 57 1002 803 
9 1928 636 507 57 1079 1016 387 363 364 
6 73 57 977 805 693 1586 
4 309 765 712 57 
2 73 57 
3 57 621 670 
15 824 2072 1367 57 73 826 721 1914 848 543 552 861 1620 558 214 
3 73 57 1620 
7 824 73 57 583 642 212 613 
3 57 258 2008 
2 57 555 
2 765 57 
2 1261 57 
5 1017 256 2681 57 1697 
9 255 2627 2649 916 923 256 133 57 819 
5 57 1371 329 245 1824 
6 573 57 2078 1596 2049 1864 
2 994 57 
8 2540 1261 57 2067 136 2136 196 338 
1 57 
4 57 245 2677 1303 
27 1367 57 1371 507 582 497 511 629 631 601 636 500 848 543 771 74 652 567 775 502 1784 659 574 576 505 214 661 
4 335 57 1263 2136 
7 73 2072 827 210 828 68 57 
4 916 57 245 841 
1 57 
4 1023 68 57 73 
15 213 522 214 57 574 209 210 212 2054 537 73 208 215 2029 2065 
1 57 
3 57 2649 809 
12 621 820 826 2042 574 622 178 207 73 57 66 2588 
7 73 1310 71 245 248 880 57 
1 57 
6 828 57 245 240 2631 1255 
2 1254 57 
3 248 2108 57 
9 2049 711 57 1598 1879 522 2078 1867 1890 
3 57 245 991 
6 824 916 2647 921 57 73 
4 526 924 57 2057 
2 57 572 
2 334 57 
15 196 192 57 522 923 72 765 574 768 836 771 772 1892 773 775 
5 57 704 68 73 1323 
2 57 498 
7 136 375 57 815 1673 890 248 
2 266 57 
14 2254 1788 57 2684 765 2071 1826 826 511 820 567 2054 987 576 
6 266 57 73 133 165 81 
22 576 1788 2254 826 1826 2077 765 57 631 1780 637 727 639 1775 1819 643 1781 1782 1783 1044 758 1778 
4 245 2671 256 57 
14 1826 57 576 923 619 250 563 248 1788 537 637 1782 1783 987 
4 498 269 66 57 
9 245 798 1230 57 742 923 248 1392 1367 
32 250 962 804 251 963 922 57 921 960 925 221 78 1304 306 716 218 92 677 164 680 2645 685 166 729 965 99 2545 84 2651 2095 2658 966 
1 57 
3 765 57 556 
11 57 575 245 1262 1263 240 2149 532 1281 2615 880 
26 765 537 57 136 245 507 497 631 2067 601 500 820 68 848 543 546 861 558 74 652 502 2618 659 277 505 661 
4 245 57 2615 573 
21 563 1788 1826 537 245 765 57 174 619 250 1375 582 511 637 2010 1812 565 567 2758 1401 2025 
2 245 57 
3 57 2010 2025 
4 57 2632 250 245 
5 581 1036 58 591 592 
9 68 1036 163 95 587 863 58 592 580 
14 67 537 576 196 633 234 973 92 368 803 1470 58 983 986 
5 501 212 73 524 58 
7 232 588 2138 58 1654 137 144 
5 1710 591 943 58 2631 
4 58 1037 95 1356 
5 581 842 1775 58 1780 
9 2138 58 1654 232 137 584 144 100 1474 
8 58 632 234 60 178 211 1594 879 
2 2838 58 
5 580 1021 58 988 585 
5 923 58 1036 580 581 
3 58 1090 2824 
8 841 879 277 627 842 1784 601 58 
2 58 1023 
10 1950 1182 597 2100 59 1135 464 1941 1019 598 
2 596 59 
5 596 1940 1950 1419 59 
2 59 1704 
2 59 956 
11 537 629 621 574 640 60 497 498 177 59 594 
1 59 
1 59 
1 59 
2 614 59 
1 59 
1 59 
2 679 59 
3 703 59 679 
1 59 
2 59 1192 
4 793 1014 59 1315 
12 820 214 524 66 1255 1864 2690 2049 59 1594 1010 923 
4 943 1205 59 605 
6 1327 59 1127 1178 1175 1247 
1 59 
3 258 515 59 
12 1598 2054 1860 658 620 178 621 212 634 644 60 651 
11 631 637 2010 639 756 60 1782 1783 567 576 2025 
18 625 752 630 632 263 634 637 640 644 645 60 1776 618 179 656 177 2043 658 
48 507 623 1904 1832 496 497 129 1909 627 629 1910 69 521 152 601 633 634 636 500 637 639 756 184 641 546 1781 648 60 183 821 74 1776 618 179 2030 711 212 502 1784 177 2043 658 1922 1923 2045 504 505 661 
15 1788 178 623 1904 1909 627 634 820 641 642 546 60 651 658 1923 
6 622 196 621 2055 60 634 
5 642 282 284 60 944 
12 620 178 212 710 69 60 638 644 628 630 1914 642 
2 60 627 
20 68 820 642 196 60 191 178 66 74 73 67 621 622 626 753 500 271 1776 502 594 
6 625 777 633 60 778 754 
9 621 1788 537 60 497 601 500 502 661 
5 60 620 625 177 657 
14 309 176 537 565 86 60 574 619 213 1790 1780 1775 821 1787 
18 60 636 640 620 67 175 1703 69 177 178 176 660 2025 755 589 1781 179 758 
13 178 2046 621 511 2055 196 60 1904 582 628 1910 641 647 
11 178 618 622 621 710 60 620 623 1904 1840 2045 
5 642 60 282 370 1067 
20 501 174 66 72 621 60 537 196 73 1790 517 632 363 756 640 822 759 760 2066 660 
13 175 67 565 1782 1788 660 60 621 576 567 619 620 753 
5 1081 73 501 60 625 
9 619 565 621 660 1782 1788 67 175 60 
14 67 175 2025 660 620 1703 60 177 636 69 632 152 601 756 
9 622 823 60 196 621 1790 633 1909 1923 
13 644 622 60 511 625 196 624 627 524 635 165 1776 661 
6 565 2043 60 67 1909 1923 
15 710 60 511 2055 618 620 178 196 625 1914 642 645 649 651 653 
9 620 67 177 60 644 652 1620 866 653 
23 211 215 1879 1598 60 212 72 1867 752 2035 1913 820 2085 757 2089 2061 154 2051 654 656 1602 761 762 
5 60 1468 212 341 633 
4 60 67 196 621 
7 133 178 60 67 644 659 304 
2 60 505 
6 196 511 644 60 622 618 
8 659 60 537 178 574 1860 645 1778 
7 644 67 659 645 60 1620 866 
11 60 752 67 215 2043 761 656 212 646 757 762 
2 60 178 
13 191 620 60 215 646 67 2043 751 752 757 654 761 762 
2 60 630 
9 621 196 2055 618 511 622 178 60 620 
8 574 60 1860 537 178 649 652 653 
13 60 176 67 175 636 178 1021 632 637 639 756 640 179 
9 178 60 1788 537 621 574 498 629 642 
3 667 823 61 
8 2604 2543 667 809 309 61 712 2553 
5 2626 119 1288 61 992 
5 248 2553 61 765 2758 
8 238 2251 1029 1814 61 2205 2353 317 
12 61 2632 248 250 253 663 662 245 823 69 754 76 
4 190 62 337 108 
6 1435 698 63 2223 699 693 
9 1079 136 890 812 119 521 110 63 687 
4 921 63 681 692 
5 270 165 63 729 685 
8 921 924 255 63 250 77 923 922 
6 1038 250 916 63 925 921 
2 63 1060 
5 133 691 703 1014 63 
20 927 173 921 270 570 929 121 925 685 250 78 926 922 273 109 916 63 1038 679 108 
3 136 63 990 
13 1113 961 782 63 250 162 677 932 948 96 608 609 326 
8 63 922 926 916 250 929 925 570 
7 250 921 922 63 671 683 692 
3 925 929 63 
2 681 63 
1 63 
17 76 927 916 962 922 570 78 921 929 925 63 240 250 672 677 931 694 
2 690 63 
4 670 63 214 690 
1 63 
4 690 63 1275 691 
6 63 686 687 689 691 695 
7 690 689 63 676 2153 469 470 
4 671 681 250 63 
6 63 2138 518 669 1317 254 
6 1073 1296 277 1205 63 685 
3 690 63 1078 
1 63 
3 85 64 76 
6 1950 1538 669 64 1695 1542 
8 64 1542 1113 1538 1413 946 669 1399 
3 65 1196 1526 
3 65 1196 702 
3 1104 701 65 
21 1327 815 401 405 1111 65 1113 1185 676 2832 891 1329 1235 609 2161 1213 116 1157 1466 2797 2858 
28 1110 65 1115 1121 111 1339 793 1126 1750 2900 1329 1132 2145 2155 1135 1138 1205 1207 1142 559 1150 1151 1154 1155 1217 1160 1168 1169 
8 65 1538 185 139 232 1648 144 1471 
3 1217 65 707 
4 1195 65 1217 706 
5 1217 126 1195 111 65 
1 65 
12 2560 625 719 263 634 66 1913 268 644 740 177 1602 
9 621 507 69 2057 66 1879 552 744 1257 
11 663 765 309 507 509 222 515 519 66 266 271 
10 215 2012 207 66 2068 2009 2049 2032 227 2018 
3 511 66 1869 
1 66 
4 1310 570 66 133 
3 66 922 2073 
18 238 988 1294 71 66 819 86 1366 196 119 1750 73 1295 242 1720 2747 133 1175 
7 875 710 66 73 282 196 501 
2 66 509 
9 196 398 175 2054 1254 1255 66 522 207 
3 110 66 922 
10 1949 88 1255 820 66 214 923 1010 731 742 
1 66 
2 945 66 
2 66 2059 
10 66 2627 330 565 254 250 923 84 377 1851 
3 66 1779 1294 
16 84 86 66 963 570 250 76 961 988 1027 672 920 964 96 81 966 
1 66 
10 923 88 66 1255 1010 820 214 723 464 742 
2 66 2026 
1 66 
12 66 86 73 1366 988 119 71 1294 1295 196 819 133 
1 66 
2 66 2765 
6 66 833 363 1751 371 1924 
1 66 
1 66 
7 710 282 501 196 875 66 2761 
8 136 1538 1697 1446 66 1310 232 220 
15 66 1010 820 723 1949 88 2049 1864 923 214 731 1255 2073 773 569 
7 85 88 83 76 87 66 956 
4 66 711 514 191 
2 68 66 
6 1538 1310 136 1697 1446 66 
1 66 
2 110 66 
2 1538 66 
5 66 923 119 121 136 
18 210 399 67 2043 284 211 752 73 826 761 2767 2051 1595 215 208 2086 944 656 
12 212 656 620 215 2043 646 67 751 783 654 761 762 
5 67 637 177 627 73 
10 778 213 67 2727 505 667 69 628 99 272 
4 175 632 67 178 
14 67 621 178 174 640 175 660 636 1790 619 130 1819 1781 272 
12 2043 654 646 215 1597 146 656 210 761 67 2083 1602 
6 175 565 1790 632 67 174 
5 73 636 1317 67 497 
11 501 945 244 1812 1814 1813 67 2416 636 2181 822 
11 215 752 212 67 656 646 751 757 654 1602 762 
12 2050 654 215 399 761 2043 656 67 146 646 752 210 
4 890 786 68 1079 
8 240 916 254 496 68 1128 2606 2687 
16 665 511 222 499 519 527 68 558 563 565 501 572 574 712 576 277 
7 71 804 68 1399 1685 1686 161 
4 1465 68 137 1892 
6 214 192 68 830 558 931 
2 68 2320 
1 68 
6 68 558 73 923 537 1067 
7 68 923 192 214 73 558 830 
6 830 558 742 214 192 68 
2 68 776 
7 830 537 73 923 68 558 192 
4 68 1941 1360 774 
2 628 69 
4 69 628 754 1046 
12 171 136 925 119 961 988 1079 69 270 273 274 108 
3 70 165 2570 
2 70 901 
10 250 70 679 948 2738 1141 785 465 325 109 
4 78 70 109 752 
3 401 70 78 
2 782 70 
5 1103 71 763 890 796 
2 71 890 
1 71 
4 338 1297 71 119 
5 890 71 806 793 1168 
1 71 
1 71 
7 890 1168 71 704 790 473 612 
2 71 161 
5 2101 1769 71 1312 819 
3 890 786 71 
6 1540 1059 890 1837 71 2724 
7 171 71 923 1366 994 1370 569 
8 71 2683 1263 923 252 2666 1128 1043 
9 916 119 71 890 2610 252 248 1266 81 
6 255 1254 2690 71 1381 1008 
2 71 2822 
7 88 71 1729 890 2696 582 516 
22 71 1369 248 1368 890 1259 253 136 924 1366 255 188 2098 766 2100 267 2102 1279 1008 570 2105 961 
6 2696 501 1547 1081 71 518 
2 71 790 
2 1745 71 
4 71 1069 890 1369 
8 663 2620 2677 545 1303 71 1255 1260 
6 223 133 229 71 234 1256 
2 71 1303 
11 256 1539 1839 71 188 890 86 1837 670 186 980 
1 71 
16 86 890 1539 1839 256 988 71 188 970 972 973 1443 981 986 990 1464 
12 1178 1327 890 71 1113 703 430 443 449 272 561 1466 
1 71 
4 71 2632 244 1079 
1 71 
10 122 890 2609 1366 71 718 795 530 734 1027 
23 1596 563 1598 574 213 215 208 399 646 2049 212 72 209 622 211 1879 1864 627 723 546 731 613 742 
6 72 631 250 174 2025 621 
11 237 2241 1816 2176 945 244 72 182 501 636 760 
9 662 245 2632 1909 2642 73 641 667 1923 
9 258 522 840 524 73 855 554 881 214 
1 73 
32 830 280 1865 751 1596 522 73 2007 1869 1748 1871 2027 1628 2049 546 2070 944 1874 154 1864 2696 563 565 1255 879 881 2550 1878 1595 1308 2777 214 
4 73 2684 539 2825 
6 2002 73 2008 539 2825 549 
3 2783 856 73 
9 73 826 840 768 861 772 1892 773 775 
7 877 196 73 1618 2067 1619 150 
1 73 
7 136 196 73 737 142 2143 1924 
5 2136 2649 73 877 860 
2 309 73 
4 214 558 73 923 
3 73 501 902 
1 73 
1 73 
7 2071 213 824 73 830 2120 1620 
6 540 73 2741 271 594 105 
10 73 501 2741 162 92 587 271 594 105 277 
5 921 2739 73 863 846 
1 73 
6 110 222 2112 73 990 2113 
6 921 863 73 843 882 277 
1 73 
7 537 73 214 574 522 1905 861 
8 944 1598 73 1879 212 514 1077 460 
3 73 2026 2136 
5 119 1263 73 266 2150 
3 864 213 73 
3 73 119 136 
2 73 2008 
7 824 73 214 207 212 211 213 
3 73 335 829 
4 73 214 162 1892 
3 255 136 73 
1 73 
7 2136 877 834 2649 375 73 88 
9 173 574 214 522 498 73 848 266 830 
5 119 73 1259 221 1366 
8 73 581 921 920 843 846 885 277 
2 73 852 
1 73 
4 653 73 645 1620 
2 191 73 
1 73 
2 73 248 
4 1853 73 874 2649 
2 990 73 
4 269 73 205 1986 
1 73 
4 73 2649 870 2054 
9 2828 1853 73 2605 2649 719 740 878 2777 
2 894 73 
9 73 2067 2136 1271 88 831 834 860 464 
2 875 73 
16 1596 207 1593 215 146 1598 73 1864 1595 1597 1862 826 1863 589 156 594 
9 329 573 1258 248 73 916 1267 165 547 
5 1367 1303 824 826 73 
4 2740 73 2739 846 
3 73 1263 119 
1 73 
3 863 73 921 
2 73 1620 
2 258 73 
7 240 280 73 916 147 944 501 
4 88 74 330 2696 
80 506 258 1537 2119 763 1021 1435 786 787 1113 1114 1179 414 1036 357 1742 790 1712 2301 793 1745 428 670 2317 1747 1127 796 1750 2008 797 1445 1196 1277 95 133 800 2087 1690 1705 2609 803 2871 804 2367 1207 231 1429 2222 1180 1043 808 375 272 2668 1213 982 2090 1240 561 1008 1242 1706 911 1824 1157 1707 812 814 1243 1079 395 1168 815 819 1466 1174 75 1462 291 2896 
3 1180 703 75 
1 75 
4 2101 1327 1537 75 
19 1323 1110 1231 126 1315 2189 427 1885 1329 2866 1889 1142 1208 876 2851 1168 1314 75 1249 
1 75 
1 75 
3 1127 75 261 
2 75 196 
3 75 952 398 
4 1690 248 75 125 
4 75 781 1466 332 
4 945 837 1538 75 
2 944 75 
3 75 168 474 
2 75 943 
2 944 75 
1 75 
1 75 
4 398 952 235 75 
4 1354 75 2887 2723 
13 125 232 1468 375 890 339 1317 248 1690 336 75 1050 1855 
2 75 1060 
3 75 2878 133 
4 232 75 1538 2138 
2 75 2143 
39 78 2627 674 2642 2540 764 677 991 975 2674 530 680 1276 540 96 800 685 2543 270 2610 554 330 273 937 2677 938 2686 2656 2548 1255 1290 880 2550 276 309 188 2620 888 76 
1 76 
3 975 2545 76 
4 1303 1367 248 76 
3 729 76 863 
27 78 671 2640 673 674 218 77 677 843 846 165 681 2646 96 685 270 554 863 273 2650 2548 2095 570 2658 940 885 2662 
16 251 119 250 78 673 717 77 722 677 680 681 2646 685 84 2653 570 
38 1373 2640 1436 673 836 77 2106 1645 2869 723 530 798 727 799 2676 1066 232 771 1654 731 372 558 772 379 567 569 613 775 592 742 2095 1457 2703 1257 1460 2246 990 750 
13 1259 2540 248 506 673 77 133 1278 804 2633 555 1298 2621 
35 251 78 261 674 1305 2643 962 92 677 2644 963 267 680 779 682 292 2646 96 685 270 2545 84 102 273 2650 2651 274 2095 570 276 2658 2618 2659 2660 2662 
4 78 677 680 927 
4 926 78 677 685 
4 78 270 937 938 
10 960 78 1304 677 680 682 685 84 2652 380 
2 78 1694 
9 78 685 309 270 273 1892 1468 237 768 
3 1954 78 679 
4 78 188 2658 934 
2 933 78 
1 78 
2 948 78 
4 1060 78 928 916 
3 928 916 78 
1 78 
5 78 109 1039 921 270 
1 80 
1 80 
24 2440 2804 2119 1710 2864 2290 1337 585 1338 80 2361 1142 2148 905 1721 1395 1664 2437 314 614 1582 1411 1049 1174 
22 215 624 2051 1864 212 1862 1863 826 1595 751 1868 1600 849 2209 1387 903 1873 154 2050 906 81 888 
26 2233 1375 238 242 1813 1817 1808 2280 237 2171 2181 182 1911 725 1045 2569 299 902 1819 822 81 760 2236 2241 1300 247 
4 1399 1838 81 699 
1 81 
6 1113 961 679 782 936 81 
3 1036 1282 81 
3 2862 81 1723 
1 81 
7 351 354 315 899 324 909 82 
2 165 82 
1 82 
2 959 82 
7 600 1318 1703 1688 743 168 82 
1 82 
2 959 82 
3 958 955 82 
7 962 991 929 84 2639 570 2660 
24 221 2134 171 804 1372 261 1113 1380 679 267 1688 948 977 779 1714 729 2102 87 84 1090 227 377 1722 1466 
9 250 925 960 251 218 685 2545 84 570 
9 925 119 188 1303 250 133 729 84 570 
5 729 988 1016 84 1027 
2 84 570 
5 84 1016 570 1027 729 
1 85 
1 86 
3 86 2577 1161 
9 1398 2119 814 1443 86 1950 1643 990 1655 
2 988 86 
7 814 86 988 133 1294 980 981 
9 582 1638 1443 338 990 814 86 1046 2125 
2 86 1821 
10 86 916 240 918 250 1685 1385 2548 1410 1674 
4 1697 256 136 86 
7 518 501 110 86 988 961 2564 
1 86 
6 1839 988 119 86 1294 1303 
8 133 812 86 119 988 972 1294 981 
9 133 1294 814 972 119 988 980 86 256 
9 86 1690 1180 1468 2577 1428 1366 890 1429 
2 582 86 
6 455 988 86 397 89 101 
6 990 1643 1443 1398 86 219 
4 814 86 582 1443 
6 567 1093 563 133 86 186 
42 256 1294 188 86 119 1843 1021 261 2281 1844 971 718 182 1840 972 1911 2187 2556 1810 267 1045 977 779 979 964 2210 729 734 980 2382 1849 981 272 377 984 2580 1706 591 2420 2233 814 1815 
9 1643 86 2119 1359 990 1443 1398 159 1544 
36 1638 1640 923 1838 1643 1635 338 1540 1063 1539 814 159 86 1538 970 90 1685 973 1443 845 678 1128 1650 2646 1544 1389 1394 985 1396 871 1398 2548 2113 1409 989 1464 
10 249 916 960 2671 240 553 87 2668 2639 2670 
8 664 329 119 248 1258 2604 198 87 
3 1537 2747 88 
5 516 88 533 798 2783 
3 2138 88 136 
1 88 
1 88 
4 88 169 2802 2801 
1 88 
5 1079 88 139 1056 375 
4 136 1277 88 1074 
2 516 88 
4 335 180 88 1005 
2 2138 88 
4 335 180 88 1003 
2 88 2690 
4 88 350 361 373 
12 221 2102 1708 801 1366 387 890 804 171 227 1711 88 
1 88 
8 88 723 1751 1067 731 613 742 1727 
1 88 
5 1901 88 1722 196 1708 
2 196 88 
11 1259 1327 133 1205 2259 89 676 612 275 2891 1171 
3 1755 1429 89 
21 2837 2275 2473 2254 2594 238 2250 2172 2812 2253 517 90 91 2600 363 964 2386 104 2441 2445 966 
5 90 91 529 104 2636 
10 92 434 2324 1415 1020 1952 1505 1960 1993 202 
4 596 173 92 1020 
6 1019 1018 1024 1956 1949 92 
10 660 252 2724 171 988 176 174 890 92 591 
1 92 
7 2072 92 368 542 1892 1933 595 
3 92 1020 202 
1 92 
1 92 
6 819 1618 92 964 729 966 
2 93 97 
13 238 2251 666 2179 94 2646 2346 2208 2351 2213 2226 2397 2241 
1 94 
3 1156 94 116 
1 95 
1 95 
1 95 
2 1036 95 
8 1035 890 1037 581 580 95 949 592 
3 1036 586 95 
4 674 677 96 167 
2 96 940 
1 97 
1 98 
1 98 
10 1755 799 2631 2275 890 2251 2595 2179 98 2226 
5 175 1788 1780 565 99 
17 945 1807 988 2268 1808 2233 2562 238 1813 196 242 1810 1294 2241 1911 99 1300 
4 778 973 1663 99 
1 99 
4 2278 1812 2181 99 
2 943 99 
6 1731 339 190 99 336 911 
4 1060 1248 100 1142 
6 1275 2212 2117 100 1766 223 
1 100 
3 1821 1828 100 
1 100 
12 1062 136 1059 1837 1057 1063 2898 1000 1932 100 1091 1095 
2 100 1056 
2 1673 100 
5 110 1063 797 100 1056 
15 1248 675 2294 1121 1678 2567 1051 1343 1344 100 2887 937 1345 912 1680 
4 1642 1635 1646 100 
9 1089 110 1128 1086 100 1056 1091 1092 1095 
7 1128 1470 100 1059 1056 2130 990 
2 1839 100 
1 101 
6 923 338 2181 1273 101 181 
5 1010 771 101 635 1317 
1 102 
7 136 338 119 261 267 808 102 
6 1082 102 1152 488 2166 1167 
1 102 
1 106 
4 1829 1830 106 694 
4 1001 1380 225 107 
1 107 
2 1078 109 
9 169 109 2788 2144 232 119 2607 298 849 
6 695 322 109 125 1076 294 
17 890 763 248 119 261 517 1438 1271 1000 670 363 364 267 779 110 382 817 
4 248 245 2616 110 
3 638 110 805 
3 110 1070 214 
4 136 110 135 133 
3 110 1089 1837 
3 110 1538 1838 
6 1062 1093 1860 1095 110 1091 
2 1538 110 
6 133 135 110 131 1432 225 
5 110 1084 1091 1062 2130 
15 131 961 136 135 133 225 110 2112 1380 226 371 1357 376 593 2127 
7 1095 1086 1089 110 1062 1056 1092 
5 1093 110 1860 1062 1091 
6 110 1086 1092 987 2130 1095 
1 110 
6 1062 1093 1056 110 1086 1091 
2 133 110 
1 111 
7 111 1132 2155 1138 1505 1217 1175 
1 111 
1 111 
6 111 456 1662 1145 488 1107 
4 2560 111 112 1170 
3 1950 786 111 
24 1115 421 1119 1644 1120 111 1646 1420 1936 1944 1135 1250 1657 702 1662 1505 1151 1155 1217 1168 1669 1996 1251 2473 
6 111 2751 1214 1168 1170 1249 
1 111 
8 1101 1119 1821 111 1143 1825 1828 2739 
3 111 1323 235 
1 111 
6 111 704 1322 1329 894 1142 
4 703 1317 397 111 
1 111 
20 815 703 890 1327 1180 961 111 2682 407 423 679 948 2794 2141 1342 2687 1348 699 489 2858 
2 111 890 
8 704 1104 1181 111 1136 1217 1168 1175 
3 111 2101 1163 
2 111 1178 
1 111 
4 1104 111 1107 2872 
3 111 1163 1104 
5 1323 111 704 1060 1175 
1 111 
1 111 
3 2882 111 1253 
3 111 1568 1207 
2 111 704 
24 890 111 1180 397 1764 2880 401 402 410 897 1334 2882 439 440 475 478 2851 383 482 385 1165 493 615 2856 
7 111 799 990 1062 1063 764 1139 
2 111 1228 
3 111 1323 1175 
3 111 2723 404 
4 1175 1098 111 704 
2 1175 111 
1 111 
6 1104 111 596 704 1177 1147 
3 111 1115 1327 
1 111 
5 704 1217 111 1098 1154 
2 111 1128 
1 111 
3 111 1323 782 
8 1329 894 1110 704 1322 1051 943 111 
3 1107 2406 111 
1 111 
3 111 1101 1172 
1 111 
2 1135 111 
1 111 
3 1200 1163 111 
2 111 704 
4 704 1104 111 1323 
11 1070 1178 111 1731 2880 343 2884 2159 1391 2890 495 
1 111 
4 111 1138 704 1217 
5 1104 1217 111 1950 704 
2 111 1031 
4 112 890 111 703 
1 111 
1 111 
2 111 704 
3 1180 969 111 
2 1200 111 
7 111 112 1323 1116 1120 1149 493 
2 111 2253 
2 111 1127 
1 111 
11 1178 1070 111 312 2880 323 318 440 2848 2890 328 
16 1105 1178 111 890 1328 1104 1115 704 1180 894 1217 1175 790 793 1343 485 
3 1175 704 111 
6 112 111 1105 1102 2146 233 
4 1014 111 1764 356 
2 111 1145 
2 1180 111 
4 111 890 943 2319 
20 1178 111 1180 1098 112 1115 1323 718 1336 1121 1750 1130 1326 1132 1133 1343 485 1168 1169 615 
1 111 
7 416 1135 1204 1205 2162 112 2451 
29 1325 1228 2258 1230 2880 126 1117 1626 2301 1562 1190 2884 1193 1326 324 1237 1152 1214 1350 2852 2859 1292 1167 1168 815 112 2451 615 1175 
8 890 2101 2873 1186 1210 476 2859 112 
28 890 1228 113 1230 1113 2832 313 891 2301 1339 1273 432 320 1127 317 1205 1207 1208 2161 982 1161 2859 314 1168 112 1173 1175 1225 
3 1325 1115 112 
4 2175 1968 112 596 
2 112 2275 
1 112 
3 703 112 1828 
3 2254 112 1179 
2 1323 112 
1 112 
1 112 
6 1237 112 1178 312 323 318 
1 112 
4 112 2376 1812 611 
2 1178 112 
2 173 112 
4 1217 112 707 708 
6 1217 890 112 701 700 1511 
5 113 112 1235 2867 116 
1 112 
2 112 1323 
3 112 1149 1162 
1 112 
3 112 1323 1210 
1 112 
2 112 1177 
12 704 2822 1180 1177 112 1014 1246 1213 1397 486 614 694 
1 112 
7 890 2440 1180 1125 1208 704 112 
4 1180 112 894 1207 
1 112 
3 112 1179 1202 
1 112 
1 112 
5 1217 890 112 1205 703 
6 2831 1831 1105 1178 112 284 
2 112 1327 
2 1323 112 
16 1115 1098 1104 704 112 706 1195 1196 1138 1344 1213 1154 1155 1168 707 708 
2 112 2101 
1 112 
2 1812 112 
1 112 
2 2376 112 
1 112 
1 112 
2 1180 112 
3 113 1228 1237 
1 113 
11 1226 113 1745 1129 1754 1178 1236 1237 1180 1240 1242 
1 113 
5 2391 1178 113 1180 569 
2 113 894 
3 338 1860 113 
1 113 
2 1323 113 
4 113 1197 703 461 
2 1228 113 
6 1228 1178 113 1226 1190 1350 
3 2128 113 1462 
1 113 
4 890 113 1228 2222 
2 113 1860 
4 113 1228 890 2859 
3 113 890 1734 
1 113 
1 113 
5 1205 420 114 115 117 
4 1327 114 615 117 
7 1060 114 115 1051 1343 1344 117 
6 1105 894 114 115 1889 117 
2 1104 114 
2 1104 114 
1 116 
4 2882 116 1124 433 
4 721 801 550 118 
13 826 916 721 723 549 731 2613 809 613 742 2020 2690 118 
5 1316 118 121 1628 810 
5 2136 1267 118 711 923 
10 2632 250 248 249 2631 119 348 880 992 278 
29 250 254 2632 248 240 1303 221 1435 2641 1014 1379 2629 1277 133 1278 2609 1279 804 862 330 1393 119 1397 2657 1404 924 2105 1297 1298 
11 506 2629 133 1309 232 144 1279 119 809 309 2621 
10 2605 2627 2628 528 534 119 1824 2105 2620 2680 
8 2540 2674 2543 2632 119 256 2614 573 
32 2626 248 2683 2540 2131 2542 799 538 851 2543 2632 330 119 1593 256 2677 2614 2696 2547 136 2549 2550 573 335 2618 1458 2689 883 2552 188 255 2670 
4 1435 133 1279 119 
3 1303 119 245 
2 119 800 
7 1303 256 119 2611 2653 880 1257 
1 119 
1 119 
6 256 136 119 2655 2606 1271 
11 2690 1367 2616 1276 248 119 1079 1270 245 256 877 
3 119 2075 253 
5 1180 1066 248 119 133 
1 119 
4 119 1052 1842 689 
6 916 119 256 253 2609 1271 
6 1259 1369 890 119 2008 1001 
6 256 1303 924 1259 2632 119 
10 804 1259 119 1260 338 136 1303 1366 221 1264 
6 133 136 1294 1366 119 1727 
4 250 248 119 573 
4 1366 1294 119 949 
4 2630 119 2656 250 
1 119 
2 119 309 
5 1366 133 1708 227 119 
2 173 119 
3 2609 119 664 
2 119 1538 
5 240 2605 916 245 119 
3 119 1367 2627 
4 119 1684 1380 1178 
1 119 
19 119 1839 136 2562 718 972 1045 979 2207 2208 728 1280 1282 734 980 981 2758 988 2241 
5 119 718 367 734 374 
4 2171 119 2783 694 
7 2609 119 1259 1303 789 2008 1824 
6 1303 1259 1930 256 119 924 
4 2149 119 254 245 
9 331 242 1813 945 119 1045 133 1814 2181 
1 120 
1 120 
24 1265 1267 1259 2136 2540 963 2606 1468 536 979 1278 2609 2632 1279 919 2611 809 811 881 309 121 2618 1297 1298 
4 121 929 570 226 
3 250 121 925 
1 121 
4 121 173 1747 2026 
2 121 826 
2 1260 122 
7 122 716 1446 547 382 741 746 
3 338 122 136 
4 795 371 123 376 
1 123 
7 196 375 894 139 293 124 491 
5 894 125 612 168 124 
2 1256 124 
11 1874 2101 212 1890 1111 1704 1067 911 759 124 693 
5 168 125 956 220 491 
9 244 2576 1401 1813 1814 168 125 238 242 
2 2023 125 
5 128 1322 126 1329 1343 
5 1673 1110 126 1321 1142 
32 400 1108 401 126 1187 1121 1234 1750 1130 1326 1199 1329 2825 1202 894 1496 1141 559 2723 1451 1151 472 2727 1346 1350 1216 1397 1163 395 2451 1175 2804 
1 126 
5 126 1326 1181 1178 2451 
12 1178 1323 1325 1175 312 2560 126 1713 1705 1346 2818 2451 
14 1537 1113 126 1014 703 1136 1890 1247 1215 2162 893 815 615 2896 
2 126 1168 
10 1321 1323 704 894 703 1110 126 424 1343 1142 
1 126 
2 2121 127 
1 127 
2 1480 128 
3 1127 128 2850 
2 128 375 
3 1175 128 2101 
3 1338 128 943 
3 128 943 1337 
3 704 128 1180 
1 128 
2 128 1345 
4 1113 128 1347 1348 
8 1175 128 1321 1329 1060 1248 1680 1168 
5 1060 1217 1466 128 1248 
3 128 1341 1060 
3 128 1326 1323 
2 1342 128 
3 1113 1342 128 
1 128 
5 1237 2836 1323 1178 129 
1 129 
1 130 
1 130 
3 356 130 910 
1 131 
2 131 586 
8 226 1741 135 1090 223 229 222 131 
1 131 
2 131 989 
10 1436 134 1699 1417 132 1363 2635 1457 776 2589 
1 132 
1 132 
2 1360 132 
2 132 1943 
1 133 
24 221 1734 1435 1437 718 171 798 133 2102 1716 1279 804 1717 1280 1282 862 734 1720 982 1008 1286 1722 1769 819 
10 1435 522 1271 537 133 919 569 881 1291 214 
7 248 2745 256 1435 133 804 279 
5 1435 1277 133 804 808 
10 245 240 2828 2605 248 2108 1435 2136 798 133 
3 531 537 133 
3 961 133 1723 
3 923 133 1390 
4 1399 133 1538 1684 
5 2684 133 576 945 460 
2 133 1950 
2 133 2042 
3 1828 133 2740 
4 133 1259 1633 1404 
7 961 135 133 1090 1388 1292 1074 
5 133 801 1764 1712 2102 
2 133 1755 
2 133 2114 
1 133 
3 1398 133 975 
1 133 
2 944 133 
2 133 1380 
4 990 2740 133 1396 
6 133 1373 270 1684 273 1399 
18 2159 343 1426 1152 303 2129 1432 235 133 2153 2845 469 2847 2848 2889 2855 1831 2857 
9 1537 142 133 143 363 2141 569 1586 1587 
2 1259 133 
2 990 133 
5 1750 943 1710 133 171 
3 990 133 1389 
6 133 1259 1323 1205 221 1429 
14 1640 990 1399 133 1684 1538 1643 970 1385 219 985 2113 1674 989 
13 133 1390 766 1374 1685 1542 946 1684 1686 1398 161 699 1410 
3 133 257 161 
4 133 576 1814 1319 
5 329 133 320 1688 377 
1 133 
4 133 1259 2684 1379 
2 133 2042 
3 133 1646 1830 
1 133 
4 1795 133 1792 2783 
3 2740 990 133 
4 1685 133 1399 975 
2 133 943 
1 133 
6 1535 1537 143 2114 133 699 
3 134 1699 1421 
3 1018 134 1417 
4 1941 134 1417 2635 
5 1415 1360 1416 134 2635 
4 1642 134 1662 1657 
5 1943 1944 598 134 1941 
5 134 1639 1104 1657 1668 
4 1941 1414 1955 134 
2 1699 134 
1 134 
1 135 
1 135 
8 228 303 135 1432 229 343 2159 1391 
2 135 173 
4 135 173 1755 982 
7 1397 135 890 443 1015 982 2877 
1 135 
2 135 1708 
13 135 303 229 222 228 230 1426 234 343 2159 1088 1391 2816 
1 135 
1 135 
15 1259 188 1366 1368 1367 1370 255 890 253 1369 669 136 248 1538 1264 
3 1360 136 923 
2 1366 136 
2 136 1079 
5 1628 2037 319 2783 136 
1 136 
2 256 136 
1 136 
10 136 2252 990 814 970 973 1825 985 986 989 
1 136 
3 338 890 136 
5 136 1310 256 741 746 
1 136 
2 136 1792 
4 136 2633 1480 1825 
1 136 
6 1323 375 1465 136 232 2143 
2 136 354 
1 136 
1 136 
7 1633 1728 136 1605 1600 2789 156 
1 136 
4 1941 136 1360 923 
4 2075 338 136 1263 
1 136 
3 923 136 258 
1 136 
4 136 890 2110 1238 
3 136 2363 2345 
3 990 136 814 
7 2138 137 767 164 1451 2581 2143 
14 890 961 703 815 137 401 2899 411 901 1344 2887 466 314 341 
4 1468 137 1855 363 
16 1303 2251 137 190 931 2567 1690 647 2577 982 2727 2580 1706 911 2582 1467 
1 137 
4 137 1063 582 2320 
2 137 705 
4 137 140 142 143 
3 140 142 137 
4 137 588 232 449 
2 331 137 
1 138 
1 138 
1 138 
2 138 1577 
4 138 1731 1333 1449 
2 1547 138 
1 138 
1 138 
1 138 
1 138 
2 138 1579 
1 138 
2 138 1489 
2 138 1488 
2 138 1530 
1 138 
1 138 
3 138 1512 1929 
1 138 
2 138 1529 
2 1323 138 
1 138 
1 138 
1 138 
1 138 
1 138 
1 138 
1 138 
1 138 
4 1104 1098 1018 138 
2 138 2457 
5 171 140 143 138 1720 
1 138 
1 138 
1 138 
2 138 1196 
2 138 1493 
3 138 1537 140 
1 138 
1 138 
1 138 
1 138 
1 138 
1 138 
2 138 1562 
1 138 
2 138 1579 
1 138 
1 138 
1 138 
3 138 1950 700 
2 336 138 
1 138 
3 1495 138 1531 
2 138 1490 
4 142 138 143 1529 
3 2812 138 1954 
1 138 
1 138 
3 140 1590 1413 
1 140 
13 1547 893 1327 993 890 2560 140 1585 1543 1392 1513 172 1413 
25 1540 1539 1374 1435 140 1585 705 698 1838 2145 1085 902 1087 1544 1655 382 741 1398 1289 172 699 914 746 749 990 
7 140 2109 2391 812 814 1538 990 
7 140 1585 1638 797 172 1538 990 
1 140 
4 1399 140 698 699 
3 1537 140 2560 
4 990 140 1538 989 
2 140 1546 
2 140 1545 
4 1537 1481 141 805 
1 141 
1 141 
1 141 
1 141 
1 141 
1 141 
2 141 1557 
1 141 
2 141 1557 
3 141 1556 1554 
1 141 
2 141 1582 
2 1574 141 
2 141 2250 
3 1520 141 1178 
1 141 
1 141 
1 141 
4 1572 141 1573 1575 
1 141 
2 141 1125 
1 141 
1 141 
1 141 
4 141 1566 1573 1575 
5 202 1572 141 1566 1575 
4 2255 141 1560 1582 
4 1566 1573 141 1572 
1 141 
2 1479 141 
1 141 
3 1486 141 1522 
1 141 
2 2839 141 
4 1559 1574 141 943 
1 141 
3 143 141 232 
6 1537 159 142 1538 1540 1693 
5 499 1392 143 142 518 
3 1392 143 142 
1 142 
1 143 
3 1535 143 2138 
1 144 
1 144 
6 1853 212 1263 1598 146 879 
13 2049 1874 1598 212 146 1913 1870 1601 589 154 2062 613 1603 
13 215 1861 1598 826 751 1867 146 1601 944 1597 1895 879 157 
16 1857 532 2078 826 210 1862 146 1879 820 2049 191 1874 1864 2016 879 2054 
8 215 1595 2082 146 757 2040 2050 879 
29 215 207 211 2053 1861 1907 2057 146 1879 820 849 192 646 552 2060 1890 2089 2040 1594 2029 1593 2090 2091 2051 618 2065 879 2043 1595 
2 1633 146 
10 146 2050 147 1455 944 1605 152 1608 156 157 
3 1594 1595 146 
8 2050 757 710 646 212 761 215 146 
2 146 1594 
1 146 
4 1600 1455 147 156 
3 147 333 1610 
2 147 173 
4 2649 1600 147 152 
2 147 155 
3 147 1606 333 
4 1612 2767 2747 148 
3 1870 148 1611 
7 2747 2767 2749 288 307 148 1631 
3 149 2329 2342 
1 150 
1 150 
2 1618 150 
6 1027 1617 1619 831 150 2797 
3 1618 831 150 
10 645 886 214 866 523 653 522 377 840 150 
5 280 151 152 288 155 
5 151 2765 289 290 2760 
1 151 
1 152 
1 153 
4 2786 1178 401 153 
3 1628 154 2030 
9 335 1627 826 1256 1439 2037 154 2783 2761 
1 154 
1 154 
6 501 240 288 1613 2785 154 
1 155 
7 2684 509 1379 1599 2062 1455 156 
2 158 159 
7 1638 1061 1646 1661 1637 159 990 
4 1644 159 1668 1670 
6 1638 1635 1645 1715 1654 159 
7 1635 1540 973 1661 1637 159 990 
8 1642 1646 1420 1660 1662 159 1669 1675 
3 1398 159 990 
5 159 1642 2564 1668 1670 
9 1643 159 1639 1641 1418 1061 1646 1668 1675 
16 159 1642 970 1649 1650 1651 1653 1655 1657 1661 1662 985 1398 1667 989 990 
10 1104 1683 1636 1684 159 1646 1657 1662 1668 1669 
3 1637 923 159 
13 1104 1642 1644 1684 1639 1662 1635 159 1683 1061 1686 161 1406 
2 159 1659 
2 159 705 
2 159 1643 
4 1654 159 990 1643 
2 159 1643 
2 2254 159 
2 159 1643 
7 1637 159 923 584 2153 1650 588 
4 159 1538 1643 970 
1 159 
8 159 1644 1662 1643 1104 1683 1418 1420 
1 159 
2 1647 159 
3 1662 1639 159 
4 159 1643 1638 1635 
15 1643 1101 1639 1104 1683 159 1908 1644 1838 1418 1646 1657 1660 1668 1675 
4 2252 1668 159 1046 
2 159 943 
1 159 
1 159 
2 1643 159 
9 1636 1684 1644 1662 1641 159 1642 1420 1663 
5 159 1639 1104 1644 1908 
3 1641 1636 159 
1 159 
1 159 
6 159 2119 1322 2564 1058 561 
3 159 975 1398 
5 1683 1642 1662 1639 159 
2 1950 160 
2 160 2294 
2 1060 160 
1 160 
4 1060 160 2900 1343 
3 1952 1958 160 
1 160 
7 1684 1644 1646 1657 1662 161 1675 
10 1390 1399 1374 1683 1644 1646 1398 161 1292 1668 
7 766 990 975 1399 221 161 1410 
4 766 161 1399 1646 
1 162 
8 961 377 1767 329 162 956 1723 1402 
1 162 
12 890 375 1468 2301 163 900 190 293 2577 982 337 911 
1 163 
3 165 270 172 
5 183 172 2758 165 1585 
2 165 930 
3 248 698 166 
1 166 
8 350 529 976 166 373 382 741 746 
1 167 
4 1414 1360 1422 167 
1 167 
1 167 
1 167 
4 632 956 640 168 
3 168 599 1317 
3 1326 890 168 
7 252 988 890 168 174 1468 2724 
2 890 170 
7 173 171 1716 1008 1431 1286 1012 
3 171 2133 1715 
8 171 943 2119 2742 2840 585 2102 1395 
3 171 1720 1008 
4 171 890 2111 1381 
2 171 1326 
2 171 961 
3 171 1637 1709 
3 171 1366 1708 
2 171 1366 
1 171 
1 171 
7 1366 171 1711 718 227 1507 1727 
2 943 171 
4 1366 171 961 1012 
5 329 950 171 1688 1372 
2 2138 171 
1 171 
2 171 307 
5 1720 196 1010 1280 171 
2 171 1455 
2 803 172 
1 172 
4 173 1050 1152 1480 
1 173 
1 173 
3 173 1366 1243 
1 173 
1 173 
1 173 
3 1758 2254 173 
2 2110 173 
1 173 
12 173 367 226 2364 1357 374 1766 2124 228 2125 223 304 
3 890 173 1750 
3 173 335 1792 
1 173 
4 890 1228 173 807 
1 173 
3 890 173 1307 
2 826 173 
1 173 
11 704 1175 1742 173 1323 890 2119 420 718 1395 2451 
3 1010 173 737 
2 173 1867 
1 173 
3 173 1228 2340 
26 173 2259 2268 2278 416 2295 2299 2302 2310 2312 1382 2319 2329 2330 1428 2333 2335 1015 1043 2251 2408 2416 2417 2453 2464 2465 
1 173 
1 173 
2 173 1738 
1 173 
1 173 
2 173 1763 
1 173 
2 173 1761 
9 173 315 1381 429 1127 2102 480 481 1171 
1 173 
3 173 1052 1741 
5 329 377 173 2667 1688 
3 208 207 173 
3 173 1366 795 
1 173 
1 173 
1 173 
1 173 
1 174 
8 175 1788 174 631 176 565 1780 587 
6 621 196 627 620 174 642 
1 174 
7 175 2724 652 174 565 1781 179 
4 175 2267 728 1786 
7 175 1775 565 631 176 587 1044 
7 1790 621 1778 632 756 175 565 
13 619 2724 1788 565 2684 567 175 176 1840 237 637 639 1783 
9 619 565 567 175 1782 176 2684 2724 1788 
4 621 537 175 594 
1 175 
3 176 1779 2724 
2 631 176 
22 2254 497 511 629 622 500 637 2068 2010 639 1775 1782 1783 1044 563 565 567 502 177 576 661 2025 
1 179 
7 631 636 756 641 1781 179 758 
1 179 
16 335 258 1795 1743 1798 2037 1794 1800 1448 1803 2697 1804 180 1805 1806 1408 
6 335 334 258 378 180 1806 
4 335 1792 180 1806 
4 1792 180 1804 1408 
2 180 1802 
2 335 180 
3 180 335 1792 
2 180 2618 
4 2783 180 335 1792 
2 335 180 
4 180 335 1796 2080 
2 1792 180 
4 1792 180 335 1795 
4 2783 335 1792 180 
6 1794 335 2783 1793 180 1792 
10 2455 1817 1810 237 182 1911 1045 2214 2244 2468 
36 237 1813 2280 2455 2233 1817 2260 2562 2272 2281 2180 2181 243 182 1911 2188 1810 2193 2195 1045 945 2203 241 2206 1819 2572 2215 2225 2420 2585 2434 2587 2234 2235 2593 2244 
2 2177 182 
25 237 1808 238 988 1814 2455 2348 2177 2233 1817 1807 182 1911 2187 2188 1045 2198 2200 2214 2215 2603 2232 2235 2244 2247 
1 182 
45 576 2325 1813 2812 238 237 242 2558 2176 2562 182 2495 2189 2192 1192 2195 2197 2199 2204 2340 2205 2569 2207 1819 1048 2572 2213 2359 2214 2216 2219 2579 2226 2232 2418 2420 2584 1220 2431 760 2234 2442 2445 2242 2244 
50 2267 2562 2178 2281 2181 2182 182 2185 1911 2556 2190 2564 2313 2320 2196 1045 2333 945 241 2204 2206 2358 2214 1814 2573 2215 2368 2217 2576 2385 2579 1319 2226 2227 2580 1812 1808 244 2420 2421 2422 2233 760 2234 2240 2593 2463 1815 1300 2247 
72 238 242 2171 1813 2170 1401 2558 2260 2174 666 2266 2267 2178 2179 2281 2180 243 182 2185 2187 2188 2599 2556 2190 1810 2309 2193 2313 363 2567 2333 241 2204 2569 2206 2207 2208 299 2211 2215 2368 2574 2220 2576 2222 2223 2224 2225 1319 2404 2412 244 2231 2582 2420 2583 2428 2586 2434 760 2587 2234 2588 2456 2593 2463 1300 2246 1816 2468 2247 247 
5 988 1813 182 2564 2420 
22 1814 2558 2260 2272 2178 243 182 2185 2190 241 2204 2206 299 2214 2576 822 2583 2234 246 2593 2244 2247 
16 2253 1807 182 2187 237 2556 1810 945 2207 2212 2216 2219 2226 2580 1808 2455 
9 2176 182 2205 2569 2344 2346 2413 2444 2445 
18 2236 1808 238 2177 2810 945 2207 243 244 182 2455 1812 756 242 2242 237 565 2244 
4 1828 1823 1821 183 
7 1107 1950 1820 974 183 2855 1054 
1 183 
2 1820 183 
6 254 1261 890 1297 531 183 
7 1107 1449 1443 2739 1829 183 1830 
8 511 2010 183 563 565 567 576 2025 
1 183 
7 1107 1820 1185 1378 183 2855 1054 
5 1825 1073 2116 183 1830 
5 1825 183 1829 1406 1073 
8 2167 235 2816 183 2164 1391 1214 2889 
2 621 184 
2 184 1834 
2 184 1833 
2 184 248 
1 184 
6 1839 812 797 1084 186 1056 
7 2638 1538 946 1085 186 1662 990 
7 1837 979 186 812 814 1294 1064 
5 988 1782 186 2549 634 
1 187 
2 1275 187 
6 256 188 988 2181 2556 1849 
6 1847 1846 188 1849 2616 988 
1 188 
5 1847 1849 188 2616 1844 
5 2616 188 1844 1846 1849 
1 188 
7 188 988 1847 1843 2616 1844 1846 
1 188 
3 188 727 250 
1 189 
8 210 207 2012 189 2078 1593 870 875 
1 190 
3 1467 190 911 
1 191 
3 1862 1596 191 
2 191 1926 
4 1865 1871 2768 191 
8 1232 1086 191 652 1241 618 1092 659 
8 2056 1598 1879 2059 191 2091 2065 1595 
9 1857 1596 1867 2049 944 191 1874 879 1877 
7 2031 1870 2049 944 191 1874 879 
14 1596 826 532 2049 2031 820 1870 944 191 1874 613 742 879 1877 
3 191 826 1859 
1 191 
15 1874 2049 1752 191 2054 646 2065 2767 1595 2043 1872 1862 2018 2032 552 
2 191 944 
3 714 826 191 
7 1863 1864 191 2049 1612 1594 215 
3 826 1859 191 
2 191 1867 
2 944 191 
14 1863 2030 1864 1596 1862 826 191 212 1867 2870 1317 1594 2062 291 
1 191 
1 191 
5 1862 1864 212 191 2049 
2 826 191 
12 1861 1596 212 2053 711 1598 2057 820 849 192 646 552 
2 192 2709 
2 192 2075 
4 192 1883 1884 1893 
3 1882 192 1894 
5 192 1882 1894 1887 1896 
2 192 894 
1 192 
3 1894 192 1884 
1 192 
3 192 894 1249 
9 212 215 1327 192 552 1598 1317 2090 2091 
1 192 
8 830 192 558 1023 767 214 857 931 
3 1894 192 1882 
6 192 1883 1884 1887 1893 1896 
3 2814 1595 192 
3 1884 1894 192 
1 193 
1 194 
1 195 
1 195 
2 196 1012 
1 196 
1 196 
5 621 634 633 622 196 
4 501 196 213 848 
1 196 
5 2785 215 1598 338 196 
3 196 1662 1669 
7 1923 823 622 641 621 196 643 
4 621 196 633 1922 
14 2233 1810 2241 988 1808 244 1045 196 2268 1813 945 238 1807 2600 
1 196 
10 1594 2043 399 196 646 2050 215 710 212 2083 
4 644 625 196 522 
1 196 
2 196 398 
2 284 196 
1 196 
1 196 
2 196 1924 
1 196 
3 1910 196 621 
7 823 196 622 643 621 641 1909 
6 245 1920 236 833 196 737 
1 197 
2 1858 197 
1 197 
3 197 517 1933 
3 198 1493 2710 
3 198 2606 1298 
2 198 291 
2 1056 198 
3 198 1928 1023 
1 200 
1 200 
2 1104 200 
3 200 1967 201 
5 200 1945 1965 1947 1950 
3 1950 1940 201 
4 1942 1939 201 598 
9 596 1943 1419 1944 1416 1421 201 1457 776 
4 1950 1940 1949 201 
4 1941 1419 201 1364 
4 1941 1104 1419 201 
7 1947 1965 1966 1938 1970 201 1948 
2 1950 201 
6 1938 1951 206 1945 204 201 
2 1945 201 
6 1950 1942 723 1020 201 742 
16 1376 1942 970 1938 698 1821 1949 1676 1939 1946 1155 201 1103 598 1526 596 
3 1947 1967 201 
5 1956 1018 1955 1681 202 
2 1954 202 
4 1953 932 202 1532 
5 1956 1952 1421 2865 202 
5 1020 1955 1952 1960 202 
1 202 
2 1681 202 
1 202 
3 1018 1956 202 
1 202 
1 202 
1 202 
2 203 204 
6 203 2000 1938 206 1945 204 
2 203 1945 
3 203 1937 1951 
2 203 1182 
2 203 206 
2 204 1945 
2 204 2000 
4 205 1991 1974 1995 
3 205 1974 1995 
4 1972 1973 1979 205 
1 205 
2 205 1995 
1 205 
3 205 1994 1997 
6 1981 205 1991 1993 1974 1995 
2 1983 205 
2 205 1979 
1 205 
3 1980 2483 205 
1 205 
1 205 
3 205 1992 872 
1 205 
2 205 1993 
1 205 
1 205 
3 1979 1972 205 
2 205 1986 
4 1988 205 1018 1979 
3 205 1978 1997 
6 205 1973 1976 1998 1979 1972 
2 205 1104 
3 1994 1978 205 
2 206 1995 
1 206 
3 1965 206 1971 
1 206 
2 828 207 
1 207 
1 207 
4 211 215 207 2006 
3 211 207 2005 
3 207 215 826 
9 1277 828 335 1297 854 207 2697 525 890 
4 211 215 713 207 
8 250 578 619 1826 1788 330 207 576 
1 207 
4 207 2042 1853 713 
2 207 2020 
1 207 
2 207 210 
2 207 1596 
1 207 
5 215 207 211 713 1867 
1 207 
4 1255 207 2013 2022 
1 207 
2 2020 207 
2 207 1320 
2 207 2078 
11 1788 207 619 1826 578 330 576 250 632 640 821 
4 208 850 732 1307 
3 826 213 208 
1 208 
6 210 1598 208 212 2044 543 
8 208 1627 621 210 211 289 1874 2769 
3 209 1864 1863 
4 2049 209 713 1867 
1 210 
1 210 
4 210 2061 646 215 
2 210 215 
10 1628 2783 210 335 2054 1792 1439 441 454 457 
1 210 
3 2809 210 2588 
5 1597 210 1598 211 215 
1 210 
6 215 2012 210 1377 546 1405 
15 210 1598 621 620 212 211 751 1867 752 1913 643 757 654 656 762 
2 210 2029 
3 210 621 634 
4 210 2055 212 633 
1 211 
1 211 
18 1862 211 713 532 1863 1596 826 2078 1867 820 1870 552 2032 1594 1864 613 742 1877 
9 215 944 211 2084 1597 1600 1913 1602 762 
8 646 1598 211 215 751 2085 944 2089 
1 211 
4 1598 1879 212 2054 
10 563 1596 2053 874 1867 721 2037 543 618 212 
6 623 633 644 212 658 2046 
3 212 1861 2086 
6 212 711 1879 555 215 1598 
1 212 
3 212 1861 726 
5 2101 514 1598 212 460 
3 212 646 2035 
4 212 1594 1633 1874 
2 2786 212 
1 212 
5 1861 543 212 1598 1867 
4 514 212 2254 636 
8 266 574 213 831 534 2073 877 308 
3 713 213 1788 
3 213 512 501 
2 826 213 
5 2120 2642 840 563 214 
4 522 539 1023 214 
4 214 742 2067 717 
1 214 
5 335 214 1881 1272 1458 
1 214 
2 215 565 
7 215 1596 532 2049 552 1853 2024 
1 215 
2 215 1802 
1 215 
2 215 1597 
3 1913 215 757 
2 215 2050 
4 215 646 2089 2051 
3 215 2056 751 
3 890 215 467 
1 215 
5 215 2051 646 1598 2085 
6 215 1598 2822 1890 890 467 
4 1598 215 1890 1861 
1 215 
1 215 
1 215 
10 923 2647 250 925 2645 2651 2658 921 570 218 
1 218 
2 219 340 
3 804 221 351 
1 221 
3 221 804 596 
10 221 1116 1179 1336 795 2060 1317 1218 893 490 
9 1764 961 1381 221 1710 1366 804 1008 491 
1 221 
1 221 
4 221 804 1261 1259 
2 923 222 
1 222 
4 222 551 1370 2553 
3 1539 222 364 
4 222 1739 227 1462 
2 222 1712 
5 222 223 1090 234 845 
6 228 990 845 222 1398 2544 
7 2171 1383 236 227 223 1413 2134 
2 2118 223 
2 1829 223 
2 1052 223 
2 2115 223 
8 1750 223 890 943 1710 1673 970 989 
4 2267 2071 840 223 
2 1331 223 
2 223 2124 
2 338 223 
4 2126 223 2122 1741 
3 973 1741 223 
2 223 2124 
2 223 1090 
2 225 1238 
3 225 1391 377 
5 225 1089 1063 226 1093 
2 1263 227 
1 227 
2 1709 227 
5 2114 2171 236 227 961 
1 227 
10 1303 538 1370 834 850 534 860 228 877 1257 
2 229 338 
11 995 584 232 588 1004 2141 1590 1465 1724 693 914 
1 232 
2 232 2144 
4 1392 1113 232 2138 
1 232 
8 1465 232 1451 833 375 363 915 2797 
3 232 1077 2140 
4 1538 704 2146 233 
3 1170 2145 233 
1 233 
2 233 943 
7 258 235 427 2674 2696 573 1299 
2 235 851 
3 235 398 2154 
4 398 397 235 369 
6 1391 691 235 2167 1654 469 
8 398 235 397 2151 2158 457 2163 488 
3 235 1098 704 
1 235 
7 398 235 397 2881 454 457 2886 
3 2154 235 488 
9 1152 1426 303 235 1432 312 343 1391 2818 
2 235 2165 
3 235 703 1180 
3 235 1327 1177 
3 235 2154 2165 
2 235 1831 
3 2160 2163 235 
3 235 1070 440 
3 235 2153 1831 
2 235 258 
1 235 
2 236 1814 
7 2114 2134 945 236 1814 460 1296 
12 238 2253 2278 237 2556 2310 2565 1016 2221 2226 2580 2230 
3 501 242 237 
5 1814 2278 237 244 2600 
4 2331 2226 237 1182 
6 1812 237 1818 242 2569 822 
17 237 2440 2448 1809 2192 1810 2205 1819 2213 2214 2224 2226 2234 2242 2593 2243 2244 
8 1814 237 2292 2576 2455 1813 2253 1816 
6 237 1043 1029 2226 1814 244 
4 1808 1814 237 242 
16 1300 2292 945 2201 1066 760 2382 242 1808 1843 244 1813 387 237 1048 2207 
3 237 1813 242 
2 237 242 
1 237 
11 242 2622 1816 237 1813 238 2292 1814 244 2220 2234 
2 242 237 
10 242 1814 237 988 2251 2253 1810 1817 2404 2233 
5 1814 1808 242 1810 237 
4 2376 1812 894 237 
5 1816 1814 242 237 1813 
2 237 242 
8 2242 2418 237 2376 2177 1812 2212 2600 
7 1808 242 244 243 1814 237 2593 
2 237 2839 
8 1808 244 1812 2241 2594 237 242 2376 
5 242 2810 237 1813 2588 
3 2345 237 1812 
4 2455 237 238 1810 
2 237 1812 
3 2455 237 1810 
2 237 2181 
3 237 2403 2212 
7 2812 1808 2440 237 238 2357 2424 
5 1814 1813 237 1812 1816 
8 666 2212 2177 237 1812 2376 1818 2569 
14 2345 237 1814 1808 242 1816 238 1813 2216 2253 2251 244 2702 2241 
12 1812 1814 244 2225 1817 2241 2455 309 237 1294 2181 1819 
9 1814 1294 242 2320 2268 1029 237 2225 2241 
2 944 237 
2 237 988 
5 244 2292 237 242 1814 
11 237 1817 2810 1052 2192 2202 2205 2442 2444 2593 2245 
5 1812 1029 2177 2376 237 
10 1807 1810 1816 2556 2177 1812 237 2246 1813 2455 
7 1814 1810 2455 242 1808 1813 237 
8 1817 1812 2580 2417 242 2455 237 2206 
4 237 1813 242 2810 
2 242 237 
3 1812 237 1817 
5 1814 242 244 237 2185 
3 2172 237 2230 
10 2254 2225 1240 1814 890 2576 237 238 2251 242 
4 669 242 237 1814 
4 2177 1814 237 299 
16 1814 237 242 244 1808 2594 2208 2348 2562 2207 2368 2371 2222 2412 2456 2241 
36 2292 2812 2177 2395 2347 2390 1029 2253 2275 2421 237 1043 2393 2345 242 2311 1813 2316 2328 2172 1812 2573 2580 2455 2376 1817 2251 238 2448 2460 2335 2384 2319 2175 2179 2600 
5 2455 2233 1813 237 2267 
4 501 242 237 2278 
1 237 
3 237 2172 2221 
4 244 1814 242 237 
6 2335 237 238 1812 1810 2299 
13 988 237 238 1813 1911 2187 1810 1045 945 2358 2227 2580 1808 
12 242 1816 1813 244 1812 2185 237 1814 2280 2292 1808 2177 
6 237 2455 1810 1808 242 244 
4 945 2810 237 1819 
6 2278 2275 238 237 2253 2251 
8 237 238 2251 2622 2320 2292 2335 2373 
1 237 
2 237 1813 
20 244 2268 1029 1294 242 2208 2348 2225 1045 237 2594 945 2562 1911 2195 2206 2207 272 822 246 
7 2177 237 1812 2376 2192 2600 1819 
2 2177 237 
10 1808 2455 2177 1807 1812 2593 237 1819 1816 1810 
4 2455 2345 2212 237 
6 923 1814 242 237 2214 2593 
6 1814 1816 1813 1810 238 237 
7 2250 2261 2316 2332 2384 238 2531 
8 2256 2255 2252 2302 2330 2355 238 2467 
10 2261 2269 2275 1561 1016 2248 2384 238 2531 2471 
91 1755 2253 238 666 2264 2267 2268 2269 1029 2275 2278 2279 2282 2286 2287 2289 2290 2292 2294 2295 2296 2187 2300 2301 2306 2310 2312 2317 2318 2319 2322 2324 2326 2328 1468 2335 2336 2337 2338 2340 2206 2341 2342 2348 2354 2812 2355 2358 2360 2361 2365 2366 2367 2369 2222 2373 1043 2382 2383 2394 2226 2396 2399 2401 2404 2405 2406 2408 2409 2414 2415 2416 2417 2419 2422 2583 2423 2427 2429 2433 2436 2438 2440 2443 2445 2448 2237 2452 2238 2461 2467 
8 2257 2303 1443 2249 1663 238 2421 2469 
25 2178 2278 2187 1016 2333 2206 2350 2357 2358 1817 2382 2251 2226 2397 2400 2404 2413 2417 238 2424 2172 1164 2448 2237 2472 
17 1738 1186 2295 2312 2820 1016 1652 2222 2405 563 565 2414 238 1788 2066 2459 2461 
6 2291 2302 2384 2249 238 1574 
7 2302 2328 2330 2355 2249 238 2467 
4 238 2556 2252 2364 
2 238 1178 
4 238 1755 2891 1014 
5 238 1814 1808 242 1816 
7 2384 238 2250 2248 2273 2401 2471 
1 238 
2 238 2392 
3 2251 2335 238 
1 238 
4 1814 2331 238 2309 
7 1779 238 2251 2227 1813 1814 2120 
11 2251 238 2594 1755 1911 2320 1045 2208 2371 244 2241 
5 2250 2406 238 2331 2251 
1 238 
1 238 
8 2416 2556 238 2555 1808 1816 242 2588 
3 238 2384 2261 
3 238 2473 2839 
15 2251 2250 238 2558 1183 2308 2316 2565 1016 2573 1043 2226 2237 2454 2471 
1 238 
1 238 
20 2417 2251 238 2440 2172 2812 2253 2345 2335 1755 2174 2569 1048 2379 2515 2402 2228 2409 2445 2237 
2 238 2251 
5 238 945 1808 2234 246 
8 1808 242 988 238 2580 1813 1814 244 
3 2251 238 2406 
2 243 238 
1 238 
1 238 
4 2251 2292 2345 238 
3 2251 238 2359 
1 238 
4 2251 238 2429 2467 
3 238 943 2251 
2 2255 238 
11 238 2251 2178 2286 2181 2185 2211 2373 2226 2234 2238 
4 2839 238 2473 2357 
4 1677 1060 2251 238 
8 238 2251 2254 1755 2820 2372 2453 2459 
2 238 2251 
1 238 
1 238 
3 238 2232 1755 
4 238 2440 2251 2397 
9 2335 1180 1178 890 238 2693 2251 1690 2367 
6 2255 238 2256 2249 1755 2330 
2 238 2252 
2 238 2441 
1 238 
3 2251 238 2384 
1 238 
2 2275 238 
3 2266 1814 238 
4 238 1755 2251 2172 
4 238 2565 2379 2226 
5 2251 2254 238 2319 1755 
7 242 1813 2580 244 1814 2555 238 
2 238 2325 
2 238 2331 
5 2384 2275 238 2248 2226 
6 2367 238 2251 2859 890 2335 
3 2251 238 2338 
11 2251 1755 238 2312 2374 2392 2226 2401 2408 1174 2471 
13 2268 2594 238 1813 242 769 2208 2351 1470 244 2583 2587 2238 
1 238 
2 238 2251 
1 238 
4 2391 2251 1018 238 
5 238 2595 2314 1812 2594 
3 238 2251 2432 
1 238 
4 2256 2251 238 2226 
3 1755 1614 238 
8 238 1755 2302 2256 2249 2355 2429 2467 
9 2315 238 2175 2266 2269 2337 2380 2416 2436 
5 238 2473 2248 2440 2379 
6 1814 242 1755 1813 238 2253 
1 238 
17 2251 1755 238 2264 2278 2625 2301 2317 2348 2362 2373 2226 2232 246 2445 2454 2238 
2 2251 238 
4 2473 2251 2331 238 
3 238 2251 2318 
1 238 
4 1754 1812 2251 238 
3 238 2251 2416 
3 238 2251 1614 
3 2450 238 2393 
2 238 1818 
9 238 2702 2278 2286 2197 2206 2226 2245 1463 
4 1818 238 242 1029 
2 238 2226 
10 2335 2812 238 2251 1810 2225 2390 2241 2593 2470 
2 238 2812 
2 238 2253 
3 1029 2320 238 
1 238 
2 238 666 
2 238 2251 
6 2249 2256 238 2251 2330 2467 
1 238 
5 2812 2203 2253 2293 238 
6 1813 2404 2233 2251 238 2253 
3 1812 238 2287 
2 238 2251 
3 943 238 2251 
6 2335 2812 238 2406 2371 2415 
4 238 242 2381 1463 
3 238 1741 2257 
2 238 2251 
2 2251 238 
5 2251 2301 238 890 2317 
8 244 2225 2456 238 2463 1813 242 1814 
2 2251 238 
1 238 
5 244 2225 2268 2362 238 
2 2295 238 
7 2238 2292 2576 238 2251 2622 2335 
2 2319 238 
1 238 
13 238 2594 2189 2192 1192 2195 2205 2213 2579 2226 1222 2442 2242 
2 238 2473 
1 238 
5 2332 2311 238 2568 2278 
2 2331 238 
2 2363 238 
5 238 988 2253 2251 2181 
4 2251 238 2386 2397 
11 2255 2248 2250 238 2261 2273 2306 2316 2226 2436 2471 
3 238 242 1813 
3 1016 238 2383 
1 238 
2 2473 238 
2 238 2595 
4 2348 238 2226 2454 
5 1539 238 1230 2324 2435 
4 238 2263 2319 2395 
4 238 2343 2226 2450 
2 238 2251 
4 238 2392 2226 2396 
3 2251 238 2395 
5 2300 2383 2253 1029 238 
1 238 
2 2251 238 
3 242 238 2253 
4 2251 238 2319 2261 
2 2278 238 
3 238 2202 2471 
7 242 2253 238 1814 2251 2187 2358 
3 2251 2254 238 
6 2251 238 2282 2269 2362 1143 
1 238 
4 1755 238 2319 2251 
3 238 2278 2251 
1 238 
1 238 
5 2225 238 244 242 1814 
4 1818 2253 238 2462 
3 238 2251 2254 
3 238 2251 2362 
9 238 2251 1755 2331 2272 2341 2434 760 2458 
7 238 2253 2251 1755 2278 2216 2635 
6 1812 238 2192 2579 2431 2444 
3 238 2251 2452 
7 1815 238 1814 988 1813 1812 1808 
6 2252 1813 242 238 2226 2442 
3 1813 238 2251 
2 238 2251 
5 2203 238 2812 2253 2440 
1 238 
1 238 
2 238 2251 
6 244 242 238 1814 2590 2582 
4 2251 2330 2289 238 
1 238 
3 238 1812 2418 
2 2326 238 
2 2251 238 
4 1808 238 1814 2416 
3 238 2440 2391 
5 2251 238 2331 2812 2384 
2 238 943 
2 238 2251 
1 238 
13 238 2251 2812 2177 2278 2300 2332 2203 1207 2424 943 2435 2451 
3 238 1016 2304 
6 1812 2376 2212 2421 238 2569 
2 2251 238 
5 2418 1818 2212 238 239 
8 2251 1812 2278 1818 2335 238 2454 1016 
1 238 
1 238 
5 2253 2251 238 2177 2226 
1 238 
3 238 2393 2343 
8 1178 238 1326 1177 1323 1750 1325 2440 
3 238 2419 2251 
3 2295 1755 238 
5 2390 2275 238 2335 2445 
20 238 1817 2562 2178 1807 1810 2198 2200 2207 1819 2214 2215 2216 2226 2227 1808 2235 2593 2244 2245 
5 238 2225 1814 244 2368 
2 1506 238 
3 2416 238 242 
3 238 2254 2295 
2 238 2226 
3 2251 238 2254 
2 2413 238 
8 238 1814 244 242 1813 2570 2368 2586 
2 238 1755 
2 1755 238 
1 238 
7 2249 2330 238 2355 2256 2289 2251 
3 1814 1807 238 
2 238 2252 
2 238 2348 
7 2403 2250 238 2319 2384 2275 2261 
2 238 2253 
11 1104 238 2274 2293 1016 2332 2337 2377 2388 2594 2534 
1 239 
1 239 
1 239 
1 239 
1 239 
1 239 
1 239 
1 239 
1 239 
4 2504 239 1983 2512 
1 239 
1 239 
1 239 
1 239 
2 2497 239 
1 239 
1 239 
1 239 
2 2505 239 
1 239 
1 239 
2 239 1812 
1 239 
4 239 2488 2519 2526 
1 239 
1 239 
2 2513 239 
1 239 
1 239 
1 239 
3 239 2483 2537 
2 239 2492 
1 239 
1 239 
1 239 
1 239 
1 239 
1 239 
2 239 2483 
2 239 2500 
1 239 
2 2278 239 
1 239 
1 239 
1 239 
2 239 2497 
1 239 
1 239 
1 239 
1 239 
1 239 
1 239 
2 239 2497 
1 239 
1 239 
1 239 
1 239 
3 2248 239 2250 
1 239 
1 239 
2 2473 239 
1 239 
1 239 
2 2504 239 
1 239 
1 239 
9 916 240 248 1303 1262 1263 250 534 924 
2 240 250 
8 2681 240 249 1263 366 368 387 2665 
7 663 916 1263 240 254 2627 1262 
2 240 2113 
6 925 962 240 250 570 918 
1 240 
3 1263 240 2627 
5 990 916 240 975 921 
4 240 249 1263 1840 
4 826 240 1263 916 
2 245 240 
5 1263 256 2627 240 2869 
5 663 2108 240 665 309 
1 240 
3 2272 2313 241 
12 2172 244 1817 988 1814 1843 1813 2257 2272 243 241 2214 
1 242 
5 1814 242 1812 1816 2275 
1 242 
6 710 1537 1102 242 1326 1543 
2 242 2579 
10 2455 1813 2241 1808 1294 1812 2225 242 1045 2585 
1 242 
6 1641 1815 242 1813 1673 977 
5 2172 2275 2573 242 2311 
1 242 
5 242 1468 1814 2576 1060 
2 242 2379 
9 1812 945 2176 242 1818 1814 2442 2278 2205 
3 242 780 2463 
1 242 
3 1812 242 1808 
6 242 1813 2275 2565 2226 2580 
2 242 1814 
1 242 
11 1814 1813 242 1816 2178 363 2567 2222 2373 1319 2582 
6 242 252 1690 1468 969 982 
1 242 
6 2376 2561 1812 242 1813 2418 
14 2573 2172 2233 1817 1468 988 242 1813 2281 243 2313 2216 2226 246 
2 1465 242 
5 242 2576 1468 1814 2428 
5 242 1814 2251 2320 1816 
2 1812 242 
3 242 1808 2562 
3 1814 2463 242 
5 1814 2320 2594 1808 242 
7 2196 242 2039 546 2809 1814 2272 
2 242 1360 
3 243 362 2428 
1 243 
2 243 2622 
12 1814 2348 243 2193 2212 1808 2455 1816 2246 1813 2177 2244 
11 2473 2325 2268 2320 2195 1016 2376 2225 244 2587 2241 
4 2389 2325 1043 244 
1 244 
1 244 
1 244 
2 244 1814 
7 244 2174 2226 1911 2242 1016 2192 
1 244 
1 244 
2 244 1810 
3 992 245 663 
8 245 1261 248 2677 1370 875 1290 309 
7 1303 2627 245 256 1930 764 1270 
4 2627 245 338 1077 
2 248 245 
9 245 890 1303 248 1259 1276 1288 1297 819 
4 245 916 800 2617 
4 309 1303 245 1267 
1 245 
2 1255 245 
5 248 1262 245 250 1263 
3 245 573 575 
10 245 506 1844 423 1271 1846 1080 1847 1849 309 
2 245 2610 
7 574 925 1303 245 1263 250 1799 
2 348 245 
6 916 248 1261 2628 245 809 
5 254 1260 309 924 245 
5 2185 2373 246 2592 2238 
1 246 
1 246 
2 2335 246 
3 664 1263 248 
14 916 254 1261 248 250 530 2606 727 2607 2649 2543 2547 1291 2552 
3 1261 248 2620 
5 1259 248 253 329 1260 
3 248 2632 1283 
9 250 248 1258 249 348 585 549 1043 2655 
13 1303 250 1262 1263 248 1259 2630 1278 1258 667 823 817 579 
3 248 924 1449 
1 248 
5 248 1416 2417 1417 1360 
2 248 1017 
1 248 
4 251 250 249 1838 
4 2671 249 991 960 
3 921 923 250 
3 1259 250 256 
4 823 916 250 2071 
3 251 250 925 
3 250 251 925 
5 2658 250 570 2651 2095 
6 990 1029 925 922 250 921 
3 250 554 2095 
1 250 
11 250 2627 253 834 1608 530 545 860 870 874 875 
5 250 2658 2651 925 921 
8 925 250 2658 570 2645 2650 2654 2095 
2 250 929 
3 922 1267 250 
2 250 2651 
4 250 256 2631 1270 
3 916 250 1283 
3 256 1259 250 
10 570 925 250 921 933 2645 2650 2651 2095 2659 
3 2658 250 925 
3 960 250 925 
2 2740 250 
5 921 925 469 250 401 
1 250 
1 251 
2 2542 251 
2 799 252 
3 252 1767 329 
4 252 991 890 351 
1 252 
3 1263 991 252 
4 991 253 566 2639 
1 253 
1 254 
4 254 1262 2149 916 
1 254 
2 254 923 
6 1263 916 254 2605 536 809 
1 254 
1 254 
2 1261 254 
4 255 260 529 2542 
4 255 1113 401 429 
3 1263 255 799 
8 255 827 1375 1782 1783 563 1404 1633 
2 255 256 
6 2878 2879 255 366 260 916 
3 1113 764 255 
1 255 
2 255 1263 
6 1255 255 1271 801 1006 613 
1 256 
1 257 
2 257 2301 
1 257 
1 258 
9 826 2149 1263 258 803 805 501 889 291 
4 335 1792 258 2008 
1 258 
1 259 
1 259 
1 260 
3 261 2206 2345 
3 923 263 2713 
1 263 
2 2710 266 
2 2708 266 
1 266 
2 266 2706 
2 1880 266 
3 266 1929 2705 
1 268 
1 268 
2 268 2703 
1 268 
1 268 
1 268 
1 268 
1 268 
1 268 
2 268 2721 
2 269 2720 
1 269 
4 1323 270 1131 910 
8 1021 797 1786 271 1782 1783 1706 1778 
1 271 
1 272 
4 1468 1323 754 272 
1 272 
1 272 
1 272 
2 2732 274 
2 2731 274 
2 312 275 
2 2873 275 
1 275 
1 275 
1 276 
2 276 782 
6 1107 843 1825 2889 882 277 
8 1378 445 1389 882 277 2661 1409 279 
4 841 283 842 277 
2 1710 278 
1 278 
1 278 
2 1368 279 
1 279 
10 993 280 1613 2748 718 2767 307 2758 1611 2756 
4 280 2747 2767 284 
2 280 1613 
1 280 
3 284 1105 280 
1 280 
1 280 
2 280 2755 
2 2754 280 
4 280 285 2747 283 
1 282 
6 1294 665 282 576 2747 1693 
1 283 
2 1622 283 
4 1628 740 283 2777 
2 284 2770 
1 284 
1 284 
3 284 736 1622 
1 284 
7 284 2747 751 1613 1867 2748 1611 
3 285 1859 284 
2 284 2030 
3 284 2762 285 
2 285 284 
1 284 
1 284 
1 285 
1 285 
2 285 2788 
4 285 826 875 2761 
1 286 
2 286 2780 
3 286 2779 2781 
2 2780 286 
1 287 
12 335 994 1628 829 1439 287 2037 1800 1805 1806 1408 1296 
1 288 
3 1907 288 1631 
3 1626 288 2063 
2 2788 289 
4 1077 289 2776 2787 
2 1455 289 
1 289 
2 514 290 
1 292 
1 292 
2 1113 292 
1 292 
2 292 318 
6 2143 320 703 317 1618 293 
1 293 
1 293 
1 294 
2 998 294 
2 998 294 
2 297 295 
3 1323 296 943 
1 297 
1 297 
1 297 
1 298 
3 299 2039 2588 
7 2811 2196 299 1819 2212 2217 2236 
2 2810 299 
16 2251 2278 2813 1016 2203 299 2348 2349 2357 2362 2226 1812 2424 2436 2440 1532 
2 299 2812 
2 301 1895 
1 302 
3 303 1432 1831 
2 304 2818 
4 2159 2817 1326 304 
1 304 
3 2254 2295 304 
2 316 304 
5 320 802 1205 2090 305 
1 307 
2 307 593 
4 1323 828 827 307 
1 307 
1 308 
3 1370 875 309 
1 310 
2 310 311 
2 1214 311 
3 1180 703 312 
7 312 2880 323 2882 433 2890 326 
2 312 424 
2 312 2848 
2 312 1350 
3 312 1016 2838 
5 2837 2839 312 590 2853 
7 312 2274 2293 2194 2843 2838 1581 
2 1710 312 
2 312 2849 
1 312 
3 312 2853 2839 
2 312 2848 
2 312 1391 
1 312 
3 2857 1391 312 
6 1391 312 1167 343 2835 2844 
2 312 2841 
5 1334 462 320 318 312 
8 2887 320 1127 401 312 2886 2878 894 
3 1178 312 2884 
3 2838 312 2843 
1 312 
4 1828 1821 312 1391 
2 1127 312 
4 312 1391 2847 2889 
3 1113 312 703 
6 1242 1178 1180 1179 313 2317 
1 313 
1 313 
2 313 950 
1 313 
2 943 314 
2 1955 314 
2 314 894 
2 314 1197 
1 314 
4 2552 923 316 464 
2 1874 316 
2 890 316 
2 316 1119 
3 2734 1179 317 
1 317 
1 317 
1 317 
2 317 1429 
7 402 411 318 445 2686 2851 913 
2 318 2686 
6 1167 1152 318 2833 1178 1127 
2 318 2157 
5 318 2833 1127 1124 1253 
1 318 
4 1178 318 1152 2852 
2 318 405 
7 2157 318 357 401 2887 2851 493 
7 401 318 2886 1060 1466 910 2851 
1 318 
5 1831 318 1391 2739 2857 
4 1167 2833 318 1152 
4 1014 2259 406 319 
1 319 
1 319 
1 319 
1 319 
3 1327 890 320 
1 320 
2 320 1056 
2 320 1466 
3 320 704 1680 
