41 2 3 4 5 6 7 8 9 10 11 12 13 14 15 16 17 18 19 20 21 22 23 24 25 26 27 28 29 30 31 32 33 34 35 36 37 38 39 40 41 42 
40 43 1 44 45 46 47 48 49 50 51 52 53 54 55 56 57 58 59 60 61 62 63 64 65 66 67 68 69 70 71 72 73 74 75 76 77 78 79 80 81 
49 82 83 84 85 86 87 88 89 54 90 91 92 93 94 95 96 1 97 98 99 100 101 46 102 103 104 105 106 107 108 109 110 111 112 113 114 115 116 117 118 119 120 121 122 123 124 125 126 127 
33 128 129 130 131 132 133 134 135 136 137 138 139 140 141 62 142 143 1 144 145 146 147 148 149 150 151 152 153 154 155 156 157 158 
26 159 82 1 160 161 162 163 164 165 166 167 168 169 170 171 172 173 174 175 176 177 178 179 180 181 182 
32 183 184 185 186 187 188 189 190 191 192 193 194 195 196 197 198 199 200 201 202 203 1 204 205 206 207 208 209 210 211 212 213 
13 214 215 216 217 174 218 219 220 221 222 223 224 1 
14 225 226 26 227 228 1 229 230 231 232 233 234 235 236 
36 62 237 238 239 240 1 241 242 243 244 245 246 247 248 249 250 251 252 253 254 255 256 257 258 259 260 261 262 263 264 265 266 267 268 269 270 
16 66 271 272 273 274 275 276 277 1 278 279 20 280 281 282 283 
23 284 285 286 287 288 289 290 291 292 293 294 295 296 297 298 299 300 301 302 303 304 1 305 
18 306 307 308 309 310 311 312 313 1 314 315 276 316 317 318 319 320 321 
14 322 75 323 1 324 325 326 327 328 329 105 330 331 332 
15 333 334 335 336 337 338 339 340 341 342 343 162 1 344 345 
16 346 347 348 349 350 351 352 1 353 354 355 356 357 358 359 360 
11 295 361 362 363 364 365 366 367 1 264 368 
12 369 370 371 372 373 374 375 376 377 378 1 379 
11 380 381 382 383 384 385 386 387 388 1 389 
13 390 391 392 393 394 395 1 396 397 398 399 400 401 
178 402 403 404 405 406 407 327 408 409 410 411 412 413 414 415 416 417 227 418 419 420 421 422 423 424 425 10 426 427 428 429 430 431 432 433 434 435 436 437 438 439 440 441 442 443 444 445 446 447 448 449 450 451 452 453 454 455 456 457 458 459 460 461 462 230 463 464 465 466 467 468 322 469 470 471 472 473 474 475 476 477 478 479 480 481 482 483 484 485 486 487 488 489 490 491 492 493 494 495 496 364 497 498 499 500 501 502 503 504 505 506 507 508 509 510 148 511 512 513 514 386 515 158 393 516 517 518 519 520 521 522 523 524 525 526 527 528 529 530 531 532 533 22 534 535 1 347 536 537 538 539 540 541 542 543 544 545 546 547 548 549 550 551 552 553 554 368 555 556 557 558 559 560 202 561 562 563 564 
18 361 238 565 1 566 73 567 568 569 570 53 571 572 573 574 575 576 577 
471 66 578 579 570 580 532 581 582 583 584 162 585 393 137 216 586 587 588 589 590 188 591 501 592 593 594 595 596 597 598 599 600 601 602 603 604 605 606 607 608 609 610 611 612 613 614 615 616 617 618 619 620 621 622 623 624 625 626 627 628 629 630 631 632 633 634 635 345 636 637 638 639 640 641 642 643 644 645 275 646 647 648 649 650 651 652 653 654 655 656 657 658 196 659 660 661 243 662 536 663 664 665 666 667 668 669 670 671 672 673 674 675 676 292 677 678 679 680 681 682 683 199 684 685 686 687 688 689 690 92 691 692 693 694 695 696 697 698 699 700 701 702 703 257 704 705 706 707 708 709 710 711 712 713 714 715 716 717 718 62 178 215 43 719 28 108 720 721 722 70 723 724 725 726 727 728 729 730 731 732 733 734 735 736 737 346 738 739 740 741 315 742 743 744 745 746 747 748 749 750 751 752 753 754 755 756 757 758 759 760 761 762 763 764 765 766 767 768 769 770 771 772 773 774 775 776 777 778 779 780 31 781 782 565 783 784 785 786 787 788 789 790 791 792 793 794 795 796 797 798 799 800 801 449 381 496 802 575 803 804 805 806 807 198 808 809 810 811 812 813 329 814 815 816 817 818 819 820 821 822 823 824 825 826 827 828 829 830 831 832 833 834 835 836 837 838 839 840 841 842 843 844 845 846 847 848 849 540 444 850 851 33 852 853 384 854 1 855 104 856 374 857 858 859 860 861 862 863 864 865 866 867 868 869 870 871 872 873 874 875 876 877 878 879 880 881 882 883 64 284 884 383 885 886 174 887 95 888 889 890 891 892 893 894 895 896 897 898 899 409 900 901 902 903 904 905 906 907 908 909 910 911 912 913 914 915 916 917 542 918 919 920 921 922 923 924 925 926 927 361 928 929 930 931 932 933 934 935 936 937 938 939 940 941 274 20 307 942 943 944 945 946 947 948 949 950 951 952 953 954 955 956 957 958 959 960 415 105 961 962 963 964 965 309 160 966 967 968 969 970 971 972 973 974 975 976 977 978 979 980 981 982 983 984 985 986 987 988 989 990 991 
29 309 992 993 994 995 996 997 998 999 1 1000 1001 1002 1003 1004 386 62 1005 1006 496 1007 1008 141 1009 773 1010 1011 1012 1013 
12 590 1014 1015 1016 1017 1018 1019 202 1020 1021 1 62 
10 762 1022 1023 1024 1025 881 1 820 1026 1027 
519 66 73 395 386 882 1028 402 1029 1030 1031 450 1032 1033 1034 1035 1036 1037 216 704 1038 727 160 1039 1040 589 1041 1042 1043 1044 1045 1046 1047 855 1048 1049 1050 50 1051 1052 1053 1054 1055 1056 1057 1058 969 1059 1060 1061 1062 358 1063 1064 1065 110 622 1066 1067 1068 1069 231 974 1070 1071 1072 1073 1074 1075 1076 1077 1078 1079 1080 1081 1082 1083 8 1084 640 1085 1086 1087 1088 1089 1090 1091 1092 1093 1094 1095 275 1096 1097 1098 1099 1100 1101 1102 1103 1104 1105 1106 1107 1108 1109 1110 1111 1112 1113 524 1114 1115 1116 1117 1118 323 1119 658 1120 1121 1122 1123 1124 1125 1126 1127 1128 1129 1130 1131 1132 1133 1134 1135 1136 1137 1138 1139 1140 1141 1142 1143 1144 252 1145 1146 1147 301 1148 139 1149 1150 1151 1152 1153 1154 1155 1156 878 1157 1158 1159 1160 1161 1162 1163 1164 1165 884 1166 1167 1168 1169 1170 1171 1172 62 1173 178 580 532 451 1174 446 1175 1176 1177 1178 1179 1180 1181 1182 1183 1184 1185 1186 1187 816 1188 1189 980 1190 1191 1192 1193 1194 1195 1196 1197 1198 1199 1200 1201 1202 136 1203 1204 1205 1206 1207 1208 1209 1210 1211 570 1212 1213 1214 1215 595 1216 1217 605 1218 236 746 1219 1220 1221 1222 1223 1224 1225 1226 1227 1228 1229 1230 1231 1232 1233 1234 1235 1236 1237 1017 1238 1239 578 730 97 1240 1241 1242 347 1243 1244 1245 1246 1247 1248 1249 1250 1251 1252 1253 1254 925 1255 1256 1257 121 1258 1259 1260 1261 1262 1263 1264 1265 1266 881 41 68 1267 566 582 1268 1269 499 445 1270 1271 1272 1273 1274 1275 1276 1277 1278 1279 1280 1281 1282 1283 1284 1285 1286 1287 1288 1289 1290 1291 1292 1293 1294 1295 1296 1297 1298 1299 1300 1301 1302 867 766 1303 1304 1305 1306 1307 1308 1309 1310 1311 1312 1313 270 1314 1315 1316 1317 1318 1319 1320 1321 956 253 1322 1323 1324 1325 1326 1327 1328 1329 1330 1331 1332 1333 1334 1335 1336 1337 1338 1339 294 1340 721 722 1341 1342 1343 1344 966 1012 1345 1003 1346 1347 1348 1349 1350 1 600 1351 88 326 1352 1353 1354 1355 1356 1357 1358 1359 558 1360 1361 1362 1363 1364 947 1365 1366 1367 1368 1369 1370 1371 1372 1373 1374 1375 1376 1377 1378 1379 1380 1381 1382 898 1383 1384 1385 1386 1387 1388 1389 1390 1391 1392 1393 1394 1395 1396 1397 1398 1399 664 1400 1401 1402 1403 1404 1405 1406 370 1407 1408 1409 1410 1411 1412 1413 1414 1415 1416 1417 1418 334 1419 1420 1421 1422 1423 1424 1425 1426 1427 1428 1429 573 1430 1431 1432 1433 1434 1435 1436 1437 1438 1439 1440 1441 1442 1443 1444 960 1445 1446 29 1447 1448 1449 1450 1451 1452 1453 709 1454 1455 1456 1457 1458 1459 1460 1461 1462 
15 1463 1464 1465 1466 1467 1468 1469 1 1039 1470 1471 1472 1473 713 1002 
195 386 1474 66 451 162 1475 1476 1477 1478 1479 1480 1481 1482 1483 1484 1485 1486 1487 1488 1489 676 1490 1491 1492 1493 1494 178 1495 1496 1497 1498 1499 1500 1242 456 1501 1502 1503 1504 1505 1506 1507 849 325 1508 1509 1510 1511 1512 373 1513 1514 1515 1516 51 1281 1517 1518 1519 1520 1521 1385 1522 1523 1524 1525 1526 1527 1528 1529 1530 1531 1532 1533 1534 1535 145 305 1536 62 450 403 76 918 159 1537 364 1538 1539 1040 1540 1541 1044 593 1 601 1542 608 1543 129 1544 1545 1546 1547 1548 1549 1550 1551 1552 1553 823 1554 1555 1556 1557 1558 1559 1560 170 1561 1562 1563 1564 330 1565 1251 1566 1567 365 1568 1569 1570 1571 1572 515 1573 1574 850 103 1037 1575 1576 1577 1578 1579 1580 1581 535 1582 1583 1584 1585 1586 1587 1588 1589 1590 1591 1592 1593 1594 1595 1596 1597 1598 1599 1600 1601 987 1602 1603 1604 1605 228 1606 1029 534 1607 284 1608 1609 1610 1611 1612 301 1613 22 1614 1615 1616 1617 1107 1618 1619 1620 
50 1621 1622 1623 1 1624 1625 1626 1627 1628 1629 1630 1631 1632 1633 1634 386 1067 1635 997 1636 105 1637 1549 1638 1639 1640 1641 1642 1643 1644 415 26 76 1645 850 594 750 1646 1647 1267 1648 1649 1650 1651 1652 1653 1654 1655 1656 881 
38 1657 1658 1659 469 536 578 972 1660 1661 1662 1 1663 887 1664 1483 1665 1666 1667 1668 1669 1670 1671 232 1672 1673 159 1674 461 1675 1676 1677 1678 1679 1680 1681 1682 1683 1684 
11 1009 22 256 1 1685 1686 1028 1516 1687 1688 1689 
10 1690 499 1 1691 1692 1693 1694 1695 1696 1697 
23 145 1698 1699 1700 966 515 849 931 1169 444 1697 766 1654 1684 1690 449 1 598 1182 22 1511 1254 66 
10 704 542 505 861 1388 1 403 435 190 395 
9 405 1398 133 1 849 1240 1073 746 857 
4 43 1 1211 396 
7 919 1 1526 802 1057 129 444 
5 899 587 712 1 1270 
4 1419 1 1387 379 
4 64 131 1 227 
46 62 881 87 304 946 743 768 489 395 368 361 820 26 1028 1012 161 649 578 121 274 548 66 76 703 381 1445 928 1575 591 404 1 740 984 686 569 64 802 720 581 42 1244 1013 449 1340 1212 1302 
11 1 1610 41 128 178 1312 1341 966 263 415 570 
46 73 961 1537 705 1020 72 761 36 1261 395 540 128 1575 210 857 770 1157 1334 62 1621 76 992 710 859 49 2 747 386 1035 22 703 137 884 307 1468 69 241 285 215 1289 449 295 1343 820 899 1265 
17 2 1177 235 1539 1680 130 757 341 571 742 1326 717 575 449 1357 347 826 
7 1166 784 520 722 2 257 103 
6 3 557 703 575 2 942 
7 1674 2 773 1014 424 1511 1574 
6 215 841 2 1482 1538 746 
14 1039 518 1676 570 69 812 162 396 1141 578 43 2 1041 1483 
10 1572 546 1454 62 578 145 139 26 2 496 
10 1411 2 1340 209 28 882 386 469 110 179 
7 449 62 862 167 581 321 2 
6 719 21 1114 1425 758 2 
6 1242 3 240 2 853 263 
6 505 720 636 2 722 933 
4 381 179 360 2 
4 703 216 2 79 
4 578 2 518 66 
2 1522 2 
3 2 148 80 
1 2 
249 66 73 395 1173 881 22 41 849 415 496 1267 264 232 541 70 325 284 403 1573 582 162 1269 1341 320 586 726 160 1685 1508 728 1040 1576 313 1476 1349 50 888 1449 304 183 1058 611 614 1585 517 625 504 892 1587 210 1219 111 710 859 273 749 815 89 52 1591 1092 1595 249 995 767 951 773 233 1130 781 24 1632 1208 794 1493 26 121 444 851 1035 965 390 2 227 608 1355 1358 1589 9 1554 650 1117 368 703 257 570 215 402 883 1659 145 720 159 1343 1465 1034 289 944 1511 1176 1049 1582 302 4 326 1218 811 1005 1363 462 230 1289 1244 85 1087 1698 1378 824 523 427 1190 509 1597 1129 985 142 531 495 449 882 43 1340 361 532 128 542 158 575 803 1033 585 1537 282 704 195 730 1045 384 600 613 1060 618 166 746 520 421 1104 1001 1555 713 1662 933 1306 666 674 1249 533 954 352 274 534 723 364 968 106 345 1523 1303 514 108 82 295 383 1271 743 1651 1254 1515 71 921 28 1175 327 324 1387 937 386 68 379 1174 1574 1268 1468 942 590 175 741 1053 315 742 1061 401 812 708 548 464 1097 759 342 202 1423 1323 1427 791 579 1029 1032 543 1697 1039 1509 23 1347 596 970 67 828 448 699 
6 82 849 993 2 66 307 
42 942 503 761 22 497 1551 368 1028 2 1217 1651 213 540 40 41 1031 722 325 159 587 728 1018 1503 336 388 1418 579 1543 105 999 201 606 1485 771 1527 551 1599 533 693 66 405 1300 
5 395 1023 2 1582 704 
246 62 73 449 368 881 703 257 578 41 68 570 580 402 540 415 883 64 1030 145 496 108 802 1647 70 542 1473 1032 581 1573 803 962 159 585 1342 364 1002 516 1697 289 155 886 499 887 127 1008 730 731 1346 1046 592 384 141 598 545 603 1450 220 1514 310 813 362 930 748 1074 407 634 179 1675 217 643 818 1385 1301 1111 1466 1227 1121 1305 1124 1262 187 1320 1632 1329 192 691 573 389 799 577 26 1173 178 1028 719 1267 28 541 451 575 1574 964 78 725 320 965 376 452 33 497 1270 805 1042 1476 2 854 1166 597 555 503 1536 280 504 1674 72 99 974 1243 560 975 1591 1258 1296 1378 1380 1520 409 949 657 768 1304 321 135 775 1139 922 252 1319 1147 1252 234 215 1572 379 284 1445 584 1537 174 1213 84 1043 404 737 227 605 343 1056 401 517 156 464 1590 1090 1298 10 319 982 1472 58 1025 877 1436 1441 22 232 158 1541 1623 1214 744 348 1624 1362 1616 259 487 439 317 493 579 105 532 1341 103 501 735 1275 607 613 617 166 747 63 1635 153 675 695 381 722 999 258 353 1040 589 1179 971 627 74 1288 861 1688 77 681 1199 882 1618 477 1323 1343 360 893 460 1081 757 144 
6 375 62 723 1338 534 2 
49 1473 1621 575 1465 1685 887 1042 1515 615 1066 1674 96 66 162 811 1194 831 386 748 1291 578 274 584 500 1554 395 379 865 62 264 1342 310 1363 751 89 1102 1689 26 449 1340 188 2 1053 868 1619 701 257 999 1269 
8 1221 43 1173 49 732 999 1008 2 
35 66 1621 705 1451 1301 1667 178 451 62 353 689 1680 1544 1364 1184 948 386 850 574 1572 176 544 305 766 22 575 1045 384 2 1177 1052 475 253 1253 402 
15 62 383 1134 2 873 429 1053 1510 813 1081 1197 819 108 579 449 
9 2 1061 537 1145 43 66 1252 368 600 
85 62 162 1608 1175 468 91 386 580 1029 105 121 961 584 416 137 704 1685 289 446 1577 1041 1273 1181 1543 204 1479 747 1220 1282 1077 89 424 641 756 1302 1555 135 380 987 212 494 395 882 43 496 739 178 450 1465 435 66 1576 730 355 1214 595 373 375 970 619 456 21 1527 26 449 403 353 1657 356 1018 1082 1106 1524 1266 1532 578 1659 1270 2 1447 1085 1471 1356 339 1134 
9 802 236 2 541 309 66 1622 1133 844 
8 1049 1485 949 13 1450 985 618 2 
34 703 965 29 1476 302 1352 420 1696 41 1671 943 1177 1061 820 824 565 999 1269 2 459 43 162 345 148 386 850 930 215 579 1174 733 463 28 1267 
5 2 1341 664 1031 66 
16 415 1577 889 135 1206 444 386 1623 2 66 128 976 361 821 449 395 
7 274 1622 2 575 358 257 57 
7 1285 60 450 1505 106 2 1621 
3 386 1095 2 
38 449 498 1270 1509 337 594 1195 960 108 703 63 62 3 976 386 249 361 1343 125 128 1574 705 919 599 5 858 1391 1405 871 1413 685 1684 1690 403 606 659 105 555 
2 3 725 
16 128 621 1562 1647 66 3 542 1512 1018 645 767 440 523 1267 1178 274 
7 703 108 1275 395 1199 3 62 
5 105 1288 1258 1665 3 
7 1447 803 599 444 3 41 1696 
8 305 26 201 1053 403 3 543 1554 
7 62 1358 361 73 3 215 68 
5 579 1340 3 1091 128 
6 703 990 73 3 390 1042 
3 1526 3 22 
3 1448 3 104 
3 532 3 1267 
11 1059 177 386 3 1218 703 174 22 1440 445 395 
11 479 1346 1118 395 402 3 68 1347 865 1114 519 
8 415 3 1657 26 1342 1201 1051 386 
9 135 3 1603 603 289 386 1574 415 688 
8 215 122 129 3 303 66 847 258 
7 498 3 1472 1202 1002 1492 1542 
5 451 3 402 1290 274 
4 768 3 1129 298 
16 128 3 1617 45 66 1681 999 155 929 598 526 28 379 1578 884 1404 
10 366 866 3 1072 259 617 22 1335 93 1348 
51 395 66 1622 358 1105 690 402 578 419 415 1659 850 591 612 73 82 765 766 261 940 881 153 22 585 127 3 615 1026 1292 1013 761 13 661 212 64 86 1340 381 515 584 416 1342 29 945 1053 1607 518 1279 1070 1186 1550 
7 1055 395 3 62 80 172 629 
3 202 1581 3 
42 62 1365 1521 1640 570 82 295 1002 1540 304 455 392 85 1410 1431 578 1445 851 1046 1157 386 3 1068 1320 178 918 71 1547 1169 164 1612 119 1345 705 1577 1427 22 221 1074 1022 66 532 
6 3 449 723 132 1173 542 
10 3 1495 26 680 162 51 386 677 1056 1397 
7 282 1697 1404 62 549 3 943 
2 127 3 
8 282 3 355 719 353 415 787 534 
1 3 
5 3 415 1031 174 1039 
2 1027 3 
3 1002 3 570 
5 1668 3 557 964 559 
5 108 3 1659 534 725 
1 3 
32 353 73 581 575 803 159 1579 1511 333 392 641 644 1096 319 903 199 62 1659 257 145 3 860 1593 26 992 1475 41 1621 455 218 774 849 
6 99 235 556 1356 373 3 
4 379 597 3 836 
3 1342 3 1173 
6 82 1184 448 1404 1607 3 
2 1198 3 
10 3 683 1659 586 66 112 703 1575 105 881 
61 1173 1464 43 889 1105 82 1578 1003 731 1175 944 1615 857 948 1381 765 1130 1570 62 1473 1174 78 103 1035 84 1347 1082 378 703 579 1445 583 1491 881 232 581 853 1274 4 42 1519 1111 180 921 780 577 395 273 1076 711 90 1435 580 1574 1580 500 258 1509 592 280 466 
10 28 623 99 415 553 1031 624 37 402 4 
9 4 1008 681 44 1092 464 828 1039 454 
7 784 724 4 1584 402 40 264 
3 109 4 158 
6 337 35 719 585 520 4 
3 540 730 4 
8 66 78 496 98 1343 883 73 4 
5 1341 26 736 4 295 
16 532 22 188 595 145 43 246 1384 491 73 264 1403 1659 4 245 157 
2 873 4 
6 360 1314 4 633 50 26 
1 4 
12 522 258 881 1356 4 66 497 23 545 793 201 383 
4 1226 62 4 1018 
2 703 4 
4 784 4 383 66 
51 720 534 1343 966 827 921 121 1341 928 725 727 362 62 220 823 1435 579 1291 332 449 28 137 33 404 1496 50 1583 628 1549 841 1636 1473 162 309 615 1026 1654 1644 415 1500 1225 66 584 201 4 1061 1545 1279 1100 1133 692 
4 704 559 4 1508 
7 4 978 1563 1268 673 1594 444 
7 178 1176 4 60 76 1507 20 
5 4 1178 1028 592 624 
4 4 1018 1028 587 
6 887 1616 4 824 652 777 
11 386 968 584 1223 636 1236 449 395 282 4 329 
7 1003 257 1248 105 66 762 4 
10 806 4 759 1034 467 696 1658 534 235 943 
13 1268 802 66 289 4 449 426 103 188 1066 932 1053 708 
8 1349 343 4 802 66 1042 1360 381 
7 497 331 4 532 386 137 850 
16 20 1578 329 132 66 1352 403 881 578 963 4 62 1002 1476 215 883 
21 1573 704 28 885 62 198 614 64 1572 121 66 929 853 889 1565 703 1036 30 1452 615 5 
17 704 22 62 1215 884 961 5 632 711 1534 26 703 886 1622 621 393 386 
5 5 1216 41 963 543 
33 22 62 1465 1271 891 110 1552 760 14 1598 28 802 1390 527 881 1098 264 227 230 1454 1227 145 76 282 967 68 557 5 73 1039 49 278 1121 
5 1269 1511 403 386 5 
2 5 108 
4 1690 1037 215 5 
11 601 5 1458 1424 545 62 66 554 703 1479 1525 
5 1593 817 5 52 1514 
29 1269 246 1308 381 739 518 421 1470 1461 1339 883 722 362 1679 719 1042 1497 368 1465 629 564 578 1340 5 1026 549 386 1095 344 
6 5 496 360 1033 1029 947 
7 578 924 5 591 28 500 1071 
3 5 1061 943 
3 5 1260 106 
4 1448 1654 816 5 
34 1510 1301 386 527 573 703 66 1580 1176 736 236 581 929 1054 5 1280 895 7 432 1400 1527 1024 1147 1339 1668 1468 95 115 22 1520 723 452 1028 1331 
13 383 1534 386 1574 655 62 5 1688 831 588 802 1572 629 
7 5 559 240 70 295 758 893 
10 395 722 371 1042 1622 5 961 402 725 95 
53 882 809 655 22 28 1647 450 963 1166 1050 545 1005 548 1084 196 148 277 253 881 215 1139 73 70 615 636 293 26 1659 1267 601 814 975 909 1604 724 357 458 1568 66 404 468 580 108 282 851 1008 1213 42 5 521 1311 1312 354 
8 66 881 1341 5 386 56 51 588 
6 128 5 1485 1028 463 1590 
2 578 5 
3 724 5 647 
11 1271 6 224 1659 586 1657 725 62 377 509 739 
5 971 1538 1659 6 995 
5 257 943 6 881 548 
6 856 307 1041 522 540 6 
7 66 623 1002 6 1602 220 1012 
20 68 189 1187 426 1326 155 405 137 1342 446 840 313 1365 6 1381 1105 917 22 802 1173 
8 6 1034 381 188 1614 1647 368 1555 
3 6 661 34 
3 1687 6 232 
3 6 1582 66 
6 1018 614 300 1410 386 6 
1 6 
12 723 1341 1509 1282 325 381 1048 6 1182 356 1031 62 
6 1446 22 1063 178 6 1433 
1 6 
15 1031 1390 1671 159 578 710 1045 223 6 305 302 368 1503 1113 22 
6 258 1673 22 121 613 6 
4 882 6 961 1477 
15 942 145 64 707 1152 352 585 802 888 446 1348 141 88 379 6 
8 62 1439 203 20 24 6 215 107 
3 202 1476 6 
14 73 930 1494 703 1042 6 478 928 1299 717 1031 448 543 728 
4 1554 705 6 574 
4 6 1412 1353 1384 
2 6 1394 
5 1441 928 587 849 6 
10 1575 1224 215 744 51 578 308 1434 1480 6 
7 62 1579 612 6 320 1374 43 
7 278 372 6 671 882 1086 802 
6 215 6 1037 1387 73 105 
3 386 64 6 
9 7 703 402 386 1581 1343 617 1309 1039 
76 22 1340 1029 802 1647 158 76 583 307 502 7 635 89 1593 319 249 1555 281 359 703 1028 963 1594 62 723 1576 618 547 463 904 779 1234 212 178 849 379 1685 1577 226 1049 557 209 99 1391 395 721 1621 1575 1669 1273 503 1400 165 66 1258 1375 202 579 43 274 295 282 499 1578 576 896 1119 1646 1019 847 449 534 1174 1078 48 318 
15 499 518 725 22 580 26 1596 722 620 7 1015 1246 935 1609 57 
9 7 220 375 363 1511 1151 1306 1184 66 
7 720 121 999 7 247 619 1162 
4 1485 887 257 7 
9 7 1508 217 508 187 145 66 1580 1638 
9 368 860 489 108 257 1626 1093 637 7 
5 1215 7 881 354 258 
7 395 362 733 198 405 305 7 
7 183 883 7 1640 881 1580 1167 
9 1621 1035 578 1572 8 1293 1020 1169 850 
12 402 893 1101 1235 929 215 395 1090 722 8 499 849 
21 1039 66 20 418 744 1663 8 915 704 1418 1631 62 894 575 594 368 162 1478 829 556 40 
4 831 8 28 887 
3 8 1564 321 
9 1580 639 62 726 162 20 970 8 579 
7 1049 386 1028 26 585 8 292 
20 881 580 886 1212 932 1028 1573 8 62 743 66 128 30 742 1277 386 906 191 703 1110 
3 62 394 8 
3 8 736 66 
27 1039 579 1389 804 154 765 1174 1175 735 1609 635 122 378 449 347 548 533 941 1173 44 490 264 1495 1544 8 994 1295 
8 174 74 26 1654 537 683 720 8 
7 533 849 804 9 677 527 1366 
7 1267 21 9 1268 1616 280 919 
4 9 1555 444 607 
7 386 582 1577 9 176 54 1685 
7 273 43 538 858 583 1445 9 
3 1034 9 394 
6 1348 22 1405 812 734 9 
4 9 703 260 624 
4 9 851 1173 137 
9 1509 720 1412 168 1049 638 9 137 1484 
5 1030 9 1063 218 1189 
5 1322 1213 361 1005 9 
7 82 9 298 215 62 970 1495 
7 9 1116 734 541 579 1246 667 
6 9 1669 1312 1340 627 307 
6 1071 1059 66 928 9 26 
7 70 884 26 1291 9 178 484 
8 1029 775 9 552 849 1452 1034 1382 
5 754 1375 904 402 9 
3 1213 31 9 
73 386 585 66 850 597 1477 881 962 639 1262 1029 295 724 1067 1185 1071 712 975 79 22 68 221 1059 45 640 9 1227 1599 395 1187 1173 579 1340 361 1659 1573 1033 364 309 929 445 1271 1050 738 1054 612 219 1290 819 646 1520 1402 153 1233 434 1255 62 882 381 121 1267 379 1445 1446 1448 1062 1375 647 185 1122 1146 1322 1431 
28 1446 969 947 9 962 597 1217 609 883 942 849 222 477 141 1449 128 966 99 461 424 364 1486 1538 825 955 66 1271 199 
6 104 66 802 1019 9 1608 
3 9 244 578 
4 105 9 886 566 
4 1577 9 1034 729 
5 517 670 9 42 54 
37 62 307 1222 368 162 1268 728 386 137 544 9 1607 1182 1587 858 1667 410 1336 579 131 16 511 68 235 806 881 722 724 601 890 465 395 850 1343 804 742 1021 
4 9 1299 1537 966 
8 386 642 604 1478 9 825 388 483 
7 722 945 9 386 613 1173 1030 
7 570 9 340 1038 859 727 947 
4 9 989 1514 703 
6 966 9 449 365 1399 26 
5 754 1036 415 10 278 
3 10 449 1550 
10 62 128 10 729 1414 386 1095 966 241 1046 
36 368 215 1021 101 849 721 881 289 783 22 68 1173 418 79 10 62 961 884 1343 1035 1050 612 1355 1368 643 41 1044 408 511 703 450 84 1167 425 649 901 
9 1445 1399 10 1173 633 22 26 730 1465 
5 367 12 10 328 738 
4 386 178 1039 10 
13 1041 386 10 1034 1270 1211 417 271 304 162 1180 703 211 
10 438 393 972 820 1341 587 890 10 1230 542 
10 757 386 66 962 575 238 10 128 1460 389 
3 1659 215 10 
27 850 1346 1181 111 10 1556 442 1287 703 1688 1322 575 1002 152 1457 113 716 618 215 1349 292 162 178 62 804 452 1220 
8 1650 1341 10 1039 524 386 376 1491 
28 22 1473 918 583 11 849 451 1085 363 28 544 1685 1579 1607 336 1594 481 66 722 313 1045 62 724 383 1073 1465 1101 998 
5 1133 1403 945 11 43 
1 11 
2 527 11 
4 11 292 364 1028 
30 73 306 343 1095 11 274 731 1542 1357 620 1564 1173 386 155 1348 98 753 1226 1301 1425 413 720 479 565 882 66 355 1259 62 1050 
3 11 943 1133 
3 963 11 350 
7 1448 288 1168 231 11 282 22 
5 11 550 985 456 178 
4 11 26 326 357 
28 1173 215 723 108 1446 602 62 586 1271 1434 43 1286 136 1033 1213 1060 1353 637 11 1526 257 16 1053 1549 176 567 986 1419 
7 11 1579 1593 381 842 1659 538 
3 918 11 1013 
7 102 1103 249 979 11 1544 703 
3 961 802 11 
12 532 395 1039 1697 704 383 305 943 703 889 193 11 
4 11 28 1609 26 
11 76 1627 62 11 1041 1291 904 198 962 1621 1680 
13 402 578 1265 1034 1043 905 11 99 1589 883 1509 1648 983 
10 108 62 278 1039 1013 1536 1282 11 386 41 
20 28 198 1062 223 891 1018 542 11 381 300 1055 455 1478 817 967 1588 1079 964 70 88 
11 1362 1018 1078 1296 1680 504 12 1203 444 289 567 
36 43 500 519 12 703 320 386 962 592 1520 215 722 852 1348 1068 1296 713 1645 251 22 1038 63 186 1445 1396 368 1537 362 771 1267 1274 838 1433 264 1596 702 
3 209 794 12 
21 1034 485 1463 257 806 12 403 1671 145 1669 723 23 360 74 815 1681 1699 341 997 1428 22 
6 719 1432 12 66 68 1179 
2 1401 12 
1 12 
11 1038 62 579 703 595 284 12 1575 1259 1471 188 
5 541 579 1496 12 430 
9 360 62 632 22 12 411 541 704 779 
5 962 12 719 1081 613 
5 1632 1621 66 12 656 
4 12 215 394 1617 
5 791 121 215 12 66 
22 532 945 970 210 1682 790 1569 307 402 1178 1360 386 449 1564 62 929 12 1199 66 346 437 368 
8 375 1614 52 825 229 12 66 1537 
7 20 459 959 386 1685 612 13 
4 26 711 1585 13 
5 1487 62 462 466 13 
28 1659 1040 1054 1200 847 1028 353 708 1667 28 886 62 1497 762 64 195 579 1041 810 13 1016 386 1232 1473 790 327 1593 467 
13 62 353 294 849 1639 665 26 1074 736 1242 686 13 806 
9 13 943 325 62 724 1211 671 361 20 
7 276 661 849 13 1267 909 458 
8 886 1342 1074 403 13 22 152 158 
5 1351 13 1043 28 403 
6 1008 804 1227 1028 157 13 
3 516 145 13 
4 337 121 1173 14 
2 14 26 
3 14 1415 978 
7 64 1623 660 1033 1697 284 14 
19 1621 617 1629 881 578 133 1124 82 333 481 1576 566 1309 1163 635 863 634 1269 14 
4 1344 14 1116 726 
6 542 911 73 1026 14 1559 
4 268 548 1611 14 
7 845 44 14 1572 309 570 900 
6 62 14 886 395 1524 993 
9 289 513 66 608 1509 156 428 14 1343 
6 1515 522 14 168 373 1632 
7 1520 480 14 62 76 444 22 
11 1340 1039 625 1214 22 320 1174 455 871 594 15 
9 26 381 15 235 423 20 828 880 44 
5 368 592 1361 15 66 
4 535 851 15 1614 
3 291 620 15 
7 444 1097 985 723 496 1539 15 
5 15 62 201 1173 1063 
15 578 326 15 1336 73 1388 325 543 66 70 842 1155 121 1659 113 
6 222 417 1646 677 15 178 
12 804 1449 368 727 113 852 406 73 289 1660 15 1193 
11 1473 361 535 1359 1470 195 1113 15 735 702 73 
13 881 961 384 1549 15 1144 578 623 527 294 178 1358 1028 
8 26 369 79 419 395 1277 15 105 
3 15 215 703 
20 386 540 1043 15 1035 315 418 518 559 1073 169 56 139 578 449 309 1176 975 440 66 
44 22 415 496 1574 383 725 1498 576 712 62 41 1647 1173 82 963 584 1038 405 1691 21 1618 1507 1340 736 1275 327 257 453 993 356 749 1670 849 248 719 534 78 1577 735 419 89 1126 16 874 
10 394 16 168 307 542 145 683 383 66 223 
5 507 16 284 1509 217 
12 257 28 62 288 66 1310 258 386 1382 1652 16 20 
3 28 270 16 
8 1445 1522 722 1497 402 16 104 415 
10 16 542 402 1581 575 721 276 1659 1230 627 
64 395 274 168 1539 929 227 221 1183 66 355 854 855 72 1369 754 881 41 883 264 307 1538 734 1448 743 1021 972 1563 1630 1153 62 64 446 1579 1057 348 868 16 1232 1601 676 579 20 1380 654 1158 449 1173 320 497 445 417 1481 982 1250 1254 551 581 578 726 198 1545 189 1551 1634 
9 1310 1513 1353 1275 358 532 1667 17 1697 
2 17 26 
5 177 1579 1106 17 971 
4 628 375 17 211 
11 1094 415 529 386 1042 1499 28 344 17 122 73 
9 736 455 570 850 579 495 17 22 1429 
13 372 1027 217 409 1235 17 73 67 585 321 1444 1052 582 
16 999 66 1670 722 588 1073 17 432 1510 583 1340 444 804 283 720 1653 
7 17 703 1342 183 1255 942 423 
5 1356 235 128 966 17 
21 451 890 1588 66 103 1510 1224 123 39 1448 215 62 802 17 386 201 1513 68 660 936 257 
4 73 501 386 18 
45 105 1463 1696 1640 395 1030 168 428 1251 1619 66 578 1032 943 1687 1273 1614 156 1552 1521 826 296 669 56 912 41 502 594 882 542 1033 195 1047 1607 347 189 18 391 305 1449 257 1240 386 22 1445 
5 1473 574 1552 449 18 
35 62 284 928 71 1675 1582 361 1468 737 449 566 1000 1033 585 393 175 733 1540 300 1215 1359 362 709 1308 144 18 22 392 1385 1690 540 141 1179 578 616 
12 62 22 66 523 773 357 70 18 501 822 496 1296 
3 719 18 1268 
149 26 881 703 578 68 570 1028 82 722 76 583 168 1268 320 1038 587 160 174 929 1508 1578 1008 175 735 152 1498 453 304 617 110 519 462 179 283 977 978 428 322 81 1598 1527 380 907 1490 411 391 449 883 266 273 1409 1208 515 1350 231 1383 395 43 452 1580 856 1075 1090 871 213 379 163 240 431 1426 415 541 728 214 607 51 257 882 580 849 1029 1031 28 108 1647 20 264 232 70 325 582 307 78 1344 1671 992 289 497 500 23 1510 360 1496 373 278 605 1542 1276 280 813 1368 1547 642 1106 157 1392 1133 1194 1408 277 783 1507 577 960 73 1036 29 95 1166 1357 1516 1481 193 267 1097 778 18 842 381 1497 98 62 496 1446 364 97 1586 1078 423 
5 1038 891 18 409 586 
8 398 540 1577 266 64 1526 18 515 
4 280 66 18 739 
13 1020 968 1028 1048 881 1326 532 62 928 91 512 1578 19 
4 1117 381 19 386 
9 450 449 108 875 121 19 1049 383 497 
19 703 383 160 733 1541 279 1681 1486 20 1100 961 403 22 881 449 1270 1183 1592 19 
21 1659 1608 854 242 233 726 1175 736 1495 362 459 1254 19 1340 496 943 881 1449 946 318 1580 
86 386 105 1030 128 1572 264 1033 416 1034 1038 300 152 1348 1350 1051 34 1057 455 1185 106 1501 1290 712 560 1549 1118 1684 413 493 1650 62 807 368 1173 257 1445 543 95 226 1216 1242 1066 857 96 422 759 342 661 19 65 26 43 1029 721 850 358 85 177 715 78 726 1168 1246 671 215 540 381 804 517 1463 1420 73 885 499 1043 602 556 223 640 1661 1191 41 68 1647 1090 1096 
7 49 1587 721 619 36 19 893 
4 961 1039 19 918 
4 388 1030 19 447 
3 497 1341 19 
2 19 1648 
10 66 703 575 891 1562 19 1570 62 1109 1544 
56 66 1033 26 320 1511 740 1278 96 1553 1173 1340 20 542 582 928 1671 1608 806 1581 367 1181 610 1183 1066 1219 177 1231 988 449 105 918 605 1065 622 1242 1372 101 1330 579 226 403 214 129 1071 705 461 62 1623 303 465 70 1479 637 366 131 255 
47 82 309 1086 1525 73 566 1272 402 62 1224 586 726 597 1282 672 330 718 28 516 929 34 608 1544 1358 628 894 1381 532 575 445 1585 329 688 989 20 393 88 163 578 158 1033 961 1538 446 1063 1688 563 
10 178 145 66 20 566 1582 1616 1174 887 41 
18 188 674 494 361 882 1065 1007 533 913 570 35 20 64 969 223 931 467 1299 
7 1049 805 881 1548 1084 20 355 
7 779 20 515 699 1642 66 654 
4 712 20 1491 274 
9 731 66 375 20 387 1510 1454 22 1071 
5 858 882 1511 20 264 
4 315 1665 20 386 
2 20 860 
5 395 1058 1316 289 20 
5 1220 853 20 1181 449 
51 881 145 20 97 624 1133 849 105 851 737 418 557 1395 113 115 788 1430 66 361 732 129 366 876 22 1059 433 684 386 566 918 78 29 590 731 1510 373 601 555 42 98 639 1294 510 1429 62 1267 498 1210 532 723 271 
19 105 963 1033 1253 451 732 1064 73 20 649 655 579 1340 723 590 1623 466 395 1043 
8 368 1536 1287 575 20 278 607 354 
10 849 1689 804 227 1491 415 639 360 274 20 
9 881 361 452 1538 358 20 105 863 1015 
6 1452 76 1580 703 20 723 
10 1279 929 1153 62 1436 168 715 1078 1413 20 
7 1270 849 20 395 1525 1683 449 
6 347 377 386 20 1445 1185 
8 1538 20 534 733 1544 73 47 258 
5 1341 1511 20 274 1349 
6 501 188 1510 155 604 20 
10 1078 1601 650 62 1120 631 722 703 564 20 
5 1071 343 381 386 20 
3 20 71 1008 
6 20 583 314 1422 1026 1328 
6 386 1390 1093 579 1412 20 
5 376 1664 20 174 1560 
3 20 415 1033 
3 20 541 257 
5 1583 73 20 1572 34 
2 1554 20 
5 1341 20 545 883 320 
4 1697 279 711 20 
5 703 1508 20 444 66 
3 84 360 20 
3 20 542 1399 
5 1581 1499 1412 20 282 
2 20 1572 
41 449 1439 62 884 1671 942 1274 1499 239 1340 20 33 306 1003 87 1282 719 1446 731 439 1659 505 567 22 1173 78 376 631 1628 147 1140 795 566 1348 1583 345 1666 1397 37 1415 351 
14 671 368 545 257 1194 1346 1039 943 736 923 26 95 20 403 
15 20 1031 368 26 1174 583 188 1284 403 805 823 481 201 1484 73 
4 964 20 1697 398 
7 125 1100 204 542 1095 20 62 
107 66 20 82 1452 73 881 579 43 402 1031 961 541 584 393 78 33 1038 1020 1270 1045 594 604 1357 505 1481 574 1297 1106 921 1129 1406 686 272 941 414 62 368 1173 22 532 145 566 1032 803 1033 1037 320 155 152 707 1585 518 392 759 1386 1398 984 386 235 1276 1264 720 1268 1697 1541 1493 450 804 590 625 626 422 464 1096 68 1030 585 616 1656 878 1332 578 41 215 444 1174 383 730 360 1447 1582 44 71 109 893 815 1291 1550 52 645 1299 270 1416 1423 1180 1479 382 
23 802 1537 992 1360 392 26 451 449 1574 1012 809 1355 80 28 1062 1516 274 73 178 1177 20 882 532 
18 20 1173 450 749 379 1039 101 719 538 70 28 26 853 1096 703 66 284 416 
15 20 580 705 1046 386 1453 282 419 174 1586 516 881 902 66 1279 
13 943 779 20 537 1488 578 361 624 386 881 1478 1624 1318 
8 1267 731 1049 1039 706 20 130 1043 
13 20 1572 305 1517 1448 395 374 346 780 1333 108 121 1585 
8 20 1009 73 850 737 293 1508 28 
7 1212 849 20 812 461 607 1362 
5 900 20 178 328 580 
7 394 1283 76 20 619 804 322 
5 582 849 20 66 555 
6 457 618 258 20 30 402 
8 62 386 1465 722 324 20 1449 1536 
7 850 180 1202 20 725 215 76 
7 724 966 20 66 130 62 449 
6 264 20 730 578 881 402 
8 128 1207 20 324 584 416 703 529 
5 154 20 1325 325 405 
5 1274 20 535 178 73 
7 20 1343 30 711 888 51 951 
4 1420 20 1390 607 
2 1608 20 
5 20 581 1495 541 834 
5 863 1171 586 20 676 
3 1173 1291 20 
5 1261 20 70 1553 1166 
3 663 20 518 
5 258 693 20 1005 66 
4 736 20 204 788 
3 96 20 289 
3 1051 345 20 
6 337 446 284 20 1168 586 
5 20 618 659 928 1118 
6 266 978 1615 1595 20 932 
3 20 1300 253 
5 1185 309 20 1571 543 
3 20 1276 731 
3 1002 66 20 
5 1693 20 918 532 611 
5 221 20 542 1697 41 
4 1623 235 20 676 
2 20 137 
1 20 
4 66 20 1026 395 
5 703 524 405 20 73 
3 62 374 20 
38 361 884 583 1050 1609 1356 1241 1394 952 22 73 66 1544 1248 386 394 1340 62 20 1184 1028 804 992 1008 1069 1085 1016 1531 351 50 969 169 135 685 1659 23 384 891 
13 392 368 399 66 386 542 1608 141 157 20 594 64 1278 
14 82 1042 1025 516 719 20 852 100 415 570 1579 1664 1342 1293 
15 26 226 1066 1370 20 885 66 609 1465 32 395 1055 215 902 216 
10 528 20 170 1138 128 594 307 918 386 68 
14 852 22 384 1539 20 66 426 951 380 838 1634 1039 1573 897 
12 215 381 1669 549 1455 579 1512 724 720 20 1342 1040 
11 803 802 617 985 64 66 1340 215 1066 20 855 
8 62 1032 1474 1343 66 306 702 20 
7 20 444 540 34 55 1465 449 
3 20 883 1049 
7 1030 1512 934 363 729 20 1100 
3 220 1500 20 
6 1043 1318 20 183 723 62 
4 1583 20 1531 415 
5 264 20 943 274 727 
2 20 390 
4 1448 1277 20 343 
3 62 1606 20 
30 849 1445 1069 28 1046 1214 739 604 1514 518 719 1270 1117 1435 1031 33 407 1611 580 20 386 1538 1467 388 105 1574 1034 891 1610 1124 
17 867 403 20 66 1539 962 1349 1408 452 895 1471 746 498 1445 1575 1466 332 
9 395 62 827 673 20 1173 66 263 1043 
12 449 360 476 58 20 1659 1292 105 168 216 515 49 
12 602 811 903 1433 1214 96 1661 386 20 1070 307 1472 
9 532 732 1010 45 20 1681 133 1028 62 
3 20 1062 178 
6 141 20 344 1572 542 186 
4 384 84 62 20 
6 20 283 494 608 962 26 
3 1475 20 1518 
5 622 1028 20 1043 103 
6 20 174 287 237 162 357 
4 500 630 20 1228 
4 1521 20 373 466 
1 20 
3 571 20 62 
40 725 300 1498 810 621 1434 415 108 390 62 607 978 1129 449 20 1453 1599 22 403 320 137 1538 94 961 450 542 1576 520 1502 713 716 26 993 488 66 1089 580 587 369 157 
7 62 235 237 20 405 1267 64 
28 719 145 1174 590 1099 1032 1008 1060 113 215 796 1535 1040 1013 1456 578 424 20 154 67 1231 28 1070 62 361 1341 1342 119 
13 20 967 468 1340 600 28 725 349 1075 704 719 356 945 
5 22 1324 1303 30 20 
6 236 453 20 72 570 614 
4 451 20 296 241 
2 849 20 
33 22 66 1029 704 772 1630 43 675 1173 706 627 388 134 395 20 611 755 703 1006 383 505 64 722 1035 360 1350 856 1219 1072 1169 186 801 881 
30 579 1342 1481 250 472 1398 314 62 1576 919 434 1572 66 1034 315 386 578 807 1177 1625 1472 1273 1277 74 1121 718 449 20 1538 1272 
38 22 84 744 339 1015 1230 448 489 305 1173 1685 362 279 688 20 884 1584 1068 522 62 402 1537 1045 34 1124 441 532 993 66 1574 497 109 381 727 1541 367 972 1091 
21 20 1173 1671 161 395 544 1660 1088 758 724 485 62 963 1353 1085 918 204 353 1213 1047 88 
9 1341 70 20 575 543 284 681 264 656 
13 141 20 66 739 166 658 437 1173 178 732 632 849 445 
5 20 1020 882 50 736 
6 215 1452 1388 943 20 1035 
9 20 340 178 62 185 41 888 1520 235 
7 502 1173 168 1057 881 20 111 
6 1608 293 20 1467 720 579 
6 1576 585 368 20 64 1270 
4 703 20 1593 254 
4 1174 679 129 20 
3 166 942 20 
10 20 460 730 801 66 1362 1473 415 1105 82 
7 122 1351 1513 395 227 20 566 
9 415 20 1288 951 215 162 46 118 800 
5 928 20 26 885 741 
9 360 1043 1574 176 146 1624 20 118 1572 
4 395 1657 20 66 
3 1543 1609 20 
3 20 922 1234 
3 1145 403 20 
3 168 20 427 
7 1096 22 579 76 289 1397 21 
22 722 855 21 882 261 26 1669 1340 403 383 704 929 404 1512 1359 1616 449 415 337 1475 556 444 
5 1137 306 444 295 21 
2 891 21 
2 21 41 
42 22 66 1681 1556 1645 678 881 951 1659 962 1044 645 341 62 1342 1035 1036 992 1041 1216 609 42 374 1103 537 663 1128 669 1234 579 804 1237 117 405 386 108 268 26 498 49 578 21 
5 44 1216 21 531 1141 
3 21 738 889 
5 26 1664 174 66 21 
9 1482 21 382 449 1514 1659 205 950 70 
37 66 417 1515 62 544 21 943 1215 44 604 969 1283 403 1541 1189 1248 121 282 862 1113 46 70 401 79 975 22 1038 227 367 280 1587 1482 641 1691 760 1398 68 
7 215 21 886 1255 881 1041 361 
4 21 128 386 66 
85 66 1452 22 541 1341 353 30 1545 209 895 631 260 58 386 719 1343 804 1539 1540 853 1047 225 50 1583 1362 906 954 73 26 1340 381 108 403 1036 805 337 360 747 1597 881 41 68 592 198 453 303 972 976 774 1145 534 965 49 1043 1497 1064 1649 1265 1205 1464 703 999 584 1344 1513 810 1018 449 1028 1572 383 896 170 181 368 570 105 158 168 357 807 1052 1085 465 920 
57 449 402 962 416 1038 1614 374 1626 1547 250 90 565 1336 703 64 22 264 1468 850 590 737 709 980 949 431 314 368 215 502 882 1495 623 550 257 145 719 1647 541 325 76 963 587 945 230 1083 62 570 128 235 313 736 606 984 66 71 1031 745 
30 22 515 1511 614 73 532 967 619 1674 1419 787 849 232 1449 608 458 1564 1573 1072 386 855 1220 66 178 128 1591 982 26 216 452 
20 121 1029 928 992 472 952 66 128 1167 1647 1588 41 52 657 1267 22 174 1379 1572 368 
23 22 386 26 460 1652 703 1514 720 732 375 240 1228 923 849 62 1173 1038 649 1261 583 653 402 1675 
23 128 22 215 963 446 613 1087 386 496 376 1541 1028 1475 582 1240 745 1281 241 951 430 849 1649 284 
27 22 1407 73 1447 1363 361 66 704 1577 1683 578 105 449 587 1243 1469 1161 68 152 706 1064 864 466 145 1212 755 1389 
19 105 257 449 375 818 551 721 231 1470 133 62 1576 383 22 66 201 1447 1513 954 
17 403 837 942 473 1537 183 295 387 1339 127 481 62 1475 22 806 1631 800 
18 150 22 885 208 386 584 64 728 1350 890 279 1292 976 763 38 1572 532 579 
9 1111 175 1173 22 376 732 1540 1572 179 
11 22 1578 928 26 66 1288 672 1340 884 1648 1537 
14 1445 1080 24 449 1645 802 22 1478 62 534 579 415 416 1121 
15 22 1367 170 1267 703 1391 105 727 738 1021 41 737 1239 884 1583 
8 128 1179 578 22 307 66 348 149 
8 1343 22 28 731 1680 1185 663 1544 
14 449 500 893 745 497 346 227 1600 29 1631 82 22 1275 381 
9 1541 137 313 73 22 26 852 1659 1465 
7 22 62 1088 1375 1225 703 803 
11 1045 258 1541 403 123 66 1070 1094 22 257 720 
6 103 682 22 33 66 1028 
13 961 1071 807 22 87 1059 881 623 1060 974 1434 82 1664 
5 72 22 535 26 62 
13 415 1574 166 1223 944 1450 264 28 178 1474 1692 1446 22 
10 719 519 1481 395 1540 1186 1340 22 1521 295 
7 1445 66 1583 98 1031 750 22 
9 515 266 1044 449 1341 22 937 426 575 
10 386 22 1518 26 631 861 66 1039 662 402 
7 64 946 1573 22 579 1574 82 
11 386 22 457 239 417 470 66 704 828 1286 532 
11 580 343 1141 995 62 403 28 524 1307 829 22 
12 499 570 702 703 1047 1057 1340 1031 972 22 258 710 
4 22 402 1029 1037 
8 22 540 1120 62 703 488 720 747 
11 1346 322 22 932 257 210 1569 274 1340 1274 105 
11 659 62 1616 199 316 22 66 1020 267 583 1539 
10 62 193 22 1384 537 1353 1511 580 1012 159 
10 1173 1340 159 22 145 178 105 1659 68 1639 
4 22 383 1499 449 
10 964 214 337 503 1087 922 104 66 22 386 
12 1687 215 461 22 1041 75 752 988 282 62 482 741 
13 459 396 1525 641 218 1698 73 1470 580 736 1125 849 22 
6 22 350 621 289 668 216 
9 22 808 1489 620 160 1312 532 84 1607 
10 22 526 402 1179 1166 703 1174 1049 26 1067 
10 1451 187 1445 1048 357 705 22 599 579 129 
7 244 453 415 149 129 1072 22 
8 346 22 62 449 888 1671 1678 1392 
12 22 1221 1158 449 1028 1092 1173 882 1150 955 694 879 
5 540 66 251 367 22 
10 1537 1003 22 1340 403 372 851 671 672 145 
9 22 1581 1107 106 1537 1245 175 168 664 
10 887 1050 1576 646 1629 1052 528 22 1049 736 
7 805 882 22 444 427 605 578 
7 728 22 315 723 160 545 703 
7 1362 139 275 1680 1621 22 1538 
7 1465 1202 66 337 22 1685 1499 
6 215 1046 22 235 1472 337 
6 55 740 178 1044 22 152 
7 1647 221 849 295 1063 22 402 
4 246 1030 22 931 
8 1269 849 22 964 230 257 418 415 
9 26 703 752 1349 22 257 1109 840 395 
7 73 121 722 1579 575 619 22 
6 386 266 1028 1063 999 22 
8 22 1270 1347 66 1519 1507 274 1608 
4 731 750 22 121 
5 84 570 666 22 449 
5 22 257 1685 630 1231 
5 1572 22 182 257 1117 
3 809 652 22 
6 274 41 582 851 22 416 
5 975 62 22 1402 427 
4 1041 1175 1481 22 
7 837 946 151 1080 648 22 1046 
4 1511 582 1081 22 
4 1059 407 368 22 
6 1407 178 416 1276 22 175 
4 1458 22 317 544 
3 66 581 22 
4 22 545 26 867 
5 1034 22 82 613 482 
7 379 884 1488 701 336 1464 22 
6 395 22 105 328 1564 190 
4 719 22 605 1508 
6 570 593 881 802 22 476 
4 22 629 26 77 
5 22 960 1647 326 1548 
4 645 62 22 1173 
4 250 1636 22 1611 
4 620 802 1639 22 
5 1638 1030 570 22 381 
5 22 754 884 263 1175 
7 22 327 395 943 211 445 628 
5 22 403 589 628 722 
4 517 1572 147 22 
4 22 62 1631 405 
5 540 1016 66 1173 22 
8 1070 1340 368 473 22 28 1270 490 
4 354 237 110 22 
3 1499 22 570 
2 22 553 
4 1538 1680 22 110 
6 66 130 1357 544 1021 22 
3 598 22 1623 
6 236 127 362 1030 724 22 
2 415 22 
5 82 1378 496 22 1480 
5 41 22 449 326 1622 
3 22 1008 1217 
5 98 1634 542 22 403 
5 70 22 735 1621 928 
3 22 105 1267 
3 1421 22 66 
4 145 22 1020 1551 
3 477 64 22 
4 1342 1255 626 22 
2 66 22 
4 1253 849 22 154 
1 22 
2 1645 22 
4 22 407 1346 62 
1 22 
4 660 68 22 1670 
6 22 307 504 356 609 1453 
120 66 578 41 883 128 232 82 918 582 174 1575 729 805 591 1687 1680 278 609 401 812 640 1095 46 1098 900 427 1397 269 1689 1140 91 57 439 927 494 1173 215 849 1659 274 1174 724 159 1268 725 704 160 1345 1581 420 1552 1101 1115 1494 540 1452 1437 62 451 307 942 596 1451 1289 1113 1202 76 888 719 282 1578 1052 1280 632 85 143 386 22 579 43 1030 1473 1621 723 1446 393 966 127 1020 95 313 300 214 611 204 1477 1276 1536 166 1005 622 1617 1517 1286 1075 755 466 377 979 1628 1229 359 903 996 244 552 830 957 298 1644 
24 73 300 607 896 159 584 22 535 26 34 1552 1387 540 227 65 703 146 62 1050 315 566 160 1043 1370 
13 1465 205 82 402 70 623 724 963 108 944 43 452 22 
8 1543 454 1038 540 1450 22 584 850 
8 22 881 1605 201 1320 449 1665 972 
12 1542 155 748 325 1260 713 1559 809 22 1122 1578 62 
7 1572 26 383 22 579 1341 828 
9 198 62 860 1419 43 1038 1687 609 22 
8 438 22 323 469 1174 128 160 719 
7 22 257 395 38 1098 361 408 
7 532 62 1213 27 708 307 22 
4 22 1446 1180 1033 
5 395 1057 421 1490 22 
6 282 1297 1659 1133 22 532 
5 1472 44 1680 204 22 
3 22 541 403 
49 881 1500 578 310 764 22 964 535 316 876 66 515 1657 711 133 1245 361 945 1496 602 1386 1323 744 1536 1503 1188 834 579 943 53 703 444 534 498 735 861 385 1393 113 451 1473 168 1268 1508 1180 770 662 1416 1644 
35 41 145 881 1647 289 807 1482 1081 550 1395 55 1449 246 22 502 62 597 1352 611 1241 1001 1510 376 449 918 582 1500 218 1109 797 733 919 236 947 1649 
22 274 1284 22 585 988 26 1671 1031 802 999 882 1173 215 395 1050 1275 1111 784 367 396 1127 786 
38 22 804 264 26 66 1680 1236 386 376 1687 1624 366 816 1294 267 1102 540 307 45 226 1365 1482 641 177 427 55 672 882 284 1621 566 168 216 1062 462 1665 64 1353 
28 415 195 882 1030 416 309 846 703 109 992 351 62 853 632 881 215 1634 1431 22 295 1012 174 1270 420 67 1366 1187 509 
35 1325 284 502 888 1365 464 1391 1402 1161 1031 327 257 1539 705 805 969 1079 822 1222 1628 1143 885 683 703 22 264 734 1108 131 182 1642 178 543 1036 1362 
20 532 1078 177 145 535 463 914 22 216 1421 361 1697 806 183 1229 83 119 66 703 1659 
15 403 368 394 62 395 1273 1084 881 747 230 22 1621 1483 338 1632 
19 22 851 1276 268 733 1031 591 1347 511 542 942 1616 26 1192 355 1695 794 1356 145 
12 64 204 1572 1580 797 22 587 386 264 62 979 632 
12 1174 1213 1658 1360 1340 1478 22 1049 507 262 703 273 
18 73 26 275 1269 555 1480 465 752 1307 449 62 1215 66 1647 1495 22 1622 134 
14 454 486 289 444 593 66 22 128 409 415 809 1343 1021 644 
16 415 520 416 928 545 1031 1264 588 1044 1599 582 1452 1647 69 1102 22 
12 393 1381 968 223 1626 1173 22 424 727 720 383 76 
11 22 1353 250 1028 243 724 1243 368 920 1341 1576 
17 965 1346 719 1181 846 999 1170 235 1656 689 1659 361 66 356 22 386 1285 
21 579 445 22 1542 619 374 630 1015 1636 361 1489 234 1659 174 136 1685 326 1131 394 478 546 
9 383 456 1027 579 22 591 66 811 415 
10 257 1583 572 1173 764 276 838 1672 22 591 
16 22 515 73 389 1033 1493 1187 1175 545 183 1222 1526 1045 1510 168 809 
12 1186 1173 636 41 849 883 741 807 402 1290 22 1561 
8 1363 740 558 62 22 618 1471 1671 
7 829 44 232 1340 264 62 22 
10 1046 1371 799 368 41 1056 232 900 62 22 
10 1692 22 227 66 719 849 1461 542 209 1342 
9 579 982 1686 583 1486 22 1020 1023 594 
9 22 48 1697 26 1084 516 62 1415 35 
10 1180 1610 726 43 611 578 1449 66 22 73 
7 708 22 66 1155 1049 1699 68 
6 22 944 361 1038 451 62 
6 644 22 947 29 603 1568 
4 1476 803 22 68 
6 22 1175 618 730 1012 640 
6 22 981 883 1664 289 1038 
6 22 1696 271 670 255 368 
6 584 703 540 853 1491 22 
3 22 1408 73 
7 802 280 1664 66 1042 44 22 
5 1113 543 176 22 53 
7 62 22 449 1673 1578 154 395 
4 162 22 1060 575 
6 64 22 1356 888 105 43 
7 25 325 22 1574 153 858 1543 
3 587 1647 22 
7 22 738 719 1498 1476 1659 1082 
7 22 235 128 1465 105 1244 817 
7 33 22 1050 105 70 26 1453 
6 22 1563 62 1267 84 1574 
7 22 41 1060 66 102 1600 1158 
1 22 
4 1551 22 719 43 
5 22 307 64 990 1538 
4 540 1614 1203 22 
6 1647 22 62 23 47 384 
3 121 22 578 
3 254 22 66 
3 1004 22 1572 
6 1217 1141 22 151 891 881 
3 22 386 1581 
7 22 407 315 1393 215 453 1286 
5 1123 128 22 1417 455 
4 62 22 1410 1340 
2 22 1381 
4 386 22 274 1554 
5 131 144 45 721 22 
6 1348 1041 1442 1536 971 22 
2 22 721 
5 580 22 1634 943 113 
3 478 22 415 
3 1051 1536 22 
4 325 1043 320 22 
3 319 22 62 
2 22 849 
2 22 141 
5 883 22 62 727 308 
3 22 1663 444 
3 1135 534 22 
5 22 1546 728 720 1659 
2 964 22 
7 66 743 1687 1277 1541 1542 22 
4 557 586 22 1476 
4 22 540 555 802 
52 41 721 1037 155 590 1003 188 1622 1348 945 1272 1273 1063 74 1244 211 259 1628 1231 668 912 926 1506 1335 1608 1634 962 162 175 1297 663 830 957 801 882 156 1659 379 201 1683 66 450 503 898 757 1114 37 22 881 215 1029 299 
19 121 66 87 895 62 965 503 823 449 596 1480 1445 22 1446 1511 1173 816 1579 751 
24 496 449 331 722 890 578 376 1344 235 22 282 355 808 418 1557 985 1641 1342 570 237 395 264 459 1635 
13 578 703 1370 1155 1436 1644 22 724 631 406 66 446 1378 
13 309 264 919 725 22 154 1676 1002 402 326 586 1261 1336 
12 884 1014 541 1581 578 599 1652 720 740 22 883 395 
6 1041 1647 804 929 22 621 
8 450 913 178 739 648 22 708 731 
7 22 578 532 325 1275 1687 1400 
6 22 62 1339 519 68 737 
10 882 457 1382 243 703 62 49 22 1371 890 
7 386 66 965 1377 1203 22 71 
5 1280 22 1697 178 1277 
7 309 1513 62 1626 22 449 1659 
6 888 722 22 803 26 173 
5 1053 22 167 305 765 
7 1448 22 585 1000 1031 66 1539 
4 1379 22 257 71 
7 1033 41 279 25 43 22 76 
2 78 22 
5 384 1440 1212 724 22 
7 803 1130 1052 446 28 22 145 
7 22 1417 886 62 1450 76 151 
6 22 321 258 266 1177 1548 
5 1332 44 1623 381 22 
4 145 1166 22 517 
7 62 22 1475 709 130 607 347 
6 742 974 227 1044 608 22 
4 703 22 1456 802 
4 22 228 175 68 
2 1513 22 
3 881 1174 22 
6 472 1675 1489 22 1282 719 
3 22 856 1450 
4 1175 123 22 1217 
3 652 22 586 
4 501 22 738 307 
2 22 1002 
5 22 1272 640 188 1194 
3 145 48 22 
5 22 296 353 881 386 
2 22 965 
4 74 22 885 1466 
2 22 341 
5 1067 946 723 22 735 
4 325 99 22 215 
1 22 
68 22 361 284 1020 539 703 1572 515 33 855 1049 422 1559 1326 882 1267 28 884 1579 35 63 237 1107 1142 1207 792 215 583 1174 580 415 1400 881 619 386 582 62 121 1031 274 1012 887 226 1476 545 326 744 1359 457 639 1093 898 328 1457 1397 1143 696 961 740 418 637 1681 900 254 208 258 1481 460 
26 264 706 463 105 456 22 282 1539 1347 70 225 1546 395 1030 1047 1215 157 28 374 76 257 29 1453 579 1623 1123 
21 1340 649 349 22 628 1028 108 1033 1476 1687 1571 1465 178 62 727 1558 1624 245 1689 415 866 
11 307 1074 501 498 595 22 1033 355 1058 1317 1043 
14 723 54 22 1215 1277 159 451 128 1270 414 1046 1028 578 755 
9 1057 1092 66 884 368 1550 1501 394 22 
10 849 1376 1161 26 368 566 22 503 1551 580 
9 1682 1526 22 887 186 386 835 540 1016 
7 1041 395 128 881 43 35 22 
10 971 410 22 879 1577 264 241 82 762 961 
7 43 1002 62 22 1029 1473 268 
6 221 412 22 710 1341 121 
7 605 34 719 1039 66 915 22 
6 575 1680 1183 22 1156 52 
5 22 419 473 337 983 
3 584 22 1002 
4 22 96 68 1217 
3 22 851 104 
4 26 22 658 516 
6 925 68 1587 22 1445 368 
2 1558 22 
2 22 883 
7 22 1356 1577 82 1541 386 346 
1 22 
4 71 22 138 910 
5 1284 1115 1031 361 22 
3 22 392 1624 
4 22 415 1563 719 
2 66 22 
4 26 449 1072 22 
3 626 22 858 
3 347 1621 22 
89 62 178 162 29 25 66 386 570 128 274 158 393 1671 357 707 1221 549 465 931 1466 449 368 41 540 1029 1267 802 964 1508 390 1048 453 1356 1027 857 896 1088 842 337 394 1280 22 257 578 849 415 105 719 720 264 723 928 1538 452 887 127 1669 141 1498 599 576 419 895 406 179 1297 1102 222 978 1015 1390 833 911 1442 26 1028 232 726 1008 1043 1167 185 224 663 905 777 1342 1099 1666 
41 22 73 381 1599 62 721 722 1687 1447 546 26 386 984 66 178 579 849 1340 1030 450 723 1269 51 1027 626 631 211 410 1029 1659 257 566 289 405 1182 812 973 1083 933 200 802 
36 368 740 22 135 703 158 1039 887 807 1669 1053 303 753 224 870 437 1148 62 168 1649 794 1497 1225 1340 66 506 1521 1428 1173 258 1658 955 1152 1439 386 1538 
23 849 542 444 943 103 160 660 22 589 496 43 1041 1283 1519 670 274 591 854 1371 253 26 807 991 
10 159 587 959 844 22 724 558 395 499 1189 
14 963 1592 824 261 1268 325 22 576 1641 232 342 66 329 160 
17 22 30 1329 151 883 856 928 630 849 881 66 68 404 919 219 1115 228 
15 22 1352 1477 625 816 703 1180 469 201 1212 548 62 761 1202 724 
11 22 78 128 1361 300 1035 1625 900 1696 572 159 
11 587 279 1341 804 22 1540 1218 264 946 379 812 
14 162 777 496 387 568 1570 22 401 515 1141 305 1028 1506 1146 
6 1647 62 1326 1051 966 22 
10 66 449 396 594 1032 226 22 176 978 1066 
6 227 1539 1340 403 1697 22 
10 999 578 22 803 174 881 1413 1340 516 1467 
5 22 881 578 704 215 
2 501 22 
4 849 22 802 26 
4 38 22 43 1051 
10 1621 1519 1334 849 703 743 458 22 341 889 
6 1243 1259 22 1240 274 1617 
4 499 22 1578 452 
6 703 1412 121 1072 22 519 
5 302 1459 22 215 255 
4 22 1246 881 303 
4 22 1268 578 232 
3 1094 22 386 
1 22 
3 328 178 22 
4 943 1029 22 873 
4 339 995 881 22 
7 1197 1252 381 22 802 1659 1337 
3 22 405 809 
5 1058 1473 22 968 725 
4 1621 22 227 861 
1 22 
2 188 22 
19 703 964 415 108 1213 284 488 22 500 397 720 1608 28 1028 543 1663 297 402 1220 
11 1340 1038 82 928 541 22 720 806 887 238 37 
3 734 578 22 
5 128 145 449 22 62 
4 617 562 66 22 
4 22 582 445 1670 
3 22 170 1575 
3 22 26 868 
4 1480 802 1035 22 
4 22 1576 703 1101 
31 1268 145 1002 988 208 1451 881 41 22 1020 390 732 919 1178 1218 204 558 1254 383 1685 887 1054 1653 252 482 1209 402 581 589 689 1340 
17 320 808 1371 174 421 257 103 1487 368 1543 566 403 226 1167 386 22 159 
4 204 66 22 76 
6 1582 638 33 405 22 881 
6 155 1365 22 232 483 612 
4 882 55 62 22 
3 507 22 1511 
2 22 216 
3 1200 379 22 
4 604 1320 62 22 
2 1191 22 
4 1649 1509 22 974 
3 22 1050 105 
4 449 235 1594 22 
19 586 201 1235 1474 62 64 46 554 444 1399 727 377 258 703 22 1020 943 1044 1622 
28 22 1586 1691 1386 671 910 76 394 154 290 1571 445 719 453 1674 547 511 575 942 171 381 300 111 327 787 1361 185 884 
11 128 1345 705 601 1663 62 22 1123 749 1416 1173 
15 965 22 802 579 1177 1051 267 966 1174 719 535 285 105 320 1011 
9 1348 394 606 1184 846 41 22 652 890 
9 258 26 169 750 268 1659 1239 720 22 
6 1174 128 1510 22 70 1540 
5 1077 579 66 22 75 
4 1174 574 962 22 
8 570 469 22 62 501 1340 583 557 
3 496 581 22 
2 22 1271 
4 578 585 62 22 
5 258 626 22 883 1289 
2 26 22 
6 1098 703 1623 802 1466 22 
2 22 1596 
3 885 322 22 
6 665 22 1029 386 26 82 
27 73 1216 849 160 299 1503 397 1421 274 403 393 357 1352 858 1650 177 200 1437 1678 449 1270 1308 1029 43 532 599 22 
22 66 258 1169 316 1326 570 1368 22 516 579 802 1276 280 1210 950 1330 257 1166 302 524 307 1001 
22 178 886 161 1445 579 1367 583 1484 22 215 416 543 1511 1081 1504 1647 1357 361 705 1378 158 291 
17 881 1173 617 22 1082 719 918 1299 447 1445 639 1197 66 305 118 798 1185 
15 76 578 1486 66 62 735 1535 1445 945 813 1205 22 1005 803 843 
17 703 265 258 145 273 464 378 22 945 42 1395 1173 270 1426 33 26 892 
12 22 1465 1175 1584 1448 580 1062 1516 1502 162 305 535 
11 733 1054 1574 1546 1206 152 914 390 22 1555 62 
10 724 1005 26 22 1092 258 405 496 575 1364 
8 320 230 62 1510 249 22 1328 73 
11 1585 1278 1148 371 66 858 22 785 1509 184 1025 
11 1512 707 609 542 1272 578 368 279 1599 30 22 
6 1574 1565 22 1339 1697 882 
10 599 22 829 1685 1247 939 66 1607 1468 26 
8 257 1061 22 360 178 575 66 650 
6 587 1034 578 82 22 78 
3 386 1582 22 
10 893 335 22 1090 881 1340 147 386 532 483 
9 1344 728 1272 1194 1470 1614 22 298 703 
6 26 1053 1153 22 1295 579 
4 22 1468 753 1346 
6 66 580 745 1558 368 22 
3 22 303 863 
5 882 41 449 22 579 
9 804 351 1562 75 1031 62 503 293 22 
2 295 22 
4 1584 28 22 73 
5 618 721 928 22 402 
5 269 403 1573 22 1551 
5 1173 1541 91 771 22 
2 22 884 
11 43 121 1001 570 1174 496 723 450 386 581 23 
15 542 361 1258 1247 1505 1700 1215 63 1211 1278 1284 1470 342 23 532 
3 235 1537 23 
5 62 608 184 23 911 
3 23 1013 703 
4 1360 309 23 29 
2 284 23 
25 103 376 1277 1242 64 721 1659 76 1033 1212 1181 1638 1532 578 1028 1223 66 23 642 68 69 735 1680 895 218 
6 1627 1190 818 383 1349 23 
5 23 62 962 720 992 
25 839 1341 1659 1003 806 1275 487 1537 859 117 66 23 108 1294 928 158 1687 100 1089 864 27 1009 187 1400 282 
10 444 128 23 802 26 628 1002 1621 153 1540 
2 776 23 
8 703 969 178 965 23 477 62 248 
5 23 540 1352 1205 1397 
3 405 1574 23 
14 178 881 23 69 429 496 1538 331 687 534 386 130 1389 66 
9 456 31 1591 1173 1669 1027 1132 1002 23 
4 23 1614 1622 520 
2 945 23 
17 723 23 187 26 1657 1610 1551 1618 41 1295 1324 849 1031 1038 450 614 752 
8 41 23 996 534 304 297 105 1421 
4 807 47 24 1344 
7 419 736 1413 24 542 216 881 
7 325 496 24 1571 856 675 1558 
2 26 24 
14 306 24 305 1102 578 1173 73 84 150 64 1685 193 1114 142 
5 1685 24 259 215 1368 
17 1222 942 390 225 546 24 1268 613 1326 692 1029 449 703 745 43 928 849 
9 264 681 1155 274 1681 731 368 24 591 
2 108 25 
4 65 25 1028 745 
3 25 174 1541 
5 66 1616 498 971 25 
10 1475 25 1128 339 430 493 145 168 105 1427 
8 375 1075 25 882 737 1009 116 881 
55 66 851 64 496 232 999 918 1475 1271 853 598 1180 1052 520 331 526 1304 1653 150 288 1023 881 583 1465 1166 1297 149 26 1691 390 386 1174 215 734 578 325 174 357 626 231 642 180 1411 31 1031 1572 1473 1621 1268 1345 1351 891 1376 41 1647 
25 882 1457 73 215 881 1477 386 802 395 257 540 28 961 610 1516 1372 169 254 62 859 26 581 1020 910 960 
18 703 723 507 398 669 26 381 395 66 638 1255 247 882 1268 850 683 449 267 
42 579 721 727 198 609 129 1067 818 115 849 1040 1451 204 1688 386 1573 732 603 1358 1340 1496 1384 985 1529 449 26 1012 1136 64 515 874 1028 195 1395 77 724 446 1221 1080 1248 1657 1246 
14 62 381 1035 1544 893 534 1554 449 26 1445 1697 504 1293 66 
30 62 26 416 739 1587 1480 820 449 169 1393 1153 402 381 1234 999 851 714 433 1209 403 336 395 257 295 383 1579 1509 1577 852 1050 
20 303 262 254 1149 515 1212 278 189 242 395 154 659 62 1058 976 1263 541 26 1174 309 
20 128 1580 570 1345 1277 1626 26 540 1348 360 889 926 62 43 547 274 1271 225 1032 1699 
9 724 1489 386 578 570 26 159 271 1340 
12 1537 165 1268 449 1418 26 28 1374 802 610 1386 212 
20 386 26 582 1012 919 268 575 395 387 579 710 1086 307 706 753 1387 361 313 749 449 
35 300 27 1159 883 304 26 49 454 1077 162 451 1240 1547 861 62 283 115 227 605 130 1479 1361 397 445 235 501 1272 346 214 1485 277 1678 1163 1538 1649 
11 62 26 1180 1031 1293 325 534 1104 66 28 502 
21 1576 26 302 808 278 325 576 618 857 651 1677 570 49 1545 884 186 1465 1052 73 1647 785 
21 373 1658 204 156 1281 1284 1090 757 1399 68 66 498 1572 1621 26 1062 177 1299 1528 91 168 
23 1213 559 1302 526 790 704 1051 517 26 66 360 1450 454 852 303 330 578 1048 881 1515 416 395 509 
13 26 1267 829 942 1217 1109 274 604 732 636 28 570 1445 
12 26 70 1567 284 198 739 597 542 449 1124 1462 62 
11 108 452 853 1536 273 26 635 515 743 652 66 
8 543 1609 850 578 26 381 609 1279 
6 195 881 26 1043 623 390 
20 246 215 622 630 1081 75 1498 1053 506 1228 62 454 849 729 231 1593 26 392 748 406 
14 704 496 274 26 289 940 1033 178 630 1660 257 1294 766 721 
10 1043 892 1080 945 26 395 480 97 899 789 
12 26 1028 703 70 1041 1540 375 823 578 1517 1119 630 
13 883 1500 155 71 105 817 26 1049 62 980 68 295 88 
6 174 26 968 325 257 928 
12 26 1065 1357 1195 305 1618 1352 1586 106 1532 1165 499 
7 1657 1685 26 743 1546 110 66 
10 1351 549 395 1167 854 368 715 37 609 26 
8 852 413 26 62 1130 1034 1241 914 
11 415 252 1428 26 95 599 1538 1501 654 1437 257 
7 26 295 599 760 768 534 62 
10 145 171 26 1574 1697 76 975 72 1206 62 
10 967 1042 521 305 26 450 722 1469 1465 257 
8 247 637 802 26 642 403 352 196 
7 1577 26 1272 416 578 1176 584 
4 405 1055 402 26 
12 1476 893 402 1325 395 499 503 155 26 1384 1668 68 
6 29 622 846 1031 26 257 
8 1226 1572 542 26 108 307 1374 1145 
6 26 1372 1267 496 515 1215 
7 597 519 105 534 676 1278 26 
9 402 409 170 252 26 1496 599 428 257 
7 624 903 104 540 878 26 580 
5 35 284 26 360 376 
7 66 329 1251 108 852 326 26 
6 535 703 386 1359 1027 26 
3 26 128 1621 
10 1180 1388 1039 1582 73 949 26 1510 1222 1188 
8 1578 26 215 421 386 306 427 725 
4 1514 26 305 724 
8 26 1234 652 1164 1420 1051 1031 590 
10 71 26 1049 653 1103 316 963 720 66 1687 
6 964 26 1354 764 73 128 
6 1486 26 1238 882 1112 579 
6 178 406 26 726 1238 746 
7 1271 26 284 73 578 543 496 
6 1038 403 1344 211 1483 26 
5 1363 617 583 26 62 
5 26 543 596 1586 881 
3 1002 26 532 
8 395 26 226 1042 386 1470 978 66 
3 90 542 26 
7 62 130 626 1485 969 26 854 
7 1365 221 1474 26 431 1462 849 
7 1513 373 1173 597 1401 26 907 
7 168 289 448 273 703 26 81 
7 451 395 121 565 26 1466 449 
5 386 26 351 62 1509 
9 1373 712 1561 26 1387 957 162 1613 703 
4 534 1175 26 881 
5 448 145 393 507 26 
9 26 284 1540 703 1523 927 1616 226 1271 
7 68 881 732 26 1311 722 1018 
7 1081 570 26 1688 1336 298 1267 
3 26 1040 62 
6 555 105 188 1338 26 128 
5 371 73 26 386 449 
5 629 28 849 26 1640 
3 26 724 1345 
7 401 640 26 1271 1516 1044 720 
3 26 1601 232 
6 66 26 588 1173 128 721 
3 26 1083 1669 
8 1173 1370 26 575 356 758 703 198 
5 96 1018 802 53 26 
4 703 874 887 26 
3 26 338 250 
8 1389 62 647 1543 26 515 1228 391 
5 395 26 482 96 1296 
4 1052 26 1133 215 
5 1647 611 26 1378 427 
5 590 66 541 26 162 
4 708 1452 257 26 
4 850 26 780 944 
6 1045 542 337 66 26 515 
4 26 619 1510 1578 
2 361 26 
4 721 26 1373 1442 
6 1449 570 1598 1540 1026 26 
6 102 449 532 26 62 1275 
5 1058 62 823 26 128 
3 1389 26 736 
3 1551 26 1009 
9 290 1119 26 716 386 285 74 415 145 
4 71 1627 73 26 
4 26 796 1235 1642 
3 1572 1031 26 
3 567 1541 26 
3 1580 500 26 
3 66 26 178 
4 26 1463 444 703 
8 891 571 49 1236 608 777 26 1401 
3 1335 849 26 
5 1351 849 26 724 1422 
3 1686 357 26 
5 578 563 26 72 1068 
4 1292 257 26 891 
4 1279 66 26 174 
4 26 883 971 1551 
2 26 1034 
2 626 26 
2 26 217 
4 883 201 26 1179 
6 980 1033 368 26 421 1233 
1 26 
6 353 1647 748 805 26 1021 
4 1429 862 26 1167 
3 108 26 43 
6 768 626 26 368 1577 1341 
3 26 1039 1181 
1 26 
5 724 1357 855 584 26 
3 218 1572 26 
4 1359 337 26 1039 
3 26 1387 1080 
2 26 1055 
14 66 178 1576 45 26 1637 386 622 1691 1028 827 475 962 1496 
8 929 26 1057 274 224 1156 881 581 
5 26 1290 395 292 481 
7 962 1409 540 26 225 33 108 
3 1487 26 735 
5 473 1300 1214 26 1627 
2 26 1584 
68 395 26 66 542 1649 474 62 540 964 289 69 109 517 626 275 1111 368 257 402 361 274 444 721 803 1446 543 235 1508 188 733 1242 1018 549 1626 245 267 1298 1094 675 1318 990 582 588 1657 944 615 1009 449 1580 703 1659 451 1539 740 1602 124 883 128 295 966 738 545 1477 333 1589 1113 666 352 
29 534 449 1585 948 1256 215 446 76 849 1034 992 346 1512 833 703 1341 235 404 945 1181 711 950 62 26 729 553 1028 622 128 
22 128 1290 651 670 62 1660 235 1360 752 73 1272 967 836 26 1351 1099 1608 394 1372 1647 739 1406 
7 26 360 62 1576 148 174 1064 
11 76 450 70 1502 1573 945 541 1450 825 26 44 
7 320 1574 928 84 149 26 1515 
10 26 66 1152 1538 1545 383 310 622 592 1414 
14 1594 449 26 888 714 1683 1040 747 1028 1500 1513 278 1077 719 
9 26 999 1174 73 735 402 1159 282 414 
6 195 882 1325 264 33 26 
6 368 393 26 402 1450 862 
6 70 26 217 125 496 946 
8 964 26 423 485 257 593 1616 395 
7 602 1417 1442 26 740 1585 105 
7 257 1200 723 26 1270 188 739 
4 1349 719 1077 26 
6 575 247 885 1450 26 1516 
3 62 26 1000 
4 26 938 395 1341 
2 727 26 
2 26 355 
6 26 445 386 840 68 979 
4 26 82 1055 1647 
1 26 
5 1495 26 71 964 912 
3 126 26 1592 
5 1485 26 66 85 320 
6 1268 1494 26 325 936 1187 
3 1689 97 26 
7 703 463 634 100 1572 26 888 
5 772 306 813 1696 26 
3 1555 1301 26 
5 578 26 965 1006 1341 
7 78 1439 26 1509 968 1359 1061 
4 1477 466 26 849 
4 386 1473 26 62 
4 1033 26 1310 928 
3 26 962 415 
5 36 278 26 327 993 
11 1216 888 822 26 1034 457 232 999 1547 41 584 
14 66 178 26 1285 295 713 256 729 543 1043 248 1462 918 1510 
8 66 515 519 1171 1281 26 346 73 
13 1511 1256 850 383 1069 160 853 26 575 730 1512 993 222 
9 961 1306 395 1619 26 161 1212 570 571 
8 258 836 687 865 64 777 1044 26 
10 890 928 62 95 1270 26 1256 1669 1285 1470 
4 26 540 62 402 
8 26 414 1395 580 918 1341 73 282 
8 1031 1595 1473 1407 26 69 881 626 
6 739 264 724 1077 1020 26 
5 152 1491 601 999 26 
5 1503 379 403 209 26 
4 596 145 26 883 
6 1068 1227 26 142 1656 289 
6 257 331 162 1226 26 66 
7 26 582 1625 1049 528 1117 1390 
3 26 703 725 
5 26 1617 542 279 367 
6 646 402 26 1543 802 534 
4 1501 325 368 26 
3 26 257 1153 
6 215 1080 1033 26 570 562 
6 1135 942 375 26 226 1409 
6 1593 722 1341 26 1141 152 
2 570 26 
4 1084 1516 26 1083 
3 26 591 947 
6 26 1039 901 381 35 583 
7 1590 1388 496 26 1058 1341 720 
9 1173 999 326 395 26 54 1351 28 402 
6 26 66 901 1675 584 734 
5 26 802 765 41 62 
4 26 719 1246 629 
8 216 1245 905 395 1538 26 250 1031 
4 993 1405 26 974 
5 575 153 496 26 1031 
2 62 26 
2 368 26 
4 28 381 26 1074 
4 72 26 66 912 
5 26 1267 416 696 70 
7 368 1524 33 394 928 26 62 
6 694 257 576 26 377 1030 
5 1218 26 1497 1215 1174 
1 26 
7 215 66 26 993 1321 1567 86 
4 289 313 26 901 
5 1269 1574 708 26 172 
5 582 26 806 43 475 
5 66 1275 257 26 1547 
4 1281 26 1297 1034 
3 449 732 26 
5 1303 43 578 303 26 
2 73 26 
33 849 1341 1496 238 767 328 1597 533 690 94 62 591 26 1288 415 581 1044 1581 1377 1416 1253 76 29 1069 66 178 84 454 881 257 307 1103 1403 
20 264 1037 1020 238 1200 703 906 449 1028 386 385 719 155 26 928 886 147 1030 62 1536 
13 1659 337 639 882 163 1260 168 68 1575 76 62 26 730 
23 82 278 1503 66 1351 961 853 1376 1529 723 26 38 515 643 393 73 1218 1482 422 1187 676 449 551 
13 1028 258 62 183 1109 26 1035 1085 953 162 295 257 1101 
11 1175 1577 541 26 403 1064 972 979 840 1039 802 
8 726 73 26 802 541 1659 215 381 
6 444 128 307 26 612 468 
18 1445 1002 594 1659 810 85 1593 721 361 1304 66 369 1288 1262 1129 1309 1647 26 
9 26 655 962 703 727 1669 449 386 486 
10 232 358 513 1035 853 541 999 799 814 26 
8 1487 26 971 993 1616 497 1070 402 
8 26 145 1342 1147 105 421 1047 452 
7 26 881 1368 1369 703 174 814 
7 26 1514 1214 1263 28 1042 583 
7 195 26 304 834 73 444 403 
5 884 26 459 1301 575 
7 26 874 993 1649 721 1042 446 
6 735 1218 1213 26 1347 80 
7 1483 26 703 607 295 779 1465 
4 282 26 417 1538 
7 1275 557 66 86 1267 589 26 
6 26 703 43 1498 62 955 
8 1175 395 740 1452 257 26 101 1168 
8 302 68 449 474 1340 26 253 145 
6 26 587 1445 518 105 1146 
6 1661 1032 225 1040 498 26 
6 1517 722 415 1002 1050 26 
7 980 1579 235 26 1673 1623 1012 
6 384 66 26 1118 307 306 
7 449 1263 1028 802 26 716 881 
3 26 1173 66 
8 1540 964 204 405 26 265 449 1042 
5 484 1171 26 1593 64 
7 289 70 66 26 1204 1283 174 
4 41 26 1043 73 
5 1265 26 62 536 1575 
4 1028 1275 26 66 
3 26 1530 66 
4 217 62 26 1216 
3 608 730 26 
4 26 961 168 383 
5 214 26 337 1449 1275 
5 26 1209 1509 364 369 
3 1102 26 178 
5 251 621 178 26 42 
2 1510 26 
3 139 26 1387 
1 26 
2 26 413 
3 26 1340 852 
4 1173 509 26 453 
3 66 26 1354 
5 707 66 108 937 26 
2 1258 26 
4 257 248 26 282 
6 1676 26 1465 719 66 62 
4 536 1012 26 1584 
5 1182 26 467 724 1066 
8 849 44 390 26 892 1020 962 188 
1 26 
3 970 26 430 
4 887 1452 26 66 
3 962 402 26 
2 174 26 
3 26 449 826 
2 455 26 
4 26 900 43 1607 
4 1142 104 26 802 
7 1589 264 1103 579 353 806 26 
2 26 912 
4 1342 26 1105 67 
6 168 973 174 586 811 26 
59 41 1031 1572 589 535 1497 894 1291 90 62 105 444 851 1508 919 346 1515 1472 1317 68 168 416 615 978 781 882 361 1036 1345 1657 742 503 51 251 676 1459 578 566 928 729 394 612 895 26 883 402 609 1617 1431 215 376 1495 628 1364 1372 951 257 496 602 
34 26 709 145 42 1267 860 425 1158 578 1659 734 62 1002 544 1241 279 179 136 1603 399 66 283 1174 604 195 890 1637 1220 1191 77 1236 437 1205 534 
23 105 744 68 881 570 97 1445 124 541 498 329 26 66 804 188 502 1279 377 1655 694 1338 534 1417 
16 26 731 343 82 145 593 214 469 62 578 66 43 135 264 504 274 
10 1014 386 804 1086 1388 338 1574 578 979 26 
9 944 1028 26 1108 1035 108 1340 1573 703 
9 66 699 26 96 282 445 735 612 981 
10 850 1379 1458 26 727 128 1285 62 96 643 
13 26 946 243 1035 201 289 395 307 802 785 444 104 1365 
11 516 1000 26 282 640 425 1357 156 1188 62 1354 
5 395 587 26 540 386 
9 26 1242 1057 1028 330 556 1143 1270 1175 
10 1006 1534 720 158 1467 1055 888 26 76 961 
8 614 206 722 734 295 369 26 543 
7 1349 1082 1319 1445 1430 26 1382 
7 1382 26 274 1446 62 450 1538 
12 871 881 761 378 1572 26 496 141 122 727 73 1552 
11 26 449 44 1499 1349 1161 386 1055 963 289 681 
7 403 1463 89 1031 62 26 357 
10 566 1577 1669 849 1075 26 383 356 1206 1163 
7 156 729 320 26 450 997 1175 
9 889 1039 348 1380 943 1453 1459 26 1522 
10 66 1410 26 578 724 457 306 1389 633 555 
8 584 68 1490 1375 26 741 62 1087 
7 70 26 1340 1499 1561 969 1501 
8 1348 1093 932 724 108 188 26 722 
4 26 723 237 1502 
4 1574 26 591 963 
7 386 1511 274 1019 1280 26 962 
5 1615 368 1572 1280 26 
6 499 1465 1113 805 26 704 
8 1478 884 812 26 743 1572 1677 929 
6 1069 402 1029 1175 1340 26 
3 1098 1127 26 
5 26 1037 1516 210 1068 
8 257 255 26 1488 596 1363 215 1383 
4 1270 26 855 1028 
5 26 1544 813 1611 1267 
8 66 62 1436 26 1120 685 805 963 
4 26 1347 819 581 
5 66 368 1445 26 1361 
6 128 188 782 26 403 733 
7 1354 1355 812 26 1456 254 364 
3 1375 26 386 
7 614 26 137 206 1066 1587 1031 
6 1658 66 1513 383 26 28 
5 26 1037 943 449 719 
9 1314 1038 39 62 1098 26 212 1164 704 
9 1637 26 34 1344 1077 1550 353 547 1241 
7 1008 584 26 1117 235 1362 1131 
8 881 26 470 162 198 1228 431 1451 
5 26 591 724 215 82 
4 625 386 26 1479 
5 26 1623 1033 719 779 
3 496 26 207 
7 1474 26 966 415 1220 720 1031 
2 26 307 
7 26 1006 444 703 849 565 110 
6 35 575 26 1605 541 449 
8 1572 441 275 26 1450 942 1042 270 
7 810 26 1452 174 849 215 1002 
5 1560 311 26 1094 1141 
5 257 1621 650 26 724 
4 1267 285 137 26 
4 26 111 125 103 
5 243 82 26 1247 1608 
3 26 1175 449 
4 1221 26 655 584 
5 386 516 26 756 1476 
4 1169 386 26 1235 
5 1362 193 26 108 781 
3 1028 26 51 
7 246 431 206 26 442 1637 903 
7 82 1015 421 895 26 1473 1440 
4 26 1536 273 1179 
5 1574 444 335 26 746 
5 944 719 1267 26 449 
5 824 780 1342 1186 26 
6 1626 227 1037 26 1670 64 
5 295 580 26 39 710 
5 470 395 1080 1666 26 
5 725 691 26 961 1013 
3 430 26 1143 
4 26 1515 62 449 
2 26 166 
4 53 26 289 1443 
4 386 26 1453 966 
5 1584 62 108 26 1026 
5 1649 309 883 1059 26 
5 374 1445 1156 415 26 
3 26 415 1354 
5 1340 108 723 257 26 
2 26 310 
5 196 26 307 1647 519 
5 209 532 26 295 599 
4 145 515 26 128 
5 421 805 26 66 1378 
4 961 703 1059 26 
2 1669 26 
5 26 444 1206 883 202 
4 26 1413 822 95 
3 66 208 26 
6 785 881 1186 1127 1486 26 
2 26 1425 
2 375 26 
34 66 366 275 1429 128 1342 590 257 108 868 1700 26 241 963 1354 395 803 307 964 1537 965 1044 1292 1698 41 515 516 603 423 1380 1275 381 1032 623 
14 1572 295 386 803 444 1173 601 1355 714 257 703 196 26 258 
7 584 449 882 26 73 87 585 
11 818 513 257 292 379 368 173 26 967 93 455 
15 26 62 747 720 1543 1128 394 1531 355 580 1637 462 258 381 1309 
15 1548 835 26 1183 1177 1189 1659 706 824 1673 601 1043 75 66 1399 
8 1538 623 928 26 70 1390 703 1031 
13 703 732 26 578 420 547 1290 1122 254 1329 159 449 1400 
9 1361 532 1621 850 766 702 26 1426 452 
4 409 50 162 26 
2 502 26 
4 534 26 1382 830 
4 1029 26 282 849 
4 1347 26 656 166 
4 1361 1340 26 904 
3 280 26 1463 
3 26 744 168 
4 1093 1213 1045 26 
8 381 309 1358 1140 395 27 1578 1460 
5 128 578 660 1519 27 
23 68 73 705 1041 595 1370 27 851 499 505 1028 967 462 168 1062 1286 634 275 162 765 1323 284 62 
7 516 1096 957 881 66 27 844 
5 27 515 895 1352 550 
9 579 981 62 1506 43 383 974 174 27 
3 1062 27 584 
9 1218 27 1090 585 168 993 979 356 619 
5 516 27 313 73 741 
9 66 717 27 519 1512 635 1340 100 541 
20 68 1579 1413 914 66 1028 284 719 325 356 27 1646 382 703 145 1221 128 555 859 1208 
7 942 601 504 1395 28 1508 1093 
10 828 1028 586 1564 28 583 1026 566 121 525 
14 28 62 851 1477 1066 751 1408 203 158 66 849 764 76 800 
10 257 1669 1207 200 703 888 28 1029 1476 1173 
9 590 1371 1662 266 729 305 28 453 227 
7 1039 73 1392 449 166 28 402 
9 1685 685 1641 926 28 1033 730 803 209 
9 849 651 28 386 541 368 449 1648 602 
8 722 720 574 1639 1270 575 28 48 
6 30 1086 28 1286 726 49 
5 1572 446 246 28 963 
8 64 219 1092 1039 28 75 180 1199 
7 965 745 393 28 1083 258 1442 
5 929 324 1170 1278 28 
5 1550 660 453 1375 28 
5 621 736 28 1036 834 
4 386 715 28 1363 
7 128 418 755 408 1223 283 28 
4 28 100 1537 1540 
4 739 28 62 449 
4 703 28 1200 204 
13 579 1659 235 110 1340 472 394 730 1496 249 1652 1197 28 
10 1495 1071 386 1031 719 1166 145 314 1267 28 
9 578 366 1256 325 28 168 1340 883 386 
10 361 1679 386 28 1289 764 1547 1049 881 532 
10 1647 28 373 634 1357 1364 616 678 444 442 
7 1053 508 28 719 720 145 1180 
6 1364 28 1232 395 1059 854 
6 1574 28 1177 967 1366 532 
8 1674 1270 1224 719 64 198 28 961 
2 28 963 
3 80 28 993 
4 28 802 1468 891 
5 361 643 386 28 148 
13 220 386 1474 439 28 1340 881 456 719 1173 146 62 662 
19 1580 1661 1310 62 246 971 939 128 1675 1206 195 343 28 363 82 303 1097 1659 1033 
19 376 1077 948 426 409 720 1660 415 386 1213 1313 174 739 71 970 1672 28 379 1125 
20 1516 653 934 121 28 963 425 402 614 47 62 217 1642 33 1215 163 1368 410 580 803 
9 1174 28 502 566 1472 972 507 1215 84 
13 1575 1180 832 1094 379 556 369 815 1385 578 1695 28 585 
10 28 1281 269 574 582 1615 1079 167 515 66 
9 575 1340 62 1043 1423 68 344 1178 28 
11 1511 1189 967 1029 31 1238 386 1374 450 1109 28 
6 703 455 28 1576 1294 1052 
3 28 605 525 
6 884 128 900 1464 643 28 
7 174 307 548 257 28 345 66 
6 28 883 108 529 381 602 
5 1361 366 59 1541 28 
3 62 1101 28 
5 1657 1254 73 28 342 
5 619 28 166 403 422 
7 28 37 295 739 92 388 856 
5 73 28 386 174 64 
2 28 1042 
4 1581 1270 28 1031 
2 1305 28 
4 1449 496 510 28 
4 1055 73 999 28 
1 28 
4 175 160 28 1352 
4 534 28 965 1538 
12 703 1268 66 785 417 304 462 1414 28 1046 789 719 
18 62 1492 542 1002 307 450 43 628 629 994 265 66 1037 586 589 1445 28 321 
28 541 1287 184 771 368 1059 1550 680 1647 515 258 28 1008 1179 1355 419 48 1246 1535 883 424 881 1039 1451 532 633 403 1542 
13 850 368 578 613 44 1173 516 501 894 818 351 28 724 
14 28 383 1003 578 1128 108 1052 1101 588 602 890 948 1299 1492 
17 28 799 575 1575 871 66 393 597 1522 583 542 595 1024 1137 990 449 1655 
9 386 28 1698 799 708 1538 289 736 100 
11 73 706 1231 1647 64 762 1117 1449 28 929 561 
12 235 401 1662 298 403 70 496 424 593 1032 1377 28 
7 28 1591 1041 1179 578 368 145 
6 850 968 1056 797 28 1659 
8 1212 1039 1498 108 28 1262 579 386 
5 28 665 825 406 1450 
6 145 28 29 295 395 357 
8 1538 1488 272 28 1388 105 854 449 
10 64 989 1012 368 770 1132 1148 692 28 855 
7 704 381 1356 703 28 382 162 
3 402 28 475 
8 68 783 436 205 88 62 1032 28 
8 1204 189 73 28 62 968 239 215 
4 1680 28 570 282 
2 804 28 
5 28 869 982 851 1016 
7 28 1566 849 1693 1608 339 708 
3 432 28 1401 
4 1364 740 28 1098 
4 28 84 401 985 
5 876 767 368 28 147 
7 289 580 320 28 661 229 1475 
3 973 159 28 
2 28 1559 
3 1258 1045 28 
3 28 178 750 
4 1573 28 320 612 
4 28 401 891 128 
5 28 851 485 943 1016 
39 1028 70 50 341 849 225 559 1340 541 159 1356 709 1369 1371 1399 395 1446 522 1202 578 66 587 588 455 1484 673 435 728 175 1068 776 1136 1162 647 1666 443 28 581 1042 
17 1659 1607 66 606 580 62 159 1031 1569 28 989 232 1177 257 1345 501 1647 
29 361 515 1178 1367 47 1415 1586 62 542 1007 82 973 28 1344 601 1584 1061 98 762 66 559 128 175 606 1502 1260 767 450 968 
14 209 516 43 1513 215 28 1541 41 313 703 127 1303 1269 924 
16 28 62 337 73 734 1166 215 1041 1176 532 585 551 927 541 630 1517 
18 215 1272 871 108 1064 1359 1158 361 1669 388 28 858 262 1033 78 584 240 73 
15 128 703 28 902 708 1078 759 1125 158 390 215 103 386 589 1463 
14 28 1295 368 849 296 803 1033 121 284 641 1473 498 210 371 
16 728 28 1509 1035 394 128 220 230 1650 224 386 420 174 1138 1697 1173 
14 402 1647 367 703 1529 1267 778 1681 442 28 807 214 629 107 
11 1623 383 1077 62 931 65 192 404 449 28 977 
10 444 28 1612 738 510 145 578 435 603 591 
9 1574 131 1324 987 542 967 1427 1172 28 
10 455 403 28 1600 971 1186 449 323 62 1174 
7 1055 452 1088 1574 943 28 386 
8 62 396 28 575 1384 868 1033 264 
4 28 305 379 581 
5 62 1173 28 303 1336 
4 180 28 66 1241 
6 1545 28 62 66 580 1009 
4 393 1198 886 28 
11 1236 28 167 552 1275 296 1049 1300 121 325 215 
6 215 941 28 147 284 1180 
4 28 483 1221 62 
5 28 958 307 1663 216 
4 62 28 578 1267 
4 28 386 162 1128 
7 64 732 28 882 972 532 257 
4 1585 28 768 594 
4 1110 368 28 427 
3 28 1173 187 
3 28 98 1341 
2 178 28 
3 707 1398 28 
3 1647 514 28 
11 381 974 284 264 125 28 105 621 1650 1334 1573 
15 918 1175 402 394 643 259 1559 1672 497 471 802 28 550 73 1405 
8 1047 235 28 561 216 301 496 1621 
5 1012 515 42 28 747 
6 1659 340 667 1377 28 515 
3 28 108 1583 
2 1098 28 
11 772 321 1010 1659 979 349 28 1633 189 579 381 
5 28 128 1514 1369 483 
12 1278 1101 1025 727 566 1185 151 28 613 404 238 66 
7 1230 28 901 1340 703 318 103 
5 28 1055 66 361 1012 
4 28 68 1216 381 
2 1621 28 
30 726 900 1028 29 1003 302 1453 215 1042 1402 68 722 225 1076 1698 689 703 43 915 121 1609 633 80 1620 880 1647 337 1625 70 317 
12 942 730 105 74 1665 686 802 29 79 160 177 1010 
14 78 336 490 850 66 416 1582 1295 826 1393 957 402 682 29 
7 851 453 875 66 559 29 722 
5 1621 541 1228 29 889 
8 29 815 1418 1173 1035 579 733 221 
6 29 1134 1171 302 1000 1666 
5 444 802 29 703 724 
3 29 630 337 
3 540 368 29 
5 594 586 29 674 227 
7 66 1688 317 62 344 726 29 
2 1614 29 
7 688 501 723 29 368 787 802 
3 66 29 804 
4 667 736 145 29 
6 1449 29 1341 1412 1166 1388 
5 669 999 1680 29 220 
5 326 668 1482 615 29 
5 108 224 381 1107 29 
4 886 1480 804 29 
5 1135 724 29 407 1511 
1 29 
5 805 145 29 719 703 
5 29 307 590 698 570 
4 215 29 1473 354 
36 1028 361 395 808 178 215 29 1175 1499 637 763 1120 1606 720 1621 581 84 730 732 1543 892 189 773 1155 1433 66 1573 1538 1581 386 579 963 1041 1275 665 1195 
5 303 29 1481 400 589 
10 583 883 1173 1428 578 939 720 29 1039 1284 
6 29 1607 961 283 395 1580 
3 62 64 29 
5 29 1495 807 582 364 
4 928 1028 29 376 
5 33 173 236 145 29 
3 1342 29 1541 
4 1226 29 449 735 
12 1173 183 1524 719 73 1031 30 560 1012 1056 97 1340 
6 883 1042 729 30 1385 154 
52 62 496 1341 137 595 912 178 802 725 105 999 325 1002 1509 735 1495 1273 518 184 574 296 1692 73 797 570 367 1546 394 615 119 703 121 882 444 1269 353 947 257 127 736 1450 30 183 1614 764 281 1173 1573 1275 815 1611 716 
6 355 1050 543 1175 1510 30 
5 519 30 1293 1509 395 
4 62 1544 30 1478 
6 1596 795 227 30 918 944 
7 498 757 753 30 573 599 432 
6 707 1622 86 30 411 722 
6 881 1572 1420 30 444 1627 
5 325 369 264 70 30 
4 1066 174 118 30 
16 883 1112 502 215 566 1218 1276 1359 1477 251 1438 1577 30 309 881 1009 
6 30 1418 376 923 361 701 
13 402 741 543 386 76 309 444 1685 198 721 881 30 625 
4 30 1608 1510 738 
5 199 30 759 1450 1295 
7 943 47 580 30 66 68 1503 
7 30 383 66 1509 1243 582 834 
4 1323 30 806 49 
3 30 1041 1371 
4 961 30 1039 625 
3 1498 30 168 
16 1694 722 999 633 1556 302 593 306 1638 703 30 680 717 70 44 862 
9 520 30 570 309 1581 393 1021 103 849 
3 320 856 30 
5 584 30 802 422 1180 
4 395 33 82 30 
19 284 1480 68 974 928 1019 62 1018 634 31 542 736 1056 215 240 322 1671 646 73 
3 745 1144 31 
13 703 1002 1081 618 710 31 851 882 381 799 722 810 191 
8 403 1103 1031 282 66 31 175 1632 
6 31 851 418 703 1201 68 
5 33 82 383 165 32 
6 361 943 1166 1028 32 575 
4 601 744 1659 32 
3 1559 32 488 
2 1680 32 
3 727 32 1513 
7 381 87 76 889 1203 32 754 
20 449 369 814 447 438 66 1032 336 62 973 489 725 1061 746 894 32 33 1580 300 111 
6 62 1621 619 33 1445 1542 
4 1035 309 748 33 
3 1445 33 993 
