10 2 3 4 5 6 7 8 9 10 11 
11 12 1 13 14 15 16 17 18 19 20 21 
12 22 23 24 25 1 26 27 28 29 30 31 32 
73 33 34 35 36 37 38 39 40 41 42 43 44 45 46 47 48 49 50 51 25 52 53 54 55 56 57 58 59 60 61 62 63 64 65 66 67 1 68 69 70 71 72 73 74 75 76 77 78 79 80 81 82 83 84 85 86 87 88 89 90 91 92 93 94 95 96 97 98 99 100 101 102 103 
11 104 105 106 107 108 1 109 110 111 112 113 
19 114 115 116 117 118 119 27 120 121 122 123 124 125 126 127 128 1 129 130 
12 131 132 133 134 135 136 137 138 56 139 140 1 
118 141 142 143 144 145 146 147 148 149 150 1 126 151 152 153 154 155 156 157 158 159 160 161 162 163 164 165 166 167 168 169 170 171 172 173 174 175 176 177 178 179 180 181 182 183 184 185 186 187 188 189 190 191 192 193 194 195 196 197 198 199 200 201 202 203 204 205 206 207 208 209 210 211 212 213 214 215 216 217 218 219 220 221 222 223 224 225 226 227 228 229 230 231 232 233 234 235 236 237 238 239 240 241 242 243 244 245 246 247 248 249 250 251 252 253 254 255 256 
11 257 258 259 260 261 1 262 263 264 265 266 
13 267 268 269 270 271 1 272 273 274 275 276 277 278 
66 18 279 54 280 281 282 283 284 285 286 287 288 289 290 167 291 292 293 25 294 295 296 297 298 299 300 301 302 303 304 305 306 307 308 309 310 311 312 313 314 315 316 317 68 318 319 320 321 322 323 324 111 325 326 327 328 329 330 331 332 333 334 335 336 337 1 
99 338 339 340 341 342 343 344 345 346 347 348 349 350 351 352 353 354 355 356 357 358 359 360 361 362 363 33 364 365 366 367 368 369 370 371 372 373 374 375 376 377 378 379 380 381 382 383 384 385 386 387 388 389 390 391 392 393 394 395 396 397 398 399 400 401 402 403 404 405 406 407 2 408 25 409 410 411 412 413 414 415 416 417 418 419 420 421 422 423 424 425 426 427 428 429 169 430 431 432 
13 433 434 435 2 436 437 438 439 440 441 442 443 444 
13 445 2 446 229 447 448 313 449 450 451 452 453 454 
22 455 456 457 458 2 25 459 460 461 462 463 464 465 466 467 468 469 470 471 472 473 474 
45 475 476 477 478 479 480 481 482 483 484 485 486 487 488 489 490 423 491 492 493 51 494 2 495 26 496 497 498 499 500 501 502 503 504 505 506 507 508 509 510 511 512 203 274 395 
97 513 514 515 516 165 517 518 519 520 521 522 523 524 525 526 527 528 529 530 531 25 532 533 534 247 535 536 537 120 538 539 141 540 541 542 543 544 545 546 547 170 548 549 550 551 552 553 554 555 556 557 558 559 560 561 562 563 380 564 565 566 567 568 569 570 571 572 573 574 575 576 577 578 579 580 581 484 582 583 584 585 586 587 588 589 590 591 431 592 593 594 595 2 596 597 598 599 
131 600 601 602 603 604 605 606 607 608 609 610 33 611 612 613 614 615 616 617 618 619 620 621 622 623 624 625 626 627 628 629 630 631 632 633 634 635 636 637 638 639 640 120 11 641 642 643 644 645 646 647 648 649 25 476 564 650 651 652 56 653 654 655 656 657 658 659 40 660 661 662 663 664 665 666 667 668 669 670 671 672 673 674 675 676 677 678 679 680 681 2 682 683 684 685 686 687 688 106 689 690 339 691 692 291 693 694 695 696 534 697 698 699 700 701 702 703 704 705 706 707 708 235 709 710 711 712 713 714 715 716 
34 717 718 719 645 720 721 722 723 724 725 2 126 726 727 728 729 395 730 731 732 32 733 734 735 736 737 738 739 740 741 742 743 744 745 
58 434 746 151 747 748 749 750 751 106 752 753 754 755 756 757 758 759 760 761 762 763 726 764 415 765 766 767 768 769 770 771 772 773 774 775 601 776 777 778 2 508 779 780 781 782 783 784 785 786 787 788 789 27 790 791 792 793 794 
16 795 796 797 798 799 2 800 801 802 803 433 804 805 806 807 808 
14 809 623 512 810 811 712 812 813 814 815 816 817 818 3 
15 819 820 793 821 822 823 824 825 826 3 827 828 27 829 830 
29 831 832 833 305 834 835 836 837 838 839 3 840 841 842 843 844 845 846 679 847 848 849 850 851 852 853 854 855 856 
1047 106 730 395 513 857 203 121 858 37 859 238 408 251 860 861 862 423 863 864 736 865 866 831 867 868 869 461 870 38 871 872 873 874 875 39 151 532 459 876 750 454 877 878 879 880 881 882 122 883 884 885 642 886 887 888 790 399 889 890 891 892 893 894 895 896 897 898 90 899 900 901 902 409 903 904 905 906 907 908 909 910 911 912 913 914 915 916 917 918 919 920 921 922 923 924 925 926 927 928 929 930 931 932 933 934 104 935 936 937 938 939 940 846 941 942 943 346 944 945 946 947 948 949 950 951 952 953 954 955 956 957 958 959 960 626 961 962 963 964 257 965 966 967 968 969 970 971 972 973 974 975 976 977 978 979 980 981 982 983 984 985 986 987 988 989 990 991 992 993 528 312 402 994 995 703 996 997 998 999 634 1000 1001 1002 1003 1004 1005 1006 1007 1008 1009 1010 1011 1012 1013 1014 1015 1016 1017 1018 1019 1020 1021 1022 1023 1024 1025 1026 1027 1028 1029 1030 1031 1032 1033 1034 1035 1036 1037 1038 1039 1040 1041 1042 1043 1044 1045 1046 1047 1048 65 1049 1050 1051 1052 1053 807 1054 1055 3 1056 235 1057 1058 1059 1060 1061 1062 1063 1064 1065 1066 1067 1068 1069 1070 1071 1072 1073 1074 1075 1076 1077 1078 1079 1080 1081 1082 1083 1084 1085 1086 1087 536 1088 1089 1090 1091 1092 1093 1094 1095 1096 1097 1098 426 1099 1100 1101 1102 1103 1104 1105 1106 1107 1108 1109 1110 1111 1112 1113 1114 1115 517 1116 1117 1118 1119 1120 1121 1122 1123 1124 1125 1126 1127 1128 1129 1130 1131 1132 1133 1134 1135 1136 1137 1138 1139 1140 1141 1142 1143 1144 229 126 562 1145 307 165 1146 274 770 1147 508 1148 1149 1150 1151 1152 32 1153 12 1154 1155 1156 1157 1158 762 1159 1160 615 1161 1162 1163 1164 1165 1166 1167 1168 722 1169 1170 1171 1172 1173 1174 1175 1176 604 1177 1178 1179 1180 1181 1182 1183 1184 1185 542 1186 1187 1188 1189 1190 1191 273 15 1192 1193 1194 1195 1196 1197 1198 1199 1200 1201 1202 1203 1204 1205 1206 1207 1208 1209 1210 1211 1212 1213 1214 1215 1216 1217 1218 215 1219 1220 1221 1222 1223 1224 1225 1226 1227 1228 1229 1230 1231 1232 1233 1234 1235 1236 1237 1238 1239 1240 1241 1242 1243 1244 1245 1246 1247 1248 1249 1250 1251 1252 1253 1254 1255 1256 1257 1258 1259 1260 1261 1262 1263 1264 1265 1266 1267 1268 1269 1270 1271 1272 1273 1274 1275 1276 1277 1278 1279 1280 489 1281 1282 1283 1284 1285 1286 1287 1288 1289 1290 1291 1292 1293 1294 1295 749 1296 1297 1298 27 44 141 719 600 1299 1300 1301 690 652 47 761 1302 546 1303 1304 1305 11 1306 1307 230 1308 1309 1310 434 802 1311 660 1312 1313 252 1314 1315 512 1316 1317 1318 1319 1320 1321 1322 1323 1324 1325 618 1326 1327 1328 1329 1330 1331 1332 549 1333 1334 1335 1336 1337 380 1338 1339 1340 1341 1342 1343 623 1344 1345 1346 1347 1348 1349 1350 1351 847 1352 1353 1354 1355 1356 1357 1358 1359 1360 1361 1362 1363 1364 1365 1366 1367 1368 1369 269 1370 1371 1372 1373 1374 385 1375 1376 1377 1378 1379 1380 1381 1382 1383 1384 1385 765 1386 1387 1388 185 1389 1390 1391 1392 1393 1394 1395 1396 1397 1398 75 1399 1400 1401 1402 1403 1404 1405 1406 1407 1408 1409 1410 1411 828 1412 1413 1414 1415 1416 1417 1418 1419 1420 1421 277 1422 1423 1424 1425 1426 1427 727 1428 1429 1430 1431 1432 1433 1434 356 1435 1436 1437 1438 1439 1440 1441 1442 1443 1444 1445 1446 1447 1448 1449 1450 686 1451 1452 1453 1454 1455 1456 1457 1458 1459 1460 1461 1462 1463 1464 368 79 1465 522 1466 1467 1468 1469 1470 714 1471 1472 1473 1474 1475 1476 1477 1478 1479 1480 1481 1482 1483 1484 1485 1486 1487 1488 1489 1490 1491 1492 1493 1494 1495 1496 1497 1498 1499 1500 1501 1502 1503 479 1504 1505 1506 1507 1508 1509 523 654 17 1510 533 1511 1512 1513 1514 1515 1516 1517 1518 1519 1520 1521 1522 1523 1524 1525 1526 1527 236 1528 1529 1530 1531 1532 1533 1534 1535 1536 1537 1538 1539 1540 1541 1542 1543 1544 658 1545 1546 1547 1548 1549 1550 1551 1552 1553 1554 1555 1556 1557 1558 1559 1560 1561 1562 1563 1564 1565 1566 1567 153 1568 1569 1570 1571 1572 1573 428 18 290 1574 301 1575 4 1576 466 1577 1578 1579 1580 1581 115 1582 1583 692 1584 1585 1586 1587 1588 1589 581 1590 1591 1592 1593 1594 1595 1596 541 665 1597 1598 1599 1600 1601 1602 1603 1604 1605 1606 1607 1608 1609 1610 1611 1612 1613 1614 1615 1616 1617 1618 1619 1620 1621 1622 1623 1624 1625 1626 1627 1628 1629 1630 1631 1632 1633 1634 1635 1636 1637 1638 1639 1640 412 605 1641 1642 1643 1644 1645 1646 1647 1648 1649 1650 1651 1652 1653 1654 1655 1656 1657 1658 1659 1660 1661 1662 1663 1664 1665 1666 1667 1668 1669 1670 61 1671 1672 1673 1674 1675 1676 1677 1678 1679 1680 1681 1682 1683 1684 1685 1686 1687 1688 1689 1690 1691 1692 1693 1694 1695 1696 1697 1698 1699 1700 1701 1702 1703 1704 1705 1706 1707 1708 1709 1710 1711 1712 1713 1714 470 287 114 1715 1716 53 1717 1718 1719 1720 1721 1722 1723 1724 1725 1726 463 1727 1728 1729 1730 1731 1732 1733 1734 1735 1736 1737 1738 1739 1740 1741 1742 1743 1744 1745 1746 448 1747 1748 1749 1750 1751 1752 1753 1754 1755 1756 1757 1758 1759 1760 1761 1762 1763 1764 1765 1766 1767 1768 1769 1770 1771 1772 1773 1774 1775 
60 1146 1776 1777 1778 1779 1780 1781 1782 1783 1784 1785 1786 1787 1788 1789 1035 1790 1791 1155 3 126 1792 931 1539 276 1793 1794 1795 1576 1796 238 1797 1798 1799 1800 1801 1802 1803 1804 1805 1806 1807 658 16 1808 1809 1810 1811 1812 1813 1814 1815 1816 1817 1818 1046 1432 1436 1819 1820 
219 106 462 654 1821 1822 1823 1824 1825 1826 1827 1828 1378 1829 1830 1831 1832 1833 1834 1778 1835 1836 1837 1838 1839 1840 1841 730 857 470 141 1146 1842 1843 423 1844 1303 1845 1846 52 601 1847 204 396 1848 1849 1850 1851 1852 1315 1853 661 1854 1319 1855 1856 1857 1858 1859 1860 1326 1861 1862 1863 92 1864 1865 1866 919 1867 1868 6 1869 1870 1871 1727 1872 1873 733 138 1728 94 1874 1548 1875 1876 210 1877 1878 1879 1880 1881 1882 843 1883 1884 1885 1886 1887 1888 1889 1890 1891 1892 1893 1894 1895 1896 1897 1898 1899 984 1650 1900 1541 1241 1672 266 1027 1048 854 716 322 489 1707 374 25 229 513 203 1299 1147 862 120 324 114 1302 546 1576 151 1584 914 1180 1606 484 1615 275 1367 1642 527 23 372 3 1144 153 279 886 604 430 1485 838 1252 1139 1260 338 508 1148 1574 1716 1082 1565 712 840 1582 129 1792 851 907 918 1629 1568 475 1307 1316 1785 1205 1360 152 1441 499 121 165 1805 1100 428 1510 875 691 20 1313 1170 894 1535 1602 1536 208 944 1631 956 1736 792 1208 1752 1542 1430 1689 541 645 1228 1671 
5 522 151 3 146 596 
2 3 106 
4 3 1857 299 1320 
7 212 306 170 3 1859 1869 186 
23 1568 19 730 111 1466 1101 1870 1880 449 273 3 752 1607 94 543 96 1210 646 461 1692 36 736 25 
29 858 221 1322 1730 658 339 4 1857 1334 1194 1306 1849 1720 1128 1842 1847 306 462 153 1331 68 18 12 442 1596 1514 798 1736 355 
13 1172 1316 779 517 866 964 4 1602 177 1629 1749 53 659 
4 662 4 637 866 
5 522 4 32 1872 1254 
60 857 1147 462 56 280 137 1796 858 68 1572 540 1101 877 796 340 822 1174 1736 1645 590 715 199 1279 106 600 861 1876 809 948 1374 1257 1273 1772 869 1610 203 4 742 981 153 324 52 1582 842 1168 817 662 619 666 808 457 1206 810 530 1098 25 238 1299 522 1722 
32 426 691 1354 1147 788 238 1578 886 926 74 499 1491 770 25 308 1167 326 456 801 545 106 450 808 428 722 1857 639 4 1311 700 844 1465 
15 25 553 719 1303 1616 1497 540 1835 229 340 411 99 523 4 1548 
16 475 1301 4 805 625 488 153 368 840 619 907 1652 18 1851 499 426 
12 307 106 1848 1525 1454 4 929 985 1393 454 153 770 
8 132 429 1113 119 603 395 4 1646 
5 1803 1377 616 4 1413 
50 203 501 1536 730 132 1156 118 169 25 1300 166 156 498 426 981 153 106 814 470 858 719 712 522 1305 870 601 722 617 344 925 709 259 749 287 770 868 615 1840 562 324 4 1157 612 1600 655 210 1393 1252 804 1743 
5 1251 834 1573 1299 4 
5 475 251 146 1866 4 
20 462 1187 98 106 288 119 865 857 499 267 1304 1172 25 4 887 165 274 1572 848 1255 
13 4 82 1202 141 888 135 287 52 1208 1534 1894 1234 112 
7 941 864 4 517 251 863 284 
28 267 882 1634 1552 416 60 153 880 451 1504 875 1860 822 1809 333 106 135 1429 1147 562 1751 238 4 1715 1105 1182 621 1363 
5 4 913 969 16 230 
21 37 309 873 774 635 1100 1047 153 1107 4 106 245 690 411 600 48 27 395 805 1189 1119 
31 1148 762 1402 1698 274 900 426 1594 1404 99 1027 1461 461 62 219 25 1253 362 290 399 1108 1045 601 34 4 279 660 1808 1877 439 729 
9 499 11 4 864 1300 820 290 139 1070 
13 1546 540 1146 1217 191 4 1151 1892 1130 658 1337 730 1604 
9 4 37 702 1140 18 433 1313 482 7 
12 186 4 238 1006 1152 997 654 1861 1875 626 1279 434 
7 765 426 713 1148 932 4 896 
6 4 106 177 1782 606 1146 
9 502 4 50 814 1058 1075 613 1159 1366 
10 25 1306 92 4 862 1415 513 332 310 1300 
2 53 4 
5 909 1580 4 955 357 
5 1846 814 4 1454 1591 
4 25 4 141 229 
6 1017 106 1498 222 4 538 
2 4 1427 
48 395 106 4 1468 451 555 1269 1146 499 941 37 770 375 644 1198 730 654 776 1733 590 857 11 203 1307 122 1159 1179 1180 781 281 951 698 1001 1419 1742 719 132 1300 33 1844 1579 581 1357 1255 679 1424 421 1283 
20 1149 1005 293 862 409 4 1570 1569 339 461 547 733 1189 936 1821 861 106 181 698 1134 
10 1871 1728 1313 408 4 861 1572 620 719 1849 
12 434 652 4 1846 1870 365 1418 865 1617 1780 395 1245 
6 1782 1368 151 4 290 141 
19 4 825 1579 730 1729 962 1405 1307 476 778 1328 1166 466 867 1632 989 527 1032 1505 
8 1792 381 1669 4 878 261 38 1152 
8 4 1572 623 167 263 499 25 1275 
3 866 156 4 
6 189 1784 251 1006 153 4 
2 1107 4 
34 229 165 170 207 858 857 1157 1357 203 1568 513 1156 1583 1746 372 1508 25 1843 120 482 1152 1102 1850 1112 121 107 1047 126 712 868 4 627 700 1063 
21 1108 1743 1451 1147 251 1373 858 1244 1846 660 1580 1324 400 623 4 1598 156 1513 1344 974 719 
11 4 270 859 1300 513 483 412 1041 836 728 654 
13 88 417 863 1240 333 48 1421 4 176 395 815 1166 718 
4 4 1577 153 1821 
3 4 120 395 
3 217 4 585 
4 615 4 426 858 
5 4 1866 1725 1298 230 
24 1300 449 238 1165 665 644 1728 82 1630 588 607 1415 162 395 690 856 375 120 4 1237 1843 1304 930 1266 
12 540 106 141 1147 760 294 875 4 1184 126 353 1341 
9 4 275 155 1665 1851 513 25 279 1805 
12 866 4 1858 1720 1895 306 717 1871 1286 1168 1729 1305 
10 1149 980 1568 455 315 4 27 903 61 151 
12 558 4 203 958 1106 216 310 912 153 301 727 95 
11 1569 126 1622 863 880 4 453 429 32 27 1843 
7 301 725 4 1311 93 1264 892 
8 32 106 756 4 203 454 120 1160 
5 203 562 395 600 4 
6 307 47 1566 1151 4 499 
6 39 429 956 154 53 4 
7 4 1157 306 151 658 749 456 
3 790 546 4 
4 1633 1568 1156 4 
3 4 1359 1299 
10 1565 25 627 5 595 141 1738 204 234 203 
4 368 1589 1033 5 
265 25 730 27 229 857 126 562 499 121 1568 1145 306 1146 37 274 1147 859 523 1782 863 652 1821 114 831 1302 154 50 1150 1307 872 1153 295 1309 466 1467 1716 1157 779 1312 1313 842 397 129 512 1106 155 1317 89 41 1324 1592 1110 379 343 231 223 564 96 801 1877 1517 1210 1827 1370 282 472 131 764 1893 1741 370 1743 784 975 977 978 986 1390 1816 1400 1415 1141 1060 577 422 1711 1096 1460 426 513 814 449 368 475 238 658 408 423 866 761 18 1151 1306 52 1154 151 1103 1847 396 1777 1849 1583 614 1105 887 1107 170 1855 1856 896 1858 1325 1603 920 344 1872 777 1620 1628 1882 1786 957 1202 180 1519 1209 384 158 1214 1376 985 486 59 1831 187 778 529 1033 1680 1791 1780 1432 1434 134 1070 1530 29 165 1571 736 221 1844 230 69 142 433 1579 547 641 796 1108 1594 1599 917 174 1192 1627 1629 1201 1634 969 556 1009 1521 1837 117 203 1301 860 47 1863 696 440 923 1536 1516 846 963 737 1552 568 631 1384 1392 1234 418 735 470 68 1299 1570 861 1573 1305 38 1155 897 1332 1336 319 1475 211 1735 627 974 1005 5 1524 198 436 132 1569 166 1466 601 881 20 118 1722 1319 1326 823 904 258 147 253 1398 1678 66 228 337 44 120 1149 1602 1364 193 1692 862 1152 1310 745 1114 1474 1488 
24 426 238 899 1196 774 1630 1748 467 407 1577 79 1857 1117 645 1222 1524 658 1145 966 5 877 136 680 221 
5 866 350 5 1083 662 
10 887 774 5 1146 395 476 1047 426 1572 1568 
4 686 408 712 5 
26 882 849 426 1160 1171 377 1515 864 1328 1879 11 1335 1825 732 1145 1151 1020 482 172 216 5 1080 32 1853 730 1782 
6 229 624 279 5 48 268 
7 1735 833 779 411 5 859 605 
20 25 1572 487 132 1102 746 1301 1465 1123 27 426 6 221 1716 475 1777 661 920 1829 106 
18 719 165 1585 1328 1786 1848 6 288 25 499 733 1503 436 141 842 1510 1326 1190 
8 1170 941 1326 1479 1312 892 1559 6 
5 1484 106 6 336 306 
12 612 44 1683 1148 106 1783 1847 6 1664 338 690 1620 
6 717 1070 6 42 663 47 
52 106 475 154 1101 123 139 665 732 1789 480 27 846 1145 861 1148 18 869 290 1157 1311 279 880 1546 136 1327 822 497 6 382 819 1450 126 1793 84 79 166 17 301 88 1799 613 881 713 900 96 1368 1388 848 508 1843 1325 1863 
53 25 857 1468 900 1513 824 1484 395 229 600 337 426 449 1149 290 270 1115 289 1497 499 368 1099 79 136 1623 1491 106 1730 126 132 221 752 509 483 6 834 257 1681 490 1460 1300 508 868 875 1576 466 303 1197 1551 27 719 871 376 
20 612 25 698 831 409 6 990 1018 1019 1456 690 1277 864 1470 68 229 408 1583 1168 1380 
14 304 858 126 1885 748 475 6 1166 1634 120 332 1545 931 531 
3 352 1308 6 
6 770 6 1784 1191 795 266 
111 106 338 499 121 274 690 860 654 866 867 868 659 433 1160 722 123 1323 377 510 619 1110 1809 1599 1600 94 1202 969 1226 984 1667 513 165 858 368 770 79 428 1150 1574 294 434 750 802 398 26 19 502 747 635 1542 1015 1048 475 1822 25 8 1577 1723 1591 1195 568 1162 895 932 1805 1308 884 1106 947 1199 1217 1752 153 1471 791 1478 471 203 470 307 141 862 120 1572 522 1149 524 1845 871 1848 885 89 693 1808 905 379 1336 1181 696 6 543 1734 953 734 1367 131 672 312 1235 1659 537 
5 1010 6 1349 1095 283 
5 6 802 885 918 736 
15 510 543 27 876 691 1390 423 525 1593 106 1208 499 151 1782 6 
6 866 770 381 719 1511 6 
7 1580 428 106 7 225 126 368 
44 68 364 42 395 1825 416 106 499 114 396 1121 1030 121 1545 1854 413 44 652 546 1154 1311 143 1852 790 1610 1188 381 774 1257 684 1075 286 7 368 898 1002 562 777 1543 1445 153 203 221 1505 
4 1170 1456 1173 7 
5 1514 7 1021 106 941 
6 540 462 840 7 50 48 
14 121 600 1691 870 593 1074 7 1579 107 814 120 914 1605 1146 
3 381 7 37 
12 858 732 658 1132 7 153 240 423 229 1034 27 525 
13 508 725 338 7 120 229 1322 1047 730 54 694 1700 201 
3 181 7 743 
53 730 1843 1466 338 230 1848 207 1658 1008 395 368 690 540 1154 115 693 797 899 924 631 1757 1499 25 772 104 935 850 307 1107 1527 153 1102 203 126 482 8 1575 1309 205 886 89 913 1730 1122 65 165 1149 48 1195 27 17 1152 72 
13 8 1138 154 1799 911 1301 1843 814 106 1721 1661 1754 1139 
10 1099 466 663 166 397 465 1295 957 8 132 
14 871 544 1137 462 1573 339 690 1854 808 941 8 153 1486 1568 
9 1523 347 896 856 1649 1167 562 8 865 
14 525 1177 250 484 46 153 1383 1688 661 462 352 8 1556 28 
10 8 268 1777 106 475 948 1059 583 519 1510 
6 8 429 885 1590 151 778 
5 8 475 1284 1716 1170 
4 8 889 1337 1825 
24 1299 1162 463 924 8 1146 616 1481 1648 28 300 153 72 303 27 20 129 100 25 364 148 106 92 229 
6 175 454 792 27 8 876 
163 426 857 126 499 1568 1145 307 449 1300 1569 408 654 166 868 1574 1153 1154 1576 151 1155 204 750 1156 877 433 879 205 1850 779 692 1105 1592 900 1470 1867 146 1611 518 1615 273 847 801 275 1198 1360 1366 699 1829 1490 1649 83 559 608 647 27 274 939 567 1065 1570 33 1468 1632 395 141 50 455 93 179 1426 1452 1571 1466 772 241 1354 702 363 37 423 1303 880 252 1586 1808 1778 1803 562 44 306 858 1805 287 475 1842 658 523 1782 462 251 860 863 864 867 8 52 659 466 40 1157 1799 144 1719 817 377 1865 1601 172 468 174 583 941 348 382 626 1367 1895 263 987 988 1650 1236 1016 1424 1768 1708 730 1301 41 853 1866 717 1612 138 668 213 1640 282 738 999 1802 1798 132 666 708 25 859 524 1467 280 643 975 77 
23 106 99 120 601 862 1145 1726 203 309 470 142 1756 823 1896 562 1511 1171 511 8 1151 345 1646 1381 
14 1303 690 499 364 1233 873 203 869 90 222 725 8 106 1619 
16 882 1345 1099 1434 355 1304 8 470 80 910 1361 594 1151 76 44 311 
7 1777 1102 8 1479 821 513 548 
8 433 8 1623 562 658 1479 106 1310 
3 165 1106 8 
5 861 8 795 339 1325 
4 604 8 700 225 
6 779 8 863 700 1376 88 
3 692 8 461 
3 819 8 434 
78 203 719 287 1782 47 8 1303 1580 805 1512 1316 661 894 1547 319 777 954 1205 297 699 1896 973 1228 1387 998 560 1275 1069 126 1131 449 267 743 979 1789 25 522 882 1335 444 814 858 1571 861 454 1169 1329 911 1480 1368 395 408 106 659 541 1657 758 1282 470 141 1301 79 866 17 1308 1310 115 1864 1008 1054 199 27 1465 428 611 1777 1557 159 
29 203 840 251 426 106 333 153 869 339 143 341 1368 298 589 120 8 1154 722 1226 1095 44 736 324 691 1585 273 534 194 550 
17 8 399 75 1410 1247 1061 397 11 1591 203 1821 866 546 409 605 1831 1288 
11 426 1016 1572 1102 823 1157 395 8 906 1100 1545 
17 44 869 1621 1558 772 1341 1394 8 1158 396 12 1724 1325 1276 1794 451 873 
15 106 1110 306 8 540 720 17 582 79 797 229 466 31 654 1251 
9 1294 540 528 652 1374 426 523 8 1754 
10 719 562 920 111 925 434 607 153 1196 8 
9 8 1199 1121 1155 1342 1612 1879 1877 577 
8 8 1582 153 1259 106 1269 730 1091 
5 1465 8 152 238 763 
7 461 1501 8 82 523 790 449 
12 395 34 826 270 664 59 1271 1702 352 205 8 863 
9 763 8 466 408 895 1652 918 950 1390 
7 8 229 318 600 1588 700 153 
5 1317 106 426 1424 8 
11 1246 1440 1077 69 140 8 1572 1100 1635 307 1896 
3 8 240 1468 
5 1303 8 294 868 1471 
4 513 270 8 745 
7 1299 25 547 876 1609 8 203 
6 274 1844 423 8 57 31 
4 106 540 1588 8 
6 415 1027 1567 587 8 451 
6 8 1742 1300 1582 77 1145 
3 1120 719 8 
3 1437 8 55 
5 762 8 308 862 550 
4 1317 1122 8 106 
6 1151 423 8 1732 166 522 
5 1715 564 8 1100 1180 
1 8 
4 1158 307 701 8 
6 766 106 1443 8 764 1556 
5 1843 165 595 37 8 
6 1570 562 8 523 1855 691 
4 847 139 387 8 
4 8 1468 857 747 
140 106 499 470 1145 306 1299 867 1844 461 1307 1845 532 1582 155 1854 1723 500 1321 662 525 1857 694 1109 905 1332 909 1335 918 1811 96 1479 552 457 1125 732 453 403 1408 1417 304 1769 256 126 562 434 1609 104 97 185 25 814 165 141 658 523 508 166 863 522 459 880 1313 842 796 509 1589 1590 1593 1513 1339 940 1642 671 703 233 1004 1798 331 1039 1701 1076 27 132 859 761 1302 840 16 1177 1600 944 438 1215 1749 249 858 1100 1101 1847 167 1317 93 935 857 44 274 736 482 1510 433 895 798 921 652 1541 600 1393 1562 79 462 8 1577 1163 996 1428 37 68 1843 154 267 1103 429 750 714 463 258 655 411 1249 593 
19 153 426 867 270 851 761 395 1319 408 470 104 8 1555 600 885 940 27 1001 1031 
13 229 141 177 230 563 8 874 153 891 449 1373 1362 611 
10 1512 836 990 1858 701 857 373 8 1292 750 
7 1101 303 79 288 1093 141 8 
8 523 1145 470 1732 27 857 8 1860 
5 1849 1616 1655 301 8 
7 1820 44 846 8 27 1782 510 
11 660 1240 654 858 1320 1107 1813 1732 106 1365 8 
8 369 972 1110 699 1544 875 31 8 
8 1512 1574 928 8 824 271 153 1897 
7 661 1470 540 950 8 546 858 
7 660 677 1515 521 8 408 25 
7 93 1053 8 111 1126 1545 1162 
6 85 378 455 1515 8 730 
3 1148 8 1475 
5 8 1531 868 53 1746 
3 1583 865 8 
35 106 690 1582 1853 1166 246 562 523 1309 763 442 426 862 267 296 395 1302 8 230 1103 1158 398 107 1207 1487 1670 121 33 923 1536 582 132 114 338 1815 
7 8 1321 66 1597 155 857 990 
11 1112 8 1842 506 1716 1357 1364 106 459 375 865 
4 1455 1715 8 617 
6 1570 1602 1534 131 8 161 
6 426 861 868 8 1466 1720 
4 1718 562 1162 8 
4 1299 1146 8 106 
89 395 79 612 1588 1108 1592 288 668 14 1424 1503 106 1805 540 1852 139 669 969 1020 354 1444 857 121 274 251 8 874 601 122 1851 1511 1586 170 1596 1513 1114 723 1741 65 707 1434 709 855 25 659 1584 1320 816 1327 981 570 470 368 462 1153 1576 1309 642 563 667 1785 958 1540 437 112 1032 1282 1770 27 513 151 205 780 138 1633 972 1053 1056 1526 39 1342 1398 179 499 459 1475 381 1879 951 
21 25 1352 578 652 667 1460 8 712 141 1811 1377 992 51 87 106 532 205 1868 221 658 778 
10 1168 570 1758 8 652 1147 1510 1647 106 1002 
6 1187 1821 8 670 1151 371 
5 203 8 1032 614 650 
5 104 306 8 1839 1606 
4 8 25 1782 18 
2 25 8 
2 8 823 
39 858 38 1576 911 1727 1222 703 1239 1422 1431 1084 25 993 1055 1569 426 1372 1097 37 50 295 107 26 745 418 772 1615 106 343 814 857 57 175 439 562 8 88 606 1014 
7 307 1100 690 8 426 396 1398 
11 805 1828 8 270 311 182 138 730 252 890 1307 
8 153 886 900 8 1166 736 1557 663 
7 1330 8 776 263 719 349 1299 
4 8 702 1368 1321 
5 814 965 620 499 8 
5 1145 8 546 1739 52 
6 428 859 1263 221 8 1800 
6 532 1130 8 1045 17 306 
3 1799 8 1583 
3 203 1436 8 
6 453 426 8 1782 1115 146 
52 25 8 1314 849 229 461 1574 880 641 1330 583 1053 1440 640 153 308 1120 307 1821 80 1777 302 922 1872 941 734 49 1651 1493 470 1735 570 1568 279 807 1548 77 857 166 662 450 633 1900 46 465 395 1152 840 1593 620 1500 576 
10 25 518 1406 864 858 523 8 240 153 513 
6 1145 1795 761 1307 8 106 
6 658 1754 1860 290 8 997 
7 1873 836 366 928 8 294 912 
5 203 8 446 920 468 
8 1261 1816 601 121 25 1513 1718 9 
9 914 1114 307 861 866 106 203 1718 9 
3 1758 44 9 
5 9 524 1717 1321 1351 
9 840 1528 9 926 736 1782 74 1177 1129 
2 858 9 
10 153 1071 858 1438 1725 242 9 75 1842 873 
5 1022 501 401 814 9 
2 1603 9 
5 125 27 470 1110 9 
34 814 942 221 470 1618 622 948 301 10 203 50 819 165 1304 1715 1105 1164 912 563 1337 1732 949 1019 1790 1569 1782 1866 588 600 466 934 1367 1209 47 
13 1109 1001 690 719 1843 547 642 147 1208 10 1574 884 112 
5 715 10 663 795 25 
19 522 1719 426 1188 81 121 240 659 184 876 858 1189 1842 821 10 204 712 909 177 
2 10 213 
6 1336 1759 274 1519 10 862 
10 25 153 32 166 1300 1301 1554 10 462 898 
39 229 509 203 126 1570 47 53 16 891 581 342 1867 1476 1732 1483 1377 705 1673 1434 10 789 439 25 272 818 1076 1111 1379 719 106 1585 513 375 1511 1188 186 1680 1424 153 
9 27 90 153 279 874 901 10 1610 772 
5 496 10 816 26 1108 
7 25 426 10 607 1140 958 1771 
5 762 1252 10 373 527 
31 53 1369 1385 1401 470 553 120 11 90 840 1858 400 1668 428 1546 1353 27 856 1623 112 1254 1422 1286 513 251 1512 310 469 275 329 1464 
10 745 1340 37 11 1569 426 1334 668 795 153 
5 869 1147 11 68 1696 
5 106 11 153 770 1066 
8 127 679 603 1247 756 600 11 1827 
3 1124 11 49 
4 11 858 1573 1546 
5 289 132 1553 11 368 
33 44 1155 730 1606 165 876 1772 857 153 11 1231 395 562 658 1843 772 713 48 717 440 359 25 877 919 935 426 1848 1187 311 1350 346 1517 1742 
6 47 698 207 115 229 11 
4 661 11 286 121 
34 306 652 1213 120 53 773 1571 11 1103 1577 72 1734 1097 654 25 1155 1848 1146 1784 121 1305 613 54 450 1604 925 744 1298 730 254 1426 723 1123 328 
7 18 1777 400 1843 513 11 523 
6 806 859 1573 11 820 1811 
8 654 69 1595 605 11 871 1460 1346 
28 126 11 750 1716 878 1326 1595 183 1669 475 1732 1195 1503 1890 736 622 1843 541 1071 1871 862 89 644 410 1635 255 1688 795 
16 11 1799 238 1777 1152 1817 1308 1474 873 788 106 1465 857 1323 1648 811 
12 836 890 1189 1860 1670 221 1154 619 1353 1780 426 11 
9 1854 165 671 1456 861 1506 864 1446 11 
3 884 11 166 
4 30 1890 11 951 
3 11 151 1302 
25 308 1162 580 310 1597 1607 1610 417 1843 717 1570 120 11 875 95 324 690 533 93 1500 267 395 209 830 25 
9 11 1490 1229 251 1405 513 1317 868 1547 
6 121 207 151 11 941 1715 
3 123 203 11 
4 1396 861 24 11 
52 203 33 1164 170 851 909 31 234 730 307 1299 1573 290 11 1158 1584 1167 91 1547 1878 1552 1126 1900 595 638 117 858 860 1154 898 1109 1867 1549 1885 100 573 1059 831 776 379 153 1434 106 814 690 897 442 957 247 1499 426 1739 
52 25 141 523 869 1574 11 1580 1313 1319 1725 1859 900 258 1606 98 783 181 353 1679 706 827 1566 814 239 306 251 1272 1695 1717 610 153 470 1808 564 565 1634 838 976 702 1299 41 1349 679 562 641 618 1181 1183 1810 197 126 1811 
17 875 1542 705 192 427 38 301 1089 11 863 462 761 1715 736 251 647 335 
11 779 1628 1156 11 52 694 449 1684 858 1249 154 
14 1195 1145 868 1126 889 279 61 11 1633 1568 1693 301 93 392 
13 11 901 770 1466 287 1792 156 1148 1398 315 395 240 1769 
3 126 25 11 
8 462 1485 1535 11 1376 14 1626 779 
1 11 
5 1717 11 92 883 311 
4 1396 11 1847 423 
6 1100 1640 1249 522 859 11 
9 1578 179 462 762 426 11 1874 1052 1589 
10 106 1632 1206 986 1321 165 866 11 702 1147 
5 11 501 426 823 1551 
5 11 542 562 1058 523 
4 11 1512 938 27 
3 1782 11 409 
25 166 1180 1014 1697 44 802 1569 426 805 719 865 1510 1347 1572 301 434 752 502 1363 1740 1220 27 11 37 1100 
10 1191 1465 1880 1157 1467 668 428 11 395 368 
7 859 426 11 409 38 508 1828 
12 1722 1595 540 11 1715 1116 572 1442 1567 1189 1264 408 
5 1315 1829 801 290 11 
3 11 279 754 
3 11 1862 911 
4 690 11 1859 203 
5 414 123 11 1852 61 
5 11 82 50 1466 166 
4 11 1836 1470 719 
4 11 1316 600 308 
5 1846 11 663 117 1101 
4 106 11 121 823 
35 730 12 878 559 27 806 1373 1522 1147 139 1649 1131 1416 1437 1440 221 1592 1595 798 475 1102 613 1340 1647 839 422 1290 126 719 874 118 1224 141 482 819 
18 12 830 836 1467 1806 730 166 959 69 1655 1791 33 160 395 18 144 1186 1396 
10 375 556 1312 841 12 1207 37 368 887 39 
13 612 859 1635 698 166 863 1385 736 513 12 968 1630 1121 
15 1146 499 535 1155 12 585 554 1596 1118 716 274 1718 1635 672 1257 
11 730 238 395 933 723 412 1409 106 654 12 846 
11 730 44 106 1203 1633 12 1339 1657 1689 758 772 
6 12 154 887 823 656 1746 
7 12 1586 287 1301 1846 25 943 
5 12 499 1843 145 665 
6 423 400 153 859 1419 12 
7 1615 242 896 470 1573 12 496 
6 108 612 565 938 12 1300 
7 1860 836 857 505 868 12 548 
6 1876 177 146 1218 124 12 
6 1889 89 1310 12 307 1510 
3 562 12 229 
6 12 33 1787 1847 156 945 
4 12 1429 1412 25 
4 1852 1120 12 63 
3 12 671 1621 
5 287 1120 858 1822 12 
4 582 426 12 1158 
4 1782 12 618 1078 
3 12 423 53 
2 12 153 
9 753 151 1570 12 508 155 1531 1100 132 
4 12 71 1153 770 
5 1572 255 12 1156 1314 
3 12 1284 1589 
28 106 132 1577 913 1669 105 141 12 121 229 376 858 899 126 40 605 1533 325 340 449 532 377 1481 131 1654 418 286 25 
6 1325 12 212 524 770 857 
4 1570 1873 106 12 
7 664 391 232 1712 798 774 12 
8 1858 914 1299 1006 454 12 79 27 
6 278 1614 516 1146 12 206 
3 546 12 27 
27 274 1782 1882 1077 865 482 68 742 857 1112 524 88 872 340 1617 1226 453 1394 1042 473 1100 886 1673 12 460 223 1486 
15 368 895 1809 1622 426 12 1220 860 1561 950 475 601 121 1844 618 
16 111 828 153 1333 1645 388 12 1849 946 780 745 900 368 461 1357 126 
6 217 395 12 1060 1860 840 
12 12 770 1797 1665 106 306 1618 126 1100 536 1160 762 
9 25 1158 548 12 1822 989 542 17 1057 
14 12 137 1650 132 130 1782 766 229 74 1387 1764 781 873 963 
8 932 433 153 120 12 866 1490 1759 
7 1308 649 12 1730 935 1155 1266 
5 12 106 587 1302 546 
9 938 551 617 1176 1510 719 12 1546 25 
2 1157 12 
5 12 588 1120 201 1569 
6 377 1849 12 1160 1821 1260 
3 730 788 12 
3 12 1716 1568 
2 371 12 
3 1262 12 310 
4 600 1303 12 1389 
2 1436 12 
102 153 68 690 251 546 540 88 12 204 1160 1720 1162 168 1319 745 795 71 19 781 1823 1472 809 97 586 1371 1641 448 1002 1407 420 1763 1764 1096 1855 25 16 229 513 562 1573 221 1715 856 109 343 82 177 485 1481 1482 960 1642 838 1654 1402 1142 426 141 287 1569 301 339 802 1199 1888 1400 52 459 1579 1726 84 165 132 840 398 1722 378 917 1188 311 936 42 421 1090 730 475 1821 1583 325 1468 1322 525 1547 493 1658 1037 121 1568 1782 1725 1498 826 
18 106 911 1148 1569 239 616 1595 488 721 858 1166 169 132 1616 859 12 27 1199 
13 12 106 1821 167 523 143 886 546 761 1103 897 798 1734 
14 1568 1164 221 814 1282 12 664 973 1449 395 1154 1574 126 1450 
11 470 53 860 12 1651 25 167 870 414 1641 1717 
14 80 1300 810 1172 1642 12 291 416 458 1465 279 1370 1674 348 
7 1822 1332 1300 1168 12 1731 264 
4 25 882 12 1541 
9 12 588 203 540 654 1332 1016 1835 724 
3 612 1185 12 
3 12 871 1847 
1 12 
5 1617 107 891 12 1850 
36 165 1575 12 204 884 501 1479 1570 178 952 215 1760 153 611 70 110 25 894 327 814 861 869 122 409 738 106 1303 872 1640 975 718 1795 499 548 542 1633 
11 167 69 323 426 25 408 1861 1017 122 12 326 
6 1156 917 1234 294 12 1367 
7 12 499 113 654 203 52 39 
7 81 12 343 1157 896 25 1643 
6 132 1168 1513 919 12 564 
7 1130 332 399 12 1029 461 579 
6 508 1844 12 188 20 1146 
7 883 132 12 1847 50 400 814 
5 82 1784 540 12 301 
6 453 238 368 106 12 812 
6 613 1569 872 426 1886 12 
4 395 820 12 617 
6 698 395 12 1310 68 1255 
5 1448 106 12 338 1103 
27 470 138 362 775 25 882 745 1363 194 1605 106 12 1590 1268 153 348 316 499 129 16 912 1231 186 1796 27 462 1218 
8 1100 1595 1609 683 1300 1103 12 1597 
2 12 1269 
130 106 730 395 153 44 449 1146 287 1842 712 114 546 12 1102 434 204 750 53 881 111 107 1315 1169 893 795 581 409 742 549 665 109 171 731 320 469 1200 964 1640 1373 1895 1128 739 443 1241 1017 360 482 25 513 814 306 1299 428 1546 1165 616 1229 545 844 86 1065 1145 376 547 1176 1339 927 444 499 1313 280 326 1197 277 1526 1099 701 419 857 121 1568 238 324 867 1574 870 1849 533 239 543 1195 180 1886 58 1494 1397 1692 719 166 38 1152 40 270 1721 168 890 1321 1175 550 296 1112 1866 1113 318 1185 622 1209 1555 226 637 595 1689 1696 760 250 538 221 524 898 1822 
2 308 12 
28 1465 1340 27 816 914 165 858 12 660 325 1587 131 126 38 1153 279 1333 534 1889 1489 1000 1025 25 426 1139 449 246 690 
24 12 94 1404 873 932 42 562 148 865 912 1890 976 1147 847 522 1719 1612 747 944 1800 99 1256 1091 203 
5 1867 971 27 12 662 
4 814 17 12 1191 
5 1443 1493 12 499 1722 
33 1573 896 926 153 126 106 455 753 1165 1722 1318 1858 824 382 13 746 803 1161 56 1470 930 1347 1630 21 1703 1575 1364 1400 203 1324 158 522 449 
25 730 1150 1844 203 797 57 426 71 1636 1555 164 1108 126 1010 13 25 20 1590 1182 950 324 1887 1018 750 172 
5 612 1858 1159 13 690 
3 115 13 106 
9 482 548 13 797 449 802 617 1386 229 
7 526 1302 1017 13 658 203 1147 
6 983 13 736 238 274 53 
10 13 1147 1666 652 106 1301 1183 644 1037 287 
7 624 736 13 601 1715 877 1122 
11 33 857 221 463 915 482 1547 521 1550 13 306 
6 13 1343 1569 426 812 1720 
6 165 546 1261 426 1145 13 
3 14 1840 450 
3 256 14 1212 
4 1146 1211 1336 14 
5 14 395 839 512 25 
50 106 871 1101 859 860 533 1851 1331 1344 787 1561 14 857 540 32 1886 1558 810 426 1104 153 428 878 205 1329 165 1516 499 368 864 433 309 1744 437 486 1522 1054 1842 1574 88 1603 798 176 1480 1898 710 121 1782 931 492 
12 251 445 543 526 872 14 1359 290 484 38 1590 814 
12 1577 1313 1670 68 1305 873 50 966 188 14 169 750 
3 14 1573 1517 
9 14 1746 524 203 814 94 418 375 250 
19 736 894 372 1568 152 1155 518 1648 766 25 96 487 1266 652 165 41 1331 14 730 
15 880 658 1718 92 217 1102 874 690 1471 15 153 433 1716 513 624 
9 619 753 860 15 475 1568 100 38 862 
7 870 858 203 15 562 903 37 
11 400 1715 936 1637 903 486 1245 15 883 593 1587 
16 865 229 223 1212 25 650 395 1131 1083 857 15 1127 203 713 1498 1060 
8 1577 15 1842 375 1099 814 1342 1733 
34 203 25 32 613 533 798 414 1647 658 1154 176 1196 1306 857 251 69 1108 15 1636 1747 825 1038 1147 1681 1308 753 963 1660 1568 1603 163 730 53 377 
49 1146 865 1550 37 780 1108 1351 1226 313 1807 1100 1765 27 712 135 273 15 1629 800 1293 859 1467 144 920 1870 1238 1509 153 33 47 1845 917 146 1344 1221 1291 1299 1422 203 1465 423 652 1715 308 1623 229 318 689 1657 
9 151 15 25 973 203 442 730 501 1804 
3 1583 512 15 
5 471 143 251 15 532 
23 1821 1857 153 1545 143 178 1502 267 25 836 15 862 73 1878 659 106 752 513 1432 518 121 170 1601 
8 1153 1582 750 1183 853 107 470 15 
9 823 1875 617 153 1344 256 914 15 867 
6 426 1108 15 860 1012 279 
63 27 1146 154 204 399 156 467 1671 266 126 484 203 251 1575 1582 796 208 485 349 1246 490 229 165 44 1812 969 1899 1030 562 1147 1782 423 864 267 15 1889 492 635 1029 1698 1294 25 1145 690 1573 279 885 1159 1587 694 1356 1488 589 106 307 475 1569 1535 1873 669 1842 1518 1255 
8 126 1710 15 1347 513 602 465 822 
7 736 542 1329 1146 106 1849 15 
6 375 1157 1148 15 938 1638 
4 529 913 15 1352 
47 153 1304 149 46 1660 1681 106 1174 27 120 114 338 294 1578 1590 714 147 395 1100 40 753 456 955 672 539 470 611 376 1109 1517 1431 794 1568 1300 1570 860 524 805 614 16 790 924 1639 126 831 123 1470 
8 719 1514 18 109 16 1168 73 1537 
4 1346 16 1546 724 
2 1324 16 
6 1783 16 25 1022 1161 1289 
5 730 16 1051 120 1743 
4 1147 1097 1678 16 
27 858 652 1043 1100 1697 375 338 750 1468 56 1548 1557 1454 203 859 1406 141 1155 111 437 79 442 1019 426 16 1685 1301 
8 853 81 16 1551 121 1855 1164 499 
10 1843 17 146 450 498 16 470 27 1595 1558 
8 395 1099 637 470 1243 16 1003 942 
6 449 1488 16 106 1897 458 
3 114 16 454 
6 16 630 1040 1615 40 396 
4 27 16 1400 25 
3 16 470 121 
5 16 805 604 858 870 
7 16 709 470 940 449 897 865 
3 931 395 16 
2 1099 16 
5 1570 1149 1594 719 16 
12 857 858 349 687 1580 1465 517 1476 1634 16 1538 276 
12 1466 1876 16 1870 863 762 1864 1384 1290 120 823 822 
4 44 484 719 16 
88 106 1805 1822 432 203 423 38 1602 551 582 1379 244 1832 544 153 1570 1149 1306 1152 840 878 642 893 912 1874 98 1484 1647 1390 1428 1061 730 426 719 132 523 865 1151 1159 790 1607 1614 347 1239 857 121 1568 155 342 1471 411 828 408 1465 1103 836 54 129 1512 1608 75 844 521 126 1844 40 614 1584 1166 1792 1864 27 449 1510 115 1722 483 553 1121 229 1145 68 1821 47 883 16 1277 749 
16 1843 16 203 742 906 1618 857 1149 549 1444 538 654 1900 574 1305 541 
13 16 1293 1467 264 548 463 1153 44 515 1234 538 408 320 
9 745 324 16 60 936 1036 126 771 1289 
6 863 719 1569 675 859 16 
7 1063 1477 1302 1335 16 1502 1438 
5 16 867 1447 351 1467 
6 783 1802 16 1851 1170 223 
3 1753 16 864 
37 121 139 415 1147 691 364 857 1782 120 1572 1157 612 16 902 1641 672 1300 898 203 1846 20 1558 855 25 905 326 1537 1381 1805 1570 27 867 611 1617 1018 862 1652 
12 1547 815 513 121 858 274 1589 16 1146 892 203 1572 
11 129 1554 860 126 859 16 1876 210 984 1406 1867 
7 618 664 1627 1330 1347 154 16 
13 25 106 448 16 1571 865 772 780 670 1667 22 861 464 
65 395 584 1776 426 291 106 652 81 1122 25 1549 1157 90 917 1869 1191 1887 571 229 562 1146 1805 600 1300 79 1100 1302 524 1715 466 279 879 1312 1160 753 886 1587 1725 663 302 471 157 672 184 867 252 1162 1163 955 724 1789 27 455 61 126 770 341 509 1234 274 690 17 1118 1408 1458 
5 858 1846 763 17 993 
5 603 986 690 17 501 
5 1730 373 17 540 1600 
11 1573 1301 1896 34 1571 1465 496 1822 25 49 17 
7 466 901 153 1359 252 17 454 
6 532 147 1752 17 864 865 
4 729 964 1763 17 
6 17 499 442 562 215 1465 
29 37 1311 1783 1896 36 44 429 126 818 317 25 603 553 857 1856 165 565 1122 977 28 203 17 270 433 1849 753 1729 1238 194 
51 25 397 1383 307 1145 1570 654 862 17 1305 1306 875 252 1859 900 1334 176 1823 1785 1199 1372 832 828 321 200 499 221 1101 153 1777 171 1898 814 1148 873 802 291 1724 1535 1747 1159 208 1248 1696 203 1505 106 39 1768 1299 1087 
18 17 153 1302 762 475 752 1100 513 375 1158 662 1112 369 260 562 126 453 426 
13 1314 146 138 597 129 395 1846 926 1539 822 719 203 17 
7 772 876 450 17 1157 1878 438 
6 27 73 736 278 17 894 
7 17 171 1848 1842 603 1146 25 
7 1099 1885 904 851 106 17 474 
4 17 1332 37 1374 
4 974 123 1833 17 
27 862 865 1318 892 659 1577 823 874 465 230 901 17 368 1110 1514 519 1032 25 203 1597 946 669 1122 1660 247 1410 1757 
16 301 449 1573 25 901 1639 629 1789 426 1596 1102 1232 461 17 562 1659 
6 1351 17 166 18 1531 428 
5 1146 1535 342 17 1208 
5 1496 25 379 1006 17 
3 17 126 1468 
7 1299 426 66 17 500 501 833 
3 1168 17 475 
39 1782 719 55 1853 1316 89 170 822 563 1873 135 214 403 187 141 229 883 1858 171 1345 1785 953 417 395 1669 449 39 816 1129 1145 1636 562 516 17 990 1840 37 1718 327 
9 294 1250 27 165 500 906 17 1025 25 
9 25 380 1538 321 17 857 873 408 472 
8 129 450 426 548 126 1225 17 32 
4 17 1189 144 499 
4 38 426 1172 17 
35 25 1678 426 922 634 1677 101 27 754 1620 1483 214 826 374 1146 1188 132 444 1101 397 970 245 1411 865 1309 395 562 17 1510 802 1718 829 834 384 167 
13 106 1865 1193 814 426 69 17 185 1715 268 1305 883 1469 
17 1805 157 17 408 501 1739 1560 1798 1580 1880 351 816 925 1180 543 437 380 
11 426 695 1530 17 1401 1358 500 612 1465 836 25 
13 1540 909 192 166 812 1481 1775 17 984 426 1610 1715 1151 
7 1578 955 499 17 385 1146 1852 
6 1782 1106 858 17 203 1146 
7 39 1558 279 1631 522 499 17 
6 736 1157 17 1171 342 900 
3 17 1571 68 
4 1496 17 340 106 
2 17 1313 
4 658 883 17 93 
6 338 1150 17 153 1254 814 
6 1360 1453 165 927 1058 17 
1 17 
82 153 1307 106 857 154 1149 889 1325 172 583 457 1634 1832 571 287 1569 868 17 1167 1515 824 97 354 1439 1764 203 1568 1585 742 1120 989 1041 395 513 470 307 719 600 770 831 546 540 874 1467 429 1156 533 1852 1588 1111 1598 916 1608 1117 937 1627 1357 158 1668 227 1695 1275 200 25 44 132 1099 238 1571 221 50 524 614 1168 145 806 808 1338 1622 1400 321 521 
9 750 17 1105 858 229 267 205 540 1802 
8 106 413 17 18 307 1261 195 654 
7 861 522 307 585 17 350 1166 
8 1805 719 858 17 753 678 1395 871 
8 1864 869 1164 153 817 738 1449 17 
6 859 17 106 1492 126 1308 
4 698 691 1169 17 
7 17 600 231 1467 1784 251 229 
6 704 513 17 1147 562 736 
3 327 963 17 
5 1190 17 306 719 1510 
4 1842 17 860 500 
3 17 1799 1567 
4 251 17 840 1146 
4 173 1785 106 17 
3 17 1775 230 
14 1855 1516 1374 755 1782 414 893 17 1230 1319 1852 917 1815 860 
7 1573 1206 301 1312 624 17 1779 
9 274 1535 68 426 1169 25 1148 1568 17 
7 221 360 1124 170 17 499 1323 
9 17 153 1228 251 562 1894 712 147 1676 
6 736 1131 17 513 753 1861 
8 342 1664 1299 1203 17 1577 565 85 
5 1147 658 17 395 878 
7 1725 689 188 863 384 1884 17 
6 858 88 267 387 17 403 
4 470 166 17 1114 
5 1589 68 690 37 17 
5 1777 857 770 1146 17 
2 1100 17 
6 17 1860 136 458 203 678 
2 156 17 
8 17 199 1244 1519 1116 306 426 104 
4 1561 17 28 866 
3 17 525 1683 
2 1025 17 
1 17 
45 203 37 859 18 1510 713 853 97 764 1460 25 179 121 1782 1622 513 654 1572 267 1466 1844 204 719 1550 1383 562 802 812 940 335 1281 858 1061 1277 393 1465 52 136 908 954 960 283 739 570 1025 
22 18 27 53 1723 747 1798 154 1278 229 1167 726 861 1303 20 1818 376 441 106 1197 257 44 986 
6 18 668 471 1301 1843 604 
13 1674 522 42 1574 528 1116 515 18 1577 1618 941 283 1286 
12 27 1595 857 491 25 1193 1792 18 894 602 1112 161 
12 1348 113 293 1053 25 1169 368 18 1214 622 1051 167 
4 18 238 1334 59 
6 18 862 753 88 277 172 
3 1741 153 18 
1 18 
5 307 18 1150 1847 1596 
12 508 1677 205 475 1145 165 860 973 18 408 865 946 
21 1715 18 508 549 1570 1354 435 1290 350 1104 753 698 1129 229 118 928 44 122 341 774 404 
11 461 60 419 1570 863 120 290 338 1821 18 979 
13 859 106 475 690 881 1343 562 233 1669 499 18 851 879 
16 857 689 1362 993 86 1572 656 1304 858 18 44 1277 25 1315 780 776 
10 1573 151 1812 18 43 396 426 1534 774 1569 
12 868 44 18 894 468 224 1147 1164 420 916 385 437 
17 307 376 622 511 1194 1733 1208 1233 361 18 914 979 861 1511 891 25 939 
14 1304 18 40 126 901 37 296 1867 623 860 1501 1852 1822 456 
7 244 840 251 1399 18 70 853 
9 881 1539 50 1147 938 18 876 1825 1267 
10 18 605 426 618 1168 294 1661 1340 1216 267 
7 865 80 75 25 18 22 619 
9 887 1724 112 580 441 455 922 1860 18 
5 1851 1568 887 40 18 
9 1302 57 1706 820 153 25 1328 18 1505 
8 934 104 18 939 106 1391 1077 79 
5 971 1844 18 1100 896 
4 533 18 1115 861 
6 1107 1004 1009 488 1164 18 
9 141 18 1584 1847 1224 1127 1045 1588 106 
4 1777 681 18 1639 
4 1311 18 251 894 
3 25 546 18 
6 126 470 1037 1564 18 52 
5 1148 18 1348 1734 1106 
8 18 1100 35 485 426 908 797 1339 
4 752 674 306 18 
7 1053 1059 921 1221 18 1899 38 
3 251 1468 18 
11 251 106 307 1171 1672 857 1153 1154 858 18 847 
10 229 18 499 25 654 858 959 663 1810 268 
5 1846 891 18 658 153 
10 870 88 712 1055 68 18 1721 1787 440 294 
10 910 27 107 18 1049 753 1771 722 1849 19 
6 949 18 988 32 814 1470 
5 18 1743 153 1423 308 
2 654 18 
2 383 18 
4 18 459 1546 233 
2 18 730 
36 203 290 1580 1490 1765 1300 513 454 1862 231 925 1378 462 482 664 1114 171 440 1352 25 1856 1146 230 1315 71 1184 1299 772 106 18 1876 132 1610 1569 1784 913 
5 1475 943 18 1570 1719 
50 27 1849 1718 1106 1854 1178 829 1380 1407 1498 1274 523 126 1347 211 1038 293 1505 25 1192 411 153 343 973 600 1152 690 18 290 1305 1314 1161 642 170 500 816 81 564 1401 1240 1501 1570 865 1579 694 403 68 878 57 648 
9 1008 18 203 1792 965 1716 44 1148 1178 
6 730 615 18 1285 345 1599 
2 18 919 
58 153 106 461 887 138 1082 814 697 858 864 879 1718 1164 817 1534 717 158 1492 558 1793 1147 25 712 865 1150 230 1467 881 107 662 1109 586 438 1123 1387 100 33 831 18 882 455 26 1170 664 914 643 922 1118 957 743 971 254 1239 287 1465 736 55 203 
15 1303 126 270 1158 229 466 878 34 165 153 18 1302 1569 532 1573 
15 428 1452 858 53 80 211 1431 18 215 25 1103 690 1159 1834 1102 
19 289 27 1215 165 858 1821 726 976 1388 114 663 1083 950 214 983 18 146 1844 1395 
15 37 108 18 1336 1163 1733 430 251 658 814 1856 675 524 35 203 
23 863 901 1730 1667 661 1175 1176 241 119 269 681 336 1843 768 18 1613 1150 642 879 513 718 1790 143 
12 18 177 1320 1178 511 768 652 1696 1074 398 658 371 
10 1147 426 120 18 1716 754 1703 88 347 25 
9 1259 1569 1360 1157 153 1352 913 18 37 
8 1848 866 1465 1600 1510 18 229 230 
7 153 229 602 1471 325 18 280 
6 229 18 470 1514 891 532 
6 232 916 512 1032 18 1574 
9 297 1573 864 203 358 1470 18 1130 953 
6 18 126 513 508 475 342 
2 1870 18 
4 638 880 18 899 
3 503 18 662 
3 792 893 18 
4 18 1784 723 215 
7 937 1499 593 566 1848 1146 18 
7 68 18 24 857 283 307 1849 
4 18 107 1810 1278 
4 663 1202 18 632 
4 1197 1278 18 888 
3 18 1596 424 
3 18 1348 132 
2 899 18 
5 18 110 1102 1799 25 
5 1168 1318 18 496 889 
5 1859 857 770 1328 18 
7 1553 18 587 462 802 1159 615 
63 513 141 691 614 896 1362 1097 1569 654 660 752 842 1546 1163 118 1017 25 428 52 874 1102 1721 268 1651 515 1558 1414 435 126 88 1272 470 221 745 850 857 860 301 122 1586 239 1172 932 1227 1541 331 395 763 1862 1191 939 731 1216 590 306 18 455 144 873 1156 1718 155 907 
15 1302 569 508 1328 166 38 129 874 18 27 1113 690 705 1423 200 
12 1510 153 18 868 25 1612 163 1388 1811 866 1470 812 
14 126 1884 1468 18 1675 1726 1166 1326 1318 1114 1159 141 1487 722 
7 139 309 831 203 470 18 654 
6 730 863 549 857 1467 18 
7 1534 971 1717 1546 18 106 126 
3 18 658 1299 
9 421 612 288 68 18 341 69 122 569 
5 18 1395 153 165 212 
7 18 161 79 179 1191 162 38 
8 870 197 206 1894 18 1609 426 1191 
6 153 307 18 319 56 243 
5 1632 203 25 238 18 
4 1151 1880 18 571 
5 308 691 18 274 1213 
2 18 307 
3 18 1594 229 
4 1545 18 153 1468 
6 1822 1720 492 18 44 229 
5 18 1710 449 912 861 
6 1079 1443 719 18 862 1565 
28 230 874 1783 832 22 426 1725 1333 1598 644 1523 27 18 270 1112 110 1253 658 717 583 79 730 955 814 1318 462 44 1299 
9 814 600 287 18 1288 1782 459 58 120 
7 18 1084 475 1104 203 1387 25 
6 1840 18 1836 37 1744 269 
7 1845 342 18 1599 1580 857 27 
12 1164 91 287 119 1028 1775 153 301 19 1748 712 658 
8 19 1806 728 663 1174 82 408 1715 
74 121 1842 1569 476 1636 1655 25 68 1100 866 1101 879 1720 1325 1534 503 1827 242 385 498 1674 495 1568 70 1211 1039 44 600 1301 540 871 1717 836 1593 172 566 1201 1359 1374 1660 190 1668 1498 757 1050 334 499 1573 324 39 115 913 1183 1606 130 573 426 274 1327 1146 1217 1144 165 1572 338 80 268 839 996 711 562 859 525 19 
3 1670 170 19 
3 396 19 885 
13 166 645 693 19 1125 1289 1572 1239 38 1782 126 25 44 
8 290 677 19 343 229 1575 1151 757 
5 513 403 477 1301 19 
6 1186 139 1847 19 95 155 
7 858 601 661 1572 19 914 20 
7 1623 1655 93 1416 19 1520 25 
5 1574 1660 81 19 718 
3 19 53 520 
96 25 461 55 1546 771 1462 153 306 287 68 1099 1569 1843 1844 290 871 434 454 1157 1581 1312 111 745 344 1614 809 951 954 1387 785 1244 656 651 1048 480 1713 395 44 141 859 873 1720 814 712 32 174 963 106 1303 1545 882 1313 817 73 463 343 240 1537 217 1780 426 27 865 868 1717 816 1861 695 1343 1347 1895 1409 1418 1512 499 770 862 1578 1849 1107 1783 911 19 1536 1551 1375 1031 338 339 139 929 1117 1659 389 1426 1457 
7 426 1466 938 876 690 1624 19 
10 1168 1265 111 1861 1860 1546 138 120 19 203 
7 19 1005 69 115 1586 822 27 
4 861 19 126 251 
5 106 19 1031 1716 858 
43 203 294 1588 1189 584 554 261 858 658 308 1156 454 1888 472 743 1801 527 1402 1412 441 439 106 166 885 1315 1167 1190 241 25 1622 861 1510 1161 19 128 1505 1572 32 763 341 1369 969 571 
6 106 804 1627 1523 19 1307 
6 1338 1717 567 408 19 153 
5 600 745 426 1234 19 
2 1337 19 
5 19 1377 1784 1529 892 
7 37 866 19 375 426 500 562 
8 165 1009 658 19 736 140 1187 1254 
3 1716 290 19 
17 874 280 1601 1871 690 502 1303 1173 19 238 377 395 106 184 730 423 739 
4 1112 114 433 20 
6 1512 601 126 429 20 202 
5 1430 1609 1495 123 20 
6 499 25 20 100 44 1299 
26 434 203 896 897 563 1337 1735 1272 25 1483 294 482 1434 1843 206 467 426 1597 126 877 20 451 1318 1725 1845 153 
4 1844 1041 20 1822 
14 466 842 32 1611 1059 121 690 524 857 324 20 1203 1247 638 
18 872 364 513 882 475 522 645 461 584 566 607 858 910 612 433 20 456 1833 
8 546 1597 665 941 920 20 329 1259 
4 579 1590 20 1112 
5 96 1866 1892 283 20 
4 719 20 1281 723 
5 20 1872 344 1148 165 
2 20 869 
4 426 1505 20 89 
35 106 780 1534 1508 25 308 1569 1168 1857 1614 1732 1625 1877 865 1726 1182 1707 1099 1308 1821 863 1599 1301 203 204 20 397 1108 1784 922 928 253 1744 1835 1568 
19 1308 318 1859 1608 53 25 967 192 1270 278 1768 524 888 1864 863 497 20 379 763 
16 865 980 1568 221 762 175 1625 514 1540 853 1333 1745 690 20 178 736 
7 198 914 106 864 20 600 1858 
4 20 25 869 58 
5 20 906 454 198 381 
4 1852 825 1449 20 
5 1858 663 664 20 1477 
4 910 1099 20 1610 
50 25 859 38 1196 591 125 814 68 1301 864 20 1718 805 41 379 311 952 1883 282 1268 1524 688 730 1145 1784 1203 1595 126 1099 1610 130 1126 1426 44 1100 870 1166 369 1406 562 1821 901 365 785 513 831 869 1578 944 1894 
3 730 20 502 
18 652 287 1792 911 275 1680 153 1670 141 526 1775 1304 344 20 1844 238 512 169 
4 1145 290 1308 20 
11 109 1691 20 616 132 107 1606 1354 371 52 612 
3 20 1648 423 
8 1545 1149 615 306 20 68 242 1503 
8 1157 1114 106 915 165 1715 20 132 
6 20 73 956 148 106 230 
19 814 113 857 1719 982 313 1243 859 1237 1465 20 853 153 309 162 1846 34 106 1149 
14 1312 229 1786 1846 1115 1106 512 615 1888 761 462 377 1608 20 
8 1325 869 1175 20 68 381 1322 395 
3 861 20 1822 
6 876 20 307 814 506 1310 
4 106 1783 20 1155 
7 1477 1265 951 1752 730 20 770 
4 20 1313 838 1421 
5 1559 449 1762 1300 20 
6 389 20 1515 295 1849 38 
2 274 20 
13 499 25 475 20 859 132 1598 1611 176 933 1735 1247 101 
6 1304 1640 1302 126 1316 20 
6 20 27 1568 676 152 1338 
3 1146 23 20 
4 797 20 1165 475 
17 1855 160 921 294 1193 426 1466 269 1048 395 1210 903 923 1835 125 280 21 
13 1160 1510 1858 1088 470 1556 203 1725 106 1177 21 37 1240 
17 1570 1715 1252 637 170 794 1724 1615 1589 21 434 141 968 437 1288 905 1815 
11 461 397 859 1537 203 1599 371 338 33 449 21 
2 1101 21 
4 21 462 1299 905 
8 106 857 38 21 153 328 946 1340 
20 395 600 1319 21 1050 25 546 1220 128 523 947 437 324 1785 126 1474 1268 814 689 875 
3 1646 21 433 
4 44 1843 737 21 
12 324 491 770 1304 858 240 52 40 897 475 21 165 
12 562 338 1102 860 888 1781 1300 1193 1158 21 292 868 
5 909 1570 25 21 251 
7 1821 38 905 144 37 21 562 
5 730 1476 395 22 37 
7 37 449 1377 1403 1668 400 22 
4 1467 22 295 1584 
12 1572 893 443 1307 1420 692 1880 1254 600 550 418 22 
2 22 1893 
63 866 44 1340 1489 559 264 203 307 658 408 1782 712 267 1310 142 1850 1587 916 1603 1181 460 1116 1623 783 453 60 64 1682 857 165 1495 1608 841 646 1836 431 1091 730 863 1378 839 22 426 770 238 398 713 662 244 1693 136 416 106 306 523 1308 1101 802 779 547 450 913 919 
6 1498 509 836 82 1057 22 
18 654 428 1833 229 1147 927 1616 276 22 1021 730 548 1113 1732 1550 540 1536 837 
10 830 37 153 22 1572 658 1896 730 567 1247 
5 522 1865 22 1209 274 
7 1757 1086 267 164 120 23 338 
12 861 23 626 1029 1715 54 1737 420 1438 1546 1887 292 
5 23 270 157 1587 1545 
16 1300 1011 540 733 525 120 1591 37 1171 497 1023 23 50 471 1479 970 
16 1737 154 320 106 497 23 468 345 1314 983 337 168 532 1474 1026 237 
9 1173 213 843 1514 1810 562 121 433 23 
4 767 23 73 461 
5 395 546 177 23 1052 
3 1456 307 23 
6 25 857 377 23 523 499 
9 654 1384 546 1214 1799 1702 938 23 1547 
9 817 339 1354 1198 1369 891 1474 23 301 
18 770 1707 106 694 1110 1705 306 25 1150 1842 122 658 860 24 562 989 475 1782 
7 523 927 1212 24 913 986 712 
6 113 1018 24 1846 538 1894 
8 1717 121 546 1305 1607 24 45 1316 
2 861 24 
23 1545 206 81 466 351 339 902 1732 255 815 499 1333 24 1365 1782 1799 719 549 972 1481 859 296 1195 
8 1352 24 1866 1489 1133 847 1500 816 
7 27 395 1864 307 1873 786 24 
8 338 1342 719 24 448 858 814 1805 
27 859 1626 1048 27 1267 166 499 40 279 24 1770 203 1308 1249 378 1145 620 1625 261 576 395 894 251 1179 135 1411 1499 
3 24 814 340 
12 115 752 1157 1100 1505 106 203 690 37 1152 24 1034 
6 24 1779 1591 1305 824 27 
5 499 426 1103 38 24 
3 24 1118 1376 
11 1537 1343 210 24 120 25 1871 343 1572 106 1659 
11 936 24 1828 1592 153 1233 201 641 25 429 837 
3 24 47 120 
4 251 857 24 111 
3 141 24 690 
9 901 24 306 892 614 204 859 529 27 
2 1363 24 
15 600 483 24 1519 1389 882 1015 153 620 1030 1714 763 779 1130 467 
2 24 27 
5 229 508 1309 24 1844 
10 395 1572 1353 88 983 279 880 145 24 1146 
100 25 814 461 542 1759 716 106 153 1145 690 79 47 1845 874 752 615 1584 1724 442 604 496 1868 369 1647 828 679 1565 27 229 121 287 238 862 1821 1306 875 879 1104 1852 641 1179 222 695 1727 1486 1365 1643 591 1806 688 202 1616 203 562 499 858 37 68 508 251 522 869 1303 1304 375 872 295 1581 500 206 904 1114 208 1189 1194 1785 801 1484 1886 1211 986 849 1277 1282 1094 426 449 860 459 779 1314 1720 1338 1813 351 1384 1237 1776 1480 934 
86 203 1805 600 736 396 1848 615 123 1202 1429 126 1301 33 1847 1169 44 238 658 482 1846 80 753 1511 642 661 889 912 496 491 1869 1477 1626 211 214 1394 86 1282 165 428 306 37 839 262 857 153 867 1576 660 1709 25 368 1099 1842 79 871 270 252 887 1322 1860 1175 563 945 457 566 514 963 726 588 735 1528 1843 1303 805 641 1316 1586 509 552 1800 263 1423 359 285 309 138 
45 600 482 396 614 790 326 1894 1222 203 730 836 106 341 153 861 851 719 25 462 510 113 1235 449 840 779 1471 81 1615 503 348 317 893 975 246 770 1852 1719 1317 894 913 798 934 1891 568 292 
32 857 1222 306 376 1511 806 475 1573 1618 449 831 456 469 574 25 1513 106 579 690 619 1593 153 611 399 1733 1328 126 871 877 510 1358 1131 
43 408 1103 565 859 736 782 1571 120 890 1336 929 1203 629 160 305 835 1572 69 889 1329 1862 820 1786 734 297 973 1132 106 512 258 1637 710 25 1251 37 165 70 1872 226 1284 601 618 1262 
32 27 106 69 1718 1330 607 61 126 154 910 456 942 192 730 272 864 221 1846 532 1169 1589 1474 1812 1287 711 523 922 25 857 294 466 508 
41 106 899 49 162 814 906 25 341 663 695 94 1619 1304 497 998 153 762 1328 1342 1883 1893 1658 82 587 308 613 177 1813 203 761 1777 1315 1317 1107 1855 503 1552 1656 1499 1046 1146 
26 770 881 449 1609 49 1572 658 519 297 25 671 1311 54 764 470 111 977 507 153 974 1135 252 1485 862 122 1550 
52 654 874 429 1224 1259 1267 730 324 1304 1853 763 623 1146 25 1148 1569 532 459 1745 658 611 71 1327 1109 145 1113 223 1350 519 492 1830 1837 1051 220 1299 761 914 1873 1486 992 1833 1095 462 1845 499 47 546 1843 375 512 1318 1452 
34 692 130 814 940 382 126 91 667 108 1421 1068 106 167 1015 1145 870 1854 76 596 165 34 742 319 1138 25 1187 1473 1146 1572 719 1307 258 1484 35 
19 203 1594 153 426 468 505 126 508 73 1361 1395 858 25 513 204 888 1641 1062 1146 
29 126 219 1462 1155 302 1344 1731 351 1492 226 730 1845 1596 806 962 25 79 1858 183 153 692 562 617 980 44 310 121 1792 1141 
22 166 1799 781 281 981 1264 770 120 759 408 155 169 857 1016 25 567 37 1466 883 307 903 765 
15 770 1174 457 44 701 136 1568 644 866 25 426 1313 491 1533 399 
16 1301 449 730 144 719 1721 293 858 25 1779 121 1050 126 405 860 566 
20 1704 25 1863 1177 1810 419 408 1403 753 450 106 1847 857 877 1103 375 1308 1338 1367 1502 
28 1301 989 155 169 1310 429 1716 1323 523 295 1717 451 542 933 263 1390 25 730 690 1846 1184 381 1522 52 1647 1401 1781 1063 
22 338 857 1310 691 745 1607 25 690 1233 229 1284 712 562 875 532 205 1163 275 1633 1099 455 865 
15 857 308 89 212 523 1313 301 25 50 802 27 1350 874 983 121 
20 731 1103 1536 526 185 1562 287 129 1844 783 1299 1377 1568 1020 1306 270 25 621 970 152 
12 860 897 441 872 107 37 287 1782 153 25 1112 750 
18 294 1571 913 654 25 1101 586 1751 1147 914 74 1830 1406 338 499 449 923 659 
12 1148 153 658 908 1576 719 857 1461 614 513 25 663 
11 94 50 455 203 120 153 251 25 856 674 1412 
13 25 426 1572 1842 621 864 614 1465 120 1373 106 1585 658 
18 658 25 1618 730 402 165 111 753 1165 1518 1299 1307 156 853 423 50 1572 1614 
16 499 1548 458 547 416 315 1782 1159 1299 25 1044 1433 540 1197 558 869 
10 1580 126 1204 268 1197 1375 298 1768 25 408 
17 204 25 1592 1301 470 1106 891 126 128 736 148 1512 1325 1687 721 1595 1739 
13 25 1568 1623 513 397 1857 27 141 241 1281 375 38 1111 
13 658 25 1231 1101 109 625 47 1026 106 340 345 858 624 
12 762 25 48 806 1881 1037 682 1580 1148 1664 1146 867 
11 25 562 858 1456 1316 861 150 687 1153 1173 310 
12 1578 426 1308 861 240 1866 1695 1168 25 296 1730 1682 
14 205 669 407 618 1324 643 1453 1468 1685 885 1154 25 830 274 
11 741 1611 1721 931 1149 509 532 851 95 116 25 
11 1362 25 579 499 1147 812 961 426 1107 859 676 
14 165 408 27 1307 840 604 1127 25 617 920 527 633 454 859 
11 203 918 1201 126 1693 1584 376 1623 25 178 1588 
14 1154 1715 1615 690 349 58 433 412 628 750 25 106 145 1482 
9 805 492 1396 106 877 306 397 25 750 
12 426 25 508 1142 1725 1647 1246 1846 306 273 132 1057 
16 141 1827 1299 25 910 368 1155 107 685 863 911 949 952 1217 674 1322 
11 523 25 377 53 120 241 307 554 153 121 1035 
14 533 311 663 851 1187 1043 619 770 532 518 25 1874 275 1238 
6 1542 508 836 25 1690 1127 
13 869 1308 1276 795 92 1145 457 1114 458 1889 25 1641 1869 
4 106 857 25 529 
8 203 1310 25 126 800 508 797 808 
8 168 766 1697 541 1334 25 500 863 
4 25 40 690 27 
8 25 1110 1030 934 637 600 1741 879 
12 25 807 203 919 550 1164 63 306 270 960 1205 1150 
8 25 753 862 645 899 156 769 1894 
13 165 396 1019 238 142 730 25 1368 1287 899 1848 330 772 
12 1619 429 25 858 255 710 423 499 1585 267 938 93 
17 859 141 652 1184 1510 666 878 368 1340 719 1724 814 832 51 1239 474 25 
17 726 1288 878 468 372 865 658 1650 618 258 764 1841 136 27 25 1634 428 
5 777 25 442 1299 1168 
8 562 617 25 814 931 1145 1721 670 
7 395 25 462 513 106 579 410 
10 203 178 128 1162 25 27 1486 895 1158 1228 
8 27 657 909 1177 814 413 287 25 
13 1167 172 25 114 1722 1152 106 894 754 256 462 1667 1280 
11 1149 1481 1782 1003 1309 25 795 1375 1748 639 203 
9 25 658 862 761 624 978 546 1310 251 
7 1153 1547 25 878 221 106 795 
8 25 1705 1573 475 151 141 1572 1041 
10 548 172 25 1174 1308 44 1739 290 652 1168 
5 25 525 433 38 261 
9 1861 560 426 816 1375 25 1146 832 1725 
8 255 25 1320 1147 1707 213 761 612 
8 1865 41 861 730 25 1153 1589 1312 
5 433 88 25 1823 1230 
10 123 25 26 493 449 1761 916 892 1158 1196 
8 126 58 1821 382 25 690 429 1679 
12 1308 1716 934 1731 1480 1055 25 790 873 343 1486 1889 
9 908 267 25 627 933 857 1891 976 859 
6 1607 141 25 383 203 287 
11 502 847 1630 1009 69 1157 458 1784 395 1343 25 
5 25 1512 1150 678 562 
12 1308 1557 829 473 25 912 731 350 322 621 385 1896 
10 25 690 153 1644 618 1212 627 1544 1583 1519 
8 203 492 1414 1163 600 866 204 25 
16 251 68 116 153 303 25 144 1737 1258 754 1007 134 1703 603 49 1718 
8 267 1477 25 862 1724 485 1538 1284 
6 1105 346 653 1562 1157 25 
8 429 25 203 1155 27 1829 770 1084 
9 25 1150 1119 355 1225 1097 858 1864 1100 
5 611 25 377 801 532 
4 802 1748 126 25 
7 1034 25 37 956 147 1511 267 
7 646 267 25 1153 1372 1177 899 
7 661 25 434 376 214 178 1847 
10 25 229 785 730 1545 1822 68 1132 1786 299 
6 770 25 1570 899 1161 408 
5 126 671 1153 540 25 
7 25 1113 600 1570 730 165 1568 
9 1302 513 25 1160 475 63 551 987 712 
7 27 99 948 25 778 1107 1871 
6 143 658 25 106 306 1066 
10 1102 1571 1358 1559 229 1148 1454 25 93 277 
5 339 642 1208 1293 25 
7 1474 1400 909 1170 25 600 395 
3 1574 893 25 
6 1576 868 73 1848 25 1192 
10 858 730 1308 572 1718 461 381 106 1431 25 
6 1727 25 34 1230 426 520 
6 244 1535 655 1326 25 1207 
6 25 1845 107 1699 451 1175 
5 25 1304 1523 762 1315 
5 341 1057 25 797 1510 
8 736 51 470 106 126 1846 25 229 
4 876 546 822 25 
6 628 658 430 1122 696 25 
6 25 1862 836 229 1222 212 
8 861 611 654 398 1120 165 25 463 
6 25 80 1398 531 864 106 
7 1193 25 1567 859 153 106 408 
6 934 25 661 1571 307 429 
4 25 106 864 522 
3 922 106 25 
7 25 1200 1147 613 618 165 1667 
7 868 92 1853 1781 1860 25 763 
6 1316 44 37 869 229 25 
6 1215 1484 779 1717 1412 25 
6 823 856 439 875 25 661 
6 25 550 510 126 1479 27 
4 25 41 1217 106 
10 106 25 1626 1224 319 832 601 515 1498 857 
3 153 955 25 
3 25 646 153 
6 562 25 873 73 380 831 
7 122 1103 222 206 25 540 1829 
5 1079 25 1109 1191 1719 
8 230 1803 1728 1216 1377 25 1782 865 
4 615 514 25 238 
5 25 1213 1304 1857 1024 
1 25 
4 1145 203 25 719 
4 254 57 1147 25 
5 863 165 1821 1145 25 
4 1377 1814 25 153 
2 428 25 
6 1149 204 25 68 1614 268 
5 231 395 1641 132 25 
5 1118 921 25 1168 485 
7 1782 203 25 1719 630 1836 1317 
6 69 25 106 1641 733 1570 
9 25 1883 372 536 1099 1314 77 1067 57 
4 1865 25 1743 941 
5 655 165 25 1468 141 
6 25 1822 630 106 936 743 
6 1463 434 25 127 1152 1493 
3 1846 25 822 
3 25 1862 469 
3 1466 1718 25 
6 238 1504 25 324 1591 1180 
4 126 25 853 866 
5 869 153 403 25 168 
6 409 66 25 438 426 690 
5 25 122 434 833 508 
5 482 25 267 122 911 
5 1482 111 25 229 876 
4 816 25 134 1173 
4 479 25 264 1608 
4 25 1061 1194 822 
3 994 1572 25 
6 25 428 1245 598 600 541 
5 1288 25 887 823 1569 
4 53 25 27 188 
5 1163 717 1579 25 1406 
4 25 820 470 414 
5 25 470 132 908 853 
4 25 730 735 204 
7 1101 229 73 233 670 25 532 
4 1147 106 105 25 
5 1157 842 138 25 948 
4 26 900 1175 25 
4 502 1116 25 1829 
5 25 395 635 888 440 
3 654 25 461 
3 25 203 719 
5 1582 488 1657 1848 25 
5 81 751 25 562 924 
4 25 375 1846 1507 
3 25 901 482 
2 883 25 
5 631 25 53 247 1805 
7 25 1122 1189 26 1112 863 1388 
5 52 79 25 139 109 
6 730 25 126 795 27 840 
4 25 1062 645 1782 
6 1441 802 871 1824 719 25 
6 25 605 1187 865 480 1399 
5 1572 25 826 318 1792 
7 1854 229 25 605 216 639 251 
3 165 449 25 
5 933 238 644 1210 25 
3 25 229 1783 
5 898 25 380 815 968 
7 1448 1843 25 60 560 1757 321 
6 752 639 1572 306 25 147 
5 106 25 378 459 1406 
6 499 600 25 1190 1023 167 
4 25 1322 867 1049 
5 79 1524 873 504 25 
2 25 1577 
3 153 426 25 
4 1159 282 25 957 
3 25 1006 1206 
4 1800 866 1874 25 
2 25 165 
5 25 119 1163 106 54 
4 263 25 1821 294 
2 25 1349 
1 25 
6 136 664 1570 25 1105 1649 
4 25 132 1315 60 
4 274 203 25 1097 
4 25 181 627 375 
2 361 25 
4 711 991 1380 25 
3 1212 25 111 
3 25 1718 1309 
3 658 25 27 
4 459 108 661 25 
4 25 238 714 944 
3 1580 25 1854 
4 819 1427 25 1402 
2 523 25 
3 1408 796 25 
3 308 1159 25 
5 1612 395 1784 1588 25 
5 174 1871 429 25 814 
3 1340 1805 25 
3 207 1513 25 
4 1366 25 857 1105 
5 127 865 166 1103 25 
4 395 106 1218 25 
7 290 481 25 945 238 1076 690 
3 37 1106 25 
28 730 761 1302 1150 874 1310 143 1164 156 460 1824 485 1816 529 1791 25 770 562 1147 1814 494 769 426 1441 121 1877 1006 858 
43 27 1319 364 25 482 1577 239 1594 719 462 1847 379 945 1527 1483 524 1639 842 181 770 1870 1413 592 203 513 375 52 1340 424 475 324 1149 1158 168 1610 1479 628 1742 1405 1779 637 195 317 
21 719 1581 1750 799 203 1032 449 523 546 887 32 1860 336 814 1111 25 120 37 878 1327 207 
20 690 455 1145 338 1892 686 426 806 1283 168 1322 958 1703 25 141 79 660 533 157 114 
21 1851 499 290 660 861 872 106 876 990 422 25 397 1432 1095 221 424 844 203 1181 1431 1302 
8 1848 612 714 449 857 1303 1299 25 
10 153 1074 50 25 943 563 267 106 1331 1094 
16 1300 25 1171 636 126 106 780 552 885 1516 159 654 93 1569 1616 1098 
14 141 630 893 956 78 25 211 106 1729 1568 863 1535 730 52 
13 53 106 462 469 434 25 761 1854 1672 229 461 276 80 
12 306 991 1796 25 865 475 658 268 1201 1565 203 1156 
12 831 1547 908 1522 1724 170 25 106 532 126 212 266 
8 1845 562 25 1546 274 886 1101 1394 
16 1156 223 604 755 426 79 877 1136 524 1243 25 1127 712 375 1046 746 
11 816 865 42 954 691 1842 25 426 1525 1304 1572 
13 106 25 652 777 1293 903 258 229 857 1563 693 1608 589 
6 121 780 250 1738 25 629 
7 603 327 814 595 1572 25 1036 
5 107 25 730 1364 562 
12 25 1490 845 1306 1189 513 658 342 1003 1401 1580 1198 
5 1611 945 1471 52 25 
8 25 387 973 190 359 562 357 251 
7 173 341 499 132 1149 1308 25 
10 25 1715 193 532 141 522 971 441 1046 513 
6 1568 290 25 114 658 1872 
6 25 582 1309 1155 1885 284 
6 1882 722 25 203 1226 1271 
8 216 310 25 1853 770 306 1320 1159 
8 1598 1112 902 894 25 459 631 1493 
4 25 426 33 1155 
4 612 25 261 540 
7 1345 414 25 853 55 671 247 
9 1302 459 1602 165 584 1548 860 338 25 
5 25 138 861 1630 951 
5 25 1201 1579 1569 837 
5 1170 1789 1590 69 25 
5 1266 1452 864 25 1612 
4 1148 1112 1282 25 
3 1546 25 144 
5 142 1312 866 1156 25 
4 27 428 25 142 
3 56 25 277 
4 25 106 1304 868 
4 25 395 1170 898 
2 25 1842 
3 27 25 719 
46 203 106 1800 245 189 857 540 996 770 154 107 1469 25 120 866 1102 1309 111 1586 1724 1856 773 916 208 1728 1731 253 1204 1633 1213 1227 998 444 470 1466 611 840 1862 1261 153 523 426 903 310 499 1604 
57 106 546 1416 426 866 151 1314 1164 509 551 591 1669 513 719 462 1573 652 867 1576 1583 55 26 1784 136 109 1188 927 1731 1218 1223 415 528 793 535 373 228 1533 27 1805 68 888 59 678 470 1301 865 1808 472 576 1297 856 25 290 342 863 447 552 
56 508 1465 1466 1152 440 979 1541 1683 1684 1099 38 80 231 621 928 1033 25 816 438 481 470 1420 27 658 338 1847 878 1312 1161 893 617 586 1813 997 1419 50 461 429 1858 1726 319 281 571 37 106 1573 1844 89 1323 1172 1173 665 1361 1745 1549 1451 
33 27 879 958 58 1154 396 118 888 1723 1333 1609 1610 218 636 1136 758 523 120 25 1213 1570 473 53 581 1332 655 311 1619 1753 1562 1837 865 1607 
25 25 921 1732 562 1575 779 776 495 141 1121 1100 499 106 126 1460 121 892 500 1599 1204 1001 1572 69 92 1629 
20 831 434 658 1218 1303 25 1326 909 937 1352 1099 106 945 1634 1502 610 126 663 1822 559 
22 550 1370 106 55 98 232 1510 1157 111 156 1822 1809 1602 723 1377 704 194 1709 499 1299 154 25 
20 426 842 654 1147 1808 1596 25 74 1490 499 295 1330 57 1010 106 141 1398 251 920 79 
21 25 1659 1843 641 1497 1721 106 1569 889 365 949 1640 229 501 923 929 953 1827 467 428 153 
16 461 398 306 106 1302 153 166 641 296 1148 141 896 25 132 891 1430 
23 153 1332 1620 25 342 1865 868 899 287 1336 1128 106 454 173 383 784 290 482 1511 26 944 1124 1450 
15 44 1562 102 736 25 309 410 366 690 1112 153 1138 562 1109 79 
28 730 1855 526 554 79 1545 777 120 842 1866 386 100 1528 1151 412 513 153 168 666 936 473 508 943 44 1034 106 325 25 
21 221 1341 1581 169 918 931 1388 1257 197 659 524 1316 1604 360 25 306 1314 1512 806 1100 380 
18 499 1497 470 1169 1126 1089 523 68 660 1066 883 693 1336 689 1518 60 435 25 
16 955 1494 111 796 96 395 388 25 1379 126 1162 379 1677 1818 1426 513 
9 25 1626 952 654 1722 479 1147 736 433 
14 126 918 1838 1160 395 513 1666 25 227 301 1396 151 1729 216 
11 690 662 1028 1070 25 203 940 1477 874 513 1372 
18 717 1099 483 658 267 617 398 1146 909 630 25 567 1519 1487 1433 1847 306 1302 
7 426 25 882 794 88 433 1466 
24 499 1641 25 82 1625 1831 396 1205 1510 693 1169 1175 1335 1259 770 73 241 1715 1724 123 565 221 1303 1399 
9 736 38 920 25 306 1821 601 145 562 
24 761 476 915 401 231 1824 1540 1003 687 1706 1314 122 25 890 37 925 539 91 622 413 732 1400 1443 562 
14 1166 605 165 1740 581 1874 862 1331 569 25 1829 1159 858 426 
14 1510 1301 25 1797 506 1142 133 27 960 658 116 149 1134 1694 
8 1106 822 25 554 641 111 154 1366 
8 690 34 545 25 1250 1147 400 47 
12 133 889 745 1604 824 1021 25 1147 1465 1864 1797 1476 
8 870 475 37 925 718 25 1893 1500 
11 663 1717 25 858 1166 1627 426 781 966 1035 1485 
6 25 663 1572 1849 426 385 
10 203 25 1585 146 261 919 1568 949 796 872 
5 25 1403 655 654 664 
6 1724 25 68 1677 840 857 
8 25 1014 324 1621 195 27 548 68 
7 126 814 1103 1719 307 1758 25 
6 761 1466 1471 434 25 50 
5 307 719 440 467 25 
6 89 25 1843 652 873 913 
10 1844 1568 1322 404 426 1589 1309 25 1200 1645 
7 339 1442 25 1305 725 1842 1335 
12 25 866 743 1219 1667 1051 901 1813 232 1824 287 47 
8 274 1343 546 395 270 132 25 1146 
13 327 25 1046 1845 736 1118 1622 296 52 270 857 544 69 
9 25 115 1388 573 1061 1340 736 1465 1197 
9 25 513 701 125 991 431 690 325 700 
7 1715 25 1413 106 1581 962 654 
7 795 25 1852 975 547 604 806 
6 857 1023 25 33 618 1708 
7 426 126 141 294 836 25 310 
6 461 770 172 25 931 107 
8 426 682 601 884 883 121 25 1190 
5 68 153 830 25 1118 
7 126 523 396 395 1310 173 25 
6 1579 1185 1627 426 25 979 
9 1850 106 1512 1133 895 25 719 1435 1109 
7 858 1657 126 25 106 681 48 
7 344 585 25 1459 752 861 770 
5 884 25 1877 1149 1145 
6 1166 25 1780 27 909 165 
7 580 1850 37 319 1067 1570 25 
6 25 340 965 1847 1739 221 
8 268 27 25 48 618 535 959 129 
5 106 25 426 818 267 
5 1055 106 32 795 25 
6 447 1693 719 857 1245 25 
7 446 1615 1080 25 832 459 939 
6 1148 705 25 994 1145 290 
5 829 106 1859 605 25 
4 203 661 25 982 
7 622 1808 690 25 992 1776 1404 
7 899 719 126 985 1881 55 25 
9 1319 25 352 1096 1146 1150 1817 1631 423 
4 1304 25 1187 1363 
5 25 324 1682 376 802 
4 1317 25 639 462 
9 972 860 107 1305 1304 859 25 1671 238 
3 25 1146 1301 
6 865 986 1420 631 338 25 
5 25 1717 945 543 1231 
6 1125 25 375 166 126 462 
4 1301 25 690 1145 
6 583 25 1822 165 27 918 
5 25 302 1853 426 1785 
5 964 25 1564 930 579 
7 423 887 1801 1225 25 1759 287 
3 25 1309 533 
6 874 618 25 1332 155 847 
7 48 513 106 739 410 501 25 
5 1375 25 126 859 1577 
4 153 25 1485 1655 
6 857 1734 25 88 779 1569 
4 462 901 522 25 
6 25 658 499 913 722 238 
6 654 796 82 25 1630 211 
4 27 1299 426 25 
3 25 1300 1844 
4 25 779 485 1112 
5 1851 80 595 730 25 
6 25 1211 71 458 1025 1769 
5 470 25 181 1693 898 
7 817 167 25 1863 790 752 283 
3 25 523 1469 
6 840 317 1842 25 309 203 
3 541 25 1172 
5 861 45 1641 170 25 
6 44 797 25 1724 278 27 
5 1584 25 1490 53 712 
7 36 1622 279 25 743 559 812 
5 47 68 470 25 421 
2 25 429 
7 1158 1876 342 1585 25 37 132 
3 1318 25 941 
6 25 754 1166 865 174 666 
3 25 388 27 
7 25 444 1145 1679 257 1300 564 
8 1419 392 1510 25 1766 1842 1655 861 
5 1643 1578 25 1611 246 
4 869 95 25 327 
4 1643 25 785 732 
6 383 454 1135 25 88 1872 
4 865 25 621 840 
4 770 25 802 423 
6 1479 25 425 1407 174 68 
2 25 762 
3 177 1125 25 
4 750 25 307 690 
5 1737 1405 1853 37 25 
3 25 1842 654 
5 562 75 165 25 1471 
4 1574 169 903 25 
6 615 25 600 122 499 857 
4 680 25 601 682 
5 1302 57 25 37 1792 
2 920 25 
5 1570 886 25 600 757 
7 857 25 165 1136 858 229 398 
4 68 1857 25 1102 
6 874 942 861 149 367 25 
2 25 656 
5 279 1683 25 91 603 
5 1587 25 911 1301 862 
6 713 797 914 25 1026 167 
6 25 502 1355 722 1569 479 
4 25 497 612 338 
2 462 25 
2 25 206 
6 25 959 1114 1545 501 462 
4 171 1820 25 470 
3 25 1473 143 
2 25 1571 
3 1575 25 1146 
3 25 87 290 
45 307 1514 45 1638 1673 538 749 37 523 1104 899 1620 1816 25 1850 242 1241 27 1569 462 876 585 228 203 865 151 883 1619 1843 712 652 1151 882 1325 1344 1477 697 185 372 426 800 103 106 306 915 
37 153 401 1728 513 1573 1261 44 822 475 88 1308 1106 1587 806 273 1639 1400 1543 121 54 81 424 350 1897 61 68 400 189 25 508 652 1715 1579 1600 1663 787 1242 
31 719 482 114 873 40 885 602 1170 1864 440 517 273 724 1885 1695 1287 25 1571 761 142 346 1227 165 153 1223 1146 770 1844 871 106 858 
28 1099 106 504 25 1103 659 1154 691 791 438 1756 300 27 1723 626 1131 221 203 1887 1279 524 1581 1164 1859 1604 384 513 955 
23 408 1791 25 601 1166 155 183 393 153 745 857 1880 730 165 1150 39 1580 1595 1351 27 1104 858 659 
24 25 88 772 1113 1490 994 1844 1222 475 865 156 267 805 47 857 1851 1600 791 967 1219 1141 863 615 619 
17 106 25 547 91 1823 451 1782 500 1186 834 1222 1435 44 523 290 843 654 
16 25 1851 499 106 1525 1569 857 61 33 1643 1773 523 461 876 1118 1549 
20 68 562 866 27 1799 73 1873 1432 894 812 737 25 1346 882 1510 253 203 106 240 1428 
28 933 383 963 1544 1807 126 762 1300 761 295 1868 925 938 1121 568 1491 872 773 1335 165 890 124 461 814 25 840 903 1750 
17 546 921 1185 1145 229 141 1124 221 1787 1232 1568 1081 25 1691 855 106 1353 
20 165 353 874 1467 1099 873 25 106 1586 421 814 1853 1199 783 1580 905 922 158 1402 1834 
13 522 38 1718 1345 864 95 1570 132 120 633 1842 25 1838 
21 1147 1726 1321 1879 106 929 1378 25 340 1783 780 580 1385 1138 116 1838 513 1808 1624 730 1431 
19 730 1424 426 870 1812 27 25 1606 1801 557 106 1782 56 203 451 786 875 70 307 
12 251 857 1158 1580 654 1006 1146 366 25 1168 525 823 
12 426 863 967 328 736 1552 652 27 615 1075 25 1540 
15 1510 1158 165 889 27 34 858 981 834 25 335 540 1642 1545 791 
12 1469 25 203 106 1221 1004 863 302 1801 193 859 180 
11 865 1258 750 693 433 25 532 1586 1330 687 712 
12 27 579 1326 1593 395 204 1218 1100 307 106 25 802 
10 1857 211 1571 664 30 25 1847 928 1126 229 
10 222 203 319 1557 260 426 1312 1740 25 243 
11 395 25 1595 33 899 781 858 139 1062 1102 1185 
9 1721 126 1597 873 295 25 582 1613 1147 
9 80 433 106 1571 1602 478 1574 891 25 
11 1299 369 120 885 719 160 169 781 562 25 106 
11 693 1319 1534 965 1150 27 116 25 115 106 294 
7 1584 1101 25 719 229 865 120 
12 1845 691 626 863 25 115 1500 1790 860 73 111 688 
6 165 449 861 25 1588 472 
9 1152 862 1650 1318 1534 511 251 25 242 
9 1169 1643 25 1468 449 454 1399 33 1105 
11 403 1148 1466 25 1155 401 1233 530 203 106 1848 
9 1148 377 836 1849 428 712 763 1604 25 
8 25 1833 280 606 523 906 33 1847 
13 1186 165 1385 203 1166 111 1614 1308 1463 25 504 1438 1589 
9 662 447 272 25 861 106 1159 126 1155 
9 750 1811 150 1423 267 25 55 1627 740 
10 872 1527 857 792 1572 1507 562 738 25 1619 
7 1846 203 1716 426 344 25 637 
12 913 814 280 338 1100 1190 428 25 1761 1092 622 801 
6 89 25 1845 169 1883 1158 
7 229 173 839 863 1580 25 460 
8 443 730 614 936 846 1605 1188 25 
10 1299 868 1756 80 1559 468 462 1800 449 25 
7 156 1629 25 1722 540 1311 1130 
6 25 1750 1846 477 293 1307 
9 1538 654 324 25 730 433 511 1678 471 
7 25 1597 684 1777 636 1485 605 
5 307 25 127 1072 1848 
4 875 25 287 865 
5 260 1303 25 534 462 
8 1570 1150 837 25 230 666 474 652 
8 1309 1860 856 1880 279 25 296 1471 
7 1510 774 153 612 38 830 25 
3 1604 25 1289 
2 470 25 
8 25 562 68 377 1844 1640 223 79 
4 958 860 549 25 
7 1504 1382 103 719 450 518 25 
6 27 153 1581 560 666 25 
5 156 1147 1471 25 867 
6 893 690 205 1795 615 25 
7 324 50 423 1219 25 1510 852 
5 223 106 25 1117 433 
7 1622 25 1673 211 836 857 1535 
7 60 1094 25 1171 1858 153 1715 
7 126 410 27 267 25 872 153 
7 120 243 911 165 72 166 25 
6 1716 279 1686 736 25 830 
6 400 106 1466 1151 25 1591 
2 395 25 
7 25 1715 949 523 1163 238 1392 
7 426 80 338 881 1544 25 205 
8 1584 25 530 37 719 1656 579 171 
7 921 884 730 25 1235 1708 927 
6 25 162 1819 845 313 106 
12 274 1151 43 992 999 876 741 1532 1821 230 25 810 
6 27 652 25 1312 814 1601 
5 25 274 499 1160 1607 
4 122 25 1079 654 
4 1719 25 154 508 
2 1359 25 
6 523 1716 1388 25 146 600 
6 106 25 497 1899 829 857 
5 25 1335 1312 341 279 
2 25 437 
7 381 730 658 25 714 1810 165 
9 1190 661 25 1046 1158 1383 692 1788 120 
3 25 393 853 
7 129 499 25 106 873 1647 178 
2 627 25 
5 1578 25 106 1372 1579 
5 44 25 203 41 1872 
5 1111 169 375 858 25 
7 25 867 661 1425 566 1414 699 
6 305 339 897 316 25 1162 
4 25 1620 426 1737 
7 974 239 106 1152 311 25 229 
6 620 1553 1051 1331 1166 25 
10 395 562 1411 489 1300 960 1168 106 433 25 
6 654 1118 549 25 279 873 
7 53 1704 25 1310 736 1086 395 
4 25 872 810 1178 
4 25 429 1216 53 
6 1571 73 302 25 1100 1273 
8 252 770 510 1028 482 1060 25 878 
5 1822 654 25 1269 395 
6 1601 1088 25 203 513 1805 
6 1822 730 1873 25 1797 343 
4 167 532 25 1517 
7 1855 1400 840 1647 546 1894 25 
5 736 356 982 25 880 
8 1100 1626 1553 1865 1796 25 43 1192 
4 25 1395 940 690 
5 106 88 25 1570 61 
4 25 1146 727 338 
2 203 25 
4 1822 730 71 25 
5 1262 25 348 1147 68 
4 1147 25 1224 812 
5 25 1577 82 866 786 
4 25 279 462 238 
7 1643 25 647 691 1722 1337 858 
7 153 68 229 1313 25 180 274 
3 1586 25 1395 
6 1160 290 153 770 25 730 
6 67 1745 25 1468 1602 1086 
6 1572 499 1307 1824 25 203 
4 25 356 50 858 
7 1589 1154 1511 27 25 1601 748 
7 238 963 660 1312 1103 25 475 
6 25 1307 26 466 106 1103 
3 25 1164 883 
7 274 229 25 156 306 106 750 
4 1805 1201 1305 25 
4 26 25 394 249 
3 25 191 338 
7 820 1335 263 504 1721 25 1846 
4 1845 562 1570 25 
5 251 181 1842 338 25 
4 25 1050 27 1099 
3 1186 25 327 
6 432 198 711 25 1168 1716 
3 25 500 229 
2 25 132 
2 297 25 
3 25 505 1674 
5 25 1824 1058 422 1732 
4 567 767 398 25 
4 120 25 398 1155 
3 1147 25 80 
6 153 25 1135 1783 660 865 
5 1805 560 25 1587 891 
6 958 482 64 41 25 1642 
4 1573 25 1775 224 
7 297 827 1692 133 25 122 889 
3 730 1886 25 
2 25 513 
2 25 1203 
7 121 230 293 106 25 1149 600 
3 25 879 53 
4 1821 868 730 25 
3 1335 1010 25 
2 279 25 
27 1147 428 295 1582 1173 1635 114 779 549 165 175 1190 881 496 499 462 1583 325 400 517 1729 521 658 667 25 600 38 
30 106 600 1821 869 1510 32 1165 1861 1514 1182 1370 1816 1013 141 226 1569 497 311 1145 795 1332 153 1147 1526 1722 1863 333 25 1536 731 
17 562 501 658 25 695 106 811 1573 1310 1585 1855 153 339 325 505 570 462 
18 153 1331 1624 182 121 482 395 25 891 537 693 1008 1427 708 202 640 68 1636 
7 1145 1317 1248 547 1842 1541 25 
12 153 1821 122 475 334 692 214 671 1571 433 25 646 
13 126 499 1119 1630 1275 859 455 1353 668 25 1361 183 1182 
7 395 25 1516 1728 1570 1811 1830 
5 1718 866 1510 25 1295 
8 830 823 25 802 960 106 862 295 
5 229 25 106 653 218 
5 1173 274 25 809 496 
10 785 1163 1299 504 1585 25 1666 858 942 768 
6 1613 126 1575 1826 25 1668 
10 158 408 25 116 1269 1100 822 157 203 984 
7 449 857 1718 1726 933 25 165 
7 395 368 550 151 836 921 25 
4 1020 25 395 896 
8 546 750 274 1716 25 1568 1485 1100 
8 499 25 857 121 866 1743 982 117 
8 25 1348 313 1236 864 27 1483 1175 
8 25 1782 375 144 918 857 865 933 
5 693 1164 221 25 1851 
6 25 1715 1817 106 486 470 
5 428 814 25 837 1821 
10 382 1152 153 25 1253 652 1834 302 1304 1118 
6 38 1844 1584 1308 121 25 
4 25 568 868 658 
6 251 1010 1127 432 25 1599 
6 1724 1889 426 1160 25 1777 
3 814 25 748 
5 25 1579 536 556 1513 
6 39 1507 1159 121 1153 25 
8 986 654 459 719 815 395 25 66 
6 141 678 840 306 25 863 
6 251 1328 301 25 1174 837 
5 654 619 176 25 1882 
5 1150 466 504 872 25 
5 115 229 776 25 294 
5 50 25 1014 1638 1359 
9 25 523 842 626 760 132 736 654 73 
3 25 1568 297 
4 1338 1042 25 1497 
3 761 79 25 
2 25 462 
33 25 736 1535 1473 573 1466 1166 1170 600 1575 796 968 385 27 1316 324 1151 115 913 1363 1262 546 1307 1845 692 1859 231 1354 353 203 667 147 499 
13 274 1851 229 154 1640 860 948 25 858 1155 618 130 1430 
13 1158 322 279 730 25 206 885 747 499 937 165 213 1201 
11 1496 229 121 860 1615 257 413 1093 80 25 203 
12 1299 134 33 824 532 1823 669 25 476 1608 1466 1858 
7 562 1591 111 217 788 25 215 
6 1472 449 25 1106 579 106 
6 475 452 106 25 1410 287 
6 470 1605 1878 1159 25 882 
7 939 1164 25 106 272 595 853 
2 25 727 
3 1584 106 25 
5 1110 449 338 25 873 
6 737 1624 145 25 712 967 
6 1063 107 106 770 25 1857 
5 1847 25 1113 1306 41 
5 229 1847 426 1466 25 
5 1338 141 1836 1100 25 
4 25 858 261 1157 
3 25 741 1836 
4 1743 106 25 549 
4 364 534 219 25 
2 25 1377 
4 870 368 25 1146 
15 761 225 719 48 25 696 1730 1326 1689 1804 1568 1330 616 658 1724 
13 25 1510 1703 1107 313 581 535 965 1573 523 470 1365 27 
9 816 1466 106 25 44 27 730 876 221 
6 476 25 798 730 846 508 
5 25 942 542 496 1347 
5 25 525 1721 26 621 
6 25 550 229 763 1315 1168 
7 690 402 1147 27 203 25 1469 
5 25 27 308 126 902 
3 132 1300 25 
5 25 1373 1308 939 212 
17 730 836 123 776 1826 466 216 951 1316 168 1879 25 132 1157 708 821 1293 
21 690 385 1892 732 1656 1137 25 820 279 477 730 426 120 1717 285 55 1111 696 1787 650 1782 
11 165 442 1110 509 25 923 395 302 306 829 1884 
7 25 883 1131 27 482 39 251 
7 513 25 1306 1860 1147 1725 306 
6 816 864 25 442 600 462 
5 320 121 483 730 25 
7 50 106 863 1844 25 1315 306 
6 25 1413 689 1399 286 1881 
4 25 273 510 1632 
5 1830 204 25 426 434 
5 796 198 25 146 1570 
8 482 1658 1854 165 938 1321 241 25 
8 449 484 1793 508 169 25 690 553 
7 116 1344 25 958 787 1573 1857 
2 25 548 
5 25 1897 596 376 449 
7 1156 876 1857 1148 25 203 943 
3 1114 1782 25 
4 1703 25 1230 635 
6 1109 857 104 27 25 711 
3 25 98 307 
5 25 575 188 327 975 
51 1805 761 32 454 763 1534 109 625 1483 390 1506 106 461 876 1717 92 1177 1625 1639 153 1756 499 79 1844 144 1123 102 395 1571 1846 398 886 1876 456 25 475 251 1572 1309 310 1185 954 426 27 719 1720 1107 581 792 562 870 
39 25 659 1299 395 267 1466 153 238 690 1106 730 106 652 1306 616 666 503 443 1289 865 324 1153 69 1848 280 387 1133 1026 470 1778 719 761 396 1628 1237 419 1700 562 94 
44 523 408 1311 612 613 1874 954 370 225 1005 653 1074 1772 495 106 274 1352 153 952 1206 1415 1281 1842 499 1604 1556 25 654 797 1805 1571 301 1588 364 1472 807 1439 1769 475 508 1148 69 1718 200 
23 1301 861 512 1324 1470 958 1405 106 976 165 25 153 1570 555 1568 1572 290 878 1320 517 1296 1775 562 
47 719 1722 924 1052 25 126 600 736 1149 1575 882 1721 168 722 509 856 1113 812 1116 1635 181 726 1024 508 47 615 37 861 114 1679 1428 1571 881 75 864 324 1586 70 817 1176 109 1338 846 366 1059 1568 866 
30 25 1535 517 671 292 1455 860 45 1146 1147 659 470 719 533 924 106 1598 1559 285 452 1300 395 433 1853 616 580 349 306 1467 144 
18 251 1848 398 126 603 213 728 27 449 961 670 153 426 268 1276 25 1324 307 
12 408 470 723 1149 25 1297 1572 141 1510 1478 1821 433 
15 238 879 1852 26 1613 858 1146 229 27 1596 153 1712 25 962 121 
17 532 290 25 1235 1421 368 1100 83 1064 460 126 203 1848 107 451 603 585 
10 475 1392 1263 38 770 318 730 890 25 551 
15 106 1392 1656 654 395 1300 136 1200 73 1496 1133 1028 1762 25 68 
19 652 1085 884 25 548 1842 131 63 716 1310 496 165 307 1314 80 888 1342 1303 1118 
8 730 25 1101 1302 1158 1360 1192 857 
12 221 1647 1040 27 189 467 203 174 25 1465 470 37 
15 25 79 1855 1621 1465 464 122 939 106 1868 1632 1146 248 395 220 
17 306 631 857 1586 27 1491 25 499 1327 1824 1374 1253 229 895 811 1720 1521 
13 881 25 1477 274 1821 1177 1257 1467 115 912 1888 562 166 
16 153 733 1425 25 1318 229 858 1622 1572 1145 1599 346 1884 1584 1310 690 
13 470 428 1300 1453 25 821 1808 814 1727 458 513 1847 1287 
11 25 179 631 1090 562 187 736 895 1329 1570 229 
13 797 1185 929 590 105 1430 509 318 25 203 1335 862 367 
9 25 475 755 1134 203 148 423 450 434 
9 126 167 1515 25 1014 843 822 1370 64 
7 106 229 153 338 847 25 885 
7 860 719 129 1319 251 25 203 
7 867 707 495 25 53 106 1100 
14 25 338 484 1303 770 885 396 604 327 1626 424 294 293 1322 
12 1792 1782 610 1152 229 533 683 33 25 1576 868 342 
10 25 750 1323 222 754 532 1613 1348 424 301 
7 1127 790 25 712 1573 562 80 
10 1586 106 716 1149 126 1493 761 798 25 656 
9 44 667 126 1646 25 1304 1300 516 203 
7 466 153 25 745 1408 1430 1378 
11 1151 27 499 25 34 1131 1427 106 225 1846 1324 
7 814 1794 449 106 25 265 461 
10 55 1173 1302 1570 290 1158 1333 1145 25 1355 
5 25 136 1343 1518 423 
11 1747 307 1736 719 287 25 1313 1823 234 27 774 
10 499 834 1148 301 25 935 874 1792 32 1379 
9 25 1514 780 1114 499 562 762 814 1022 
9 424 1148 864 1739 701 185 748 203 25 
11 1100 275 301 37 132 1148 652 769 25 770 550 
7 892 752 1119 790 25 1263 153 
8 429 1135 692 25 153 1090 173 1718 
7 663 1597 25 1576 1478 1323 1805 
11 25 1001 1724 373 1335 730 1895 499 882 761 1796 
11 896 153 27 349 1212 488 859 238 25 797 1513 
7 1106 25 39 209 396 857 816 
7 1846 1665 508 71 375 25 407 
7 500 379 882 860 25 603 267 
7 1299 912 25 1148 863 1338 155 
7 106 1299 1155 25 546 118 1397 
5 25 1583 358 169 1180 
11 600 94 1189 1586 562 1654 376 1365 1254 25 736 
9 462 727 814 25 886 121 895 158 279 
6 1523 1312 1871 1468 731 25 
7 763 1166 761 25 1568 840 1815 
8 840 1413 858 1595 25 1161 986 313 
8 106 25 1337 511 562 737 1175 1200 
6 25 106 309 1850 1569 1778 
7 1149 462 106 34 25 27 1345 
9 107 433 25 1471 1132 341 1240 936 88 
4 27 553 1218 25 
10 25 319 1583 153 1666 73 1782 1716 1554 703 
8 408 874 229 25 310 102 344 1145 
9 562 496 106 25 1150 123 307 50 914 
7 342 341 25 1572 294 181 1465 
6 719 461 434 1468 540 25 
3 25 861 458 
4 1504 1299 473 25 
7 1300 533 1568 1100 632 25 475 
10 1153 153 426 408 317 1357 1511 791 25 1718 
11 1002 1005 1251 903 395 399 867 1166 25 508 1706 
7 25 203 27 1454 1316 400 395 
8 1306 1265 857 412 1263 1423 25 1331 
2 25 939 
4 1185 37 377 25 
7 803 154 1600 42 25 1871 1886 
11 1582 873 857 231 338 499 898 1390 1411 25 461 
6 295 151 25 1759 454 775 
5 153 25 145 338 1074 
6 914 153 381 27 1330 25 
4 690 399 25 251 
4 508 40 178 25 
1 25 
4 1622 25 395 368 
7 25 727 719 339 209 1262 1236 
5 863 1579 25 1546 1374 
8 25 1754 344 462 1202 1040 165 1817 
5 25 395 1557 141 863 
6 730 1153 126 846 25 533 
6 719 461 532 475 25 728 
3 142 25 622 
1 25 
4 1826 1300 1861 25 
4 25 585 888 118 
4 1617 25 90 379 
5 1477 1632 1162 25 440 
7 512 1187 25 663 979 920 126 
6 1478 279 25 810 562 719 
7 540 25 614 74 1146 294 368 
6 720 772 25 296 451 221 
6 27 1716 1222 1855 470 25 
5 27 641 1108 1814 25 
5 1299 375 274 25 1365 
5 719 603 1447 400 25 
2 25 693 
2 25 583 
5 611 1160 1179 546 25 
5 481 25 106 1347 546 
5 932 25 1572 307 1261 
4 25 772 274 106 
4 121 461 475 25 
4 890 814 25 1220 
5 1147 118 25 597 1286 
5 25 1895 1147 309 1724 
3 25 891 482 
2 25 1369 
2 885 25 
3 25 146 294 
6 426 344 1534 25 27 1743 
2 902 25 
4 25 774 1309 136 
5 426 32 1456 106 25 
6 25 310 1211 814 1246 895 
2 25 1170 
5 25 1301 562 890 307 
5 664 25 523 426 281 
4 906 324 482 25 
3 470 53 25 
2 966 25 
3 1569 139 25 
2 203 25 
3 829 177 25 
7 1535 1564 25 1102 665 433 941 
4 1402 25 1717 872 
3 25 924 831 
4 25 1641 626 1168 
5 27 928 831 761 25 
4 1375 25 1194 153 
3 25 858 1151 
4 710 1730 25 471 
3 106 1805 25 
3 371 1576 25 
2 25 730 
2 853 25 
31 462 896 513 777 1758 50 1166 224 1814 1488 441 395 308 327 612 797 1192 820 303 1366 1122 458 1372 718 25 267 1863 550 195 1300 547 
23 27 1483 390 1443 735 873 106 1632 1369 744 114 25 655 1383 149 294 223 1671 665 1339 1847 455 933 
18 1568 719 25 1175 1225 315 873 1546 696 834 982 738 730 307 260 1704 1842 399 
26 1570 455 1473 257 540 1480 1830 1081 25 1809 258 690 963 1311 658 1898 862 654 342 1612 941 1640 1013 770 546 227 
11 429 991 1381 153 25 1181 859 653 779 1004 270 
12 730 709 25 1568 226 395 857 443 719 33 91 1584 
14 892 1539 1741 142 871 426 1153 690 1323 916 1438 1572 25 644 
14 25 433 1161 37 327 920 432 1572 106 1423 395 499 1345 1466 
8 203 25 126 601 1792 1148 1302 1821 
19 1166 1252 1145 523 1179 1684 857 1839 797 25 1534 1110 1614 942 624 1744 169 913 1494 
13 25 898 513 796 750 395 927 1549 712 263 307 587 87 
9 1147 25 1312 395 1480 761 693 1855 154 
6 27 964 1587 25 238 857 
9 1300 27 1472 25 1145 992 70 88 1783 
8 1162 73 91 25 522 1465 1107 1730 
11 663 890 1710 33 121 1534 1729 383 141 25 516 
6 1145 1146 933 25 401 868 
12 274 208 25 267 1149 836 816 761 1448 294 211 194 
6 68 618 25 460 860 662 
6 397 25 636 1237 290 126 
7 750 106 251 790 25 113 1900 
5 33 27 37 1606 25 
6 823 1397 25 820 1273 941 
3 25 104 1115 
10 1844 925 25 1207 1609 245 548 306 885 1776 
4 25 324 1321 1169 
6 106 608 25 229 1721 908 
8 25 189 1100 1784 287 1770 68 1886 
10 106 80 1007 647 1689 44 1484 480 1530 25 
5 1724 25 449 761 715 
7 1785 25 1821 1427 763 865 1147 
5 25 453 219 345 79 
4 1606 523 25 461 
5 25 717 947 107 921 
3 25 203 34 
4 1346 25 1308 1101 
3 25 50 878 
6 27 1819 126 25 785 519 
4 507 1844 1148 25 
5 171 142 25 254 1657 
1 25 
5 1344 25 154 1302 1568 
6 25 1058 1873 141 532 819 
5 1715 25 1181 231 259 
6 1231 272 1648 382 857 25 
3 408 25 1777 
5 25 1789 931 1885 1340 
3 787 25 1579 
4 520 395 1851 25 
4 395 562 381 25 
3 652 462 25 
2 25 1262 
2 1847 25 
6 523 25 884 762 153 1805 
5 203 1570 25 1245 311 
4 25 1742 840 229 
3 277 25 645 
4 37 25 1570 287 
2 25 1306 
2 25 1821 
7 25 717 1455 772 578 550 1571 
5 26 1216 513 857 1739 
19 523 106 26 291 1870 147 1494 591 1791 1760 251 1782 114 295 157 632 863 1348 165 
7 26 153 1628 27 1569 1833 1782 
5 843 580 871 1100 26 
6 730 26 296 71 1205 106 
4 980 26 806 873 
46 449 600 395 579 1049 814 165 1305 1777 883 1546 552 59 361 508 540 375 877 1313 129 722 1596 921 381 1004 261 323 250 106 831 1486 1846 836 26 235 153 470 267 111 713 72 210 1632 992 1778 1563 
13 1312 522 730 1728 1452 118 1875 479 26 784 1056 1842 712 
15 290 936 570 652 1146 125 417 77 1090 1742 26 761 770 677 741 
10 26 523 577 802 27 1745 540 1229 229 857 
6 780 26 115 106 951 861 
6 1887 644 355 1546 26 1309 
2 26 1388 
7 120 26 165 1761 513 1134 533 
4 267 663 26 1328 
6 26 1303 339 1099 1777 106 
14 27 1607 1723 655 499 1596 1279 26 311 1052 868 604 772 74 
6 1558 26 1849 658 1842 120 
4 1603 169 1899 26 
4 1362 408 253 26 
6 423 37 26 1614 1413 1109 
5 26 1170 379 1409 1173 
5 601 203 153 548 26 
13 153 869 1808 120 575 295 248 829 1307 686 142 836 26 
8 1344 1145 429 26 1845 246 1068 858 
5 736 1317 1231 26 1313 
4 563 506 153 26 
4 153 26 43 992 
3 1534 463 26 
27 499 1408 1045 1453 126 1092 153 508 90 1824 858 513 1853 1859 548 1435 1768 1568 26 1711 229 27 1570 1613 566 839 1146 
4 718 339 857 26 
3 26 462 1308 
11 1799 126 1146 153 26 1152 1587 53 307 1312 1216 
6 126 50 1718 26 1151 376 
7 680 642 1387 824 26 307 872 
8 307 203 292 26 1337 1472 230 692 
5 1313 26 470 862 616 
6 26 857 1187 1147 211 863 
5 26 1099 999 1672 1715 
6 1894 221 797 1625 579 26 
6 1099 106 26 257 1299 1466 
5 295 1488 1218 1657 26 
3 1160 26 601 
4 1376 26 1752 1822 
3 210 1294 26 
33 857 761 69 466 397 1167 1745 1774 499 613 106 998 1071 27 808 1575 167 1470 388 770 1852 395 661 1723 1377 1489 83 1585 932 232 251 1466 1462 
22 126 1151 517 1409 426 1861 782 499 951 1228 1009 1407 1418 359 709 1819 1150 401 751 27 619 380 
7 1606 1514 395 523 1305 27 930 
9 1584 1187 1428 1168 1050 1448 1805 1099 27 
5 27 132 111 621 150 
4 1663 1545 1478 27 
7 1844 899 283 719 1153 27 106 
4 240 847 326 27 
8 1169 1036 153 328 114 990 944 27 
6 865 878 1555 27 1718 1472 
4 167 106 27 1166 
3 562 27 499 
9 27 816 865 1778 531 1334 753 1887 1894 
4 660 27 1310 1490 
5 795 761 27 403 39 
7 27 1004 1527 334 814 715 1529 
4 1148 27 106 865 
4 1162 1312 27 1311 
3 27 234 1724 
5 27 44 445 715 540 
2 914 27 
30 470 1570 1717 223 858 881 263 153 831 1580 1113 460 528 1143 719 1249 1793 27 426 270 33 574 449 1311 1262 1783 1186 1440 1469 1274 
34 730 88 294 1850 268 858 120 301 750 1852 291 1861 1058 79 865 1845 1153 142 1853 1184 484 94 199 804 27 1849 287 141 1299 500 663 203 602 347 
29 203 855 1301 1552 1739 730 876 1185 1491 1753 600 106 434 1827 186 1242 751 499 68 27 1304 628 1568 772 661 1147 376 1357 415 
19 126 1328 1510 750 1800 1439 462 1189 1843 868 865 1111 716 203 857 27 1849 1341 966 
27 27 1602 1339 1617 1011 643 514 858 898 71 1346 346 873 80 1042 64 1568 969 862 1782 779 833 336 780 508 525 1438 
26 1147 1207 872 33 1320 610 416 858 405 355 316 1100 1716 1334 1525 725 1767 27 118 1587 950 203 1164 1526 106 631 
21 1569 41 1577 667 290 1104 1040 1574 1855 1332 1349 962 528 287 27 115 126 141 911 678 858 
21 654 377 679 106 1843 788 1793 522 70 426 209 472 33 1333 1845 730 1860 1176 645 388 27 
10 153 27 1201 814 1206 1299 1628 1843 79 407 
14 40 1487 27 90 449 506 229 1103 1511 1306 625 1304 1244 1763 
16 27 1821 767 357 229 859 132 579 332 1576 551 1843 619 1193 857 562 
13 540 1843 221 865 1573 111 1273 1805 1310 1126 27 980 1229 
11 27 144 1557 1085 866 1108 297 654 1053 203 132 
15 395 795 27 1467 579 1726 1411 106 1157 1671 200 863 483 1583 1848 
7 662 1864 106 522 27 1145 652 
15 33 1320 994 30 1524 1283 107 27 466 38 1559 203 1562 886 761 
17 433 768 27 1147 91 1366 764 435 279 796 1864 1514 206 106 540 372 868 
11 762 307 1302 1510 331 523 1805 688 27 1214 31 
16 351 858 1101 50 980 1849 27 296 1549 1353 254 593 378 208 624 732 
12 27 1822 1466 927 732 409 1843 57 730 1663 1876 584 
8 27 652 690 330 1145 1012 861 972 
7 120 1466 27 872 106 1715 1247 
12 1856 945 567 27 1858 838 499 1173 497 165 762 1301 
8 1007 547 1155 27 818 1413 153 929 
11 426 837 27 756 890 153 1900 267 1157 46 87 
7 153 306 274 27 619 510 430 
5 857 1308 27 230 1583 
5 858 513 27 903 31 
8 462 673 1100 497 71 1777 32 27 
10 91 956 846 1646 1091 294 1624 70 745 27 
9 861 251 1123 1266 1393 758 27 36 106 
10 27 838 1307 255 540 470 865 1409 370 1757 
7 1169 1570 318 1068 499 27 901 
5 57 1882 468 1783 27 
9 1861 652 1568 1257 497 37 510 352 27 
7 761 1204 173 106 27 1099 53 
5 306 466 1518 526 27 
6 173 1545 27 111 229 1312 
8 1353 812 548 1303 27 704 32 325 
4 27 1217 1553 888 
6 1501 375 106 1125 27 1875 
5 1006 27 770 1341 863 
5 587 27 693 1586 1547 
7 123 306 1124 1301 529 1761 27 
8 1646 27 419 449 426 1457 857 1742 
7 1787 1833 434 27 820 513 1302 
5 736 395 27 1585 780 
7 428 353 933 1494 903 470 27 
4 299 294 27 429 
3 934 859 27 
5 1546 27 756 55 1102 
5 106 27 863 813 1174 
11 910 859 583 27 48 770 833 1815 701 1833 1411 
7 730 426 1614 153 91 27 1684 
8 181 27 154 522 165 517 817 938 
5 27 486 213 1300 1561 
4 27 523 1718 449 
5 27 470 1384 639 1794 
6 306 27 1866 251 1735 500 
