11 2 3 4 5 6 7 8 9 10 11 12 
24 13 14 15 16 17 18 19 20 21 22 23 24 25 1 26 27 28 29 30 31 32 33 34 35 
14 36 1 37 38 39 40 41 42 43 44 45 46 47 48 
22 49 50 51 52 53 54 55 56 57 58 59 60 1 61 62 63 64 65 66 67 68 69 
136 70 71 72 73 74 75 76 77 78 79 80 81 82 83 84 85 86 87 88 89 90 91 92 93 94 95 96 97 98 99 100 101 102 103 104 105 106 107 108 109 110 111 112 1 113 114 115 116 117 118 119 120 121 122 123 124 125 126 127 128 129 130 131 132 133 134 135 136 137 138 139 140 141 142 143 144 145 27 146 147 148 149 150 151 152 153 154 155 156 157 158 159 160 161 162 163 164 165 166 167 168 169 170 171 172 173 174 175 176 177 178 179 36 180 181 182 58 183 184 8 185 186 187 188 189 190 191 192 193 194 195 196 197 198 199 200 
27 201 202 203 204 60 205 206 207 208 209 210 211 212 213 214 215 216 217 218 219 220 221 1 222 223 224 225 
11 226 1 227 84 228 229 230 231 232 233 234 
22 235 236 237 238 239 240 241 242 243 244 245 27 1 246 5 247 248 249 250 58 251 252 
35 124 1 253 254 255 256 257 258 259 260 261 262 263 264 265 266 267 268 269 270 271 272 273 274 275 276 277 278 279 280 281 282 283 284 250 
13 285 286 287 1 288 289 290 291 292 293 294 295 296 
51 297 298 299 300 301 302 303 304 305 306 307 308 309 310 311 312 313 314 315 316 317 318 319 320 42 321 322 323 324 325 326 327 328 329 330 331 332 333 334 335 336 337 338 339 340 341 342 343 1 344 345 
40 346 347 348 349 350 351 352 344 353 354 355 356 357 1 358 244 359 360 361 362 363 364 42 365 366 367 368 369 370 371 372 373 374 375 376 377 378 379 380 381 
41 248 382 383 384 385 386 387 388 389 390 136 391 392 393 394 395 396 397 398 173 399 346 400 401 402 403 404 405 406 407 408 409 410 411 412 2 413 414 415 416 417 
21 418 419 420 421 2 422 423 424 425 426 427 428 429 430 431 432 433 434 435 436 437 
120 438 439 440 441 442 277 443 102 444 445 135 446 447 448 217 449 450 451 452 453 454 455 456 457 458 459 460 461 462 463 464 465 466 467 468 469 470 471 472 63 473 474 475 476 477 478 479 480 481 482 483 484 485 486 487 488 489 490 491 492 493 494 495 147 496 497 498 499 500 501 418 502 503 504 505 2 506 507 508 509 510 511 512 513 514 515 516 517 518 519 520 521 522 523 524 525 526 527 528 529 530 531 532 533 534 535 536 537 538 539 540 541 72 542 543 544 545 546 547 548 
11 549 550 551 552 553 554 555 556 2 557 558 
11 559 315 560 561 2 562 563 564 565 566 567 
26 289 568 569 570 571 572 573 574 575 576 577 578 579 580 581 221 582 583 584 585 586 2 587 479 588 589 
17 590 591 592 593 594 595 596 597 598 599 600 601 173 602 2 603 604 
11 312 605 606 607 608 609 610 611 612 2 613 
20 614 615 616 617 618 619 620 621 622 271 623 624 625 626 627 628 629 630 631 2 
14 632 27 633 2 634 635 636 637 638 639 640 641 642 643 
16 644 645 27 646 2 647 648 649 650 651 652 277 653 654 655 656 
14 657 658 659 660 661 662 2 663 664 665 666 667 668 669 
40 670 671 239 672 116 673 674 675 676 677 449 678 679 680 681 682 683 684 685 686 687 688 689 690 691 692 2 693 271 694 695 696 697 698 699 700 701 702 703 704 
11 705 706 707 708 709 710 711 2 712 713 714 
1007 115 315 715 716 479 717 718 58 209 719 720 721 201 588 722 438 723 724 725 726 727 728 729 277 730 731 732 733 734 582 735 736 737 738 739 740 320 741 742 147 743 712 744 745 746 335 553 747 748 749 750 751 752 753 754 755 756 757 758 759 598 710 760 761 762 763 353 764 183 765 766 556 767 768 769 586 770 771 150 772 773 774 775 776 777 778 779 780 781 782 783 191 784 785 786 787 788 789 790 791 792 793 794 795 796 797 798 799 800 801 802 803 804 702 805 806 543 807 808 809 810 811 812 813 814 262 815 816 817 818 819 820 821 63 822 823 824 825 826 827 828 829 830 831 832 833 834 835 836 308 837 838 839 619 840 841 673 842 843 844 845 846 847 848 849 850 851 852 853 854 855 856 857 858 859 860 861 862 863 864 865 866 867 868 869 870 158 871 872 873 510 874 875 876 210 877 878 879 880 881 882 883 884 885 886 887 888 889 890 891 892 893 894 895 896 897 898 899 900 901 902 903 904 905 906 907 908 909 910 911 912 913 914 915 916 917 436 918 919 920 921 922 923 924 925 926 927 522 928 278 929 930 931 932 933 934 935 936 937 938 939 940 941 942 943 944 945 946 947 948 949 950 527 951 952 953 954 955 956 957 958 959 960 961 962 963 964 965 966 967 968 969 970 971 972 973 974 975 976 977 978 979 980 143 981 982 983 984 985 986 987 387 988 989 990 991 992 211 124 993 994 995 171 996 366 5 997 998 999 363 260 1000 1001 1002 1003 1004 617 1005 1006 1007 1008 1009 1010 1011 388 1012 1013 1014 1015 468 360 1016 670 1017 1018 1019 1020 1021 1022 1023 1024 425 1025 1026 1027 1028 1029 1030 1031 178 1032 1033 1034 1035 1036 1037 1038 1039 1040 1041 1042 1043 1044 1045 1046 1047 1048 1049 483 1050 1051 1052 1053 1054 1055 1056 1057 1058 1059 1060 1061 1062 1063 1064 1065 1066 1067 1068 1069 1070 1071 1072 1073 1074 1075 1076 1077 1078 1079 1080 1081 1082 1083 1084 1085 1086 1087 1088 445 1089 1090 1091 1092 1093 1094 1095 1096 1097 1098 1099 1100 1101 1102 352 1103 1104 1105 1106 1107 1108 1109 1110 1111 1112 565 309 1113 1114 576 1115 1116 1117 1118 1119 1120 1121 1122 1123 1124 488 1125 1126 1127 1128 1129 1130 1131 1132 1133 1134 1135 1136 607 1137 1138 1139 1140 1141 1142 1143 1144 1145 1146 1147 1148 325 1149 1150 1151 1152 1153 1154 1155 1156 1157 1158 1159 1160 1161 1162 1163 1164 1165 1166 1167 1168 1169 1170 1171 1172 1173 1174 1175 1176 1177 1178 1179 1180 623 1181 1182 1183 1184 1185 1186 1187 1188 1189 1190 1191 1192 1193 1194 1195 1196 1197 1198 1199 1200 1201 1202 1203 1204 1205 1206 1207 1208 1209 1210 1211 168 1212 1213 169 1214 1215 1216 426 1217 1218 1219 1220 1221 1222 70 645 1223 1224 1225 1226 480 1227 1228 567 1229 1230 314 1231 1232 410 1233 1234 1235 1236 1237 1238 656 1239 1240 1241 1242 1243 1244 1245 1246 1247 1248 1249 1250 1251 1252 1253 1254 1255 1256 1257 1258 1259 1260 263 1261 1262 1263 1264 1265 1266 1267 1268 1269 1270 1271 1272 1273 1274 1275 1276 1277 1278 1279 1280 1281 676 1282 1283 1284 1285 234 441 1286 1287 1288 1289 1290 1291 1292 1293 1294 1295 1296 1297 1298 1299 349 1300 1301 1302 1303 1304 1305 1306 1307 1308 1309 1310 1311 1312 1313 1314 1315 1316 1317 1318 1319 1320 1321 1322 1323 1324 1325 1326 1327 1328 1329 1330 1331 1332 1333 1334 1335 1336 1337 1338 1339 1340 1341 145 478 1342 684 1343 1344 1345 1346 1347 1348 1349 1350 1351 1352 1353 1354 1355 1356 1357 1358 1359 1360 1361 1362 1363 1364 1365 1366 1367 1368 1369 1370 1371 1372 1373 1374 22 1375 233 1376 1377 155 1378 1379 1380 1381 1382 1383 1384 1385 1386 196 1387 1388 1389 1390 1391 1392 1393 23 391 1394 1395 1396 1397 1398 1399 1400 1401 1402 1403 1404 1405 1406 1407 1408 1409 1410 1411 1412 1413 1414 1415 1416 239 467 1417 87 125 1418 1419 1420 1421 1422 1423 1424 1425 1426 1427 1428 1429 1430 1431 1432 1433 1434 215 1435 1436 472 1437 1438 1439 1440 1441 8 1442 1443 1444 1445 1446 93 1447 1448 1449 1450 1451 1452 1453 1454 1455 1456 1457 1458 1459 1460 1461 1462 1463 1464 1465 1466 1467 1468 1469 1470 1471 1472 1473 1474 1475 1476 1477 1478 1479 1480 1481 1482 1483 1484 1485 1486 346 594 248 1487 1488 1489 611 1490 1491 1492 1493 1494 1495 1496 1497 213 1498 1499 118 1500 128 1501 1502 500 1503 1504 1505 1506 1507 1508 1509 1510 307 1511 1512 1513 1514 228 1515 2 1516 1517 1518 1519 1520 1521 1522 1523 1524 1525 1526 1527 1528 1529 1530 1531 1532 1533 1534 1535 1536 1537 1538 1539 1540 1541 1542 1543 1544 1545 1546 1547 1548 1549 1550 1551 39 1552 1553 1554 1555 1556 1557 1558 1559 1560 1561 574 1562 1563 1564 1565 1566 1567 1568 1569 1570 1571 1572 1573 1574 1575 250 289 1576 1577 485 1578 1579 1580 1581 1582 1583 1584 1585 1586 1587 1588 1589 1590 1591 1592 1593 1594 1595 1596 1597 1598 1599 1600 1601 1602 1603 1604 1605 1606 1607 1608 1609 1610 
33 464 1611 1612 1613 1002 1614 1615 1616 47 1617 578 1618 1619 1620 1621 2 863 1622 1623 1624 1625 1626 1627 1628 1629 1630 1631 1632 1246 1633 1634 1635 1636 
12 1637 148 1349 1638 1639 1501 1640 1641 2 1642 320 1643 
37 1493 1644 655 2 1645 1646 1647 552 1648 1017 1649 853 1650 1651 1152 1652 1653 1654 1356 1655 1377 1656 1657 1658 997 1597 125 782 1659 1660 1661 1662 1663 1664 1665 751 1666 
29 1667 1668 1669 1670 1671 1672 1673 1674 1675 1676 995 742 1677 1678 1679 1680 777 1681 2 273 725 1682 1683 43 1684 1685 1686 1687 1688 
16 2 1689 479 1690 1691 212 1692 1693 757 1694 1695 1696 1697 1698 1699 782 
3 1700 1516 2 
14 525 1040 75 804 2 718 852 742 1263 1282 537 1060 1585 624 
13 1106 335 761 315 2 270 1002 655 239 975 1239 225 49 
8 618 762 1510 58 479 201 3 5 
4 1002 818 1486 3 
6 125 334 1237 1017 1118 3 
3 1585 27 3 
14 724 390 118 1594 233 315 1019 1372 1395 3 423 679 728 115 
4 3 357 58 1027 
12 596 539 260 1081 638 75 440 3 1465 287 11 12 
5 1002 31 115 3 1258 
4 3 626 811 1010 
11 95 1005 1230 3 1346 753 1623 460 900 70 1115 
4 534 1450 437 3 
5 28 363 3 1346 997 
7 805 636 3 1671 564 484 1241 
15 694 1146 1027 380 1533 279 35 800 4 653 596 726 641 479 1590 
17 260 1487 351 87 227 155 754 583 4 1002 1089 716 1494 1323 1575 127 264 
17 741 1044 1559 98 445 830 596 1700 936 748 1225 1236 736 4 1622 1242 1510 
5 1226 684 747 77 4 
4 1633 1235 4 70 
3 4 239 1029 
5 4 1597 733 810 221 
4 1343 4 1377 1653 
3 4 792 569 
93 27 684 997 1420 611 1499 1577 456 107 369 41 1315 1405 98 171 87 1576 1001 1586 388 633 1362 281 1611 1658 857 879 214 315 992 596 1485 727 217 1000 638 1016 1423 482 1589 1250 1436 1281 1206 479 209 719 289 712 1021 586 644 380 1080 80 81 5 1007 636 410 765 268 801 675 4 717 594 1226 1019 334 78 8 674 159 958 715 993 645 635 224 1495 162 716 720 467 732 1345 172 330 803 829 36 1128 
7 596 4 419 992 694 421 1623 
4 289 6 4 70 
6 1224 4 1493 412 1295 703 
3 115 715 4 
6 633 535 1599 27 15 4 
14 771 1362 103 1095 599 1061 1228 534 494 751 4 142 554 391 
3 4 554 1694 
2 742 4 
6 721 370 4 725 697 245 
3 1023 269 4 
8 1417 115 628 4 1231 570 684 1096 
72 684 596 258 728 277 1345 449 570 146 286 1021 774 179 117 633 622 215 1071 1276 627 60 1695 987 717 993 742 745 711 601 115 404 1158 53 682 124 1223 125 1014 481 1073 1272 1674 5 1048 1520 1088 846 166 27 736 45 1252 1517 1092 398 239 1343 999 1587 755 224 375 885 715 99 1015 1435 1104 368 1460 1312 685 
11 5 239 1576 115 712 635 834 732 1074 1230 1532 
20 497 644 798 1062 693 994 294 864 15 795 1107 1011 353 5 115 129 1393 983 997 992 
14 98 992 336 363 1109 772 1496 5 239 570 404 255 715 1342 
14 717 1374 1487 216 151 388 1421 1440 115 5 202 671 1298 432 
19 636 150 42 5 999 776 818 1641 1670 170 603 572 34 802 453 479 632 838 540 
7 1617 5 761 596 467 1241 1016 
13 815 1600 553 190 1167 743 752 1575 1391 5 602 52 1313 
7 655 1158 270 371 731 58 5 
8 838 1111 1396 5 115 251 534 684 
6 1224 5 517 58 670 736 
7 541 5 1015 564 58 993 1472 
4 614 5 871 1357 
6 5 94 777 1263 596 249 
4 5 673 7 743 
4 5 401 635 1034 
2 5 1422 
40 727 5 1346 297 636 50 1079 864 1456 27 438 174 98 787 412 90 911 936 214 991 921 58 1235 943 115 143 1223 1623 1033 1630 805 1525 683 995 351 1228 753 435 629 261 
10 734 468 632 5 1423 1427 1010 1346 285 736 
7 1499 570 335 5 1647 745 879 
6 1014 115 87 698 607 5 
4 1035 5 239 1448 
6 1514 217 438 5 479 301 
3 27 5 438 
7 83 639 570 5 1002 1252 115 
3 224 45 5 
3 5 115 1015 
5 289 635 436 5 1324 
146 992 479 717 58 719 720 993 1486 729 5 346 449 172 1346 51 743 617 1006 1422 73 173 1230 710 482 1020 1426 774 184 786 128 1432 321 821 454 1266 411 196 332 883 606 1678 1542 613 1342 715 438 87 338 646 835 739 1009 293 1264 1178 1223 248 1250 1699 722 997 146 1351 1430 640 155 1117 897 604 1567 718 1575 721 258 995 366 727 277 1344 730 336 570 1002 1004 745 335 748 751 1012 1013 614 758 148 431 711 1427 1589 1239 412 1057 799 1251 471 687 816 357 669 1141 392 401 1168 522 560 141 1328 986 315 1343 638 496 1229 1029 775 1042 839 156 853 870 136 1700 1461 1662 1582 1313 947 533 1485 487 115 726 493 553 502 132 158 409 
12 736 351 995 720 70 1425 1344 260 1560 5 217 453 
8 762 5 304 125 1362 641 596 360 
10 5 629 227 937 1039 1338 1428 995 635 172 
11 449 1321 1351 1487 825 624 425 1310 15 5 469 
5 146 64 5 255 239 
8 201 309 1174 275 992 5 1018 718 
13 618 641 1396 292 642 1546 5 410 1235 1374 615 1467 755 
5 1367 201 207 5 1022 
7 5 636 58 1534 250 1531 970 
5 751 715 209 1418 5 
4 781 1060 5 1682 
5 992 425 675 1021 5 
4 736 952 1585 5 
2 738 5 
6 1257 553 5 360 918 373 
2 5 1014 
244 27 315 211 479 684 209 722 726 996 5 1344 125 1585 997 730 1224 217 999 735 336 126 1420 147 1006 279 1490 127 74 535 1024 655 117 1647 1039 1429 129 1502 668 235 1247 1061 1361 1372 90 1091 1686 317 1377 1273 1681 1451 158 288 871 873 550 1123 875 339 589 1700 1456 1290 342 1169 521 1656 1642 952 1211 448 362 989 992 534 1007 1020 767 1026 656 788 484 1592 932 716 717 718 720 70 201 438 725 351 1576 740 1000 1586 743 72 617 1422 751 554 1657 334 1667 287 192 1256 1263 1094 236 1103 845 1112 94 511 1391 634 398 274 715 1575 596 255 1417 1343 731 1345 363 737 245 146 1419 1001 320 1227 746 1587 761 762 223 556 770 1496 572 779 1043 1500 329 1431 1433 43 40 1578 851 1115 1389 69 879 1390 515 1531 898 318 911 1189 1192 62 592 990 994 248 553 1595 1439 79 232 544 1602 344 727 635 1366 825 352 657 1294 1471 1214 1363 366 1638 622 403 1381 98 719 1486 87 1223 1418 260 1623 71 304 335 314 224 670 1630 786 1243 579 1246 1577 1056 679 503 1076 1258 1085 1259 338 194 1265 156 414 538 1547 1175 1583 387 239 258 734 750 435 1495 316 1442 860 865 96 
13 188 573 995 940 1361 5 1652 1638 25 928 717 1085 829 
13 70 5 715 791 320 559 115 1622 1058 1061 1105 340 726 
13 1313 5 1378 996 585 1235 750 267 635 27 483 40 127 
4 1495 676 5 1664 
6 718 992 360 729 5 681 
4 821 1624 5 575 
3 1531 858 5 
6 461 5 1272 769 1490 798 
49 999 1113 1575 575 826 684 366 5 277 615 1587 567 758 1029 1237 777 1040 626 700 1056 542 1101 1282 513 479 70 1160 315 730 784 992 996 9 1042 1089 1460 471 27 1235 721 727 710 1231 625 1052 842 323 1289 920 
38 5 449 1007 757 38 374 726 1224 1554 1223 250 1012 1433 827 1228 752 632 1090 921 27 594 556 1505 805 690 115 468 1075 722 70 1421 1624 100 30 1067 606 724 1489 
16 780 346 614 1033 626 500 1105 250 5 586 479 115 1110 722 248 1425 
15 50 531 115 735 629 118 129 808 589 1688 467 716 5 670 287 
12 699 1082 843 540 5 1346 1359 403 98 730 989 27 
8 1228 992 115 760 5 127 1168 72 
9 5 1125 1346 1621 996 541 718 586 1230 
3 1505 5 467 
5 667 1609 5 98 549 
4 239 5 480 615 
7 1576 334 5 1281 715 292 166 
3 1585 5 15 
4 5 180 13 98 
3 782 1497 5 
7 1280 5 1022 1397 1074 656 684 
3 5 993 1042 
4 5 360 264 798 
5 501 98 1575 5 1106 
4 769 312 64 5 
6 27 1051 746 5 549 87 
7 5 1010 479 588 211 509 1106 
3 27 992 5 
25 5 216 1654 375 103 623 115 1489 334 586 425 98 1591 198 479 840 186 315 650 70 740 715 945 752 1635 
19 171 905 115 174 1354 1170 5 1002 625 27 1010 479 148 1007 15 178 1487 611 1593 
18 993 1698 556 605 1438 1132 29 98 716 618 1375 1005 679 800 1165 5 168 147 
13 724 796 1635 1690 1557 360 1230 5 479 1067 185 924 770 
6 670 441 75 933 27 5 
12 74 5 301 1602 1039 1003 335 428 958 1344 1056 1543 
7 760 5 877 424 564 823 1638 
4 435 1126 479 5 
8 334 1103 753 554 1319 469 5 1676 
6 98 1225 27 554 5 50 
7 743 98 992 5 115 435 269 
5 1226 5 725 217 951 
6 115 726 98 724 27 5 
6 1300 352 58 1615 5 445 
4 684 1623 5 644 
2 355 5 
3 58 172 5 
2 1615 5 
6 5 731 172 627 1563 1617 
2 1020 5 
4 734 70 134 5 
4 297 1072 5 183 
5 5 910 27 148 179 
2 27 5 
4 5 75 691 1519 
55 479 58 670 791 693 612 684 1003 1019 240 506 27 147 255 1585 248 759 286 334 806 1583 1343 1590 1355 1055 452 1261 1209 239 641 771 193 1524 717 534 732 481 1426 535 307 1649 503 1257 1521 1129 1283 1552 529 5 998 733 172 1534 532 1480 
27 5 642 1485 744 772 675 1314 164 438 346 800 171 1017 471 716 494 270 192 162 58 1638 596 101 1699 585 98 1001 
21 403 684 482 1614 204 517 98 264 5 1226 723 785 13 1059 19 373 645 1093 1417 239 694 
8 1488 629 147 1100 723 87 5 992 
8 1529 669 1245 846 1602 315 5 586 
3 720 5 1343 
2 5 1602 
13 147 979 479 247 1485 27 1575 1053 1358 1517 717 1450 5 
10 5 168 1028 702 70 479 184 430 1658 1419 
5 136 723 1422 5 594 
4 217 5 580 1429 
6 5 1499 595 684 268 1007 
8 1423 668 1252 495 27 5 994 167 
16 482 98 1011 671 179 1443 838 5 1059 1558 1260 862 1200 994 1487 638 
6 5 1493 1638 638 149 622 
6 146 5 770 467 1485 731 
4 775 5 996 731 
6 725 5 237 1490 116 209 
3 5 1575 1624 
10 5 77 301 1562 1624 1481 1280 431 1621 1066 
11 287 5 541 376 27 515 974 583 596 464 1000 
5 115 172 479 5 854 
9 857 588 5 432 755 800 637 171 999 
6 5 716 115 1062 720 1493 
6 1115 1002 5 529 1022 1421 
4 27 98 1683 5 
6 438 1013 213 1176 5 1308 
6 1106 146 1237 1603 530 5 
4 1519 1417 5 291 
2 5 493 
55 27 245 992 999 1006 1229 223 1657 211 596 1418 731 336 496 670 500 212 797 6 1517 1084 298 1690 1318 1571 985 303 715 467 1622 1239 1132 326 239 1343 1028 217 1013 1050 104 854 106 905 912 745 618 115 1349 1497 644 36 1457 730 1064 1254 
8 1353 565 995 1531 320 6 739 74 
6 239 889 618 6 1126 615 
3 173 716 6 
5 6 1097 847 1517 1250 
4 233 250 6 1167 
5 106 1611 684 6 534 
3 584 6 457 
42 115 479 275 1078 1137 1334 716 255 1054 1574 992 993 1576 835 58 994 27 419 108 717 1485 1225 602 1235 1053 1058 1565 990 723 728 351 582 335 1673 6 1068 1625 1541 188 715 596 1530 
4 27 716 291 6 
57 992 1694 27 731 1022 1668 915 115 588 1003 751 1247 240 872 587 716 718 201 255 534 737 493 335 1013 761 554 1493 535 305 593 564 238 507 1267 1382 516 913 1466 1548 1468 1665 406 144 336 690 715 337 717 998 598 6 1391 537 1316 438 777 492 
12 716 6 1327 992 379 201 780 32 743 282 849 1354 
18 992 27 1000 1257 583 635 791 6 503 197 1693 919 521 396 586 1522 1542 600 
6 315 1346 6 87 58 706 
11 27 338 1677 875 920 572 6 70 999 725 1653 
17 1344 1694 6 250 74 934 146 736 1245 1230 1485 363 641 504 1183 1224 1400 
43 315 1347 92 1661 1190 201 115 228 181 975 1486 279 1035 1605 924 366 99 749 1018 482 6 543 1370 157 887 1306 1417 363 544 784 58 1345 245 15 583 496 1014 556 1052 702 219 1525 707 
6 6 840 1345 582 1588 248 
5 999 479 726 217 6 
3 6 1465 686 
7 18 771 1241 55 6 736 684 
2 6 718 
9 479 201 749 257 756 115 287 1501 6 
28 723 596 70 1033 329 6 1074 811 1513 1260 1090 356 1134 234 686 115 58 906 613 1484 763 330 95 635 1500 787 829 1271 
4 1591 35 6 1503 
3 7 1016 1344 
9 368 7 101 734 50 320 494 720 717 
8 7 268 1556 1472 27 1391 217 335 
4 1160 1099 682 7 
7 1659 502 1061 315 710 7 795 
4 7 1240 1089 298 
5 1598 1533 115 7 1039 
8 27 1086 645 206 786 7 40 1071 
7 926 7 27 567 224 1005 641 
10 115 684 812 1657 721 399 1588 8 740 331 
6 115 497 608 1010 1225 8 
7 430 8 188 240 689 338 922 
7 573 211 1395 1251 1231 8 516 
51 715 201 738 73 1347 35 425 8 133 848 1651 54 717 723 1565 684 71 1236 1621 488 716 70 787 471 1575 450 103 1273 718 725 171 277 997 173 1161 1479 115 720 1418 1602 27 995 1486 375 549 91 893 481 25 460 203 
8 1316 211 237 8 1180 770 1417 171 
2 8 1599 
4 1417 698 8 1425 
6 887 8 717 927 1575 720 
4 8 755 1491 12 
30 115 432 1504 1297 1547 992 764 715 774 1076 628 1205 201 1485 594 353 217 746 718 635 435 706 8 1107 981 745 1025 1051 347 67 
5 640 1353 268 8 1487 
6 765 1502 8 1230 178 408 
31 27 255 732 126 635 1035 8 851 882 1486 648 458 720 1588 407 1431 13 218 1128 434 98 725 1063 1518 372 703 171 1495 1354 115 1363 
4 83 8 1463 1239 
38 27 995 738 388 715 1372 720 125 260 126 751 1352 1042 1504 8 1120 369 717 346 541 1623 495 614 1490 216 9 1659 819 1295 539 409 1406 351 1307 1043 1354 107 206 
3 8 79 1230 
1 8 
4 1349 1501 733 9 
4 993 9 882 619 
39 684 722 726 260 635 1005 9 103 673 858 395 990 115 1483 209 277 1053 211 248 1226 73 1579 1161 596 494 1428 1317 718 1624 1537 374 171 1004 432 1426 1047 846 1124 273 
4 1245 438 1617 9 
5 9 668 315 223 777 
26 1575 1422 508 315 803 1215 70 1364 479 785 98 728 718 980 588 366 9 1360 1147 115 992 582 686 648 1078 825 
3 9 1274 1143 
19 255 1489 99 50 1019 1446 1387 250 1234 115 42 813 731 366 552 27 1358 615 9 
7 502 9 1485 1095 717 996 87 
6 27 976 1416 723 1501 9 
7 636 9 465 550 27 596 1251 
5 173 140 722 50 9 
3 9 730 1654 
4 1591 1076 9 1256 
5 995 740 1250 9 118 
16 58 1249 228 1657 182 1483 594 1487 715 9 834 884 653 716 648 246 
6 156 1306 9 1029 68 1595 
21 35 1044 1516 843 349 1259 9 1530 982 748 172 1352 718 1136 666 993 78 1019 1510 337 719 
4 21 638 9 25 
3 559 9 998 
5 31 9 514 255 684 
2 9 115 
13 726 728 1236 9 968 1352 847 209 732 468 104 673 1354 
2 9 770 
41 993 280 255 1590 124 70 1419 1015 1588 632 369 1132 970 351 582 15 1232 762 765 471 1376 1378 698 1640 628 884 405 1400 27 735 583 544 906 1487 98 239 1023 9 1428 338 23 
4 9 1577 27 719 
13 217 429 716 49 543 115 479 1436 684 1438 9 952 973 
13 479 405 416 699 277 1575 1093 9 370 739 1440 1517 832 
6 534 9 1152 1348 1135 58 
7 363 1694 571 212 684 1475 9 
7 1624 992 9 981 304 723 1039 
5 1691 1624 1090 992 9 
9 1045 572 521 479 481 88 10 1399 909 
7 171 10 1004 1429 995 724 70 
16 363 191 42 800 307 571 10 1141 223 127 115 722 898 718 1013 1425 
3 115 10 1223 
25 1082 1006 1233 444 97 613 58 552 479 1039 27 297 18 60 1406 989 534 766 10 1016 785 844 1118 1242 814 
7 1114 726 1497 10 1489 739 992 
6 199 760 645 210 720 10 
8 995 909 733 10 355 715 134 105 
11 1510 304 684 756 767 10 98 1623 1627 588 419 
10 1043 602 72 326 594 1287 773 493 479 10 
3 1007 10 495 
5 789 1379 726 1635 10 
23 438 750 11 689 167 289 1585 757 1423 1563 727 1244 675 1148 731 87 320 1229 1062 1253 852 1574 716 
9 588 691 201 515 11 1009 1100 231 611 
6 724 670 995 11 594 974 
2 849 11 
6 544 92 726 151 11 190 
3 760 11 313 
4 201 736 647 11 
21 722 1420 775 1575 1345 739 115 1004 283 1132 574 467 1228 100 11 382 1615 495 771 293 819 
8 418 594 211 1501 11 726 1068 315 
6 11 1110 1575 1236 334 479 
7 27 287 171 1090 482 1233 11 
6 782 11 1657 1126 1031 27 
7 763 1346 27 11 431 684 104 
6 1621 806 11 479 663 1037 
2 11 1452 
5 142 20 1056 11 992 
4 302 11 1008 1223 
10 27 1390 388 1021 772 11 1009 115 467 1154 
76 115 1002 1353 98 721 258 467 1486 1226 494 751 761 1025 1591 658 1644 1244 792 305 1062 1436 230 562 1149 905 634 393 327 919 927 1411 17 214 1575 726 736 175 124 615 1251 1377 27 146 1638 598 762 1350 11 790 798 1181 992 715 217 611 1624 40 830 1444 257 1688 343 1208 58 1585 360 764 35 1026 1363 1459 379 801 1603 1162 1652 
4 11 736 115 1026 
4 11 686 115 1256 
6 1383 1223 1023 11 115 534 
3 1109 1585 11 
24 467 718 797 999 715 614 1347 11 847 29 1189 117 1380 115 1493 635 1519 684 842 367 27 297 202 227 
4 467 11 98 1002 
5 11 596 999 1589 1653 
5 11 1060 124 915 1071 
4 412 1597 11 1014 
4 1492 11 27 1227 
4 201 294 11 1605 
4 315 829 622 11 
5 11 992 1474 537 1486 
9 1516 730 115 224 1344 11 419 375 395 
10 992 993 649 717 730 548 11 58 224 1114 
9 603 235 594 358 740 11 1518 1417 723 
5 1009 98 1036 11 1047 
3 416 715 11 
18 58 115 306 1615 134 1142 1011 635 1031 154 11 1424 1518 171 1357 38 1225 146 
25 732 1347 98 1638 35 799 89 228 886 1187 115 151 1690 527 1585 11 1597 27 211 1189 388 469 209 1032 1604 
22 684 1243 1124 98 992 1594 1625 717 1346 783 517 351 11 674 115 211 73 575 449 1195 201 831 
9 1576 11 726 1025 211 1429 270 1073 734 
9 237 115 215 670 98 11 723 277 750 
6 1415 1529 718 115 11 735 
4 715 11 1224 117 
5 1622 1341 728 11 1117 
3 716 11 115 
2 315 11 
7 115 727 12 763 1485 1224 11 
3 493 738 11 
33 684 992 1626 27 1233 98 126 1008 1359 816 1093 420 588 250 570 617 792 12 511 599 966 1575 1224 172 1487 1229 13 794 456 1447 893 839 723 
4 1047 245 744 12 
2 12 727 
5 635 1062 27 12 270 
3 12 842 382 
31 209 725 479 277 250 751 50 12 1596 642 684 1492 115 468 1035 809 1546 447 431 87 1008 1286 715 1622 336 99 503 1585 1493 1038 665 
8 1448 736 1657 115 1487 27 12 159 
14 72 27 732 727 783 535 245 1655 814 363 1007 1429 12 1455 
2 725 12 
8 12 292 1070 715 783 161 524 730 
4 224 995 12 1109 
7 588 41 985 997 12 98 578 
2 331 12 
3 658 12 1018 
19 868 27 375 100 992 1346 854 1162 841 1640 315 149 1058 12 120 1127 140 113 715 
3 1551 12 1502 
3 12 115 1622 
33 27 115 1634 1486 641 216 287 793 823 217 1348 606 282 732 758 1271 1153 730 1246 1089 1343 684 73 1492 353 656 1057 12 1519 47 1167 437 719 
6 12 756 1190 736 747 581 
4 993 512 728 12 
44 98 27 998 1024 12 1637 680 124 632 1683 435 431 1657 783 640 509 1111 866 725 1055 115 615 217 1622 740 1227 553 583 1490 1348 461 645 735 260 1421 552 1260 1091 258 1224 1682 684 1365 1579 
5 12 1683 473 320 614 
8 679 227 70 1465 761 1026 12 583 
6 58 834 277 1362 250 12 
5 1264 1022 67 280 12 
5 1417 1233 78 12 993 
3 511 248 12 
8 828 1247 12 113 1485 1422 173 1051 
4 12 1650 255 125 
14 579 360 457 1547 1657 753 416 329 998 70 12 239 788 146 
9 12 191 1235 1387 752 1519 736 1168 938 
13 12 1279 1475 715 995 1253 722 1008 1491 1429 506 514 491 
4 718 1249 1609 12 
5 782 596 12 212 315 
8 1260 1622 12 592 49 829 58 745 
2 12 750 
5 304 13 1420 1586 350 
3 1383 684 13 
2 800 13 
5 551 13 1661 670 430 
5 1419 721 464 1601 13 
6 13 27 115 1346 507 1063 
23 716 535 1248 524 784 27 335 1003 58 74 1424 479 410 1038 314 1482 250 753 1638 1673 416 13 1267 
8 759 751 779 799 479 13 579 495 
6 992 40 13 717 684 718 
5 636 64 27 577 13 
5 98 715 1525 1017 13 
6 1600 13 727 1240 315 1446 
4 13 788 1381 728 
6 255 13 1395 532 329 1202 
5 13 213 733 823 1526 
6 13 593 1575 410 673 483 
5 479 115 13 70 716 
4 235 1223 417 13 
2 1329 13 
4 1269 98 13 85 
7 495 13 1686 541 465 450 1495 
8 115 173 715 1356 13 464 1168 128 
8 73 70 898 13 1478 629 1225 732 
4 13 280 277 865 
4 567 211 13 543 
10 1034 13 410 992 248 845 1487 633 1361 494 
2 13 247 
6 13 888 645 98 1049 250 
23 1231 1667 797 105 397 407 1247 546 743 992 27 1589 780 1217 388 644 551 58 13 479 1166 1498 1538 
6 1027 780 1372 13 98 1098 
12 992 324 738 13 717 61 715 87 705 98 801 944 
4 13 730 1107 1593 
6 13 115 684 715 514 736 
8 1503 494 762 728 756 1033 844 13 
14 992 388 375 333 13 1579 732 280 1697 755 1360 1347 1021 833 
6 579 1232 399 1512 872 13 
9 305 773 15 1486 531 1659 14 1151 605 
9 59 209 14 293 329 1619 1103 960 1230 
5 719 479 14 992 346 
3 14 59 999 
4 575 614 1418 14 
3 14 1235 40 
8 152 1224 992 1589 793 14 1008 1028 
17 772 1389 27 239 501 102 14 1007 1562 731 1529 723 761 717 1279 146 110 
4 27 14 735 761 
7 1623 14 1034 719 728 617 1005 
5 151 719 1422 479 14 
2 279 14 
8 179 1098 479 385 481 14 1265 237 
16 1008 309 351 722 98 1152 495 1231 700 1230 190 1447 1284 366 14 1223 
14 1008 1047 896 994 255 74 722 618 193 245 748 1575 14 1385 
7 543 1579 729 1426 997 14 1560 
3 1165 14 248 
17 87 153 1083 115 642 1505 664 831 1377 683 1240 366 1585 14 644 156 245 
5 27 668 97 14 820 
4 993 46 363 14 
32 716 197 684 870 1149 717 87 1345 756 644 92 1133 256 1285 538 1166 1192 115 172 93 596 27 211 15 480 1488 297 440 1175 98 1337 583 
4 986 757 15 720 
6 961 42 1674 1049 15 438 
7 150 27 15 727 889 1224 1007 
6 1236 481 15 490 819 689 
5 725 1163 1457 15 1072 
10 15 739 584 610 954 996 289 1654 895 1256 
7 159 1679 15 27 51 1443 715 
3 15 1002 1533 
4 351 15 718 464 
5 115 962 1446 15 1005 
20 684 70 1431 1050 845 1536 98 726 1008 1348 993 336 125 745 25 15 1224 1018 1588 102 
14 15 402 1370 554 239 705 521 575 1166 719 1255 922 1013 1283 
9 15 1341 1495 561 673 1379 1432 684 1141 
7 630 720 15 1428 1580 586 171 
9 15 997 75 853 1348 550 1564 1420 99 
7 98 1507 878 1587 1645 15 721 
7 15 1156 479 1040 1001 1036 679 
5 346 719 15 58 761 
5 15 1699 375 1163 208 
2 248 15 
5 15 479 520 632 743 
8 1028 993 239 45 15 1329 553 676 
6 15 1482 366 123 954 675 
2 15 615 
3 479 15 643 
27 731 534 641 386 15 1421 191 1063 403 881 684 1491 852 473 726 1604 1422 636 28 1078 509 447 1027 650 992 1343 1310 
7 263 747 992 1360 15 402 1417 
3 1417 1166 15 
38 27 304 76 526 201 58 722 15 186 905 1172 935 951 315 1375 1297 479 480 321 1463 684 320 757 127 629 789 131 1445 723 541 596 1485 1226 741 314 1367 584 1159 
14 717 1159 125 88 776 1241 701 1344 15 27 1008 275 351 1553 
13 1043 154 847 594 335 102 583 717 914 997 1165 15 644 
11 722 1174 999 15 992 881 674 583 1677 718 753 
11 124 172 277 1223 1477 535 874 239 15 638 98 
9 1637 27 1545 1207 1160 800 1172 718 15 
5 725 367 15 464 1118 
2 15 724 
3 717 756 15 
5 1123 1238 783 15 1575 
2 754 15 
3 15 27 545 
111 115 124 192 1523 1566 27 98 720 1345 1002 745 149 430 1064 285 294 219 486 36 1117 510 585 715 716 209 588 258 996 728 1585 732 1001 1003 1234 1694 18 306 1254 1518 507 544 49 684 718 58 722 467 171 351 289 541 126 146 15 147 744 583 1009 388 756 757 482 75 1022 773 178 658 389 1502 549 1592 153 821 455 92 420 875 310 1650 459 1134 32 1458 595 666 428 969 398 992 993 1344 279 753 710 410 223 280 1088 844 1389 587 489 1298 979 463 144 741 179 1699 909 1312 
14 1622 787 1670 944 15 1501 737 438 603 1498 133 27 1000 467 
15 997 239 171 731 15 70 1042 430 718 717 1057 285 1257 442 752 
15 724 15 758 184 58 728 1566 479 217 1321 98 173 1499 307 828 
9 15 771 730 543 817 397 1654 27 118 
9 543 992 493 115 615 15 1367 583 48 
3 15 27 735 
5 603 479 790 15 1580 
11 747 1343 814 677 1485 15 565 1693 977 98 513 
6 15 239 761 27 684 1459 
5 15 479 812 807 1009 
6 1226 442 849 1586 1344 15 
5 1045 1614 377 15 684 
4 1585 211 494 15 
19 645 98 737 995 534 211 15 789 484 294 200 718 717 513 992 1488 1603 1409 345 
28 725 1296 736 757 407 733 315 749 1010 492 15 575 759 1427 64 1254 1399 415 1306 752 756 227 1526 255 1135 172 951 1344 
19 611 993 996 496 1348 183 1237 1615 1081 911 295 389 15 402 728 250 304 431 1051 
11 582 217 1037 1094 495 98 732 1059 201 15 1567 
9 15 1279 761 1313 72 236 722 994 1024 
8 717 1656 15 784 806 1585 716 820 
9 15 594 1485 1486 665 718 505 561 507 
9 27 15 1379 1064 718 201 126 725 1440 
8 15 1535 1412 141 1014 657 425 951 
11 748 230 15 1587 1355 98 1379 1000 261 1664 688 
7 351 531 15 171 559 115 213 
9 1490 719 216 15 823 1316 966 1064 1156 
4 15 1224 499 1320 
4 171 15 751 377 
8 387 1368 499 15 785 479 1051 211 
3 258 15 1382 
7 789 464 144 841 366 994 15 
6 749 643 15 479 27 1591 
7 949 115 15 346 717 1397 372 
4 365 15 857 738 
7 949 493 684 124 1393 15 487 
6 377 1046 273 414 1227 15 
4 191 15 115 298 
5 15 615 238 1324 211 
7 80 720 1566 716 15 173 336 
5 15 758 1335 1105 1250 
4 15 1348 992 1153 
3 459 15 1041 
6 115 15 213 450 285 1410 
4 27 98 531 15 
3 15 751 736 
6 388 355 830 1226 15 1003 
4 801 638 34 15 
4 684 15 467 996 
3 335 15 27 
5 1435 1012 717 15 718 
5 1591 996 15 195 171 
6 702 15 1496 198 738 1622 
7 784 522 127 743 15 418 503 
4 171 395 881 15 
4 851 563 98 15 
33 715 1496 115 464 632 1243 1445 596 1010 64 795 281 1487 46 171 493 763 1404 684 541 688 211 15 1004 1008 207 995 289 1576 1021 79 318 953 
18 171 1245 115 719 1049 211 353 1023 63 959 715 388 694 15 471 1222 1420 1046 
2 567 15 
7 34 910 1691 328 15 1232 211 
5 1417 15 438 711 115 
5 15 1031 250 42 1669 
5 128 15 1047 1475 75 
21 534 402 1418 582 250 995 725 1092 1662 467 1644 961 1417 191 130 81 883 1288 1397 479 15 
3 15 1003 124 
11 484 570 750 1578 27 483 433 279 15 217 406 
6 115 277 15 301 479 217 
5 1585 478 15 770 998 
8 1224 15 1420 899 700 629 905 410 
6 716 807 15 635 1226 726 
4 1092 15 330 1094 
9 239 677 16 623 143 715 132 1645 479 
6 710 16 1425 453 263 115 
10 1049 410 1444 385 1427 794 16 724 961 1257 
9 1498 260 672 30 807 731 16 289 366 
17 718 77 16 113 366 115 27 626 460 1002 1418 1587 1488 1034 1386 98 1673 
18 450 65 1236 773 1351 819 1009 64 154 155 115 717 583 1694 795 681 16 211 
2 16 1315 
11 115 723 27 1614 1244 148 1223 217 1102 125 16 
2 1227 16 
3 647 16 683 
8 1699 17 716 272 1230 117 503 1002 
5 1407 98 889 1657 17 
4 451 499 1511 17 
5 580 1009 1585 315 17 
3 533 17 1434 
7 152 670 81 784 48 17 211 
5 27 715 17 202 487 
2 17 1252 
14 570 234 406 738 614 588 1448 1343 1096 1159 17 124 27 536 
6 1360 1686 1234 18 728 887 
8 589 18 727 978 1627 1236 57 637 
32 567 1515 717 1006 98 738 586 1111 70 346 1032 1251 89 1095 69 1144 1581 1472 684 73 1441 94 1225 18 543 1571 716 1227 800 996 1692 1519 
7 1575 595 287 18 753 282 756 
10 18 1072 684 215 973 992 75 761 115 285 
5 739 686 238 18 116 
4 1476 27 18 304 
15 422 588 1682 1097 1223 450 494 18 718 124 670 717 858 121 336 
8 27 1232 643 1238 1401 18 1095 1255 
6 391 18 1276 1515 962 959 
3 357 28 18 
9 115 687 18 1654 375 417 389 812 1623 
6 562 1605 729 1245 181 18 
3 364 18 851 
20 258 541 18 1222 1109 27 999 1360 277 218 209 797 1130 996 684 1230 645 1050 716 496 
28 997 554 788 716 470 277 50 1488 760 658 1469 366 710 213 484 18 368 892 438 469 191 1053 479 643 604 1417 868 217 
7 620 992 208 18 444 911 467 
7 1602 18 767 479 118 172 1251 
16 146 213 58 130 646 452 661 684 1346 126 18 570 27 1357 175 828 
6 479 1348 211 18 1421 715 
30 684 748 27 575 258 629 1067 193 1466 211 1630 1502 1508 144 717 635 760 18 723 346 1623 1000 567 1589 1041 293 298 357 1385 479 
6 127 1007 645 18 115 569 
4 19 715 1390 1333 
2 19 1006 
4 19 115 380 1562 
6 1586 1016 211 1438 19 397 
25 1421 1008 294 723 331 1516 245 499 305 19 1138 299 1159 58 993 27 1547 180 1330 719 125 1426 268 469 1042 
8 571 19 182 1055 1698 1078 784 479 
65 209 1486 645 1491 1423 42 1517 1099 1201 115 467 534 999 712 647 76 1043 191 1241 1506 849 1523 881 1287 719 172 100 700 1575 255 1343 729 51 638 1048 640 1368 1514 263 1263 1275 1526 59 621 1563 379 58 1418 603 224 49 322 1462 992 438 201 70 1008 83 1689 19 1554 1185 718 726 
3 19 1250 1002 
10 1410 211 1575 1420 837 19 1536 1423 27 315 
7 1488 780 1074 1391 64 19 346 
5 1585 992 1055 213 19 
4 70 19 726 716 
7 77 294 209 635 720 19 1229 
20 480 1231 596 331 1094 1002 1427 486 684 19 1195 1423 1392 1585 1607 75 1250 1660 739 717 
4 583 955 98 19 
11 725 1487 751 744 965 652 148 614 418 673 20 
7 1447 998 20 363 125 651 98 
4 90 761 20 27 
4 236 1681 20 1009 
4 838 891 20 721 
3 444 660 20 
11 58 298 1531 20 315 1591 796 147 27 730 495 
5 684 1134 171 20 1024 
5 289 98 1485 224 20 
16 98 422 1155 367 126 1237 250 744 605 82 320 567 1044 21 1601 1013 
27 728 1227 820 133 662 516 991 992 998 21 1079 1691 1610 715 260 636 1653 484 105 366 203 315 124 1575 1417 1282 462 
3 963 21 737 
13 721 747 27 737 98 427 346 1234 1504 1039 115 1485 21 
13 201 1485 21 203 732 1679 148 105 36 1595 432 1420 738 
6 1575 21 27 254 1585 795 
4 1589 21 584 1370 
4 1361 21 596 722 
11 70 788 327 115 1361 21 721 1509 1097 185 649 
6 549 21 146 1015 27 1611 
3 102 34 21 
7 147 1622 21 1218 629 1420 124 
11 553 727 1041 21 126 124 1422 997 44 721 1154 
4 70 21 1268 164 
7 277 69 21 729 245 1417 1106 
16 467 101 733 1417 174 625 546 87 21 1313 738 127 1277 404 1216 588 
7 764 645 21 1010 452 785 726 
5 21 1004 647 1485 928 
11 277 366 1666 459 819 88 22 75 1036 534 125 
8 407 1078 1687 22 1423 63 58 70 
4 315 115 1598 22 
38 115 1224 101 831 547 248 334 1045 1084 255 71 1236 646 963 715 1000 224 1510 913 97 245 320 602 1654 118 800 22 85 349 1606 1558 684 866 588 773 213 1515 58 
18 718 1022 1238 391 747 75 22 464 615 717 263 849 107 58 87 1666 48 1650 
6 1390 1101 1501 193 569 22 
24 995 1640 809 185 98 58 999 659 720 992 895 525 740 1015 1588 1030 184 471 596 1245 42 22 271 1330 
4 646 1107 22 94 
11 988 732 1026 246 596 366 22 1519 1575 98 821 
19 684 105 1489 100 1039 1699 980 49 22 171 216 1069 234 363 1076 1485 1654 1098 464 
11 435 351 172 1356 1252 22 1219 1023 105 1587 1694 
6 463 576 583 1654 510 22 
12 201 58 23 1422 72 410 1073 438 469 435 1128 160 
30 993 730 1620 291 918 1229 630 596 997 740 1011 1524 493 746 1098 409 58 1251 1514 853 27 173 1002 589 233 1411 366 582 1017 23 
8 23 639 586 764 98 769 725 635 
12 596 1066 303 631 1350 1131 558 684 1006 23 697 746 
5 23 248 258 1531 268 
5 23 1228 330 1417 622 
6 23 464 719 804 755 146 
2 606 23 
2 605 23 
5 268 1080 1142 49 23 
1 23 
8 1677 78 1576 30 1521 35 23 115 
11 27 1355 115 23 363 697 830 716 1625 138 698 
5 115 723 24 501 1346 
8 479 1145 24 1488 770 359 315 583 
4 853 638 24 1422 
4 669 24 610 1585 
6 586 24 1191 714 1145 1272 
6 727 875 759 24 615 1237 
3 24 310 1024 
3 435 24 1519 
10 1230 1511 992 24 1032 829 1272 499 351 760 
3 479 270 24 
8 726 750 1051 132 1003 24 1344 731 
10 183 838 24 115 1292 436 730 1105 257 1653 
7 1012 660 1417 24 175 1038 98 
19 115 80 957 171 25 1034 1352 1596 127 299 385 27 1241 564 338 575 1153 201 150 
5 184 731 994 74 25 
3 25 1085 552 
10 255 84 27 716 275 605 397 451 25 999 
7 753 25 470 58 1230 1062 336 
8 172 1128 110 722 461 297 58 25 
8 119 27 460 721 732 25 716 684 
3 25 549 487 
1 25 
8 115 25 736 455 148 40 368 997 
4 1007 25 366 1488 
5 25 120 554 1442 999 
6 1085 1282 1017 229 70 25 
4 558 25 435 87 
128 27 58 239 720 721 1417 582 336 449 1226 320 173 1491 1424 586 697 1035 776 572 778 1239 1430 1431 235 1432 1508 819 79 390 841 1677 1130 513 1466 383 1550 526 962 1478 717 718 69 115 124 70 171 366 727 351 346 730 1005 279 603 762 763 1426 1236 647 1355 25 1436 811 1601 414 612 1137 1156 207 984 715 1485 726 728 363 737 1016 799 847 138 1627 182 588 534 1010 770 1027 451 293 1521 282 52 221 273 1324 479 1575 438 723 1224 464 635 1614 754 1230 756 1647 1593 309 731 1622 1165 255 805 570 641 488 491 722 467 738 1003 1007 1505 1074 1089 676 160 
2 70 25 
18 1486 775 816 1122 220 1661 1305 573 1034 1431 814 317 258 715 224 717 25 937 
5 25 579 1107 98 1354 
6 1620 1619 502 534 810 25 
5 237 25 297 1343 442 
5 25 125 1405 700 211 
5 298 1240 170 25 1579 
1 25 
6 749 72 25 171 1511 743 
7 25 1421 535 59 173 1376 49 
3 993 997 25 
3 993 1392 25 
14 715 1347 67 1593 804 712 999 25 1012 647 656 684 1428 1485 
5 90 656 277 25 242 
4 1661 280 128 25 
14 1630 1251 820 25 755 1003 848 596 431 124 690 965 546 1171 
7 1225 468 25 780 738 1033 765 
9 217 1071 27 25 1104 1522 1630 530 179 
6 61 248 725 1005 25 1146 
3 1002 1196 25 
6 1002 26 412 1627 450 1633 
7 214 245 1052 947 1145 26 1134 
3 26 853 217 
2 26 1069 
5 26 1629 1586 1081 1675 
15 124 479 1030 230 550 1396 1477 980 726 26 583 1492 98 27 1576 
9 721 1623 26 1014 730 1641 538 98 70 
13 58 71 26 1653 1353 1196 743 1024 1356 27 697 865 596 
2 1673 26 
4 661 26 993 1046 
103 27 732 849 1142 1306 315 479 239 201 997 1226 146 1004 1489 1010 73 1011 686 360 697 1496 1034 1037 1041 1500 1354 1067 403 823 445 355 859 887 587 1663 1629 115 716 211 684 1417 725 1585 250 734 737 245 1006 752 1233 268 1262 414 134 340 1543 1465 1662 1195 98 535 412 351 750 1348 1114 615 765 810 590 1259 108 333 719 995 724 320 377 549 1222 848 62 58 209 70 534 635 1492 762 1589 117 1577 796 1593 1363 565 1450 1532 1632 1248 292 392 1170 
85 172 748 50 1630 1497 656 786 212 1162 1557 601 27 1027 559 1046 1072 816 1273 210 547 1461 1163 939 1364 479 209 438 570 1489 583 388 127 268 1032 1653 1592 860 1138 1151 517 1192 115 723 1347 148 1357 1070 808 673 1541 239 994 736 743 746 1233 1038 1040 833 1099 1106 204 1677 881 342 398 715 211 1006 1012 194 1681 676 1299 1326 498 1531 582 297 58 279 1425 1439 1078 1139 
83 27 58 209 438 1344 1622 999 336 1230 468 603 1016 554 1493 1025 178 788 1246 1506 390 1094 1273 511 901 475 1404 211 70 994 740 1005 753 116 498 1449 588 995 115 998 570 425 1238 822 842 1384 1647 171 74 767 469 330 261 98 684 239 724 1585 250 733 1576 493 575 1013 481 757 636 686 758 759 1233 1654 771 412 1055 795 1433 1358 227 856 243 1185 528 973 
81 98 320 27 1035 1599 479 738 1576 1014 481 1493 270 1043 500 1265 903 378 1193 222 258 1486 575 1347 1022 1667 499 104 1089 684 719 1002 470 1248 390 874 339 1408 1506 130 472 120 211 239 596 255 735 245 553 636 1033 1630 1653 34 1046 1258 824 1111 857 1394 1463 1309 447 528 1632 1483 115 1575 1485 996 1223 1225 739 493 1019 287 1257 1105 898 1311 1187 1618 
40 733 363 756 1017 270 1069 504 27 1693 98 811 278 58 1226 1013 1223 535 115 995 741 746 450 791 420 992 650 715 596 729 759 1026 427 1047 1612 718 594 1238 1512 456 428 
36 684 27 1603 479 439 738 602 1023 227 291 115 250 999 741 638 746 1229 1588 1037 1666 452 1519 194 1643 517 176 239 248 99 826 98 727 992 243 58 1323 
46 684 1657 1032 235 315 1417 1418 1667 1497 1499 622 1069 454 1381 1534 929 943 1329 1339 1344 617 711 626 1367 67 1317 735 1021 795 1281 1148 386 98 1192 27 609 124 1429 1091 676 1692 992 1009 785 1098 1675 
45 479 725 377 1517 985 467 1013 1014 1025 1236 497 1060 1649 895 1560 1408 1483 27 255 125 1559 970 126 684 304 470 1356 1699 1680 98 1622 1004 432 763 431 287 1044 1369 621 264 115 996 675 1417 1495 
43 1234 1048 1437 262 1700 684 1012 1475 716 993 1026 1036 174 657 588 1042 209 346 740 1623 743 173 425 1248 1063 1439 239 467 594 224 331 1255 1637 870 1286 892 180 948 338 27 742 556 283 
23 717 149 474 992 40 1565 1485 1263 837 299 27 482 158 760 1372 125 286 551 856 1575 1460 1201 715 
56 351 248 1586 1360 157 887 703 1420 1005 800 646 67 1169 1195 115 541 1487 782 31 239 1368 715 366 729 1010 1014 761 1235 443 500 793 1068 1620 1635 870 473 733 739 494 1041 215 901 1479 722 781 796 188 27 1418 1226 1002 771 605 1058 1367 354 
38 255 464 449 1011 1019 1682 290 684 315 305 27 547 601 98 125 49 1040 790 1190 1341 596 115 993 710 219 275 667 337 296 158 1149 1473 770 117 1653 630 1384 301 
38 115 353 720 87 729 1585 1419 1001 747 1083 662 884 569 58 1225 769 1512 98 1015 1233 1526 348 930 124 1622 626 1187 1031 441 684 297 815 924 344 27 1417 1438 393 
42 209 495 752 759 1498 40 1511 838 1379 848 1633 1121 568 1690 341 394 415 365 970 994 427 1388 1211 1486 738 739 482 812 1575 1249 1223 1526 1397 27 615 275 1048 1601 684 479 70 258 
20 727 98 1020 120 580 433 874 1343 27 719 725 997 739 1238 628 1304 596 730 1350 1087 
39 27 128 838 869 124 998 668 115 611 711 1120 1533 729 483 98 329 796 355 859 645 1615 413 265 1634 949 684 363 1015 770 1026 1034 330 1047 1381 862 1173 941 1568 201 
37 684 1232 1355 820 186 187 1537 164 211 297 800 667 464 481 552 1592 1360 1336 115 1352 1037 1553 201 1227 425 899 1417 27 260 1012 78 671 1485 1348 1520 1486 1328 
34 479 841 171 363 1228 335 353 275 1588 1667 782 640 832 404 676 58 496 1054 27 1242 715 742 71 416 1697 1388 1052 790 618 815 1517 1481 248 1023 
17 719 1673 396 27 993 1224 494 171 253 761 629 994 292 717 725 55 1044 
24 115 784 1068 1485 1593 227 1643 1343 1229 1164 1335 715 992 1544 1225 750 995 1015 88 1061 337 1138 166 27 
19 27 788 485 721 115 740 127 1445 366 1344 812 870 718 1424 339 426 995 1676 277 
35 993 99 316 352 996 679 70 27 494 51 1638 88 1248 1074 1635 414 895 221 523 303 216 376 315 1000 749 764 1505 1062 1437 80 891 111 716 364 1584 
21 27 748 115 1007 617 1048 616 715 1225 684 480 742 1694 1506 1364 1674 493 1657 1082 1107 211 
33 27 1488 512 250 1489 112 1585 720 530 345 684 749 1493 629 1271 239 728 567 618 412 1057 701 917 991 1501 1689 718 1029 1351 570 1000 1018 809 
27 280 728 1018 836 1265 1381 1622 98 603 290 573 1408 27 725 718 444 1269 1316 996 729 304 1020 1673 202 1109 1275 1143 
20 735 1497 366 146 1614 115 1500 235 267 723 645 1425 27 794 1265 1297 717 638 1030 331 
14 467 1355 1059 719 479 51 720 1225 997 992 27 1666 1529 1243 
11 70 27 66 732 723 1009 34 1061 737 782 31 
26 115 1234 1622 723 27 1486 1614 693 156 84 531 410 1658 1121 1688 716 212 77 1361 849 1133 1297 780 98 712 459 
14 614 1349 347 996 1015 1586 1320 1340 1595 1675 172 27 479 605 
16 1135 1152 245 449 1521 70 380 89 869 1576 479 27 98 758 1495 201 
11 245 758 720 716 645 1225 719 647 115 27 143 
26 1363 1457 1547 1420 1347 1428 1498 804 813 1548 1403 1227 1076 814 364 27 727 830 1345 636 465 52 487 1528 908 617 
17 737 51 27 1344 432 767 1027 1071 588 911 716 1350 1586 270 98 502 1058 
16 693 1546 217 223 27 494 738 793 1009 855 736 1623 1225 1422 829 510 
16 715 1407 915 381 27 338 734 1036 115 667 297 1005 543 118 1010 1654 
27 315 1034 64 1240 1638 1071 506 250 763 605 389 1064 108 1000 211 1060 98 752 869 523 351 1575 27 30 1650 1645 115 
16 728 494 27 761 1351 797 751 481 77 1252 146 715 1421 376 1332 125 
20 717 470 1002 388 375 1395 154 674 1033 1440 1683 27 45 571 479 1434 1386 87 1442 1421 
10 929 684 1641 1698 477 1344 50 1536 1419 27 
12 992 105 1366 193 1178 1614 27 650 244 416 700 70 
17 684 1524 494 223 1042 415 955 438 571 1274 293 475 479 364 27 719 1235 
10 494 1148 27 717 439 297 125 32 467 479 
14 27 518 363 124 717 867 1420 482 745 1221 98 782 746 1491 
10 717 719 171 389 27 494 1688 728 1587 662 
16 583 665 291 724 129 27 1344 1486 302 1487 1085 588 761 895 152 873 
29 725 733 35 980 760 572 27 1022 1242 368 115 497 456 1286 1068 1605 752 774 211 425 1055 1600 607 1288 426 315 76 488 1465 
11 315 992 1044 36 715 115 27 277 415 684 100 
10 224 1375 751 534 344 27 684 309 722 1586 
15 736 315 1029 1611 909 27 1067 245 630 1262 1348 765 1235 1030 646 
12 247 1603 715 1292 879 997 27 764 58 1006 277 701 
9 27 992 995 794 289 1153 1625 1426 1105 
9 115 717 27 585 1426 748 1366 293 1486 
3 1231 1012 27 
8 727 1009 1055 123 992 142 646 27 
16 115 545 276 684 27 1013 1237 730 1424 149 658 186 1581 726 240 1095 
9 64 483 27 725 304 1262 717 171 221 
9 1509 996 27 73 314 1083 172 1387 425 
11 1488 479 554 1367 294 1562 27 1012 777 418 635 
6 98 761 245 1488 70 27 
7 187 27 1017 686 304 1123 98 
8 75 1421 684 468 1010 27 1553 993 
11 773 1053 31 1141 27 1500 1433 211 124 83 257 
8 1495 1225 27 1045 1238 684 995 1075 
7 1230 27 1223 389 1577 1449 115 
11 743 1627 992 212 701 410 126 27 411 599 1366 
8 27 1428 1585 862 1668 109 725 1168 
16 742 1275 1245 308 137 908 379 725 851 27 32 1514 732 758 1655 30 
12 1015 1599 366 1650 476 1001 1335 353 355 1332 336 27 
13 124 498 564 595 1002 1096 1391 531 217 1203 734 27 388 
9 289 721 27 1575 258 630 1082 507 173 
8 27 716 1045 98 233 1684 115 1652 
11 480 1235 1515 1115 87 224 1341 810 27 1243 239 
10 735 622 583 1032 115 27 717 1394 394 375 
13 1364 802 1374 1380 509 493 467 794 1142 1013 296 27 1017 
7 315 486 1038 726 27 1014 732 
8 171 1037 117 1585 27 1015 719 213 
9 27 1347 315 830 1353 57 961 346 1204 
7 725 1227 749 424 27 1348 363 
8 27 789 740 766 1070 551 346 1513 
10 72 230 1449 27 721 717 619 534 554 1235 
7 27 715 149 725 730 991 611 
8 320 201 1355 752 410 27 582 1606 
9 315 996 1689 140 123 1249 27 72 1372 
8 335 1169 98 27 389 1007 1347 684 
13 49 148 287 172 384 570 472 731 1222 725 635 193 27 
9 525 1003 1522 412 27 1225 58 1246 315 
5 1659 27 789 75 996 
8 1424 27 258 58 1009 1244 1638 1223 
10 27 697 747 1346 859 1589 820 650 34 835 
9 125 87 1015 1592 48 27 684 1584 950 
6 171 27 1241 310 1142 498 
7 1429 552 1227 547 489 27 1421 
4 716 1629 27 127 
6 1433 27 738 351 638 1343 
7 27 787 688 55 715 991 993 
6 684 224 27 1011 44 719 
8 27 728 489 1472 735 579 235 994 
6 27 747 1183 260 1237 933 
9 1485 1447 747 353 27 1414 289 686 487 
6 27 732 727 77 1615 992 
9 1063 1615 346 686 1496 1640 716 98 27 
6 483 859 27 1677 1498 1125 
5 1028 75 37 999 27 
8 27 442 304 684 1402 632 250 554 
9 804 615 436 700 1597 731 27 1300 498 
6 27 479 1420 121 98 640 
5 993 717 1079 27 945 
7 363 27 504 1351 715 396 152 
6 27 1469 1623 718 1385 1004 
7 995 102 1150 27 115 1653 258 
5 1614 27 720 1353 124 
4 27 1018 865 125 
5 482 27 586 889 373 
11 749 327 116 1224 665 380 224 1004 27 981 58 
10 27 315 1468 656 747 846 51 1146 524 792 
7 635 853 27 435 1081 336 1036 
5 280 732 1002 996 27 
4 1033 416 27 716 
5 1080 27 268 71 369 
8 209 804 1673 1030 1590 1421 27 98 
6 1509 739 27 1578 1345 1276 
3 27 724 598 
9 27 668 75 79 609 728 730 1518 184 
3 346 98 27 
4 869 146 27 218 
5 684 360 732 27 509 
6 350 1225 124 717 320 27 
4 128 27 270 955 
5 479 289 27 415 978 
7 27 1520 1002 1351 407 115 449 
5 175 830 27 70 255 
7 684 320 205 469 1086 27 275 
5 728 27 239 700 715 
9 1226 636 300 212 596 743 715 27 490 
3 1477 1374 27 
7 27 782 248 581 1000 115 533 
6 1616 464 1272 34 297 27 
9 453 27 707 645 98 659 831 30 1199 
6 1224 192 201 27 360 1261 
5 27 1344 1420 749 1030 
6 1097 27 724 717 963 994 
7 58 512 1194 718 1429 27 193 
8 1472 27 1492 1244 255 575 1041 122 
5 27 817 715 730 804 
5 27 115 1008 1284 716 
5 1233 1541 1072 999 27 
5 1236 27 184 781 730 
3 1262 27 28 
3 87 27 72 
7 27 712 1575 405 1214 115 827 
5 27 635 1534 992 366 
5 27 1492 1422 1554 758 
5 583 1657 1631 27 360 
7 751 730 27 840 992 745 1230 
6 725 438 723 735 98 27 
3 115 27 82 
6 1253 27 1220 992 417 211 
6 1613 1659 27 1117 760 115 
7 718 1162 967 992 27 729 471 
6 27 115 215 662 1489 479 
2 1420 27 
3 27 1421 152 
4 454 994 27 998 
5 765 58 115 27 89 
4 1420 27 1597 1292 
7 464 716 532 27 470 1019 596 
5 1624 254 27 1417 248 
3 27 541 98 
5 277 27 1511 727 268 
3 1197 27 70 
4 27 1429 335 1419 
7 27 999 243 217 725 715 568 
4 27 997 992 409 
5 203 560 828 27 441 
4 992 27 1327 1175 
4 27 736 1049 609 
3 723 583 27 
5 27 239 1164 1001 346 
4 27 1243 1086 1634 
7 444 760 27 736 638 722 1102 
2 27 432 
2 98 27 
6 718 287 27 1230 404 115 
5 546 1030 731 27 992 
2 45 27 
4 27 725 1385 717 
1 27 
5 27 1428 718 1699 992 
2 1374 27 
9 315 1198 147 201 546 1252 1010 467 27 
4 224 1304 27 277 
2 27 1230 
3 27 747 782 
5 479 27 285 292 764 
5 1623 1484 27 537 168 
6 584 27 495 115 87 748 
5 1142 27 1499 1418 201 
4 211 635 1403 27 
3 27 469 1250 
4 750 211 27 323 
1 27 
2 27 738 
4 645 1452 113 27 
5 27 315 1585 213 1122 
4 215 27 124 1031 
4 27 87 1046 125 
3 237 450 27 
2 27 1048 
4 27 727 149 217 
2 993 27 
3 27 1190 234 
3 315 27 243 
5 116 1344 27 1439 631 
5 995 754 1588 721 27 
4 27 1078 727 992 
2 1586 27 
2 115 27 
3 150 813 27 
3 27 1439 216 
4 1594 467 27 994 
3 87 27 51 
4 686 101 27 1003 
2 27 376 
3 27 716 1050 
3 27 116 1580 
4 1271 27 1685 730 
4 1430 1109 27 1614 
3 27 87 721 
4 412 480 1647 27 
3 146 27 822 
4 27 1417 1347 1164 
3 27 98 706 
6 1021 1291 1682 27 1592 723 
6 1228 511 730 513 1353 27 
3 805 27 1447 
7 1532 467 494 1616 501 157 27 
6 27 1525 1406 115 111 279 
2 27 534 
3 444 27 461 
5 604 843 756 992 27 
1 27 
3 27 670 1064 
3 27 58 151 
6 577 27 1365 1372 535 1416 
4 1015 419 1361 27 
8 1180 541 1510 792 551 440 1370 27 
4 684 27 577 448 
5 856 1078 616 635 27 
3 992 1230 27 
6 1057 27 605 1524 700 1623 
3 27 504 346 
3 27 1035 874 
2 275 27 
3 27 479 1398 
5 107 277 728 27 722 
3 1072 1100 27 
1 27 
4 279 717 572 27 
3 191 27 299 
3 27 35 217 
3 262 27 1317 
3 27 487 1069 
5 844 569 1638 27 1449 
3 479 27 178 
6 27 1657 258 641 710 761 
5 283 1228 829 245 27 
6 270 1487 1287 27 1031 1583 
4 27 72 1307 1007 
3 27 1348 684 
4 722 357 201 27 
3 439 98 27 
2 27 70 
4 640 1011 1243 27 
4 27 289 128 115 
6 209 1227 27 115 1576 255 
7 810 615 27 796 738 87 1244 
114 27 315 98 1575 993 201 258 724 615 734 245 72 638 73 1490 1491 1017 410 769 407 330 416 1242 129 470 1074 104 424 815 1596 390 465 1264 156 420 872 888 110 899 519 284 1160 1174 1184 464 1029 115 211 124 721 1417 998 213 212 584 120 1551 720 1231 1350 174 1239 665 874 1690 312 58 762 1081 1188 1092 903 479 209 719 996 336 755 360 1428 412 1513 1095 1267 283 869 1140 890 1179 930 1583 955 596 346 1420 741 1586 766 572 484 1362 1103 1106 866 290 600 964 1333 145 328 1225 493 780 59 
49 27 736 925 723 726 1344 594 1622 1229 776 330 1049 1064 81 1140 1605 139 696 479 449 1029 437 992 270 98 365 70 1366 58 994 1230 1025 1079 1131 460 371 695 714 254 645 733 495 148 1056 1222 810 209 277 822 
25 27 1485 728 733 183 184 671 935 72 209 509 716 1622 812 1100 1299 432 717 878 497 993 1353 856 1393 115 
48 98 1346 1337 27 1497 1607 638 1113 1151 715 250 734 1515 1105 929 1573 534 202 267 239 99 766 116 778 1042 1365 825 1637 356 1454 1679 719 87 1344 541 493 1421 286 1019 377 299 1152 1185 717 735 101 31 292 
40 1420 118 444 802 1096 1097 1449 526 529 1680 115 1624 1486 992 1513 722 582 736 739 744 1591 1497 261 130 187 1393 832 1274 27 798 124 1232 772 1101 1271 479 718 570 495 1351 
32 239 1346 741 30 433 115 1013 469 1591 626 1277 1558 645 481 679 453 357 47 729 27 72 98 1031 1445 58 765 1287 1511 888 715 583 695 
20 606 211 1000 1251 878 1669 1457 615 375 1223 171 730 366 992 717 1489 27 1224 545 272 
34 582 322 124 638 1017 1588 193 681 1458 1212 717 1257 818 219 27 1621 421 720 697 673 70 470 215 887 115 75 1611 201 596 320 1009 1022 1505 861 
17 736 851 27 635 751 502 1577 1633 58 1417 480 213 191 738 588 998 115 
14 172 115 1539 58 893 27 1240 1486 479 783 1488 1406 727 455 
37 645 784 832 195 1137 147 1243 315 553 94 98 1622 50 27 603 718 725 1421 753 1424 559 321 1443 845 705 1169 1555 597 479 1031 1240 28 37 446 35 43 704 
17 479 937 211 1432 684 700 667 171 1622 1225 388 1303 524 27 151 801 542 
17 722 1149 631 534 1520 98 1349 1026 1644 304 27 829 255 1207 715 286 824 
15 1417 725 427 1316 684 45 448 255 750 1569 27 148 234 703 717 
17 1417 570 201 591 98 715 1492 765 115 1551 27 1487 647 289 1040 1050 716 
21 58 1040 680 295 125 147 27 425 589 983 1573 115 353 1426 1189 1225 799 441 684 737 182 
17 594 27 1653 1108 860 346 377 424 313 432 431 449 596 534 468 1110 351 
20 721 554 769 803 1435 608 98 298 489 999 1230 1097 562 332 1197 749 479 742 27 314 
22 725 236 44 147 88 494 630 905 534 750 1049 144 715 1494 1117 1573 776 1099 684 1657 27 1387 
14 645 27 1486 1357 988 334 1485 1487 726 72 184 811 1186 715 
15 1364 716 27 1229 125 98 528 731 1023 773 669 768 1667 697 723 
17 27 789 197 1583 997 450 1025 770 722 287 717 719 201 98 211 614 1397 
24 725 1351 1033 1385 1163 27 718 790 1413 70 90 1443 711 501 1053 1507 1510 114 217 1515 324 1164 1298 722 
19 727 960 638 27 783 1515 81 1554 623 96 277 734 744 791 730 805 1616 70 1130 
13 58 1216 717 593 226 1333 684 1033 289 1257 27 76 1103 
23 999 1624 1496 30 789 1249 1507 1519 1264 1601 392 1617 1162 682 719 27 1673 645 775 38 1020 992 172 
17 217 738 1027 1542 1567 739 1585 449 1020 104 827 359 27 1654 1626 1684 1230 
12 726 881 27 995 1490 171 40 1545 718 58 270 260 
9 98 1087 729 739 115 1018 165 27 1017 
14 70 1242 27 534 110 948 314 721 1488 58 1247 1623 416 1182 
14 761 195 370 1202 211 138 27 1248 636 999 718 479 1502 106 
11 1614 1012 277 720 732 535 642 1225 68 27 318 
10 366 115 1345 27 497 1518 1277 612 663 712 
8 337 1013 245 315 993 722 27 717 
15 368 640 1315 115 1441 723 27 316 719 730 1072 315 1511 1549 1004 
11 748 411 41 27 464 716 1585 1018 1123 49 684 
9 201 179 818 1430 424 1530 27 460 1232 
11 27 124 992 764 1047 98 54 993 269 1561 738 
11 638 27 899 1177 740 1275 855 835 764 710 1052 
13 1356 27 1055 308 1546 727 334 539 920 1351 982 997 1002 
9 27 788 721 1270 570 1447 716 665 335 
12 126 415 718 753 1014 27 87 1016 1365 701 833 224 
12 407 715 553 85 27 751 1378 730 427 1514 670 686 
11 1488 1348 217 248 27 684 967 718 1358 351 91 
9 632 455 1623 332 1588 831 750 27 723 
9 27 496 715 1610 1427 791 310 720 731 
10 716 1087 1276 669 27 1488 351 790 388 1102 
13 617 101 289 283 1230 1425 151 115 641 27 1049 232 1114 
9 716 27 124 726 1007 1006 34 455 1443 
10 588 1230 715 725 858 520 1319 1236 626 27 
12 98 124 756 250 1307 481 995 723 27 594 1687 139 
12 1073 1417 469 294 1097 250 596 1267 1450 718 115 27 
11 1594 762 1387 270 1450 27 1362 51 614 733 722 
8 778 786 27 1079 1266 491 285 635 
8 716 714 921 535 514 718 27 1660 
12 27 332 540 255 719 1453 432 730 1577 347 1029 1639 
11 737 728 1454 1432 723 27 596 923 1321 70 1413 
10 993 440 535 1039 27 551 1010 1576 891 409 
6 201 449 1006 582 27 939 
9 27 1650 373 143 495 667 1579 245 507 
9 1030 1356 217 732 1224 1272 124 706 27 
7 255 178 209 27 1014 777 583 
3 209 27 732 
9 717 27 1031 595 600 366 769 171 761 
7 124 312 1207 993 27 115 151 
9 1601 98 27 738 363 1668 1268 965 481 
7 27 725 1227 117 748 209 360 
5 741 27 184 173 496 
9 1575 722 323 751 27 1097 34 1487 109 
10 1667 115 742 230 734 1495 1586 27 117 64 
11 736 1508 1072 674 315 1575 27 297 194 72 349 
9 464 816 387 1424 27 248 1306 723 1544 
10 993 201 500 504 751 479 27 1260 1091 957 
2 27 1576 
5 1356 190 27 1431 647 
8 125 149 1663 588 1508 715 27 764 
7 209 761 725 734 27 1536 305 
9 641 1663 721 27 719 1228 708 1618 977 
5 794 1495 355 716 27 
13 751 1106 323 748 233 1592 702 1275 27 70 1492 1485 1072 
12 1062 1026 1071 861 27 1188 716 971 572 1595 443 167 
9 70 1101 337 1043 1110 644 27 1524 1488 
9 684 1528 138 736 27 224 71 599 992 
5 27 1684 1575 125 778 
9 27 641 1417 1422 115 245 1494 266 747 
2 27 1276 
12 209 1230 716 464 258 27 1123 930 963 1418 633 595 
7 87 993 1566 27 615 822 1045 
7 27 58 1125 1381 834 653 1609 
8 992 27 495 709 42 1587 831 1226 
7 1130 128 1657 289 737 785 27 
5 772 1576 727 435 27 
4 27 1452 635 201 
7 116 115 27 682 1486 760 672 
8 233 1393 1622 894 847 1345 27 1543 
4 729 1038 1020 27 
6 1342 70 1354 479 1575 27 
8 718 684 1589 231 124 363 27 50 
6 284 224 27 307 1415 125 
5 366 115 1064 27 721 
6 70 27 992 1203 541 548 
5 27 173 1623 280 346 
7 717 115 27 496 548 1567 603 
8 770 27 261 992 1659 570 64 576 
6 784 996 1131 27 69 567 
9 1060 575 622 1009 205 1043 856 996 27 
8 645 27 1614 411 1604 721 641 430 
6 229 1010 596 27 1486 716 
6 1647 27 174 971 994 298 
7 1417 124 27 996 1073 1669 637 
4 895 1038 556 27 
8 27 115 1487 1333 992 154 419 1016 
4 702 1120 27 70 
10 126 27 1171 668 117 1226 995 766 518 718 
11 27 716 1071 141 1225 198 35 628 992 144 1198 
7 72 27 413 737 639 687 245 
2 27 1008 
8 942 73 582 27 356 1487 319 739 
7 1008 1121 1073 1178 27 126 306 
7 1230 570 718 366 79 27 1587 
2 27 115 
4 1385 27 995 124 
6 27 290 1039 1418 715 330 
5 45 195 115 787 27 
1 27 
7 479 1010 1236 98 873 341 27 
5 1630 473 38 27 289 
3 27 1233 1373 
4 730 1104 27 250 
6 1110 1682 1520 728 27 743 
3 919 686 27 
6 1078 115 775 476 1027 27 
4 27 1196 336 255 
7 27 1427 130 1080 1334 1579 817 
6 153 1514 27 1380 308 203 
3 27 360 1224 
5 675 248 27 644 58 
4 1271 171 27 1197 
7 27 1082 1015 1493 582 1480 684 
6 993 1096 1602 27 1620 647 
6 304 27 277 148 1272 201 
5 743 27 1624 1223 438 
5 479 27 706 612 224 
4 281 494 27 745 
2 270 27 
4 684 209 27 1002 
4 734 27 594 716 
4 716 1356 1508 27 
4 993 1428 992 27 
6 287 777 1617 98 451 27 
7 912 27 789 653 806 715 334 
3 259 739 27 
3 27 1630 570 
4 658 661 27 706 
5 1279 49 703 830 27 
4 1354 1488 27 258 
4 721 27 757 297 
6 27 1004 726 1586 438 315 
5 1429 1482 825 1226 27 
5 716 995 27 1669 418 
7 30 745 995 281 1283 431 27 
5 766 363 670 27 519 
3 626 27 314 
2 614 27 
5 455 504 684 27 1590 
2 1502 27 
4 27 1273 70 78 
5 594 468 27 467 567 
5 27 472 992 229 124 
3 239 255 27 
7 1017 874 27 315 360 716 1661 
6 27 716 457 443 1014 1227 
6 1014 893 734 946 1481 27 
7 1432 434 27 1554 148 684 469 
6 450 466 410 438 1225 27 
4 363 77 206 27 
7 27 129 1673 403 781 376 98 
5 725 27 799 115 1002 
3 147 27 715 
3 27 700 1105 
3 27 472 467 
3 730 27 1528 
4 104 470 27 992 
4 115 890 438 27 
3 27 1358 197 
4 27 1225 1030 1228 
5 27 1110 1420 755 98 
3 27 992 1438 
5 1371 240 27 1247 961 
3 315 1470 27 
2 27 1021 
3 216 27 813 
3 27 992 1230 
6 27 1682 1491 596 717 995 
3 27 1011 1296 
4 718 335 27 727 
6 1072 992 1699 1499 27 1533 
5 115 320 335 27 1007 
6 926 364 217 27 726 1301 
2 27 661 
5 438 716 115 721 27 
3 27 718 1667 
3 27 857 1400 
6 336 27 715 1588 603 725 
5 1124 704 1447 712 27 
4 1009 885 27 1129 
3 1106 905 27 
6 1624 27 1657 853 1515 1591 
3 184 1420 27 
3 596 27 724 
4 395 27 1022 1351 
3 1092 27 784 
2 792 27 
3 27 1274 245 
2 58 27 
5 1056 1004 1554 27 472 
3 315 27 1621 
2 171 27 
1 27 
3 115 27 728 
3 27 1232 999 
2 27 1320 
5 1673 865 1278 27 115 
2 258 27 
3 27 1016 629 
2 410 27 
2 27 625 
2 27 642 
3 27 1264 872 
3 758 27 1589 
6 715 27 800 582 535 993 
25 1343 125 998 556 779 471 318 27 1421 431 803 1526 288 575 70 115 728 1530 313 98 87 719 1133 399 718 
31 684 733 1622 449 1630 1127 1461 61 998 366 1634 1373 80 829 854 340 441 27 346 1667 505 115 125 635 424 546 344 1346 216 1052 1273 
36 27 155 404 1166 741 334 1621 842 1177 718 1255 727 746 1023 992 701 1598 1585 737 570 1003 1227 1007 236 209 749 778 1361 1363 801 1106 1428 1485 734 51 1332 
29 684 1343 1381 315 490 255 27 1229 849 547 524 58 467 1105 715 173 1081 157 1455 1405 719 52 1460 725 1351 1369 1523 1457 1150 
18 115 731 747 990 570 615 1058 1536 557 27 1491 807 514 1163 1225 366 793 325 
18 1576 1456 649 1585 129 304 87 1177 1486 1231 64 981 732 125 27 1069 1542 949 
14 297 602 201 1382 27 1012 1226 734 720 645 1661 98 346 993 
35 1418 431 1039 869 98 1018 216 907 964 717 27 1495 1041 559 665 674 251 582 149 419 1078 247 1184 1336 71 130 1578 1280 898 684 45 779 1111 1009 993 
14 27 124 992 1228 1668 768 1621 69 603 410 1622 238 1419 431 
10 277 27 576 537 731 1028 417 1212 996 1600 
13 1119 289 346 861 371 27 727 307 1391 717 715 716 1459 
7 27 479 568 743 617 723 260 
15 124 87 725 27 118 787 53 423 376 764 795 1365 756 105 209 
15 275 554 635 51 1041 306 862 1311 239 684 1117 569 442 27 722 
10 124 770 813 27 662 1684 614 495 38 198 
9 636 1512 576 729 27 476 717 778 719 
10 1591 1384 98 684 249 992 1521 27 201 35 
11 751 1001 1395 1002 231 27 393 435 1249 691 1586 
11 596 48 1586 27 1504 221 468 670 1437 76 806 
8 732 1021 51 992 1487 289 761 27 
9 336 1002 988 741 115 27 894 787 534 
7 297 556 991 315 27 803 858 
9 27 638 216 535 1366 782 175 580 256 
8 28 27 1576 717 363 801 115 1604 
7 115 1180 211 27 410 373 1021 
7 736 723 27 715 1022 388 718 
8 1240 728 268 27 1017 798 1485 378 
10 518 603 27 597 58 1605 267 205 98 914 
12 700 570 238 263 98 645 27 1348 1493 585 315 998 
8 94 905 566 752 183 70 27 642 
4 872 297 27 377 
6 1357 27 479 1258 494 201 
7 1591 576 27 723 450 1225 1289 
8 1421 115 266 27 444 317 1508 1631 
9 1016 718 113 27 481 213 999 551 171 
6 27 115 43 718 1380 1254 
5 1576 27 115 270 715 
7 224 366 27 184 380 1667 1064 
3 854 171 27 
7 764 27 1281 715 863 1427 771 
7 83 34 27 724 1647 115 596 
6 992 370 1017 98 1220 27 
6 718 430 27 115 740 739 
4 27 1045 98 1437 
6 1043 992 388 211 1644 27 
3 27 1057 627 
4 27 1446 739 401 
4 27 1032 1640 1358 
7 224 996 941 738 27 1129 363 
8 665 1052 661 27 70 852 1132 123 
7 1224 239 27 717 1158 115 716 
6 996 1641 259 27 1205 756 
7 596 27 782 1071 1526 739 1030 
6 577 836 70 1077 27 1038 
5 1024 1489 997 27 629 
4 27 1504 1214 1289 
5 497 1146 27 377 425 
6 27 138 190 1419 1487 1230 
6 134 58 1657 1262 721 27 
6 682 615 124 1463 34 27 
4 171 27 450 1152 
4 1528 431 860 27 
2 438 27 
6 27 723 1623 1620 351 761 
5 27 596 982 294 997 
4 541 27 761 1586 
4 124 1278 27 1255 
3 1674 115 27 
3 948 1495 27 
5 1577 27 880 765 668 
1 27 
2 27 115 
3 250 27 61 
4 1186 494 27 1487 
5 245 743 27 740 467 
4 74 1014 479 27 
3 27 994 716 
4 1634 159 27 820 
2 27 1190 
2 1489 27 
2 27 1003 
4 1611 27 906 729 
2 27 686 
6 494 715 1063 269 27 217 
4 27 250 1042 983 
2 27 197 
2 27 718 
4 1491 27 464 102 
3 27 1236 718 
4 1420 479 70 27 
6 77 629 118 98 497 27 
3 172 1367 27 
5 58 1026 1602 27 555 
6 504 211 240 27 739 1005 
4 255 721 27 976 
2 27 201 
5 1488 154 1041 1610 27 
4 744 505 27 1213 
4 102 482 1048 27 
4 1642 27 1365 1505 
3 50 27 720 
4 27 684 97 516 
1 27 
2 27 716 
3 27 212 890 
3 98 27 731 
4 400 27 460 721 
4 594 27 638 1340 
1 27 
4 752 27 783 1225 
5 590 1016 992 27 1103 
3 209 27 1125 
4 518 27 734 783 
3 731 1230 27 
3 27 438 995 
2 27 101 
2 721 27 
3 27 1330 744 
5 341 787 451 27 726 
4 27 73 1088 98 
22 596 464 734 1360 689 176 115 1223 363 567 809 70 98 729 201 1614 1659 487 1226 27 171 56 
26 479 468 216 667 490 721 754 855 995 1418 993 735 226 115 27 1672 494 760 98 99 151 329 928 717 748 1440 
14 836 1468 27 217 218 479 58 115 304 747 1024 70 438 1086 
21 27 360 87 88 1224 130 657 47 995 45 336 586 214 997 1575 804 387 1383 98 128 309 
15 239 320 697 792 1538 946 1561 747 416 335 217 799 718 27 716 
18 366 793 1251 984 363 495 27 1035 453 587 449 731 281 519 1623 764 715 1468 
8 1004 29 744 27 1372 201 253 1623 
8 27 1587 992 729 748 647 1674 315 
14 98 996 102 738 1226 1031 823 845 27 554 752 1014 1202 1541 
7 731 27 270 275 250 670 1384 
9 27 712 315 826 994 792 949 202 246 
11 250 212 1147 248 715 687 147 1088 27 275 1514 
8 502 797 684 656 27 171 731 741 
11 1031 722 403 642 712 1066 30 1579 27 1139 1052 
9 1697 716 586 82 1011 334 1254 1624 27 
7 1035 178 1270 260 27 1176 717 
4 1667 128 27 346 
10 725 731 465 27 416 1343 1551 258 568 582 
10 743 622 621 115 1449 116 1225 960 27 407 
9 27 100 1399 992 1471 58 369 64 1044 
8 248 747 27 115 1575 715 315 1225 
6 789 1012 258 27 737 716 
8 1033 1322 995 959 366 1431 1235 27 
7 1245 755 993 115 767 780 27 
10 721 773 484 725 1485 106 1501 1314 467 27 
4 27 507 725 596 
4 722 1226 27 1618 
5 620 27 961 450 217 
4 1422 1686 1180 27 
9 724 40 959 250 1349 115 798 411 27 
5 27 1452 1119 1224 1471 
6 74 27 850 789 904 105 
4 27 148 467 763 
4 27 277 1420 694 
6 30 56 315 435 27 115 
4 27 1034 118 277 
6 451 500 27 728 296 502 
7 789 1554 27 1258 1126 320 1508 
9 739 27 1621 730 1226 115 1080 394 721 
5 27 508 1229 1418 211 
5 27 1485 383 1346 318 
5 726 1352 1239 27 717 
7 1113 432 901 588 1014 824 27 
3 753 27 553 
7 260 1044 772 1010 1630 27 376 
3 728 732 27 
4 27 115 425 479 
5 637 115 590 27 314 
8 1233 211 27 599 228 77 784 115 
3 27 603 696 
7 513 996 1488 994 27 1086 72 
5 27 718 1623 1456 788 
7 27 1240 238 395 1611 40 753 
4 79 105 710 27 
6 27 511 541 1013 728 138 
3 1650 27 969 
4 1362 494 285 27 
5 277 216 27 1194 1563 
4 576 27 1623 1470 
3 819 27 1429 
3 747 27 913 
3 717 534 27 
5 27 1527 58 690 1226 
5 250 952 1001 27 289 
3 27 560 750 
4 739 718 27 722 
2 27 493 
3 598 521 27 
3 645 315 27 
3 501 27 1642 
4 1583 27 1048 1014 
2 814 27 
4 1090 27 1526 339 
3 27 959 262 
42 1005 1654 538 722 727 1076 882 115 1430 946 715 1486 1571 684 217 1006 583 629 240 1659 1101 199 615 731 541 1000 1043 331 69 1668 628 466 992 1600 649 27 465 721 173 669 242 371 
17 115 1078 1382 1114 422 1344 201 725 239 596 541 108 912 27 1230 721 553 
11 27 115 1231 886 277 754 386 1575 727 179 1280 
29 992 725 598 996 535 382 1178 1200 58 1664 115 747 1634 758 1667 453 821 1457 1312 27 625 880 304 618 1376 855 546 876 1549 
21 1002 1681 27 594 752 776 366 835 1223 753 807 195 587 125 74 877 1256 1600 464 995 694 
19 98 1431 1076 115 644 1488 373 86 749 626 258 1433 1371 27 867 464 659 180 428 
10 27 603 297 596 183 633 58 1493 598 88 
10 1002 684 770 1561 27 334 1063 803 388 735 
11 740 27 126 287 1505 550 1624 716 99 1039 242 
10 1007 766 171 594 255 27 684 98 767 433 
12 1037 98 1606 551 494 1125 27 88 1433 1262 603 1499 
14 1225 747 697 101 452 255 1140 27 1497 781 1513 903 277 992 
14 286 337 886 27 721 353 377 1150 181 115 807 857 1402 1479 
7 98 684 942 27 1598 1028 1417 
9 248 115 1422 1066 1365 684 27 686 449 
7 1003 1048 1165 451 27 684 98 
8 777 115 125 27 1427 717 1422 809 
4 753 1589 563 27 
4 70 1009 27 528 
5 279 58 27 684 315 
5 723 1241 1266 27 736 
6 727 27 593 279 1179 148 
6 716 723 934 115 27 928 
6 753 500 1344 27 280 74 
4 1487 1026 27 570 
5 753 681 27 115 1694 
8 27 184 1497 445 1002 1600 1014 1040 
3 315 27 551 
5 467 534 27 997 735 
5 1269 260 27 393 448 
8 431 1032 1196 950 346 606 814 27 
4 567 91 27 352 
8 27 717 996 795 1361 978 1533 779 
6 1043 46 1044 27 715 178 
5 115 1531 27 1528 1512 
5 1373 1084 311 27 918 
2 27 1047 
3 1048 27 995 
3 353 1226 27 
5 1228 115 1394 27 87 
7 998 747 1226 443 201 27 1420 
3 479 999 27 
4 488 315 27 1233 
6 724 70 1226 124 27 1538 
4 1224 98 27 716 
2 596 27 
5 718 467 1282 249 27 
1 27 
6 42 27 761 368 220 715 
5 1535 588 27 211 684 
2 27 105 
5 1348 830 1345 211 27 
3 824 27 583 
3 27 1401 1181 
4 1373 27 1362 115 
7 27 1644 81 570 228 812 858 
2 27 726 
2 27 328 
5 282 377 540 27 723 
3 27 1617 574 
4 27 471 850 710 
3 27 684 404 
4 27 239 725 1429 
3 1130 27 171 
4 1164 27 190 732 
4 1150 461 27 388 
5 255 268 718 27 722 
3 224 910 27 
38 467 178 186 724 172 261 27 58 734 1011 641 1249 373 209 1638 697 1367 1575 731 245 617 216 1624 499 618 613 631 994 1598 718 1071 1383 98 684 1225 814 487 344 
27 115 728 1417 248 499 98 996 767 315 27 731 1001 37 217 743 1228 686 760 1099 328 239 596 363 1011 418 1085 718 
30 725 1006 74 268 407 352 246 147 1242 102 1296 50 605 1060 1509 1441 1109 277 1011 760 184 1103 1280 1587 534 27 1667 1505 982 346 
23 493 738 1422 1021 1035 1038 174 1147 438 599 1580 1001 774 773 658 1073 553 680 1603 1319 583 1393 27 
18 260 715 1277 290 738 716 1667 125 146 1492 998 1610 27 1302 1575 641 1504 875 
9 115 992 123 504 188 1019 250 27 366 
12 684 244 992 27 1513 1310 758 1185 596 377 464 1227 
12 1006 27 363 858 1666 1489 1071 325 351 710 867 715 
14 211 738 718 30 1251 185 1130 717 1423 351 320 194 27 61 
5 50 1575 27 1010 1076 
15 115 1230 722 451 745 119 1061 1697 27 402 1291 58 778 1070 248 
9 715 1500 1017 816 73 530 534 27 115 
12 995 1428 716 721 27 996 290 201 740 1443 137 1630 
7 410 747 27 817 480 552 728 
10 912 1427 482 89 1670 1188 182 58 721 27 
8 1496 740 715 115 777 224 27 1544 
14 738 637 27 1624 29 253 223 480 1574 305 1367 1595 262 1530 
8 27 247 479 361 115 1157 1022 588 
4 27 1614 225 415 
8 1241 250 27 245 1489 1585 617 1278 
12 736 1425 1592 1649 125 999 131 27 684 435 1322 1487 
6 27 1653 717 737 718 596 
5 27 1017 454 1608 1014 
8 1062 1139 588 27 1256 1380 1067 684 
5 772 622 27 1487 836 
8 270 1014 293 36 635 51 961 27 
8 728 665 1026 997 27 693 884 561 
6 719 1451 1238 727 27 417 
7 1428 27 996 1491 224 992 794 
8 27 1126 1034 596 1354 645 92 782 
9 570 1015 27 995 577 1014 635 787 1199 
5 33 329 594 270 27 
10 722 70 596 1674 178 280 205 732 201 27 
7 27 1024 838 248 479 334 331 
11 1017 199 720 664 170 376 363 320 570 640 27 
6 731 27 70 845 1121 1004 
6 1239 655 171 745 27 684 
4 213 801 27 702 
4 1226 596 479 27 
7 27 645 171 1589 756 965 1073 
5 217 27 392 87 952 
10 1223 1537 596 728 494 396 727 1415 27 1275 
3 1623 27 1405 
6 27 1173 1284 1074 1451 747 
5 27 339 425 175 741 
6 209 27 1028 270 1501 1223 
10 1451 611 27 122 1586 202 648 107 115 716 
5 71 951 27 1606 715 
9 730 27 1575 49 446 1188 1573 232 1449 
5 721 171 866 27 107 
3 501 27 1466 
6 449 754 1227 1068 27 598 
4 255 731 1526 27 
4 27 1347 1460 410 
2 27 1001 
1 27 
6 209 1657 861 1351 716 27 
5 1018 1228 98 213 27 
4 27 1086 151 715 
4 734 1500 1063 27 
3 1019 472 27 
5 105 749 1031 351 27 
6 747 115 594 27 375 245 
4 747 27 1603 211 
4 1623 1026 1420 27 
3 27 1634 684 
6 1637 361 992 1360 27 1006 
2 27 171 
4 776 27 468 731 
8 1380 596 1207 125 27 1165 867 1015 
2 27 1002 
2 27 228 
3 149 27 716 
4 997 27 184 635 
3 27 722 51 
4 722 27 433 99 
4 1029 27 1424 1347 
5 773 190 592 425 27 
5 297 164 1400 596 27 
2 453 27 
4 27 239 724 209 
5 1079 517 479 482 27 
5 98 1018 496 1094 27 
2 730 27 
2 1005 27 
1 27 
4 1417 201 570 27 
1 27 
5 1533 27 1007 995 1010 
4 27 209 1501 297 
46 684 77 1363 315 1485 598 1494 115 346 243 992 98 397 27 124 239 596 724 615 1419 1489 432 178 280 785 640 1062 306 1075 1088 571 476 189 141 258 1590 619 718 1346 304 751 50 1060 1533 728 865 
21 115 337 1598 718 71 710 534 58 27 1083 717 990 209 655 1049 1246 1228 745 1065 1259 134 
9 1000 715 58 1047 278 115 1292 27 779 
5 543 27 115 1230 836 
10 366 1125 1051 416 691 1609 433 27 255 1356 
5 486 452 1488 27 940 
3 770 570 27 
3 98 27 1634 
7 992 1013 171 27 115 1413 982 
3 27 736 805 
38 715 27 1228 435 34 545 111 1672 717 738 39 315 603 498 135 660 492 171 1225 1588 1027 781 791 1504 1595 562 919 600 319 727 115 1018 479 297 335 1624 619 351 
20 992 763 1240 593 1684 725 931 709 115 382 58 744 27 1288 1241 1531 1149 490 748 1061 
13 70 1081 553 115 454 642 27 759 124 1487 1350 502 1111 
15 449 1195 277 638 235 929 248 27 1036 1657 218 1585 720 732 999 
14 98 322 588 410 1434 804 424 620 1221 58 715 1089 1524 27 
8 171 1636 27 835 1575 1156 277 49 
13 266 146 1199 996 27 1255 611 315 1239 510 225 529 997 
9 27 115 731 1071 1505 716 479 948 805 
7 27 147 715 697 734 684 413 
5 336 40 935 27 1044 
8 618 1501 115 1072 269 27 1585 744 
4 992 670 351 27 
7 820 27 324 55 30 880 335 
7 27 1576 232 634 1225 1485 1430 
5 241 783 718 27 63 
8 1443 27 761 1417 393 1232 77 1421 
7 728 1057 386 27 1017 614 684 
9 115 585 27 1131 1315 177 239 175 151 
8 27 493 1488 765 198 720 315 1548 
6 1098 464 27 1608 1246 335 
7 993 1250 580 761 217 27 326 
5 1532 1427 635 797 27 
3 995 603 27 
3 27 1507 1604 
5 378 1579 1080 27 132 
5 615 1489 1037 1319 27 
9 28 58 764 1395 1304 623 207 999 1654 
3 28 1623 719 
2 28 873 
14 740 173 1098 942 491 684 1023 556 743 826 1343 1503 755 28 
9 495 816 730 159 304 815 28 334 163 
4 28 1015 852 951 
7 76 1017 28 1141 256 164 1476 
4 718 1369 28 1069 
3 419 28 688 
6 725 28 1286 1131 645 688 
10 1225 28 1208 239 190 130 1231 1381 310 999 
25 717 1003 1086 722 51 727 1231 1224 530 684 480 351 366 28 993 739 743 117 625 380 341 362 994 201 1002 
30 588 749 1634 1349 579 28 824 1093 1286 1612 59 1549 1348 1036 1527 910 965 87 250 1021 711 45 427 160 1401 293 1651 723 1394 115 
20 1485 1647 190 283 1133 121 284 1199 255 1357 1585 1425 1501 315 1017 125 28 882 189 996 
5 656 209 766 28 336 
3 1018 346 28 
6 569 684 293 780 705 28 
1 28 
4 709 28 808 715 
14 115 1387 588 718 1144 1497 28 702 1118 1224 1647 700 87 716 
3 1256 868 28 
3 715 718 28 
5 1000 705 53 28 728 
10 1300 1420 1623 28 1582 730 363 894 1224 1550 
6 725 296 149 736 28 146 
2 1590 28 
6 472 723 995 366 1551 29 
14 315 736 335 172 116 185 388 115 152 1485 751 29 978 803 
2 29 1047 
6 277 638 816 29 1270 360 
5 75 754 1274 711 29 
4 1412 29 1322 115 
3 734 29 720 
6 1472 30 541 1267 1004 315 
4 454 751 30 549 
1 30 
11 684 1263 1100 717 30 1693 944 1624 115 89 1630 
1 30 
4 722 30 1505 171 
8 1051 1398 374 783 479 30 636 751 
3 30 239 1623 
4 315 116 30 786 
13 716 215 825 718 1008 712 726 1506 56 615 30 668 322 
15 1417 483 1018 579 146 750 1694 635 30 1611 641 643 265 717 444 
3 30 782 353 
3 30 498 115 
20 1588 980 30 366 268 375 201 235 560 115 308 352 868 1281 1541 1010 1199 721 737 1082 
4 743 30 179 58 
9 418 802 1095 30 250 230 1417 1343 873 
3 1046 30 603 
7 30 1162 385 217 699 1229 686 
4 98 30 541 715 
4 715 1069 1067 30 
4 1420 119 30 502 
2 30 211 
6 632 720 636 741 30 1492 
15 1224 1420 1061 1359 115 721 1260 732 1489 1012 1487 410 718 31 1193 
6 781 1057 1417 1231 211 31 
5 998 539 1101 31 1151 
4 75 480 1499 31 
2 31 48 
3 31 1344 1585 
11 1017 739 209 713 1214 553 733 31 1168 388 835 
7 440 1290 737 1350 31 1517 70 
4 721 31 744 709 
3 735 31 154 
7 470 655 817 215 31 716 684 
2 98 31 
4 995 618 31 445 
3 722 996 31 
5 31 115 1421 716 608 
8 109 948 366 575 1121 1185 31 726 
5 366 31 196 367 753 
6 1237 786 1075 1018 1586 31 
2 941 31 
5 568 115 31 402 1371 
3 633 1042 31 
5 743 759 31 315 127 
4 738 798 32 596 
6 32 149 201 992 728 335 
4 537 615 284 32 
3 570 32 721 
5 719 487 213 32 1647 
11 737 1442 65 216 554 282 32 642 211 479 1654 
2 70 32 
2 1699 32 
5 32 732 416 1357 1495 
4 148 754 595 32 
11 559 1696 479 1188 98 722 172 457 32 903 641 
5 51 723 115 33 98 
