10 2 3 4 5 6 7 8 9 10 11 
24 12 13 14 15 16 17 18 19 20 21 22 23 24 25 1 26 27 28 29 30 31 32 33 34 
19 35 36 37 38 39 40 41 42 43 44 45 46 47 48 49 1 50 51 52 
12 53 54 55 56 57 1 58 59 26 60 61 62 
22 63 64 65 66 67 68 69 70 71 72 73 74 1 75 76 77 78 79 80 81 82 83 
60 84 85 86 87 88 89 90 91 92 93 94 95 96 97 98 99 100 101 102 103 104 105 106 107 108 109 110 111 112 113 114 115 116 117 118 119 120 121 122 123 124 1 125 126 127 128 129 130 131 132 133 134 135 136 137 138 139 140 141 142 
38 143 91 125 144 145 146 147 148 149 150 151 152 153 154 155 156 157 158 159 160 161 162 163 164 165 166 167 168 169 170 171 172 173 174 175 176 1 37 
12 177 178 179 180 181 182 183 1 184 185 186 187 
178 84 188 189 35 190 191 192 193 194 195 196 197 198 199 200 201 74 202 203 204 205 206 207 208 209 210 211 212 213 214 215 216 178 217 218 219 220 221 222 223 224 225 226 1 227 173 228 229 230 231 232 233 234 235 236 237 238 239 240 241 242 243 244 245 246 247 248 249 250 251 252 253 254 255 256 257 258 259 260 261 262 263 264 265 266 267 268 269 270 271 272 273 274 275 276 277 278 279 280 281 282 283 284 285 286 287 288 289 290 291 292 293 294 295 296 297 298 299 300 301 43 302 303 304 305 306 307 308 309 310 311 312 313 314 315 316 317 318 319 320 321 322 323 324 325 326 327 328 329 330 331 332 333 64 334 335 336 337 338 339 340 341 342 343 344 345 346 347 348 349 350 351 352 353 354 355 356 357 
110 358 359 360 361 362 363 364 365 366 367 368 369 370 211 371 372 373 374 375 376 377 378 379 1 380 381 382 104 383 384 385 386 387 388 389 390 391 392 393 394 395 396 397 398 399 400 401 402 403 404 405 406 407 408 409 410 411 412 413 414 415 416 417 418 419 420 421 422 423 424 425 426 427 428 429 430 431 432 433 434 435 436 146 437 438 439 440 441 442 443 444 445 446 447 448 449 450 235 451 452 453 454 455 456 457 458 459 460 461 462 
15 463 464 465 466 467 468 117 469 470 471 1 472 473 474 475 
15 43 476 477 478 456 479 480 2 481 482 483 484 485 486 487 
53 488 405 372 489 490 491 323 492 144 493 494 495 2 496 497 234 498 499 500 501 502 503 504 505 506 507 508 509 510 511 512 513 514 515 516 517 518 519 520 199 521 522 523 524 525 526 464 527 26 528 529 530 531 
11 532 533 534 535 536 537 538 539 2 540 541 
28 542 543 104 544 545 546 547 548 549 550 551 26 552 553 554 555 556 557 558 2 559 438 560 561 562 563 564 565 
21 449 566 215 567 568 569 570 571 572 573 2 232 574 575 576 577 578 579 580 581 582 
14 581 583 584 585 2 586 587 588 589 590 591 592 593 594 
13 325 595 596 597 598 67 599 396 2 600 601 602 603 
13 604 605 606 607 608 2 609 610 611 612 613 614 615 
14 2 616 617 618 619 620 621 622 623 624 521 625 626 627 
11 628 2 629 630 631 632 633 634 560 635 636 
12 385 637 638 639 640 2 641 642 643 644 645 646 
11 647 2 648 649 650 651 652 653 654 655 656 
44 657 363 658 659 660 661 637 662 663 664 665 666 667 668 669 2 670 671 672 673 674 675 676 677 678 679 680 681 682 574 72 683 684 273 685 392 381 686 687 688 689 690 691 692 
11 693 694 695 2 696 697 698 699 700 701 702 
327 589 123 703 704 705 706 323 333 707 708 15 709 710 700 711 712 713 714 715 716 717 718 719 720 721 722 723 724 725 726 727 728 729 730 731 732 733 734 735 736 737 738 739 740 741 742 743 605 744 43 57 745 551 746 747 450 748 749 750 751 752 753 13 754 755 47 632 756 596 757 758 759 760 761 762 763 764 765 766 767 768 769 770 771 772 773 774 775 659 776 777 694 778 779 780 781 782 176 4 783 692 182 538 545 784 188 785 786 787 399 469 788 789 30 790 791 792 793 794 795 796 797 798 799 800 801 802 803 804 805 806 807 808 809 2 810 811 812 813 814 815 816 817 818 819 820 821 822 823 824 825 236 826 827 828 829 830 831 832 833 834 835 836 837 838 839 840 841 842 843 844 845 846 847 848 849 850 851 852 853 854 855 324 631 856 857 858 859 860 861 862 863 864 865 866 867 868 869 870 871 872 873 874 875 876 877 878 879 880 881 882 883 884 885 886 887 888 889 890 891 467 892 893 894 895 896 897 104 898 899 900 901 902 903 904 905 906 907 908 105 909 910 911 912 913 914 915 916 917 918 919 920 921 922 923 924 925 926 232 464 927 928 929 930 931 932 582 933 934 935 936 413 937 938 939 940 941 420 942 943 944 945 946 947 948 949 950 951 952 346 65 953 954 303 955 956 957 126 958 959 960 156 961 562 962 963 964 965 966 967 249 968 658 969 970 661 971 972 973 974 975 976 977 978 979 980 981 
11 982 2 983 984 985 986 987 988 989 990 534 
10 991 992 876 993 994 418 995 572 2 996 
17 285 997 998 999 1000 1001 469 2 1002 1003 646 1004 1005 182 1006 1007 1008 
57 1009 1010 1011 1012 1013 1014 1015 1016 1017 1018 1019 26 1020 1021 1022 1023 1024 1025 1026 1027 1028 1029 1030 1031 1032 818 188 868 1033 1034 938 1035 2 776 1036 85 1037 1038 1039 43 1040 1041 1042 1043 592 779 1044 1045 700 1046 1047 1048 1049 1050 1051 1052 1053 
10 1054 1011 1055 823 1056 1057 2 1058 1059 1060 
11 1061 1062 1063 1064 2 1065 1066 1067 1068 1069 616 
18 1070 1071 1072 1073 1074 1075 1076 570 1077 1078 2 1079 1080 1081 1082 1083 1084 1064 
10 1085 1086 1087 2 1088 1026 1089 1090 1091 336 
69 1092 1093 1094 1095 1096 1097 1098 1099 1100 1101 1102 279 1103 1104 1105 1106 1107 1108 1109 1073 1110 1111 1112 1113 1114 322 1115 1116 1117 65 1118 1119 1120 1121 9 1122 1123 1124 1125 1126 1127 1128 1129 3 251 1130 1131 1132 1133 1134 1135 1136 1137 451 1138 1139 1140 1141 1142 897 1143 1144 1145 1146 1147 1148 1149 1150 1151 
26 545 1152 1153 1154 1155 1156 1157 1158 398 1159 1160 1161 488 1162 916 589 3 1163 1164 1165 821 1166 1167 1168 1169 1170 
152 855 1171 631 1172 1173 1174 1175 1176 433 1177 1178 281 1179 1180 865 1181 1182 1183 1184 1185 1186 1187 283 1188 439 907 1189 931 1190 1191 1192 365 1193 1194 1195 1196 1197 1198 1199 1200 1201 1202 1203 1204 1205 1206 1207 1208 1209 1210 1211 1212 1213 1151 1214 1215 1216 1217 1218 1219 1220 1221 7 1222 1223 1224 1225 1226 95 1227 1228 1120 3 416 1229 1230 1231 1232 501 1233 1234 1235 1236 1237 1238 1239 1240 1241 1242 589 898 228 1243 1244 1245 1246 1247 802 1248 1249 1250 1251 1252 1253 1254 1255 1256 1257 449 599 1258 908 1259 1260 1261 637 430 1262 1263 1264 1265 200 1266 1267 1268 1269 1270 1271 438 1272 1273 1274 1090 1275 1276 1277 1278 1279 1280 1281 1282 1283 1284 1285 1286 1287 1009 1288 1289 1290 1291 1292 
22 548 112 1293 1294 1033 1295 1296 3 1297 1298 1299 570 1300 1301 1220 784 1289 436 1302 1303 957 1304 
16 324 583 1305 182 1306 1307 1308 1309 1310 3 1311 1312 1313 818 1314 1315 
19 1316 1139 3 1317 1318 1319 1320 1272 201 1321 1322 1323 1073 1324 1325 1326 1327 1328 1329 
10 1330 1331 3 1332 1333 748 1334 1335 1336 449 
11 792 680 818 1337 381 1338 1339 405 1340 3 1341 
289 182 818 104 26 820 65 1342 464 391 1343 1344 855 542 1345 1346 1347 1171 955 1348 1349 1350 554 1351 1352 112 1353 102 1354 1045 1355 1356 1357 474 1358 1359 1360 1361 680 1362 609 451 1363 30 1364 1365 404 143 1366 620 1367 1301 1018 236 1368 1369 1370 555 1371 1372 1373 1374 1375 1376 1377 1378 1379 308 1380 1006 829 1381 1382 1383 1384 245 1385 1386 527 1387 963 1388 1389 1067 801 1390 1159 1391 1392 1393 600 1394 1395 1396 1397 1398 1399 1400 1401 1402 1403 1404 1405 1406 3 1407 1408 1409 1410 938 1411 1412 1413 1414 1415 1416 1417 1418 1419 1420 1421 214 1141 253 1422 730 1423 1424 1281 1425 1426 1427 1428 1429 1430 1431 1432 690 1021 1433 1434 1435 1436 1437 1438 1439 1440 1441 1442 1443 1444 1445 1446 1447 947 1448 1449 1450 1451 1452 1453 1454 1455 1456 1457 1458 1459 1460 648 196 1461 1462 1463 430 1464 1465 1466 1467 1468 1469 1470 1471 1472 1473 1474 1475 1476 1477 1478 1320 1479 71 1480 1481 1482 232 1483 1484 1485 1486 1487 1488 1489 1490 1491 1492 745 302 1493 1494 1495 1496 1497 1498 1499 1500 62 1143 787 235 1063 615 768 1019 1186 758 796 178 200 333 359 127 916 87 121 532 1073 664 598 123 1314 125 784 91 9 571 900 1086 283 117 1017 286 904 793 1275 381 153 602 999 1168 1106 456 533 567 1253 891 692 1069 786 1316 709 157 158 509 120 69 116 1284 545 867 1167 12 694 449 281 282 1128 208 967 926 
8 737 447 3 1422 586 981 818 64 
3 1188 546 3 
4 1420 1126 3 474 
9 927 337 1035 449 26 182 3 281 822 
6 1107 3 862 396 434 687 
3 899 703 3 
29 692 983 750 1433 232 586 1494 1421 1453 1368 1190 1497 1314 1057 3 772 1014 661 443 655 1215 104 867 538 67 1093 851 709 743 
11 957 232 587 1346 3 998 1217 173 645 346 823 
6 449 1281 906 188 999 3 
4 542 1079 4 117 
4 1217 1245 1139 4 
7 1015 946 666 4 589 480 611 
4 484 750 4 864 
41 818 1224 26 323 903 325 877 4 589 302 436 1104 906 1275 639 107 1449 1069 1347 1387 71 104 173 324 954 284 180 1365 1046 424 1175 855 234 955 1348 656 1359 910 1285 552 1287 
3 1081 210 4 
4 707 147 4 1180 
5 4 598 114 521 241 
5 671 552 904 464 4 
82 43 953 1009 505 927 201 635 1354 748 679 404 1494 238 1028 1046 352 465 1074 1175 1439 677 198 278 1496 449 126 346 548 532 1349 334 392 1316 1258 698 1225 1335 207 1099 1084 1285 484 182 1343 358 787 1092 709 363 602 836 1340 73 438 332 545 450 1089 930 306 1406 540 692 1314 1344 954 534 1026 285 861 1493 864 1041 348 1127 1432 4 819 820 91 603 403 
12 406 587 250 1439 1114 166 5 1188 905 589 855 505 
36 323 1418 649 1251 5 1284 950 231 274 391 44 1333 548 1223 407 9 75 311 78 449 693 508 84 515 226 321 478 589 283 1060 912 545 451 1343 93 827 
33 323 589 865 118 373 171 818 5 814 923 1064 449 1187 786 1137 653 1258 146 329 1142 450 1223 1295 35 43 784 182 284 859 452 79 26 963 
4 5 240 1292 1009 
22 50 818 795 193 1061 449 505 346 1259 18 1286 233 532 521 1361 1095 1159 263 1063 582 5 188 
5 746 146 574 242 5 
5 324 43 5 1049 958 
4 609 551 5 584 
4 57 43 5 538 
7 598 5 24 664 906 425 1085 
3 184 62 5 
11 1079 346 800 382 95 1244 5 395 9 869 742 
10 1288 1309 749 409 64 589 1069 773 5 265 
3 1143 955 5 
1 5 
2 5 64 
3 5 65 104 
5 1027 536 539 5 687 
2 5 953 
2 477 5 
6 403 381 589 91 5 707 
39 589 182 1353 1301 623 714 548 538 9 64 112 6 93 361 463 517 151 888 662 980 641 232 123 953 901 1111 1225 1242 1069 921 188 127 359 244 449 653 826 249 174 
5 6 548 30 818 1040 
24 784 786 589 6 506 291 835 989 1184 101 1030 91 982 240 397 1448 866 794 541 1246 566 438 859 790 
5 6 43 232 1343 91 
2 173 6 
4 692 6 589 1284 
1 6 
39 464 627 458 1104 62 1334 1376 530 448 438 86 956 583 7 686 728 729 1085 1015 1357 1336 862 1156 83 1037 589 611 392 629 396 857 6 43 1328 934 1499 1013 1082 87 
9 488 821 1465 692 6 478 1379 233 1045 
14 64 84 1066 540 508 668 6 395 1064 562 1251 787 1498 162 
11 6 784 503 1401 1339 232 940 346 818 1193 1019 
7 74 6 929 589 1046 278 37 
7 1056 583 6 838 380 1243 1137 
3 143 562 6 
4 1187 6 438 548 
5 6 1369 693 575 449 
2 1294 6 
5 6 1092 86 589 764 
15 43 449 288 826 1349 1477 1347 305 1191 589 367 1430 983 6 409 
4 449 6 232 998 
101 589 50 1387 26 819 1483 505 542 1347 474 599 559 469 1040 1302 617 1371 362 128 797 369 213 558 1083 224 1135 984 79 279 1257 548 438 598 1064 497 1348 656 1007 1355 1079 1089 6 961 205 1140 878 774 1449 332 1314 790 703 449 234 615 418 1000 630 1346 679 1008 123 57 10 680 959 43 828 323 1342 1009 1187 1217 488 551 1349 304 1172 856 1166 1017 400 1316 15 1301 127 960 1191 562 933 682 802 1394 874 1228 529 250 187 883 343 1284 
7 232 795 26 1243 600 6 1347 
6 449 562 6 565 1124 464 
4 449 1080 57 6 
6 848 805 640 620 6 202 
5 582 6 513 125 1187 
2 997 6 
4 855 166 958 6 
16 114 1081 1359 6 598 84 346 232 43 594 1456 449 201 819 38 878 
4 333 200 6 799 
33 598 707 112 1275 967 60 811 547 322 674 449 1090 1343 1040 182 858 200 1143 397 6 1346 1382 149 888 589 448 237 412 818 1100 1426 532 635 
1 6 
5 1289 323 43 6 865 
16 43 53 11 127 1187 404 397 675 1330 535 653 857 6 347 393 371 
9 309 711 65 1188 6 304 1170 1273 598 
2 1179 6 
5 983 1307 234 43 6 
4 43 1173 1224 6 
3 955 6 365 
22 26 522 104 171 43 1273 984 1478 598 644 548 1334 361 820 404 6 1296 346 232 745 1267 84 
6 725 1092 818 1014 307 6 
51 43 589 234 447 1453 448 1275 867 620 7 1224 1225 239 598 571 1359 616 1221 153 907 1021 109 449 233 188 1346 497 282 749 751 326 713 373 943 927 302 611 358 1273 1274 680 1063 6 325 756 811 690 1239 324 1179 323 
11 1314 932 333 6 26 1140 617 1244 323 1483 62 
8 117 104 84 43 6 747 1374 1342 
8 104 1143 1346 616 6 785 603 1288 
8 864 753 472 6 1342 366 436 735 
7 1342 323 6 1283 1250 1363 955 
3 6 693 477 
2 6 818 
5 6 509 307 334 1496 
3 343 1149 6 
5 1090 580 589 6 321 
4 397 463 353 6 
6 1273 284 6 1350 1037 1289 
2 449 6 
5 449 535 6 589 631 
6 1272 957 6 489 449 967 
2 6 703 
2 6 1398 
12 657 188 927 1273 1342 1129 532 7 97 979 43 513 
10 7 474 615 402 13 937 548 479 563 226 
10 302 818 1059 358 1337 804 7 897 192 664 
7 7 65 856 1277 10 1189 68 
6 513 7 149 59 1234 400 
4 360 1024 7 818 
7 1495 147 1462 191 114 1456 7 
5 1015 818 7 373 1351 
4 84 7 864 650 
4 1080 596 775 7 
11 200 318 43 1217 7 125 1139 1349 1190 692 1486 
7 998 589 789 323 1309 7 1187 
10 982 998 599 7 855 788 650 1350 761 938 
7 1011 820 7 1349 990 26 1104 
7 182 232 7 439 1411 43 1086 
11 616 7 788 990 545 977 43 342 643 1226 1476 
9 248 332 449 257 578 7 930 166 1399 
9 449 957 7 1419 836 1385 1445 1366 856 
7 7 589 757 928 856 786 177 
5 1159 1275 7 93 1269 
7 291 919 7 1084 972 1496 520 
5 603 7 825 449 1377 
4 822 632 1057 7 
17 1125 1228 856 63 656 855 1040 159 997 915 111 405 818 7 572 983 1337 
9 780 954 818 7 650 1059 1127 285 1354 
7 785 182 538 7 494 390 1126 
10 7 314 1420 383 506 1023 589 1124 872 586 
7 323 928 745 7 1343 232 1388 
5 7 123 553 323 65 
3 7 864 787 
34 232 904 449 51 7 538 9 996 762 396 1180 574 1002 57 736 224 1064 291 323 1119 1446 548 1015 1360 794 718 1065 1314 821 551 823 756 1402 88 
4 1408 7 84 234 
4 7 1405 647 357 
4 26 438 7 1115 
8 616 472 8 955 657 161 512 676 
6 43 941 451 1243 8 9 
7 785 1342 303 826 8 1010 827 
13 1359 538 632 829 768 57 784 8 1458 1272 1253 692 620 
3 407 1188 8 
97 589 692 62 43 1073 464 84 1009 233 982 786 1007 1354 1355 861 522 754 657 47 959 608 1126 868 1111 1377 1497 1059 964 39 1000 313 1198 670 848 579 449 548 448 664 321 234 229 583 361 1028 1326 467 1492 65 492 1258 454 1251 1044 26 1225 327 886 818 819 820 114 1348 285 228 513 493 623 382 665 1130 1208 389 1236 538 1345 707 747 900 1180 360 439 1494 326 575 157 350 760 168 29 487 1282 1488 8 703 1035 421 
4 820 8 900 358 
6 707 8 1477 418 533 73 
3 1110 983 8 
5 644 8 692 1072 598 
4 104 8 323 308 
36 542 67 1195 52 692 1283 84 449 650 1343 1125 125 305 1358 30 606 1387 1426 660 321 395 1272 228 143 9 304 26 303 1015 1339 229 1244 872 528 386 356 
10 448 745 589 1105 851 1150 9 1081 618 819 
10 917 657 1091 931 469 818 1392 1362 1160 9 
5 9 302 149 1319 589 
6 571 449 388 145 1104 9 
3 9 498 67 
5 1350 589 9 1035 323 
2 1073 9 
3 9 716 43 
1 9 
3 62 1086 9 
5 454 13 9 361 232 
39 818 9 1145 113 598 953 1217 383 1339 1357 203 349 1163 424 570 589 1104 37 426 323 218 432 43 1076 153 347 1408 296 1094 444 519 449 114 284 562 876 321 488 930 
20 953 554 693 617 40 234 112 868 459 692 9 1288 538 699 369 488 748 250 62 861 
12 589 9 203 1007 449 1254 395 1306 346 447 108 348 
9 598 450 202 200 1438 942 793 9 1003 
9 365 818 1104 235 761 1393 9 953 649 
7 703 1346 1063 1339 104 9 488 
5 1358 449 955 1340 9 
6 513 598 9 62 1066 232 
4 327 43 9 1028 
3 9 324 692 
6 707 1360 1352 58 9 439 
6 589 1485 326 9 10 1398 
6 863 287 1095 1219 9 1314 
7 449 1015 718 1345 104 357 9 
7 1108 702 1500 545 43 9 453 
4 9 16 561 609 
4 9 1171 376 1318 
4 1482 1097 9 474 
2 9 200 
4 9 768 333 532 
5 756 692 9 1069 927 
4 480 1143 9 1253 
6 707 9 336 1223 1483 1353 
3 1411 723 9 
5 104 1359 9 173 589 
3 902 793 9 
3 9 144 64 
4 1140 9 1490 927 
15 37 346 336 1092 532 1243 1395 360 1292 586 416 182 1316 9 188 
16 9 346 590 380 182 1171 1095 716 1460 188 469 602 1383 266 983 692 
2 9 1006 
4 64 9 507 449 
99 589 9 542 954 703 1417 732 87 692 818 84 333 899 304 1289 1354 1166 513 1362 1223 910 157 1378 406 291 1278 761 1474 199 449 346 548 323 321 1187 982 987 112 1353 1219 400 653 905 404 1188 864 51 307 1010 1382 394 1159 879 642 103 43 16 1034 638 50 485 650 1348 960 233 450 862 105 207 248 722 1426 820 1314 1009 535 559 710 1367 170 94 1397 473 773 1322 26 819 438 123 173 928 521 793 1060 712 1130 372 896 514 
18 1020 67 92 1296 182 234 494 232 856 995 125 1250 692 448 9 1073 321 797 
25 9 860 483 1281 548 785 999 803 120 233 1066 174 1186 57 330 125 182 13 104 1289 589 1179 201 606 1195 
21 9 664 522 1169 962 43 1362 694 10 204 1199 474 794 602 1304 1420 305 818 380 589 1092 
13 514 612 903 9 329 1187 26 950 1104 934 43 818 1314 
8 1137 114 657 387 376 9 1188 861 
7 9 927 1133 62 875 784 1116 
8 9 692 358 984 391 1359 125 441 
6 598 9 86 244 760 66 
9 1079 1011 9 448 60 656 664 385 686 
10 477 68 1468 1346 9 1350 450 253 948 1143 
5 598 1047 9 589 347 
7 1137 240 437 1181 9 711 84 
10 449 43 1061 998 1345 391 741 1069 640 9 
4 1063 449 447 9 
7 358 954 9 1206 438 1346 1370 
6 551 9 589 449 232 159 
8 9 555 26 818 84 1405 855 1061 
9 505 9 698 899 1218 201 104 63 318 
4 9 905 571 35 
5 9 325 448 599 692 
3 9 242 43 
5 9 747 711 521 1298 
3 9 1144 624 
5 374 9 763 1289 650 
4 9 159 333 531 
1 9 
3 548 1187 9 
4 1341 9 787 562 
2 9 307 
2 9 589 
4 586 9 1480 67 
2 9 1086 
3 9 700 75 
5 789 229 1179 9 396 
2 9 437 
4 1484 1415 1037 9 
2 9 1368 
3 1028 9 334 
1 9 
3 398 589 9 
3 9 321 24 
5 9 1339 64 819 1375 
5 569 712 9 607 392 
2 9 1089 
2 9 479 
5 95 589 9 62 1240 
5 104 313 35 9 692 
2 449 9 
37 1104 1171 903 792 661 922 323 692 857 1029 589 904 990 43 37 477 538 1435 449 9 617 464 450 609 1495 828 1382 964 902 401 47 1126 1064 402 418 1450 1462 
9 532 125 449 410 589 43 1092 1249 9 
10 603 346 589 37 43 64 1349 9 1124 623 
14 542 473 305 544 806 57 787 9 200 65 700 1435 137 872 
13 182 29 9 167 1393 534 589 998 1108 62 362 438 1349 
15 734 317 9 1033 809 943 1092 505 584 1475 1287 591 43 455 820 
13 1386 369 323 749 9 589 906 962 212 1445 956 748 611 
11 1187 102 438 545 666 1125 639 340 1221 514 9 
14 987 1020 1374 485 776 1465 1124 589 538 1039 438 9 860 407 
8 449 380 982 930 747 589 996 9 
7 9 163 173 332 86 998 232 
5 9 1483 515 657 739 
6 1009 1221 1334 1076 1069 9 
3 1224 9 855 
4 861 9 488 449 
6 1342 756 9 392 1390 200 
3 448 1346 9 
2 9 392 
3 1394 9 901 
2 493 9 
2 449 9 
18 598 125 1092 522 307 498 57 746 513 1119 1103 856 191 664 9 43 953 145 
14 9 680 765 589 179 188 818 26 449 398 438 1483 1217 537 
19 104 1190 594 1084 928 1355 118 9 1347 1427 188 323 818 232 822 513 1078 1448 924 
15 188 9 589 749 439 1342 235 717 1084 284 960 102 1247 802 966 
9 62 449 573 9 548 589 861 823 668 
16 232 793 261 740 9 689 1064 411 953 955 557 785 124 133 302 859 
7 606 582 1012 187 1331 43 9 
9 321 1347 494 1209 787 9 118 464 449 
4 9 1169 448 1360 
5 9 927 1349 64 1455 
6 508 388 414 449 962 9 
5 9 1398 279 182 905 
2 169 9 
7 922 464 9 861 383 1273 1240 
4 9 474 447 957 
3 286 1298 9 
3 9 153 250 
1 9 
3 9 449 1334 
42 1342 1349 620 908 981 200 784 135 449 1362 1415 232 1343 9 1041 549 569 323 188 1353 956 1495 412 1058 233 64 785 309 394 836 456 427 702 1338 182 568 1178 478 273 589 664 1045 
5 449 9 35 114 1124 
109 589 26 65 664 321 1171 899 447 535 304 1045 1095 1040 287 824 170 1374 437 130 718 154 577 328 1101 442 171 674 104 532 1007 1340 427 449 448 438 57 125 784 1345 488 1365 586 798 529 989 844 116 993 232 545 281 1020 395 987 450 469 126 825 908 1326 1268 598 332 173 358 13 326 1080 1019 818 1073 1483 1124 1179 928 534 474 1081 1316 717 935 194 187 777 1451 1024 1115 64 658 1211 1300 1104 1358 1246 1129 1202 9 779 200 953 631 1355 1126 1245 827 837 1407 1415 662 
23 57 554 397 39 982 609 424 438 988 676 1436 26 209 69 9 776 897 445 125 449 1104 707 841 
15 9 252 1182 564 538 507 1132 125 753 1007 57 1070 18 965 1347 
8 211 9 323 182 125 711 1118 819 
7 182 860 545 1372 208 471 9 
5 323 711 521 399 9 
4 236 9 1218 65 
2 234 9 
3 668 598 9 
27 323 589 1007 667 1278 548 1313 1467 62 9 529 104 928 644 1077 291 1124 1345 785 1272 793 1494 556 159 410 781 818 
21 1350 1277 805 257 449 219 1215 927 1344 589 43 26 862 126 759 493 113 232 9 523 463 
25 9 994 548 1143 906 1306 133 62 335 901 1372 1383 1226 1404 948 429 833 270 449 964 1162 391 708 754 1416 
13 521 1409 915 707 969 1312 9 395 334 1179 1405 1443 446 
12 9 639 589 685 1191 1241 222 548 448 34 598 228 
6 9 1166 1073 47 1343 586 
9 438 703 1393 1154 1473 9 1218 480 962 
5 9 448 449 1302 819 
8 288 548 1495 955 818 416 9 364 
2 830 9 
7 535 346 1089 9 1124 513 158 
5 104 9 1384 134 391 
5 1217 889 1071 960 9 
3 381 1191 9 
71 62 955 749 1358 865 202 1368 1027 589 123 901 539 1188 51 1301 1419 471 517 736 1454 603 818 819 1483 67 1289 748 864 827 832 1055 533 481 449 1124 229 905 866 1372 768 516 9 1351 112 1137 559 400 753 1307 94 992 1293 232 548 1353 283 228 1361 74 1328 371 1011 873 342 960 26 825 1169 713 483 843 
10 9 243 931 589 760 554 117 200 617 542 
6 907 930 62 202 9 539 
6 200 9 1296 438 447 679 
5 9 385 182 534 761 
6 793 861 701 9 927 791 
9 1347 62 417 1344 9 508 765 1364 589 
7 1339 449 9 1457 438 363 136 
3 396 1424 9 
1 9 
3 848 188 9 
6 955 872 175 1493 9 213 
29 1289 247 881 953 1336 823 239 1144 323 10 749 1106 458 946 377 755 62 1009 754 492 932 910 125 183 1346 1066 532 1196 145 
13 84 10 393 43 958 437 1134 505 1073 448 1494 1392 1048 
12 589 182 1314 1138 377 821 148 10 228 1365 383 1373 
12 182 123 898 1090 692 1365 405 84 610 372 10 199 
11 448 611 651 1421 104 437 1073 10 922 285 1441 
9 353 10 1187 589 24 1289 1465 1352 62 
9 10 1145 449 792 340 1288 516 1338 1366 
8 820 1189 10 582 37 856 204 122 
5 535 10 798 505 129 
5 10 629 1349 530 102 
6 1097 396 1346 692 1188 10 
10 379 1316 958 287 996 10 104 776 201 806 
8 598 1277 692 10 616 447 589 449 
5 820 1248 346 10 117 
5 10 361 13 1466 232 
5 879 150 125 65 10 
5 256 864 449 10 1485 
3 831 1350 10 
4 237 790 10 216 
4 358 1028 360 10 
4 1244 10 464 805 
4 10 1306 1357 369 
18 438 1385 598 589 877 738 954 96 1329 1124 235 405 290 542 987 10 229 884 
15 1064 505 895 42 43 1020 847 345 24 837 660 957 83 10 1152 
8 10 720 857 967 182 74 902 1493 
13 573 10 200 1366 169 1416 745 1350 751 360 315 1020 1363 
11 548 1073 10 581 707 1342 788 1175 589 1248 692 
17 10 350 869 627 833 449 1366 1221 1097 639 442 22 910 241 695 554 596 
6 188 10 589 1363 745 1422 
5 959 586 620 237 10 
5 192 836 458 10 312 
4 532 1042 182 10 
3 168 10 1021 
31 43 821 584 548 1124 1073 1314 635 10 402 245 840 1029 343 819 822 1360 559 860 1188 989 953 449 64 1350 334 996 239 1168 1279 1061 
18 62 559 988 1335 10 1371 24 713 830 296 298 91 505 275 745 692 1069 757 
7 1046 10 1060 856 117 822 359 
4 10 321 1313 232 
28 589 74 1114 449 335 1343 492 1076 1126 1379 799 1062 188 1384 1281 10 1080 1000 954 1017 1069 323 1354 1160 202 93 889 820 
28 1353 864 436 608 48 10 859 792 675 698 802 368 354 18 1288 91 644 1316 1018 880 266 1384 173 589 1095 1245 594 1345 
14 117 1267 114 86 747 136 10 854 955 589 324 818 675 590 
23 650 707 1064 451 1180 1078 774 647 272 36 498 1473 589 784 546 1306 1197 303 856 1167 843 1352 10 
9 1143 26 1223 10 1064 1221 328 1073 448 
15 1360 821 1345 698 147 1399 589 1496 784 10 1046 104 571 232 346 
11 281 1020 880 750 819 655 954 599 957 667 10 
10 542 144 1181 1350 281 1361 391 10 819 1064 
10 62 10 83 983 846 1020 571 546 456 951 
10 123 43 1443 899 117 1092 232 62 1122 10 
8 10 166 532 380 361 42 13 727 
8 818 10 696 1049 232 63 1346 461 
7 289 449 10 181 1073 64 1076 
7 10 950 1330 449 759 794 1009 
6 1179 102 75 10 432 753 
7 953 450 10 332 532 282 1182 
5 10 307 822 737 1224 
6 10 321 448 505 589 114 
7 990 445 26 545 551 10 449 
4 1350 1370 312 10 
4 1104 10 644 438 
8 712 228 340 1237 716 10 37 1097 
3 10 474 352 
7 281 28 184 589 104 1327 10 
8 707 899 905 10 819 1052 700 449 
4 26 10 653 500 
4 1218 182 10 598 
3 797 10 464 
3 1174 580 10 
7 10 57 708 1132 200 1425 324 
5 10 818 1182 1048 72 
5 200 1403 787 10 1045 
5 821 10 1064 323 321 
3 10 477 447 
3 10 522 334 
4 37 43 617 10 
3 554 928 10 
4 542 200 409 10 
6 900 650 37 10 1188 784 
2 10 48 
4 448 495 10 823 
17 57 449 129 973 894 855 38 589 733 818 1357 631 1015 10 1302 396 708 
11 438 244 359 323 906 799 662 10 449 267 362 
73 323 538 1020 91 303 1346 1171 1026 559 288 823 863 1366 757 1139 1120 415 1413 1279 1229 1463 1235 104 464 380 98 449 488 514 437 338 247 1094 448 598 1186 37 1339 1274 657 1222 1373 349 715 1386 62 855 666 289 840 176 589 15 660 1429 353 1155 1069 1288 10 285 680 929 910 935 806 1198 1431 1108 232 324 86 1057 
10 305 182 10 37 210 157 1076 449 1188 1030 
2 996 10 
3 10 239 463 
6 1497 10 1238 765 323 385 
2 10 50 
5 10 791 538 498 200 
5 10 413 324 1363 1307 
2 335 10 
32 323 449 998 1377 572 772 690 125 1352 1020 746 316 818 1218 202 246 834 44 1035 1414 840 672 1346 10 370 428 1088 820 349 1141 692 859 
46 612 1073 1110 1295 1098 1433 1134 323 1342 125 855 91 233 1017 399 1362 336 362 339 412 297 1203 435 818 438 869 544 692 182 1064 114 1089 865 724 957 241 589 189 252 664 784 10 609 359 965 310 
226 589 692 62 548 818 323 819 598 200 281 114 855 37 333 571 1179 188 611 1347 447 707 436 67 521 1353 1355 1357 750 1359 956 753 792 1220 439 47 994 1369 452 1313 759 306 290 407 1192 106 1008 364 408 1485 370 1078 1229 654 509 614 99 672 138 103 781 1492 1170 1109 540 182 173 631 1364 202 1003 413 164 1231 346 104 532 65 1342 438 84 1483 1064 650 551 497 785 747 998 1351 1352 102 1356 1086 385 791 679 906 1076 657 575 515 988 245 246 628 498 1391 1194 463 312 213 567 295 811 1068 500 1262 638 537 52 1292 977 1286 320 280 981 232 1073 538 1104 321 391 1069 505 64 303 395 987 746 535 10 1137 1007 1244 1290 1222 437 1191 309 159 610 566 206 1388 1397 1404 720 775 881 845 1101 322 636 779 139 140 324 488 282 1493 555 828 574 766 16 1098 1418 419 301 784 542 928 863 107 374 125 583 192 43 820 1343 745 1186 1217 1348 112 929 1363 905 1368 712 1010 795 869 1006 799 1382 160 339 248 1499 1248 772 590 1421 353 476 41 597 982 334 616 930 682 457 231 
17 281 232 909 1345 26 900 671 1025 323 10 203 410 65 1419 62 242 1424 
14 10 35 1223 820 710 692 64 598 1276 43 178 1232 1068 398 
4 10 65 865 449 
7 1007 214 10 1144 692 841 1086 
10 182 999 199 1160 664 736 1330 707 692 10 
7 286 10 697 589 1337 818 906 
10 403 10 12 1463 1332 321 43 583 1349 674 
3 632 449 10 
7 1264 794 91 10 1311 388 358 
4 1129 10 1360 201 
3 589 718 10 
2 10 406 
5 901 1248 675 10 1180 
7 11 449 84 441 497 136 333 
47 589 1158 1124 281 898 901 13 581 959 309 835 969 315 378 818 1171 998 931 182 43 750 1361 1222 606 1061 570 438 26 571 474 957 1497 967 422 11 61 927 1348 635 1328 676 801 471 1255 819 91 106 
6 11 493 1011 700 62 1483 
4 506 583 11 1058 
5 26 182 631 11 707 
3 11 639 1310 
17 26 553 104 29 11 323 622 718 190 672 1349 920 821 567 589 229 1375 
2 671 11 
5 346 327 464 1404 11 
7 177 1123 129 532 11 819 474 
6 837 1020 589 232 11 284 
32 994 11 43 417 316 104 589 1063 586 930 1496 472 914 46 1358 687 144 555 717 610 576 646 217 1021 565 1088 1316 323 488 235 615 464 
5 1109 1079 11 1045 1180 
5 1008 12 449 1217 1342 
20 1064 830 583 586 506 1375 242 131 887 428 1212 82 538 281 818 933 486 12 702 1063 
11 64 12 1104 1350 1401 92 492 716 623 919 321 
8 277 144 714 1104 819 1336 862 12 
7 1089 1401 12 221 55 898 338 
4 707 12 346 961 
4 566 542 12 698 
6 234 346 1033 795 12 781 
5 532 56 654 12 62 
5 867 232 12 289 1475 
2 477 12 
3 182 929 12 
30 200 92 1073 1009 1349 201 1079 104 1060 1385 449 13 936 992 818 1065 561 438 1174 846 816 323 474 513 1190 205 36 1128 879 295 
5 1225 1290 1090 13 140 
3 818 13 1275 
3 581 954 13 
14 358 627 928 862 1355 13 1026 1480 182 395 1221 478 985 536 
7 300 13 465 333 898 1343 182 
6 598 533 168 233 309 13 
4 13 435 1344 786 
2 13 1373 
21 611 1007 125 1498 463 534 1096 449 825 1124 927 589 1358 13 1430 1320 104 786 711 703 1433 
11 1400 193 818 544 444 398 449 13 1056 302 1290 
4 522 1343 13 1059 
6 13 420 449 784 1376 914 
5 13 37 538 1191 729 
4 1167 1347 1478 13 
3 94 589 13 
2 745 13 
52 548 894 903 63 381 994 830 1343 542 539 680 1180 583 600 412 530 449 1273 67 1367 366 1058 104 635 700 1171 1349 796 1203 818 13 1011 1008 62 392 1223 1066 831 1485 1436 1449 782 664 1063 286 1408 1212 1356 616 359 824 250 
8 1020 86 466 548 784 169 13 477 
9 927 1090 1362 231 13 325 973 536 788 
12 312 64 1073 1008 352 1398 1456 1289 531 818 93 13 
6 554 1124 133 449 13 43 
3 13 820 679 
2 701 13 
2 13 177 
22 542 1476 589 13 1279 109 1490 488 1276 182 1350 147 302 143 1403 1257 304 692 1334 207 232 342 
6 13 438 236 232 288 898 
7 13 1119 449 64 931 292 1020 
5 1410 364 633 346 13 
3 84 346 13 
4 1104 13 535 1261 
4 1045 13 200 650 
5 748 994 163 13 1032 
19 818 335 784 756 60 328 1221 449 852 1143 865 821 232 20 67 13 254 1161 819 
15 784 905 235 13 1485 429 1217 499 1125 182 918 302 123 1500 589 
4 333 784 1483 13 
4 1349 858 1273 13 
4 1307 818 13 589 
3 13 643 656 
10 692 580 1144 1183 920 812 43 1343 532 13 
3 538 13 188 
6 899 104 332 1049 13 323 
6 91 13 505 1256 367 987 
4 257 1349 508 13 
64 43 535 901 589 358 818 551 1339 1220 527 676 770 732 1343 1347 699 1496 472 1028 1400 484 323 820 62 14 548 1342 538 1104 1064 611 67 282 1356 1358 228 856 790 143 958 622 405 869 1003 1144 600 769 736 219 691 449 1073 545 114 1186 1143 903 1076 582 410 577 688 389 897 
7 43 824 14 346 494 184 542 
17 497 1092 1045 931 323 27 656 1244 1351 1295 1069 14 1342 1334 350 62 285 
20 953 806 532 14 232 117 342 139 1472 1497 366 1147 449 928 323 589 983 907 518 779 
7 80 14 507 1395 492 1362 1354 
5 821 303 953 14 449 
55 819 1343 927 788 325 867 501 71 449 953 173 822 1359 909 741 1476 820 955 201 1276 1415 1073 1104 1069 1344 554 786 857 289 528 1395 444 1148 14 26 929 477 693 687 1010 717 633 182 1483 180 84 438 1217 50 168 1184 850 532 281 1341 
13 1124 1483 348 1135 653 953 505 623 14 1073 80 1417 346 
6 62 93 1087 14 1009 449 
6 86 822 14 757 1340 548 
38 232 284 513 616 789 15 909 1330 53 1209 1466 784 104 1446 402 632 610 1309 672 449 837 43 1229 1104 747 505 753 1260 533 1019 482 432 745 188 380 953 750 347 
8 703 707 547 1235 795 953 643 15 
11 571 935 284 612 1489 448 1064 15 498 636 1368 
35 953 1302 62 1009 955 1026 214 589 26 982 1496 413 819 288 1073 64 1352 1090 15 754 792 699 1168 327 637 1331 893 1469 1470 532 43 323 158 36 1167 
8 15 398 1069 731 749 403 45 976 
4 543 114 598 15 
63 62 85 182 506 589 64 1243 871 259 1091 1213 449 332 1086 1060 306 572 1034 346 532 84 123 1104 391 173 987 1349 334 1359 1095 1188 144 1225 911 340 541 683 1327 853 564 679 992 1252 98 232 1063 15 963 840 843 104 1064 234 749 384 990 1483 505 336 1173 38 1000 975 
5 826 15 321 1194 1174 
5 1289 15 1202 1009 869 
16 449 532 609 70 413 661 173 26 589 104 819 1217 1218 15 1384 248 
6 57 61 872 708 15 859 
4 589 469 15 171 
18 201 347 580 43 1336 15 1306 839 538 751 509 431 324 887 571 1379 385 608 
10 43 954 249 1314 1363 1186 15 474 1059 449 
7 1359 1446 859 332 15 1360 1124 
4 307 1187 15 1334 
4 104 761 15 921 
19 391 232 438 1388 1043 1471 346 1342 15 1020 392 928 1096 104 1041 719 588 1468 784 
5 21 966 15 726 586 
7 819 636 589 15 215 488 1248 
10 104 1362 200 106 732 260 93 97 15 26 
6 15 814 691 589 805 144 
3 548 325 15 
7 928 1373 106 474 656 571 15 
7 449 482 86 568 16 1116 1258 
5 43 469 1133 449 16 
4 566 931 16 321 
4 321 16 822 275 
5 200 16 464 33 38 
24 1064 464 708 1217 125 400 1120 449 867 565 1124 860 1122 403 710 908 43 554 629 16 544 192 251 976 
7 166 1007 1400 16 548 447 28 
5 16 383 306 1369 644 
11 1355 68 1483 1428 1196 637 449 24 820 16 173 
13 449 708 598 906 182 1078 1254 586 1225 1403 99 1371 16 
6 16 1274 1085 474 1179 759 
6 927 323 821 1293 16 532 
3 1180 16 159 
4 822 16 1343 182 
9 1124 16 708 527 1411 135 423 554 1026 
9 1189 17 1212 464 16 384 632 1045 491 
9 16 1381 26 308 365 109 67 532 986 
16 505 449 1226 456 601 692 1190 182 17 1187 39 466 477 96 91 812 
7 818 17 1386 391 286 692 70 
3 824 1394 17 
20 873 228 323 1307 649 1480 1104 44 560 17 599 169 387 1064 474 575 477 263 50 337 
6 63 17 899 962 51 818 
2 559 17 
227 449 692 232 346 818 104 532 26 819 820 65 664 84 332 200 1483 1124 1009 281 784 1020 1344 91 64 954 982 611 987 1143 497 535 380 436 1351 822 397 1137 282 398 305 1086 1219 1079 285 1081 1172 1017 384 609 644 1160 862 360 1244 522 824 63 1366 336 1368 1105 1294 870 962 1246 36 191 997 154 1389 1295 1193 1048 966 1306 1337 473 769 654 775 135 1424 1234 1305 924 1001 460 503 182 548 448 464 1314 57 114 125 855 333 234 395 785 746 1352 1353 631 235 748 283 1339 86 599 513 469 903 1364 823 1302 622 169 994 347 289 290 1278 652 1259 833 352 95 412 194 968 17 101 89 139 815 553 438 927 1186 1179 899 1218 474 861 400 189 202 608 306 796 999 248 1401 211 807 671 740 1039 561 1102 1481 323 1069 303 1350 75 760 603 161 83 370 418 1416 272 224 742 1164 278 953 321 745 37 707 1273 102 788 287 1365 1374 1191 798 913 1153 563 525 545 1343 1345 898 396 1289 708 930 700 1370 1323 1313 363 1245 1046 455 386 1441 1184 1032 1073 1187 821 551 712 55 262 747 793 243 
6 397 1353 449 700 17 229 
5 783 1373 1217 17 286 
6 30 658 17 904 1314 1086 
3 709 766 17 
12 869 112 1272 954 1194 1009 396 17 1176 304 730 884 
3 1128 652 18 
9 823 1274 715 152 26 18 385 819 1480 
3 866 18 449 
63 323 123 1104 1179 1166 451 72 331 1318 104 1069 927 302 866 657 207 1073 114 125 753 1220 759 1056 1118 933 676 1122 1157 547 186 1325 438 1171 380 664 200 818 43 1272 112 1416 449 787 1081 336 1371 575 699 1307 240 800 370 725 60 421 18 1328 203 1139 118 494 1281 243 
15 104 252 37 155 753 1342 658 1015 589 1382 1222 401 586 933 18 
11 505 1346 43 616 1316 532 1136 664 18 105 993 
4 583 936 18 1187 
7 43 1483 229 235 62 18 1087 
10 1294 283 164 1362 589 987 128 346 62 18 
3 1259 19 793 
3 1342 19 26 
10 464 234 866 308 19 616 1234 635 188 643 
3 19 852 275 
10 954 19 823 554 182 396 821 1377 1070 589 
12 448 818 215 281 1082 324 1439 43 70 589 19 551 
6 19 542 449 692 474 361 
16 1064 589 55 664 449 497 1145 790 125 19 532 287 362 1034 1314 91 
6 236 448 19 1288 691 544 
1 19 
5 449 1068 752 19 1104 
8 1152 1364 104 144 474 19 43 632 
23 745 1063 606 1333 449 177 128 1245 505 1336 370 1072 125 960 158 698 542 826 600 704 1064 20 32 
12 1258 639 862 104 201 902 20 281 347 126 1378 430 
4 1370 1434 20 189 
3 20 664 1020 
13 1349 1104 805 108 387 180 866 43 125 20 657 818 321 
4 20 929 909 1336 
14 1203 1004 532 1079 1258 1339 589 745 469 20 1275 1287 929 1168 
12 20 1079 182 1245 478 283 84 1315 1370 997 539 1376 
3 20 707 255 
2 863 20 
2 20 752 
10 1064 818 492 20 91 1073 1188 385 1143 1340 
5 449 833 1271 754 21 
7 367 1017 91 1483 1043 571 21 
5 900 104 21 1414 1225 
14 1346 26 21 37 436 589 449 1160 1365 139 467 1468 323 987 
14 1143 1145 165 822 457 542 21 26 180 615 941 1090 581 1047 
5 21 825 538 516 1175 
3 1076 821 21 
14 391 708 464 114 1258 606 21 980 62 505 1015 1020 1187 1260 
5 544 695 561 449 21 
8 37 574 24 22 545 900 1449 1342 
7 1026 1073 449 1324 958 22 232 
8 22 336 57 385 617 288 1009 468 
5 245 1483 1159 108 22 
3 22 799 84 
4 232 915 1179 22 
6 22 543 158 526 1107 606 
13 22 1009 415 123 589 186 1343 1496 396 1402 573 332 1118 
2 22 51 
5 29 474 910 22 1243 
4 175 999 23 398 
4 43 1035 1493 23 
7 204 1050 1342 586 23 64 818 
24 232 1359 871 519 1352 155 709 687 1154 151 784 1187 449 745 1180 821 1301 256 433 188 398 167 795 23 
3 870 362 23 
7 664 23 711 589 820 1218 595 
13 232 117 1442 748 735 84 65 1419 1317 818 420 23 539 
7 589 449 484 1289 935 23 818 
3 23 401 50 
24 104 1355 750 166 526 1314 534 1020 1179 1090 960 1243 992 23 565 1360 1447 1367 241 1296 1308 1462 740 57 
16 906 177 438 143 620 761 292 449 237 1417 791 598 24 1497 182 190 
6 1349 599 592 26 323 24 
4 899 24 1179 26 
5 438 188 1181 381 24 
7 24 50 791 281 26 1017 551 
6 1404 437 831 323 84 24 
3 1137 1217 24 
36 323 302 961 692 1342 321 1243 858 905 700 758 652 1067 882 619 598 1352 1378 241 72 1472 611 823 807 43 454 600 589 24 448 505 145 810 182 235 1027 
3 182 1183 24 
12 1483 288 438 960 722 821 24 1274 711 818 55 723 
9 24 764 401 1007 1326 1357 818 332 684 
7 1483 331 1262 93 860 306 24 
3 24 768 1061 
3 1015 24 182 
8 918 61 1339 470 818 24 589 450 
5 542 449 24 469 447 
1 24 
6 323 1015 24 953 456 114 
9 1384 687 396 1086 397 24 1209 462 117 
11 788 464 598 1280 177 324 1336 725 24 532 991 
2 62 24 
4 24 1360 874 1389 
10 104 510 62 548 449 349 764 24 709 1353 
14 505 104 125 24 1006 303 863 821 1418 438 1324 1273 43 42 
5 24 983 819 795 1284 
5 1160 449 908 24 104 
5 1326 24 1022 548 686 
2 24 667 
3 24 955 336 
6 24 1095 1020 91 241 683 
9 24 650 538 48 474 750 1111 80 675 
5 734 987 818 24 532 
3 307 1124 24 
7 125 24 1388 43 447 952 782 
5 612 563 532 24 953 
72 449 447 583 252 43 664 953 1343 899 201 1007 1086 229 1274 392 180 584 361 24 798 799 454 368 209 989 1304 1445 186 896 783 279 62 1073 281 448 233 998 999 370 220 589 384 153 239 1021 89 182 232 188 1347 708 451 1090 698 911 610 527 1306 992 863 453 26 1064 513 92 964 50 1092 870 1192 1003 974 
11 953 99 25 538 64 131 928 1140 201 1433 943 
6 235 25 43 981 1041 26 
5 25 1343 1171 636 385 
3 767 406 25 
4 455 25 996 1417 
8 616 62 250 482 396 400 692 25 
12 1015 201 898 545 1343 598 532 1095 806 1157 1205 25 
13 284 265 25 1123 30 465 1248 505 419 26 590 664 589 
4 25 351 511 1367 
5 477 321 214 25 1198 
13 104 785 182 1181 26 205 543 338 1322 141 497 49 232 
2 616 26 
3 26 1074 822 
2 26 930 
28 182 384 1376 543 114 210 26 419 1064 915 449 398 335 1017 1389 624 589 1398 184 454 83 735 481 222 467 1212 59 324 
14 26 575 580 1100 725 692 571 334 436 589 552 635 1064 424 
10 43 1156 1050 748 50 62 26 593 679 650 
7 818 863 571 232 26 451 793 
13 1064 254 328 26 827 1226 326 1081 666 497 652 244 118 
8 785 232 26 275 416 449 1146 589 
4 125 392 26 346 
4 479 26 1350 84 
6 596 1336 438 950 802 26 
8 1081 416 478 1017 229 196 1254 26 
8 898 26 323 987 474 818 538 305 
9 469 1073 323 173 213 1466 460 905 26 
6 1345 559 820 1015 26 1152 
5 449 1483 382 26 795 
4 26 1076 929 918 
5 818 666 26 232 1224 
7 855 856 26 1187 666 1188 223 
6 1167 448 1327 1451 26 890 
9 859 124 1273 1132 708 676 598 789 26 
4 26 1202 560 1093 
4 907 959 26 405 
3 1390 26 91 
5 26 91 760 501 1187 
7 43 1352 1103 26 1342 822 594 
4 865 546 1055 26 
4 532 232 26 562 
2 436 26 
3 286 26 688 
5 26 1131 707 653 129 
6 173 532 26 454 1294 346 
3 411 44 26 
2 380 26 
3 26 1480 292 
5 26 307 656 589 794 
5 1433 245 26 538 1180 
7 1235 589 931 26 1252 74 899 
4 1253 50 998 26 
2 906 26 
34 784 855 1350 383 856 761 1113 589 1483 867 43 1105 783 1303 1234 26 189 449 542 1376 801 123 1186 392 622 170 1246 386 504 1314 650 1218 1079 616 
11 955 449 26 68 589 1343 818 302 784 447 1138 
14 182 763 542 1402 127 254 1305 449 1418 26 397 1328 589 290 
18 346 1232 62 709 41 589 26 287 812 818 861 201 1187 1079 653 1190 1206 520 
13 358 346 26 1343 546 75 1122 548 305 287 125 831 1154 
10 656 687 1186 542 449 50 401 26 464 56 
11 125 928 1180 26 1373 784 383 554 1017 959 1130 
8 26 1217 998 1347 614 626 1079 1020 
12 1349 346 1498 409 26 449 542 598 599 1079 325 129 
10 334 358 26 628 845 856 182 791 545 1380 
5 1026 26 927 1166 358 
7 173 125 521 296 26 220 1040 
7 161 541 788 26 438 392 1291 
5 664 26 1354 1244 43 
8 449 598 1067 1255 333 26 408 576 
11 589 1276 1310 182 26 240 729 996 880 1220 347 
9 204 657 745 350 558 1170 26 232 155 
2 173 26 
7 819 256 26 823 747 818 1447 
5 26 101 990 679 667 
7 1342 303 442 785 1102 26 352 
8 26 449 818 819 1275 786 593 1147 
7 1107 1351 696 1075 1277 26 836 
9 180 219 1240 1487 43 669 346 769 26 
4 26 768 532 589 
4 532 957 26 971 
2 957 26 
7 818 50 26 775 1488 449 447 
4 75 26 232 1218 
5 398 104 1274 1056 26 
6 862 26 449 589 152 772 
6 878 289 369 30 26 324 
3 323 1348 26 
4 1311 1413 26 1318 
7 1217 30 1090 26 535 449 323 
3 26 167 1003 
6 26 332 1104 449 483 988 
4 690 26 1366 505 
6 692 1350 983 745 26 591 
40 449 1160 1057 1342 65 745 1344 542 746 521 398 180 751 1369 1371 238 94 845 892 26 522 43 86 400 1027 448 650 506 523 1274 559 791 934 1082 500 433 323 589 38 321 
19 589 765 928 1086 1188 703 128 712 168 179 1043 1265 26 321 307 332 1111 234 449 
16 1314 1388 1325 43 26 65 182 497 86 1018 1381 801 766 495 538 161 
16 1346 899 43 284 1195 172 26 1299 598 93 873 426 62 1076 309 260 
10 589 538 507 757 26 1217 384 155 158 676 
10 1374 1446 818 26 725 542 1173 266 1137 154 
15 1218 532 1280 376 104 611 934 1243 1169 808 883 26 86 1160 955 
17 26 1045 754 1259 1122 915 657 444 784 953 1420 956 1105 1191 351 661 449 
10 26 449 1314 396 281 545 1006 364 1080 42 
14 43 710 332 861 1112 1170 203 307 351 604 26 232 225 589 
12 818 408 173 458 1180 740 86 26 235 1275 1311 1208 
11 1018 26 681 650 449 483 67 105 543 998 720 
5 505 589 26 43 1033 
5 26 1330 422 233 104 
5 26 589 323 692 366 
7 449 641 437 692 26 395 113 
6 1124 26 1348 1328 598 74 
5 786 464 26 43 745 
6 715 104 396 305 37 26 
2 26 234 
3 26 145 1366 
8 563 923 26 108 378 620 333 1191 
6 535 369 26 284 438 699 
5 1162 26 1412 664 589 
3 26 1384 790 
7 286 1067 880 872 1351 1360 26 
4 26 664 1007 821 
5 449 125 26 1375 114 
5 748 527 26 583 822 
3 26 894 1360 
5 1377 1334 65 563 26 
4 1386 26 1372 589 
4 964 26 1040 488 
4 1408 1186 26 1276 
117 449 448 447 1032 42 589 43 65 505 303 304 67 905 957 145 406 667 763 340 1122 249 1129 772 425 845 849 1075 1303 232 346 819 332 114 1020 954 746 521 1359 710 236 1077 1096 508 935 455 587 44 124 789 477 323 532 26 598 200 953 57 821 488 1015 436 397 235 748 1081 1172 30 166 666 167 1302 866 620 584 794 1313 204 717 1498 148 190 498 94 1389 1393 766 1146 985 1415 722 649 654 150 972 525 1074 1448 1134 1331 977 182 464 1079 609 861 653 627 1341 1138 132 688 671 85 490 1238 1026 39 
43 449 818 401 1493 1369 472 766 274 561 62 346 1104 402 182 464 551 858 479 26 339 1399 419 589 1346 596 104 545 1040 189 326 932 681 763 1403 1124 391 1020 1347 521 112 933 232 538 
36 123 395 998 1081 652 183 574 589 447 1268 43 26 899 286 62 1186 1089 449 1314 1217 1137 1405 976 182 451 232 538 1344 1095 510 532 898 156 365 719 371 
28 427 1353 400 1469 1257 26 577 818 666 994 891 589 650 680 1077 810 173 360 1220 634 521 469 537 391 92 608 36 1326 
22 26 998 47 304 1100 391 569 165 1351 730 705 579 589 958 632 1495 393 411 541 1288 812 538 
19 438 358 608 853 589 858 1322 435 173 51 596 664 1474 26 306 763 31 828 1016 
11 505 1110 26 1500 585 323 1350 1077 533 589 1048 
9 164 633 497 26 1127 346 1070 1000 323 
12 84 26 102 886 549 861 1349 1483 616 1266 179 968 
10 1221 882 1006 179 1083 64 26 346 711 323 
8 104 26 281 1063 898 449 823 1393 
5 26 43 1020 180 859 
8 392 505 341 1113 477 966 26 1467 
12 1413 1105 375 1050 662 1276 1204 1282 26 505 749 1367 
4 26 346 1006 885 
6 589 26 1412 628 385 334 
6 1179 1233 447 855 26 1180 
7 855 1155 86 26 464 1327 1011 
9 1104 26 902 62 321 953 767 160 388 
7 1045 26 1090 381 542 323 473 
4 96 26 1104 1395 
4 1233 1126 26 554 
6 1466 447 438 548 26 391 
4 324 1296 26 453 
2 26 961 
4 346 548 26 398 
3 1283 323 26 
5 449 754 818 784 26 
5 403 1217 26 488 1246 
2 381 26 
6 26 356 951 182 1368 108 
5 26 818 1152 1053 1344 
3 1167 538 26 
4 189 50 26 1497 
5 1343 521 26 1270 607 
5 1199 823 548 1020 26 
2 26 397 
36 438 1354 166 912 834 835 1131 745 155 43 1276 723 449 448 37 1370 1128 1296 294 589 436 63 1118 1097 919 949 111 57 955 1045 1302 249 26 1018 913 1416 
17 532 398 166 754 161 1427 160 233 104 393 1330 365 723 26 745 146 302 
9 1092 382 26 993 91 117 538 1029 281 
13 1179 1064 1256 1020 1116 819 1494 114 823 524 26 1137 664 
12 307 725 1121 65 1495 396 556 86 447 552 26 829 
10 26 571 234 391 1097 1339 289 327 1226 668 
17 351 315 1007 306 1351 182 589 793 237 748 826 1099 26 818 201 62 295 
14 492 617 479 1297 1309 232 775 333 1422 589 48 26 1353 91 
10 1484 692 710 449 625 26 212 438 680 1189 
14 1346 26 151 374 56 898 396 232 172 902 62 129 346 918 
12 346 521 1349 448 37 452 1199 65 116 1064 731 26 
10 598 1104 620 1353 26 86 818 346 606 597 
11 745 485 26 1217 50 571 125 955 538 1483 43 
7 30 1274 182 920 201 26 899 
9 449 550 74 1162 26 532 385 448 594 
8 1360 1373 651 1490 589 26 1390 692 
6 1171 1483 548 26 1498 650 
10 284 357 26 809 898 954 1009 169 552 188 
7 26 787 1221 1260 1018 346 586 
4 104 1346 678 26 
2 238 26 
5 955 968 200 28 26 
3 57 26 380 
4 112 104 776 26 
6 26 1010 927 232 373 488 
5 401 760 26 396 809 
5 1217 1045 358 26 449 
4 26 827 664 1328 
4 26 790 104 1066 
4 594 380 1423 26 
3 832 26 1212 
4 1366 26 826 182 
4 477 554 26 996 
4 26 1220 114 84 
4 26 1045 395 344 
2 724 26 
6 930 26 821 899 1202 43 
4 902 1408 784 26 
3 26 545 952 
4 813 505 436 26 
4 960 381 26 1242 
3 692 232 26 
6 915 35 26 145 532 324 
27 1342 1273 1092 493 1225 1410 1124 872 1156 1064 1346 361 699 514 828 1144 26 464 589 820 480 37 1365 864 717 1227 1283 
26 323 1069 787 659 692 419 1104 589 1007 1274 49 26 953 232 1045 587 891 742 1088 820 404 1372 868 250 1461 529 
13 1314 1069 183 938 1458 433 43 450 637 630 26 182 1188 
12 346 902 299 1493 26 84 464 462 334 1060 532 1187 
16 1045 281 864 836 892 929 1397 26 1273 901 1070 1041 617 382 1154 225 
9 281 589 1314 505 57 532 26 236 1359 
11 43 173 1143 1089 592 928 26 1048 281 61 1026 
13 664 818 1058 232 419 449 26 251 346 522 313 63 718 
20 26 449 1178 744 923 928 657 907 575 437 1097 52 1064 1258 72 334 287 455 57 1174 
8 37 1186 348 26 727 125 906 535 
7 323 682 26 321 37 571 1076 
8 1179 26 542 450 962 1270 538 621 
10 1486 232 26 1376 358 438 385 1069 646 57 
6 996 1145 26 548 692 1124 
6 1190 1495 64 26 1161 855 
4 589 855 1187 26 
5 500 1079 26 1062 474 
11 1188 1436 335 1183 707 791 642 166 26 1375 897 
3 26 36 43 
3 190 26 1217 
5 26 721 864 522 671 
4 163 26 478 855 
6 26 868 1150 527 1350 469 
5 956 84 1257 26 558 
5 281 26 362 315 947 
6 1483 906 805 26 1064 65 
4 589 26 1301 304 
2 26 1223 
2 26 43 
27 464 143 47 879 598 1026 755 351 538 333 497 62 1137 311 26 999 589 1045 238 220 1363 1145 577 227 125 1392 507 
27 449 431 1179 904 906 1104 1500 232 785 929 1292 1457 535 304 1363 751 693 492 1112 161 565 323 332 1288 26 559 170 
18 1124 538 438 622 95 1166 902 449 26 1469 621 959 928 1105 988 966 487 721 
14 449 474 200 290 891 706 1217 589 1060 1055 62 348 26 159 
10 464 534 568 515 347 190 1200 742 37 26 
6 1045 970 358 126 819 26 
7 598 1069 26 599 104 477 819 
5 784 26 91 790 236 
7 323 818 544 26 654 1007 438 
4 488 26 601 1334 
2 26 144 
7 26 30 155 1180 1262 43 900 
3 1067 26 1314 
4 94 1013 26 1343 
4 178 632 26 1153 
2 26 203 
7 26 1211 947 1040 693 125 286 
2 953 26 
1 26 
3 55 26 358 
5 1262 943 922 43 26 
5 26 242 334 1060 1378 
5 1413 26 955 958 855 
5 408 64 26 715 236 
3 26 848 403 
4 26 690 1420 893 
43 62 589 1493 543 674 84 26 539 204 200 1064 1015 358 1040 693 1391 692 542 1145 836 81 818 1383 323 535 1288 1172 791 1294 944 691 1124 1341 538 545 391 302 899 201 307 410 537 1263 
27 818 57 395 1218 1160 401 1308 491 26 872 589 608 247 232 380 555 1471 1064 62 167 594 1098 1425 1334 1040 1008 1435 
28 855 177 545 397 307 206 876 1483 1345 57 867 1148 346 998 1357 130 949 357 26 538 340 1444 76 685 122 43 790 746 
8 26 91 287 791 921 321 449 1034 
16 818 401 1362 51 26 381 38 160 770 771 316 980 448 140 1481 464 
9 26 822 369 532 69 638 949 111 359 
13 182 1209 464 104 387 751 727 26 1198 929 1217 1066 1432 
12 305 666 344 346 104 616 1320 232 1347 895 26 656 
9 481 1064 1334 842 664 990 104 1296 26 
9 909 287 589 587 26 338 312 235 1186 
5 43 548 26 65 1064 
8 182 1179 692 816 26 334 1459 281 
3 26 325 448 
9 305 1179 1255 1330 830 929 560 589 26 
6 464 26 114 382 140 43 
4 876 589 826 26 
3 464 26 335 
3 1080 26 932 
2 26 770 
4 163 26 1106 818 
5 1017 507 436 1045 26 
3 26 692 1323 
3 548 1086 26 
5 26 820 571 546 1067 
5 158 449 1104 26 818 
1 26 
4 143 26 1118 1381 
4 635 957 84 26 
6 44 26 449 694 1073 321 
17 449 1217 545 1336 1069 324 232 182 1314 86 155 290 1417 1133 1454 27 589 
16 1124 50 535 1143 1020 166 403 1200 27 783 102 229 681 185 120 1186 
6 104 1321 239 1334 123 27 
5 492 1132 1217 818 27 
2 582 27 
16 589 717 449 631 1352 289 232 530 323 380 603 27 1379 548 1326 688 
7 449 929 27 392 781 1179 324 
6 323 86 391 1343 27 692 
11 281 1410 1345 1179 156 961 158 764 548 27 413 
2 28 676 
6 692 548 28 656 488 346 
4 323 600 28 857 
12 1352 334 1382 505 821 474 1151 28 1355 449 589 520 
2 233 28 
13 391 760 911 1070 369 290 440 28 1218 173 1086 887 697 
6 1011 166 29 110 589 623 
21 820 51 692 822 29 285 291 1151 464 245 103 955 1334 795 154 743 447 155 752 1179 449 
9 454 43 29 52 927 589 647 692 234 
6 548 29 182 395 104 825 
2 589 29 
3 29 173 1009 
8 1288 449 780 1302 692 203 532 29 
4 29 1020 1081 622 
1 29 
10 1020 827 29 230 680 792 449 832 1272 43 
21 692 935 497 899 323 325 182 572 1182 332 202 104 1012 449 667 453 810 1066 1355 861 29 
9 104 954 449 505 29 508 476 1366 1111 
25 104 488 639 293 1002 550 182 545 62 408 1247 589 30 1189 540 644 37 1073 1348 358 1361 594 66 232 872 
9 30 879 1460 1342 538 179 449 232 1169 
9 31 241 997 835 505 465 30 156 346 
5 1301 1007 308 30 1467 
5 1062 91 30 1496 940 
7 50 1349 1404 1104 124 1186 30 
21 1483 91 188 1171 1067 719 150 953 599 1102 818 30 55 1167 635 436 699 213 670 674 173 
3 30 823 1485 
14 589 751 395 448 104 973 707 30 716 1165 43 629 661 1137 
9 30 43 873 795 1337 855 1043 396 786 
6 323 1274 542 43 94 30 
45 819 635 1219 1180 1095 752 506 381 1372 1006 1337 1399 473 1315 1114 1004 853 1300 403 1343 1143 447 656 1363 30 515 686 1050 1073 1064 1186 983 829 589 233 383 559 858 401 289 619 323 818 438 1288 
9 692 125 390 43 1157 474 1124 30 1234 
4 1314 30 1064 683 
3 169 30 1380 
3 323 148 30 
2 450 30 
17 545 818 62 904 34 438 1362 30 492 1290 580 1073 638 1343 755 927 1469 
6 80 1459 346 30 664 784 
8 1411 182 208 377 270 532 30 62 
4 30 857 391 281 
4 86 1381 30 439 
4 30 1314 1306 1272 
5 818 30 1334 520 589 
8 1041 1073 1057 796 30 483 286 38 
6 956 548 611 1430 30 232 
7 194 30 648 47 447 182 1314 
1 30 
4 30 268 137 91 
2 1135 30 
4 1240 30 289 589 
15 323 1196 943 114 104 166 816 953 1417 819 30 85 1044 954 756 
10 694 30 559 1353 1394 902 321 62 1033 1445 
5 389 30 1187 1104 1285 
6 629 785 559 1419 30 1018 
3 182 30 1040 
24 1349 932 881 323 30 973 534 43 519 855 899 1124 902 791 1494 92 581 837 426 889 927 1390 321 475 
8 589 1076 62 393 57 95 30 400 
3 30 243 632 
7 1361 904 30 359 589 824 425 
4 529 406 69 30 
5 709 649 1020 831 30 
3 1061 30 1366 
3 1180 30 419 
2 30 849 
2 1328 31 
6 930 31 1385 1081 346 731 
5 498 598 96 774 31 
8 50 165 1033 1081 438 1122 784 31 
6 321 505 1288 905 466 31 
8 499 555 145 31 1325 182 167 1073 
10 901 232 488 548 64 930 31 393 1434 948 
8 391 249 1051 669 67 245 464 32 
7 1013 395 1350 1373 914 1388 32 
13 1071 125 616 477 67 505 828 246 43 205 474 32 548 
51 449 281 707 1243 399 627 544 1022 448 1020 953 1069 898 571 398 616 858 1365 307 1256 692 1083 65 93 1194 1311 1148 477 961 32 104 963 1210 1073 173 708 906 33 1135 532 954 1172 402 586 381 711 548 611 865 427 923 
4 173 32 1095 488 
10 1007 234 505 1333 358 93 207 32 959 883 
8 759 43 976 32 939 1015 664 809 
5 449 32 614 1196 451 
29 538 982 1346 900 546 910 75 933 245 293 1083 449 1186 395 392 220 438 43 1344 84 1064 534 1167 899 1230 32 589 57 598 
7 825 996 902 608 33 325 1444 
5 33 1294 1063 344 1369 
3 186 616 33 
47 323 1169 692 545 1356 384 359 449 391 1345 337 182 43 589 448 598 538 1009 233 488 1289 1026 539 399 1302 627 362 407 508 718 1259 33 195 1467 981 1064 1347 1033 40 532 1350 1086 35 1059 1400 638 1020 
4 33 62 705 818 
3 818 33 767 
13 787 395 908 1046 293 33 634 721 449 439 200 407 532 
5 821 33 824 818 332 
5 449 304 33 398 575 
19 104 748 241 1097 914 1456 488 622 623 589 753 74 33 53 818 475 745 752 1273 
8 395 1249 970 152 33 323 107 792 
20 323 711 716 1055 1154 1004 1483 1057 33 112 58 1217 598 818 589 820 1243 189 1132 1239 
4 91 33 609 784 
5 827 1069 104 1064 33 
5 163 62 304 33 305 
4 72 576 91 34 
23 692 996 453 1474 34 1187 675 157 1233 785 548 43 1219 1496 592 1269 198 264 975 1073 589 1277 449 
3 602 540 34 
5 899 34 447 474 1283 
13 820 276 904 480 448 1184 1229 34 62 1352 1348 342 104 
16 545 507 837 779 34 1104 1323 489 692 361 37 656 632 135 1371 114 
3 190 548 34 
17 235 228 898 857 282 124 692 1345 35 1218 101 302 404 534 1200 62 286 
5 50 35 1373 726 1361 
5 1218 35 200 438 1285 
16 820 67 212 1219 35 1065 699 1174 686 1402 229 396 323 1020 548 1368 
5 818 559 1172 35 497 
9 906 1079 35 855 385 217 368 860 416 
5 35 1376 448 449 954 
4 861 62 1171 35 
5 114 708 1497 822 35 
3 323 449 35 
5 1015 765 589 1444 35 
4 730 35 302 1346 
42 323 200 281 928 866 620 156 479 449 819 91 836 548 542 1217 899 1354 35 1014 1315 538 586 192 415 532 1090 236 478 1177 598 518 781 1042 977 57 324 1274 1365 204 838 614 1257 
10 189 1316 745 791 831 1392 1449 929 35 589 
5 35 358 1315 972 43 
7 1274 1335 767 1437 643 35 48 
4 285 35 438 214 
3 35 449 475 
6 1368 185 35 448 824 1290 
6 785 687 35 84 182 1008 
5 1347 928 1163 793 35 
4 35 745 830 1472 
4 395 35 1020 63 
3 323 35 176 
6 858 566 1180 238 35 1484 
1 35 
6 35 644 326 598 855 979 
5 1239 35 173 515 302 
5 438 35 37 1274 571 
3 859 35 1331 
9 571 749 404 791 818 598 1057 35 1139 
3 472 700 35 
37 1342 391 289 800 509 323 1217 283 1410 346 464 169 332 556 819 1345 571 497 1351 1045 539 911 106 689 953 898 983 929 580 1021 342 322 1499 589 380 1244 35 
7 288 188 166 522 1351 35 1256 
9 1409 182 323 839 35 281 46 395 168 
5 62 1308 825 167 35 
6 595 1308 35 488 855 43 
5 459 143 35 323 818 
5 751 35 182 232 1408 
5 855 735 1351 1348 35 
7 725 985 1081 424 325 1488 35 
4 238 567 35 982 
4 448 35 359 818 
5 1038 104 1064 35 539 
3 600 35 1459 
17 1017 237 244 65 346 1326 927 663 96 820 858 1189 449 1360 35 589 789 
6 818 746 360 1346 35 1187 
10 153 438 1122 1423 1187 598 54 35 40 1342 
5 126 227 104 35 693 
3 43 35 447 
2 65 35 
22 627 1020 1251 43 904 521 35 128 1399 589 399 632 242 221 532 114 76 1344 334 983 1364 1470 
7 35 453 527 255 532 898 358 
8 35 911 953 927 364 632 611 200 
4 1189 712 35 818 
4 1386 766 535 35 
5 1064 538 1180 955 35 
2 35 134 
3 920 189 35 
4 998 35 994 37 
6 615 36 719 849 381 1342 
7 941 1486 1459 1345 1281 36 589 
7 749 1081 650 902 36 338 1332 
4 1289 835 438 36 
5 898 91 709 1314 36 
4 36 699 1021 598 
3 464 1362 36 
7 232 162 1332 43 36 67 640 
10 790 454 589 954 190 784 36 395 631 682 
4 912 1172 36 521 
5 36 1353 869 334 807 
4 200 1112 1483 36 
3 36 1405 589 
2 1017 36 
11 1343 755 337 1396 1348 36 232 929 1204 104 598 
9 398 502 1069 36 545 1015 850 43 724 
6 391 43 1314 622 36 545 
7 790 36 310 1073 346 235 1010 
5 118 793 761 449 36 
16 505 1099 323 438 229 695 43 281 464 37 216 598 1015 871 1179 1336 
8 1064 589 1096 1161 104 37 953 818 
5 789 121 548 37 1302 
7 37 488 1342 549 1095 906 423 
5 57 62 37 384 633 
2 594 37 
5 1346 1405 1349 1104 37 
3 37 906 321 
33 323 1171 1272 656 598 409 234 964 125 335 1356 834 966 119 642 1201 266 1209 589 1345 988 576 449 37 928 858 659 1217 1350 998 990 909 1460 
21 173 505 1020 182 37 794 1116 1360 1391 578 741 59 462 398 938 650 475 751 834 1052 1148 
5 37 703 402 244 660 
5 37 325 1007 410 425 
4 665 915 527 37 
5 538 1089 37 589 86 
3 1428 1232 37 
22 1069 37 234 1244 555 817 589 1273 962 438 1014 449 1020 43 745 983 907 820 1217 750 1202 532 
33 589 1314 748 98 232 65 1336 37 650 1086 583 236 363 1138 913 557 729 259 1201 601 104 901 288 109 1345 1349 635 117 1369 1139 154 1042 723 
21 548 439 900 627 915 232 1302 346 368 785 181 391 63 118 45 723 433 1300 37 237 1223 
10 1137 146 1348 365 1009 863 581 1198 37 1146 
9 304 583 912 1446 488 37 748 50 153 
10 336 449 37 589 791 805 501 345 104 102 
4 37 692 449 1351 
3 589 94 37 
6 549 449 1365 594 37 1064 
5 37 1208 234 188 787 
5 1040 37 574 1068 358 
2 398 37 
7 959 1189 702 37 1487 182 438 
4 853 37 235 865 
4 37 931 1092 983 
4 1187 1179 1406 37 
9 37 1210 1351 1186 726 891 550 323 1423 
4 622 448 505 37 
3 831 37 1166 
2 699 37 
4 1415 37 748 247 
1 37 
4 37 1195 182 794 
6 37 675 959 542 1179 309 
3 37 1202 1064 
3 37 323 943 
6 477 37 505 885 581 707 
2 548 37 
2 1326 37 
3 37 50 333 
1 37 
36 538 930 985 917 449 104 1104 1179 551 1081 788 752 522 867 959 54 846 303 51 591 200 37 982 476 779 1186 881 1124 571 1276 153 1326 344 1458 663 820 
18 551 790 745 1343 1092 447 996 421 329 954 37 250 773 589 652 338 1441 1094 
12 1348 1020 1378 589 1086 232 1410 212 1273 1095 37 1311 
9 449 532 598 888 37 760 1351 821 38 
10 125 288 385 399 827 37 873 293 521 492 
6 438 464 599 37 449 1243 
10 232 64 925 505 399 65 222 1188 37 451 
7 294 125 57 37 411 121 722 
12 548 37 898 1450 575 62 182 1295 489 630 125 84 
6 37 158 334 860 583 711 
2 898 37 
4 37 104 1346 166 
5 37 542 1089 438 449 
4 1358 1069 1372 37 
2 449 37 
4 748 451 1185 37 
4 1086 834 37 839 
6 1021 589 147 606 745 37 
4 742 438 543 37 
3 37 1442 182 
3 416 1288 37 
3 37 442 818 
5 1268 37 1119 125 1081 
6 1039 1368 768 37 278 315 
2 37 336 
4 84 1341 895 37 
16 178 548 790 1336 646 1081 664 37 228 96 656 1064 1282 1274 1222 105 
14 449 1124 1472 589 1274 126 534 1402 1186 188 74 758 37 378 
9 623 1426 54 1342 37 589 323 616 396 
7 37 745 86 846 589 323 1346 
5 1009 37 1314 305 1339 
8 700 449 37 371 561 384 462 1275 
3 37 1080 282 
3 233 37 130 
5 37 182 1143 64 93 
4 37 742 548 1373 
5 743 221 43 37 180 
4 202 716 575 37 
4 966 464 759 37 
5 1125 858 37 530 1064 
6 37 513 821 1104 921 104 
12 37 635 566 1314 62 182 1386 617 622 1297 906 65 
6 589 604 67 1073 791 37 
4 37 635 873 542 
2 37 518 
5 37 947 668 938 449 
2 37 953 
2 458 37 
3 785 37 1462 
3 826 37 1464 
5 1357 37 123 397 1348 
5 323 37 1239 1363 820 
3 162 1086 37 
3 909 852 37 
2 628 37 
15 1179 180 1385 40 594 140 1483 598 332 1411 1350 37 1006 1031 188 
19 505 902 524 725 589 118 898 1219 1358 315 125 1186 1079 680 143 137 37 123 1314 
20 438 1120 576 1019 37 1323 784 1243 1244 868 1434 1104 666 125 596 1343 774 899 692 1107 
11 794 43 162 57 766 37 1248 490 114 125 622 
9 451 855 817 37 760 831 1217 538 513 
6 370 767 333 37 1086 146 
5 37 332 1376 232 589 
4 438 391 37 513 
3 790 676 37 
7 1153 234 52 395 37 43 598 
5 831 182 37 1347 1243 
6 130 844 37 1088 898 188 
7 89 37 64 104 681 1382 43 
5 1094 1042 37 62 57 
3 67 37 449 
4 622 57 286 37 
21 438 1003 1020 822 396 928 364 201 1360 75 1499 1404 612 1058 37 128 953 1369 1384 1409 1237 
17 232 1336 116 358 346 37 256 137 550 234 38 589 1073 363 508 654 1155 
9 1342 1110 1376 498 1026 489 37 449 1485 
3 37 757 1368 
5 66 928 449 228 37 
4 577 1392 38 346 
9 603 1071 1486 953 38 1349 736 589 100 
7 1225 38 534 589 65 1330 448 
8 123 656 349 961 855 841 233 38 
3 862 1258 38 
3 254 317 38 
3 787 38 1484 
4 1188 38 1020 323 
9 1343 84 38 104 924 346 43 1012 650 
13 436 38 818 339 545 589 1073 1003 1188 1447 104 1173 855 
3 818 38 745 
4 235 692 1446 38 
3 747 39 589 
10 589 334 39 692 379 1491 202 398 554 1031 
10 1355 445 1364 598 525 346 1361 586 39 120 
5 954 1127 656 1128 39 
6 1351 39 154 862 75 542 
3 760 468 39 
6 1219 39 458 778 794 1064 
3 335 1360 39 
6 589 818 449 394 39 332 
37 43 1350 1168 1247 1035 1022 592 589 39 786 1258 232 1187 982 50 656 1031 62 173 900 939 360 1156 820 391 745 1273 903 126 792 236 1328 1407 212 104 611 555 
5 39 623 1104 1106 1020 
11 600 369 396 43 1105 104 474 323 40 228 62 
3 1435 653 40 
4 598 778 216 40 
3 1344 191 40 
4 43 960 40 497 
2 40 984 
4 40 703 823 232 
5 589 1090 1274 40 974 
4 680 638 40 1347 
4 40 598 1059 786 
11 40 1137 1345 1214 821 667 323 683 987 182 1217 
5 835 40 548 418 724 
11 747 91 464 882 1054 1347 800 346 1314 40 598 
3 380 1351 40 
9 542 797 117 41 454 408 856 1295 966 
6 545 1121 1406 818 41 308 
4 456 41 1159 1154 
4 616 64 1066 41 
15 91 123 293 936 557 814 1032 320 961 984 41 998 513 954 534 
5 62 392 1107 41 1361 
14 982 479 1187 554 358 41 616 1289 715 1243 676 91 1171 621 
7 589 42 166 1020 455 1018 145 
3 321 42 364 
14 860 622 94 353 42 589 1247 532 438 188 205 671 274 200 
7 541 62 206 1453 42 323 627 
6 953 818 1242 260 42 538 
38 449 1124 784 1348 1350 1369 1245 1010 179 765 1152 649 476 605 448 664 599 559 143 730 1470 43 898 534 127 1174 321 637 532 384 1290 129 104 305 1360 1139 130 296 
35 449 1020 1026 493 337 695 321 62 749 699 43 114 505 692 170 989 589 64 746 188 1351 1218 1166 1274 644 527 87 538 395 1301 499 579 532 940 852 
15 784 1319 43 1364 495 1069 589 820 333 1143 1391 62 538 849 352 
22 323 450 182 589 400 43 1092 990 1326 332 1187 1352 213 1073 1179 955 396 245 1390 719 1153 1124 
29 104 631 205 819 128 368 874 1228 1177 898 787 242 600 1103 1069 447 406 297 43 358 1246 438 864 51 1138 247 1474 125 114 
23 104 57 102 1112 309 1282 692 304 752 325 352 449 1328 1423 1324 43 1363 532 502 1073 819 105 960 
17 1166 1089 800 1131 104 1189 1267 777 232 464 43 57 1219 182 1009 449 1342 
31 104 1407 311 488 753 1177 321 285 1187 283 469 620 1014 1489 505 1045 153 658 43 1367 156 456 62 865 826 1294 367 531 548 102 524 
28 589 513 745 383 155 402 1179 1272 714 1314 824 375 137 1062 783 333 1073 1486 1480 1342 43 1370 242 391 478 414 194 920 
23 449 1124 589 1343 534 1220 1396 1131 861 767 1426 346 1125 1192 1399 1329 809 1202 1490 43 822 150 1309 
15 447 1089 664 398 589 987 43 1345 650 363 994 210 449 730 545 
18 321 679 866 1162 84 590 43 1457 232 862 1041 449 1358 589 396 821 222 346 
12 43 1403 182 395 62 855 167 758 1104 232 536 1481 
14 1007 323 994 1307 449 492 574 656 182 1498 104 1357 304 43 
7 1073 1179 449 505 1373 43 532 
10 667 379 436 955 200 91 43 1267 449 1355 
14 1353 1361 1230 474 1360 206 532 1273 1486 346 188 43 323 497 
14 650 43 180 224 125 556 112 538 818 239 57 903 548 449 
20 43 1180 1419 1288 1137 870 656 1342 556 210 809 1312 391 400 310 459 1358 813 173 678 
11 346 1093 402 1335 1307 67 1048 43 464 1358 1009 
13 43 232 507 603 536 562 448 1158 321 190 235 957 1026 
13 928 43 1347 449 386 1268 1431 1020 927 130 383 445 555 
9 43 352 1344 1143 449 1307 1379 615 589 
12 631 360 57 361 898 1471 1064 1104 589 323 43 1194 
13 383 43 886 1008 782 438 804 364 385 589 160 1051 1472 
9 1349 43 1494 505 701 232 1389 656 831 
13 589 269 346 1095 43 544 50 1110 1388 1291 449 848 1240 
10 784 449 573 1187 1071 1342 1288 43 819 99 
8 855 247 1350 43 414 623 618 589 
8 104 1428 598 392 43 1090 784 575 
8 327 43 1230 899 815 1020 334 346 
12 43 1252 870 1356 591 1093 565 360 438 751 1062 496 
7 127 789 289 1422 589 323 43 
6 43 915 274 811 469 477 
10 707 745 1290 91 623 43 500 910 1278 1098 
6 814 164 182 447 43 608 
7 43 664 1483 232 948 617 1219 
6 395 987 92 554 1364 43 
3 43 1023 754 
5 582 43 786 1030 979 
8 599 994 43 232 1284 281 114 449 
4 229 953 334 43 
8 1288 395 43 396 343 675 808 551 
6 160 488 1055 380 1272 43 
7 584 815 1147 287 1258 43 438 
4 43 188 104 57 
9 559 786 1368 1444 43 1062 449 170 690 
6 589 818 707 678 43 1367 
6 296 728 43 870 1345 1045 
5 953 1344 1180 43 449 
6 43 927 190 359 1105 1293 
6 285 828 43 818 204 338 
6 299 104 1041 585 43 1442 
5 538 536 43 228 838 
3 43 1166 1351 
4 232 43 902 449 
6 707 211 508 313 43 142 
7 1143 1351 159 43 400 1020 819 
6 498 1073 43 572 532 1407 
5 589 480 43 94 478 
6 1244 1095 747 644 173 43 
6 1354 819 426 513 43 575 
7 471 449 662 43 1288 1014 334 
7 335 175 1164 43 249 820 1177 
4 1201 43 62 1331 
5 1400 1314 43 1349 323 
7 817 43 505 1130 174 200 892 
4 335 1288 43 1126 
6 43 990 898 1219 516 1124 
6 1272 580 223 157 43 1028 
3 833 807 43 
5 831 43 438 949 778 
3 630 447 43 
8 323 1206 818 538 43 1493 321 268 
6 589 43 598 855 334 383 
7 657 539 43 697 982 1040 232 
5 747 43 449 64 680 
7 43 160 653 346 1043 1360 450 
6 235 43 169 46 952 791 
4 43 449 50 362 
5 44 43 386 862 1374 
5 1202 43 1139 1347 884 
4 589 450 354 43 
4 1479 43 424 954 
6 43 1351 114 1245 232 188 
3 43 856 304 
4 574 1185 43 1371 
2 438 43 
4 497 1034 43 102 
3 1363 438 43 
3 959 43 62 
6 50 497 43 741 448 693 
4 618 43 1060 1274 
6 43 284 954 281 1317 1483 
4 505 43 915 324 
2 43 1107 
2 43 203 
4 609 63 43 62 
1 43 
4 362 1218 43 589 
4 43 653 1394 1236 
3 404 43 335 
5 955 43 1388 1102 1070 
5 692 287 43 1041 160 
7 542 173 1304 556 43 1190 789 
5 1448 763 43 656 1302 
5 818 86 304 1447 43 
6 43 505 104 637 57 1105 
3 1225 281 43 
3 323 43 724 
1 43 
4 43 1340 50 125 
3 43 982 346 
2 311 43 
5 1079 508 43 149 112 
4 1353 928 353 43 
4 1217 180 43 900 
5 1153 964 1136 1027 43 
4 1010 229 43 1179 
2 43 899 
5 656 149 281 1265 43 
3 438 43 456 
2 1266 43 
4 363 289 43 92 
5 840 542 718 372 43 
5 1073 830 1012 332 43 
4 631 559 43 242 
5 821 43 545 929 1026 
4 1143 545 43 1342 
4 559 1365 954 43 
6 1244 43 664 535 1366 1113 
3 338 43 398 
5 823 43 232 1346 1086 
3 286 485 43 
4 43 513 538 158 
3 184 43 102 
3 502 43 123 
2 1425 43 
7 43 586 596 1350 739 263 492 
4 589 1354 957 43 
2 217 43 
34 346 323 104 745 303 1272 539 1081 126 666 826 1378 668 574 629 465 1163 1435 222 923 640 449 955 523 871 867 602 720 538 589 292 548 1015 43 
5 43 1116 1299 863 268 
8 449 505 211 1016 43 1290 374 522 
7 910 1294 1350 43 1153 153 1358 
3 1198 43 768 
4 1132 772 43 182 
3 544 1349 43 
5 43 513 227 870 1351 
2 1306 43 
3 43 182 449 
10 43 1415 819 62 449 357 382 648 953 901 
9 50 62 1045 858 182 1367 332 43 359 
8 340 281 149 912 822 859 321 43 
11 43 1013 62 474 133 400 1086 644 545 532 163 
9 1100 657 43 50 851 464 182 535 442 
7 43 753 871 497 93 818 1355 
5 449 1288 43 1124 91 
5 824 43 522 214 928 
