2 2 2 
22 3 4 4 5 6 7 8 9 10 11 12 13 14 1 15 16 17 5 9 12 1 18 
118 19 20 21 22 23 24 25 26 27 28 29 30 31 32 33 34 35 36 6 37 38 2 39 40 41 42 43 44 45 46 47 48 49 50 51 52 16 53 54 55 56 57 58 59 60 61 62 63 64 65 66 38 67 68 69 70 71 72 51 59 73 74 37 75 76 77 78 79 80 81 82 83 84 35 85 86 87 88 36 89 90 91 92 93 94 95 96 97 98 99 100 101 102 103 104 105 106 107 108 109 110 111 112 113 114 115 116 117 118 119 120 121 122 123 124 125 126 127 
2 2 2 
3 2 2 16 
7 3 128 2 129 130 114 131 
4 2 132 133 134 
13 2 135 136 137 138 139 140 16 55 57 18 114 141 
3 2 2 16 
1 2 
1 2 
3 2 2 16 
1 2 
1 2 
1 2 
188 142 29 3 143 144 145 146 147 148 149 150 151 152 153 154 141 155 156 157 70 158 159 160 161 162 163 71 42 164 165 166 167 168 169 41 170 171 172 173 174 175 176 177 178 179 180 181 2 182 183 184 185 186 187 188 189 190 191 192 193 194 195 196 33 197 198 84 35 199 200 201 202 85 203 204 205 206 50 207 5 208 209 210 211 212 213 214 215 216 217 218 219 220 36 129 221 222 223 224 225 226 227 228 229 130 230 231 232 233 234 235 96 236 97 237 238 239 240 241 242 243 244 245 8 140 246 9 12 247 18 248 249 250 251 252 253 254 255 256 257 52 258 259 260 261 111 262 263 264 265 266 267 48 268 269 270 271 272 273 274 275 276 277 278 279 280 281 282 283 284 285 286 287 120 288 289 290 291 124 292 293 294 141 131 295 296 297 298 
8 299 300 301 302 2 303 304 305 
8 247 8 2 162 16 54 55 56 
13 306 306 307 308 309 310 3 311 312 308 307 311 312 
25 21 22 23 24 313 25 26 27 28 29 30 3 63 64 65 22 23 25 26 28 30 63 64 65 38 
12 20 38 40 3 22 23 25 26 30 63 64 65 
25 20 20 21 23 24 313 25 26 27 28 29 30 3 63 64 65 23 25 26 28 30 63 64 65 38 
33 20 22 20 21 22 24 313 25 26 27 28 29 30 3 63 64 65 25 26 28 30 63 64 65 38 314 315 316 317 318 319 320 75 
12 20 22 23 38 40 3 25 26 30 63 64 65 
25 20 22 23 20 21 22 23 24 313 26 27 28 29 30 3 63 64 65 26 28 30 63 64 65 38 
25 20 22 23 25 20 21 22 23 24 313 25 27 28 29 30 3 63 64 65 28 30 63 64 65 38 
12 20 22 23 25 26 38 40 3 30 63 64 65 
20 20 22 23 25 26 20 22 23 25 26 30 3 63 64 65 30 63 64 65 38 
16 20 22 23 25 26 38 40 3 16 30 63 64 65 321 245 322 
25 20 22 23 25 26 28 20 21 22 23 24 313 25 26 27 28 29 3 63 64 65 63 64 65 38 
4 3 41 310 323 
53 3 43 59 324 324 325 34 77 326 37 327 328 329 330 41 331 78 46 332 333 334 59 325 326 37 328 329 335 128 336 337 330 331 46 332 334 338 85 223 130 339 340 341 236 342 343 114 344 345 346 131 295 347 
12 142 3 59 197 162 16 54 55 56 35 247 348 
6 3 32 324 77 331 78 
54 3 70 164 193 349 84 350 33 351 217 218 352 353 310 3 204 354 355 356 192 357 49 182 216 50 219 358 16 199 359 54 55 56 57 61 202 85 203 204 205 50 360 361 97 244 248 362 52 363 111 114 287 124 298 
28 3 364 365 366 367 202 368 369 40 41 370 42 44 3 355 164 72 49 182 50 51 371 372 16 55 56 57 59 
22 3 59 32 325 326 325 32 326 328 329 335 41 3 75 59 328 329 335 128 343 346 347 
34 21 24 27 29 3 20 22 23 25 26 100 28 30 3 63 64 65 59 373 41 85 374 375 100 376 377 114 378 379 380 292 381 382 383 
24 3 144 145 146 147 384 385 148 149 150 151 152 155 386 387 388 389 390 391 392 393 394 395 396 
42 21 24 313 27 29 3 192 371 397 53 59 192 398 87 218 399 36 400 401 374 375 100 376 402 53 377 403 404 114 405 378 117 406 379 407 380 408 292 131 381 382 383 
33 3 409 44 59 32 325 326 37 328 329 335 31 410 411 245 38 412 310 16 413 59 128 172 77 78 87 36 229 96 343 288 346 347 
22 3 71 414 201 193 202 85 203 310 204 47 205 164 49 206 50 415 16 360 202 416 36 
12 3 314 316 317 318 32 75 371 319 320 75 130 
6 3 71 41 49 59 36 
54 3 417 418 419 420 418 421 422 423 424 425 426 427 428 429 430 55 431 432 433 434 420 429 85 435 217 436 421 427 437 438 439 229 232 440 423 441 442 443 444 445 446 422 428 431 447 448 424 426 114 449 450 451 452 
4 3 32 77 32 
44 3 453 454 455 455 456 416 457 458 454 459 460 461 42 462 456 202 463 416 464 465 466 467 468 469 457 458 470 471 459 472 473 474 475 461 476 460 477 478 479 480 481 482 483 
8 3 162 484 16 54 55 56 141 
24 3 71 42 44 164 485 172 153 414 193 35 201 202 85 203 204 205 206 415 360 36 235 486 114 
23 3 42 164 193 35 201 202 85 203 204 205 35 310 355 16 54 55 56 57 59 157 360 36 
5 3 71 3 59 36 
8 3 487 422 35 412 310 16 59 
9 488 3 40 489 490 40 491 492 274 
126 3 68 158 159 160 161 162 163 71 356 165 166 167 75 170 171 172 173 174 175 176 177 178 179 180 181 182 194 196 33 197 198 84 35 199 61 50 86 209 210 211 88 217 218 493 129 221 222 223 224 225 227 228 130 230 231 232 233 234 236 97 237 239 240 241 242 494 243 244 246 247 18 249 250 251 252 253 254 255 257 258 259 260 261 262 263 495 264 265 266 267 48 268 269 270 271 272 273 115 274 275 277 278 279 280 282 283 284 285 286 119 288 289 290 122 123 124 293 294 141 131 295 296 297 127 298 
191 488 3 45 496 497 498 67 68 158 159 160 161 162 163 71 356 165 166 499 500 501 167 502 75 170 171 172 173 174 175 176 177 178 179 180 181 182 503 504 505 506 507 508 77 78 194 358 509 510 196 511 33 197 198 84 35 199 61 512 62 50 86 513 208 209 210 211 514 213 515 516 517 88 217 218 493 36 518 487 129 221 222 223 224 225 519 227 228 130 93 520 230 231 232 233 234 235 236 97 237 521 239 522 523 240 241 242 524 243 244 8 246 525 526 247 18 249 250 251 252 253 527 528 529 254 255 397 257 258 259 260 261 530 531 262 263 532 495 264 533 534 265 266 267 48 268 269 270 271 272 273 115 274 275 277 278 279 280 281 535 282 536 537 538 539 540 541 283 542 284 285 286 119 543 288 289 544 290 122 291 123 124 293 294 141 131 295 296 297 127 298 
206 3 545 546 547 68 548 158 159 160 161 162 163 455 299 71 356 165 166 167 75 170 462 171 172 173 174 175 176 177 178 179 180 181 182 549 550 551 194 552 553 554 555 556 557 196 558 33 197 198 84 35 199 61 50 559 463 86 560 209 210 211 465 466 561 88 562 217 218 563 564 493 565 36 566 129 221 222 223 224 225 567 227 228 568 130 569 230 231 232 233 234 570 236 97 237 571 572 239 469 240 241 242 243 244 246 247 18 470 573 574 249 250 251 252 253 254 255 575 576 472 577 473 474 257 258 259 260 475 578 261 262 263 579 495 476 264 580 581 265 266 267 48 268 269 270 271 272 582 273 115 274 275 583 277 278 279 280 584 477 478 585 282 586 283 284 285 587 286 119 288 588 589 590 289 591 479 592 480 481 544 593 594 595 290 596 122 482 597 598 123 124 293 294 599 600 141 131 295 296 601 602 603 297 127 298 604 
25 3 453 605 606 75 607 608 35 609 50 610 611 351 612 36 245 8 101 613 112 114 285 287 120 614 
12 3 615 616 617 184 618 619 620 621 616 622 623 
47 313 3 40 71 44 51 325 32 33 326 37 38 328 329 41 3 75 356 346 347 324 32 624 325 326 37 328 329 335 41 128 508 331 332 85 50 36 97 625 494 244 626 52 343 346 131 347 
50 627 3 628 629 630 631 632 633 634 635 636 637 372 638 630 631 633 639 628 640 641 310 642 636 637 643 372 638 644 365 645 646 647 648 649 650 651 652 653 654 655 656 657 658 659 660 661 662 663 664 
14 3 84 35 517 665 54 55 56 85 230 97 244 245 112 
7 3 499 499 488 666 55 667 
25 20 22 23 25 26 28 30 20 21 22 23 24 313 25 26 27 28 29 30 3 64 65 64 65 38 
25 20 22 23 25 26 28 30 63 20 21 22 23 24 313 25 26 27 28 29 30 3 63 65 65 38 
25 20 22 23 25 26 28 30 63 64 20 21 22 23 24 313 25 26 27 28 29 30 3 63 64 38 
34 668 669 670 671 672 673 674 675 676 677 678 679 680 681 682 683 3 684 685 686 687 688 689 690 691 692 674 693 694 695 696 697 698 699 
15 700 701 702 703 3 493 120 704 705 55 706 707 493 286 708 
13 700 168 709 310 3 493 54 55 56 493 702 705 286 
9 710 711 3 712 488 713 666 714 715 
16 716 716 35 717 310 3 219 16 718 719 720 321 717 422 260 111 
17 365 412 721 42 44 3 164 72 49 51 722 16 54 55 56 59 723 
4 71 202 3 36 
9 724 725 726 727 728 3 666 714 729 
71 488 730 159 731 732 733 734 735 736 737 738 739 740 741 742 743 76 744 310 745 746 3 747 748 731 749 737 739 745 750 751 752 741 753 754 755 756 757 758 759 760 761 762 338 763 764 399 765 766 767 768 769 770 771 772 773 774 775 776 777 778 779 780 267 781 782 783 784 785 786 787 
38 43 59 325 326 37 328 329 335 314 315 23 316 317 318 43 3 319 371 788 320 54 55 56 57 128 338 85 225 236 789 375 790 343 791 788 792 346 347 
25 488 731 747 74 749 739 743 736 738 517 740 309 744 3 793 794 666 715 524 795 94 745 746 748 741 
16 32 34 324 327 330 41 331 78 3 46 332 334 55 327 78 796 
10 32 34 77 327 324 77 41 331 3 55 
11 194 82 797 798 310 799 3 800 83 83 226 
18 801 802 801 803 804 802 667 805 3 806 807 808 667 804 809 805 806 807 
30 810 675 811 676 810 677 812 813 814 679 682 815 683 816 817 3 818 685 686 819 820 821 688 822 690 819 822 823 824 825 
7 79 310 799 3 826 358 83 
7 79 79 82 310 799 3 800 
13 35 162 3 357 358 16 199 54 55 56 61 114 285 
49 42 164 193 201 202 827 32 414 201 35 653 193 401 202 828 38 412 740 829 502 203 45 3 204 500 75 205 355 164 493 830 357 49 206 50 714 415 358 16 360 831 832 59 61 157 203 204 205 360 
12 509 509 88 310 3 115 119 122 123 54 55 56 
19 833 515 833 516 834 835 626 40 41 3 836 117 837 834 321 838 835 836 839 
7 86 509 310 3 54 55 56 
4 90 766 310 3 
12 89 766 3 98 840 841 103 105 113 116 118 126 
13 842 843 844 186 845 199 92 310 846 3 549 157 92 
7 91 91 310 846 3 549 157 
12 335 211 220 130 3 55 233 847 96 401 705 667 
17 488 714 727 335 743 76 130 848 310 3 488 849 666 850 851 852 853 
1 3 
16 854 837 855 856 857 41 310 3 858 636 93 859 860 16 321 260 
15 236 35 3 357 358 16 54 55 56 59 61 157 494 114 280 
4 90 766 310 3 
66 861 862 675 811 676 863 864 499 677 814 865 866 867 868 869 679 870 871 872 873 681 874 875 876 877 682 878 879 880 881 882 883 884 885 886 887 310 888 683 889 3 890 891 892 893 894 895 896 897 685 898 899 900 901 902 903 904 905 906 907 688 689 690 908 909 910 
4 38 38 40 3 
4 911 3 57 912 
2 3 913 
5 841 90 766 310 3 
4 841 766 310 3 
5 841 90 766 310 3 
4 914 3 915 358 
1 3 
6 916 917 3 713 918 919 
1 3 
5 233 913 3 920 295 
15 921 736 738 35 717 740 309 922 310 3 666 70 219 16 718 
11 923 924 607 925 310 3 357 358 57 61 926 
4 90 766 310 3 
33 170 32 84 35 6 217 236 927 928 240 244 97 38 8 740 40 348 45 3 259 265 192 266 929 49 150 930 199 931 242 57 260 154 
7 86 509 310 3 54 55 56 
4 90 766 310 3 
6 87 235 626 40 3 235 
4 90 766 310 3 
7 86 509 310 3 54 55 56 
13 67 168 701 702 310 3 932 493 704 705 16 57 157 
3 766 310 3 
7 86 509 310 3 54 55 56 
7 86 509 310 3 54 55 56 
12 288 350 35 162 3 357 358 16 199 54 55 56 
9 863 933 934 935 3 936 937 938 939 
4 90 766 310 3 
6 509 310 3 54 55 56 
12 325 325 32 6 326 37 328 329 335 41 75 59 
11 171 160 940 171 6 317 162 16 54 55 56 
31 941 827 160 942 32 738 943 6 927 740 944 945 946 162 43 947 712 493 948 93 748 949 950 16 951 94 952 54 55 56 512 
9 32 6 40 162 16 54 55 56 59 
50 953 954 955 956 957 958 959 960 961 962 7 963 964 965 888 966 967 968 901 969 970 971 972 973 974 975 976 977 978 979 980 981 982 983 984 985 986 987 988 989 990 991 992 993 994 995 996 997 998 134 
2 999 7 
18 956 957 959 960 961 132 962 7 963 964 965 888 1000 966 967 968 901 969 
1 8 
1 8 
1 8 
1 8 
2 8 156 
2 8 16 
15 16 160 8 740 162 356 929 48 216 666 150 16 54 55 56 
15 160 33 738 740 922 310 436 947 356 200 16 169 356 169 200 
7 310 487 16 186 199 211 229 
21 145 146 147 39 148 310 149 150 151 152 16 155 145 146 147 148 149 150 151 152 155 
21 144 144 146 147 39 148 310 149 150 151 152 16 155 146 147 148 149 150 151 152 155 
21 144 145 144 145 147 39 148 310 149 150 151 152 16 155 147 148 149 150 151 152 155 
21 144 145 146 144 145 146 39 148 310 149 150 151 152 16 155 148 149 150 151 152 155 
21 144 145 146 147 144 145 146 147 39 310 149 150 151 152 16 155 149 150 151 152 155 
21 144 145 146 147 148 144 145 146 147 39 148 310 150 151 152 16 155 150 151 152 155 
25 144 145 146 147 148 149 144 145 146 147 39 148 310 149 151 152 16 155 151 152 155 172 236 114 141 
21 144 145 146 147 148 149 150 144 145 146 147 39 148 310 149 150 152 16 155 152 155 
21 144 145 146 147 148 149 150 151 144 145 146 147 39 148 310 149 150 151 16 155 155 
3 16 49 182 
4 16 258 114 356 
21 144 145 146 147 148 149 150 151 152 144 145 146 147 39 148 310 149 150 151 152 16 
5 310 16 157 188 139 
40 156 183 184 185 186 187 188 189 310 190 643 191 16 164 741 183 184 185 186 187 188 189 190 191 193 509 202 85 203 204 205 50 360 353 91 92 97 248 259 120 
11 159 160 161 162 712 163 16 54 55 56 173 
24 158 160 738 740 162 167 488 74 16 54 55 56 163 167 173 174 175 176 209 211 239 273 274 275 
65 142 158 159 171 161 172 162 167 173 174 175 176 16 177 54 55 56 161 163 165 167 169 335 171 172 173 174 175 176 177 179 194 209 210 211 129 221 222 223 224 225 228 130 230 231 232 233 234 239 243 246 255 261 263 264 267 269 273 274 275 282 283 286 289 141 
28 158 160 160 194 940 162 230 231 232 233 234 16 54 55 56 163 173 174 194 230 231 232 233 234 239 273 274 275 
111 158 159 160 161 192 16 54 55 56 163 165 166 167 170 171 172 173 174 175 176 177 178 179 180 181 182 194 196 33 197 198 84 199 209 210 211 217 218 129 221 222 223 224 225 227 228 130 230 231 232 233 234 236 237 239 240 241 242 243 244 246 247 18 249 250 251 252 253 254 255 257 258 259 260 261 262 263 264 265 266 267 48 268 269 270 271 272 273 274 275 277 278 279 280 282 283 284 285 286 288 289 290 124 293 294 141 131 295 296 297 298 
24 158 159 160 736 940 161 927 946 162 173 174 666 715 950 16 54 55 56 173 174 239 273 274 275 
30 71 42 414 201 35 193 202 85 203 204 205 355 830 49 206 50 415 722 16 360 157 193 201 202 85 203 204 205 360 36 
9 315 160 162 950 16 54 55 56 177 
5 162 16 54 55 56 
11 159 160 159 160 162 267 16 54 55 56 267 
17 68 827 310 493 238 999 16 843 844 186 845 199 238 999 248 286 120 
7 142 356 160 947 142 16 200 
7 162 16 54 55 56 114 285 
21 160 160 940 943 129 221 162 222 223 224 225 16 54 55 56 129 221 222 223 224 225 
18 160 160 940 217 236 244 41 258 162 259 49 150 16 199 54 55 56 260 
18 160 163 158 159 160 161 239 162 712 273 163 274 275 16 54 55 56 273 
25 160 163 159 160 940 228 161 246 255 210 162 211 163 175 16 286 54 55 56 210 211 228 246 255 286 
28 160 174 159 160 179 940 209 261 162 263 211 230 282 283 289 16 54 55 56 179 209 210 211 261 263 282 283 289 
16 160 159 160 940 209 740 261 162 211 947 712 16 286 54 55 56 
14 160 165 160 940 943 243 162 264 16 54 55 56 243 264 
7 162 16 54 55 56 249 262 
9 175 160 940 162 175 16 54 55 56 
5 162 16 54 55 56 
6 162 16 54 55 56 285 
9 153 928 162 16 54 55 56 35 36 
21 157 184 185 186 187 188 189 310 190 643 191 16 157 184 185 186 187 188 189 190 191 
22 157 183 183 185 186 187 188 189 310 190 643 191 16 58 157 185 186 187 188 189 190 191 
21 157 183 184 183 184 186 187 188 189 310 190 643 191 16 157 186 187 188 189 190 191 
28 157 183 184 185 183 499 184 143 91 185 168 187 188 189 310 190 799 666 643 191 16 617 157 187 188 189 190 191 
21 157 183 184 185 186 183 184 185 186 188 189 310 190 643 191 16 157 188 189 190 191 
22 157 183 184 185 186 187 156 183 184 185 186 187 189 310 190 643 191 16 157 189 190 191 
22 157 183 184 185 186 187 188 183 184 185 339 186 187 188 310 190 643 191 16 157 190 191 
21 157 183 184 185 186 187 188 189 183 184 185 186 187 188 189 310 643 191 16 157 191 
21 157 183 184 185 186 187 188 189 190 183 184 185 186 187 188 189 310 190 643 16 157 
30 40 162 844 507 508 367 40 356 16 845 511 35 517 518 400 519 236 524 525 527 528 529 397 422 530 114 280 543 406 408 
29 42 164 414 414 201 35 202 85 203 310 204 205 164 830 49 206 50 415 16 360 157 201 202 85 203 204 205 415 360 
12 161 160 940 79 161 162 799 358 16 54 55 56 
5 499 803 666 808 16 
5 162 16 54 55 56 
6 33 162 16 54 55 56 
8 162 16 54 55 56 249 262 284 
18 172 84 35 499 143 91 168 162 799 666 16 617 54 55 56 114 288 124 
5 142 310 142 16 169 
24 42 164 193 414 193 202 85 203 204 205 164 49 206 50 372 415 16 360 202 85 203 204 205 360 
30 42 164 72 193 201 414 201 35 193 85 203 42 204 47 205 164 830 49 206 50 415 16 360 157 85 203 204 205 360 36 
26 42 164 193 201 202 85 414 201 35 193 202 85 204 205 164 830 49 206 50 415 16 360 157 204 205 360 
30 42 164 193 35 201 202 85 203 414 201 35 193 202 85 626 203 205 164 830 49 206 50 415 722 16 360 157 205 360 626 
26 42 164 193 201 202 85 203 204 414 201 35 193 202 85 203 204 164 830 49 206 50 415 16 360 157 360 
13 42 164 193 201 202 85 203 204 205 310 49 16 360 
2 16 837 
2 16 55 
14 175 176 159 160 940 210 162 211 175 498 16 54 55 56 
13 174 209 160 940 162 211 174 175 16 54 55 56 211 
20 174 175 176 209 210 159 160 940 143 944 210 162 174 93 175 16 54 55 56 512 
3 611 611 16 
2 16 55 
3 310 666 16 
2 398 16 
3 35 16 141 
12 172 35 927 944 162 45 16 54 55 56 114 288 
11 35 237 240 40 162 241 16 242 54 55 56 
4 70 35 16 111 
5 944 310 799 93 16 
9 171 160 940 171 162 16 54 55 56 
10 171 160 940 171 162 791 16 54 55 56 
12 171 160 32 940 171 162 488 16 320 54 55 56 
9 171 160 940 171 162 16 54 55 56 
12 171 314 160 940 943 171 162 75 16 54 55 56 
7 799 79 353 310 799 371 16 
6 515 162 16 54 55 56 
9 174 160 940 162 174 16 54 55 56 
16 419 499 143 868 236 244 944 41 799 45 259 666 288 16 512 260 
11 161 175 160 940 161 162 16 54 55 56 61 
9 161 160 940 161 162 16 54 55 56 
10 161 160 940 161 162 45 16 54 55 56 
11 161 160 940 161 162 93 110 16 54 55 56 
12 161 160 940 499 161 162 500 16 54 719 55 56 
11 837 310 49 16 117 55 321 422 260 281 117 
15 172 229 32 97 162 75 355 192 150 16 54 55 56 114 288 
6 218 162 16 54 55 56 
6 168 168 310 493 999 16 
11 173 159 160 161 162 712 163 16 54 55 56 
8 218 162 16 54 55 56 247 114 
6 218 162 16 54 55 56 
8 218 162 16 54 55 56 247 114 
10 177 315 160 940 162 16 177 54 55 56 
14 172 229 35 162 357 358 16 54 55 56 59 61 114 288 
7 41 29 358 16 57 61 260 
9 174 160 940 162 174 16 54 55 56 
9 33 240 162 18 16 242 54 55 56 
6 35 168 310 493 16 157 
11 178 198 162 250 251 252 16 253 54 55 56 
6 249 162 16 54 55 56 
6 249 162 16 54 55 56 
7 249 162 16 54 55 56 284 
6 249 162 16 54 55 56 
5 162 16 54 55 56 
13 174 160 940 499 162 947 174 16 952 54 719 55 56 
2 360 16 
5 162 16 54 55 56 
9 172 352 626 162 16 54 55 56 154 
12 172 229 350 162 16 54 55 56 157 114 278 288 
15 172 229 398 515 245 162 235 70 16 96 54 55 56 114 288 
10 175 176 160 940 162 175 16 54 55 56 
7 178 198 162 16 54 55 56 
10 175 160 940 162 357 175 16 54 55 56 
11 177 315 160 940 162 950 16 177 54 55 56 
8 114 829 162 16 54 55 56 280 
7 114 162 16 54 55 56 280 
12 167 160 738 740 162 167 488 74 16 54 55 56 
5 162 16 54 55 56 
6 160 162 16 54 55 56 
5 162 16 54 55 56 
5 162 16 54 55 56 
5 162 16 54 55 56 
12 173 159 160 161 162 712 173 163 16 54 55 56 
12 173 159 160 161 162 712 163 16 53 54 55 56 
15 173 159 160 161 162 947 712 163 713 666 16 952 54 55 56 
1 16 
5 162 16 54 55 56 
6 162 259 16 54 55 56 
6 398 162 16 54 55 56 
13 928 97 162 348 265 355 192 266 16 931 54 55 56 
4 310 235 16 55 
9 175 160 940 162 175 16 54 55 56 
9 175 160 940 162 175 16 54 55 56 
7 198 162 252 16 54 55 56 
9 170 181 84 162 16 54 55 56 57 
16 174 176 827 160 940 168 162 493 535 174 67 68 16 54 55 56 
4 499 35 16 57 
14 229 217 236 244 41 162 259 16 199 54 124 55 56 260 
10 175 160 940 162 175 498 16 54 55 56 
5 162 16 54 55 56 
2 16 55 
5 38 740 40 666 16 
5 162 16 54 55 56 
5 162 16 54 55 56 
9 941 32 738 162 110 16 54 55 56 
5 162 16 54 55 56 
5 162 16 54 55 56 
6 35 162 16 54 55 56 
6 310 354 17 605 56 547 
2 310 17 
7 467 372 17 845 467 567 723 
5 637 310 17 664 590 
4 310 643 17 305 
4 642 310 642 17 
2 303 17 
3 19 488 19 
3 19 19 488 
5 19 759 309 310 19 
7 19 76 746 308 310 488 111 
165 19 488 635 642 638 142 627 300 730 143 496 350 497 643 498 68 144 145 146 147 148 149 150 151 152 155 156 157 619 616 629 60 70 644 299 605 42 944 499 74 168 386 302 949 41 648 843 742 745 617 741 183 184 185 186 187 188 189 190 191 31 503 504 505 506 549 193 79 358 650 651 509 510 608 303 352 82 83 558 35 609 200 206 50 610 86 513 514 214 398 652 516 88 653 353 220 654 655 368 369 304 656 657 89 766 854 308 226 91 92 948 94 520 235 96 401 238 521 98 99 523 309 526 911 912 103 104 105 248 744 662 422 52 431 919 111 848 394 532 112 113 533 534 492 115 116 281 536 537 538 539 540 541 542 118 119 120 849 121 614 122 597 123 126 127 
2 19 19 
3 19 19 488 
11 20 22 23 40 59 25 26 30 63 64 65 
17 315 23 316 317 318 43 319 371 320 315 316 317 318 319 320 75 225 
16 314 314 23 318 319 371 320 316 317 318 319 320 165 75 243 264 
15 314 314 315 23 317 318 43 319 371 320 317 318 319 320 75 
17 314 316 314 315 23 316 318 43 319 493 371 320 318 319 320 75 129 
16 314 315 316 317 314 315 23 316 317 43 319 371 320 319 320 75 
16 314 315 316 317 318 314 315 23 316 317 318 43 371 320 320 75 
17 314 315 316 317 318 319 314 315 23 316 317 318 43 319 371 75 223 
11 485 499 29 531 500 235 501 485 70 87 96 
1 29 
2 31 531 
7 32 59 32 34 77 327 78 
21 59 32 32 326 37 328 329 335 41 75 128 59 326 37 328 329 335 128 343 346 347 
20 59 32 325 325 32 37 328 329 335 41 75 59 37 328 329 335 128 343 346 347 
6 32 77 324 77 331 78 
21 59 32 325 326 37 325 32 326 37 329 335 41 75 790 59 329 335 128 343 346 347 
23 59 32 325 326 37 328 325 32 326 37 494 328 335 740 41 75 790 59 335 128 343 346 347 
4 32 337 32 77 
7 32 34 77 327 32 59 78 
4 32 77 32 59 
1 32 
10 32 77 32 339 344 340 339 340 344 345 
34 325 326 37 328 329 827 325 160 942 32 738 326 37 927 328 329 740 944 41 946 947 712 75 493 948 93 748 950 951 94 952 512 59 128 
3 32 946 666 
2 32 330 
9 371 32 509 401 502 500 75 794 74 
8 189 334 32 340 334 340 344 345 
7 334 339 32 339 334 344 345 
1 32 
1 32 
9 325 32 326 37 328 329 41 75 59 
5 334 32 339 340 334 
4 32 339 340 334 
10 59 325 32 326 37 328 329 41 75 59 
10 59 325 32 326 37 328 329 41 75 59 
4 33 929 114 280 
3 35 361 361 
10 496 310 644 497 498 644 949 35 259 124 
3 35 412 57 
15 829 829 310 555 556 557 831 555 556 557 35 467 368 258 597 
5 35 310 799 157 226 
8 629 634 299 605 35 364 451 664 
7 164 35 85 50 36 236 280 
15 142 59 142 169 54 55 56 192 922 35 436 943 947 154 141 
9 84 35 611 85 97 244 263 112 124 
25 194 510 514 521 504 526 310 534 505 506 542 55 82 84 35 85 436 97 244 853 245 106 422 112 124 
3 648 35 422 
26 42 164 193 201 202 85 203 204 205 414 201 35 193 202 85 203 204 205 164 830 49 206 50 415 256 157 
4 349 35 829 349 
1 35 
1 35 
3 844 36 354 
25 627 630 633 634 630 631 632 633 628 645 640 634 641 635 642 636 637 646 643 372 638 60 71 467 36 
1 36 
6 192 36 400 530 406 408 
8 36 352 829 310 555 556 557 831 
3 36 829 310 
2 549 36 
13 40 314 315 316 317 318 43 319 338 320 75 36 226 
46 628 629 630 631 632 633 634 635 636 637 630 631 632 633 628 645 640 634 641 635 642 636 637 646 643 638 60 638 60 365 645 646 647 301 485 649 844 433 201 36 659 660 661 662 663 664 
2 38 944 
2 38 40 
3 38 40 75 
2 38 40 
2 38 40 
3 38 40 790 
2 38 40 
2 38 40 
2 38 40 
2 38 40 
2 38 40 
2 39 385 
2 39 384 
2 39 310 
4 39 388 388 392 
3 387 387 39 
1 39 
1 39 
1 39 
2 387 39 
1 39 
2 39 310 
1 39 
1 39 
3 40 192 55 
6 215 40 310 422 260 279 
4 40 488 74 761 
3 367 40 192 
6 338 85 40 310 93 705 
1 40 
1 40 
2 40 830 
9 676 678 679 40 683 817 821 688 690 
3 367 40 192 
1 40 
3 367 40 192 
2 41 795 
2 41 489 
1 41 
10 71 925 41 550 85 351 467 52 593 595 
1 41 
14 42 164 193 830 49 193 201 202 85 203 204 205 415 360 
14 42 164 193 201 202 85 203 204 205 414 193 830 49 360 
4 47 42 47 464 
4 418 45 432 430 
19 417 421 45 427 430 45 432 421 427 440 441 443 444 431 447 448 424 450 452 
4 45 511 229 422 
4 45 45 429 429 
6 418 45 429 418 45 431 
19 45 827 419 499 398 607 925 648 310 45 915 192 235 894 666 70 52 358 359 
7 45 429 45 428 431 428 431 
6 45 429 431 418 45 431 
1 45 
3 45 431 45 
6 418 45 429 418 45 431 
4 45 423 423 45 
9 45 420 420 421 423 45 424 427 430 
15 417 418 45 432 447 429 440 441 443 444 431 447 448 450 452 
12 45 423 418 421 423 310 45 424 426 427 430 424 
12 417 418 45 430 440 441 443 444 447 448 450 452 
8 844 607 829 45 844 654 372 605 
1 45 
2 607 45 
5 142 45 447 356 358 
1 45 
1 45 
2 45 895 
4 418 45 432 430 
4 418 45 432 430 
1 45 
4 418 45 432 430 
4 418 45 432 430 
2 45 915 
1 45 
6 430 436 418 45 432 430 
4 418 45 432 430 
2 607 45 
4 418 45 432 430 
5 927 944 45 354 535 
4 418 45 432 430 
2 47 57 
25 458 47 463 831 47 462 505 463 465 466 567 469 470 472 473 474 475 476 477 478 589 479 480 481 482 
3 47 56 47 
2 47 47 
2 47 47 
3 454 47 47 
2 47 47 
2 47 47 
2 47 47 
3 454 47 56 
4 454 454 47 56 
3 416 607 47 
3 454 47 56 
3 454 47 56 
10 301 365 301 352 412 829 845 47 555 722 
1 47 
3 454 47 56 
3 454 47 56 
1 47 
3 454 47 56 
3 454 47 56 
3 454 47 56 
3 454 47 56 
3 454 47 56 
3 454 47 56 
3 454 47 56 
3 454 47 56 
3 454 47 56 
3 454 47 56 
3 454 47 56 
1 47 
1 48 
11 499 500 501 499 500 501 830 49 372 321 321 
2 711 49 
4 143 636 52 55 
95 306 749 769 739 740 741 742 743 76 310 745 746 747 793 948 74 773 748 643 730 53 795 94 55 731 710 730 69 159 731 732 733 734 735 747 843 749 737 739 743 745 746 750 748 751 736 752 741 753 754 755 756 757 758 759 760 761 762 763 62 764 399 765 223 767 768 948 94 307 769 770 771 309 772 773 744 774 775 776 777 778 779 780 267 781 782 783 312 784 849 850 785 786 787 851 
6 713 410 711 712 713 53 
1 53 
1 53 
8 737 743 310 746 747 748 53 784 
19 67 68 317 168 335 85 716 709 67 68 54 55 56 130 238 709 248 286 120 
4 329 97 54 59 
3 54 55 56 
6 350 310 644 55 843 845 
7 350 310 644 643 55 843 845 
7 350 310 644 55 845 209 289 
24 310 500 501 485 195 55 512 62 500 501 485 843 186 845 199 62 516 229 234 321 99 255 422 287 
12 499 499 501 485 55 501 485 338 85 234 321 705 
8 499 500 499 500 485 55 485 321 
5 55 338 85 705 796 
6 504 310 505 506 55 506 
24 503 310 505 55 505 506 358 510 513 514 520 521 523 526 532 533 534 536 537 538 539 540 541 542 
25 503 504 504 454 310 55 506 358 510 513 514 520 521 523 526 532 533 534 536 537 538 539 540 541 542 
29 503 503 513 520 504 523 310 532 533 505 536 537 538 539 540 541 55 358 513 520 523 532 533 536 537 538 539 540 541 
4 508 192 55 508 
21 507 507 517 518 519 525 527 511 528 192 529 524 55 59 511 517 519 524 525 527 528 
14 845 310 86 55 157 338 86 88 705 115 119 122 123 127 
5 358 504 310 505 55 
5 508 419 508 192 55 
6 499 335 55 211 229 130 
6 506 504 310 505 506 55 
5 358 504 310 505 55 
5 516 55 87 227 260 
6 515 499 833 310 55 87 
6 76 508 61 508 192 55 
3 508 192 55 
4 508 508 192 55 
6 506 504 310 505 506 55 
5 358 504 310 505 55 
2 666 55 
6 506 504 310 505 506 55 
7 727 76 508 508 192 55 853 
4 508 508 192 55 
6 358 853 504 310 505 55 
4 508 508 192 55 
4 508 508 192 55 
3 508 192 55 
3 367 192 55 
3 321 323 55 
6 506 504 310 505 506 55 
6 506 504 310 505 506 55 
5 358 504 310 505 55 
3 451 55 286 
6 506 504 310 505 506 55 
6 506 504 310 505 506 55 
6 506 504 310 505 506 55 
6 506 504 310 505 506 55 
6 506 504 310 505 506 55 
6 506 504 310 505 506 55 
5 358 504 310 505 55 
2 192 55 
3 617 55 56 
1 56 
2 56 547 
30 546 576 56 548 548 299 553 554 555 559 561 562 565 568 570 572 574 576 578 581 583 587 588 589 594 596 597 598 602 604 
15 547 56 547 553 555 568 570 574 575 576 580 582 583 588 594 
6 606 370 310 56 91 92 
5 924 412 56 593 595 
1 56 
1 56 
3 56 548 547 
2 56 547 
15 829 352 352 829 556 557 831 56 548 547 556 557 467 368 597 
12 829 352 555 352 829 555 557 831 56 557 368 597 
12 829 352 555 556 352 829 555 556 831 56 368 597 
2 310 56 
2 56 547 
1 56 
3 652 56 547 
3 653 56 547 
2 56 564 
2 563 56 
5 831 653 56 547 566 
3 653 565 56 
4 301 454 831 56 
3 56 548 547 
3 655 831 56 
3 56 548 547 
2 828 56 
2 56 547 
2 574 56 
6 831 573 831 56 548 547 
4 829 576 56 548 
6 547 575 56 548 547 580 
2 924 56 
2 56 547 
1 56 
3 576 56 548 
2 56 547 
2 56 548 
3 56 548 547 
1 56 
1 56 
1 56 
2 56 547 
3 56 548 547 
3 454 56 547 
3 829 302 56 
1 56 
2 828 56 
4 924 412 550 56 
3 56 548 547 
4 924 412 550 56 
2 56 547 
9 352 829 310 555 556 557 831 56 547 
2 56 547 
1 56 
1 56 
1 56 
2 56 547 
1 56 
2 56 547 
5 299 310 354 57 433 
5 607 925 846 57 549 
9 606 433 57 609 464 435 422 112 449 
2 310 57 
3 607 310 57 
15 861 814 867 878 885 886 887 310 890 894 898 901 903 905 57 
4 357 212 57 212 
16 861 814 867 869 874 878 885 886 887 894 896 898 901 903 905 57 
1 57 
14 861 814 867 878 885 886 887 310 894 898 901 903 905 57 
1 58 
4 310 617 58 58 
8 619 616 310 544 58 186 199 623 
1 58 
3 310 617 58 
2 58 621 
2 58 620 
1 58 
2 617 58 
1 59 
6 728 728 853 666 714 59 
6 204 87 204 59 258 117 
13 365 639 641 310 654 651 60 628 637 651 652 653 654 
47 630 828 631 632 633 627 645 640 634 641 635 647 642 650 636 637 646 643 651 372 638 60 643 629 630 631 632 633 640 634 635 636 637 372 638 60 365 645 646 647 649 654 766 659 660 661 664 
18 630 631 632 633 628 640 634 641 635 310 354 642 636 637 643 372 638 60 
41 628 629 365 631 632 633 628 645 640 634 641 635 642 636 637 646 643 372 638 60 631 632 633 640 634 635 636 637 372 638 60 365 645 646 647 649 659 660 661 663 664 
41 628 629 630 630 632 633 628 645 659 640 634 649 641 635 642 636 637 646 643 372 638 60 632 633 640 634 635 636 637 372 638 60 365 645 646 647 649 659 660 661 664 
39 628 629 630 631 630 631 633 628 645 640 634 641 635 642 636 637 646 643 372 638 60 633 640 634 635 636 637 372 638 365 645 646 647 649 654 659 660 661 664 
42 628 629 630 631 632 365 630 828 631 632 628 645 640 634 641 635 642 636 637 646 643 372 638 60 640 634 635 636 637 372 638 60 365 645 646 647 649 654 659 660 661 664 
45 628 629 630 631 632 633 640 365 630 631 632 633 628 645 660 640 829 641 635 647 354 642 636 637 646 643 372 638 60 657 635 636 637 372 638 365 645 646 647 649 654 659 660 661 664 
40 310 628 629 630 631 632 633 640 634 630 631 632 633 628 645 640 634 641 642 636 637 646 643 372 638 60 636 637 372 638 365 645 646 647 649 659 660 661 663 664 
41 628 629 630 631 632 633 634 635 630 631 632 633 628 645 640 634 641 635 642 637 646 643 372 638 60 637 372 638 60 365 645 646 647 649 487 96 659 660 661 663 664 
47 628 629 630 631 632 633 640 634 635 636 630 828 631 632 633 627 628 645 660 640 634 302 641 635 647 642 650 636 646 643 651 372 638 60 372 638 60 365 645 646 647 649 654 659 660 661 664 
40 310 628 629 630 631 632 633 640 634 635 636 637 372 630 631 632 633 628 645 640 634 641 635 642 636 637 646 643 372 60 60 365 645 646 647 649 659 660 661 664 
2 627 60 
37 628 629 630 631 632 633 630 631 632 633 628 660 634 641 635 647 642 637 638 634 635 636 637 372 638 60 365 645 646 647 649 659 660 661 662 663 664 
33 627 628 629 630 631 632 633 640 634 635 636 637 372 638 60 365 645 646 647 649 651 652 653 654 655 656 657 659 660 661 662 663 664 
28 310 628 629 630 631 632 633 640 634 635 304 636 637 372 638 60 365 645 646 647 649 304 659 660 661 662 663 664 
42 488 628 497 828 628 310 157 629 630 631 632 633 634 635 636 637 372 638 60 365 645 646 647 649 844 741 183 184 185 186 187 188 189 190 191 303 659 769 660 661 663 664 
7 496 350 497 498 350 310 60 
37 628 630 631 632 633 634 635 636 637 372 638 365 630 631 632 633 628 640 634 641 635 642 636 637 646 643 372 638 60 646 647 649 659 660 661 663 664 
37 628 630 631 632 633 634 635 636 637 372 638 365 645 630 631 632 633 628 645 640 634 641 635 642 636 637 643 372 638 60 647 649 659 660 661 663 664 
22 628 640 634 637 630 631 632 633 628 645 640 634 641 635 642 636 637 646 643 372 638 60 
6 658 310 359 60 843 422 
19 631 630 631 632 633 628 645 640 634 641 635 642 636 637 646 643 372 638 60 
5 628 637 310 60 661 
7 627 628 637 627 641 310 60 
12 561 656 627 641 310 654 655 831 60 654 655 657 
14 85 562 627 565 641 310 654 655 831 60 654 655 657 566 
19 627 433 652 653 653 632 633 627 628 652 634 641 310 655 637 831 60 655 656 
12 652 653 654 653 569 652 641 310 654 831 60 657 
7 652 641 310 654 831 60 657 
9 634 656 653 652 641 310 655 831 60 
2 648 60 
19 631 630 631 632 633 628 645 640 634 641 635 642 636 637 646 643 372 638 60 
22 640 634 637 630 631 632 633 628 645 640 634 641 635 642 636 637 646 643 372 638 60 664 
20 630 828 631 632 633 628 645 640 634 641 635 642 650 636 637 646 643 372 638 60 
6 640 641 310 642 372 60 
11 630 645 640 641 635 642 636 646 643 372 60 
21 630 631 632 633 628 645 660 640 634 302 641 635 354 642 636 637 646 643 372 638 60 
1 61 
39 942 803 927 946 711 712 713 714 715 69 715 163 73 727 728 946 336 843 76 746 186 195 199 62 214 229 94 522 625 853 744 422 809 111 848 275 849 292 141 
6 80 802 944 93 80 62 
7 66 669 670 671 681 672 694 
10 668 670 671 681 66 672 670 671 672 694 
11 669 668 669 671 681 694 66 672 671 672 694 
10 669 670 668 669 670 681 66 672 672 694 
10 669 670 671 668 669 670 671 681 66 694 
4 681 681 66 826 
3 66 681 66 
4 66 890 81 99 
5 903 66 81 99 405 
6 66 894 870 81 882 99 
4 66 888 968 405 
5 66 862 81 99 405 
5 66 692 681 817 898 
30 669 670 671 668 691 673 698 695 696 692 898 693 699 672 673 66 691 692 674 693 694 817 695 696 680 698 699 99 884 910 
5 66 887 81 766 99 
5 66 885 81 99 405 
1 66 
5 66 869 81 766 99 
3 875 66 81 
1 66 
6 886 66 81 99 705 405 
3 66 905 99 
4 66 81 99 405 
3 681 681 66 
4 681 680 681 66 
4 681 681 694 66 
10 670 693 668 669 670 671 681 66 672 898 
3 681 681 66 
4 681 681 66 766 
1 66 
4 681 681 877 66 
3 681 681 66 
3 701 67 68 
10 700 702 704 705 67 702 704 705 703 120 
10 701 67 701 704 705 68 704 705 703 120 
5 67 701 702 704 705 
9 701 67 702 701 702 705 705 703 120 
17 701 67 702 704 509 401 701 702 502 500 93 704 714 68 688 703 120 
3 67 707 707 
7 714 706 706 809 67 708 708 
4 707 932 67 707 
3 68 493 493 
2 488 69 
13 666 69 486 809 712 713 714 727 946 803 832 853 489 
21 666 69 803 711 714 713 714 158 727 335 173 176 942 130 239 832 853 489 273 274 275 
11 666 69 711 712 489 714 725 916 489 108 275 
16 666 69 712 803 946 711 712 713 715 707 94 73 85 705 625 832 
7 666 69 714 666 163 76 853 
3 70 70 493 
3 70 70 111 
2 70 111 
3 70 234 255 
2 863 70 
1 71 
4 71 164 204 467 
4 71 301 828 829 
2 73 727 
4 73 713 729 729 
1 73 
13 73 724 941 740 756 946 711 712 666 748 524 761 94 
4 73 625 666 625 
3 73 725 725 
8 488 739 310 747 488 74 737 752 
51 488 737 739 741 742 743 76 745 746 747 488 74 748 732 734 747 74 749 737 739 743 745 746 750 748 752 741 753 754 755 756 757 758 759 760 761 764 765 767 769 770 773 774 775 776 777 778 779 780 781 782 
23 739 772 741 743 745 759 746 747 781 488 74 782 748 733 734 731 733 734 772 780 781 782 807 
8 732 488 74 732 734 772 781 782 
20 732 739 772 741 743 780 745 759 746 747 781 488 74 782 748 732 733 731 781 782 
5 747 488 74 763 774 
7 163 74 739 76 746 488 111 
27 731 747 74 749 752 739 741 742 743 745 746 747 488 74 748 730 731 739 743 745 746 748 752 741 766 777 492 
10 142 159 74 335 76 746 130 111 267 295 
54 488 730 731 732 734 747 74 749 737 736 737 741 742 743 76 745 746 747 488 74 748 731 743 745 746 750 748 752 741 753 754 755 756 757 758 759 760 761 764 765 767 769 770 773 774 775 776 777 778 779 780 781 782 785 
18 488 142 159 727 74 329 335 76 746 176 85 130 853 111 114 267 292 141 
55 488 731 732 734 747 74 737 739 743 745 746 750 748 752 737 769 739 742 743 76 310 745 746 747 488 74 773 748 643 731 157 753 754 755 756 757 758 759 760 761 764 765 769 770 773 774 775 776 777 778 779 780 781 782 785 
15 488 731 747 74 749 737 739 310 743 745 746 750 748 741 766 
54 488 731 732 734 747 74 749 737 739 737 739 741 742 76 745 746 747 488 948 748 795 94 731 745 746 750 748 752 741 753 754 755 756 757 758 759 760 761 764 765 769 770 773 774 775 776 777 778 779 780 781 782 492 785 
6 74 76 746 310 488 666 
53 488 731 732 734 747 74 749 737 739 743 737 739 741 742 743 76 310 759 746 747 488 74 748 731 746 750 748 752 741 753 754 755 756 757 758 759 760 761 764 765 769 770 773 774 775 776 777 778 779 780 781 782 785 
58 488 731 732 734 747 74 749 737 739 743 745 736 737 738 739 740 309 741 742 743 76 744 745 747 488 666 748 731 750 748 752 741 753 754 755 756 757 758 759 760 761 764 765 766 767 769 770 773 774 775 776 777 778 779 780 782 492 785 
56 488 730 731 732 734 735 737 739 741 742 743 76 774 745 746 488 748 731 74 749 737 739 743 745 746 750 748 752 741 753 754 755 756 757 758 759 760 761 763 764 765 766 769 770 773 774 775 776 777 778 779 780 781 782 492 785 
56 488 731 727 732 734 747 74 335 749 737 739 743 745 746 750 737 753 754 755 739 741 742 743 76 756 757 758 745 746 747 488 760 761 731 752 741 759 764 765 767 130 769 770 853 773 774 775 776 777 778 780 781 782 492 807 785 
15 488 737 739 742 743 76 745 746 747 488 74 750 748 731 764 
13 749 739 741 742 743 745 759 746 747 488 74 748 731 
3 488 74 921 
13 737 737 739 741 743 745 746 747 488 74 748 730 731 
26 748 754 755 739 741 743 756 757 758 745 759 746 747 488 74 760 761 731 754 755 756 757 758 760 761 779 
26 748 753 753 755 739 741 743 756 757 758 745 759 746 747 488 74 760 761 731 755 756 757 758 760 761 779 
26 748 753 754 753 754 739 741 743 756 757 758 745 759 746 747 488 74 760 761 731 756 757 758 760 761 779 
28 727 748 753 754 755 753 754 755 739 741 743 757 758 745 759 746 747 488 74 760 761 731 757 758 760 761 853 779 
26 748 753 754 755 756 753 754 755 739 741 743 756 758 745 759 746 747 488 74 760 761 731 758 760 761 779 
26 748 753 754 755 756 757 753 754 755 739 741 743 756 757 745 759 746 747 488 74 760 761 731 760 761 779 
38 732 734 745 750 753 754 755 756 757 758 308 739 741 743 745 746 747 488 74 748 731 760 761 764 765 767 769 770 773 774 775 776 778 779 780 781 782 785 
26 748 753 754 755 756 757 758 753 754 755 739 741 743 756 757 758 745 759 746 747 488 74 761 731 761 779 
29 727 748 753 754 755 756 757 758 760 753 754 755 739 741 743 756 757 758 745 759 746 747 488 74 760 731 399 853 779 
3 488 74 921 
5 735 747 488 74 774 
13 749 739 741 743 745 759 746 747 488 74 748 731 770 
11 739 741 743 745 759 746 747 488 74 748 731 
21 89 90 737 696 628 682 742 310 746 747 74 685 98 103 104 105 113 116 118 121 126 
9 739 777 759 746 488 74 748 731 777 
3 488 74 921 
15 488 741 739 741 743 745 759 746 747 770 488 74 748 643 731 
13 769 764 739 741 743 745 759 746 747 488 74 748 731 
3 488 74 921 
8 732 734 488 74 732 733 781 782 
14 488 843 741 739 741 743 745 759 746 747 488 74 748 731 
14 747 735 763 739 741 743 745 759 746 747 488 74 748 731 
11 739 741 743 745 759 746 747 488 74 748 731 
11 739 741 743 745 759 746 747 488 74 748 731 
13 767 737 739 741 743 767 745 746 747 488 74 748 731 
11 739 741 743 745 759 746 747 488 74 748 731 
18 753 754 755 739 741 743 756 757 758 745 759 746 747 488 74 760 761 731 
14 734 739 741 743 745 759 746 747 488 74 748 732 731 781 
19 732 734 739 772 741 743 780 745 759 747 488 74 782 748 732 733 734 731 782 
19 732 734 781 739 772 741 743 745 759 746 747 781 488 74 748 732 733 734 731 
2 488 74 
3 488 74 492 
10 739 741 743 745 759 746 747 488 74 748 
3 488 74 921 
3 488 74 921 
2 75 75 
1 75 
4 328 329 75 378 
2 222 75 
1 75 
2 488 76 
2 76 338 
4 488 743 76 409 
3 77 502 949 
1 79 
1 79 
13 843 226 186 194 79 845 82 83 199 353 220 226 229 
2 79 83 
3 802 80 80 
8 801 80 80 667 804 805 806 807 
9 666 712 714 942 711 808 80 195 832 
3 80 802 80 
3 80 802 80 
3 80 802 80 
5 80 802 80 748 732 
4 942 803 80 195 
4 711 707 80 666 
15 813 814 815 816 818 81 819 821 822 81 819 822 823 824 825 
5 896 881 897 81 99 
2 905 81 
5 815 810 81 819 822 
15 815 821 810 818 81 819 822 610 612 854 99 823 824 825 614 
11 813 814 821 810 818 81 819 822 823 824 825 
10 818 821 810 818 81 819 822 823 824 825 
5 681 877 81 680 405 
14 816 821 810 814 815 816 821 822 81 819 822 823 824 825 
13 821 810 81 810 813 814 815 816 818 81 821 822 822 
3 867 872 81 
16 814 823 815 816 818 819 822 810 818 81 819 822 823 824 825 405 
17 821 810 818 81 819 810 813 814 815 816 818 81 819 821 823 824 825 
13 821 810 814 824 815 816 818 81 825 821 822 824 825 
12 823 810 814 823 815 816 818 81 825 821 822 825 
12 823 824 810 814 823 824 815 816 818 81 821 822 
3 673 898 82 
6 168 335 85 130 422 286 
9 628 643 633 637 85 571 723 661 592 
21 634 433 352 555 556 557 831 352 555 556 557 85 467 368 369 361 723 575 265 590 597 
12 164 485 414 193 202 85 203 204 205 415 360 404 
20 454 565 574 829 352 555 556 557 85 652 653 654 655 368 656 657 567 569 574 597 
5 85 803 711 712 714 
3 516 87 87 
2 87 87 
2 87 87 
2 87 87 
6 944 235 207 847 87 96 
1 87 
1 87 
2 90 841 
5 840 90 103 104 105 
1 91 
11 496 499 91 168 648 310 799 488 773 666 497 
8 91 168 192 643 364 372 433 433 
11 496 499 509 301 91 168 799 192 497 498 467 
3 606 91 92 
3 837 944 93 
3 94 310 666 
4 94 310 488 666 
2 94 488 
2 94 488 
1 94 
15 625 941 526 740 756 946 711 712 666 748 715 358 524 761 94 
8 814 856 875 310 96 856 858 859 
1 96 
3 854 854 96 
1 96 
2 854 96 
2 854 96 
1 96 
6 891 908 610 612 99 614 
2 679 99 
3 720 99 125 
2 875 99 
10 992 983 987 992 99 993 994 995 996 997 
1 99 
7 820 907 610 612 99 893 614 
2 229 99 
4 909 685 612 99 
4 677 894 882 99 
1 99 
3 820 99 893 
2 99 887 
2 612 99 
4 686 864 854 99 
1 99 
6 817 898 698 99 884 910 
5 889 610 612 99 614 
2 886 99 
2 886 99 
3 811 896 99 
4 677 870 894 99 
1 99 
4 99 681 877 898 
5 683 610 612 99 614 
7 879 688 880 610 612 99 614 
6 682 610 612 99 873 614 
44 901 968 959 989 962 953 968 901 959 962 954 955 132 970 971 972 973 974 975 976 977 978 979 980 981 982 983 984 985 986 987 988 989 678 990 991 99 993 994 995 996 997 998 134 
2 878 99 
3 675 610 99 
2 861 99 
1 99 
5 907 99 867 872 907 
9 677 870 882 610 612 900 99 422 614 
2 439 99 
5 811 881 897 612 99 
3 811 896 99 
11 681 826 694 877 680 610 612 99 884 910 614 
1 99 
3 906 894 99 
51 961 888 968 958 888 956 961 959 962 953 954 955 132 970 971 972 973 974 975 976 977 978 979 980 981 982 983 610 984 985 986 987 988 963 612 989 965 966 969 990 991 992 99 993 994 995 996 997 998 614 134 
1 99 
5 676 610 612 99 614 
1 99 
6 812 689 610 612 99 614 
2 900 99 
4 867 893 99 893 
2 861 99 
2 869 99 
4 99 681 877 898 
3 924 310 101 
2 310 101 
2 102 110 
3 915 106 915 
5 914 914 445 106 422 
3 713 108 919 
2 108 919 
2 108 919 
5 916 917 108 310 918 
1 110 
7 751 762 111 768 771 786 787 
3 142 356 111 
2 112 926 
6 550 911 577 112 593 595 
4 606 412 422 112 
2 112 923 
7 666 163 335 217 130 114 451 
3 182 114 280 
3 348 114 141 
1 114 
2 114 280 
2 120 708 
1 125 
1 125 
1 125 
4 939 937 939 125 
4 936 939 939 125 
1 125 
5 936 937 936 937 125 
35 161 163 171 172 174 175 176 177 179 194 209 210 211 129 221 222 223 224 225 228 230 231 232 233 234 243 246 255 261 263 264 282 283 286 289 
4 727 130 853 295 
6 666 335 803 712 808 130 
5 171 177 356 225 130 
12 373 310 335 211 217 220 229 130 837 847 667 451 
1 130 
10 666 714 163 727 335 711 666 336 130 853 
8 142 169 335 176 130 356 255 275 
6 488 335 743 130 310 488 
4 350 310 130 796 
5 163 165 335 130 264 
2 335 130 
4 335 130 255 275 
7 888 959 132 962 968 901 998 
33 962 959 955 132 962 970 971 972 888 973 974 975 976 977 968 978 979 901 980 981 955 970 971 972 973 974 975 976 977 978 979 980 981 
7 954 954 959 132 888 968 901 
5 968 901 132 966 134 
2 132 134 
16 1000 901 1000 132 983 984 985 986 987 988 993 994 995 996 997 998 
33 968 888 962 888 968 901 962 953 954 955 132 970 971 972 973 974 975 976 977 978 979 980 981 982 984 985 986 987 988 989 990 991 134 
10 132 983 966 993 994 995 996 997 998 134 
4 901 901 132 134 
18 888 959 954 959 984 989 888 982 990 968 991 901 953 954 132 982 989 134 
4 132 968 901 134 
2 132 134 
4 132 968 901 134 
7 132 956 960 968 901 996 134 
2 132 134 
46 959 888 901 888 956 959 962 953 954 955 132 970 971 972 973 974 975 976 977 978 979 980 981 982 983 984 985 986 987 988 963 989 965 966 969 678 990 991 992 993 994 995 996 997 998 134 
4 132 968 901 134 
7 954 954 959 132 888 968 901 
7 954 954 959 132 888 968 901 
7 954 954 959 132 888 968 901 
7 954 954 959 132 888 968 901 
7 954 954 959 132 888 968 901 
7 954 954 959 132 888 968 901 
7 954 954 959 132 888 968 901 
7 954 954 959 132 888 968 901 
7 954 954 959 132 888 968 901 
7 954 954 959 132 888 968 901 
7 954 954 959 132 888 968 901 
7 954 954 959 132 888 968 901 
7 962 959 132 962 888 968 901 
14 958 960 132 865 993 888 994 968 995 901 996 997 998 987 
15 962 958 959 132 985 986 888 987 968 901 988 985 986 987 988 
8 984 958 959 984 132 888 968 901 
8 984 958 959 984 132 888 968 901 
10 984 958 959 984 132 865 888 968 901 983 
8 984 958 959 984 132 888 968 901 
8 888 962 959 132 962 888 968 901 
6 962 959 132 888 968 901 
6 962 959 132 888 968 901 
5 865 132 865 968 901 
18 983 958 960 132 865 888 994 968 995 901 996 997 998 994 995 996 997 998 
18 983 993 958 960 132 865 993 888 968 995 901 996 997 998 995 996 997 998 
18 983 993 994 958 960 132 865 993 888 994 968 901 996 997 998 996 997 998 
19 983 993 994 995 958 960 132 865 993 888 966 994 968 995 901 997 998 997 998 
18 983 993 994 995 996 958 960 132 865 993 888 994 968 995 901 996 998 998 
18 983 993 994 995 996 997 958 960 132 993 888 953 994 968 995 901 996 997 
4 168 238 168 133 
3 958 958 134 
