1 2 
19 3 4 5 6 7 8 9 10 11 12 13 14 1 15 16 17 18 19 20 
13 21 22 23 24 25 26 27 28 29 30 31 32 2 
10 33 34 35 36 37 38 39 2 40 41 
8 42 43 44 45 46 2 47 48 
2 49 2 
2 2 50 
1 2 
1 2 
1 2 
2 51 2 
1 2 
1 2 
1 2 
1 2 
1 2 
1 2 
1 2 
1 2 
1 2 
1251 52 53 54 55 56 57 58 59 60 61 62 63 64 65 66 67 68 69 70 71 72 73 74 75 76 77 78 79 80 81 82 83 84 85 86 87 88 89 90 91 92 93 94 22 95 96 97 98 99 100 101 102 103 104 105 106 107 108 109 110 111 112 113 114 115 116 117 118 119 120 121 122 123 124 125 126 127 128 129 130 131 132 133 134 135 136 137 138 139 140 141 142 143 144 145 146 147 148 149 150 151 152 153 154 155 156 157 158 159 160 161 162 163 164 165 166 167 168 169 170 171 172 173 174 175 176 177 178 179 180 181 182 183 184 185 186 187 188 189 190 191 192 193 194 195 196 197 198 199 200 201 202 203 204 205 206 207 208 209 210 211 212 213 214 215 216 217 218 219 220 221 222 223 224 225 226 227 228 229 230 231 232 233 234 235 236 237 238 239 240 241 242 243 244 245 246 247 248 249 250 251 252 253 254 255 256 257 258 259 260 261 262 263 264 265 266 267 268 269 270 271 272 273 274 275 276 277 278 279 280 281 282 283 284 285 286 287 288 289 290 291 292 293 294 295 296 297 298 299 300 301 302 303 304 305 306 307 308 309 310 311 312 313 314 315 316 317 318 319 320 321 322 323 324 325 326 327 328 329 330 331 332 333 334 335 336 337 338 339 340 341 342 343 344 345 346 347 348 349 350 351 352 353 354 355 356 357 358 359 360 361 362 363 364 365 366 367 368 369 370 371 372 373 374 375 376 377 378 379 380 381 382 383 384 385 386 387 388 389 390 391 392 393 394 395 396 397 398 399 400 401 402 403 404 405 406 407 408 409 410 411 412 413 414 415 416 417 418 419 420 421 422 423 424 425 426 427 428 429 430 431 432 433 434 435 436 437 438 439 440 441 442 443 444 445 446 447 448 449 450 451 452 453 454 455 456 457 458 459 460 461 462 463 464 465 466 467 468 469 470 471 472 473 474 475 476 477 478 479 480 481 482 483 484 485 486 487 488 489 490 491 492 493 494 495 496 497 498 499 500 501 502 503 504 505 506 507 508 509 510 511 512 513 514 515 516 517 518 519 520 521 522 523 524 525 526 527 528 529 530 531 532 533 534 535 536 537 538 539 540 541 542 543 544 545 546 547 548 549 550 551 552 553 554 555 556 557 558 559 560 561 562 563 564 565 566 567 568 569 570 571 572 573 574 575 576 577 578 579 580 581 582 583 584 585 586 587 588 589 590 591 592 593 594 595 596 597 598 599 600 601 602 603 604 605 606 607 608 609 610 611 612 613 614 615 616 617 618 619 620 621 622 623 624 625 626 627 628 629 630 631 632 633 634 635 636 637 638 639 640 641 642 643 644 645 646 647 648 649 650 651 652 653 654 655 656 657 658 659 660 661 662 663 664 665 666 667 668 669 670 671 672 673 674 675 676 677 678 679 680 681 682 683 684 685 686 687 688 689 690 691 692 693 694 695 696 697 698 699 700 701 702 703 704 705 706 707 708 709 710 711 712 713 714 715 716 717 718 719 720 721 722 723 724 725 726 727 728 729 730 731 732 733 734 735 736 737 738 739 740 741 742 743 744 745 746 747 748 749 750 751 752 753 754 755 756 757 758 759 760 761 762 763 764 765 766 767 768 769 770 771 772 773 774 775 776 777 778 779 780 781 782 783 784 785 786 787 788 789 790 791 792 793 794 795 796 797 798 799 800 801 802 803 804 805 806 807 808 809 810 811 812 813 814 815 816 817 818 819 820 821 822 823 824 825 826 827 828 829 830 831 832 833 834 835 836 837 838 839 840 841 842 843 844 845 846 847 848 849 850 851 852 853 854 855 856 857 858 859 860 861 862 863 864 865 866 867 868 869 870 871 872 873 874 875 876 877 878 879 880 881 882 883 884 885 886 887 888 889 890 891 892 893 894 895 896 897 898 899 900 901 902 903 904 905 906 907 908 909 910 911 912 913 914 915 916 917 918 919 920 921 922 923 924 925 926 927 928 929 930 931 932 933 934 935 936 937 938 939 940 941 942 943 944 945 946 947 948 949 950 951 952 953 954 955 956 957 958 959 960 961 962 963 964 965 966 967 968 969 970 971 972 973 974 975 976 977 978 979 980 981 982 983 984 985 986 987 988 989 990 991 992 993 994 995 996 997 998 999 1000 1001 1002 1003 1004 1005 1006 1007 1008 1009 1010 1011 1012 1013 1014 1015 1016 1017 1018 1019 1020 1021 1022 1023 1024 1025 1026 1027 1028 1029 1030 1031 1032 1033 1034 1035 1036 1037 1038 1039 1040 1041 1042 1043 1044 1045 1046 1047 1048 1049 1050 1051 1052 1053 1054 1055 1056 1057 1058 1059 1060 1061 1062 1063 1064 1065 1066 1067 1068 1069 1070 1071 1072 1073 1074 1075 1076 1077 1078 1079 1080 1081 1082 1083 1084 1085 1086 1087 1088 1089 1090 1091 1092 1093 1094 1095 1096 1097 1098 1099 1100 1101 1102 1103 1104 1105 1106 1107 1108 1109 1110 1111 1112 1113 1114 1115 1116 1117 1118 1119 1120 1121 1122 1123 1124 1125 1126 1127 1128 1129 1130 1131 1132 1133 1134 1135 1136 1137 1138 1139 1140 1141 1142 1143 1144 1145 1146 1147 1148 1149 1150 1151 1152 1153 1154 1155 1156 1157 1158 1159 1160 1161 1162 1163 1164 1165 1166 1167 1168 1169 1170 1171 1172 1173 1174 1175 1176 1177 1178 1179 1180 1181 1182 1183 1184 1185 1186 1187 1188 1189 1190 1191 1192 1193 1194 1195 1196 1197 1198 1199 1200 1201 1202 1203 1204 1205 1206 1207 1208 1209 1210 1211 1212 1213 1214 1215 1216 1217 1218 1219 1220 1221 1222 1223 1224 1225 1226 1227 1228 1229 1230 1231 1232 1233 1234 1235 1236 1237 1238 1239 1240 1241 1242 1243 1244 1245 1246 1247 1248 1249 1250 1251 1252 1253 1254 1255 1256 1257 1258 1259 1260 1261 1262 1263 1264 1265 1266 1267 1268 1269 1270 1271 1272 1273 1274 1275 1276 1277 1278 1279 1280 1281 1282 1283 1284 1285 1286 1287 1288 1289 1290 1291 1292 1293 1294 1295 1296 1297 1298 1299 1300 3 
489 52 53 54 56 57 58 62 42 67 68 70 71 74 75 77 80 82 83 85 21 86 88 90 91 93 94 95 96 97 98 99 100 101 103 104 105 106 107 111 112 115 116 118 120 121 123 124 125 128 129 130 131 132 133 135 137 138 140 141 144 147 148 149 150 151 154 156 158 160 161 162 163 165 167 168 169 170 171 175 176 179 181 183 184 188 189 190 192 193 196 199 200 201 204 205 207 208 211 212 213 215 216 217 220 221 225 226 231 232 25 234 235 237 241 242 246 247 248 250 251 253 256 257 258 263 266 267 268 270 275 277 280 284 286 287 288 290 295 296 301 302 303 304 306 307 308 314 318 319 324 325 326 329 331 332 335 337 341 342 343 345 349 350 352 353 356 357 358 359 360 361 362 363 364 366 370 371 376 377 378 379 380 381 383 385 386 387 389 391 392 393 394 395 398 399 400 401 402 403 404 406 407 408 410 413 414 416 420 422 423 424 425 430 433 436 437 439 440 443 448 452 453 454 455 456 458 460 461 462 463 465 468 469 472 473 475 479 481 483 485 486 489 490 492 493 495 497 498 499 500 503 504 508 509 511 513 514 517 519 520 521 522 523 527 528 532 534 535 538 539 541 542 543 544 550 552 553 554 555 556 561 565 569 570 575 577 579 583 584 585 588 590 592 593 594 596 598 599 600 602 603 605 606 611 615 617 618 619 620 631 632 633 636 638 645 647 648 652 658 659 661 662 666 667 668 673 676 677 684 692 693 694 695 697 698 702 715 718 719 720 721 725 726 727 729 731 733 735 737 738 739 740 743 746 748 749 755 756 760 762 763 765 766 27 767 769 771 772 773 774 775 782 783 784 786 787 788 790 791 792 794 796 799 800 805 806 809 810 811 814 817 818 822 823 824 825 826 831 834 840 841 842 846 847 850 851 855 856 857 858 861 864 868 870 877 878 881 883 884 888 890 892 894 896 897 899 901 903 904 914 929 930 938 940 950 954 955 957 970 971 981 984 994 998 1012 1023 1025 1026 1028 1032 1048 1052 1062 1067 1075 1078 1086 1093 1095 1097 1103 1117 1119 1131 1134 1160 1165 1203 1204 1227 1228 1233 1236 1244 1259 1264 1265 1274 1275 1276 1278 1288 1292 29 33 31 32 3 38 
5 120 121 1132 1165 3 
6 42 94 197 415 421 3 
12 22 157 168 199 214 223 350 358 598 733 1094 3 
7 62 42 77 725 810 1220 3 
42 62 77 94 22 99 106 111 120 121 168 188 195 204 222 286 324 325 338 465 481 499 522 543 556 602 618 659 726 729 766 769 772 775 781 784 785 787 827 863 31 32 3 
2 345 3 
3 22 157 3 
2 102 3 
3 22 27 3 
7 22 157 266 324 27 775 3 
6 22 157 351 771 36 4 
1 4 
2 1086 4 
3 33 4 40 
1 4 
2 22 4 
1 4 
2 36 4 
1 4 
895 52 53 54 55 56 57 58 60 61 62 63 64 65 66 67 69 71 72 73 74 75 76 77 78 79 80 81 82 83 84 85 86 87 88 89 90 92 93 94 22 95 96 97 98 99 100 101 104 106 108 110 111 113 117 118 119 120 121 122 124 125 128 129 130 131 132 133 135 137 138 139 140 142 143 144 145 146 147 148 149 150 151 153 155 156 159 160 161 162 163 164 165 166 168 170 171 172 174 175 176 177 178 179 181 182 185 186 187 188 191 24 194 196 197 198 199 200 201 202 203 204 206 207 208 209 210 211 212 214 215 217 218 223 224 226 232 234 235 236 237 238 239 242 243 246 248 249 251 256 259 260 261 262 263 43 265 266 268 270 273 277 280 281 282 283 285 288 289 291 292 294 295 296 297 298 299 300 302 303 304 310 311 312 313 314 315 317 319 320 321 322 323 325 328 331 332 333 334 335 336 337 339 340 341 345 346 351 352 354 355 356 357 358 359 360 361 362 364 365 367 369 371 373 374 376 377 378 26 384 387 388 389 390 392 394 395 397 401 405 407 408 409 411 412 413 414 416 417 418 420 421 422 423 424 427 429 431 434 436 440 441 442 449 452 453 456 457 458 460 461 464 468 469 470 472 474 475 477 481 482 483 485 488 489 490 492 495 497 498 502 503 511 515 524 525 526 527 533 534 536 537 538 539 540 542 543 546 548 549 550 552 554 560 562 563 567 569 572 573 576 578 581 583 584 585 587 588 589 590 591 592 594 597 598 599 601 603 604 606 607 610 611 612 613 614 617 618 621 622 627 629 630 636 637 640 644 648 649 650 654 656 658 659 660 661 664 666 667 672 673 677 678 679 683 684 685 686 687 688 692 696 700 701 702 703 707 708 711 719 723 724 726 728 729 731 732 735 736 738 739 740 741 743 744 745 746 749 750 751 754 755 756 757 758 759 762 764 766 768 779 780 781 782 783 784 787 790 792 794 44 797 798 802 803 804 805 807 808 810 811 813 815 816 817 818 821 822 824 826 827 828 829 830 831 832 833 834 835 836 838 839 843 844 845 846 847 849 851 852 853 854 856 857 858 859 860 861 862 863 864 865 866 867 868 869 871 872 875 876 877 879 880 882 883 884 886 887 888 889 890 891 894 895 897 899 900 902 904 909 910 912 913 914 915 916 919 923 924 925 926 927 928 929 930 931 932 933 934 935 936 937 938 939 940 941 942 943 944 945 946 947 948 949 950 951 952 953 954 955 956 957 958 959 960 961 962 963 964 965 966 967 968 969 970 971 972 973 974 975 976 977 978 979 980 981 982 983 984 985 986 987 988 989 990 991 992 993 994 995 996 997 998 999 1000 1001 1002 1003 1004 1005 1006 1007 1008 1009 1010 1011 1012 1013 1014 1015 1016 1017 1018 1019 1020 1021 1022 1023 1024 1025 1026 1027 1028 1029 1030 1031 1032 1033 1034 1035 1036 1037 1038 1039 1040 1041 1042 1043 1044 1045 1046 1047 1048 1049 1050 1051 1052 1053 1054 1055 1056 1057 1058 1059 1060 1061 1062 1063 1064 1065 1066 1067 1068 1069 1070 1071 1072 1073 1074 1075 1076 1077 1078 1079 1080 1081 1082 1083 1084 1085 1086 1087 1088 1089 1090 1091 1092 1093 1094 1095 1096 1097 1098 1099 1100 1101 1102 1103 1104 1105 1106 1107 1108 1109 1110 1111 1112 1113 1114 1115 1116 1117 1118 1119 1120 1121 1122 1123 1124 1125 1126 1127 1128 1129 1130 1131 1132 1133 1134 1135 1136 1137 1138 1139 1140 1141 1142 1143 1144 1145 1146 1147 1148 1149 1150 1151 1152 1153 1154 1155 1156 1157 1158 1159 1160 1161 1162 1163 1164 1165 1166 1167 1168 1169 1170 1171 1172 1173 1174 1175 1176 1177 1178 1179 1180 1181 1182 1183 1184 1185 1186 1187 1188 1189 1190 1191 1192 1193 1194 1195 1196 1197 1198 1199 1200 1201 1202 1203 1204 1205 1206 1207 1208 1209 1210 1211 1212 1213 1214 1215 1216 1217 1218 1219 1220 1221 1222 1223 1224 1225 1226 1227 1228 1229 1230 1231 1232 1233 1234 1235 1236 1237 1238 1239 1240 1241 1242 1243 1244 1245 1246 1247 1248 1249 1250 1251 1252 1253 1254 1255 1256 1257 1258 1259 1260 1261 1262 1263 1264 1265 1266 1267 1268 1269 1270 1271 1272 1273 1274 1275 1276 1277 1278 1279 1280 1281 1282 1283 1284 1285 1286 1287 1288 1289 1290 1291 1292 1293 1294 1295 1296 1297 1298 1299 1300 5 
4 42 74 44 5 
10 56 42 69 89 100 43 464 482 807 5 
1 5 
1 5 
1 5 
1 5 
2 120 6 
5 149 351 434 1013 7 
1 11 
70 54 56 62 63 42 67 71 74 77 83 21 22 96 106 111 120 121 129 130 149 157 168 187 188 198 199 203 207 210 242 261 270 280 325 327 329 333 334 335 337 362 367 386 393 412 413 423 438 442 516 522 563 617 622 627 656 723 724 725 726 727 728 729 730 731 732 733 734 735 1026 
22 56 63 42 68 74 77 81 83 21 22 121 149 170 171 172 173 174 175 176 177 178 179 
19 52 56 42 21 22 128 130 140 159 179 218 219 220 221 222 223 224 225 226 
14 63 42 67 78 79 80 81 82 83 84 85 21 86 299 
354 52 53 54 57 58 60 61 62 63 64 42 65 66 67 69 71 72 74 76 77 80 82 83 84 85 21 87 88 90 94 22 95 97 98 99 101 104 106 108 111 115 116 117 118 119 120 121 122 125 128 130 131 132 137 138 140 143 144 146 147 157 162 165 168 172 173 176 178 179 186 187 188 189 197 201 202 203 204 206 210 211 214 216 217 223 224 228 232 234 235 237 270 273 275 279 280 281 282 285 291 293 295 296 299 301 306 309 314 315 328 330 332 336 337 344 345 352 354 356 358 359 361 365 367 377 378 379 381 386 388 394 395 396 401 407 408 413 414 417 420 422 423 434 436 438 442 445 448 451 453 457 463 468 469 476 482 483 485 487 488 489 495 498 501 502 503 507 511 516 523 524 525 526 527 528 529 530 531 532 533 534 535 536 537 538 539 540 541 542 543 544 545 546 547 548 549 550 551 552 553 554 555 556 557 558 559 560 561 562 563 564 565 566 567 568 569 570 571 572 573 574 575 576 577 578 579 580 581 582 583 584 585 586 587 588 589 590 591 592 593 594 595 596 597 598 599 600 601 602 603 604 605 606 607 608 609 610 611 612 613 614 615 616 617 618 619 620 621 622 623 624 625 626 627 628 629 630 631 632 633 634 635 636 637 638 639 640 641 642 643 644 645 646 647 648 649 650 651 652 653 654 655 656 657 658 659 660 661 662 663 664 665 666 667 668 669 670 671 672 673 674 675 676 677 678 679 680 681 682 683 684 685 686 687 688 689 690 691 692 693 694 695 696 697 698 782 790 44 807 809 1084 1151 1209 1296 
25 56 62 63 42 65 71 74 76 83 21 90 22 100 145 157 159 162 174 179 194 210 215 328 335 533 
16 56 63 42 71 74 21 22 100 157 179 199 209 312 335 336 337 
8 63 21 104 174 179 210 699 761 
12 56 42 77 80 21 97 98 174 179 196 234 295 
5 56 42 21 178 475 
89 52 56 57 63 42 67 71 72 77 21 88 90 94 22 97 99 100 111 116 119 120 135 137 151 154 157 171 187 188 193 201 243 256 286 313 319 324 325 326 333 335 26 465 481 499 522 532 543 556 577 602 618 659 724 726 729 761 762 763 764 765 766 27 767 768 769 770 771 772 773 774 775 776 777 778 779 780 781 782 783 784 785 786 787 788 789 790 1117 1134 
138 52 53 55 56 57 58 59 62 64 42 67 68 72 77 82 83 85 21 87 88 89 90 95 96 98 101 106 110 115 116 117 119 120 121 122 124 128 129 130 131 132 138 139 142 144 146 149 150 153 166 176 192 197 210 212 214 227 245 257 261 273 280 291 295 314 315 323 354 365 367 371 377 388 401 407 413 415 417 423 440 445 447 463 483 489 495 498 503 505 515 518 526 531 543 552 563 588 592 599 603 614 622 625 642 648 658 667 672 678 687 704 722 737 738 739 740 741 742 743 744 745 746 747 748 749 750 751 752 753 754 755 756 757 758 759 795 1010 1062 
5 56 63 42 21 100 
23 56 57 42 21 155 202 209 273 342 374 390 477 483 734 745 757 764 830 880 882 959 1004 1256 
6 56 42 21 100 140 179 
81 52 55 56 62 63 42 69 72 75 77 83 85 21 86 87 88 90 92 93 94 22 98 106 120 121 124 130 140 157 162 163 166 176 179 189 192 193 202 204 206 211 212 217 221 234 273 305 319 332 354 356 362 371 413 420 436 453 454 456 457 465 468 480 489 497 498 502 503 538 617 622 658 659 719 808 812 857 868 873 1012 1194 
13 53 63 21 22 95 179 204 268 577 658 730 821 827 
27 56 42 67 71 77 21 92 93 96 100 129 130 140 147 159 172 177 199 210 242 378 396 591 654 699 740 44 
3 21 22 104 
71 52 56 57 58 62 42 69 72 74 77 80 83 85 21 87 88 90 22 97 100 104 106 120 121 125 129 137 138 144 147 159 171 187 199 201 212 243 268 282 319 333 341 369 371 379 401 407 423 435 481 501 556 573 575 658 659 724 725 726 745 759 764 768 771 773 775 781 786 1029 1123 1160 
30 56 62 63 42 67 71 73 80 83 21 88 106 119 121 129 138 140 162 204 210 239 273 399 454 515 546 592 594 803 1059 
21 42 72 77 21 170 171 197 245 253 257 329 407 413 420 579 649 658 906 942 1098 1178 
33 52 53 56 57 58 42 71 77 21 89 92 22 120 138 153 157 159 161 168 175 176 179 239 43 268 295 306 658 673 685 741 816 834 
28 42 67 77 21 22 104 106 107 108 120 130 157 158 188 189 192 199 215 273 285 290 308 314 318 377 423 444 500 
15 56 57 42 80 83 21 90 179 202 310 328 356 529 658 719 
110 52 53 56 60 62 63 42 67 69 71 73 74 75 81 83 21 88 94 22 97 98 99 100 101 104 106 111 116 120 121 122 129 130 137 139 140 151 154 159 163 168 171 174 175 176 179 188 189 190 191 196 199 204 221 234 242 243 247 259 268 286 324 325 326 335 336 351 371 377 26 413 453 458 465 481 488 497 499 502 508 509 532 543 556 578 598 618 628 650 659 671 719 725 726 732 746 761 766 27 771 775 799 800 825 939 976 994 1068 1173 1202 
4 55 42 80 21 
5 55 42 21 120 837 
68 55 56 60 42 71 72 76 78 82 83 85 21 87 90 22 106 116 119 120 121 122 138 142 149 159 166 185 202 246 257 273 276 281 282 301 328 332 364 371 374 407 456 463 488 543 559 584 592 603 639 707 745 749 751 754 756 758 938 1014 1022 1085 1097 1109 1122 1125 1153 1180 1195 
12 53 55 42 77 21 98 120 140 189 390 423 1254 
36 55 56 63 42 80 21 22 100 104 140 189 190 196 212 221 243 268 273 280 364 408 413 434 492 539 622 732 764 826 885 890 979 1062 1067 1233 1278 
289 52 53 55 56 57 63 42 67 71 72 76 77 80 84 85 21 88 90 92 94 22 98 100 101 106 108 117 119 120 131 138 140 141 153 157 159 164 165 171 172 173 175 178 181 185 187 188 202 206 209 210 212 216 223 224 237 239 240 243 244 249 260 266 271 273 274 278 281 282 283 285 291 296 299 309 311 319 328 331 335 346 356 367 369 373 375 379 384 396 408 409 413 418 421 423 434 436 440 441 471 472 475 481 482 483 489 492 494 495 497 502 508 510 516 526 527 533 535 539 546 573 574 579 581 584 587 589 590 597 603 609 612 614 621 625 632 658 660 662 673 675 676 683 696 699 700 707 719 732 734 745 749 751 754 757 758 759 781 789 798 802 807 815 826 827 830 833 835 837 839 843 844 845 848 851 854 859 860 861 862 865 866 867 869 874 875 876 879 880 882 886 887 889 891 893 895 900 904 905 906 909 910 911 912 913 914 915 916 919 921 922 923 927 934 935 959 961 964 968 969 975 986 990 994 999 1004 1017 1018 1022 1023 1034 1036 1040 1051 1059 1064 1071 1073 1081 1085 1086 1093 1102 1108 1109 1115 1122 1123 1125 1126 1127 1128 1129 1135 1138 1141 1150 1151 1154 1156 1162 1163 1169 1177 1179 1180 1184 1194 1197 1198 1199 1200 1209 1229 1230 1234 1240 1246 1248 1252 1261 1266 1269 1270 1274 1277 1280 1285 1292 
7 55 56 42 83 21 585 954 
42 55 56 63 42 67 71 80 83 21 90 92 22 95 100 116 121 129 142 157 179 185 189 199 201 211 216 234 239 243 249 335 352 354 367 413 458 481 489 585 598 650 719 
16 55 42 67 21 94 22 101 129 140 151 157 166 171 176 192 698 
29 56 63 42 67 71 80 21 88 89 90 106 115 120 121 129 140 141 173 176 204 296 423 464 503 516 549 732 758 798 
41 56 62 63 42 67 71 72 77 83 21 87 90 22 100 120 121 129 159 162 168 173 188 193 199 204 313 366 401 413 502 503 538 618 734 745 751 803 812 857 979 1147 
15 63 42 74 21 87 104 129 147 176 273 369 372 465 702 44 
53 56 57 62 63 42 67 71 76 80 83 85 21 87 88 22 95 97 115 120 138 140 142 159 160 176 184 189 202 204 234 246 249 260 268 281 310 312 315 332 354 365 407 423 456 485 707 729 797 815 826 986 1153 1268 
8 21 22 142 151 192 372 413 526 
10 42 67 69 74 83 85 21 378 503 728 
19 42 67 69 21 22 120 140 142 147 157 179 296 382 424 432 434 485 813 941 
74 56 62 42 67 77 83 21 86 22 96 97 100 101 106 111 112 116 120 121 122 129 130 140 142 149 151 159 168 171 176 188 189 190 192 24 193 196 199 204 221 234 256 268 298 324 325 326 366 372 401 407 413 453 465 469 472 481 497 499 508 550 556 598 698 729 745 766 27 769 771 773 784 930 1028 
18 56 63 42 68 85 21 90 22 96 151 168 192 199 216 235 500 534 842 
37 52 63 42 69 21 94 22 95 100 101 138 140 159 192 215 223 280 322 376 381 408 429 442 533 556 584 598 694 754 927 959 986 994 1081 1086 1093 1209 
23 56 60 62 42 71 77 21 90 94 22 108 157 190 201 324 573 659 763 771 775 776 779 815 
22 56 60 63 42 67 77 81 83 21 22 100 101 140 151 157 217 259 270 352 549 658 717 
23 56 62 42 77 21 22 120 154 179 240 319 324 326 481 556 618 659 729 27 789 827 1132 1261 
113 57 58 62 64 42 66 69 71 77 82 83 85 21 88 94 22 96 98 101 106 119 120 125 130 140 143 149 150 151 153 158 178 188 210 214 215 230 237 239 244 253 263 271 289 295 299 312 314 355 371 376 379 380 388 401 407 410 421 423 438 440 447 458 469 489 490 504 519 523 548 554 556 563 565 566 571 591 593 596 597 603 611 612 614 622 631 649 655 668 684 692 712 758 760 44 807 816 890 937 986 994 1017 1022 1026 1042 1068 1088 1137 1203 1213 1228 1243 1282 
38 56 63 42 77 83 21 86 94 22 96 98 100 120 121 129 137 171 174 176 179 188 221 223 273 335 401 415 454 497 570 583 702 731 732 745 798 1160 1270 
5 21 188 248 1093 30 
7 21 22 157 398 424 481 778 
201 56 59 42 70 71 75 77 82 21 89 22 107 111 114 117 129 137 140 143 144 150 154 174 182 186 187 199 200 201 204 205 206 214 215 232 242 244 245 247 248 249 251 253 255 263 265 274 276 279 284 289 291 293 297 300 303 306 317 320 322 323 330 345 346 351 355 365 369 380 386 387 388 425 428 431 446 453 457 465 466 468 472 473 476 477 492 506 508 509 511 520 523 531 547 554 569 577 582 588 590 597 598 599 605 608 619 627 628 635 645 654 657 661 679 695 702 731 738 740 755 780 785 802 805 815 817 821 833 841 842 856 884 888 889 900 901 912 925 935 941 942 948 951 952 957 960 966 967 976 981 983 991 992 998 999 1014 1027 1030 1031 1032 1034 1047 1052 1054 1070 1084 1086 1088 1090 1092 1102 1109 1114 1116 1121 1124 1126 1131 1137 1141 1142 1167 1172 1194 1195 1200 1203 1205 1208 1216 1217 1223 1226 1230 1231 1232 1240 1241 1249 1292 1300 
2 21 22 
73 52 56 63 42 67 71 72 75 77 80 83 21 87 94 22 100 108 118 120 121 129 130 140 147 159 161 168 172 186 188 189 199 201 204 207 210 228 234 243 265 268 280 291 314 321 385 390 401 413 504 519 564 571 587 592 598 621 648 690 694 729 751 27 794 846 847 852 856 864 894 979 1048 1142 
5 75 21 22 104 648 
16 56 42 75 83 21 97 106 129 179 201 202 217 352 451 463 516 
1 21 
3 63 42 21 
100 52 56 62 42 77 21 94 22 104 116 120 121 129 135 140 141 144 150 169 172 176 179 192 193 196 203 204 208 248 255 295 316 325 338 340 353 357 360 361 366 372 377 390 391 401 440 444 446 449 453 456 458 462 465 479 484 485 489 504 506 508 527 545 579 596 601 604 618 647 657 658 711 726 729 748 753 755 761 765 27 767 772 799 825 826 840 849 855 873 899 924 937 982 998 1017 1203 1224 1261 1264 1278 
10 21 94 22 129 130 168 192 204 243 413 
2 42 21 
2 21 104 
9 56 63 21 87 90 22 159 189 741 
48 56 62 63 77 80 85 21 94 22 111 120 121 125 130 132 161 168 176 179 188 190 192 193 196 201 212 217 221 234 239 298 335 371 413 438 440 465 497 499 532 569 667 698 809 834 1028 1230 1254 
6 56 63 42 83 21 104 
7 56 42 21 22 106 149 352 
14 56 62 63 42 72 80 83 21 100 120 328 390 699 764 
115 52 56 62 63 42 67 71 74 75 77 79 80 81 83 21 87 88 90 93 94 22 99 100 101 106 111 116 119 121 122 128 129 130 132 137 140 142 147 149 159 168 174 178 179 187 188 189 23 190 192 199 203 204 211 216 221 224 234 237 239 243 268 281 286 291 319 324 325 326 328 338 356 362 364 407 413 417 418 423 434 442 456 458 464 465 481 490 503 507 508 517 519 524 569 573 592 598 603 613 618 659 729 731 763 766 27 773 774 784 824 881 1017 1254 1261 49 
97 52 53 56 63 42 67 71 72 77 80 85 21 87 88 94 22 101 106 111 116 120 124 129 130 140 149 159 162 168 176 179 188 189 23 190 192 193 196 199 201 203 204 217 221 234 239 243 256 324 328 335 338 340 351 354 401 413 438 465 472 481 499 503 508 519 532 556 565 569 598 599 612 656 659 672 698 724 726 729 731 732 745 766 27 769 784 794 824 838 857 863 904 979 984 1095 1211 1255 
15 56 63 42 77 80 21 94 120 179 190 221 234 440 489 755 
3 21 22 199 
12 63 42 67 21 22 121 188 190 192 199 234 354 
13 56 42 71 21 22 100 116 140 192 201 538 598 1068 
1 21 
1 21 
8 54 56 63 42 21 22 120 151 
79 52 63 42 69 71 72 77 85 21 86 87 88 89 94 22 101 104 106 108 111 112 120 121 130 140 141 163 168 173 175 176 188 192 196 198 199 204 205 208 215 216 226 237 243 281 335 354 371 385 413 465 499 503 521 527 553 589 599 622 672 698 704 726 732 740 745 758 766 769 826 834 841 896 905 983 984 1052 1116 1160 
56 52 54 56 63 42 67 69 75 77 21 94 22 100 106 112 116 120 121 129 140 151 161 168 175 176 188 189 190 192 195 196 199 204 208 210 225 234 237 239 401 413 465 475 481 499 500 526 611 618 648 698 726 970 1028 1195 1254 
7 56 63 42 83 21 22 190 
9 56 63 42 21 22 116 120 234 1098 
4 42 21 22 179 
1 21 
10 62 42 21 22 111 154 157 324 827 1257 
1 21 
25 56 62 42 71 77 21 22 101 104 120 152 187 238 324 351 362 481 618 659 726 773 775 787 800 1121 
20 56 63 42 71 72 74 80 83 21 90 22 96 157 176 199 371 570 732 752 1017 
6 63 42 77 21 174 761 
99 54 56 42 66 67 69 72 77 81 82 83 21 86 87 90 93 94 22 96 98 100 104 106 111 120 121 125 129 130 141 142 150 158 160 163 168 175 176 179 188 189 190 192 196 199 203 204 214 215 221 237 239 244 249 253 273 280 314 352 354 371 372 379 383 386 392 402 408 413 415 417 436 443 452 458 462 464 465 474 481 500 507 519 522 554 569 593 598 650 698 729 732 760 812 890 979 984 1012 1254 
11 83 21 87 22 111 129 140 142 151 179 732 
15 63 42 80 85 21 90 91 93 94 120 140 141 192 585 650 
11 56 42 21 100 104 147 159 179 189 335 400 
14 56 63 42 71 21 22 104 111 150 157 179 193 199 328 
14 57 42 21 149 319 827 859 867 875 879 891 904 914 927 
6 56 63 42 21 699 852 
17 56 42 69 71 21 89 93 22 106 120 143 151 159 472 691 852 1108 
5 42 21 22 151 188 
25 52 53 63 42 80 21 94 22 100 118 120 121 145 150 153 157 386 460 738 749 994 1017 1199 1223 50 
17 63 42 21 22 100 104 111 140 144 149 179 460 472 658 749 801 994 
143 62 42 77 21 86 91 94 22 95 98 100 128 130 141 147 148 156 160 163 165 167 168 183 184 188 189 204 207 208 213 216 226 234 246 253 257 263 268 270 280 290 302 307 310 314 324 331 332 341 343 348 350 352 359 361 363 376 380 386 387 391 394 398 399 400 403 408 410 414 425 430 436 437 443 445 448 463 472 475 504 521 538 542 550 552 553 554 556 570 590 593 594 598 611 620 636 648 694 695 698 702 719 721 726 729 740 762 763 766 772 773 784 792 796 799 805 811 817 824 831 834 841 847 864 868 877 881 883 888 890 896 897 955 1012 1023 1028 1032 1052 1103 1134 1165 1259 1275 
4 21 137 659 726 
8 63 42 74 83 21 100 149 834 
12 62 77 21 22 99 104 135 157 481 497 751 1220 
3 42 65 21 
4 42 21 22 151 
91 52 56 57 58 62 67 74 75 83 85 21 86 93 97 98 103 135 138 144 149 154 158 161 168 169 190 199 221 25 247 257 267 288 296 318 319 329 335 337 345 363 377 379 385 387 391 392 395 401 414 423 453 475 483 492 497 527 534 550 553 584 592 603 617 658 692 702 720 743 772 790 800 825 864 868 903 940 955 957 1023 1026 1052 1086 1093 1134 1228 1236 1264 29 33 32 
9 75 21 22 100 140 157 175 366 760 
45 54 57 42 69 71 74 77 80 83 21 88 90 94 96 106 115 120 121 143 147 187 204 234 239 243 268 296 310 316 341 367 381 469 472 562 578 658 673 725 790 838 986 994 1108 1290 
10 42 21 90 22 140 151 176 193 371 532 
26 42 74 21 22 106 116 130 157 193 204 240 311 401 420 438 458 532 598 648 707 834 840 1052 1166 1199 1278 
12 56 57 42 67 72 21 88 22 121 172 179 526 
16 42 67 77 21 22 129 140 151 168 189 196 234 371 413 519 598 
4 42 83 21 179 
8 56 42 83 21 22 151 172 475 
9 63 42 67 80 21 86 184 201 217 
7 21 22 151 189 221 726 782 
64 52 56 42 74 77 21 88 94 22 95 106 112 116 120 121 129 130 140 151 157 163 176 188 189 190 193 195 196 199 204 216 221 25 234 237 260 284 325 392 394 401 404 407 413 414 438 453 465 469 481 499 508 542 598 611 648 726 729 732 735 766 27 881 1254 
5 21 22 111 157 847 
5 53 42 73 21 22 
22 53 62 42 71 73 77 83 21 86 94 22 101 175 188 234 243 408 465 474 576 761 1204 
23 53 56 42 69 83 21 106 111 162 165 178 181 185 188 212 237 356 362 408 504 609 742 892 
13 53 56 83 21 87 88 129 188 243 268 335 442 619 
103 53 57 59 60 42 77 21 101 104 120 139 179 199 202 209 227 239 319 323 357 368 396 413 417 436 442 482 483 527 539 597 605 617 641 650 662 699 700 733 745 748 758 761 798 809 826 829 830 833 837 839 843 844 848 851 854 860 862 866 869 874 876 879 887 889 891 895 900 904 905 907 909 912 913 914 915 917 919 921 922 961 966 970 975 1003 1008 1037 1063 1084 1088 1094 1116 1136 1148 1160 1179 1182 1213 1224 1234 1253 1264 1287 
26 53 42 74 77 83 21 22 129 130 140 158 171 189 192 215 221 244 268 366 465 472 475 499 500 799 979 
62 53 56 63 42 67 74 77 21 86 87 89 90 94 22 101 111 116 121 129 130 138 140 160 168 188 190 192 196 199 204 208 212 243 244 268 280 314 335 371 379 401 413 437 443 452 456 458 469 474 483 486 499 508 598 732 735 790 818 840 842 856 878 
5 53 42 69 21 234 
12 53 56 61 42 83 21 100 120 172 216 299 621 
406 53 54 56 57 58 59 60 42 66 67 68 74 76 77 85 21 93 22 99 101 108 111 116 120 121 122 133 140 141 143 144 150 162 164 174 182 191 192 198 199 202 203 204 209 211 212 221 224 230 236 238 239 242 244 249 254 255 259 260 261 262 268 272 273 275 278 297 298 300 308 312 313 316 317 319 320 321 331 334 335 337 338 340 345 347 351 355 358 359 372 373 382 383 384 396 401 405 411 412 413 415 417 424 427 428 436 442 444 449 452 454 456 458 461 462 465 466 467 469 470 471 474 479 482 483 484 485 488 489 490 491 492 495 498 505 506 509 511 515 516 528 537 539 541 543 548 563 564 565 567 569 572 573 574 578 581 584 588 591 592 597 601 603 604 625 628 629 642 644 650 655 658 659 669 671 680 683 684 687 690 693 699 700 701 703 707 710 711 712 713 717 731 732 738 741 745 746 754 757 758 759 760 761 780 788 793 798 802 803 808 809 813 815 821 827 829 830 833 835 836 839 843 844 845 848 851 852 854 857 859 860 862 865 866 867 869 872 873 874 875 876 879 880 882 886 887 889 891 893 895 900 902 904 905 906 907 908 909 910 911 912 913 914 915 916 917 918 919 920 921 922 924 925 926 928 929 931 932 933 937 939 942 956 958 961 962 965 966 967 970 971 974 975 976 983 985 991 992 1002 1003 1006 1008 1010 1011 1014 1017 1026 1030 1034 1037 1039 1045 1049 1053 1055 1058 1063 1066 1068 1070 1072 1073 1078 1082 1083 1084 1087 1088 1091 1092 1094 1095 1101 1102 1104 1107 1109 1116 1117 1121 1122 1124 1125 1126 1128 1131 1132 1136 1142 1143 1146 1148 1149 1157 1159 1160 1173 1178 1179 1182 1186 1188 1190 1192 1193 1197 1200 1201 1202 1206 1207 1208 1209 1213 1214 1216 1223 1224 1226 1228 1229 1230 1232 1234 1238 1241 1245 1251 1253 1257 1258 1260 1261 1264 1266 1267 1268 1271 1272 1278 1282 1284 1285 1287 1288 1299 
1 21 
5 42 83 21 22 172 
5 42 21 104 179 736 
5 21 22 151 184 274 
8 21 90 22 151 166 183 387 1195 
7 42 80 83 85 21 172 558 
5 56 42 21 104 106 
23 52 56 62 42 71 83 21 104 120 137 159 239 324 325 333 362 380 577 764 765 768 824 852 
69 52 56 62 42 75 77 83 21 88 94 22 100 101 102 106 116 120 121 124 129 130 140 148 151 168 171 172 173 176 190 192 193 196 199 216 234 268 298 352 383 407 442 453 465 485 497 499 517 519 520 527 532 543 556 584 598 602 648 659 667 698 729 759 27 784 800 840 984 1132 
54 56 67 75 77 81 82 85 21 90 94 22 106 115 120 121 130 140 143 151 163 167 168 175 192 193 199 204 212 243 280 354 361 379 380 391 440 456 458 465 502 503 519 541 603 633 684 729 766 781 784 890 935 954 1166 
31 77 82 21 94 22 97 116 120 121 122 124 130 131 140 157 168 176 188 196 199 212 234 258 364 377 472 488 553 570 618 1189 
5 42 77 21 179 761 
58 63 67 75 21 86 91 94 22 95 96 111 112 116 120 121 124 125 129 130 140 142 175 176 179 188 189 196 212 221 234 268 362 378 413 414 436 453 456 458 468 481 489 497 499 500 508 517 519 532 538 590 598 611 659 698 718 842 857 
41 62 67 21 88 94 22 111 116 121 144 160 161 168 188 189 199 216 234 242 324 379 408 465 481 497 499 502 509 532 618 659 726 765 766 769 773 774 784 799 825 930 
3 57 42 21 
13 21 130 168 408 461 541 556 578 648 27 772 847 984 
37 60 42 77 82 21 94 22 111 116 121 129 130 140 163 168 176 188 190 192 199 204 226 243 366 371 392 401 413 456 465 489 497 519 598 694 698 799 
7 56 63 42 73 21 24 1178 
8 52 42 21 129 179 257 380 440 
63 52 58 42 69 71 75 77 85 21 88 94 22 95 104 106 120 121 123 124 129 130 138 140 144 157 168 174 176 179 188 189 190 193 196 223 25 234 243 251 257 268 273 279 335 401 407 423 440 444 453 456 458 461 465 497 499 519 550 654 729 766 1028 1216 
4 42 21 22 104 
24 56 62 42 71 85 21 22 97 104 106 108 116 121 125 166 202 217 243 321 335 499 515 576 1010 
17 56 42 65 67 76 80 83 21 90 108 174 179 201 217 321 390 834 
14 52 56 42 21 111 120 121 140 179 215 261 393 614 810 
47 56 42 67 68 72 77 21 87 88 90 94 22 104 106 111 112 120 121 129 130 140 151 159 161 168 176 179 189 196 208 239 242 273 401 413 428 453 481 569 599 648 694 729 27 930 984 1254 
6 21 22 104 129 607 1137 
11 56 42 67 83 21 104 249 270 314 335 969 
9 52 42 21 22 106 151 321 400 829 
13 42 21 22 111 129 130 151 176 204 371 413 598 1259 
9 58 42 65 83 21 174 179 367 700 
21 52 56 57 59 63 42 69 72 83 21 100 106 130 270 299 331 388 397 423 679 699 
10 56 42 67 85 21 22 120 179 328 438 
21 63 42 67 71 82 83 21 22 116 172 176 179 189 190 192 221 234 268 298 379 658 
3 21 22 151 
12 56 63 42 21 100 104 140 215 25 280 445 1169 
17 57 42 75 21 22 96 100 104 129 140 175 203 214 239 248 402 702 
25 56 83 85 21 22 95 120 129 151 168 178 188 193 234 328 354 378 438 448 453 468 485 496 525 532 
19 56 42 67 21 22 98 108 116 121 166 201 202 317 335 515 525 719 728 873 
4 54 42 21 839 
3 54 21 220 
4 54 21 22 219 
29 54 67 77 82 21 94 22 101 116 120 121 122 140 157 167 168 175 179 192 212 332 379 413 436 465 497 729 761 766 
6 54 21 481 543 606 27 
10 54 56 42 83 21 96 101 199 25 1212 
7 54 56 42 83 21 120 179 
4 54 21 22 130 
11 54 42 21 22 129 151 196 389 492 500 748 
4 63 21 174 761 
5 56 21 106 903 928 
1 21 
3 21 100 179 
2 21 22 
6 56 42 21 22 104 476 
1 21 
48 56 60 42 67 77 85 21 90 94 22 106 116 120 121 122 124 130 132 151 159 163 168 171 177 188 190 192 193 199 212 216 273 413 454 456 463 465 469 475 485 499 517 518 526 561 598 650 1062 
5 56 42 21 22 95 
4 42 21 179 335 
13 56 42 83 21 22 100 120 129 130 140 168 172 314 
6 42 21 137 179 344 526 
25 42 72 74 83 85 21 100 116 120 121 130 140 159 174 179 187 204 215 310 401 438 603 824 894 1026 
4 83 21 99 161 
3 21 22 631 
14 52 42 69 77 21 22 104 179 193 204 334 337 569 761 
26 62 42 71 77 82 83 85 21 106 112 120 121 129 159 171 173 176 189 196 199 201 259 319 371 454 504 
8 83 21 100 104 140 175 176 179 
5 63 73 21 104 735 
7 42 80 21 90 22 151 429 
8 77 21 22 104 157 311 380 1107 
9 42 21 22 102 104 111 215 766 930 
10 42 83 85 21 90 104 140 179 206 672 
2 21 22 
5 42 21 22 104 199 
1 21 
8 73 21 22 100 104 140 151 313 
2 21 179 
4 21 104 111 179 
12 62 42 21 94 22 121 319 324 556 622 659 726 
10 63 73 80 21 22 151 157 198 199 603 
4 21 22 190 326 
6 42 77 21 98 179 243 
6 42 83 21 90 168 179 
8 52 63 42 21 179 203 358 693 
4 42 21 179 815 
6 42 21 22 100 104 151 
1 21 
4 42 21 104 106 
10 42 83 21 22 442 659 732 789 1132 32 
3 21 22 157 
34 42 68 71 74 77 82 21 90 94 22 106 120 151 159 173 175 176 179 188 192 199 212 310 319 389 401 497 556 592 658 726 776 1134 1277 
1 21 
14 52 56 42 21 22 98 151 206 210 277 299 327 397 699 
3 83 21 100 
2 21 179 
22 56 63 42 65 67 72 75 80 82 83 21 89 101 140 179 199 204 234 312 331 503 764 
6 83 21 104 183 276 828 
4 56 21 22 179 
4 80 21 104 274 
5 42 21 22 270 326 
3 83 21 179 
4 56 21 104 199 
15 52 56 63 42 82 21 22 96 106 140 151 176 189 214 598 
10 56 42 80 83 21 90 120 129 417 719 
6 56 42 71 80 83 21 
3 42 83 21 
4 21 22 104 168 
5 56 42 75 83 21 
10 62 77 21 22 120 319 324 326 481 27 
2 21 22 
4 42 21 22 157 
5 42 21 100 104 1217 
5 75 21 22 151 1144 
9 56 63 42 83 21 104 106 120 401 
2 42 21 
3 56 21 104 
2 42 21 
9 56 60 63 42 74 21 22 100 111 
12 56 42 83 21 87 93 22 157 159 401 941 1017 
5 42 21 104 179 1246 
7 42 21 94 116 179 188 212 
12 55 56 42 83 21 100 178 210 270 699 994 1179 
5 42 21 104 179 854 
4 56 80 21 22 
5 42 21 22 151 598 
5 42 21 22 104 598 
3 42 21 22 
3 67 21 761 
5 56 74 21 22 104 
3 21 22 151 
4 75 21 22 179 
3 56 83 21 
8 42 76 21 90 151 159 239 268 
8 42 83 21 161 247 413 673 1278 
7 58 42 21 90 100 179 273 
8 62 42 21 88 179 253 608 1096 
15 56 63 42 75 21 22 100 106 140 151 176 206 237 371 598 
6 56 63 42 21 90 941 
4 21 111 159 179 
5 42 21 104 179 217 
5 75 21 22 157 598 
35 62 42 67 71 83 21 22 99 120 145 157 174 179 243 256 268 286 324 325 371 481 558 618 659 693 726 751 771 773 775 783 787 930 1026 1140 
5 42 21 104 179 401 
7 42 21 106 179 201 202 207 
6 42 21 96 104 334 363 
6 63 42 21 104 174 761 
40 62 77 21 94 22 97 99 120 121 135 137 151 187 193 256 286 319 325 326 333 338 465 481 499 522 543 618 659 695 764 765 766 27 768 771 774 775 781 784 32 
26 52 62 42 77 21 94 22 111 120 168 187 319 324 333 481 532 556 618 724 726 765 27 769 773 784 790 
24 62 77 21 94 22 99 120 258 277 286 324 453 499 502 539 659 781 821 919 961 1000 1030 1132 1133 
3 52 21 270 
15 56 57 42 76 80 83 21 119 120 121 144 211 216 529 719 
5 52 73 21 22 157 
4 56 21 104 335 
9 42 83 21 22 151 179 210 273 423 
10 56 42 67 80 21 90 22 151 221 413 
12 52 62 42 71 21 187 324 325 481 502 618 799 
6 52 42 21 179 242 322 
45 52 57 58 62 42 77 83 85 21 22 101 116 121 129 143 157 173 176 179 199 201 206 217 236 330 377 400 407 413 432 472 473 486 567 576 613 658 719 759 766 804 960 1133 1153 1178 
7 56 58 42 77 21 644 1111 
12 52 56 58 42 21 22 157 179 242 408 458 1117 
11 21 111 120 121 179 324 458 465 481 499 27 
2 42 21 
5 42 21 111 121 179 
6 42 71 21 22 151 159 
4 65 21 22 413 
3 21 22 151 
5 56 21 238 413 955 
11 56 42 21 22 104 157 179 351 733 761 28 
4 42 83 21 104 
2 21 179 
2 21 151 
2 21 22 
4 21 22 151 25 
13 42 77 21 104 121 137 179 345 481 543 766 33 50 
12 56 42 85 21 22 98 108 118 140 151 188 526 
3 21 22 111 
15 56 63 42 67 85 21 90 121 124 129 140 189 216 442 503 
6 42 21 100 104 179 734 
10 56 42 67 76 83 21 22 120 172 529 
6 42 21 22 111 174 598 
7 56 42 21 22 179 25 261 
6 56 42 21 22 151 179 
4 42 21 22 111 
7 56 42 21 22 111 151 189 
12 52 42 67 21 22 120 137 172 187 192 472 496 
7 21 22 151 157 322 442 1023 
7 42 80 82 21 22 120 190 
7 56 63 42 21 90 104 738 
10 21 88 94 22 111 158 175 196 413 499 
10 52 56 63 42 83 85 21 159 209 417 
3 21 174 761 
9 42 71 83 21 89 104 372 423 522 
2 21 22 
30 63 42 67 71 77 80 21 22 100 116 129 138 140 160 163 176 196 208 243 314 319 379 407 413 474 500 598 904 1225 1271 
19 21 89 91 94 111 140 179 369 465 508 629 693 701 719 755 823 837 1108 1223 
5 42 83 21 179 732 
4 42 65 80 21 
3 83 21 1042 
7 42 21 22 96 100 151 442 
14 56 63 42 75 77 21 22 111 157 190 335 717 761 1028 
10 56 42 69 21 92 22 192 216 648 984 
16 56 71 83 21 22 100 140 157 176 189 193 212 221 371 532 598 
10 21 22 100 104 151 187 189 198 247 597 
6 56 21 22 96 159 408 
4 21 93 179 420 
5 21 22 140 179 188 
4 42 83 21 179 
6 21 22 106 129 157 689 
10 52 56 21 22 104 140 149 151 526 994 
8 42 21 22 104 151 157 184 764 
8 56 63 42 21 100 104 210 656 
8 42 21 22 226 268 500 598 748 
10 42 65 81 21 106 111 119 202 679 825 
7 21 22 111 151 157 189 984 
8 42 21 22 140 157 168 196 527 
4 52 21 22 203 
7 56 42 21 22 151 168 401 
5 56 42 21 22 157 
6 56 69 83 21 174 179 
5 42 21 210 270 699 
4 21 22 103 151 
5 72 21 22 151 904 
9 21 22 143 151 207 335 499 829 888 
34 56 63 42 71 21 88 94 22 100 101 106 111 121 130 157 161 168 176 179 196 199 204 239 268 291 296 320 394 413 414 504 587 871 1067 
4 21 22 140 215 
3 21 22 151 
5 21 22 168 481 602 
3 42 21 179 
2 21 22 
20 56 63 42 71 73 80 21 90 94 22 100 120 168 188 199 335 371 549 790 891 
18 56 42 82 83 21 22 96 140 151 171 172 193 195 337 381 792 984 1024 
3 42 83 21 
4 21 22 100 151 
4 42 21 179 699 
4 52 42 21 179 
56 52 56 63 42 67 73 77 82 83 85 21 88 91 94 22 106 112 116 120 121 129 130 140 163 168 174 176 179 192 196 204 208 221 234 311 332 335 342 344 366 371 401 453 465 492 495 497 552 570 698 790 842 853 904 1062 1160 
11 56 42 21 22 151 157 168 192 401 453 598 
6 63 21 101 140 179 24 
3 42 21 22 
14 56 63 42 21 120 140 174 179 281 367 469 592 650 1178 
7 42 83 21 120 419 483 731 
2 21 418 
8 56 42 67 73 21 22 161 382 
6 42 83 21 100 24 612 
4 56 42 21 22 
21 52 56 63 42 71 75 81 83 21 87 90 22 100 120 157 199 210 331 369 554 857 
6 42 21 93 22 103 179 
4 21 22 104 151 
1 21 
3 42 21 179 
6 21 104 179 204 569 1141 
4 42 21 96 246 
4 21 22 151 821 
3 42 21 104 
3 21 93 335 
2 21 22 
8 56 42 82 83 21 93 120 50 
2 71 21 
13 56 42 67 83 21 22 140 151 174 179 192 221 761 
4 21 22 151 176 
11 52 56 21 100 116 121 161 168 211 216 239 
2 21 22 
23 63 42 83 21 22 100 111 116 122 189 198 199 472 489 504 578 780 1028 1178 1208 1264 1268 1282 
3 42 83 21 
19 52 56 42 21 96 120 173 174 179 188 266 354 363 376 508 519 753 1023 1122 
5 21 22 140 151 176 
5 75 21 111 179 199 
6 56 63 21 151 214 1169 
3 21 104 111 
5 63 21 100 553 834 
6 56 21 22 151 216 475 
4 42 21 111 179 
1 21 
3 56 21 108 
6 42 21 22 140 176 179 
21 56 42 67 77 21 94 22 104 111 157 168 188 192 199 204 216 326 413 414 497 598 
8 67 72 21 22 101 179 234 243 
2 21 22 
17 42 67 80 21 90 22 111 120 176 179 189 192 196 199 234 465 603 
5 56 42 67 21 104 
19 42 77 85 21 22 100 111 120 140 161 176 179 189 192 199 337 338 465 761 
1 21 
6 42 21 22 149 150 658 
6 42 21 22 179 195 199 
6 21 22 111 140 179 465 
8 56 63 80 21 22 108 151 234 
6 42 21 87 120 140 44 
48 62 67 77 21 89 94 22 104 111 116 120 121 129 130 140 168 171 175 179 188 189 193 196 199 221 234 324 338 372 413 456 458 462 469 489 497 499 504 508 556 598 726 729 766 27 784 924 1264 
4 21 104 179 834 
2 21 179 
8 56 42 67 21 22 104 192 216 
15 56 42 21 94 22 100 159 168 176 179 234 417 465 1037 1066 
3 42 21 179 
4 83 21 179 658 
19 42 83 21 94 22 104 121 147 150 151 159 175 190 335 362 440 565 688 729 
4 21 22 104 335 
7 42 21 140 171 176 179 371 
12 61 42 83 21 22 130 151 157 165 175 234 448 
6 56 21 104 232 520 761 
9 42 65 21 104 833 891 913 1098 1299 
1 21 
4 21 22 111 179 
2 67 21 
56 62 42 71 77 83 85 21 94 22 99 103 120 121 130 137 140 154 168 192 193 204 222 286 319 324 325 333 338 351 404 497 499 502 508 543 556 602 618 659 726 729 764 766 27 769 771 773 774 776 777 778 784 786 787 799 1121 
7 56 42 83 21 174 179 44 
12 56 63 42 65 83 21 22 157 174 176 179 418 
3 21 111 179 
11 56 42 21 90 93 22 111 179 188 216 234 
5 21 22 176 335 598 
2 56 21 
8 56 42 77 80 21 179 190 761 
17 56 63 42 67 83 85 21 22 100 111 122 179 192 196 440 465 806 
6 42 21 22 100 120 179 
2 21 179 
11 42 82 83 21 22 104 157 179 226 413 1134 
2 21 22 
2 83 21 
9 56 63 42 83 21 22 179 413 761 
3 21 216 362 
26 42 67 77 83 21 94 22 101 116 154 157 188 192 193 196 199 221 268 413 453 465 481 508 598 618 619 
7 56 63 42 67 21 22 179 
38 62 77 21 94 22 116 121 129 130 168 175 176 188 192 193 199 201 234 324 326 338 366 400 465 481 532 556 618 659 726 729 766 27 771 784 799 984 1028 
12 75 21 22 95 130 140 175 192 226 371 389 817 
3 56 71 21 
18 56 42 67 77 83 21 88 189 193 326 333 481 556 618 775 777 778 781 
17 56 63 42 67 21 87 88 92 22 120 121 129 189 273 354 741 824 
12 21 22 100 106 111 151 172 243 401 440 465 664 
3 63 21 179 
4 21 104 111 179 
4 56 21 120 140 
22 77 83 21 94 22 104 111 120 121 168 176 192 372 442 465 481 497 534 667 729 827 894 
7 77 21 22 104 179 193 532 
2 83 21 
6 56 42 21 22 104 179 
1 21 
2 21 22 
2 21 22 
7 63 42 72 21 179 201 217 
8 52 56 83 21 87 108 179 761 
6 21 22 120 188 192 234 
3 63 21 234 
16 21 22 100 106 120 121 140 163 188 189 192 196 199 442 598 698 
5 21 22 104 188 476 
5 21 22 129 151 689 
11 52 62 21 22 140 324 369 724 726 27 770 
5 56 21 22 100 104 
4 56 42 21 120 
5 56 42 21 216 217 
14 56 63 42 83 21 91 130 162 234 238 352 386 598 1017 
13 56 42 83 21 22 111 129 157 174 188 392 598 723 
4 56 21 22 179 
5 56 76 21 328 356 
2 56 21 
4 56 63 21 104 
23 56 62 77 21 22 116 121 160 161 188 192 193 216 325 379 499 509 618 659 766 784 799 930 
6 56 57 42 83 21 96 
7 56 42 21 22 95 157 508 
5 56 83 21 22 658 
3 56 42 21 
4 56 42 21 179 
11 56 42 67 21 88 22 125 151 192 598 672 
11 56 42 82 83 21 22 174 179 326 556 1068 
3 56 42 21 
6 56 21 22 179 189 195 
7 56 42 21 22 151 168 551 
23 56 62 63 42 77 80 21 22 179 188 222 324 351 481 556 606 618 726 27 769 787 789 836 
3 56 21 22 
3 56 21 111 
5 56 42 72 83 21 
4 56 21 104 852 
5 56 42 21 100 179 
6 56 42 21 87 98 407 
8 56 42 21 94 22 151 157 199 
4 56 21 542 951 
7 56 63 42 21 22 151 413 
8 56 21 22 129 151 157 190 447 
9 56 42 21 22 100 104 140 151 423 
4 56 21 22 663 
36 56 62 71 77 21 94 22 96 99 100 121 151 188 195 256 268 325 465 481 499 502 539 543 602 606 618 659 726 729 763 27 773 774 776 784 800 
2 56 21 
6 56 21 185 319 726 781 
3 56 80 21 
3 56 42 21 
5 56 21 22 234 590 
4 56 42 21 159 
7 52 56 63 42 21 100 179 
4 56 21 106 179 
7 56 21 22 100 121 179 472 
3 56 21 100 
5 56 42 21 179 335 
2 56 21 
15 56 42 21 22 104 116 120 121 140 179 204 242 428 729 1087 
12 56 21 22 101 138 151 190 413 652 659 731 1251 
4 56 21 100 106 
4 56 42 21 179 
8 56 42 71 83 21 97 120 179 
4 56 83 21 179 
4 56 71 21 22 
6 56 42 21 171 201 335 
10 56 62 68 21 22 104 187 618 765 1117 
10 56 42 77 21 159 179 195 440 1020 1117 
7 56 73 83 21 22 111 658 
2 56 21 
6 56 42 83 21 179 603 
4 56 21 104 881 
6 56 42 21 22 101 598 
11 56 42 80 83 21 22 96 157 179 188 598 
7 56 42 84 85 21 22 142 
2 56 21 
6 56 42 83 21 106 401 
7 56 63 42 21 22 104 179 
5 56 42 83 21 129 
9 56 42 83 21 22 104 151 192 561 
6 56 42 69 21 100 179 
13 56 63 42 72 80 21 22 106 120 157 179 268 417 
7 56 21 22 100 140 151 611 
9 56 42 72 21 22 151 598 672 725 
2 56 21 
6 56 21 22 100 111 668 
9 56 42 83 21 100 104 174 179 380 
64 56 42 77 85 21 94 22 96 104 106 120 121 125 140 151 161 163 168 176 188 192 196 208 25 234 280 302 303 314 318 357 371 379 389 414 453 465 486 497 519 526 527 538 583 584 594 619 620 633 692 694 695 698 732 733 740 818 826 831 1012 1028 1165 1194 1228 
10 56 63 42 21 22 104 121 129 204 984 
3 56 21 22 
5 56 42 21 111 179 
10 56 62 21 22 188 404 481 556 27 787 
16 56 63 42 80 83 21 22 100 120 157 179 189 239 257 456 581 
5 56 42 21 111 179 
6 56 21 22 104 174 761 
13 56 42 21 22 222 543 556 659 726 769 773 787 1158 
4 56 42 21 205 
4 56 21 104 313 
4 56 83 21 172 
3 56 42 21 
11 56 42 21 22 100 130 151 168 192 593 984 
7 56 42 83 21 100 121 421 
5 56 42 21 120 335 
7 56 63 42 83 21 100 203 
3 56 21 22 
3 56 21 627 
9 52 56 42 67 21 22 157 174 761 
44 56 62 42 77 21 88 22 99 111 120 130 137 190 193 319 324 325 333 481 497 499 502 532 543 556 577 659 726 766 27 771 773 775 777 778 781 783 784 786 790 827 1025 1121 1256 
7 56 21 22 104 173 497 598 
5 56 21 22 151 598 
6 56 42 83 21 106 178 
11 52 56 63 42 67 82 21 100 129 256 728 
4 56 21 680 932 
2 56 21 
5 56 63 83 21 179 
2 56 21 
9 52 56 42 21 104 616 852 1062 1137 
6 56 77 21 104 179 761 
6 56 42 21 179 372 693 
3 56 42 21 
5 56 21 22 100 241 
5 56 83 21 22 825 
5 56 21 22 189 598 
2 56 21 
3 56 21 104 
5 56 42 21 22 151 
3 56 42 21 
3 56 21 22 
3 56 80 21 
3 56 42 21 
4 56 21 174 761 
4 56 63 21 179 
2 56 21 
5 56 42 21 179 336 
5 56 21 22 104 773 
4 56 21 1036 1068 
4 56 21 22 111 
16 56 63 42 21 22 106 107 130 151 161 168 188 195 204 378 667 
5 56 42 73 21 100 
12 56 42 77 85 21 140 142 174 179 234 417 761 
2 56 21 
4 56 21 22 570 
2 56 21 
6 56 42 69 21 104 199 
4 56 21 100 179 
6 52 56 42 21 121 388 
4 56 21 104 111 
28 56 63 42 67 68 71 73 74 76 83 21 22 98 111 150 157 159 179 212 268 335 460 471 535 579 803 1159 1282 
41 56 62 42 67 71 77 21 22 97 99 120 121 137 152 179 188 192 193 256 266 319 324 326 481 499 532 556 570 606 618 724 766 27 771 774 781 784 789 808 929 1132 
4 56 42 83 21 
5 56 42 21 22 104 
5 56 83 21 22 174 
3 56 21 555 
4 56 42 21 504 
2 56 21 
4 56 42 21 22 
10 56 63 42 21 22 116 188 508 648 694 
6 56 21 22 100 596 1292 
3 56 21 179 
2 56 21 
4 56 77 21 179 
9 56 63 42 21 121 129 249 538 594 
8 56 42 74 83 21 22 159 311 
2 56 21 
3 56 83 21 
4 56 83 21 22 
4 56 42 21 22 
4 56 63 42 21 
7 56 42 21 104 210 390 725 
4 56 21 179 623 
2 56 21 
2 56 21 
5 56 42 83 21 179 
7 56 42 21 22 100 179 189 
4 56 42 74 21 
3 56 42 21 
5 56 63 42 21 179 
4 56 42 21 472 
4 56 21 385 521 
4 56 21 106 179 
3 56 21 147 
7 56 42 21 22 100 157 598 
9 56 21 22 179 261 319 372 629 771 
11 56 21 22 96 106 151 196 204 598 667 729 
7 56 21 22 104 151 324 598 
4 56 42 83 21 
3 56 21 22 
18 56 21 86 94 22 116 121 129 130 140 151 188 192 196 413 519 598 1228 
13 59 69 83 21 119 146 174 179 210 270 299 397 411 
6 42 83 21 174 179 209 
4 42 21 179 372 
9 42 21 89 22 101 104 151 157 215 
3 42 21 179 
4 63 21 129 761 
1 21 
1 21 
7 42 80 83 21 90 161 179 
2 42 21 
1 21 
2 21 179 
4 42 21 111 179 
3 21 100 179 
2 21 179 
1 21 
2 21 22 
1 21 
4 21 98 179 377 
3 21 22 192 
15 42 67 76 77 83 85 21 22 151 217 281 328 335 372 883 
3 21 22 157 
3 21 22 151 
2 63 21 
4 52 42 21 527 
13 52 62 42 71 21 121 325 522 659 769 775 781 1079 
10 52 71 77 21 22 159 26 594 679 1062 
49 52 62 42 71 77 21 22 111 121 129 130 137 151 152 167 168 193 256 268 319 325 465 481 499 522 543 556 558 606 618 729 762 763 766 27 767 769 771 773 776 780 783 784 786 787 878 930 950 1133 
3 52 21 22 
6 52 42 21 92 217 622 
32 52 62 42 21 90 94 22 99 106 111 120 121 140 151 168 188 189 199 204 221 465 472 481 499 508 556 569 694 726 27 781 784 
3 52 68 21 
12 52 42 21 22 101 104 120 121 179 418 570 995 
20 52 42 77 82 83 21 87 101 121 129 138 140 141 168 176 179 266 373 598 1282 
7 52 21 22 174 25 345 598 
6 52 65 83 21 88 355 
7 52 42 21 22 168 176 245 
3 42 21 182 
3 63 21 22 
8 63 42 21 22 104 149 179 365 
4 63 42 21 22 
9 63 42 69 21 22 104 129 151 598 
7 63 42 74 21 115 179 503 
3 63 21 172 
5 63 42 21 22 157 
4 63 42 21 873 
14 63 42 65 71 80 83 21 88 94 101 121 129 174 179 
6 63 42 77 21 22 179 
2 63 21 
8 63 21 22 111 174 226 389 904 
9 63 42 80 83 21 22 149 150 766 
3 63 42 21 
9 63 42 80 83 21 88 106 154 319 
3 63 21 138 
4 63 21 111 442 
7 63 42 80 83 21 96 179 
8 63 42 21 22 104 111 122 372 
5 63 42 80 21 22 
6 63 42 65 83 21 179 
10 63 42 80 83 21 87 100 129 174 179 
8 63 42 71 83 21 179 188 335 
6 21 22 100 140 158 179 
44 59 62 77 21 111 139 171 174 179 191 221 227 242 305 323 345 368 377 436 458 476 488 495 516 605 617 628 641 650 704 800 837 902 939 962 976 1131 1146 1160 1173 1224 1241 1253 1287 
6 62 42 21 22 151 726 
10 62 21 22 97 120 151 556 726 773 873 
13 62 42 65 71 82 21 119 187 273 324 387 481 765 
12 62 21 22 111 187 193 324 325 577 764 771 781 
32 62 42 77 21 94 22 120 121 129 151 168 189 193 199 221 248 324 335 351 465 481 499 532 618 659 726 749 27 771 787 930 1068 
7 62 21 22 111 726 771 989 
9 62 42 71 21 187 324 773 827 878 
15 62 21 94 22 121 129 193 325 481 543 606 724 726 27 771 
4 62 21 522 1140 
23 62 71 77 21 94 22 97 319 324 481 499 618 659 693 726 765 766 767 769 773 776 783 33 
9 62 21 22 111 151 157 195 27 818 
26 62 71 21 94 22 120 137 151 193 319 325 481 556 606 618 645 726 763 768 771 774 776 786 821 878 1132 
11 62 21 22 120 193 324 481 556 659 773 786 
17 62 71 77 21 22 97 137 319 324 502 618 724 27 781 782 808 32 
10 62 21 97 268 481 556 726 771 773 786 
5 62 21 481 502 618 
6 62 21 103 481 502 618 
5 62 42 21 97 827 
7 62 42 21 104 179 440 726 
17 62 42 71 83 21 189 324 326 502 558 618 659 724 729 765 27 775 
7 56 62 42 21 22 167 775 
10 62 42 21 22 319 618 726 771 789 827 
25 62 42 21 94 22 120 121 151 188 189 193 324 325 465 481 499 532 556 618 659 726 729 27 787 930 
4 62 21 104 27 
12 62 71 21 22 481 618 726 773 774 776 821 1132 
14 62 42 21 22 137 319 481 543 602 606 726 766 27 784 
4 62 21 22 179 
9 62 83 21 99 266 543 659 783 1059 
15 56 62 42 21 22 157 159 176 325 407 413 618 881 994 1255 
2 21 22 
6 42 21 22 151 408 834 
2 21 179 
5 42 21 22 106 121 
3 63 21 1252 
3 21 22 151 
3 42 21 90 
8 42 83 21 87 101 174 179 894 
13 77 21 22 111 151 175 193 196 333 481 499 532 842 
8 77 21 22 137 157 188 556 761 
2 21 150 
5 42 83 21 104 179 
6 42 72 21 88 179 658 
3 42 21 335 
5 42 21 22 104 151 
3 21 22 489 
6 56 42 83 21 100 44 
7 42 67 21 179 659 775 819 
6 56 21 22 116 174 179 
5 42 21 22 203 26 
4 42 21 22 151 
4 67 21 88 140 
4 42 21 93 179 
2 21 22 
8 42 83 21 90 97 104 179 262 
4 42 74 21 100 
6 42 21 22 104 151 500 
6 42 21 22 176 598 772 
2 21 808 
1 21 
10 42 68 21 104 179 326 430 773 786 1110 
3 42 21 22 
3 21 22 372 
9 42 21 22 120 121 151 187 239 503 
8 77 21 22 111 157 193 390 632 
10 42 82 83 21 90 22 111 129 174 598 
14 42 68 83 21 99 135 145 179 508 618 27 768 779 783 
3 42 21 274 
6 42 21 174 179 207 400 
6 42 65 83 21 174 179 
5 42 21 22 151 598 
2 42 21 
7 42 83 21 104 174 179 477 
13 42 74 21 22 116 129 151 153 161 202 447 466 792 
4 42 83 21 179 
4 42 21 179 543 
6 79 83 21 174 372 761 
4 42 21 121 159 
6 42 83 21 174 179 218 
6 21 22 111 161 176 188 
5 21 22 104 129 151 
8 21 22 95 104 176 192 413 799 
5 42 83 21 174 179 
5 42 83 21 174 179 
4 42 83 21 179 
5 42 21 22 106 854 
7 42 21 22 106 151 169 195 
4 83 21 174 179 
3 42 21 111 
2 21 22 
6 42 83 21 22 174 179 
10 42 21 106 146 147 179 187 547 627 874 
3 42 21 413 
7 42 83 21 174 179 300 846 
3 21 22 111 
6 42 21 22 104 106 176 
9 42 67 21 88 22 121 179 192 423 
3 42 21 22 
5 42 83 21 145 179 
5 42 83 21 174 179 
4 42 83 21 22 
5 42 83 21 174 179 
4 42 21 121 27 
6 42 21 22 106 151 157 
4 42 83 21 179 
5 42 83 21 174 179 
5 42 83 21 145 179 
6 42 67 21 22 151 157 
5 42 83 21 174 179 
2 21 22 
3 42 21 401 
3 42 21 179 
8 67 21 111 179 217 744 763 1022 
5 83 21 174 179 852 
7 42 83 21 145 179 1156 1294 
5 42 83 21 174 179 
4 42 21 22 151 
6 21 22 176 726 768 773 
6 42 83 21 145 174 179 
5 42 65 83 21 179 
8 21 22 120 151 168 582 790 994 
5 42 65 83 21 179 
5 42 21 22 151 719 
4 42 21 22 104 
2 82 21 
4 42 83 21 179 
5 42 83 21 174 179 
6 42 21 22 104 151 400 
6 42 83 21 104 174 179 
8 42 82 21 22 100 140 151 189 
8 42 83 21 145 174 179 407 477 
4 21 22 172 940 
3 83 21 179 
7 42 21 22 106 239 508 798 
5 42 83 21 174 179 
4 21 22 129 151 
4 42 21 22 151 
2 21 1154 
4 42 21 22 111 
6 42 83 21 104 174 179 
3 21 22 104 
4 42 21 179 761 
4 21 22 157 228 
13 42 83 21 22 121 145 174 179 371 399 413 748 1068 
5 83 21 129 174 179 
4 73 83 21 179 
3 21 174 179 
2 21 179 
5 42 83 21 174 179 
4 42 83 21 179 
3 83 21 179 
6 42 83 21 104 174 179 
6 42 83 21 174 179 477 
7 42 83 21 22 145 174 179 
5 42 83 21 174 179 
4 42 83 21 179 
3 21 174 179 
2 21 179 
6 42 83 21 174 179 326 
2 21 179 
4 83 21 174 179 
4 83 21 174 179 
3 42 83 21 
5 42 21 111 179 465 
4 42 21 104 179 
3 42 21 179 
5 42 83 21 96 145 
4 42 21 179 228 
5 42 21 22 179 659 
13 42 21 94 22 193 204 248 319 532 726 766 784 1026 
3 42 21 179 
4 42 21 179 623 
3 42 21 179 
3 42 83 21 
5 42 83 21 104 189 
2 42 21 
5 42 21 100 111 179 
4 42 80 21 22 
5 42 77 21 179 761 
5 42 21 22 157 892 
6 42 21 93 104 296 315 
6 42 73 21 104 179 1292 
2 42 21 
2 42 21 
2 42 21 
2 42 21 
2 42 21 
3 42 21 104 
2 42 21 
4 42 21 22 726 
4 42 21 104 551 
3 42 21 104 
2 42 21 
5 42 84 21 22 189 
6 42 21 22 151 157 344 
3 42 21 179 
5 42 21 22 104 157 
3 42 21 179 
5 42 65 83 21 96 
4 42 21 104 335 
6 42 83 21 174 179 326 
4 42 21 179 761 
2 42 21 
3 42 83 21 
3 42 21 179 
5 42 21 104 174 179 
4 42 21 104 179 
3 42 83 21 
4 42 83 21 206 
6 42 21 22 130 174 179 
4 42 21 22 179 
2 42 21 
2 42 21 
3 42 21 179 
5 42 83 21 174 179 
6 42 77 21 104 179 761 
2 42 21 
2 42 21 
8 42 82 21 88 106 121 140 175 
2 42 21 
4 42 21 22 104 
3 42 21 111 
5 42 21 104 129 179 
15 42 21 22 121 129 140 188 195 204 378 391 408 499 599 611 
3 42 21 179 
7 42 83 21 90 96 100 159 
2 42 21 
2 42 21 
3 42 21 767 
3 42 83 21 
4 42 21 104 179 
4 42 21 104 179 
2 42 21 
15 42 77 83 21 22 96 100 149 150 159 299 386 790 881 1199 
3 42 21 731 
2 42 21 
2 42 21 
5 42 21 22 104 111 
4 42 83 21 104 
3 42 21 326 
2 42 21 
3 42 21 179 
4 42 21 174 179 
4 42 65 83 21 
2 42 21 
3 42 21 179 
2 42 21 
4 42 21 174 179 
2 42 21 
5 63 42 21 179 201 
3 42 21 179 
7 42 67 21 22 140 151 598 
3 42 21 50 
5 42 80 21 104 179 
2 42 21 
2 42 21 
11 42 83 21 100 111 120 138 149 179 296 526 
4 42 83 21 1024 
2 42 21 
3 42 21 578 
2 42 21 
6 42 80 83 21 100 873 
8 42 83 21 22 151 157 363 442 
4 42 21 408 1018 
4 42 21 22 618 
12 52 42 21 22 100 157 179 239 319 930 1068 1140 
3 42 21 104 
12 42 21 94 22 116 130 151 199 377 440 499 598 
3 42 71 21 
5 42 21 104 179 326 
3 42 21 104 
5 42 21 22 104 151 
2 42 21 
5 42 83 21 104 179 
2 42 21 
4 42 83 21 646 
5 42 21 174 179 469 
3 42 21 1066 
3 42 21 179 
3 42 83 21 
2 42 21 
4 42 21 100 375 
2 42 21 
2 42 21 
3 42 21 179 
2 42 21 
3 42 21 104 
4 42 21 22 106 
3 42 21 179 
2 42 21 
3 42 83 21 
8 42 21 22 104 129 151 157 161 
3 42 21 179 
3 42 21 104 
3 42 21 179 
2 42 21 
2 42 21 
3 42 21 179 
5 42 72 83 21 789 
2 42 21 
2 42 21 
9 63 42 82 21 22 234 413 627 725 
4 42 21 174 179 
3 42 83 21 
2 42 21 
5 42 21 179 469 1038 
5 42 82 21 22 401 
11 42 77 21 100 125 179 539 646 766 904 1026 
2 42 21 
4 42 21 104 179 
3 42 83 21 
3 42 21 179 
4 42 83 21 179 
2 42 21 
3 42 21 22 
2 42 21 
2 42 21 
4 42 21 22 179 
3 42 21 724 
2 42 21 
4 42 83 21 96 
3 42 21 179 
3 42 21 179 
6 56 42 21 104 174 179 
4 42 80 83 21 
8 42 83 21 22 96 104 157 35 
4 42 21 179 569 
6 42 21 100 104 174 179 
2 42 21 
3 42 21 104 
3 42 21 179 
4 42 21 104 179 
7 42 83 21 22 96 102 157 
5 42 21 174 179 25 
5 42 21 22 121 179 
3 42 21 313 
4 42 80 21 22 
5 42 73 21 132 477 
2 42 21 
2 42 21 
3 42 21 179 
5 42 83 21 104 179 
4 42 21 22 151 
3 42 21 179 
2 42 21 
2 42 21 
4 42 21 179 247 
6 42 83 21 147 159 372 
6 42 80 83 21 104 179 
3 42 21 821 
3 42 21 336 
2 42 21 
2 42 21 
3 42 21 104 
3 42 83 21 
7 42 21 104 129 174 179 1184 
8 62 42 21 22 179 337 577 578 
2 42 21 
3 42 21 22 
2 42 21 
7 42 21 104 137 179 481 618 
6 42 80 83 21 179 442 
4 42 71 83 21 
4 42 21 104 179 
5 42 80 83 21 179 
5 42 83 21 104 179 
3 42 83 21 
4 42 83 21 179 
3 42 83 21 
2 42 21 
6 42 21 22 104 179 761 
11 42 21 99 179 188 23 266 326 659 773 786 
5 42 21 326 335 726 
8 62 42 21 22 151 157 268 492 
3 42 83 21 
4 42 21 174 179 
6 42 21 100 104 205 627 
3 42 83 21 
2 42 21 
5 42 21 319 770 1026 
5 42 83 21 104 428 
5 42 21 104 106 179 
3 42 21 179 
3 42 21 290 
2 42 21 
4 42 21 179 761 
3 42 21 88 
4 42 21 174 179 
3 42 21 179 
3 42 83 21 
4 56 42 83 21 
2 42 21 
5 42 80 21 90 335 
4 42 83 21 898 
2 42 21 
5 42 83 21 875 1294 
3 42 21 179 
3 42 21 606 
4 42 21 179 658 
10 42 71 21 22 101 129 174 179 413 761 
2 42 21 
3 42 83 21 
3 42 83 21 
2 42 21 
6 42 21 22 151 23 598 
4 42 21 161 189 
3 42 21 104 
2 42 21 
5 42 83 21 214 445 
2 42 21 
2 42 21 
3 42 21 104 
5 42 77 21 179 761 
2 42 21 
2 42 21 
2 42 21 
3 42 83 21 
9 42 73 21 179 197 335 417 440 1259 
6 42 83 21 174 179 299 
4 42 80 83 21 
2 42 21 
4 42 21 174 179 
2 42 21 
4 42 83 21 1116 
2 42 21 
3 42 21 179 
2 42 21 
3 42 21 179 
3 42 21 190 
3 42 21 179 
2 42 21 
3 42 21 179 
3 42 21 179 
6 42 67 83 21 104 598 
6 42 80 21 104 130 184 
2 42 21 
4 42 83 21 179 
3 42 83 21 
6 42 83 21 149 161 994 
5 42 83 21 104 179 
3 42 21 179 
4 42 77 21 179 
6 42 21 22 100 104 111 
4 42 21 22 171 
3 42 21 104 
3 42 21 179 
3 42 21 179 
5 42 21 104 179 440 
6 56 42 83 21 96 179 
2 42 21 
3 42 21 121 
3 42 21 223 
5 42 21 100 174 179 
3 42 21 179 
2 42 21 
5 42 21 104 179 199 
4 42 21 104 289 
2 42 21 
2 42 21 
4 42 21 154 26 
2 42 21 
2 42 21 
6 42 21 104 149 179 372 
6 42 21 111 174 179 761 
3 42 21 371 
4 42 21 104 179 
3 42 21 22 
8 42 21 22 100 157 179 598 698 
4 42 83 21 179 
6 42 83 21 104 116 179 
3 42 21 104 
4 42 21 104 179 
4 42 82 21 22 
5 42 83 21 174 179 
2 42 21 
4 42 21 22 157 
2 42 21 
3 42 21 179 
2 42 21 
4 42 83 21 104 
5 42 21 104 179 761 
2 42 21 
3 42 21 100 
3 42 21 22 
3 42 21 179 
4 42 83 21 297 
2 42 21 
3 42 83 21 
3 42 21 104 
2 42 21 
4 42 21 179 570 
4 42 83 21 795 
5 42 21 174 179 761 
9 42 81 21 116 120 130 140 168 204 
4 42 21 121 790 
4 42 65 21 618 
4 42 21 135 179 
3 42 21 179 
6 42 21 22 151 208 1178 
3 42 21 179 
7 42 83 21 99 111 120 179 
2 42 21 
2 42 21 
9 42 21 22 111 157 174 179 440 465 
3 42 21 22 
4 42 83 21 179 
3 42 21 179 
5 42 21 90 179 440 
3 42 83 21 
4 42 83 21 101 
4 42 21 179 371 
3 42 21 179 
2 42 21 
4 42 83 21 22 
4 42 21 22 151 
3 42 21 22 
4 42 83 21 268 
8 42 82 21 22 111 161 179 311 
2 42 21 
3 42 83 21 
2 42 21 
7 42 21 100 179 440 658 732 
2 42 21 
3 42 21 179 
4 42 83 21 179 
2 42 21 
5 42 21 174 179 761 
4 42 21 22 179 
2 42 21 
3 42 21 159 
2 42 21 
7 42 83 21 22 104 668 942 
2 42 21 
4 42 21 875 1156 
2 42 21 
3 56 42 21 
2 42 21 
2 42 21 
4 42 21 179 477 
3 42 21 104 
