2 2 3 
11 4 5 1 6 7 8 9 10 11 12 13 
4 1 14 15 16 
26 17 18 19 20 21 22 23 24 25 26 27 28 5 29 30 31 32 33 17 34 35 2 24 26 5 34 
24 17 4 24 26 4 18 20 21 36 23 37 24 38 26 28 39 29 32 17 34 35 40 2 34 
12 2 37 41 20 42 43 44 45 46 35 40 47 
1 2 
3 2 41 48 
24 49 50 21 22 2 51 52 53 54 55 56 57 58 59 60 61 62 63 64 65 66 67 68 69 
2 2 58 
5 2 37 42 70 45 
4 37 71 2 72 
7 36 73 74 75 58 76 2 
84 77 78 79 80 81 82 83 84 85 86 87 88 89 90 91 92 93 94 95 96 70 97 98 77 99 100 45 101 102 103 104 79 78 105 106 107 108 109 110 111 112 113 114 115 116 117 118 119 120 30 35 121 16 122 123 124 125 126 127 98 113 128 129 130 131 132 133 134 135 136 137 138 139 140 141 142 143 144 145 146 147 148 149 3 
11 16 150 151 118 16 152 153 154 155 3 156 
41 86 157 158 80 159 90 160 110 161 14 15 162 99 150 15 124 112 163 153 164 130 165 166 131 154 167 168 169 137 170 171 140 172 173 174 175 155 146 148 3 156 
46 176 18 177 178 23 179 28 180 29 32 4 51 18 20 23 24 26 28 5 39 29 32 34 35 181 4 24 26 5 34 182 183 184 185 186 187 188 189 190 191 192 193 194 195 196 197 
60 176 198 19 84 199 20 200 36 201 23 202 25 203 204 28 205 109 39 206 207 208 209 29 30 31 32 210 17 211 35 177 178 23 179 28 180 29 32 17 181 4 24 26 5 34 182 183 184 185 186 187 188 189 190 191 192 193 194 196 197 
24 212 213 214 215 216 18 28 4 42 217 25 45 218 26 27 219 46 220 221 222 223 224 225 226 
210 227 228 229 42 230 43 223 44 231 45 232 233 234 46 208 212 195 35 235 43 233 236 237 75 212 238 239 40 240 50 213 241 231 242 243 244 245 246 247 248 249 250 208 251 235 215 252 253 176 18 177 178 23 179 28 180 29 32 17 181 4 24 25 26 5 31 34 219 44 46 254 255 256 257 258 259 260 261 262 182 206 90 263 264 265 266 267 268 269 270 204 205 183 184 185 186 187 271 272 41 6 273 99 188 189 190 191 192 193 194 230 274 275 103 276 277 278 279 280 281 282 283 284 285 286 287 288 289 290 291 292 228 293 294 295 296 55 297 56 298 299 300 301 302 303 304 305 229 306 307 222 308 309 310 311 312 313 314 223 195 315 316 317 318 319 320 321 322 323 324 325 47 326 327 328 329 330 331 332 333 196 334 335 336 337 338 64 339 197 340 341 342 343 48 344 345 346 347 171 348 349 350 68 351 352 353 354 355 356 357 
20 4 42 37 70 38 45 9 358 58 35 359 27 5 220 39 221 360 222 361 226 
32 109 362 28 4 52 9 62 303 363 90 52 364 204 365 366 99 367 107 275 303 163 368 339 369 370 171 371 372 373 351 374 375 
48 176 18 177 178 18 188 20 196 197 189 190 191 28 192 193 194 29 32 17 35 179 28 180 29 32 17 181 4 24 26 5 34 46 182 183 184 185 186 187 188 189 190 191 192 193 194 196 197 
17 17 4 4 18 20 23 26 28 5 29 32 17 34 35 26 5 34 
36 238 376 18 180 32 4 19 20 42 377 324 43 339 44 45 348 234 46 31 35 219 46 254 378 206 186 283 322 334 379 337 339 369 370 380 375 
18 17 4 24 4 18 19 20 23 24 28 5 29 32 17 34 35 5 34 
15 4 19 21 42 70 45 31 33 46 90 99 381 225 382 171 
48 176 18 177 178 23 179 176 18 19 20 177 22 178 23 179 180 206 29 32 17 35 181 180 29 32 17 181 4 24 26 5 34 182 183 184 185 186 187 188 189 190 191 192 193 194 195 196 197 
44 176 18 177 178 23 179 28 180 18 183 20 184 23 28 185 186 32 17 35 187 32 17 181 4 24 26 5 34 46 182 183 184 185 186 187 188 189 190 191 192 193 194 196 197 
622 383 384 385 386 387 388 376 389 390 391 392 393 394 395 396 45 397 398 399 400 401 402 403 404 405 406 407 408 409 410 411 412 413 414 415 416 417 418 419 420 421 109 422 423 424 425 426 427 395 428 429 430 400 431 432 433 434 435 436 437 438 439 440 441 442 443 444 445 446 391 393 394 396 411 447 448 449 450 451 452 453 454 455 456 457 458 459 460 461 462 463 464 465 390 392 466 406 467 468 469 470 471 472 473 474 475 476 477 478 479 480 481 482 483 484 485 486 487 488 489 490 491 492 493 494 495 496 497 106 498 499 500 501 502 503 504 505 506 507 508 509 510 511 512 513 514 515 516 517 518 387 389 519 520 397 402 405 216 521 412 522 388 376 398 399 401 403 404 407 408 409 410 523 524 525 526 527 528 18 4 529 530 158 531 532 533 534 535 536 537 538 539 540 541 542 543 544 90 110 14 545 546 547 548 549 550 551 552 553 554 555 556 557 558 559 560 561 562 563 564 565 566 567 568 569 570 571 572 366 573 574 575 576 577 578 579 580 581 582 99 583 584 585 586 587 588 589 590 591 592 593 594 595 596 597 598 599 600 601 602 603 604 605 606 607 608 609 610 611 612 613 614 615 616 617 618 619 620 621 622 623 624 625 626 627 628 629 630 631 632 633 634 635 636 637 638 639 640 641 642 643 644 645 646 647 648 649 650 651 652 653 654 655 656 657 658 659 660 661 662 663 664 665 666 667 668 669 670 671 672 673 674 675 676 677 678 679 680 681 682 683 684 685 686 687 688 689 690 691 692 693 694 695 696 697 698 699 700 701 702 703 704 705 706 707 708 709 710 711 712 713 714 715 716 717 718 719 720 721 722 723 724 725 726 727 728 729 730 731 732 733 734 735 736 737 738 739 740 741 742 743 744 745 746 747 748 749 750 751 752 753 754 755 756 757 758 759 760 761 762 763 764 765 766 767 768 769 770 771 772 773 774 775 776 777 778 779 780 781 782 783 784 785 786 787 788 789 790 791 792 793 794 795 796 797 798 799 800 801 379 802 803 804 805 806 807 808 809 810 811 812 813 814 815 816 817 818 819 820 821 822 823 824 825 826 827 828 829 830 831 832 833 834 835 836 837 838 839 840 841 842 843 844 845 846 847 848 849 850 851 852 853 171 854 855 856 857 858 859 860 861 862 863 864 865 866 867 868 869 870 871 872 873 874 875 876 877 878 879 880 881 882 883 884 885 886 887 888 889 890 891 892 893 894 895 896 897 898 899 900 901 902 903 904 905 906 907 908 909 910 911 912 913 914 915 916 917 918 919 920 921 922 923 924 925 926 927 928 929 930 931 932 933 934 935 936 937 938 939 940 941 942 943 944 945 946 947 948 949 950 951 952 953 954 955 956 957 958 959 960 961 962 
18 18 180 4 25 27 219 20 322 42 43 337 44 45 46 35 219 234 963 
45 176 18 177 178 23 179 28 180 29 964 18 20 23 965 25 966 28 234 29 967 17 35 17 181 4 24 26 5 34 46 182 183 184 185 186 187 188 189 190 191 192 193 194 196 197 
65 968 109 207 463 969 970 4 27 207 971 972 973 974 975 976 977 978 979 202 980 981 982 983 984 985 986 987 988 989 990 991 992 993 994 995 996 997 998 132 999 1000 1001 1002 1003 1004 1005 1006 134 1007 135 369 1008 1009 370 854 139 1010 142 144 145 1011 147 149 971 1012 
18 17 4 24 26 5 4 18 20 23 24 26 204 28 5 29 32 17 35 
255 1013 1014 1015 42 70 45 1014 1016 1017 227 20 217 43 1018 233 237 75 212 238 40 970 50 231 244 245 246 247 248 249 250 208 251 235 215 252 253 528 176 18 177 178 23 179 28 180 29 32 17 181 4 21 24 25 26 5 31 34 219 44 46 254 255 256 257 234 261 182 90 14 263 264 265 266 267 268 1015 270 73 202 203 204 205 183 184 185 186 187 1019 1020 1021 1022 1023 1024 271 272 41 6 1025 123 99 1026 1027 1028 1029 981 188 189 190 191 192 193 194 1030 592 230 1031 275 103 988 1032 228 293 294 295 296 55 297 56 298 299 300 301 302 303 305 1033 1034 229 306 307 222 1035 1036 309 310 311 312 313 314 223 195 317 1037 684 1038 322 1039 127 224 323 1040 1041 1042 1043 1044 1045 324 1046 1047 1048 63 382 325 1049 47 326 327 328 329 330 331 332 333 196 1050 1051 963 334 998 132 1052 335 133 134 1007 336 337 338 135 64 339 76 1053 197 340 341 1054 1055 342 343 1056 48 344 1057 345 346 1058 1059 1060 1061 1062 347 1063 171 1064 1065 1066 1067 348 141 1068 1069 1070 1071 1010 1072 1073 349 871 142 350 144 68 351 1074 352 149 1075 353 1076 1016 355 1077 1078 1079 
35 109 237 244 245 246 247 248 249 250 251 235 215 253 18 5 1080 46 90 1081 221 99 275 305 229 195 62 225 1047 226 1082 13 76 341 171 349 
28 217 21 5 74 39 183 1083 42 217 61 12 1084 70 1085 45 341 6 58 11 1086 40 41 221 1087 226 1088 1089 1090 
17 21 5 39 123 42 61 70 45 1039 127 133 1007 135 1064 141 144 149 
23 217 18 17 5 74 1091 1092 21 42 217 37 70 38 45 209 1087 123 360 305 361 1039 225 1007 
40 227 270 41 20 42 43 44 45 46 75 35 336 176 5 1093 37 6 123 195 126 992 1039 127 332 132 133 134 1007 135 1094 1064 139 141 142 144 145 147 1095 1096 149 
14 40 20 42 43 241 44 37 45 6 8 46 35 1039 332 
117 35 20 217 43 1097 233 236 75 212 238 239 40 1098 1099 45 109 70 1100 240 50 213 241 231 242 243 214 208 215 252 19 21 25 27 31 219 44 46 254 255 256 257 258 260 261 262 1091 90 83 1092 1081 51 220 270 205 39 209 37 271 41 6 221 99 38 88 275 360 1087 229 306 307 222 308 223 195 58 315 316 318 319 320 60 321 322 1083 61 1086 225 324 1047 325 47 329 334 226 1088 336 337 339 1082 1017 340 1085 11 1089 48 346 66 171 348 351 1090 352 353 354 355 356 357 
55 227 20 20 42 44 45 46 290 35 233 75 212 238 40 208 252 25 31 219 44 46 254 255 256 257 261 270 204 205 271 41 6 229 306 307 222 223 195 322 324 325 47 329 334 336 337 339 340 48 346 348 351 352 353 355 
63 20 43 233 75 212 238 40 208 252 25 31 219 228 20 42 43 317 338 45 252 233 46 182 208 212 35 268 235 46 254 255 256 257 261 270 204 205 271 41 6 229 306 307 222 223 195 322 324 325 47 329 334 336 337 339 340 48 346 348 351 352 353 355 
678 965 968 1013 54 120 1014 35 383 122 384 385 386 30 413 414 415 416 418 419 421 232 109 422 117 120 207 395 430 400 433 435 436 96 114 439 441 442 227 20 217 43 1097 1018 233 236 237 75 212 238 239 40 391 393 394 396 411 1098 1099 42 70 1100 447 448 449 450 451 453 454 457 458 460 966 86 87 77 78 108 157 463 969 970 464 465 390 392 406 240 50 213 241 231 242 243 472 473 474 475 476 477 478 479 480 481 482 483 484 485 486 105 487 244 245 214 246 247 248 249 250 208 251 235 488 489 490 491 492 493 494 495 496 497 106 498 499 500 215 252 512 514 517 518 387 389 519 520 397 402 405 216 521 412 522 388 376 398 399 401 403 404 407 408 409 410 253 523 527 528 19 21 25 27 31 219 44 46 533 254 255 256 257 534 234 115 972 973 974 975 538 258 260 261 262 1091 544 80 159 89 90 160 81 110 161 14 83 263 264 265 266 267 268 546 1092 1081 51 269 1015 220 358 359 547 549 270 73 976 200 977 978 979 202 203 204 205 39 209 554 555 556 559 560 562 37 563 564 565 566 568 569 271 272 41 6 273 221 123 99 38 982 88 583 983 584 1030 585 586 587 984 985 124 588 589 590 591 592 275 103 986 987 988 595 596 597 598 599 600 601 602 604 605 1032 125 607 228 293 294 295 296 608 611 613 615 618 619 360 1087 620 990 621 622 55 297 56 298 299 300 301 302 303 304 381 57 305 623 624 625 626 627 628 629 229 306 307 222 635 636 637 638 1035 1036 991 642 643 644 645 308 309 310 311 312 313 314 223 195 647 58 315 316 649 651 652 653 654 655 656 657 658 659 660 317 318 319 320 663 664 665 666 667 668 669 670 671 672 361 1037 673 674 675 676 677 678 680 681 60 682 683 684 686 126 992 321 689 993 691 692 693 694 695 696 697 698 699 700 701 702 703 704 1038 102 368 705 322 1039 706 1083 61 707 127 995 224 1086 719 119 722 98 113 725 726 727 225 728 1040 128 731 732 733 164 130 737 738 739 740 741 745 324 746 747 996 748 1046 1047 1048 753 63 382 325 1049 47 326 327 328 329 755 756 330 331 332 333 758 759 760 762 763 764 765 766 767 768 769 776 778 779 1051 784 785 963 334 226 131 997 1088 790 791 132 792 793 794 1052 335 795 796 797 800 801 379 802 803 133 999 1000 1001 1002 1003 1004 1005 1006 134 1007 336 805 337 338 135 64 65 339 807 812 1082 1017 815 136 817 76 1053 819 340 1084 1085 341 11 1089 828 829 830 342 343 137 170 832 833 48 344 834 1057 345 346 1094 1008 66 837 1009 840 347 843 844 845 852 853 171 855 1064 856 139 858 860 348 861 140 101 141 862 864 172 865 866 867 869 349 870 871 873 142 875 876 877 143 878 350 880 882 144 883 884 68 888 145 889 351 146 894 896 147 1095 898 1090 905 907 1096 909 352 910 912 913 914 148 915 916 149 917 920 921 922 924 925 926 927 928 929 930 353 931 354 932 933 934 355 935 936 937 938 939 940 941 942 943 944 945 946 950 952 953 955 356 357 1012 957 958 959 960 
83 20 43 233 75 212 238 40 208 252 25 31 219 44 227 219 271 19 84 228 229 20 177 42 230 324 325 43 214 36 223 23 44 231 307 25 45 252 103 27 233 248 234 180 206 208 29 195 32 35 235 254 255 256 257 261 270 205 271 41 6 229 306 307 222 223 195 322 324 325 47 329 334 336 337 339 340 48 346 348 351 352 353 355 
10 222 361 20 42 43 44 45 6 46 35 
9 330 20 42 43 44 45 8 46 35 
6 1097 1098 383 9 109 122 
35 240 258 20 42 213 241 259 231 45 260 250 236 9 242 261 262 243 239 35 235 213 241 231 242 243 258 308 315 316 318 319 320 321 354 357 
8 17 42 52 70 1100 45 9 195 
6 22 51 22 9 56 307 
3 9 1084 67 
2 45 9 
13 20 297 56 45 298 299 9 300 301 302 303 35 299 
31 103 55 297 20 52 297 45 64 298 299 9 300 301 302 303 35 298 299 300 301 302 303 317 330 331 332 333 335 344 345 68 
11 966 304 381 304 381 45 966 9 305 1037 305 
11 21 37 1083 42 70 45 9 10 60 61 13 
1 9 
7 42 70 45 204 9 58 66 
8 37 38 1083 42 70 45 9 58 
3 22 36 9 
9 214 247 224 214 382 45 9 35 382 
6 56 301 20 45 9 35 
5 85 383 45 9 122 
10 74 1085 60 42 1089 70 1085 45 204 9 
2 53 9 
15 298 301 20 297 56 45 298 299 332 9 300 301 302 303 35 
1 9 
49 35 217 1097 1098 1099 83 42 45 235 1100 214 215 21 27 1091 14 83 1092 1081 51 1015 220 39 209 37 221 38 88 112 360 1087 58 60 1083 61 1086 225 1047 226 131 1088 1082 1017 1085 11 1089 66 1090 116 
2 12 72 
2 71 12 
12 1014 45 1014 1053 1048 35 74 1046 1048 1052 13 1053 
7 1014 73 37 1100 66 39 13 
37 227 20 42 43 44 45 46 353 35 355 40 244 235 183 123 193 88 126 992 1039 127 132 1052 133 134 1007 135 13 76 1094 1064 139 142 144 147 149 355 
8 235 13 1015 217 36 45 75 35 
20 96 86 87 86 87 92 45 78 105 108 14 78 108 105 159 14 645 119 98 101 
21 96 86 87 77 86 87 92 96 77 45 108 14 119 108 105 159 14 645 119 98 101 
5 383 109 14 122 14 
14 87 159 89 90 160 92 81 45 105 108 110 161 14 16 
15 80 45 105 109 110 14 124 128 130 131 137 140 143 146 148 
15 114 114 90 110 14 99 112 588 592 125 1038 102 171 1065 155 
19 70 214 215 90 14 220 42 70 45 220 221 99 112 283 113 226 131 136 171 
23 215 18 180 219 46 90 110 14 273 99 88 592 275 125 305 229 195 1038 225 1047 1082 171 1065 
8 14 554 383 109 122 592 65 1084 
22 96 87 92 98 77 45 78 105 108 113 16 87 77 78 108 105 159 14 645 119 98 101 
35 96 86 86 89 92 77 45 104 78 108 118 77 78 108 105 80 159 160 161 14 124 645 119 98 113 164 130 131 136 137 170 140 101 146 148 
9 14 220 84 42 70 202 45 225 75 
20 87 105 80 45 105 90 160 110 161 14 99 635 113 164 130 131 171 140 146 148 
79 80 964 82 363 1092 83 84 275 228 199 990 20 621 42 22 200 391 89 996 36 997 201 999 1000 622 93 1001 1002 231 965 1003 100 395 1004 45 103 203 27 221 234 105 107 108 109 110 182 114 115 117 1005 1006 118 967 120 410 30 239 210 368 211 35 487 121 16 235 14 124 128 130 131 132 137 139 140 141 143 146 148 149 
3 199 14 102 
30 96 86 87 77 78 108 105 80 159 160 161 14 124 645 119 98 164 130 131 134 137 170 140 101 141 142 144 146 148 149 
29 109 460 463 90 110 14 203 554 123 99 983 126 1038 102 127 132 133 134 135 1094 171 854 139 1065 141 144 1011 147 149 
7 105 160 14 1038 723 825 1065 
11 212 239 214 110 14 275 125 1035 756 171 871 
16 86 87 92 77 45 78 105 78 105 14 100 126 1040 135 144 149 
2 215 14 
16 86 159 110 14 86 87 92 77 45 78 108 14 138 130 113 136 
86 232 14 123 964 82 1092 83 84 275 228 199 990 20 621 42 22 200 391 89 996 36 997 201 999 1000 622 93 1001 1002 231 965 1003 100 395 1004 45 103 232 203 27 221 234 105 107 108 109 110 182 114 115 117 1005 1006 118 967 120 410 30 239 210 368 211 35 487 121 16 235 678 126 992 1039 127 132 133 134 1007 135 1094 1064 139 141 142 144 145 147 149 
9 109 105 90 110 14 96 99 592 171 
8 14 86 87 92 77 45 78 108 
11 14 1038 82 309 1038 91 93 45 108 368 368 
22 46 257 90 110 14 99 275 20 297 56 45 298 299 300 301 302 303 35 297 223 333 171 
8 87 105 160 110 14 1038 1065 143 
65 109 96 86 77 86 87 159 89 92 94 96 77 100 45 104 78 108 118 80 89 90 160 81 110 161 14 554 123 99 124 112 230 125 645 308 126 1038 127 119 113 128 129 164 130 333 131 132 133 134 135 136 137 170 138 171 1065 140 141 172 143 144 146 1011 148 149 
28 406 488 496 387 389 391 392 394 395 396 45 397 400 402 405 406 30 411 412 397 405 398 14 719 763 781 800 803 
23 109 422 458 90 14 123 99 363 22 965 126 992 1039 127 132 133 1007 135 1094 1064 139 144 149 
38 86 87 77 78 86 87 92 77 45 78 105 80 159 90 160 110 161 14 366 99 124 645 102 119 98 1040 164 130 131 137 170 138 171 140 101 869 146 148 
73 227 363 1015 199 163 22 391 36 93 394 100 395 396 45 367 991 105 107 110 114 207 117 30 411 33 210 412 422 42 49 462 522 18 79 90 81 110 14 366 85 123 99 274 275 381 684 126 992 1039 127 719 748 132 133 134 1007 135 369 345 1094 370 171 1064 139 141 172 871 142 144 145 1011 147 149 
51 109 80 90 81 452 82 84 275 199 200 89 1097 1020 93 95 98 100 45 1031 103 104 991 105 108 109 114 118 30 16 14 123 99 124 112 125 128 130 131 132 133 134 135 137 171 140 141 143 144 146 148 149 
2 14 116 
12 14 124 82 83 1097 70 105 110 16 113 136 156 
14 86 159 14 83 220 162 87 89 136 98 45 105 112 14 
32 109 82 592 45 237 1098 215 82 90 110 14 1081 220 123 99 1030 118 126 127 225 756 132 133 134 135 1064 139 141 142 144 149 943 
11 122 436 45 122 90 14 573 574 99 591 171 
3 14 111 70 
31 386 109 422 45 460 157 90 14 123 99 588 163 126 1039 127 748 132 133 134 1007 135 167 171 1064 139 141 142 144 145 147 149 
13 87 105 90 160 110 14 99 15 588 114 171 146 380 
11 78 14 86 87 92 77 45 78 105 108 819 
22 45 422 45 90 14 123 99 126 992 1039 127 132 133 1007 135 1094 171 1064 139 144 147 149 
6 90 14 99 368 171 374 
16 383 45 115 422 49 79 115 14 358 85 742 756 778 65 1084 912 
30 363 220 969 199 93 565 464 99 38 45 232 203 463 367 1026 105 107 109 110 114 39 75 14 207 117 120 968 35 40 451 
14 87 159 90 160 92 81 45 105 108 110 161 112 14 16 
8 82 84 1038 95 45 105 110 14 
21 220 969 199 93 565 96 464 99 45 232 105 107 109 114 75 14 207 117 120 40 451 
23 220 969 199 93 565 464 99 38 45 232 463 367 105 107 109 114 75 14 207 117 120 35 40 
7 90 81 45 129 105 110 14 
4 128 105 14 130 
18 98 129 164 87 159 89 90 160 92 81 45 105 108 110 161 14 16 170 
16 83 87 159 89 90 160 92 70 81 45 105 108 110 161 14 16 
31 363 969 199 157 273 90 93 565 464 99 45 232 203 463 367 1026 105 107 109 110 114 75 14 207 117 120 968 33 35 40 451 
29 363 969 199 157 273 93 565 464 99 38 45 232 203 463 367 1026 105 107 109 110 114 75 14 207 117 120 35 40 451 
25 220 969 970 92 93 565 464 99 202 45 232 463 1026 105 109 110 114 75 14 207 117 33 35 40 451 
28 220 969 199 93 565 96 464 99 38 45 232 463 1026 105 107 109 110 114 75 14 207 117 120 968 33 35 40 451 
10 113 83 220 162 87 98 45 105 112 14 
14 87 159 90 160 92 81 45 105 108 110 161 170 14 16 
4 98 105 108 14 
20 969 199 90 93 464 99 45 232 463 367 107 109 114 75 14 207 117 120 33 40 
14 87 159 89 90 160 92 81 45 105 108 110 161 14 16 
25 220 969 970 90 92 93 565 464 99 202 38 45 232 463 1026 105 109 110 114 14 207 117 35 40 451 
20 969 92 565 464 99 202 45 232 463 1026 109 114 75 14 207 117 33 35 40 451 
7 90 81 45 104 105 110 14 
27 969 199 92 93 565 96 464 99 38 45 232 463 1026 105 107 109 110 114 75 14 207 117 120 968 33 35 40 
13 969 464 99 45 232 1026 109 14 207 117 33 40 451 
16 87 159 164 89 90 160 92 81 45 105 108 110 161 14 118 16 
17 220 969 970 93 99 45 232 463 367 109 75 14 207 117 120 33 40 
14 87 159 89 90 160 92 81 45 105 108 110 161 14 16 
30 363 969 199 90 92 93 565 96 464 99 38 45 232 203 463 367 105 107 109 110 114 75 14 207 117 120 33 35 40 451 
2 15 16 
1 15 
1 15 
3 477 15 16 
4 158 15 546 16 
4 82 728 15 16 
3 112 15 16 
11 45 463 117 487 16 463 1039 132 133 1007 1064 
27 507 512 530 530 503 505 507 509 531 511 400 512 513 514 532 516 30 16 531 532 546 655 659 731 732 733 154 
23 105 80 86 87 92 98 77 45 78 108 113 16 160 161 124 164 130 131 137 170 140 146 148 
23 80 87 159 89 92 94 45 104 105 108 161 118 16 161 124 164 130 131 137 170 140 146 148 
20 80 160 87 159 89 160 92 45 105 108 16 124 164 130 131 137 170 140 146 148 
4 16 113 136 172 
6 109 363 22 117 16 1007 
12 87 159 89 160 92 45 105 108 161 130 16 146 
1 16 
1 16 
3 117 487 16 
1 16 
2 16 172 
11 137 87 159 160 92 45 105 108 161 130 16 
50 964 82 1092 198 365 83 84 275 228 199 990 20 621 42 22 200 89 36 201 622 93 231 965 95 100 45 103 203 27 221 234 991 105 108 109 110 182 115 117 118 120 30 210 368 211 35 487 121 16 235 
7 162 169 45 105 109 173 16 
2 172 16 
1 16 
1 16 
20 18 20 177 178 23 179 28 180 29 32 17 35 181 40 177 178 179 28 180 181 
22 176 176 18 20 178 23 179 191 28 180 29 32 17 35 181 178 179 28 180 181 46 191 
19 176 177 176 18 20 177 23 179 28 180 29 32 17 35 181 179 28 180 181 
19 176 177 178 176 18 20 177 178 23 28 180 29 32 17 35 181 28 180 181 
23 176 177 178 179 28 176 18 84 20 177 178 23 179 25 28 29 31 32 17 35 181 181 46 
19 176 177 178 179 28 180 176 18 20 177 178 23 179 28 180 29 32 17 35 
45 463 970 44 378 18 20 23 28 358 29 32 17 35 359 206 90 273 99 275 276 277 278 279 280 281 282 283 284 285 286 287 288 289 290 291 292 1039 998 1007 369 370 171 854 372 380 
19 29 18 20 184 23 37 28 75 185 29 186 32 17 35 187 184 185 186 187 
18 29 183 18 183 20 23 28 206 185 29 186 32 17 35 187 185 186 187 
17 29 183 184 18 183 20 184 23 28 29 186 32 17 35 187 186 187 
18 29 183 184 185 18 183 20 184 23 25 28 185 29 32 17 35 187 187 
18 29 183 184 185 186 18 183 20 184 23 28 206 185 29 186 32 17 35 
23 23 18 20 23 189 190 191 28 192 193 194 29 32 17 35 189 190 191 192 193 194 196 197 
25 23 188 18 188 20 196 23 197 190 191 28 192 193 194 29 32 17 35 190 191 192 193 194 196 197 
23 23 188 189 18 188 20 23 189 191 28 192 193 194 29 32 17 35 191 192 193 194 196 197 
25 177 23 188 189 190 18 188 20 177 23 189 190 28 192 193 194 29 32 17 35 192 193 194 196 197 
23 23 188 189 190 191 18 188 20 23 189 190 191 28 193 194 29 32 17 35 193 194 196 197 
25 23 188 189 190 191 192 227 18 188 20 23 189 190 191 28 192 75 194 29 32 17 35 194 196 197 
23 23 188 189 190 191 192 193 18 188 20 23 189 190 191 28 192 193 29 32 17 35 196 197 
22 20 46 51 84 20 42 43 214 334 36 306 44 307 45 233 28 46 207 212 17 35 40 
17 23 189 18 188 20 23 189 190 191 28 192 193 194 29 32 17 35 
17 23 189 18 188 20 23 189 190 191 28 192 193 194 29 32 17 35 
9 463 18 983 275 990 622 812 171 854 
58 109 460 463 18 972 973 91 974 975 90 110 976 977 978 979 202 203 123 99 983 984 985 592 986 987 988 990 991 126 992 993 1039 127 995 996 997 132 133 999 1000 1001 1002 1003 1004 1005 1006 1007 135 1094 1008 1009 171 854 1064 139 144 149 1012 
25 460 463 18 973 90 110 976 45 991 210 977 978 979 202 203 99 983 588 986 990 1038 995 171 854 1065 
10 215 18 378 90 99 1031 275 225 171 380 
44 463 969 970 18 984 973 199 200 996 997 999 1000 1001 1002 464 1003 986 1004 45 232 977 987 985 978 979 988 207 1009 1005 1006 968 33 211 35 203 88 1038 998 134 854 1064 1065 141 142 
20 463 18 90 981 199 200 93 202 45 210 35 123 99 1039 132 133 1007 171 854 149 
18 208 18 34 20 22 43 44 45 346 232 233 351 35 307 60 1085 66 375 
10 214 18 20 42 43 44 45 46 35 1030 
47 215 18 28 46 378 276 20 277 278 279 280 281 282 283 25 284 285 286 287 288 182 289 290 291 292 220 184 187 276 277 278 279 280 281 282 283 284 285 286 287 288 289 290 291 292 1053 380 
62 965 968 109 969 45 33 462 18 33 972 973 974 975 976 977 978 979 202 980 123 983 984 985 986 987 988 991 195 126 993 1039 127 995 996 997 132 133 999 1000 1001 1002 1003 1004 1005 1006 134 1007 135 369 1094 1008 1009 370 1064 139 141 142 144 145 147 149 1012 
38 20 237 213 242 244 245 246 247 248 249 250 271 20 42 43 44 45 204 46 35 251 235 215 252 253 528 18 44 46 261 271 273 223 225 963 341 349 375 
8 18 39 42 70 45 221 360 226 
16 109 460 463 18 90 200 203 574 99 982 983 990 1038 171 854 1065 
11 463 18 90 202 273 99 367 987 748 171 854 
18 227 20 19 20 42 43 306 44 95 45 46 222 35 44 229 223 195 338 
36 236 239 240 50 50 1092 19 275 20 42 241 214 259 231 307 45 727 242 208 243 241 231 242 243 258 260 262 308 315 316 318 319 320 321 354 356 
29 213 244 83 19 42 224 63 382 95 70 1049 1051 45 205 216 46 220 221 229 223 195 361 224 63 382 1049 1051 1057 871 
19 1092 83 220 19 84 20 42 217 36 201 70 97 45 248 114 206 208 35 235 
38 413 392 518 519 520 402 19 387 389 391 392 214 394 395 396 45 397 400 402 405 30 411 412 521 404 527 643 648 650 709 727 741 1049 379 827 841 859 883 
21 227 42 37 70 45 39 1086 35 245 235 215 19 220 39 37 221 360 225 226 76 341 
1 19 
13 31 19 84 20 42 43 44 25 45 46 31 35 46 
31 215 83 1015 1091 83 19 21 42 217 214 1097 70 45 248 221 114 206 123 88 126 127 113 1047 134 135 1082 136 141 147 1095 1096 
21 90 220 1091 83 19 21 42 217 214 36 1097 37 70 45 226 358 209 1087 99 226 171 
14 212 255 229 19 20 21 42 43 44 45 47 46 35 361 
22 20 46 1092 19 228 20 42 230 43 214 44 307 338 45 103 233 248 46 208 212 35 235 
6 214 19 214 45 35 63 
23 88 1092 1019 19 84 1029 1033 42 217 1041 36 201 70 317 1059 1062 45 1031 27 114 39 208 235 
14 221 1091 83 19 21 42 217 36 1097 37 70 45 221 209 
25 109 20 217 43 1097 45 1018 233 236 237 75 212 238 239 35 40 237 46 234 259 193 1030 298 361 331 
15 20 44 46 90 99 20 293 45 294 295 296 35 223 800 171 
18 20 46 547 84 20 42 43 214 36 306 44 307 45 233 46 212 222 35 
10 20 46 592 20 323 105 35 223 323 1053 
48 965 20 236 239 240 50 213 241 50 258 20 321 42 213 241 45 260 248 236 242 262 243 239 35 235 242 243 235 46 258 260 262 90 99 275 305 308 315 316 318 319 320 361 321 171 354 356 357 
56 99 45 422 20 389 972 973 974 975 976 977 978 979 202 204 123 99 984 985 986 987 988 991 126 992 993 1039 127 995 996 997 132 133 999 1000 1001 1002 1003 1004 1005 1006 134 1007 135 1094 1008 1009 1064 139 141 142 144 145 147 149 1012 
18 227 20 20 42 325 43 44 45 46 35 44 46 204 229 223 195 325 338 
29 20 467 498 252 527 528 32 25 46 227 527 609 347 45 1018 1014 1036 1032 31 963 35 90 99 275 1046 845 171 890 924 
47 20 237 70 50 231 244 245 246 247 248 249 250 251 244 20 217 36 231 45 247 341 350 248 249 237 75 76 208 251 35 215 253 44 46 261 90 1015 99 275 283 223 225 341 171 349 350 352 
12 227 1018 20 42 213 241 231 45 242 243 50 231 
25 227 227 244 20 36 45 247 248 249 114 208 35 235 244 245 246 247 248 249 250 251 235 253 341 349 
9 227 20 42 43 44 25 45 46 35 
21 227 1018 20 315 42 213 241 231 95 45 242 243 316 356 50 231 90 99 275 315 316 
9 50 20 42 213 241 231 45 242 243 
30 236 239 240 50 213 50 20 42 213 231 45 242 243 231 242 243 258 260 262 270 41 308 315 316 318 319 320 321 354 356 
37 236 239 1100 240 50 213 241 231 50 20 321 42 213 241 231 45 349 248 250 352 208 261 243 243 258 260 262 308 315 316 318 319 320 321 354 356 357 
30 236 239 240 50 213 241 231 242 964 50 20 42 213 241 231 965 45 242 258 260 262 308 315 316 318 319 320 321 354 356 
28 237 245 20 214 36 246 45 247 248 249 250 237 75 208 251 35 235 245 246 247 248 249 250 251 235 253 341 349 
13 244 244 20 217 36 45 247 248 249 237 208 35 235 
12 244 244 20 36 45 247 248 249 237 208 35 235 
25 237 244 245 246 244 20 63 36 382 45 248 249 237 208 35 1057 235 248 249 250 251 235 253 341 349 
37 237 231 242 244 245 246 247 244 253 1015 20 36 45 247 350 249 237 208 35 235 249 250 251 235 215 253 46 259 261 1081 220 223 1053 341 349 1090 352 
23 237 244 245 246 247 248 244 20 36 45 247 349 248 237 208 35 235 250 251 235 253 341 349 
14 50 242 244 244 20 36 45 247 248 249 237 208 35 235 
13 244 244 20 36 45 247 248 249 237 208 35 235 235 
16 20 42 329 43 44 340 45 234 46 1036 208 272 35 44 46 375 
12 248 244 20 36 45 247 248 249 237 208 35 235 
14 20 255 42 43 256 44 257 25 45 46 35 255 256 257 
15 254 254 20 42 43 256 44 257 45 46 222 35 256 257 301 
13 254 255 254 20 255 42 43 44 257 45 46 35 257 
14 254 255 256 254 20 255 42 43 256 44 45 103 46 35 
15 50 231 50 20 42 213 241 231 45 242 308 262 243 318 357 
6 50 213 227 20 248 375 
10 50 231 20 42 213 241 231 45 242 243 
14 50 242 20 42 43 44 45 349 248 46 208 35 235 352 
12 50 231 258 20 42 213 241 231 45 242 243 320 
11 264 20 265 266 45 267 35 268 268 309 310 
23 263 20 265 266 45 267 35 268 265 266 267 268 309 310 311 312 313 314 326 327 328 342 343 
27 263 264 264 20 266 45 326 327 328 313 267 35 268 266 267 268 309 310 311 312 313 314 326 327 328 342 343 
25 263 264 265 264 20 265 45 342 343 267 35 268 267 268 309 310 311 312 313 314 326 327 328 342 343 
23 263 264 265 266 264 20 265 266 45 35 268 268 309 310 311 312 313 314 326 327 328 342 343 
29 44 263 264 265 266 267 263 264 20 265 266 310 45 312 313 267 314 35 309 310 311 312 313 314 326 327 328 342 343 
2 20 45 
9 40 20 42 43 241 44 45 46 35 
11 208 46 20 42 43 44 45 46 208 272 35 
6 252 271 20 45 35 273 
13 84 20 45 401 182 208 407 967 963 272 211 132 133 
3 20 965 109 
27 970 213 90 110 99 363 1092 198 84 20 42 22 36 201 231 95 45 103 234 109 182 239 35 235 621 998 171 
32 206 20 277 278 279 280 281 282 283 284 285 286 287 288 182 206 289 290 291 292 277 278 279 280 281 284 285 286 288 289 291 292 
32 206 276 276 20 278 279 280 281 282 283 284 285 286 287 288 182 206 289 290 291 292 278 279 280 281 284 285 286 288 289 291 292 
32 206 276 277 276 20 277 279 280 281 282 283 284 285 286 287 288 182 206 289 290 291 292 279 280 281 284 285 286 288 289 291 292 
32 206 276 277 278 276 20 277 278 280 281 282 283 284 285 286 287 288 182 206 289 290 291 292 280 281 284 285 286 288 289 291 292 
32 206 276 277 278 279 276 20 277 278 279 281 282 283 284 285 286 287 288 182 206 289 290 291 292 281 284 285 286 288 289 291 292 
32 206 276 277 278 279 280 276 20 277 278 279 280 282 283 284 285 286 287 288 182 206 289 290 291 292 284 285 286 288 289 291 292 
23 206 276 277 278 279 280 281 20 283 287 182 206 290 283 284 285 286 287 288 289 290 291 292 
28 206 276 277 278 279 280 281 282 83 20 282 25 966 287 182 206 290 359 235 284 285 286 287 288 289 290 291 292 
32 206 276 277 278 279 280 281 276 20 277 278 279 280 281 282 283 285 286 287 288 182 206 289 290 291 292 285 286 288 289 291 292 
32 206 276 277 278 279 280 281 284 276 20 277 278 279 280 281 282 283 284 286 287 288 182 206 289 290 291 292 286 288 289 291 292 
32 206 276 277 278 279 280 281 284 285 276 20 277 278 279 280 281 282 283 284 285 287 288 182 206 289 290 291 292 288 289 291 292 
23 206 276 277 278 279 280 281 282 283 284 285 286 20 282 283 182 206 290 288 289 290 291 292 
32 206 276 277 278 279 280 281 284 285 286 276 20 277 278 279 280 281 282 283 284 285 286 287 182 206 289 290 291 292 289 291 292 
32 206 276 277 278 279 280 281 284 285 286 288 276 20 277 278 279 280 281 282 283 284 285 286 287 288 182 206 290 291 292 291 292 
24 43 206 276 277 278 279 280 281 282 283 284 285 286 287 288 289 20 282 283 287 182 206 291 292 
32 206 276 277 278 279 280 281 284 285 286 288 289 276 20 277 278 279 280 281 282 283 284 285 286 287 288 182 206 289 290 292 292 
32 206 276 277 278 279 280 281 284 285 286 288 289 291 276 20 277 278 279 280 281 282 283 284 285 286 287 288 182 206 289 290 291 
10 228 20 45 294 295 296 35 294 295 296 
11 228 293 20 293 395 45 295 296 35 295 296 
10 228 293 294 20 293 45 294 296 35 296 
10 228 293 294 295 20 293 45 294 295 35 
32 103 55 20 56 330 45 103 298 299 331 332 300 301 302 333 35 56 298 299 300 301 302 303 317 330 331 332 333 335 344 345 68 
30 103 55 297 56 227 20 297 56 45 299 300 68 301 302 333 35 299 300 301 302 303 317 330 331 332 333 335 344 345 68 
28 103 55 297 56 298 55 20 297 56 45 298 300 301 302 35 300 301 302 303 317 330 331 332 333 335 344 345 68 
27 103 55 297 56 298 299 20 297 56 45 298 299 301 302 35 301 302 303 317 330 331 332 333 335 344 345 68 
30 103 55 297 56 298 299 300 20 255 297 56 45 64 298 299 300 68 302 35 302 303 317 330 331 332 333 335 344 345 68 
28 103 55 297 56 298 299 300 301 20 297 56 345 45 298 299 300 301 35 303 317 330 331 332 333 335 344 345 68 
17 22 103 55 56 365 20 22 297 56 45 298 299 300 301 302 35 68 
10 966 20 381 57 45 966 305 381 57 305 
17 966 304 381 57 1092 84 304 309 20 381 57 36 231 45 966 39 35 
15 212 229 20 42 324 329 43 815 44 819 340 45 46 35 195 
15 213 46 229 20 42 52 43 44 45 346 204 46 35 223 195 
11 258 50 20 42 213 241 231 45 105 242 243 
17 547 305 263 264 20 265 266 310 311 45 312 313 267 314 35 268 102 
12 268 309 263 264 20 265 266 45 326 267 35 268 
9 309 264 20 265 266 45 267 35 268 
11 268 309 264 20 265 266 45 313 267 35 268 
12 265 268 309 312 264 20 265 266 45 267 35 268 
10 268 309 264 20 265 266 45 267 35 268 
12 239 50 20 42 213 241 231 45 242 243 239 316 
12 239 315 50 20 42 213 241 231 45 242 243 239 
17 44 20 297 56 345 45 298 299 335 332 300 301 302 35 225 1095 1096 
12 50 258 20 42 213 241 319 231 320 45 242 243 
10 318 50 20 42 213 241 231 45 242 243 
11 318 50 20 42 213 241 231 45 242 262 243 
11 231 242 50 20 42 213 241 231 45 242 243 
9 31 20 42 43 44 25 45 46 35 
4 230 20 230 35 
10 25 46 306 20 42 43 44 45 46 35 
10 233 46 20 42 43 44 45 233 46 35 
10 265 310 264 20 265 266 45 267 35 268 
9 265 264 20 265 266 45 267 35 268 
9 265 264 20 265 266 45 267 35 268 
10 252 306 20 42 43 44 45 46 35 343 
15 297 20 297 56 1056 45 48 298 299 344 300 301 302 35 332 
14 297 227 20 297 56 45 298 299 300 301 302 35 1095 1096 
18 297 317 41 20 297 56 330 45 298 299 1095 300 301 302 1096 35 40 68 
14 297 298 20 297 56 45 103 298 299 105 300 301 302 35 
9 195 20 42 43 44 25 45 46 35 
12 317 1052 20 297 56 45 298 299 300 301 302 35 
9 40 1007 20 42 43 44 45 46 35 
9 31 20 42 43 44 25 45 46 35 
7 44 223 20 45 233 212 35 
10 25 20 42 22 43 44 25 45 46 35 
11 252 306 20 42 43 44 45 46 35 343 375 
14 235 37 244 20 217 36 45 247 248 249 237 208 35 235 
9 266 264 20 265 266 45 267 35 268 
12 266 264 20 265 329 266 340 45 1036 267 35 268 
11 330 20 297 56 45 298 299 300 301 302 35 
13 302 317 20 297 56 45 298 299 300 109 301 302 35 
9 204 307 20 42 43 44 45 46 35 
4 234 20 45 35 
8 25 20 42 43 44 45 46 35 
15 242 249 261 244 20 36 45 247 248 249 237 208 35 235 352 
6 248 235 20 45 35 235 
9 204 20 42 22 43 44 45 46 35 
12 242 20 42 43 44 45 349 248 46 261 35 235 
8 75 20 42 43 44 45 46 35 
9 50 20 42 213 241 231 45 242 243 
9 75 20 42 43 44 45 46 75 35 
9 239 20 42 213 241 231 45 242 243 
7 50 258 20 42 231 45 242 
9 21 182 1015 383 45 122 221 592 871 
6 21 182 1015 45 643 283 
10 1100 1091 21 42 217 70 45 39 209 1087 
11 227 21 214 231 1049 45 47 39 222 1037 1037 
1 22 
16 109 22 90 365 123 367 107 275 163 1039 132 133 1007 1064 1011 149 
2 22 372 
8 363 22 366 990 621 622 303 171 
9 365 990 621 22 622 108 109 30 1039 
21 109 463 123 363 22 211 983 990 622 992 1039 127 132 133 1007 1094 854 1064 139 147 149 
10 90 99 1038 102 22 1038 45 102 121 171 
7 22 25 109 182 207 967 33 
7 22 25 109 182 207 967 33 
1 22 
3 22 182 364 
1 22 
2 22 121 
7 22 259 340 25 252 204 208 
35 30 411 390 406 388 387 388 389 391 394 395 25 396 45 398 399 400 403 407 30 1081 411 412 398 399 403 404 407 649 660 673 674 675 880 943 
1 25 
4 201 25 182 206 
30 555 649 800 387 677 478 389 686 391 558 801 394 395 601 25 396 45 400 512 401 403 567 408 409 410 30 411 216 602 412 
5 201 25 182 206 118 
11 966 304 304 57 45 966 27 109 305 57 305 
8 214 247 63 63 214 45 27 35 
68 385 45 386 30 122 384 385 386 413 416 422 49 447 448 449 450 452 453 454 458 472 473 474 405 79 358 549 85 588 591 623 624 625 627 628 629 644 691 719 737 738 746 756 776 778 795 65 1084 829 837 858 867 871 882 912 915 916 925 926 940 942 945 946 950 955 957 958 960 
8 385 383 45 386 30 413 447 867 
50 383 384 383 45 386 30 386 413 416 447 448 449 450 472 473 474 591 623 624 625 627 628 629 644 691 737 738 746 776 795 829 837 858 867 871 882 912 915 916 925 926 940 942 945 946 950 955 957 958 960 
52 383 384 385 385 737 383 45 117 30 413 416 447 448 449 450 472 473 474 591 623 624 625 627 628 629 644 691 737 738 746 776 795 829 837 858 867 871 882 912 915 916 925 926 940 942 945 946 950 955 957 958 960 
109 30 418 395 430 400 439 441 442 391 393 394 396 411 390 392 406 477 106 518 389 391 393 394 395 583 396 45 398 400 404 406 408 409 410 30 411 412 389 520 397 402 405 216 521 412 388 376 398 399 401 403 404 407 408 409 410 556 560 562 583 587 618 620 626 635 636 637 638 649 660 673 674 675 677 706 725 727 762 764 790 796 797 800 801 379 802 803 805 815 819 830 840 844 845 852 860 861 864 866 870 875 880 889 894 905 920 931 936 943 
40 30 395 411 390 406 387 376 389 391 394 395 396 45 398 673 399 400 674 403 407 30 675 411 412 676 376 398 399 403 407 649 660 673 674 675 798 800 802 880 943 
114 30 418 395 430 400 439 441 442 391 393 394 396 411 462 390 392 406 477 106 518 387 387 391 392 393 394 395 396 45 441 232 400 442 402 404 406 409 410 30 411 412 520 397 402 405 216 521 412 388 376 398 399 401 403 404 407 408 409 410 556 560 562 583 587 618 620 626 635 636 637 638 649 660 673 674 675 677 706 725 727 755 756 762 764 790 796 797 800 801 379 802 803 805 815 819 830 840 844 845 852 860 861 864 866 870 875 880 889 894 905 920 931 936 943 
24 30 435 438 387 388 376 389 391 394 395 396 45 398 399 400 403 407 30 411 706 412 469 527 755 
119 30 418 109 426 395 430 400 439 441 442 446 387 389 392 394 395 396 45 397 400 402 725 405 407 30 411 412 393 394 396 411 464 390 392 406 477 106 518 387 389 520 397 402 405 216 521 412 388 376 398 399 401 403 404 407 408 409 410 90 556 560 562 99 583 587 618 620 626 635 636 637 638 649 660 673 674 675 677 706 709 725 727 743 762 764 786 788 789 790 796 797 800 801 379 802 803 805 815 819 830 840 844 845 852 860 861 864 866 870 875 880 889 894 904 905 920 931 936 943 
68 30 426 395 429 435 438 391 518 387 389 391 520 394 395 396 45 397 398 400 402 405 408 30 411 216 521 412 469 106 518 389 519 520 397 402 405 216 521 398 527 564 566 567 587 626 648 651 677 706 708 709 725 745 762 764 800 802 803 805 830 838 845 852 858 864 904 936 957 
58 30 418 400 439 441 442 446 387 635 389 391 394 395 396 45 636 637 400 796 404 638 409 410 30 411 412 464 477 387 389 412 404 409 410 562 583 587 620 635 636 637 638 706 727 743 786 788 789 790 796 797 805 860 866 870 894 905 931 
109 30 418 109 395 430 400 439 441 442 446 391 393 387 389 391 801 395 396 45 400 401 408 30 411 412 411 464 390 392 406 477 106 518 387 389 520 397 402 405 216 521 412 388 376 398 399 401 403 404 407 408 409 410 556 557 558 560 562 583 587 618 620 626 635 636 637 638 649 660 673 674 675 677 706 725 727 743 762 764 786 788 789 790 796 797 800 801 379 802 803 805 830 840 845 852 860 861 864 866 870 875 880 889 894 904 905 931 936 943 
233 30 418 109 423 424 425 426 427 387 388 677 389 391 392 394 396 45 397 400 402 420 725 405 30 411 845 412 428 429 430 400 431 432 433 434 435 437 438 439 440 441 442 443 444 445 446 391 393 394 396 411 451 454 458 462 464 390 392 466 406 468 469 470 471 477 106 518 387 389 520 397 402 405 216 521 412 522 388 376 398 399 401 403 404 407 408 409 410 527 529 534 536 537 90 551 554 555 556 560 562 563 564 565 566 568 569 99 583 586 587 589 590 593 595 596 597 598 599 600 601 607 294 618 619 620 626 635 636 637 638 647 648 649 650 656 657 659 660 673 674 675 676 677 688 689 705 706 707 708 709 714 721 722 725 726 727 731 739 745 747 749 755 762 764 771 772 773 774 775 779 780 781 782 784 785 790 791 796 797 800 801 379 802 803 805 815 819 828 830 838 840 841 842 844 845 852 855 856 857 859 860 861 862 864 866 870 873 874 875 878 880 889 892 893 894 895 904 905 908 910 914 920 930 931 934 935 936 937 938 939 943 944 959 
116 30 418 109 395 430 400 439 441 442 446 391 393 394 387 389 391 395 45 861 802 430 400 401 408 30 411 412 411 454 458 464 390 392 406 477 106 518 387 389 520 397 402 405 216 521 412 388 376 398 399 401 403 404 407 408 409 410 533 542 556 560 562 564 576 583 587 602 618 620 626 635 636 637 638 649 660 673 674 675 677 706 725 727 762 764 790 796 797 800 801 379 802 803 805 815 819 830 840 844 845 852 860 861 864 866 870 873 875 880 889 894 905 920 931 936 943 
46 30 426 395 391 392 106 518 520 387 660 389 391 392 800 394 395 396 45 400 402 106 803 405 30 411 412 402 405 216 521 398 407 626 677 725 762 764 800 802 803 830 845 852 864 904 936 
47 30 411 390 392 406 387 388 376 387 388 376 389 391 392 494 394 395 396 45 397 862 399 403 106 404 798 405 406 407 408 754 30 411 521 412 399 403 407 523 649 660 673 674 675 810 880 943 
36 30 435 411 462 390 406 388 376 398 387 388 478 376 389 391 394 395 396 45 398 400 403 407 408 30 411 412 403 407 649 660 673 674 675 880 943 
304 30 415 418 423 424 425 426 427 395 428 429 430 387 389 391 393 394 395 396 45 404 409 410 30 411 412 431 432 433 434 439 441 442 391 393 394 396 411 452 453 454 455 458 461 462 390 392 406 477 488 490 492 493 494 495 496 106 498 500 501 502 503 504 505 506 507 508 509 510 511 512 513 514 515 516 517 518 387 389 519 520 397 402 405 216 521 412 388 376 399 401 403 404 407 408 409 410 527 530 158 531 532 533 534 539 546 549 551 555 556 557 558 560 562 575 576 577 578 579 583 587 594 595 596 597 598 599 600 601 602 604 605 606 609 610 611 613 614 615 616 617 618 620 626 630 631 632 633 634 635 636 637 638 639 640 641 642 643 646 648 649 650 651 652 653 654 655 656 657 658 659 660 664 665 666 667 668 669 670 671 672 677 680 686 687 692 693 694 695 696 697 698 699 700 701 702 703 704 706 709 716 717 721 723 724 725 726 727 728 730 731 732 733 735 736 751 753 757 761 762 764 765 766 780 781 782 790 792 793 794 796 797 798 800 801 379 802 803 805 806 809 811 815 816 819 820 821 822 823 824 825 826 827 830 833 840 841 844 845 846 847 848 849 850 851 852 853 859 860 861 863 864 865 870 872 873 875 876 877 880 883 884 885 889 890 898 900 902 905 907 911 917 919 920 922 923 929 931 932 934 936 943 951 961 
46 30 430 394 396 454 387 478 389 391 480 527 558 419 801 394 496 395 396 45 802 400 408 462 30 411 458 895 451 412 408 556 560 273 618 801 379 802 815 819 840 844 861 872 875 889 920 
57 30 422 426 395 429 435 391 454 456 458 392 106 518 389 520 397 387 389 391 392 394 395 396 45 397 400 405 30 830 411 216 904 412 405 216 521 527 575 626 643 648 677 708 709 725 762 764 800 802 803 830 838 845 852 864 904 936 
42 30 411 390 406 478 482 388 376 398 399 387 388 376 389 391 558 394 649 395 482 396 45 398 399 400 745 407 910 30 411 412 407 649 660 673 674 675 798 379 802 880 943 
56 30 418 400 439 441 442 393 477 387 389 412 398 387 376 389 391 393 797 394 649 395 396 45 400 409 410 30 411 216 412 409 410 562 583 587 620 635 636 637 638 706 727 743 786 788 789 790 796 797 805 860 866 870 894 905 931 
75 30 415 395 391 392 106 518 520 397 402 414 447 453 556 454 387 517 472 679 682 389 391 392 527 558 762 763 394 383 496 764 436 395 601 396 45 397 534 765 400 766 402 566 106 643 907 568 549 30 411 458 467 602 451 412 216 521 398 527 601 626 646 677 725 762 764 800 802 803 830 845 852 864 904 936 
33 30 438 441 442 387 388 376 389 391 394 395 396 45 398 399 400 403 106 407 408 30 411 412 469 106 387 389 398 660 757 798 802 905 
41 30 391 411 390 406 388 376 398 399 403 387 660 388 376 389 391 394 395 396 45 397 398 399 400 403 803 943 30 411 412 523 527 273 649 660 673 674 675 781 880 943 
56 30 430 394 396 392 406 387 412 398 399 401 557 454 387 517 478 389 391 527 558 419 394 395 601 396 45 873 543 544 802 430 400 401 555 30 411 458 602 451 412 523 556 560 618 649 801 379 802 815 819 840 844 861 875 889 920 
56 30 418 400 439 441 442 393 477 387 389 412 404 387 635 389 391 393 394 395 396 45 636 637 400 404 638 410 30 411 412 410 562 583 587 620 635 636 637 638 706 727 743 786 788 789 790 796 797 379 805 860 866 870 894 905 931 
57 30 418 400 439 441 442 393 477 387 389 412 404 409 387 620 389 391 393 394 395 396 45 870 400 404 931 409 30 411 412 90 562 99 583 587 620 635 636 637 638 706 727 743 786 788 789 790 796 797 379 805 860 866 870 894 905 931 
116 30 418 109 395 430 400 439 441 442 446 391 393 394 396 387 388 376 389 391 394 395 396 45 398 399 400 403 407 30 412 464 390 392 406 477 106 518 387 389 520 397 402 405 216 521 412 388 376 398 399 401 403 404 407 408 409 410 556 560 562 583 587 618 620 626 635 636 637 638 649 660 673 674 675 677 706 725 727 743 762 764 786 788 789 790 796 797 798 800 801 379 802 803 805 815 819 830 840 844 845 852 860 861 864 866 870 875 880 889 894 904 905 920 931 936 943 
112 30 418 109 395 430 400 439 441 442 391 393 394 396 411 390 392 406 477 106 518 387 389 520 397 402 405 216 521 387 389 391 393 394 395 396 45 400 404 408 409 410 30 411 388 376 398 399 401 403 404 407 408 409 410 556 560 562 583 587 618 620 626 635 636 637 638 649 660 673 674 675 677 706 725 727 743 762 764 786 788 789 790 796 797 800 801 379 802 803 805 815 819 830 840 844 845 852 860 861 864 866 870 875 880 889 894 904 905 920 931 936 943 
7 384 385 383 45 386 30 216 
5 45 415 30 415 405 
39 414 414 682 609 762 763 496 764 45 534 765 400 766 405 643 907 30 467 527 534 604 648 651 682 683 721 740 741 763 765 766 832 907 909 913 922 924 927 928 
6 385 383 45 386 30 867 
6 418 419 420 421 30 420 
40 417 387 389 391 393 394 395 396 45 400 404 409 410 30 411 412 419 420 452 475 476 478 479 480 481 482 483 484 485 486 514 529 547 656 659 681 685 755 874 921 
22 417 418 45 30 420 421 401 408 523 529 538 556 557 601 631 645 685 778 800 801 874 949 
19 417 417 685 767 418 419 421 30 423 395 512 522 529 560 659 685 800 803 845 
12 417 420 767 558 419 45 30 933 768 769 423 656 
13 964 527 383 45 232 402 456 107 109 117 120 30 122 
27 424 425 426 427 395 428 429 430 400 431 420 421 432 433 434 30 435 424 425 426 428 431 432 433 434 435 556 
22 423 423 425 426 427 395 428 429 400 431 432 433 434 30 435 425 428 431 432 433 434 435 
22 423 424 423 424 426 427 395 428 429 400 431 432 433 434 30 435 428 431 432 433 434 435 
31 423 424 425 423 391 392 780 427 395 397 429 400 709 402 434 30 435 427 428 429 431 432 433 434 435 708 709 780 781 782 838 
27 423 424 425 426 780 426 395 429 781 400 782 434 30 435 428 429 431 432 433 434 435 708 709 780 781 782 838 
22 423 424 425 423 424 425 426 427 395 429 400 431 432 433 434 30 435 431 432 433 434 435 
27 423 424 425 426 427 428 392 426 427 395 400 709 402 434 30 435 431 432 433 434 435 708 709 780 781 782 838 
23 423 556 387 389 391 394 840 395 396 45 875 400 796 560 401 408 30 411 889 412 396 408 803 
22 423 424 425 428 423 424 425 426 427 395 428 429 400 432 433 434 30 435 432 433 434 435 
22 423 424 425 428 431 423 424 425 426 427 395 428 429 400 431 433 434 30 435 433 434 435 
25 423 424 425 428 431 432 423 424 425 426 427 395 428 45 429 400 431 920 432 434 30 435 434 435 781 
31 423 424 425 426 427 428 429 431 432 433 423 424 425 426 427 395 428 429 400 431 432 433 30 435 435 708 709 780 781 782 838 
41 423 424 425 426 427 428 429 431 432 433 434 423 424 390 392 780 425 426 427 395 428 45 429 399 781 431 709 402 782 432 433 434 30 550 708 709 780 781 782 800 838 
4 45 115 30 405 
12 438 439 440 395 441 442 443 30 444 445 443 445 
26 437 439 390 392 466 440 395 441 442 443 406 30 444 445 443 444 445 466 536 537 688 842 857 892 893 908 
43 437 438 387 389 391 393 394 395 396 45 400 404 409 410 30 411 412 440 443 444 445 466 468 469 470 471 514 536 537 593 688 714 749 771 772 773 774 775 842 857 892 893 908 
45 437 438 468 439 469 593 714 749 771 395 772 441 773 442 470 471 774 30 444 775 445 443 444 445 466 468 469 470 471 536 537 593 688 714 749 771 772 773 774 775 842 857 892 893 908 
46 437 438 440 387 389 391 393 394 395 396 45 400 442 404 406 409 410 30 411 412 442 443 444 445 466 468 469 470 471 389 536 537 593 688 714 749 771 772 773 774 775 842 857 892 893 908 
47 437 438 440 441 387 389 391 393 394 395 396 45 441 400 404 406 409 410 30 411 412 443 444 445 466 468 469 470 471 389 536 537 593 688 714 749 771 772 773 774 775 832 842 857 892 893 908 
32 437 438 437 438 536 439 688 466 440 842 395 857 441 442 892 893 908 537 30 444 445 444 445 466 536 537 688 842 857 892 893 908 
35 437 438 440 443 438 439 440 395 441 442 443 30 445 445 466 468 469 470 471 536 537 593 688 714 749 771 772 773 774 775 842 857 892 893 908 
41 437 438 440 443 444 437 438 439 466 440 842 395 441 442 892 443 908 537 30 444 466 468 469 470 471 536 537 593 688 714 749 771 772 773 774 775 842 857 892 893 908 
7 391 393 394 395 396 30 411 
12 384 448 385 449 383 450 45 386 30 448 405 955 
8 447 447 385 591 383 45 386 30 
6 447 385 383 45 386 30 
11 447 385 527 383 45 386 474 30 472 473 926 
76 563 647 564 565 395 855 45 590 566 914 930 567 568 944 30 569 959 458 405 401 408 535 563 564 565 566 567 568 569 123 586 589 590 592 607 619 647 676 126 689 705 1039 707 722 739 747 779 784 785 791 132 801 133 134 1007 135 828 855 1064 856 141 862 142 878 145 1011 910 914 149 930 935 937 938 939 944 959 
19 453 454 418 383 455 400 456 30 457 458 453 454 457 458 110 548 549 712 750 
34 452 452 454 548 383 455 45 400 456 549 30 457 458 454 456 457 458 462 405 539 540 541 549 580 581 679 687 710 712 720 734 750 811 872 
31 452 453 452 453 548 383 395 455 396 45 400 580 402 456 549 30 581 457 458 582 458 405 401 408 549 556 584 631 719 800 801 
18 452 453 454 734 852 813 400 580 456 810 814 687 30 458 518 549 712 719 
14 422 452 453 454 455 453 402 30 830 458 549 584 585 712 
20 452 453 454 452 453 45 30 458 462 539 540 541 581 710 712 719 720 750 811 872 
32 452 453 454 452 453 454 548 734 527 383 395 455 396 45 400 402 456 107 549 30 581 457 582 451 405 401 408 542 549 719 800 801 
1 30 
8 199 200 93 45 991 117 30 210 
5 400 30 575 806 820 
12 453 389 841 395 399 400 109 207 30 457 401 844 
32 157 198 199 200 157 93 202 45 203 367 991 182 30 33 210 211 123 992 1039 127 132 133 134 1007 135 1064 139 141 142 144 147 149 
29 969 970 969 970 391 393 394 395 396 45 30 411 202 123 126 1039 127 132 133 134 1007 135 1064 139 141 142 144 145 149 
2 45 30 
16 438 443 445 438 439 688 440 395 441 442 443 537 30 444 445 537 
12 415 234 809 744 730 571 30 886 525 552 498 405 
15 440 439 469 440 395 441 442 470 471 30 444 445 469 471 772 
24 440 468 468 439 390 392 440 395 441 442 406 30 444 445 470 471 593 714 749 771 772 773 774 775 
13 440 468 439 469 440 395 441 442 471 30 444 445 772 
21 440 468 470 468 439 469 440 771 395 772 441 442 774 30 444 445 714 749 771 774 775 
7 385 383 450 45 386 30 405 
7 385 383 450 45 386 568 30 
6 450 385 383 45 386 30 
25 476 477 478 479 480 418 481 482 45 483 484 485 30 486 476 478 479 480 481 482 483 484 485 486 681 
24 475 475 477 478 480 418 481 482 45 483 484 485 30 486 478 479 480 481 482 483 484 485 486 681 
30 475 476 387 389 391 393 394 395 396 45 400 404 409 410 30 411 412 479 480 481 482 483 484 485 486 541 648 681 153 871 
34 475 476 475 476 479 480 418 481 482 45 483 403 484 485 30 681 486 479 480 481 482 483 484 485 486 399 401 408 681 778 800 801 379 819 
18 475 478 475 476 477 478 480 418 481 482 45 483 484 485 30 486 482 681 
25 475 476 478 479 475 476 477 478 418 481 482 45 483 484 485 30 486 481 482 483 484 485 486 401 681 
24 475 476 478 479 480 475 476 477 478 480 418 482 45 483 484 485 30 486 482 483 484 485 486 681 
27 475 476 478 479 480 481 475 476 477 478 479 480 418 481 45 483 403 484 485 30 486 483 484 485 486 403 681 
24 475 476 478 479 480 481 482 475 476 477 478 480 418 481 482 45 484 485 30 486 484 485 486 681 
24 475 476 478 479 480 481 482 483 475 476 477 478 480 418 481 482 45 483 485 30 486 485 486 681 
25 475 476 478 479 480 481 482 483 484 475 476 477 478 480 418 481 482 45 483 484 30 681 486 486 681 
25 475 476 478 479 480 481 482 483 484 485 475 476 477 478 480 418 481 482 45 483 484 485 30 681 800 
9 157 45 897 30 90 99 167 171 897 
19 489 490 491 492 493 494 495 496 45 497 400 106 498 499 500 30 526 648 649 
5 488 496 45 30 496 
17 488 605 608 609 496 45 610 400 611 612 613 614 615 30 616 617 496 
5 488 496 45 30 496 
6 488 496 45 400 30 496 
7 488 496 45 400 753 30 496 
12 488 757 496 758 45 400 759 760 30 761 496 398 
6 488 496 45 400 30 496 
52 415 488 489 490 491 492 493 494 495 489 490 491 492 493 494 495 45 497 400 106 498 499 500 30 497 498 499 500 405 401 527 605 608 611 612 613 615 680 719 753 758 759 760 762 800 807 817 845 853 888 924 952 
6 488 496 496 45 30 761 
13 488 496 564 496 45 873 400 234 571 30 467 552 761 
9 488 496 526 496 45 30 519 859 883 
24 488 496 606 680 807 817 826 496 853 45 400 911 30 951 952 606 680 807 817 826 853 911 951 952 
22 502 503 504 505 506 507 508 509 510 511 400 512 513 514 515 516 30 502 504 509 510 515 
18 501 501 503 640 505 506 507 509 511 717 400 512 513 514 516 30 504 509 
56 501 502 505 506 507 509 511 400 512 513 514 516 30 504 505 506 507 508 509 510 511 512 513 515 516 530 158 531 532 577 578 579 639 640 641 659 716 717 723 724 735 736 751 816 821 822 823 824 825 846 847 848 849 850 851 900 
17 501 501 502 503 505 506 507 509 510 511 400 512 513 514 516 30 509 
55 501 502 503 504 503 507 511 400 512 513 514 516 816 30 506 507 508 509 510 511 512 513 515 516 530 158 531 532 577 578 579 639 640 641 659 716 717 723 724 735 736 751 816 821 822 823 824 825 846 847 848 849 850 851 900 
43 501 502 503 504 503 723 505 507 509 511 400 512 513 514 516 30 825 508 509 510 511 515 639 640 641 716 717 723 735 736 751 821 822 823 824 825 846 847 848 849 850 851 900 
58 501 502 503 504 505 506 530 158 503 505 531 511 400 512 513 514 532 516 30 508 509 510 511 512 513 515 516 530 158 531 532 577 578 579 639 640 641 659 716 717 723 724 735 736 751 816 821 822 823 824 825 846 847 848 849 850 851 900 
20 501 503 505 506 507 509 511 822 400 512 513 514 516 823 824 30 509 822 823 824 
66 501 502 503 504 506 508 501 639 716 502 503 735 640 504 505 821 506 507 508 846 510 511 847 822 717 400 512 513 514 515 736 848 849 516 850 823 824 751 641 30 851 510 511 515 158 639 640 641 716 717 723 735 736 751 821 822 823 824 825 846 847 848 849 850 851 900 
16 501 504 509 501 503 505 506 507 509 511 400 512 513 514 516 30 
58 501 502 503 504 505 506 507 508 509 510 503 723 505 506 507 509 400 512 513 514 516 724 30 512 513 515 516 530 158 531 532 577 578 579 639 640 641 659 716 717 723 724 735 736 751 816 821 822 823 824 825 846 847 848 849 850 851 900 
115 501 502 503 504 505 506 507 508 509 510 511 158 652 692 503 731 732 505 693 733 507 653 654 45 511 579 655 656 400 513 657 514 420 658 516 533 694 884 30 659 695 546 513 515 516 530 158 531 532 556 577 578 579 595 596 597 598 599 600 601 639 640 641 664 665 666 667 668 669 670 671 672 686 696 697 698 699 700 701 702 703 704 716 717 723 724 726 735 736 751 792 793 794 379 816 821 822 823 824 825 833 846 847 848 849 850 851 865 876 877 898 900 917 929 934 
56 501 502 503 504 505 506 507 508 509 510 511 512 577 503 578 505 507 511 400 512 514 516 30 515 516 530 158 531 532 577 578 579 639 640 641 659 716 717 723 724 735 736 751 816 821 822 823 824 825 846 847 848 849 850 851 900 
73 501 502 503 504 505 506 507 508 509 510 511 512 513 439 418 653 45 655 656 400 533 30 659 515 516 530 158 531 532 533 546 577 578 579 639 640 641 652 653 654 655 656 657 658 659 692 693 694 695 716 717 723 724 731 732 733 735 736 751 816 821 822 823 824 825 846 847 848 849 850 851 884 900 
15 501 509 501 503 505 506 507 509 511 400 512 513 514 516 30 
55 501 502 503 504 505 506 507 508 509 510 511 512 513 515 503 505 507 511 400 512 513 514 30 825 530 158 531 532 577 578 579 639 640 641 659 716 717 723 724 735 736 751 816 821 822 823 824 825 846 847 848 849 850 851 900 
14 527 601 45 400 30 602 405 408 527 721 762 777 888 924 
23 392 387 389 391 519 520 392 394 395 455 396 45 397 400 402 405 30 411 216 521 412 520 521 
13 518 392 527 740 741 45 400 643 651 499 30 216 919 
22 392 518 518 387 389 391 392 394 395 396 45 397 400 402 405 571 30 411 216 521 412 521 
22 392 518 520 518 387 389 391 520 392 394 395 396 45 397 400 402 405 30 411 216 412 398 
6 395 45 109 420 30 592 
6 419 45 398 407 408 30 
2 30 525 
16 467 524 730 30 570 594 777 787 804 808 835 839 863 887 948 954 
4 499 488 527 30 
62 422 1018 450 458 517 519 405 401 408 526 517 682 390 392 755 762 763 496 764 395 45 765 544 400 766 402 555 415 234 405 643 407 30 216 234 592 1032 606 609 610 612 614 616 617 1035 1036 642 643 648 650 761 963 800 801 826 827 845 859 871 911 932 951 
9 964 728 757 558 45 234 208 30 35 
7 418 419 395 420 30 560 708 
19 507 158 503 505 507 531 511 400 512 513 514 532 516 533 30 158 531 532 900 
18 507 530 158 530 158 503 505 507 511 400 512 513 514 532 516 30 532 900 
21 507 530 158 531 530 158 503 505 507 531 511 579 400 512 513 514 516 30 723 825 900 
32 512 514 530 692 693 653 396 45 655 656 400 514 694 30 659 695 546 652 653 654 655 656 657 658 659 692 693 694 695 732 733 884 
7 415 405 395 45 400 415 30 
2 30 451 
13 443 438 439 440 395 441 442 443 537 30 444 445 537 
23 443 445 466 536 438 536 439 466 440 395 857 441 442 893 443 30 444 445 688 857 892 893 908 
3 419 45 30 
4 453 400 30 457 
7 453 541 542 543 544 30 457 
9 540 453 477 719 811 754 30 457 800 
4 540 396 30 458 
6 408 540 30 555 800 801 
8 408 527 540 764 45 30 888 888 
1 30 
22 512 158 652 653 654 45 655 656 400 657 514 658 533 30 659 652 653 654 657 658 659 154 
5 229 309 418 45 30 
10 453 454 458 452 30 706 549 584 719 750 
16 453 454 458 405 452 453 454 548 383 455 45 400 456 30 458 719 
4 558 562 30 435 
4 395 400 30 552 
14 467 498 551 30 690 799 818 836 885 906 918 947 961 962 
1 30 
6 85 93 395 45 105 30 
12 408 527 395 45 379 543 400 30 888 800 801 888 
28 430 405 423 557 454 387 389 391 558 419 559 394 395 396 45 400 512 560 401 408 30 411 412 560 618 840 875 889 
9 408 556 419 394 400 30 576 558 800 
18 421 405 401 403 408 528 550 556 557 394 400 798 30 576 800 801 379 861 
3 556 45 30 
22 430 556 556 387 389 391 394 395 396 45 400 401 420 529 408 30 411 412 618 840 875 889 
1 30 
18 550 387 389 391 393 394 395 396 45 802 400 404 409 410 30 411 412 645 
12 451 564 565 395 45 566 567 568 30 569 451 569 
55 451 498 563 586 705 707 739 392 779 565 395 784 396 45 566 567 568 785 30 569 451 566 568 569 586 589 590 607 619 647 676 689 705 707 722 739 747 779 784 785 791 828 855 856 862 878 910 914 930 935 937 938 939 944 959 
58 451 563 564 791 395 45 567 30 828 451 566 568 569 123 586 589 590 607 619 647 676 126 689 705 1039 707 127 722 739 747 779 784 785 791 132 133 134 1007 135 828 855 1064 856 141 862 142 878 144 910 914 149 930 935 937 938 939 944 959 
48 451 405 563 564 392 564 565 395 45 567 568 30 569 451 567 568 569 586 589 590 607 619 647 676 689 705 707 722 739 747 779 784 785 791 828 855 856 862 878 910 914 930 935 937 938 939 944 959 
45 451 563 564 565 566 392 566 935 30 569 451 568 569 586 589 590 607 619 647 676 689 705 707 722 739 747 779 784 785 791 379 828 855 856 862 878 910 914 930 935 937 938 939 944 959 
58 451 473 405 563 564 566 619 689 722 747 564 565 395 856 45 878 566 567 935 937 938 30 569 451 939 569 586 589 590 607 619 647 676 689 705 707 722 739 747 779 784 785 791 828 855 856 862 878 910 914 926 930 935 937 938 939 944 959 
52 451 563 564 566 567 568 563 564 791 565 395 45 862 566 567 568 910 30 828 451 676 586 589 590 607 619 647 676 689 705 707 722 739 747 779 784 785 791 828 855 856 862 878 910 914 930 935 937 938 939 944 959 
3 571 30 525 
17 467 498 520 570 30 729 770 783 835 839 879 885 887 890 919 948 954 
1 30 
5 964 574 115 30 574 
6 573 964 573 115 30 210 
4 461 400 402 30 
6 557 558 396 400 30 798 
16 513 503 578 505 507 511 579 400 512 513 514 516 30 578 579 900 
16 513 577 577 503 505 507 511 579 400 512 513 514 516 30 579 900 
18 512 532 577 578 577 503 578 505 507 511 400 512 513 514 516 30 659 900 
5 454 455 453 603 30 
6 454 458 453 795 30 457 
6 454 458 905 754 30 754 
20 387 387 635 389 391 393 394 395 396 45 636 637 400 404 638 409 410 30 411 412 
9 454 548 1030 45 456 30 585 1030 585 
7 584 1030 584 1030 45 456 30 
11 564 564 565 395 45 566 567 568 30 569 451 
17 387 389 391 392 393 394 395 396 45 400 404 409 410 30 411 412 919 
7 82 200 383 45 117 118 30 
11 564 565 395 45 590 566 567 568 30 569 451 
12 451 589 564 565 395 45 566 567 568 30 569 451 
10 448 385 383 45 624 386 115 625 30 942 
15 114 522 82 84 199 85 230 527 100 45 1031 358 30 35 451 
11 440 439 469 440 395 441 442 30 444 445 749 
3 400 30 525 
17 596 597 598 395 45 599 400 512 600 30 596 597 598 599 600 726 934 
17 595 595 597 598 395 45 599 400 512 600 30 597 598 599 600 726 934 
17 595 596 595 596 598 395 45 599 400 512 600 30 598 599 600 726 934 
17 595 596 597 595 596 597 395 45 599 400 512 600 30 599 600 726 934 
20 595 596 597 598 595 596 597 598 395 45 400 512 600 30 600 726 793 794 833 934 
17 595 596 597 598 599 595 596 597 598 395 45 599 400 512 30 726 934 
12 517 405 408 686 419 395 45 400 512 405 30 379 
9 517 405 408 396 45 400 725 30 379 
9 580 30 687 713 715 734 813 814 841 
11 45 400 415 643 30 643 648 650 827 859 883 
6 490 496 45 400 30 1032 
5 500 527 400 500 30 
10 564 565 395 45 566 567 568 30 569 451 
4 490 496 45 30 
6 415 490 234 527 400 30 
4 490 527 400 30 
6 490 496 45 400 30 883 
4 490 527 496 30 
5 490 496 45 400 30 
4 490 527 400 30 
5 490 496 45 400 30 
4 490 527 400 30 
4 490 527 400 30 
16 556 387 389 391 394 395 396 45 400 560 401 408 30 411 412 840 
11 568 564 565 395 45 566 567 568 30 569 451 
16 410 387 389 391 393 394 395 396 45 400 404 409 410 30 411 412 
12 90 366 99 990 365 275 990 622 45 30 622 171 
14 90 366 99 990 621 198 365 990 621 686 45 367 30 171 
7 385 383 45 624 386 625 30 
8 591 623 385 383 45 386 30 960 
9 591 623 385 383 45 386 30 916 960 
16 387 389 391 392 394 395 396 45 397 400 402 405 30 411 412 936 
5 385 383 45 386 30 
5 385 383 45 386 30 
5 385 383 45 386 30 
11 631 400 632 633 634 30 631 632 633 634 923 
13 630 454 630 419 400 632 633 634 30 632 633 634 923 
11 630 631 630 631 400 633 634 30 633 634 923 
11 630 631 632 630 631 400 632 634 30 634 923 
11 630 631 632 633 630 631 400 632 633 30 923 
31 393 409 583 387 389 391 89 393 394 395 396 45 636 637 400 404 638 409 410 30 411 412 636 637 638 743 786 788 789 796 860 
30 393 409 583 635 387 635 389 391 393 394 395 396 45 637 400 404 638 409 410 30 411 412 637 638 743 786 788 789 796 860 
25 393 409 583 635 636 387 635 389 391 393 394 395 396 45 636 400 404 638 409 410 30 411 412 638 796 
30 393 409 583 635 636 637 387 635 389 391 393 394 395 396 45 636 637 400 404 409 410 30 411 412 743 786 788 789 796 860 
17 509 503 640 505 506 507 509 511 400 512 513 514 516 641 30 641 851 
22 502 509 639 503 505 506 507 509 511 400 512 513 514 736 516 751 30 717 736 751 846 851 
15 509 639 639 503 505 506 507 509 511 400 512 513 514 516 30 
6 527 45 400 643 30 643 
27 415 519 405 527 359 604 642 642 648 650 721 527 827 859 45 883 400 402 604 30 216 932 648 682 859 883 888 
5 385 383 45 386 30 
11 86 87 419 92 77 45 78 105 108 562 30 
3 400 405 30 
11 451 564 565 395 45 566 567 568 30 569 451 
18 643 488 477 392 527 649 395 400 402 415 604 643 30 216 650 827 859 883 
24 403 404 648 488 387 388 376 389 391 394 395 396 45 398 379 399 400 403 407 408 30 411 412 798 
9 643 648 527 395 400 604 30 216 859 
6 519 392 45 400 415 30 
20 512 546 653 654 45 655 656 400 657 514 658 533 30 659 546 653 654 657 658 659 
33 512 514 533 546 652 652 654 45 655 656 400 657 514 658 533 30 659 546 654 655 656 657 658 659 692 693 694 695 731 732 733 884 902 
20 512 546 652 653 652 653 45 655 656 400 657 514 658 533 30 659 546 657 658 659 
31 512 514 533 546 652 653 654 158 731 732 733 653 45 656 400 514 533 30 659 656 657 658 659 692 693 694 695 731 732 733 884 
30 512 514 533 546 652 653 654 655 418 395 653 45 655 400 514 421 533 884 30 659 657 658 659 692 693 694 695 731 732 733 
21 512 546 652 653 654 652 395 653 654 45 655 656 400 514 658 533 30 659 546 658 659 
21 512 546 652 653 654 657 652 843 653 654 45 655 656 400 657 514 533 30 659 546 659 
51 512 514 533 546 652 653 654 655 656 657 658 158 652 692 503 731 732 418 505 693 733 507 395 653 654 45 511 579 655 656 400 513 657 514 420 658 516 533 694 884 30 695 546 692 693 694 695 731 732 733 884 
22 397 407 387 388 376 389 391 394 395 396 45 398 399 400 403 406 407 30 411 412 800 803 
1 30 
1 30 
2 45 30 
22 665 45 666 400 512 667 668 669 670 671 672 30 665 666 667 668 669 670 671 672 929 934 
20 664 664 45 400 512 667 668 669 670 671 672 30 667 668 669 670 671 672 929 934 
18 664 664 45 400 512 668 876 669 671 30 877 668 669 671 876 877 898 934 
20 664 665 664 665 45 400 512 668 669 670 671 672 30 668 669 670 671 672 929 934 
22 664 665 666 667 664 665 45 666 400 512 667 669 670 671 672 30 669 670 671 672 929 934 
24 664 665 666 667 668 664 665 45 666 400 512 667 668 670 671 672 30 877 670 671 672 877 929 934 
22 664 665 667 668 669 664 665 45 400 512 667 668 669 671 672 30 877 671 672 877 929 934 
24 664 665 666 667 668 669 670 664 665 45 666 400 512 667 668 669 670 672 30 877 672 877 929 934 
20 664 665 667 668 669 670 671 664 665 45 400 512 667 668 669 670 671 30 929 934 
20 388 387 388 376 389 391 394 395 396 45 398 399 403 407 30 675 411 412 675 880 
17 388 387 388 376 389 391 394 395 396 45 398 399 403 407 30 411 412 
22 388 673 387 388 376 389 391 394 395 396 45 398 673 399 880 403 407 30 411 412 798 880 
12 388 569 564 565 395 45 566 567 568 30 569 451 
19 395 387 389 391 392 394 395 396 45 397 400 402 405 30 411 412 379 803 845 
3 99 45 30 
4 405 453 30 712 
6 500 496 45 400 500 30 
17 478 485 475 476 477 478 479 480 418 481 482 45 483 484 485 30 486 
10 415 405 527 45 683 415 643 30 721 741 
5 682 721 45 415 30 
4 45 109 30 35 
7 420 686 418 419 420 30 800 
9 601 622 685 45 400 512 30 800 379 
6 455 453 603 400 30 841 
13 443 466 438 439 440 395 441 442 443 537 30 444 445 
11 568 564 565 395 45 566 567 568 30 569 451 
2 30 552 
5 385 383 45 386 30 
17 512 533 659 693 653 45 655 656 400 514 533 694 30 659 695 694 695 
16 512 533 659 692 653 45 655 656 400 514 533 30 659 694 695 732 
17 512 533 659 692 692 693 653 45 655 656 400 514 533 30 659 695 695 
17 512 533 659 692 694 692 693 653 45 655 656 400 514 533 694 30 659 
23 697 698 699 45 700 400 512 701 702 30 703 704 697 698 699 700 701 702 703 704 792 917 934 
22 696 696 698 699 45 700 400 512 701 702 30 703 704 698 699 700 701 702 703 704 917 934 
22 696 697 696 697 699 45 700 400 512 701 702 30 703 704 699 700 701 702 703 704 917 934 
22 696 697 698 696 697 698 45 700 400 512 701 702 30 703 704 700 701 702 703 704 917 934 
22 696 697 698 699 696 697 698 699 45 400 512 701 702 30 703 704 701 702 703 704 917 934 
22 696 697 698 699 700 696 697 698 699 45 700 400 512 702 30 703 704 702 703 704 917 934 
22 696 697 698 699 700 701 696 697 698 699 45 700 400 512 701 30 703 704 703 704 917 934 
24 696 697 698 699 700 701 702 696 697 698 699 45 700 400 512 701 702 30 704 704 726 898 917 934 
22 696 697 698 699 700 701 702 703 696 697 698 699 45 700 400 512 701 702 30 703 917 934 
11 564 564 565 395 45 566 567 568 30 569 451 
19 390 548 387 389 391 392 393 394 395 396 45 400 404 409 410 30 411 412 750 
11 564 564 565 395 45 566 567 568 30 569 451 
12 392 426 427 395 429 709 402 529 434 30 435 838 
17 426 429 435 708 391 392 426 427 395 429 400 402 434 30 216 435 838 
5 453 30 712 457 712 
1 30 
13 710 452 453 679 719 710 720 455 456 810 30 750 457 
2 603 30 
11 440 439 469 440 395 441 442 471 30 444 445 
2 603 30 
15 509 503 505 506 507 509 511 717 400 512 513 514 516 30 717 
19 502 509 716 716 503 640 505 506 507 509 846 511 400 512 513 514 516 30 846 
1 30 
15 541 712 454 548 720 383 496 455 45 106 109 549 30 457 458 
5 712 719 453 30 457 
8 643 683 517 682 395 400 415 30 
11 568 564 565 395 45 566 567 568 30 569 451 
19 506 511 503 505 506 94 507 509 511 400 512 513 514 532 516 724 30 724 900 
14 511 723 503 723 505 507 511 400 512 513 514 516 30 900 
20 395 391 602 387 389 391 392 394 395 396 45 397 400 402 405 30 411 412 790 800 
12 595 596 597 598 395 45 599 400 512 600 30 703 
17 213 387 389 391 393 394 395 396 45 400 404 409 410 30 411 216 412 
6 528 45 400 30 800 155 
3 730 571 30 
7 467 525 729 400 30 777 891 
17 512 655 659 158 732 733 395 653 45 655 656 400 514 30 659 732 733 
18 512 655 659 731 158 731 693 733 653 45 655 656 400 514 533 30 659 733 
17 512 655 659 731 732 158 731 732 653 45 655 656 400 514 533 30 659 
5 455 458 453 603 30 
15 509 503 505 506 507 509 511 400 512 513 514 736 516 30 736 
17 509 640 735 503 735 640 505 506 507 509 511 400 512 513 514 516 30 
8 386 385 383 45 386 30 738 942 
6 737 385 383 45 386 30 
11 564 564 565 395 45 566 567 568 30 569 451 
6 519 45 415 30 805 919 
7 519 682 45 415 30 216 805 
2 30 122 
12 635 391 393 394 636 404 638 409 410 30 411 412 
3 467 30 902 
7 403 392 395 852 45 790 30 
5 385 383 45 386 30 
11 568 564 565 395 45 566 567 568 30 569 451 
5 45 109 117 30 211 
12 440 439 469 593 440 395 441 442 471 30 444 445 
7 712 452 453 548 30 457 706 
15 509 640 503 640 505 506 507 509 511 400 512 513 514 516 30 
1 30 
5 493 496 45 400 30 
6 398 541 582 30 582 861 
7 527 389 390 418 395 45 30 
7 389 383 95 45 114 30 122 
5 494 528 400 406 30 
4 494 496 45 30 
4 494 496 45 30 
4 494 496 45 30 
6 494 527 497 400 498 30 
20 415 405 527 387 517 389 391 392 394 496 395 396 45 397 400 402 405 30 411 412 
7 415 405 527 45 415 106 30 
19 415 405 527 544 387 389 391 392 394 395 396 45 397 400 402 405 30 411 412 
7 415 405 527 45 400 415 30 
7 415 405 527 45 400 415 30 
7 420 421 45 30 768 769 768 
9 421 767 767 45 30 933 769 769 933 
7 421 767 768 45 30 768 933 
2 571 30 
13 440 471 439 469 440 395 441 442 471 30 444 445 772 
16 440 471 468 439 469 440 771 395 441 442 470 774 30 444 775 445 
10 440 439 469 440 395 441 442 30 444 445 
14 440 471 772 439 469 440 395 441 442 471 30 444 445 775 
13 440 772 439 469 440 395 441 442 471 774 30 444 445 
5 385 383 45 386 30 
4 517 730 30 525 
6 478 419 383 45 30 122 
11 564 564 565 395 45 566 567 568 30 569 451 
15 426 427 435 426 427 395 429 781 400 782 434 30 435 781 782 
17 427 435 780 780 426 427 395 429 400 106 782 407 433 434 30 435 782 
14 427 435 780 781 780 426 427 395 429 781 400 434 30 435 
2 571 30 
11 564 564 565 395 45 566 567 568 30 569 451 
11 564 564 565 395 45 566 567 568 30 569 451 
12 635 391 393 394 636 404 638 409 410 30 411 412 
2 30 525 
12 635 391 393 394 636 404 638 409 410 30 411 412 
12 635 391 393 394 636 404 638 409 410 30 411 412 
17 745 387 389 391 393 394 395 396 45 400 404 725 409 410 30 411 412 
12 565 569 564 565 395 45 566 567 568 30 569 451 
11 696 45 400 512 793 30 794 793 794 833 934 
11 792 792 45 599 400 512 30 794 794 833 934 
11 792 793 792 45 599 400 512 793 30 833 934 
6 581 385 383 45 386 30 
21 430 393 387 635 389 391 393 394 395 396 45 636 637 400 404 638 409 410 30 411 412 
16 404 387 389 391 393 394 395 396 45 400 404 409 410 30 411 412 
11 398 558 388 649 400 403 406 30 675 411 576 
2 30 552 
43 397 557 454 387 228 660 388 478 685 389 686 391 728 392 527 558 419 801 394 496 541 395 396 45 397 379 543 802 400 402 555 106 420 725 803 405 30 411 435 458 412 486 803 
28 394 401 800 454 387 478 389 391 527 558 419 394 395 396 45 543 802 400 401 555 408 30 411 458 451 412 379 802 
27 396 401 408 562 800 801 387 388 389 391 392 801 394 395 396 45 397 400 401 402 403 405 406 408 30 411 412 
25 397 407 800 387 660 677 389 391 392 800 394 395 396 45 397 430 400 402 106 420 405 30 411 845 412 
2 30 525 
20 740 741 387 389 391 392 393 394 395 396 45 400 404 409 410 30 411 412 814 883 
3 461 400 30 
5 500 496 45 500 30 
3 809 30 525 
5 467 808 400 30 863 
4 455 712 398 30 
6 541 453 872 400 30 457 
3 198 45 30 
3 455 603 30 
4 455 603 30 805 
13 306 387 389 391 395 396 45 400 401 408 30 411 412 
12 505 503 505 507 511 400 512 513 514 516 30 900 
5 500 496 45 500 30 
2 30 552 
15 306 387 478 389 391 395 396 45 400 401 408 119 30 411 412 
3 461 400 30 
19 509 503 505 506 507 509 511 822 400 512 513 514 516 823 824 30 822 823 824 
20 508 509 821 503 505 821 506 507 508 509 511 400 512 513 514 516 850 30 848 850 
23 508 509 821 503 505 821 506 507 508 509 511 400 512 513 514 849 516 850 824 30 824 849 850 
21 508 509 821 823 503 505 821 506 507 508 509 511 400 512 513 514 516 850 823 30 850 
17 506 516 503 505 506 94 507 509 511 400 512 513 514 532 516 30 900 
5 500 527 400 500 30 
7 643 648 527 400 604 30 216 
12 565 569 564 565 395 45 566 567 568 30 569 451 
6 385 383 45 386 30 830 
19 456 402 829 387 389 391 392 394 395 396 45 397 400 402 405 30 411 412 958 
1 30 
4 45 442 415 30 
8 792 45 599 400 512 793 30 794 
2 45 30 
3 571 30 525 
2 30 552 
5 385 383 45 386 30 
11 708 392 426 427 395 429 709 402 434 30 435 
3 571 30 525 
17 430 556 387 618 389 391 394 395 396 45 400 560 401 408 30 411 412 
7 462 603 395 400 687 30 216 
12 443 445 438 439 440 395 441 442 443 30 444 445 
3 658 45 30 
13 387 389 391 395 396 45 400 401 408 462 30 411 412 
23 395 803 387 677 389 391 392 527 394 496 395 396 45 397 874 400 402 234 420 405 30 411 412 
16 509 717 503 640 505 506 507 509 511 717 400 512 513 514 516 30 
15 509 503 505 506 507 509 511 400 512 513 514 516 30 851 851 
16 509 503 505 506 507 509 511 822 400 512 513 514 516 30 851 851 
16 509 823 503 505 506 507 509 511 400 512 513 514 516 823 30 850 
20 509 822 823 824 503 505 506 507 509 511 822 400 512 513 514 849 516 823 824 30 
19 509 847 848 639 503 640 505 506 507 509 511 847 400 512 513 514 848 516 30 
17 455 745 387 389 391 392 394 395 396 45 397 400 402 405 30 411 412 
6 500 496 45 400 500 30 
13 198 199 200 93 202 203 367 991 182 30 33 210 211 
11 451 564 565 395 45 566 567 568 30 569 451 
11 568 564 565 395 45 566 567 568 30 569 451 
14 443 537 438 439 440 395 441 442 443 537 30 444 445 893 
6 385 392 383 45 386 30 
11 643 648 650 527 395 400 604 643 499 30 216 
18 387 635 389 391 393 394 395 396 45 636 400 404 638 409 410 30 411 412 
17 396 387 389 391 558 394 395 396 45 862 400 401 408 754 30 411 412 
13 398 569 861 564 565 395 45 566 567 568 30 569 451 
4 400 809 30 525 
15 387 389 391 392 394 395 396 45 397 400 402 405 30 411 412 
4 45 400 512 30 
15 387 389 391 393 394 395 396 45 404 409 410 30 411 412 919 
7 384 416 385 383 45 386 30 
1 30 
3 45 108 30 
16 410 387 389 391 393 394 395 396 45 400 404 409 410 30 411 412 
12 477 385 527 214 383 95 45 386 109 358 30 35 
6 811 453 400 401 30 457 
7 498 408 395 396 45 400 30 
5 845 418 419 395 30 
16 430 556 387 389 391 394 395 396 45 400 560 401 408 30 411 412 
10 666 45 666 400 512 30 877 877 898 934 
16 666 669 670 671 876 45 666 400 512 876 669 670 671 30 898 934 
11 568 564 565 395 45 566 567 568 30 569 451 
2 571 30 
20 675 387 388 376 389 391 394 395 396 45 398 673 399 400 403 407 30 675 411 412 
1 30 
5 385 383 45 386 30 
11 643 648 45 400 611 604 643 499 30 216 805 
12 512 656 659 653 45 655 400 896 514 533 30 659 
5 400 571 30 886 552 
3 467 885 30 
3 571 30 525 
9 544 555 517 496 45 544 555 643 30 
16 430 556 387 389 391 394 395 396 45 400 560 401 408 30 411 412 
4 400 234 571 30 
2 730 30 
13 443 445 438 439 440 395 441 442 443 537 30 444 445 
14 443 537 438 439 440 395 857 441 442 443 537 30 444 445 
15 387 389 391 393 394 395 396 45 404 409 410 30 411 412 919 
3 401 395 30 
5 884 45 30 902 903 
3 487 30 487 
8 45 666 400 512 876 30 703 877 
1 30 
22 530 577 503 723 578 505 506 507 509 531 511 579 400 512 513 514 532 516 724 816 30 825 
1 30 
6 653 400 896 903 744 30 
3 902 896 30 
11 402 391 392 394 395 397 402 405 30 411 412 
17 582 387 389 391 393 394 395 396 45 400 404 406 409 410 30 411 412 
2 30 552 
6 415 405 45 400 415 30 
13 443 445 438 439 440 395 441 442 443 537 30 444 445 
3 45 415 30 
12 403 569 564 565 395 45 566 567 568 30 569 451 
5 500 527 400 500 30 
6 385 383 45 386 30 122 
3 45 415 30 
11 451 564 565 395 45 566 567 568 30 569 451 
5 385 383 45 386 30 
6 385 383 45 386 625 30 
13 696 697 698 699 45 700 400 512 701 702 30 703 704 
2 30 552 
8 519 740 587 866 400 894 571 30 
13 433 387 389 391 395 396 45 400 401 408 30 411 412 
3 418 45 30 
4 45 400 415 30 
7 630 631 400 632 633 634 30 
6 517 496 45 415 234 30 
5 385 383 45 386 30 
7 385 383 450 45 386 568 30 
3 45 415 30 
3 45 415 30 
12 664 665 45 400 512 667 668 669 670 671 672 30 
11 451 564 565 395 45 566 567 568 30 569 451 
16 410 387 389 391 393 394 395 396 45 400 404 409 410 30 411 412 
5 643 527 45 400 30 
6 421 768 45 30 768 769 
34 595 664 596 696 597 697 698 792 598 665 395 699 45 700 599 666 400 512 667 668 793 876 600 701 669 702 670 671 672 30 703 877 704 794 
12 567 568 564 565 395 45 566 567 568 30 569 451 
16 387 626 389 391 392 394 395 396 45 397 400 402 405 30 411 412 
11 568 564 565 395 45 566 567 568 30 569 451 
11 568 564 565 395 45 566 567 568 30 569 451 
11 568 564 565 395 45 566 567 568 30 569 451 
5 385 383 45 386 30 
2 45 30 
7 385 737 591 383 45 386 30 
19 407 387 388 376 389 391 394 395 396 45 398 399 400 403 114 407 30 411 412 
11 451 564 565 395 45 566 567 568 30 569 451 
5 385 383 45 386 30 
5 385 383 45 386 30 
2 30 552 
3 571 30 525 
2 419 30 
5 385 383 45 386 30 
5 500 527 400 500 30 
5 500 496 45 500 30 
2 45 30 
3 571 30 525 
6 447 385 383 45 386 30 
1 30 
6 385 392 383 45 386 30 
6 385 383 45 386 30 830 
11 451 564 565 395 45 566 567 568 30 569 451 
7 385 383 45 624 386 625 30 
3 400 30 552 
2 30 552 
9 234 273 527 45 1018 1036 208 31 35 
9 422 243 528 32 90 573 574 99 171 
10 231 45 207 243 32 90 99 107 274 171 
13 304 381 57 45 305 32 1015 283 304 381 57 305 1037 
6 32 90 273 99 369 370 
13 969 45 207 33 202 123 986 988 132 1007 135 1064 144 
29 968 207 970 464 202 45 33 970 464 123 988 126 992 1039 127 132 133 134 1007 135 1094 1064 139 141 142 144 145 147 149 
13 969 969 275 464 202 45 182 33 35 464 134 141 147 
2 33 33 
11 973 199 974 45 232 975 207 33 974 975 993 
40 972 199 200 986 45 232 977 987 978 979 988 207 33 974 975 976 977 978 979 202 984 985 986 987 988 993 995 996 997 999 1000 1001 1002 1003 1004 1005 1006 1008 1009 1012 
11 972 972 973 199 45 232 975 207 33 975 993 
11 972 974 972 973 199 974 45 232 207 33 993 
11 973 199 200 45 232 977 978 979 207 33 977 
18 973 976 976 973 199 200 995 45 232 978 979 207 33 978 979 202 986 995 
16 973 976 977 973 199 200 45 232 977 979 207 33 979 202 986 995 
16 973 976 977 978 973 199 200 45 232 977 978 207 33 202 986 995 
2 207 33 
9 203 1020 1021 1022 33 1023 35 1024 1010 
3 45 33 210 
9 198 199 200 93 45 367 207 33 210 
10 202 973 199 45 232 985 207 33 988 1012 
12 202 984 973 199 45 232 207 33 986 988 1009 1012 
24 973 202 973 199 200 995 996 997 999 1000 1003 45 232 977 985 978 979 207 1005 1006 968 33 987 988 
22 973 202 973 199 996 997 999 1000 1001 1002 1003 986 1004 45 232 988 207 1005 1006 33 211 988 
16 973 202 987 969 984 973 199 986 45 232 987 985 207 968 33 35 
1 33 
16 90 366 99 198 365 199 621 200 622 45 367 33 210 621 622 171 
14 109 460 463 110 200 199 45 232 207 33 1038 171 854 1065 
13 969 199 99 45 232 463 367 107 109 75 120 33 40 
9 972 973 199 974 45 232 975 207 33 
1 33 
12 977 986 973 199 200 45 232 977 978 979 207 33 
12 90 202 99 986 987 973 199 45 232 207 33 1008 
12 90 202 99 986 987 973 199 45 232 207 33 1008 
5 275 202 182 33 35 
12 90 202 99 986 987 973 199 45 232 207 33 1008 
12 90 202 99 986 987 973 199 45 232 207 33 1008 
11 90 202 99 987 973 199 45 232 207 33 1008 
11 90 202 99 987 973 199 45 232 207 33 1008 
12 90 202 99 986 987 973 199 45 232 207 33 1008 
11 90 202 99 987 973 199 45 232 207 33 1008 
12 90 202 99 986 987 973 199 45 232 207 33 1008 
12 90 202 99 986 987 973 199 45 232 207 33 1008 
29 363 969 199 163 157 565 464 99 38 45 232 203 463 367 1026 107 109 182 39 75 207 117 120 968 33 35 336 40 451 
16 973 199 996 997 999 1000 1001 1002 1003 1004 45 232 207 1005 1006 33 
9 202 973 199 45 232 985 207 33 1012 
11 1031 981 1020 1021 1022 1077 1078 33 1023 35 1024 
6 363 93 105 109 33 451 
9 984 973 199 45 232 985 207 1009 33 
4 45 1014 35 1053 
12 1013 1015 73 45 74 1016 1048 35 35 234 73 1048 
13 1014 35 109 248 220 70 45 966 358 35 359 235 76 
3 1014 35 35 
5 35 1082 42 70 45 
13 227 1035 527 45 236 1036 1032 239 35 234 1032 1036 963 
9 1020 1021 1022 1023 35 1024 1022 1023 225 
45 110 1019 1021 1022 1023 35 1024 1021 1022 1023 1024 1025 1027 1028 1029 981 1031 1033 1034 1041 1042 1043 1044 1045 1050 1054 1055 1058 1059 1061 1062 1063 1066 1067 1070 1071 1010 1072 1073 1074 1075 1076 1077 1078 1079 
34 1019 1020 1020 1022 1023 35 1024 1022 1023 1024 1025 1027 1028 1029 981 1031 1033 1041 1042 1043 1044 1045 1055 1058 1059 1062 1066 1071 1010 1072 1076 1077 1078 1079 
56 1019 1020 1021 1019 1025 1029 1033 1041 1043 1020 1021 1058 1059 1044 1028 1062 1063 1072 1042 1045 1034 1023 35 1024 1023 1024 1025 1027 1029 981 1031 1033 1034 1041 1042 1043 1050 1054 1055 1058 1059 1061 1062 1063 1066 1067 1070 1010 1072 1073 1074 1075 1076 1077 1078 1079 
51 1019 1020 1021 1022 1019 1025 1029 1033 1020 1021 1058 1062 1072 1022 35 1024 1024 1025 1027 1028 1029 981 1031 1033 1034 1041 1042 1043 1044 1045 1050 1054 1055 1058 1059 1061 1062 1063 1066 1067 1070 1071 1010 1072 1073 1074 1075 1076 1077 1078 1079 
48 1019 1020 1021 1022 1023 1027 1043 1020 1021 1022 1042 1076 1066 1079 1023 35 1025 1027 1028 1029 981 1031 1033 1034 1041 1044 1045 1050 1054 1055 1058 1059 1061 1062 1063 1066 1067 1070 1071 1010 1072 1073 1074 1075 1076 1077 1078 1079 
8 1022 1023 1020 1021 1022 1023 35 1024 
13 123 35 1039 132 133 134 1007 135 1064 141 142 144 145 
8 1024 1020 1021 1028 1022 1023 35 1024 
8 1022 1027 1020 1021 1023 35 1024 1043 
10 1022 1023 1020 1021 1022 1023 35 1024 225 1071 
9 584 227 584 45 205 114 585 35 585 
23 110 592 1043 1050 201 1020 1021 1054 1055 1063 1068 1022 1070 1071 1023 35 1010 1024 1038 225 1047 1082 1065 
8 1018 234 605 527 45 1018 1036 35 
10 1022 1023 1020 1021 1022 1034 1023 35 1024 225 
8 1022 1033 1020 1022 1023 35 1024 1063 
7 1018 527 95 45 1036 35 1046 
11 1018 252 234 1032 1035 527 45 1018 35 963 343 
6 57 361 361 45 966 35 
19 125 82 1092 84 200 93 94 202 45 1031 102 104 991 105 210 368 35 102 368 
27 363 41 969 199 157 565 464 99 38 45 232 203 463 367 1026 107 109 182 39 75 207 117 366 120 35 40 451 
4 96 45 108 35 
10 1022 225 1020 1021 1022 1042 1023 35 1024 1063 
8 1022 1024 1041 1020 1021 1022 1023 35 
11 1022 1024 1031 1020 1021 1044 1028 1022 1045 1023 35 
9 1022 1043 1020 1021 1023 35 1024 1076 1079 
8 1022 1043 1020 1021 1023 35 1024 1066 
7 1035 73 1047 45 234 1048 35 
11 1046 1092 220 84 42 36 70 45 1031 35 1082 
9 1014 73 1046 73 45 1014 35 1052 1053 
7 214 361 214 45 216 35 1057 
6 1031 1020 1022 1023 35 1024 
4 214 214 45 35 
6 73 45 335 75 1048 35 
10 73 1013 230 73 45 248 206 1048 1081 35 
6 1031 1020 1022 1023 35 1024 
7 1031 1020 1021 1022 1023 35 1024 
2 330 35 
5 247 1049 214 45 35 
8 1022 1023 1020 1021 1022 1023 35 1024 
8 1022 225 1020 1021 1022 1023 35 1024 
3 35 1068 1069 
6 1020 1062 1022 1023 35 1024 
12 1022 1023 225 1061 1020 1021 1063 1022 1066 1023 35 1024 
12 1100 1022 1031 1062 1041 1020 1022 1067 1034 1023 35 1024 
25 363 969 199 157 565 464 99 202 38 45 232 463 367 1026 107 109 114 75 207 117 120 968 35 40 451 
13 82 1092 84 200 93 94 202 1031 104 991 105 210 35 
9 1024 1062 1020 1021 1022 1045 1023 35 1024 
6 1063 1020 1022 1023 35 1024 
4 1031 1060 35 1069 
3 1068 1060 35 
7 1031 1020 1022 1023 35 1024 1074 
7 1031 1029 1020 1021 1023 35 1024 
8 1022 1023 1020 1021 1022 1023 35 1024 
5 1020 1022 1023 35 1024 
6 1070 1020 1022 1023 35 1024 
5 1020 1022 1023 35 1024 
8 1024 1020 1021 1044 1022 1023 35 1024 
7 1010 1020 1021 1022 1023 35 1024 
7 1010 1020 1021 1022 1023 35 1024 
8 1024 1020 1021 1044 1022 1023 35 1024 
1 36 
10 376 1092 1092 42 36 70 45 248 114 1053 
11 1092 220 84 42 36 70 1100 1047 45 1031 1017 
6 37 58 42 61 70 45 
6 37 53 85 383 45 122 
7 37 42 70 45 204 66 66 
5 217 37 42 70 45 
7 39 221 360 42 37 70 45 
4 42 37 70 45 
5 42 37 70 45 66 
5 42 37 70 45 248 
8 42 70 45 220 39 221 360 226 
20 213 215 90 1098 42 70 45 1081 1081 39 99 275 305 223 1038 225 1047 1082 171 1065 
1 40 
13 969 199 93 99 45 232 367 107 109 75 207 120 40 
6 332 220 317 45 331 40 
6 332 220 317 45 331 40 
11 227 42 70 1100 45 49 110 220 221 112 226 
8 1099 42 70 1100 45 49 114 1092 
4 1098 42 70 45 
11 1097 1098 360 42 70 1063 45 242 51 74 1082 
