1 2 
13 3 4 5 6 7 8 9 10 1 5 6 11 12 
1 2 
5 2 13 14 13 15 
3 2 16 2 
3 2 16 2 
1 2 
1 2 
1 2 
1 2 
1 2 
1 2 
4 4 4 17 17 
39 18 4 19 20 21 22 23 24 25 26 27 28 29 30 31 32 33 34 35 36 37 38 25 39 40 41 42 43 19 44 23 26 33 45 46 47 48 49 50 
7 51 4 17 52 53 53 54 
59 55 56 57 58 59 60 61 62 63 64 65 66 56 58 59 60 61 62 63 64 65 67 66 5 68 69 70 71 6 72 69 70 73 74 75 76 77 78 79 80 81 82 83 84 85 86 87 88 89 90 91 92 93 94 95 96 97 98 99 
3 13 15 13 
43 27 100 101 102 103 104 105 106 107 108 109 110 111 112 113 114 115 100 14 116 117 118 119 120 121 27 122 123 36 124 125 126 127 128 129 130 131 132 133 111 134 135 136 
6 14 14 27 137 23 26 
3 14 27 30 
3 14 27 23 
32 27 122 127 125 126 14 123 118 121 115 114 138 116 109 139 112 140 100 117 141 142 143 144 27 145 134 146 147 144 143 145 146 
7 14 19 14 21 25 27 30 
31 27 122 127 125 126 14 123 118 121 115 114 138 116 148 109 148 149 112 140 150 100 117 141 142 136 27 134 147 149 150 136 
6 14 151 14 152 27 23 
7 14 19 153 14 154 27 33 
470 155 109 156 157 158 112 100 117 159 160 161 22 24 18 162 163 164 165 166 167 153 168 154 122 127 169 137 125 170 171 109 172 100 117 141 173 174 175 176 101 102 103 104 105 106 107 108 177 18 128 129 130 131 178 132 133 179 180 181 182 183 110 126 184 159 185 186 111 187 188 189 190 14 191 123 163 192 193 194 195 196 197 198 199 200 201 202 203 204 205 206 207 208 209 210 211 212 213 214 215 216 217 165 218 118 121 219 220 221 222 113 223 224 225 226 156 227 228 229 230 231 115 119 232 233 234 235 236 237 238 239 240 241 36 37 242 243 244 245 114 246 247 248 249 250 138 134 251 157 252 253 254 255 135 256 257 258 259 260 261 262 116 263 264 265 151 266 25 267 268 269 270 271 272 273 274 275 276 277 278 279 280 281 282 283 284 285 286 287 288 289 290 291 292 293 148 24 158 294 295 39 296 297 40 298 299 300 301 302 303 304 41 305 306 307 308 309 310 42 311 312 139 313 314 315 316 317 28 318 319 320 31 34 321 322 323 324 325 326 149 124 327 328 43 329 19 330 331 332 333 334 335 336 337 338 339 340 341 342 343 20 344 345 346 347 348 349 350 351 352 353 354 355 22 356 357 358 359 360 361 362 363 364 365 366 367 368 369 370 371 372 150 373 374 375 376 377 378 120 379 380 381 382 383 384 21 23 26 29 30 32 33 385 386 387 388 389 390 391 392 393 394 395 396 397 398 399 144 400 162 164 401 402 403 404 405 406 407 408 409 410 411 45 412 413 414 160 415 416 46 417 418 419 420 421 422 423 424 425 426 427 428 429 430 47 431 432 433 434 435 436 437 438 439 143 145 146 440 441 442 443 444 445 446 447 448 449 450 451 452 453 454 455 456 457 458 136 459 460 461 462 463 464 465 466 467 468 469 470 471 472 473 474 475 476 477 478 48 479 480 481 482 483 484 485 486 487 488 489 490 491 492 493 494 495 496 49 497 498 499 500 501 502 503 504 505 506 507 508 509 510 511 512 513 514 515 516 517 518 519 520 521 522 523 524 525 526 527 50 528 
15 14 316 109 172 112 100 117 141 27 173 413 436 503 518 526 
18 122 173 14 138 116 109 172 112 100 117 141 27 173 413 436 503 518 526 
4 14 23 20 27 
19 122 125 126 14 163 316 109 172 112 100 117 141 27 173 413 436 503 518 526 
2 14 27 
4 14 26 14 27 
21 127 173 14 123 114 116 316 109 172 112 100 117 141 27 173 413 429 436 503 518 526 
180 529 530 531 532 533 534 535 536 537 538 539 540 541 542 543 110 544 545 546 547 548 549 550 551 552 553 554 555 556 557 558 559 560 561 562 563 564 565 566 567 568 569 570 571 572 573 574 575 576 577 578 579 114 580 581 582 583 584 585 586 587 588 589 590 591 592 593 594 595 596 14 116 597 598 599 600 601 602 603 263 604 605 606 607 608 609 610 611 612 613 614 615 616 617 618 619 620 621 622 623 624 625 626 627 628 629 630 631 632 633 634 635 636 637 638 639 640 641 642 643 644 645 646 647 122 123 648 649 650 38 651 652 653 654 655 656 657 658 659 660 661 662 663 664 665 666 667 668 125 669 670 671 672 673 674 675 676 677 678 679 127 680 681 682 683 684 685 686 687 688 689 224 690 691 692 693 329 694 695 696 
35 100 18 232 233 234 235 236 237 238 239 240 241 109 112 250 114 115 100 14 116 117 142 118 121 27 122 123 125 138 126 134 127 37 242 243 
45 232 233 234 235 236 237 238 239 240 241 541 232 553 233 250 114 586 234 14 116 697 235 204 236 237 118 238 121 239 698 240 27 241 122 123 36 242 243 699 125 126 134 127 242 243 
5 35 14 700 358 701 
15 158 109 158 112 100 14 117 141 296 40 300 27 125 40 300 
14 158 39 109 158 112 100 14 117 39 141 296 27 304 304 
22 198 200 202 206 207 209 210 109 172 112 100 14 117 141 27 173 316 413 436 503 518 526 
23 153 123 199 118 121 116 109 110 172 112 100 14 117 141 27 122 173 316 413 436 503 518 526 
5 14 27 217 165 447 
16 147 159 702 305 113 14 703 418 704 344 123 125 127 419 362 147 
11 109 110 172 112 113 100 14 117 141 27 173 
23 160 109 110 112 113 250 114 115 100 14 116 117 160 118 215 121 27 122 123 125 126 134 127 
11 101 109 172 112 100 14 117 141 27 123 173 
9 109 172 112 100 14 117 141 27 173 
9 109 172 112 100 14 117 141 27 173 
11 109 172 112 100 14 117 141 27 123 125 173 
20 705 706 15 707 708 709 710 711 712 713 714 715 716 706 709 711 712 714 715 717 
3 15 718 719 
2 15 15 
5 720 15 721 710 716 
19 56 57 58 59 60 61 62 63 64 65 67 66 16 68 69 70 71 59 83 
57 55 58 59 60 61 62 63 64 65 67 66 16 68 722 69 70 71 57 58 59 60 61 62 63 64 65 66 16 69 70 73 74 75 76 77 78 79 80 81 82 83 84 85 86 87 88 89 90 91 92 93 94 95 96 97 98 99 
19 55 56 58 59 60 74 61 62 63 64 65 67 66 16 68 69 70 71 84 
59 55 56 57 77 56 59 60 61 62 63 64 65 67 81 66 82 16 68 69 70 71 59 60 61 62 63 64 65 66 16 69 70 73 74 75 76 77 78 79 80 81 82 83 84 85 86 87 88 89 90 91 92 93 94 95 96 97 98 99 
59 55 56 57 58 55 56 58 60 61 62 63 83 64 65 67 66 16 68 69 84 70 71 60 61 62 63 64 65 66 16 69 70 73 74 75 76 77 78 79 80 81 82 83 84 85 86 87 88 89 90 91 92 93 94 95 96 97 98 99 
57 55 56 57 58 59 56 58 59 61 62 63 64 65 85 67 66 16 68 69 70 71 61 62 63 64 65 66 16 69 70 73 74 75 76 77 78 79 80 81 82 83 84 85 86 87 88 89 90 91 92 93 94 95 96 97 98 99 
64 723 55 56 57 58 59 60 56 58 59 60 62 63 64 65 67 66 87 16 68 69 70 71 62 63 64 65 66 16 69 70 73 74 75 76 77 724 78 79 80 722 81 82 725 83 84 85 726 727 86 87 88 89 90 91 92 93 94 95 96 97 98 99 728 
58 55 56 57 58 59 60 61 56 58 59 60 61 63 64 65 67 88 66 16 68 69 89 70 71 63 64 65 66 16 69 70 73 74 75 76 77 78 79 80 81 82 83 84 85 86 87 88 89 90 91 92 93 94 95 96 97 98 99 
57 55 56 57 58 59 60 61 62 56 58 59 60 61 62 64 65 67 66 16 68 69 729 70 71 64 65 66 16 69 70 73 74 75 76 77 78 79 80 81 82 83 84 85 86 87 88 89 90 91 92 93 94 95 96 97 98 99 
56 55 56 57 58 59 60 61 62 63 56 58 59 60 61 62 63 65 67 66 16 68 69 70 71 65 66 16 69 70 73 74 75 76 77 78 79 80 81 82 83 84 85 86 87 88 89 90 91 92 93 94 95 96 97 98 99 
59 55 56 57 58 59 60 61 62 63 64 56 58 59 60 61 62 63 64 67 66 16 68 69 90 94 70 71 95 66 16 69 70 73 74 75 76 77 78 79 80 81 82 83 84 85 86 87 88 89 90 91 92 93 94 95 96 97 98 99 
56 55 56 57 58 59 60 61 62 63 64 65 56 58 59 60 61 62 63 64 65 67 16 68 69 70 71 16 69 70 73 74 75 76 77 78 79 80 81 82 83 84 85 86 87 88 89 90 91 92 93 94 95 96 97 98 99 
721 730 731 732 733 734 735 736 737 738 739 740 741 742 743 744 745 746 747 748 749 750 751 752 753 754 755 756 757 758 759 760 761 762 763 764 765 766 767 768 769 770 771 772 773 774 775 776 777 778 779 780 781 782 783 784 785 786 787 788 789 790 791 792 793 794 795 796 797 798 799 800 801 802 803 804 805 806 807 808 809 810 811 812 813 814 815 816 817 818 819 820 821 822 823 824 825 826 827 828 829 830 831 832 833 834 835 836 837 838 839 840 841 842 843 844 845 846 847 848 849 850 851 852 853 854 855 856 857 858 859 860 861 862 863 864 865 866 867 868 869 870 871 872 873 874 875 876 877 878 879 880 881 882 883 884 885 886 887 888 710 889 890 891 892 893 894 895 896 897 898 899 900 901 902 903 904 905 906 907 908 909 910 911 912 913 914 915 916 917 918 919 920 921 922 923 924 925 926 927 928 929 930 931 932 933 934 935 936 937 938 939 940 941 942 943 944 945 946 947 948 949 950 951 952 953 954 955 956 957 958 959 960 961 962 963 964 965 966 967 968 969 970 971 972 973 974 975 976 977 978 979 980 981 982 983 984 985 986 987 988 989 990 991 992 993 994 995 996 997 998 999 1000 1001 1002 1003 1004 1005 1006 1007 1008 1009 1010 1011 1012 1013 1014 1015 1016 1017 1018 1019 1020 1021 1022 1023 1024 1025 1026 1027 1028 1029 1030 1031 1032 1033 1034 1035 1036 1037 1038 1039 1040 1041 1042 1043 1044 1045 1046 1047 1048 1049 1050 1051 1052 1053 1054 1055 1056 1057 1058 1059 1060 1061 1062 1063 1064 1065 1066 1067 1068 1069 1070 1071 1072 1073 1074 1075 1076 55 56 57 58 59 60 61 62 63 64 65 66 16 69 70 71 1077 1078 1079 1080 1081 1082 1083 1084 1085 1086 1087 1088 1089 1090 1091 1092 1093 1094 1095 1096 1097 1098 1099 1100 1101 1102 1103 1104 73 74 75 1105 1106 1107 1108 1109 1110 705 1111 1112 1113 1114 1115 1116 1117 1118 1119 1120 1121 1122 1123 1124 1125 1126 1127 1128 1129 1130 1131 1132 1133 1134 1135 1136 1137 1138 1139 1140 1141 1142 1143 1144 1145 1146 1147 1148 1149 1150 1151 1152 1153 1154 1155 1156 1157 1158 1159 1160 1161 1162 1163 1164 1165 1166 1167 1168 1169 1170 1171 1172 1173 1174 1175 1176 1177 1178 1179 1180 1181 1182 1183 1184 1185 1186 76 1187 1188 1189 1190 1191 1192 1193 1194 1195 1196 1197 1198 1199 1200 1201 1202 1203 1204 1205 1206 1207 1208 1209 1210 1211 1212 1213 1214 1215 1216 1217 1218 1219 1220 1221 1222 1223 1224 1225 1226 1227 1228 1229 1230 1231 1232 1233 1234 1235 1236 1237 1238 1239 1240 1241 1242 1243 1244 1245 1246 1247 1248 1249 1250 1251 1252 1253 1254 1255 1256 1257 1258 1259 1260 1261 1262 1263 1264 1265 1266 1267 1268 1269 1270 1271 1272 1273 1274 1275 1276 1277 1278 1279 1280 1281 1282 1283 1284 1285 1286 1287 1288 1289 1290 1291 1292 1293 1294 1295 1296 1297 1298 1299 1300 1301 1302 1303 1304 1305 1306 1307 1308 1309 1310 1311 1312 1313 1314 1315 1316 1317 1318 1319 1320 1321 1322 1323 1324 1325 1326 1327 1328 1329 1330 1331 1332 1333 1334 1335 1336 1337 77 1338 1339 1340 1341 1342 1343 1344 1345 1346 1347 1348 1349 1350 1351 1352 1353 1354 1355 1356 1357 1358 1359 1360 1361 1362 1363 1364 1365 1366 1367 1368 1369 1370 1371 1372 1373 1374 1375 1376 1377 1378 1379 1380 1381 1382 1383 1384 1385 1386 1387 1388 1389 1390 1391 1392 1393 1394 1395 1396 1397 1398 1399 1400 724 78 79 80 81 82 725 83 84 85 726 717 86 87 88 89 90 91 92 93 94 95 96 97 98 99 728 
43 55 56 57 58 59 60 61 62 63 64 65 66 16 720 69 70 73 74 75 76 77 78 79 80 81 82 83 84 85 86 87 88 89 90 91 92 93 94 95 96 97 98 99 
61 55 56 57 58 59 60 61 62 63 64 65 66 16 56 58 59 60 61 75 62 63 64 65 67 66 96 16 68 97 99 70 71 79 70 73 74 75 76 77 78 79 80 81 82 83 84 85 86 87 88 89 90 91 92 93 94 95 96 97 98 99 
65 55 56 57 58 59 60 61 62 63 64 65 66 16 69 56 58 59 60 74 61 75 62 63 64 91 65 67 88 66 96 16 68 97 69 89 99 71 79 73 74 75 76 77 78 79 80 81 82 83 84 85 86 87 88 89 90 91 92 93 94 95 96 97 98 99 
43 55 56 57 58 59 60 61 62 63 64 65 66 16 69 70 67 73 74 75 76 77 78 79 80 81 82 83 84 85 86 87 88 89 90 91 92 93 94 95 96 97 98 99 
1 16 
19 56 58 59 60 74 61 75 62 63 64 65 67 66 16 68 69 70 71 75 
31 57 70 73 56 58 59 60 61 62 63 64 65 67 66 16 68 69 70 71 75 77 80 84 86 87 88 89 92 93 96 98 
21 69 70 73 73 56 58 59 60 74 61 62 63 64 65 67 66 16 68 69 70 71 
20 56 58 59 60 61 62 63 64 65 67 66 16 68 69 70 71 78 79 78 79 
18 58 56 58 59 60 74 61 62 63 64 65 67 66 16 68 69 70 71 
20 76 76 56 58 59 60 61 62 63 64 65 67 66 16 68 69 70 71 79 79 
23 69 70 76 78 76 56 58 59 60 61 62 63 64 65 67 66 16 68 69 70 71 78 725 
17 56 58 59 60 74 61 62 63 64 65 67 66 16 68 69 70 71 
17 58 56 58 59 60 61 62 63 64 65 67 66 16 68 69 70 71 
17 58 56 58 59 60 61 62 63 64 65 67 66 16 68 69 70 71 
20 59 55 56 58 59 60 61 62 63 64 65 67 66 16 68 69 90 70 71 95 
19 59 56 57 58 59 60 74 61 62 63 64 65 67 66 16 68 69 70 71 
17 60 56 58 59 60 61 62 63 64 65 67 66 16 68 69 70 71 
17 56 58 59 60 74 61 62 63 64 65 67 66 16 68 69 70 71 
18 61 56 58 59 60 74 61 62 63 64 65 67 66 16 68 69 70 71 
19 62 70 56 58 59 60 74 61 62 63 64 65 67 66 16 68 69 70 71 
19 62 70 56 58 59 60 74 61 62 63 64 65 67 66 16 68 69 70 71 
18 65 83 56 58 59 60 61 62 63 64 65 67 66 16 68 69 70 71 
21 70 56 58 59 60 61 62 63 64 65 67 66 92 93 16 68 69 70 71 92 93 
21 91 56 58 59 60 74 61 62 63 64 91 65 67 66 93 16 68 69 70 71 93 
21 91 92 56 58 59 60 74 61 62 63 64 91 65 67 66 92 16 68 69 70 71 
17 65 56 58 59 60 61 62 63 64 65 67 66 16 68 69 70 71 
18 65 56 58 59 60 61 62 63 83 64 65 67 66 16 68 69 70 71 
19 69 70 56 58 59 60 74 61 62 63 64 65 67 66 16 68 69 70 71 
18 69 70 56 58 59 60 61 62 63 64 65 67 66 16 68 69 70 71 
19 56 58 59 60 74 61 62 63 64 65 67 66 16 68 69 99 70 71 99 
20 69 70 98 56 58 59 60 61 62 63 64 65 67 66 16 68 98 69 70 71 
201 27 171 109 172 102 109 223 111 112 372 117 204 188 177 120 18 306 27 379 36 178 117 141 173 176 102 177 18 178 180 181 182 183 184 159 111 188 189 212 213 214 215 218 219 221 222 223 225 226 156 228 230 36 251 157 252 254 255 135 261 265 151 269 282 283 289 290 148 24 158 294 295 39 296 297 40 298 299 300 301 302 303 304 41 305 306 42 316 317 28 318 319 320 31 34 321 323 325 149 331 332 333 334 335 336 337 341 342 343 345 347 354 355 22 359 363 364 365 366 370 372 150 373 374 375 378 120 379 380 381 383 29 390 391 392 393 394 395 396 397 399 144 400 403 406 407 408 409 410 411 45 413 160 416 46 47 431 436 438 143 145 146 440 441 442 443 446 455 136 461 465 471 474 477 48 480 485 487 488 489 491 492 495 49 497 501 503 507 509 512 513 514 516 517 518 520 522 523 526 50 528 
36 147 102 109 103 104 586 105 117 106 107 108 177 18 128 27 129 130 131 178 132 133 102 103 104 105 106 107 108 128 129 130 131 132 133 134 47 
34 100 101 101 186 109 111 112 100 187 117 175 188 189 18 27 103 104 105 106 107 108 177 128 129 130 131 132 133 188 189 134 135 150 136 
16 101 101 102 109 586 117 161 106 177 18 27 129 131 178 132 133 
15 101 101 102 109 586 117 106 177 18 27 129 131 178 132 134 
14 101 101 102 109 586 117 106 177 18 27 129 131 178 132 
25 101 103 104 105 101 102 109 586 117 177 18 27 129 131 178 132 107 108 128 129 130 131 132 133 134 
14 101 101 102 109 586 117 106 177 18 27 129 131 178 132 
14 101 101 102 109 586 117 106 177 18 27 129 131 178 132 
203 27 171 112 100 117 215 27 172 100 117 141 173 176 101 102 103 104 105 106 107 108 177 18 128 129 130 131 178 132 133 180 181 182 183 184 159 111 188 189 212 213 214 215 218 219 221 222 223 225 226 156 228 230 36 134 251 157 252 254 255 135 261 265 151 269 282 283 289 290 148 24 158 294 295 39 296 297 40 298 299 300 301 302 303 304 41 305 306 42 316 317 28 318 319 320 31 34 321 323 325 149 331 332 333 334 335 336 337 341 342 343 345 347 354 355 22 359 363 364 365 366 370 372 150 373 374 375 378 120 379 380 381 383 29 390 391 392 393 394 395 396 397 399 144 400 403 406 407 408 409 410 411 45 413 160 416 46 47 431 436 438 143 145 146 440 441 442 443 446 455 136 461 465 471 474 477 48 480 485 487 488 489 491 492 495 49 497 501 503 507 509 512 513 514 516 517 518 520 522 523 526 50 528 
28 170 18 183 118 121 27 218 118 121 35 668 42 322 349 401 402 45 46 423 426 441 448 468 490 492 505 510 516 
14 100 102 18 109 112 250 114 115 100 117 18 27 138 134 
185 27 171 109 172 100 117 141 173 176 102 177 18 178 180 181 182 183 184 159 111 188 189 212 213 214 215 218 219 221 222 223 225 226 156 228 230 36 251 157 252 254 255 135 261 265 151 269 282 283 289 290 148 24 158 294 295 39 296 297 40 298 299 300 301 302 303 304 41 305 306 42 316 317 28 318 319 320 31 34 321 323 325 149 331 332 333 334 335 336 337 341 342 343 345 347 354 355 22 359 363 364 365 366 370 372 150 373 374 375 378 120 379 380 381 383 29 390 391 392 393 394 395 396 397 399 144 400 403 406 407 408 409 410 411 45 413 160 416 46 47 431 436 438 143 145 146 440 441 442 443 446 455 136 461 465 471 474 477 48 480 485 487 488 489 491 492 495 49 497 501 503 507 509 512 513 514 516 517 518 520 522 523 526 50 528 
28 174 18 209 222 119 27 124 231 260 274 291 292 149 124 44 356 360 376 399 45 46 417 145 455 480 502 507 521 
15 18 111 35 36 37 245 22 24 27 318 34 596 46 480 513 
11 18 111 231 22 24 27 36 245 246 262 46 
29 18 181 35 36 37 314 22 385 24 386 27 268 29 387 388 320 389 390 42 34 666 268 314 342 386 387 388 46 522 
211 27 171 109 172 100 109 112 359 100 391 392 215 393 27 394 395 396 397 141 173 176 101 102 103 104 105 106 107 108 177 18 128 129 130 131 178 132 133 180 181 182 183 184 159 111 188 189 212 213 214 215 218 219 221 222 223 225 226 156 228 230 36 134 251 157 252 254 255 135 261 265 151 269 282 283 289 290 148 24 158 294 295 39 296 297 40 298 299 300 301 302 303 304 41 305 306 42 316 317 28 318 319 320 31 34 321 323 325 149 331 332 333 334 335 336 337 341 342 343 345 347 354 355 22 359 363 364 365 366 370 372 150 373 374 375 378 120 379 380 381 383 29 390 391 392 393 394 395 396 397 399 144 400 403 406 407 408 409 410 411 45 413 160 416 46 47 431 436 438 143 145 146 440 441 442 443 446 455 136 461 465 471 474 477 48 480 485 487 488 489 491 492 495 49 497 501 503 507 509 512 513 514 516 517 518 520 522 523 526 50 528 
20 170 18 110 110 22 24 27 317 318 320 42 36 37 611 401 46 426 468 490 510 
5 18 113 231 27 120 
9 100 18 109 112 100 117 119 27 124 
13 18 110 110 22 24 27 317 318 320 42 36 37 46 
32 166 167 168 166 167 360 168 22 24 470 27 317 29 319 504 31 18 35 36 37 554 259 290 42 317 374 403 46 442 455 470 505 
39 18 191 330 384 398 22 24 462 27 499 505 500 320 463 390 42 34 321 35 36 37 256 257 591 142 44 361 377 398 46 47 455 462 463 489 497 499 505 50 
7 18 113 292 292 113 27 120 
48 169 137 169 348 193 22 24 349 27 350 318 320 31 194 195 390 321 171 18 192 193 194 195 219 35 36 37 663 39 323 140 337 44 348 349 350 361 366 374 400 46 433 442 455 506 512 519 50 
35 18 273 281 158 266 22 24 466 446 467 479 481 27 317 524 31 321 36 37 621 266 273 294 297 302 337 374 377 46 442 446 452 466 467 481 
36 185 245 307 368 246 22 24 247 486 27 267 319 320 390 34 321 18 185 190 214 35 36 37 245 246 247 618 267 295 300 325 44 381 46 442 486 
14 101 101 102 109 586 117 106 177 18 27 129 131 178 132 
25 101 103 104 105 106 107 108 128 101 102 109 586 117 106 177 18 27 131 178 132 130 131 132 133 134 
14 101 101 102 109 586 117 106 177 18 27 129 131 178 132 
26 101 103 104 105 106 107 108 128 129 130 101 102 109 586 117 106 177 18 27 129 178 132 134 132 133 134 
25 101 103 104 105 106 107 108 128 129 130 131 101 102 109 586 117 106 177 18 27 129 131 178 133 134 
15 101 101 102 109 103 586 117 106 177 18 27 129 131 178 132 
28 104 131 111 36 37 101 102 109 586 117 106 177 18 27 129 131 178 132 24 149 702 22 412 46 430 145 459 499 
14 157 102 109 157 112 100 372 117 188 177 18 27 379 165 
14 24 102 109 112 100 372 117 188 177 24 18 27 379 165 
18 167 169 169 27 125 184 273 140 19 378 380 386 407 408 409 411 463 498 
10 111 193 220 36 22 24 27 29 390 388 
6 178 27 22 384 146 505 
11 147 24 149 361 137 125 362 147 702 22 145 
140 171 172 109 151 112 100 117 161 296 415 27 429 213 173 165 173 176 180 182 183 212 213 214 218 219 221 222 225 226 156 228 230 251 157 261 151 269 282 289 290 24 158 294 295 39 296 297 40 298 299 300 301 302 303 304 41 42 316 317 28 318 319 320 31 34 321 323 325 331 332 333 334 335 336 337 341 342 343 347 354 22 363 364 365 366 370 373 374 375 381 383 29 390 399 400 403 45 413 160 47 431 436 438 440 441 442 443 455 461 465 471 474 477 48 480 485 487 488 489 491 492 495 49 497 501 503 507 509 512 513 514 516 517 518 520 522 523 526 50 528 
14 147 36 24 149 256 418 361 123 419 362 147 702 22 145 
10 22 109 230 112 100 117 415 22 27 429 
11 201 165 22 109 112 100 117 22 27 165 146 
12 22 109 112 113 140 100 117 22 142 27 134 147 
10 22 109 230 139 112 100 117 22 144 27 
53 155 101 702 140 44 142 704 178 209 244 258 264 703 24 305 149 140 142 327 328 339 702 44 704 344 22 362 367 371 382 404 405 412 418 419 428 430 432 437 145 453 459 464 469 472 475 482 494 496 508 511 515 527 
8 109 112 100 117 24 27 207 24 
13 24 109 112 113 140 100 117 142 24 27 134 147 150 
10 24 102 109 149 112 100 117 177 24 27 
12 141 109 112 100 117 141 266 25 27 267 268 165 
10 178 165 266 25 267 268 394 483 455 483 
47 166 197 198 199 200 201 202 159 203 204 205 154 27 206 207 208 209 163 210 211 42 154 163 192 195 197 198 199 200 201 202 203 204 205 206 207 208 209 210 211 245 26 388 162 164 466 499 
49 166 153 197 198 199 153 200 201 202 159 203 204 205 27 206 207 162 208 209 163 210 164 211 321 163 192 195 197 198 199 200 201 202 203 204 205 206 207 208 209 210 211 245 26 388 162 164 466 499 
2 27 147 
10 27 226 109 226 112 100 117 141 27 392 
16 27 109 112 252 100 117 141 253 254 27 255 135 252 254 255 135 
34 27 126 109 112 100 294 117 295 39 141 296 297 40 298 299 300 27 301 302 303 304 294 295 39 296 297 40 298 299 300 301 302 303 304 
54 27 153 154 184 184 109 265 112 345 378 100 380 117 406 44 407 27 408 355 409 410 411 163 197 198 199 200 201 202 203 204 205 206 207 208 209 210 211 252 265 308 345 355 378 380 395 162 164 406 407 408 409 410 411 
15 27 109 230 112 181 100 117 141 415 215 27 416 46 416 46 
4 27 141 103 392 
26 27 154 163 202 197 198 199 153 200 201 202 159 203 204 205 154 27 206 207 208 209 163 210 164 211 321 
44 27 153 154 178 197 198 199 153 200 201 202 159 203 204 205 154 27 206 207 162 208 209 210 164 31 211 197 198 199 200 201 202 203 204 205 206 207 208 209 210 211 162 164 507 
26 27 154 163 202 205 162 197 198 199 153 200 201 202 159 203 204 205 154 27 206 207 208 209 163 210 211 
33 27 141 216 217 181 152 144 27 451 217 231 135 151 43 338 346 353 392 144 414 424 425 434 447 448 449 450 451 452 453 454 136 483 
7 167 153 168 154 27 122 122 
10 166 259 27 122 137 170 260 122 259 470 
4 166 27 122 122 
11 27 137 125 170 137 125 192 195 348 433 506 
18 167 169 110 118 27 402 184 345 380 386 401 407 409 411 426 463 468 490 
9 109 172 112 100 117 141 27 125 173 
98 171 109 112 100 117 141 27 173 173 176 180 182 183 214 218 219 221 222 225 228 251 261 269 282 289 290 41 42 316 317 28 318 319 320 31 34 321 323 325 337 341 342 347 354 364 365 366 370 373 374 375 381 383 29 390 399 400 403 45 413 47 431 436 441 442 443 455 461 465 471 474 477 48 480 485 487 488 489 491 492 495 49 497 501 503 507 512 513 514 516 517 518 520 522 523 526 50 528 
104 171 172 141 109 172 112 100 117 141 27 29 390 34 176 180 182 183 213 214 218 219 221 222 225 228 251 261 269 282 289 290 41 42 316 317 28 318 319 320 31 34 321 323 325 337 341 342 347 354 364 365 366 370 373 374 375 381 383 29 390 392 399 400 403 45 413 47 431 436 441 442 443 455 461 465 471 474 477 48 480 485 487 488 489 491 492 495 49 497 501 503 507 512 513 514 516 517 518 520 522 523 526 50 528 
37 535 537 538 545 546 547 556 567 571 113 572 578 586 594 604 608 609 616 622 623 624 627 631 27 649 651 653 654 659 661 665 675 678 680 685 687 689 
4 570 27 102 384 
8 109 172 112 100 117 141 27 173 
26 100 101 103 104 105 106 107 108 102 109 112 100 117 446 27 128 129 130 131 132 133 134 135 150 446 136 
31 100 101 103 104 105 106 107 108 128 129 130 131 186 109 199 139 112 100 117 205 444 152 27 206 207 163 147 132 133 134 254 
51 541 270 275 284 570 326 351 586 427 271 456 457 272 27 458 227 227 249 270 271 272 275 276 277 278 279 280 284 285 286 287 288 293 310 315 324 326 351 352 369 420 421 427 456 457 458 460 476 478 484 493 
9 109 172 112 181 100 117 141 27 173 
17 180 109 112 100 372 116 117 27 203 165 353 372 374 160 442 505 517 
8 109 172 112 100 117 141 27 173 
9 109 110 172 112 100 117 141 27 173 
9 109 112 100 117 159 27 137 170 159 
3 127 27 127 
6 102 178 586 27 214 246 
4 102 27 193 312 
12 100 102 102 109 112 100 117 444 27 135 444 136 
8 102 102 109 112 100 117 27 314 
2 27 127 
2 27 123 
9 169 153 193 154 27 125 194 195 195 
12 125 192 187 361 27 125 138 194 195 348 361 379 
6 125 192 193 27 125 195 
10 125 192 169 192 153 193 154 27 125 194 
3 664 586 27 
38 153 154 163 198 199 153 200 201 202 159 203 204 205 154 27 206 207 208 209 163 210 211 198 199 200 201 202 203 204 205 206 207 208 209 210 211 162 164 
39 153 154 163 197 197 199 153 200 201 202 159 203 204 41 205 154 27 206 207 208 209 163 210 211 199 200 201 202 203 204 205 206 207 208 209 210 211 162 164 
40 153 154 178 163 197 198 197 198 153 200 201 202 159 203 204 205 154 27 206 207 208 209 163 210 211 42 200 201 202 203 204 205 206 207 208 209 210 211 162 164 
39 153 154 163 197 198 199 197 198 199 153 201 202 159 203 204 41 205 154 27 206 207 208 209 163 210 211 201 202 203 204 205 206 207 208 209 210 211 162 164 
40 153 154 163 197 198 199 200 197 198 199 153 200 202 159 203 204 205 154 144 27 206 207 208 209 163 210 211 321 202 203 204 205 206 207 208 209 210 211 162 164 
41 153 154 163 197 198 199 200 201 197 198 199 153 200 201 159 203 204 41 205 154 27 206 207 162 208 209 163 210 164 211 203 204 205 206 207 208 209 210 211 162 164 
39 153 154 163 197 198 199 200 201 202 197 198 199 153 181 200 201 202 159 204 205 154 27 206 207 208 209 163 210 211 204 205 206 207 208 209 210 211 162 164 
53 153 154 100 163 197 198 199 200 201 202 203 197 198 199 153 200 201 202 159 203 205 154 27 206 207 208 209 163 210 211 321 205 206 207 208 209 210 211 232 233 234 235 236 237 238 239 240 241 37 242 243 162 164 
41 153 154 178 163 197 198 199 200 201 202 203 204 197 198 199 153 200 201 202 159 203 204 154 27 206 207 208 209 163 210 164 211 321 206 207 208 209 210 211 162 164 
40 153 154 178 163 197 198 199 200 201 202 203 204 205 197 198 199 153 200 201 202 159 203 204 41 205 154 27 207 208 209 163 210 211 207 208 209 210 211 162 164 
44 153 154 178 163 197 198 199 200 201 202 203 204 205 206 197 198 199 153 200 201 202 159 203 204 41 205 154 27 206 208 209 163 210 211 208 209 210 211 222 231 148 323 162 164 
38 153 154 163 197 198 199 200 201 202 203 204 205 206 207 197 198 199 153 200 201 202 159 203 204 205 154 27 206 207 209 163 210 211 209 210 211 162 164 
41 153 154 163 197 198 199 200 201 202 203 204 205 206 207 208 197 198 199 113 153 200 201 202 159 203 204 41 205 154 27 206 207 208 163 210 211 147 210 211 162 164 
39 153 154 163 197 198 199 200 201 202 203 204 205 206 207 208 209 197 198 199 153 200 201 202 159 203 204 41 205 154 27 206 207 208 209 163 211 211 162 164 
38 153 154 163 197 198 199 200 201 202 203 204 205 206 207 208 209 210 197 198 199 153 200 201 202 159 203 204 205 154 27 206 207 208 209 163 210 162 164 
12 109 112 100 117 141 27 213 213 331 343 438 440 
28 141 212 212 109 112 100 332 117 141 333 334 335 27 336 173 331 332 333 334 335 336 343 363 392 438 440 471 509 
10 186 109 172 112 100 117 141 27 173 127 
17 109 117 109 112 100 117 27 359 391 392 394 395 396 397 160 416 46 
4 27 217 165 447 
20 216 27 165 165 231 43 338 346 353 414 424 425 434 447 448 449 450 452 453 454 
9 109 110 172 112 100 117 141 27 173 
9 109 172 112 100 117 141 27 125 173 
2 27 138 
8 109 172 112 100 117 141 27 173 
10 109 172 112 113 100 117 141 27 207 173 
6 100 109 112 100 117 27 
24 529 530 534 547 557 35 572 586 590 594 601 608 610 628 27 643 655 662 690 691 694 695 696 525 
8 109 172 112 100 117 141 27 173 
8 109 156 112 100 117 141 27 156 
42 179 541 270 570 179 271 272 27 369 249 270 271 272 275 276 277 278 279 280 284 285 286 287 288 293 315 324 326 351 352 369 420 421 427 456 457 458 460 476 478 484 493 
8 109 172 112 100 117 141 27 173 
5 542 586 27 647 699 
11 109 112 100 117 141 27 255 392 160 143 146 
8 113 115 119 27 207 217 165 447 
31 233 586 234 697 235 204 236 237 238 239 698 240 27 241 36 37 242 243 699 233 234 235 236 237 238 239 240 241 37 242 243 
31 232 232 586 234 697 235 204 236 237 238 239 698 240 27 241 36 37 242 243 699 234 235 236 237 238 239 240 241 37 242 243 
31 232 233 232 233 586 697 235 204 236 237 238 239 698 240 27 241 36 37 242 243 699 235 236 237 238 239 240 241 37 242 243 
31 232 233 234 232 233 586 234 697 204 236 237 238 239 698 240 27 241 36 37 242 243 699 236 237 238 239 240 241 37 242 243 
31 232 233 234 235 232 233 586 234 697 235 204 237 238 239 698 240 27 241 36 37 242 243 699 237 238 239 240 241 37 242 243 
31 232 233 234 235 236 232 233 586 234 697 235 204 236 238 239 698 240 27 241 36 37 242 243 699 238 239 240 241 37 242 243 
31 232 233 234 235 236 237 232 233 586 234 697 235 204 236 237 239 698 240 27 241 36 37 242 243 699 239 240 241 37 242 243 
31 232 233 234 235 236 237 238 232 233 586 234 697 235 204 236 237 238 698 240 27 241 36 37 242 243 699 240 241 37 242 243 
31 232 233 234 235 236 237 238 239 232 233 586 234 697 235 204 236 237 238 239 698 27 241 36 37 242 243 699 241 37 242 243 
31 232 233 234 235 236 237 238 239 240 232 233 586 234 697 235 204 236 237 238 239 698 240 27 36 37 242 243 699 37 242 243 
31 232 233 234 235 236 237 238 239 240 241 37 232 233 586 234 697 235 204 236 237 238 239 698 240 27 241 36 37 243 699 243 
31 232 233 234 235 236 237 238 239 240 241 37 242 232 233 586 234 697 235 204 236 237 238 239 698 240 27 241 36 37 242 699 
2 27 147 
9 127 153 114 115 246 154 247 27 127 
6 127 245 186 115 27 127 
6 127 245 27 260 127 486 
2 586 27 
12 541 270 570 179 271 272 27 460 227 324 351 460 
6 111 36 37 27 46 505 
8 109 172 112 100 117 141 27 173 
9 157 109 157 112 100 117 159 27 355 
2 157 27 
11 157 109 157 112 100 372 117 306 27 379 178 
8 157 109 230 157 112 100 117 27 
3 27 123 142 
2 27 123 
2 27 147 
10 167 167 27 122 273 378 407 409 411 463 
14 167 247 292 113 27 265 292 347 406 409 417 455 507 521 
8 109 172 112 100 117 141 27 173 
10 542 570 115 586 610 630 27 642 664 669 
4 35 27 358 701 
2 27 147 
8 159 109 112 100 117 159 27 260 
5 126 151 152 27 126 
6 127 151 152 27 127 486 
6 116 151 116 152 27 387 
8 109 172 112 100 117 141 27 173 
41 179 227 249 541 570 179 271 272 27 227 271 272 275 276 277 278 279 280 284 285 286 287 288 293 315 324 326 351 352 369 420 421 427 456 457 458 460 476 478 484 493 
42 179 227 249 270 541 270 570 179 272 27 421 227 272 275 276 277 278 279 280 284 285 286 287 288 293 315 324 326 351 352 369 420 421 427 456 457 458 460 476 478 484 493 
41 179 227 249 270 271 541 270 570 179 271 27 227 275 276 277 278 279 280 284 285 286 287 288 293 315 324 326 351 352 369 420 421 427 456 457 458 460 476 478 484 493 
7 126 259 27 137 126 466 481 
3 113 27 399 
13 179 541 270 276 570 277 278 179 279 271 272 27 227 
12 275 541 270 287 570 315 179 271 272 27 227 457 
13 275 541 270 280 570 179 271 272 27 227 420 421 484 
14 275 541 270 293 570 420 179 271 272 27 421 227 421 457 
11 275 541 270 570 286 179 271 272 27 227 478 
10 277 541 270 570 179 271 272 27 227 352 
3 126 27 481 
9 109 172 112 100 117 141 283 27 173 
7 282 109 112 100 117 27 495 
11 179 541 270 570 285 286 179 271 272 27 227 
11 284 541 270 570 179 271 272 27 369 227 457 
12 279 284 541 270 570 179 271 272 27 227 326 456 
11 276 541 270 570 179 271 272 27 288 227 369 
10 287 541 270 570 179 271 272 27 227 427 
8 109 172 112 100 117 141 27 173 
9 109 172 112 100 117 141 27 122 173 
4 292 113 703 27 
13 260 291 113 27 124 260 703 124 327 356 417 502 521 
11 278 541 270 570 179 271 272 27 227 427 457 
14 158 109 158 112 100 117 295 141 296 299 27 126 295 299 
12 158 294 109 158 112 100 294 117 141 296 27 127 
21 141 158 294 295 39 109 158 112 100 117 141 27 297 40 298 299 300 301 302 303 304 
14 158 109 158 112 100 117 141 296 298 27 126 304 298 304 
13 158 297 109 158 112 100 117 141 296 297 27 302 302 
13 158 294 109 158 112 100 294 117 141 296 27 302 302 
14 158 39 109 158 112 100 117 39 141 296 27 303 127 303 
11 158 109 158 112 100 117 141 296 27 303 303 
14 158 298 299 109 158 112 100 117 141 296 298 299 27 126 
13 158 300 301 109 158 112 100 117 141 296 300 27 301 
13 158 297 40 109 158 112 100 117 141 296 297 40 27 
9 109 112 100 117 306 27 147 44 704 
12 100 254 305 109 112 100 372 117 349 27 379 379 
2 127 27 
2 159 27 
1 27 
3 586 179 27 
5 547 586 601 698 27 
2 187 27 
2 586 27 
5 116 116 189 27 388 
10 276 541 270 570 179 271 272 27 227 369 
18 109 172 112 100 117 141 41 27 317 28 318 319 320 173 31 42 34 321 
19 122 126 118 121 316 109 172 112 100 117 141 27 122 173 413 436 503 518 526 
18 125 118 121 114 316 109 172 112 100 117 141 27 173 413 436 503 518 526 
17 122 127 316 109 172 112 100 117 141 27 377 173 413 436 503 518 526 
20 127 125 123 118 121 116 316 109 172 112 100 117 141 27 173 413 436 503 518 526 
23 154 127 125 126 123 201 204 205 316 109 172 112 100 117 141 27 173 162 413 436 503 518 526 
2 110 27 
10 109 172 112 100 117 141 27 207 125 173 
9 541 270 570 179 249 271 272 27 227 
9 109 172 112 100 117 141 27 173 127 
10 179 541 270 570 286 179 271 272 27 227 
3 292 27 147 
2 27 147 
5 35 586 590 610 27 
2 123 27 
13 212 109 112 100 332 117 141 333 334 335 27 336 213 
13 213 331 109 112 100 117 141 27 213 343 363 438 440 
13 213 331 109 112 100 117 141 27 213 343 363 438 440 
12 213 331 109 112 100 117 141 27 213 343 438 440 
13 213 331 109 112 100 117 141 27 213 343 363 438 440 
12 213 331 109 112 100 117 141 27 213 343 438 440 
10 109 172 112 100 117 141 27 125 126 173 
4 27 217 165 447 
2 27 147 
4 610 628 637 27 
8 109 172 112 100 117 141 27 173 
9 109 172 112 100 116 117 141 27 173 
13 212 109 112 100 332 117 141 333 334 335 27 336 213 
4 702 44 27 147 
8 159 109 112 100 117 159 27 170 
4 27 217 165 447 
9 109 172 112 100 117 141 27 260 173 
7 125 169 193 349 27 350 125 
6 125 306 348 110 27 125 
4 125 348 27 125 
11 179 541 270 570 179 249 271 272 27 352 227 
12 351 541 270 280 570 179 271 272 484 27 227 456 
5 181 27 217 165 447 
8 109 172 112 100 117 141 27 173 
8 159 252 109 112 100 117 159 27 
3 292 113 27 
3 358 27 701 
13 357 554 591 596 263 611 618 621 27 38 663 666 668 
7 117 109 112 100 117 215 27 
3 122 113 27 
12 193 140 142 193 27 123 125 367 382 496 500 515 
5 140 142 44 27 147 
10 109 112 100 332 117 141 333 335 27 213 
8 109 172 112 100 117 141 27 173 
8 109 172 112 100 117 141 27 173 
9 109 172 112 100 117 141 27 125 173 
3 361 27 147 
2 127 27 
12 227 285 541 270 287 570 315 179 271 272 27 227 
8 109 172 112 100 117 141 27 173 
2 27 147 
13 100 181 254 135 306 109 112 181 100 117 27 379 136 
8 109 172 112 100 117 141 27 173 
12 109 172 112 181 100 117 141 27 122 125 126 173 
8 109 172 112 100 117 141 27 173 
3 113 27 377 
6 319 376 27 123 126 500 
9 159 109 112 259 100 117 159 27 137 
14 100 254 135 306 109 112 100 372 117 193 306 27 392 136 
9 159 109 112 100 117 159 27 137 170 
9 109 172 112 100 117 141 27 173 127 
3 361 27 147 
8 109 172 112 100 117 141 27 173 
4 123 139 175 27 
2 116 27 
7 116 116 27 137 170 387 388 
5 116 116 386 27 268 
8 116 314 153 116 386 154 27 138 
2 116 27 
19 127 125 173 123 138 116 109 172 112 100 117 141 27 173 413 436 503 518 526 
7 117 109 112 100 117 215 27 
15 117 109 230 156 112 100 117 161 415 215 27 379 213 173 165 
6 117 109 112 100 117 27 
8 117 109 112 100 117 215 152 27 
8 117 109 112 100 117 159 215 27 
7 117 109 112 100 117 215 27 
7 117 109 112 100 117 215 27 
3 123 27 123 
10 109 172 112 113 100 117 141 274 27 173 
9 109 172 112 100 117 141 27 125 173 
5 110 118 27 402 170 
7 170 401 110 27 426 468 490 
9 109 172 112 100 117 141 27 122 173 
2 27 147 
2 27 147 
8 159 109 112 100 117 159 27 260 
10 159 109 112 259 100 117 159 27 137 170 
8 159 109 112 100 117 159 27 137 
11 159 109 112 259 100 117 159 27 137 170 260 
7 159 109 112 100 117 159 27 
10 159 109 112 259 100 117 159 27 137 170 
3 27 134 147 
20 109 172 112 100 117 141 41 27 317 28 29 318 319 320 173 31 390 42 34 321 
4 27 217 165 447 
5 141 392 160 27 143 
8 160 109 112 100 117 160 215 27 
5 292 113 703 27 260 
4 142 44 27 147 
4 142 44 27 147 
12 278 541 270 570 277 179 271 272 27 227 457 458 
12 271 278 541 270 570 277 278 179 271 272 27 227 
2 586 27 
3 110 586 27 
4 27 217 165 447 
4 27 217 165 447 
5 110 118 27 402 170 
11 179 541 270 293 570 179 271 272 27 288 227 
2 27 147 
10 141 27 450 34 143 443 450 455 474 480 
3 27 134 147 
8 109 172 112 100 117 141 27 173 
2 27 147 
3 169 27 125 
4 27 217 165 447 
4 647 586 27 647 
20 109 172 112 100 117 141 41 27 317 28 29 318 319 320 173 31 390 42 34 321 
2 27 147 
13 212 109 112 100 332 117 141 333 334 335 27 336 213 
1 27 
13 212 109 112 100 332 117 141 333 334 335 27 336 213 
9 109 110 172 112 100 117 141 27 173 
13 109 172 112 181 100 117 141 27 122 125 126 173 127 
9 109 172 112 100 117 141 27 429 173 
4 178 188 188 27 
1 27 
9 177 126 109 112 100 117 177 27 126 
20 216 231 43 338 346 353 414 424 425 434 448 449 27 450 451 452 453 454 217 165 
5 447 110 27 217 165 
4 447 27 217 165 
6 429 447 27 429 217 165 
4 165 447 27 165 
5 447 27 217 126 165 
5 447 27 217 147 165 
4 447 27 217 165 
15 109 172 112 113 100 117 141 152 27 122 123 429 125 260 173 
11 179 541 270 570 286 179 271 272 27 352 227 
15 179 541 270 293 276 570 285 278 420 179 271 478 272 27 227 
11 179 541 270 570 420 179 271 272 27 476 227 
3 27 134 147 
10 249 541 270 570 179 249 271 272 27 227 
8 109 172 112 100 117 141 27 173 
4 123 27 123 463 
8 123 462 259 27 123 137 170 499 
2 27 147 
8 109 172 112 100 117 141 27 173 
7 126 273 153 467 154 27 126 
4 126 466 27 126 
5 110 118 27 402 170 
2 27 147 
4 122 167 27 122 
9 109 172 112 100 117 141 27 213 173 
2 27 147 
2 601 27 
9 109 172 112 100 117 141 27 429 173 
2 27 147 
10 458 541 270 570 179 271 272 27 493 227 
8 109 172 112 100 117 141 27 173 
10 457 541 270 570 179 279 271 272 27 227 
2 126 27 
11 109 172 112 113 114 100 117 141 27 429 173 
5 126 273 281 27 126 
2 27 147 
4 152 152 27 165 
10 352 541 270 570 277 179 271 272 27 227 
8 109 172 112 100 117 141 27 173 
5 127 247 27 267 127 
8 109 172 112 100 117 141 27 173 
8 109 172 112 100 117 141 27 173 
9 109 172 112 100 117 141 27 123 173 
5 110 118 27 402 170 
8 109 172 112 100 117 141 27 173 
9 109 110 172 112 100 117 141 27 173 
9 476 541 270 570 179 271 272 27 227 
2 27 147 
9 109 172 112 100 117 141 283 27 173 
3 361 27 147 
9 109 172 112 100 117 141 27 123 173 
4 541 586 27 137 
8 123 153 154 27 123 500 463 134 
5 123 499 361 27 377 
8 109 172 112 100 117 141 27 173 
3 292 113 27 
20 109 172 112 100 117 141 41 27 317 28 29 318 319 320 173 31 390 42 34 321 
2 122 27 
8 123 110 139 250 181 27 122 123 
3 169 27 125 
11 109 172 112 113 100 117 141 27 163 260 173 
2 27 147 
7 109 112 100 117 141 27 213 
3 110 118 27 
2 27 147 
9 109 172 112 100 117 141 27 125 173 
9 109 172 112 114 100 117 141 27 173 
8 109 172 112 100 117 141 27 173 
3 361 27 147 
9 109 110 172 112 100 117 141 27 173 
9 109 172 112 181 100 117 141 27 173 
20 109 172 112 100 117 141 41 27 317 28 29 318 319 320 173 31 390 42 34 321 
3 553 27 125 
8 109 172 112 100 117 141 27 173 
4 292 113 27 260 
9 109 172 112 100 116 117 141 27 173 
8 109 172 112 100 117 141 27 173 
2 126 27 
9 547 586 594 601 224 610 628 698 27 
20 109 172 112 100 117 141 41 27 317 28 29 318 319 320 173 31 390 42 34 321 
2 27 147 
8 109 172 112 100 117 141 27 173 
3 35 586 224 
3 35 224 610 
2 35 700 
4 638 642 35 700 
4 586 601 35 684 
3 586 35 224 
3 174 586 35 
3 600 35 700 
3 586 174 35 
3 174 35 700 
2 35 700 
2 586 35 
39 586 179 35 227 37 249 270 271 272 275 276 277 278 279 280 284 285 286 287 288 293 315 324 326 351 352 369 420 421 427 456 457 458 460 476 478 484 493 498 
4 586 35 229 262 
2 586 35 
1 35 
5 174 678 586 35 692 
4 174 586 35 692 
6 174 35 224 572 311 525 
2 35 700 
2 35 700 
2 35 700 
1 35 
3 35 602 700 
3 35 37 519 
5 35 122 700 358 701 
2 35 700 
4 653 174 35 700 
3 35 224 628 
2 35 700 
3 35 647 700 
5 35 586 601 640 683 
3 35 640 700 
3 586 35 692 
3 35 688 700 
3 586 35 615 
3 35 600 700 
4 671 671 35 692 
4 174 586 692 35 
2 35 700 
2 35 700 
38 175 179 35 227 249 262 270 271 272 275 276 277 278 279 280 284 285 286 287 288 293 315 324 326 351 352 369 420 421 427 456 457 458 460 476 478 484 493 
4 586 174 35 692 
6 174 35 224 547 575 700 
2 35 700 
3 35 602 700 
4 678 662 35 572 
1 35 
3 586 35 619 
3 174 35 700 
2 35 700 
2 35 700 
2 35 692 
3 35 609 700 
2 35 700 
2 35 599 
3 35 600 700 
107 730 541 590 690 691 694 655 699 592 571 654 664 529 590 537 174 647 655 842 587 677 533 601 101 103 104 105 106 107 108 128 129 130 131 132 133 179 698 534 535 545 546 562 605 616 624 653 657 687 689 699 567 675 674 542 669 186 1150 196 577 540 564 630 1205 543 35 224 229 232 233 234 697 235 236 237 238 239 240 241 37 242 243 602 248 134 262 560 588 612 634 640 688 690 691 310 311 313 692 693 329 694 422 423 435 498 696 525 
3 586 637 35 
4 35 586 601 626 
2 35 700 
12 586 586 655 655 698 35 224 690 691 329 694 696 
5 35 123 700 358 701 
5 586 651 35 614 692 
1 35 
6 608 174 35 224 692 525 
2 35 700 
5 35 114 700 358 701 
3 35 634 700 
2 35 700 
3 35 584 700 
8 536 35 565 585 633 672 681 700 
13 533 586 35 224 602 560 588 634 640 688 311 473 525 
5 35 552 586 601 574 
1 35 
4 616 174 35 700 
7 680 651 586 651 680 35 692 
2 35 700 
2 35 700 
5 594 174 35 224 700 
6 617 675 174 35 582 700 
8 530 35 224 262 329 340 694 525 
5 35 118 700 358 701 
2 35 586 
2 35 700 
3 35 592 700 
3 35 564 700 
5 604 174 586 35 692 
3 609 35 700 
5 35 127 700 358 701 
3 35 577 700 
2 35 700 
5 35 126 700 358 701 
3 174 35 700 
3 174 35 700 
3 174 586 35 
2 35 700 
3 35 588 700 
2 174 35 
5 35 224 557 340 525 
1 35 
6 586 632 664 35 262 632 
3 174 35 700 
4 630 35 630 700 
3 35 600 700 
4 35 597 586 601 
2 35 700 
3 35 686 700 
4 587 35 700 340 
4 532 642 35 700 
2 35 700 
5 35 561 560 586 601 
2 35 700 
4 532 638 35 262 
3 35 224 700 
2 35 700 
2 35 700 
3 35 674 700 
6 586 435 35 229 559 435 
2 35 700 
4 174 687 35 700 
2 35 700 
5 174 592 605 605 35 
2 35 700 
5 556 174 586 35 692 
4 586 174 35 692 
10 586 590 586 590 698 35 224 690 691 694 
2 35 700 
3 586 35 692 
2 35 692 
3 174 35 700 
2 35 700 
3 174 35 700 
3 575 35 224 
5 35 125 700 358 701 
5 586 196 630 35 262 
2 174 35 
5 35 116 700 358 701 
2 35 700 
5 35 110 700 358 701 
3 586 35 262 
2 35 700 
4 566 566 35 700 
3 35 600 700 
1 35 
3 586 35 646 
5 609 174 586 35 692 
2 35 700 
2 586 35 
5 174 545 575 35 700 
2 35 700 
5 174 605 605 35 692 
3 35 600 700 
2 35 700 
3 35 560 700 
3 35 533 700 
3 174 35 700 
2 35 636 
5 174 649 586 35 692 
4 35 563 586 601 
4 174 586 35 692 
9 586 35 586 590 224 655 699 694 695 
8 586 35 586 590 224 655 699 694 
21 567 545 546 35 562 566 571 581 586 592 594 605 616 653 654 657 658 675 680 687 689 
3 35 586 699 
9 586 35 586 590 224 690 610 691 655 
4 35 224 690 699 
5 35 586 590 224 700 
15 232 233 234 586 699 235 236 237 238 239 240 241 37 242 243 
19 586 590 655 699 232 233 234 235 236 237 238 239 240 241 37 242 243 311 525 
22 586 586 698 229 232 233 234 697 235 236 237 238 239 240 241 37 242 243 690 691 693 695 
92 531 532 536 538 539 548 549 550 552 554 555 556 558 559 561 563 565 568 569 572 573 574 578 579 580 582 583 585 589 591 595 596 597 598 599 600 604 606 607 608 609 611 613 614 615 617 618 619 620 621 622 623 625 626 631 632 633 635 636 637 638 639 641 643 644 645 646 648 649 650 38 652 656 659 660 661 663 666 667 668 670 671 672 676 678 679 681 682 683 684 685 696 
12 357 554 591 596 263 611 618 621 38 663 666 668 
8 147 140 44 142 704 344 134 147 
5 291 292 147 44 417 
5 147 702 44 305 147 
12 795 840 1110 1107 67 1257 1111 1114 1336 1341 1398 51 
12 51 51 709 711 712 714 715 709 711 712 714 715 
4 51 709 724 728 
2 51 709 
15 51 706 51 706 707 708 711 712 713 714 715 711 712 714 715 
23 886 887 888 887 67 889 890 891 892 893 894 889 890 891 892 893 894 895 896 1396 1397 51 54 
12 51 706 709 51 706 709 712 714 715 712 714 715 
12 51 706 709 711 51 706 709 711 714 715 714 715 
8 1247 1248 1249 1250 1251 1252 51 709 
13 51 706 709 711 712 51 706 709 711 712 843 715 715 
12 51 706 709 711 712 714 51 706 709 711 712 714 
2 51 54 
4 1095 51 67 1095 
44 746 748 808 926 993 997 998 1000 1001 1002 1003 1005 1006 1007 1008 1090 1092 1160 1161 1162 1163 1164 1165 1166 1167 1168 1171 1230 1238 1303 1304 1305 1306 1307 1308 1309 1310 1326 1333 1356 1375 1394 1395 52 
4 936 1349 52 936 
2 68 54 
1 54 
2 56 61 
1 61 
5 1105 707 61 67 1013 
4 61 67 1013 79 
10 953 1331 61 1177 67 1013 1179 1180 1181 1183 
1 61 
12 1183 707 1331 61 1177 67 1013 1179 1180 1181 1183 896 
3 921 63 1150 
2 586 67 
9 732 733 734 67 736 737 738 757 868 
9 731 733 734 67 736 738 734 736 738 
9 731 732 734 67 736 738 734 736 738 
10 731 732 733 732 733 67 736 738 736 738 
22 67 928 930 931 932 933 937 938 940 941 1108 1121 1208 1209 1210 1211 1212 1213 1214 1215 1316 1333 
10 731 732 733 734 732 733 734 67 738 738 
2 731 67 
10 731 732 733 734 736 732 733 734 67 736 
1 67 
1 67 
1 67 
1 67 
1 67 
3 67 926 1189 
2 67 746 
16 745 808 718 67 1326 1357 808 884 906 908 926 1004 1254 1280 1305 1326 
1 67 
2 718 67 
38 750 751 752 753 754 755 756 757 67 758 759 760 761 762 763 764 765 766 767 768 750 751 752 753 754 756 757 758 759 760 761 763 764 765 766 767 768 869 
36 749 749 751 752 753 754 756 757 67 758 759 760 761 763 764 765 766 767 768 751 752 753 754 756 757 758 759 760 761 763 764 765 766 767 768 869 
36 749 750 749 750 752 753 754 756 757 67 758 759 760 761 763 764 765 766 767 768 752 753 754 756 757 758 759 760 761 763 764 765 766 767 768 869 
36 749 750 751 749 750 751 753 754 756 757 67 758 759 760 761 763 764 765 766 767 768 753 754 756 757 758 759 760 761 763 764 765 766 767 768 869 
37 749 750 751 752 749 750 751 752 754 1316 756 757 67 758 759 760 761 763 764 765 766 767 768 754 756 757 758 759 760 761 763 764 765 766 767 768 869 
37 749 750 751 752 753 749 750 751 752 753 756 757 67 758 759 760 761 763 1010 764 765 766 767 768 756 757 758 759 760 761 763 764 765 766 767 768 869 
2 749 67 
36 749 750 751 752 753 754 749 750 751 752 753 754 757 67 758 759 760 761 763 1010 764 765 766 767 768 757 758 759 760 763 764 765 766 767 768 869 
37 749 750 751 752 753 754 756 731 749 750 751 752 753 754 756 67 758 759 760 761 763 764 765 766 767 768 758 759 760 761 763 764 765 766 767 768 869 
37 749 750 751 752 753 754 756 757 749 750 751 752 753 754 756 757 67 759 760 761 763 1010 764 765 766 767 768 759 760 761 763 764 765 766 767 768 869 
36 749 750 751 752 753 754 756 757 758 749 750 751 752 753 754 756 757 67 758 760 761 763 764 765 766 767 768 760 761 763 764 765 766 767 768 869 
36 749 750 751 752 753 754 756 757 758 759 749 750 751 752 753 754 756 757 67 758 759 761 763 764 765 766 767 768 761 763 764 765 766 767 768 869 
35 749 750 751 752 753 754 756 757 758 759 760 749 750 751 752 753 754 757 67 758 759 760 763 764 765 766 767 768 763 764 765 766 767 768 869 
2 749 67 
35 749 750 751 752 753 754 756 757 758 759 760 761 749 750 751 752 753 754 756 757 67 758 759 760 761 764 765 766 767 768 764 765 766 767 768 
36 749 750 751 752 753 754 756 757 758 759 760 761 763 749 750 751 752 753 754 756 757 67 758 759 760 761 763 765 766 767 768 765 766 767 768 869 
38 749 750 751 752 753 754 756 757 758 759 760 761 763 764 749 750 751 752 753 754 756 757 67 758 759 760 761 843 763 1010 764 766 767 768 766 767 768 869 
36 749 750 751 752 753 754 756 757 758 759 760 761 763 764 765 749 750 751 752 753 754 756 757 67 758 759 760 761 763 764 765 767 768 767 768 869 
37 749 750 751 752 753 754 756 757 758 759 760 761 763 764 765 766 749 750 751 752 753 754 756 757 67 758 1296 759 760 761 763 764 765 766 768 768 869 
36 749 750 751 752 753 754 756 757 758 759 760 761 763 764 765 766 767 749 750 751 752 753 754 756 757 67 758 759 760 761 763 764 765 766 767 869 
8 770 67 771 772 773 773 971 1299 
34 769 67 771 772 773 771 772 773 967 968 969 970 971 972 973 974 975 976 977 989 990 991 1017 1088 1089 1240 1262 1297 1298 1299 1300 1301 1302 1317 
36 769 770 1240 1317 770 67 772 773 772 773 967 968 969 970 971 972 973 974 975 976 977 989 990 991 1017 1088 1089 1240 1262 1297 1298 1299 1300 1301 1302 1317 
37 769 770 771 967 1017 770 67 771 773 975 773 967 968 969 970 971 972 973 974 975 976 977 989 990 991 1017 1088 1089 1240 1262 1297 1298 1299 1300 1301 1302 1317 
40 769 770 771 772 769 1262 1297 1105 1088 770 1089 67 771 772 967 968 969 970 971 972 973 974 975 976 977 989 990 991 1017 1088 1089 1240 1262 1297 1298 1299 1300 1301 1302 1317 
4 1110 1239 1374 67 
39 776 777 778 779 780 781 782 67 783 784 776 777 778 779 780 781 782 783 784 1115 1116 1117 1118 1119 1120 1121 1122 1123 1246 1270 1271 1272 1273 1274 1275 1276 1277 1278 1279 
16 775 775 777 778 779 780 781 782 67 783 784 777 778 780 782 1246 
17 775 776 775 776 1246 778 779 780 781 782 67 783 784 778 780 782 1246 
16 775 776 777 775 776 777 779 780 781 782 67 783 784 780 782 1246 
40 775 776 777 778 775 1115 1116 1117 781 67 1119 783 784 1121 1122 780 781 782 783 784 1115 1116 1117 1118 1119 1120 1121 1122 1123 1246 1270 1271 1272 1273 1274 1275 1276 1277 1278 1279 
17 775 776 777 778 775 776 1246 777 778 779 781 782 67 783 784 782 1246 
44 775 776 777 778 779 780 775 1270 1271 1272 779 1273 1274 67 783 1275 1276 784 1277 1278 1279 782 783 784 1115 1116 1117 1118 1119 1120 1121 1122 1123 1246 1270 1271 1272 1273 1274 1275 1276 1277 1278 1279 
16 775 776 777 778 780 775 776 777 778 779 780 781 67 783 784 1246 
34 775 776 777 778 779 780 781 782 775 779 781 67 784 784 1115 1116 1117 1118 1119 1120 1121 1122 1123 1246 1270 1271 1272 1273 1274 1275 1276 1277 1278 1279 
34 775 776 777 778 779 780 781 782 783 775 779 781 67 783 1115 1116 1117 1118 1119 1120 1121 1122 1123 1246 1270 1271 1272 1273 1274 1275 1276 1277 1278 1279 
15 786 787 788 789 67 790 791 792 786 787 788 789 790 791 792 
15 785 785 787 788 789 67 790 791 792 787 788 789 790 791 792 
15 785 786 785 786 788 789 67 790 791 792 788 789 790 791 792 
15 785 786 787 785 786 787 789 67 790 791 792 789 790 791 792 
15 785 786 787 788 785 786 787 788 67 790 791 792 790 791 792 
15 785 786 787 788 789 785 786 787 788 789 67 791 792 791 792 
15 785 786 787 788 789 790 785 786 787 788 789 67 790 792 792 
15 785 786 787 788 789 790 791 785 786 787 788 789 67 790 791 
12 794 795 796 797 798 799 800 67 801 802 794 796 
28 793 793 795 796 797 798 799 800 67 801 802 795 796 797 798 799 800 801 802 1110 1111 1112 1113 1114 1293 1336 1337 1374 
28 793 794 1110 705 794 797 798 799 800 1111 67 801 1114 796 797 798 799 800 801 802 1110 1111 1113 1114 1293 1336 1337 1374 
12 793 794 793 794 795 797 798 799 800 67 801 802 
25 793 794 795 796 794 795 1239 798 799 800 67 801 1259 798 799 800 801 802 1110 1111 1112 1113 1114 1336 1337 
25 793 794 795 796 797 794 795 797 799 800 67 801 799 800 801 802 1110 1111 1112 1113 1114 1293 1336 1337 1374 
25 793 794 795 796 797 798 794 795 797 798 800 67 801 800 801 802 1110 1111 1112 1113 1114 1293 1336 1337 1374 
25 793 794 795 796 797 798 799 794 795 797 798 799 67 801 801 802 1110 1111 1112 1113 1114 1293 1336 1337 1374 
24 793 794 795 796 797 798 799 800 794 795 797 798 799 1337 800 67 802 1110 1111 1112 1113 1114 1336 1337 
11 793 794 796 794 795 797 798 799 800 67 801 
1 67 
1 67 
1 67 
1 67 
2 67 1106 
7 746 718 67 746 1326 1357 1326 
3 67 826 1329 
20 811 812 813 814 815 816 67 817 818 819 820 821 811 812 813 815 816 819 820 1378 
22 810 810 1378 812 813 814 815 816 67 817 818 819 843 820 821 812 813 815 816 819 820 1378 
20 810 811 810 811 813 814 815 816 67 817 818 819 820 821 813 815 816 819 820 1378 
20 810 811 812 810 811 812 814 815 816 67 817 818 819 820 821 815 816 819 820 1378 
39 810 811 812 813 1241 1242 1202 1243 67 1244 817 1205 818 819 1245 821 815 816 817 818 819 820 821 1198 1199 1200 1201 1202 1203 1204 1205 1206 1207 1241 1242 1243 1244 1245 1378 
20 810 811 812 813 810 811 812 813 814 816 67 817 818 819 820 821 816 819 820 1378 
20 810 811 812 813 815 810 811 812 813 814 815 67 817 818 819 820 821 819 820 1378 
42 810 811 812 813 814 815 816 1198 1199 1200 1201 1202 814 1203 67 1204 1205 818 819 1206 821 1207 818 819 820 821 1198 1199 1200 1201 1202 1203 1204 1205 1206 1207 1241 1242 1243 1244 1245 1378 
32 810 811 812 813 814 815 816 817 814 67 817 819 821 819 820 821 1198 1199 1200 1201 1202 1203 1204 1205 1206 1207 1241 1242 1243 1244 1245 1378 
39 810 811 812 813 814 815 816 817 818 810 811 812 813 814 815 816 67 817 818 820 821 820 821 1198 1199 1200 1201 1202 1203 1204 1205 1206 1207 1241 1242 1243 1244 1245 1378 
20 810 811 812 813 815 816 819 810 811 812 813 814 815 816 67 817 818 819 821 1378 
32 810 811 812 813 814 815 816 817 818 819 820 814 67 817 818 819 1198 1199 1200 1201 1202 1203 1204 1205 1206 1207 1241 1242 1243 1244 1245 1378 
1 67 
3 67 1108 824 
3 823 67 1108 
3 953 67 826 
3 825 809 67 
24 828 829 830 831 832 67 833 834 828 829 830 831 832 833 834 1096 1097 1098 1099 1100 1101 1102 1103 1104 
23 827 827 829 830 832 67 833 834 829 830 831 832 833 834 1096 1097 1098 1099 1100 1101 1102 1103 1104 
24 827 828 827 828 830 831 832 67 833 834 830 831 832 833 834 1096 1097 1098 1099 1100 1101 1102 1103 1104 
23 827 828 829 827 828 829 832 67 833 834 831 832 833 834 1096 1097 1098 1099 1100 1101 1102 1103 1104 
19 827 829 827 828 829 830 832 67 833 834 832 1096 1097 1098 1099 1101 1102 1103 1104 
14 827 828 829 830 831 827 828 829 830 831 67 833 834 834 
30 827 828 829 830 831 832 827 1097 828 829 1098 830 1099 1100 67 1101 1102 1103 1104 834 834 1096 1097 1098 1099 1100 1101 1102 1103 1104 
23 827 828 829 830 831 832 833 827 828 829 830 832 67 833 1096 1097 1098 1099 1100 1101 1102 1103 1104 
9 836 837 67 838 839 840 841 837 838 
15 835 837 67 838 839 840 841 837 838 839 840 841 1137 1152 1234 
18 835 836 835 1152 1234 836 67 838 839 840 841 838 839 840 841 1137 1152 1234 
18 835 836 837 835 1152 1234 836 837 67 839 840 841 839 840 841 1137 1152 1234 
15 835 836 837 838 836 837 67 838 840 841 840 841 1137 1152 1234 
17 835 836 837 838 839 1137 705 836 837 67 838 839 841 841 1137 1152 1234 
15 835 836 837 838 839 840 836 837 67 838 839 840 1137 1152 1234 
2 586 67 
4 765 811 67 714 
1 67 
31 846 847 848 849 850 851 852 67 853 854 855 856 857 858 859 860 846 847 848 849 850 851 852 853 854 855 856 857 858 859 860 
31 845 845 847 848 849 850 851 852 67 853 854 855 856 857 858 859 860 847 848 849 850 851 852 853 854 855 856 857 858 859 860 
31 845 846 845 846 848 849 850 851 852 67 853 854 855 856 857 858 859 860 848 849 850 851 852 853 854 855 856 857 858 859 860 
31 845 846 847 845 846 847 849 850 851 852 67 853 854 855 856 857 858 859 860 849 850 851 852 853 854 855 856 857 858 859 860 
31 845 846 847 848 845 846 847 848 850 851 852 67 853 854 855 856 857 858 859 860 850 851 852 853 854 855 856 857 858 859 860 
31 845 846 847 848 849 845 846 847 848 849 851 852 67 853 854 855 856 857 858 859 860 851 852 853 854 855 856 857 858 859 860 
31 845 846 847 848 849 850 845 846 847 848 849 850 852 67 853 854 855 856 857 858 859 860 852 853 854 855 856 857 858 859 860 
31 845 846 847 848 849 850 851 845 846 847 848 849 850 851 67 853 854 855 856 857 858 859 860 853 854 855 856 857 858 859 860 
32 845 846 847 848 849 850 851 852 845 846 847 848 849 850 851 852 67 854 855 856 857 858 859 860 854 855 856 857 858 859 860 1261 
31 845 846 847 848 849 850 851 852 853 845 846 847 848 849 850 851 852 67 853 855 856 857 858 859 860 855 856 857 858 859 860 
31 845 846 847 848 849 850 851 852 853 854 845 846 847 848 849 850 851 852 67 853 854 856 857 858 859 860 856 857 858 859 860 
31 845 846 847 848 849 850 851 852 853 854 855 845 846 847 848 849 850 851 852 67 853 854 855 857 858 859 860 857 858 859 860 
31 845 846 847 848 849 850 851 852 853 854 855 856 845 846 847 848 849 850 851 852 67 853 854 855 856 858 859 860 858 859 860 
31 845 846 847 848 849 850 851 852 853 854 855 856 857 845 846 847 848 849 850 851 852 67 853 854 855 856 857 859 860 859 860 
31 845 846 847 848 849 850 851 852 853 854 855 856 857 858 845 846 847 848 849 850 851 852 67 853 854 855 856 857 858 860 860 
44 845 846 847 848 849 850 851 852 853 854 855 856 857 858 859 845 846 847 848 849 850 851 852 67 853 854 855 856 857 858 859 1021 1022 1023 1024 1025 1026 1027 1028 1029 1030 1031 1032 1033 
18 1359 1360 1361 67 1362 1363 1364 862 863 865 1358 1359 1360 1361 1362 1363 1364 1377 
7 861 67 863 864 865 864 865 
10 862 1359 1360 861 1361 67 1362 1363 1364 865 
5 862 67 862 865 865 
7 862 864 861 67 862 863 864 
2 67 867 
2 866 67 
4 731 869 870 67 
19 868 749 750 751 752 753 754 756 757 67 758 759 760 761 764 765 766 767 768 
3 868 67 1010 
1 67 
1 67 
11 874 67 875 874 875 898 899 900 1235 1236 1237 
12 873 873 899 900 67 875 898 899 900 1235 1236 1237 
5 873 873 874 67 899 
15 877 878 879 880 67 881 882 883 877 878 879 880 881 882 883 
15 876 876 878 879 880 67 881 882 883 878 879 880 881 882 883 
15 876 877 876 877 879 880 67 881 882 883 879 880 881 882 883 
15 876 877 878 876 877 878 880 67 881 882 883 880 881 882 883 
15 876 877 878 879 876 877 878 879 67 881 882 883 881 882 883 
15 876 877 878 879 880 876 877 878 879 880 67 882 883 882 883 
16 876 877 878 879 880 881 876 877 878 879 880 67 881 883 993 883 
15 876 877 878 879 880 881 882 876 877 878 879 880 67 881 882 
2 67 746 
1 67 
15 887 888 67 710 889 890 891 892 893 894 895 896 887 888 895 
24 886 886 888 67 710 889 890 891 892 893 894 895 888 710 889 890 891 892 893 894 895 896 1396 1397 
15 886 887 886 887 67 710 889 890 891 892 893 894 895 896 895 
21 886 887 888 710 887 67 710 890 891 892 893 894 890 891 892 893 894 895 896 1396 1397 
21 886 887 888 710 889 887 67 710 889 891 892 893 894 891 892 893 894 895 896 1396 1397 
22 886 887 888 710 889 890 1397 887 67 710 889 890 892 893 894 892 893 894 895 896 1396 1397 
21 886 887 888 710 889 890 891 887 67 710 889 890 891 893 894 893 894 895 896 1396 1397 
23 886 887 888 710 889 890 891 892 1396 887 67 710 889 890 891 892 894 896 894 895 896 1396 1397 
21 886 887 888 710 889 890 891 892 893 887 67 710 889 890 891 892 893 895 896 1396 1397 
15 886 887 888 886 887 888 67 710 889 890 891 892 893 894 896 
17 886 888 893 895 887 1124 67 710 889 890 891 892 893 894 1396 1398 728 
1 67 
5 873 899 874 900 67 
13 874 898 873 874 900 67 1235 875 1236 1237 900 1235 1236 
10 874 898 899 873 899 874 67 1235 1236 1237 
4 67 1057 1106 1376 
2 67 903 
2 902 67 
2 1107 67 
3 906 67 907 
22 905 996 1303 1090 1078 67 746 1375 1281 1093 993 907 1356 907 1004 1075 1076 1078 1092 1093 1149 1356 
6 905 906 906 67 1078 1092 
2 67 746 
1 67 
8 911 912 913 67 914 915 916 1294 
27 910 986 912 1294 913 67 1295 914 915 916 913 914 915 916 985 986 987 1059 1060 1061 1062 1063 1064 1065 1315 1366 1379 
9 910 911 986 913 67 914 915 916 1294 
27 910 911 912 911 986 67 914 915 916 914 915 916 985 986 987 1059 1060 1061 1062 1063 1064 1065 1294 1295 1315 1366 1379 
16 910 911 912 913 1059 911 986 913 67 915 916 915 916 986 1294 1295 
27 910 911 912 913 914 911 986 913 67 914 916 916 985 986 987 1059 1060 1061 1062 1063 1064 1065 1294 1295 1315 1366 1379 
27 910 911 912 913 914 915 911 986 913 67 914 915 985 986 987 1059 1060 1061 1062 1063 1064 1065 1294 1295 1315 1366 1379 
1 67 
1 67 
3 920 67 921 
5 919 67 921 921 1151 
19 919 920 1381 1173 920 67 1174 729 1138 1139 1151 1172 1173 1174 1255 1281 1367 1368 1369 
1 67 
1 67 
1 67 
4 1088 1089 67 1089 
6 1161 1090 744 718 67 746 
1 67 
16 929 930 931 932 933 934 935 67 936 937 735 938 939 940 941 938 
15 928 1218 1219 1220 1221 1222 67 1223 1224 1225 1226 1227 1228 1229 931 
19 928 931 932 933 935 67 937 735 938 940 941 931 932 933 937 938 940 941 1108 
20 928 930 929 930 932 933 935 67 937 735 938 940 941 932 933 937 938 940 941 1108 
20 928 930 931 953 930 931 933 935 67 937 735 938 940 941 933 937 938 940 941 1108 
20 928 930 931 932 930 931 932 934 935 67 937 735 938 940 941 937 938 940 941 1108 
4 928 933 67 938 
10 928 930 931 932 933 67 937 938 940 941 
5 928 67 1108 719 719 
19 928 930 931 932 933 930 931 932 933 935 67 735 938 940 941 938 940 941 1108 
22 928 930 931 932 933 937 928 930 931 932 933 934 935 67 1108 937 735 940 941 940 941 1108 
2 928 67 
19 928 930 931 932 933 937 938 930 931 932 933 935 67 937 735 938 941 941 1108 
19 928 930 931 932 933 937 938 940 930 931 932 933 935 67 937 735 938 940 1108 
17 943 944 945 946 947 948 949 950 67 943 944 945 946 947 948 949 950 
17 942 942 944 945 946 947 948 949 950 67 944 945 946 947 948 949 950 
17 942 943 942 943 945 946 947 948 949 950 67 945 946 947 948 949 950 
17 942 943 944 942 943 944 946 947 948 949 950 67 946 947 948 949 950 
17 942 943 944 945 942 943 944 945 947 948 949 950 67 947 948 949 950 
17 942 943 944 945 946 942 943 944 945 946 948 949 950 67 948 949 950 
17 942 943 944 945 946 947 942 943 944 945 946 947 949 950 67 949 950 
17 942 943 944 945 946 947 948 942 943 944 945 946 947 948 950 67 950 
17 942 943 944 945 946 947 948 949 942 943 944 945 946 947 948 949 67 
1 67 
2 67 953 
6 825 932 952 67 1232 726 
1 67 
1 67 
11 957 958 959 960 961 962 67 963 964 965 958 
18 956 958 959 960 961 962 67 963 964 965 958 959 960 961 962 963 964 965 
19 956 957 956 957 959 960 961 962 67 963 964 965 959 960 961 962 963 964 965 
18 956 957 958 957 958 960 961 962 67 963 964 965 960 961 962 963 964 965 
18 956 957 958 959 957 958 959 961 962 67 963 964 965 961 962 963 964 965 
19 956 957 958 959 960 957 958 959 960 962 67 1108 963 964 965 962 963 964 965 
18 956 957 958 959 960 961 957 958 959 960 961 67 963 964 965 963 964 965 
18 956 957 958 959 960 961 962 957 958 959 960 961 962 67 964 965 964 965 
18 956 957 958 959 960 961 962 963 957 958 959 960 961 962 67 963 965 965 
18 956 957 958 959 960 961 962 963 964 957 958 959 960 961 962 67 963 964 
2 67 1262 
28 772 968 770 969 970 971 972 67 771 973 772 974 773 975 976 977 968 969 970 971 972 973 974 975 976 977 989 1240 
8 967 967 770 971 67 771 772 773 
10 967 967 770 970 67 771 772 773 977 991 
9 967 969 967 770 67 771 973 772 773 
12 967 968 769 967 1262 770 1089 67 771 772 974 773 
9 967 967 770 67 771 772 773 976 975 
9 967 970 967 770 67 771 772 773 975 
8 967 971 967 770 67 771 772 773 
10 772 967 973 967 770 972 67 771 772 773 
8 967 972 967 770 67 771 772 773 
8 967 967 770 969 67 771 772 773 
2 979 67 
3 978 1105 67 
9 981 982 67 983 984 981 982 983 984 
9 980 980 982 67 983 984 982 983 984 
9 980 981 980 981 67 983 984 983 984 
9 980 981 982 980 981 982 67 984 984 
9 980 981 982 983 980 981 982 67 983 
8 911 986 913 67 915 916 987 1063 
26 911 912 913 914 915 916 985 911 913 67 914 915 916 987 1059 1060 1061 1062 1063 1064 1065 1294 1295 1315 1366 1379 
8 985 911 986 913 67 915 916 1063 
1 67 
9 967 770 990 67 771 772 773 991 1240 
7 989 770 67 771 772 773 1240 
9 989 1317 770 969 67 771 772 773 1240 
3 67 993 993 
7 882 906 992 992 718 67 1281 
1 67 
6 1070 1071 67 1072 1073 1074 
33 906 997 998 999 1000 1001 1002 1003 67 1004 1005 1006 1007 1008 997 998 1000 1001 1002 1003 1004 1005 1006 1008 1078 1162 1163 1165 1166 1167 1168 1170 1305 
40 996 996 998 1000 1160 1161 1162 1001 1002 1163 718 1003 1164 67 1004 1165 1166 1167 1005 1006 1007 1168 1008 1169 1170 1171 998 1000 1001 1002 1003 1005 1006 1162 1163 1164 1165 1166 1167 1168 
42 996 997 996 997 1000 1160 1161 1090 1162 1001 1002 1163 718 1003 1164 67 1004 1165 1166 1281 1167 1005 1006 1007 1168 1008 1169 1170 1171 1000 1001 1002 1003 1005 1006 1162 1163 1164 1165 1166 1167 1168 
5 996 1355 67 1356 1356 
40 996 997 998 996 997 998 1160 1161 1162 1001 1002 1163 718 1003 1164 67 1004 1165 1166 1167 1005 1006 1007 1168 1008 1169 1170 1171 1001 1002 1003 1005 1006 1162 1163 1164 1165 1166 1167 1168 
40 996 997 998 1000 996 997 998 1000 1160 1161 1162 1002 1163 718 1003 1164 67 1004 1165 1166 1167 1005 1006 1007 1168 1008 1169 1170 1171 1002 1003 1005 1006 1162 1163 1164 1165 1166 1167 1168 
40 996 997 998 1000 1001 996 997 998 1000 1160 1161 1162 1001 1163 718 1003 1164 67 1004 1165 1166 1167 1005 1006 1007 1168 1008 1169 1170 1171 1003 1005 1006 1162 1163 1164 1165 1166 1167 1168 
46 996 997 998 1000 1001 1002 996 997 998 1000 1160 1161 1090 1162 1001 1002 1163 718 1164 67 1004 1165 1166 1375 1167 1005 1006 1007 1168 1008 1169 1170 1171 1005 1006 1007 1090 1162 1163 1164 1165 1166 1167 1168 1171 1375 
27 996 997 998 1000 1001 1002 1003 996 906 1090 67 746 1375 1168 1005 1006 1007 1090 1162 1163 1164 1165 1166 1167 1168 1171 1375 
41 996 997 998 1000 1001 1002 1003 996 997 998 1000 1160 1161 1090 1162 1001 1002 1163 718 1003 1164 67 1004 1165 1166 1167 1006 1007 1168 1008 1169 1170 1171 1006 1162 1163 1164 1165 1166 1167 1168 
40 996 997 998 1000 1001 1002 1003 1005 996 997 998 1000 1160 1161 1162 1001 1002 1163 718 1003 1164 67 1004 1165 1166 1167 1005 1007 1168 1008 1169 1170 1171 1162 1163 1164 1165 1166 1167 1168 
33 996 997 998 1000 1001 1002 1003 1005 1006 1160 1161 1162 1163 718 1003 67 1004 1165 1166 1168 1008 1169 1170 1090 1162 1163 1164 1165 1166 1167 1168 1171 1375 
26 996 997 998 1000 1001 1002 1003 1005 1006 1007 996 718 67 1169 1170 1078 1090 1162 1163 1164 1165 1166 1167 1168 1171 1375 
4 67 1189 1254 1371 
6 754 756 758 765 870 67 
4 1012 67 1013 1012 
6 1011 1011 67 1159 1013 1159 
8 1011 1012 67 1159 724 725 726 728 
2 67 1015 
2 1014 67 
1 67 
6 772 770 67 771 772 773 
1 67 
1 67 
5 1329 67 1108 1333 1329 
26 1022 1023 1024 67 1025 1026 1027 1028 1029 1030 1031 1032 1033 860 1022 1023 1024 1025 1026 1027 1028 1029 1030 1031 1032 1033 
26 1021 1021 1023 1024 67 1025 1026 1027 1028 1029 1030 1031 1032 1033 860 1023 1024 1025 1026 1027 1028 1029 1030 1031 1032 1033 
26 1021 1022 1021 1022 1024 67 1025 1026 1027 1028 1029 1030 1031 1032 1033 860 1024 1025 1026 1027 1028 1029 1030 1031 1032 1033 
26 1021 1022 1023 1021 1022 1023 67 1025 1026 1027 1028 1029 1030 1031 1032 1033 860 1025 1026 1027 1028 1029 1030 1031 1032 1033 
26 1021 1022 1023 1024 1021 1022 1023 1024 67 1026 1027 1028 1029 1030 1031 1032 1033 860 1026 1027 1028 1029 1030 1031 1032 1033 
26 1021 1022 1023 1024 1025 1021 1022 1023 1024 67 1025 1027 1028 1029 1030 1031 1032 1033 860 1027 1028 1029 1030 1031 1032 1033 
26 1021 1022 1023 1024 1025 1026 1021 1022 1023 1024 67 1025 1026 1028 1029 1030 1031 1032 1033 860 1028 1029 1030 1031 1032 1033 
26 1021 1022 1023 1024 1025 1026 1027 1021 1022 1023 1024 67 1025 1026 1027 1029 1030 1031 1032 1033 860 1029 1030 1031 1032 1033 
26 1021 1022 1023 1024 1025 1026 1027 1028 1021 1022 1023 1024 67 1025 1026 1027 1028 1030 1031 1032 1033 860 1030 1031 1032 1033 
26 1021 1022 1023 1024 1025 1026 1027 1028 1029 1021 1022 1023 1024 67 1025 1026 1027 1028 1029 1031 1032 1033 860 1031 1032 1033 
26 1021 1022 1023 1024 1025 1026 1027 1028 1029 1030 1021 1022 1023 1024 67 1025 1026 1027 1028 1029 1030 1032 1033 860 1032 1033 
26 1021 1022 1023 1024 1025 1026 1027 1028 1029 1030 1031 1021 1022 1023 1024 67 1025 1026 1027 1028 1029 1030 1031 1033 860 1033 
26 1021 1022 1023 1024 1025 1026 1027 1028 1029 1030 1031 1032 1021 1022 1023 1024 67 1025 1026 1027 1028 1029 1030 1031 1032 860 
45 1035 1036 1037 1038 1039 1040 1041 1042 1043 1044 1045 1046 1047 1048 1049 1050 67 1051 1052 1053 1054 1055 1056 1035 1036 1037 1038 1039 1040 1041 1042 1043 1044 1045 1046 1047 1048 1049 1050 1051 1052 1053 1054 1055 1056 
45 1034 1034 1036 1037 1038 1039 1040 1041 1042 1043 1044 1045 1046 1047 1048 1049 1050 67 1051 1052 1053 1054 1055 1056 1036 1037 1038 1039 1040 1041 1042 1043 1044 1045 1046 1047 1048 1049 1050 1051 1052 1053 1054 1055 1056 
41 1034 1035 1034 1035 1038 1039 1040 1042 1043 1044 1045 1046 1047 1048 1049 1050 67 1051 1052 1053 1056 1037 1038 1039 1040 1041 1042 1043 1044 1045 1046 1047 1048 1049 1050 1051 1052 1053 1054 1055 1056 
39 1034 1035 1034 1035 1036 1038 1039 1040 1041 1042 1043 1044 1045 1046 1047 1048 1049 1050 67 1051 1052 1053 1054 1055 1056 1039 1040 1041 1043 1044 1045 1049 1050 1051 1052 1053 1054 1055 1056 
42 1034 1035 1036 1037 1034 1035 1036 1039 1040 1042 1043 1044 1045 1046 1047 1048 1049 1050 67 1051 1052 1053 1056 1039 1040 1041 1042 1043 1044 1045 1046 1047 1048 1049 1050 1051 1052 1053 1054 1055 1056 1399 
45 1034 1035 1036 1037 1038 1034 1035 1036 1037 1038 1040 1041 1042 1043 1044 1045 1046 1047 1048 1049 1050 67 1051 1052 1053 1054 1055 1056 1040 1041 1042 1043 1044 1045 1046 1047 1048 1049 1050 1051 1052 1053 1054 1055 1056 
45 1034 1035 1036 1037 1038 1039 1034 1035 1036 1037 1038 1039 1041 1042 1043 1044 1045 1046 1047 1048 1049 1050 67 1051 1052 1053 1054 1055 1056 1041 1042 1043 1044 1045 1046 1047 1048 1049 1050 1051 1052 1053 1054 1055 1056 
39 1034 1035 1037 1039 1040 1034 1035 1036 1037 1038 1039 1040 1042 1043 1044 1045 1046 1047 1048 1049 1050 67 1051 1052 1053 1054 1055 1056 1043 1044 1045 1049 1050 1051 1052 1053 1054 1055 1056 
41 1034 1035 1036 1037 1038 1039 1040 1041 1034 1035 1036 1038 1039 1040 1043 1044 1045 1046 1047 1048 1049 1050 67 1051 1052 1053 1056 1043 1044 1045 1046 1047 1048 1049 1050 1051 1052 1053 1054 1055 1056 
46 1034 1035 1036 1037 1038 1039 1040 1041 1042 1034 1035 1036 1037 1038 1039 1040 1041 1042 1044 1045 1046 1047 1048 1049 1050 67 1051 1052 1053 1054 1055 1056 1044 1045 1046 1047 1048 1049 1050 1051 1052 1053 1054 1055 1056 1399 
45 1034 1035 1036 1037 1038 1039 1040 1041 1042 1043 1034 1035 1036 1037 1038 1039 1040 1041 1042 1043 1045 1046 1047 1048 1049 1050 67 1051 1052 1053 1054 1055 1056 1045 1046 1047 1048 1049 1050 1051 1052 1053 1054 1055 1056 
45 1034 1035 1036 1037 1038 1039 1040 1041 1042 1043 1044 1034 1035 1036 1037 1038 1039 1040 1041 1042 1043 1044 1046 1047 1048 1049 1050 67 1051 1052 1053 1054 1055 1056 1046 1047 1048 1049 1050 1051 1052 1053 1054 1055 1056 
42 1034 1035 1036 1037 1038 1039 1040 1041 1042 1043 1044 1045 1034 1035 1036 1038 1039 1040 1042 1043 1044 1045 1047 1048 1049 1050 67 1051 1052 1053 1056 1047 1048 1049 1050 1051 1052 1053 1054 1055 1056 1399 
41 1034 1035 1036 1037 1038 1039 1040 1041 1042 1043 1044 1045 1046 1034 1035 1036 1038 1039 1040 1042 1043 1044 1045 1046 1048 1049 1050 67 1051 1052 1053 1056 1048 1049 1050 1051 1052 1053 1054 1055 1056 
41 1034 1035 1036 1037 1038 1039 1040 1041 1042 1043 1044 1045 1046 1047 1034 1035 1036 1038 1039 1040 1042 1043 1044 1045 1046 1047 1049 1050 67 1051 1052 1053 1056 1049 1050 1051 1052 1053 1054 1055 1056 
45 1034 1035 1036 1037 1038 1039 1040 1041 1042 1043 1044 1045 1046 1047 1048 1034 1035 1036 1037 1038 1039 1040 1041 1042 1043 1044 1045 1046 1047 1048 1050 67 1051 1052 1053 1054 1055 1056 1050 1051 1052 1053 1054 1055 1056 
45 1034 1035 1036 1037 1038 1039 1040 1041 1042 1043 1044 1045 1046 1047 1048 1049 1034 1035 1036 1037 1038 1039 1040 1041 1042 1043 1044 1045 1046 1047 1048 1049 67 1051 1052 1053 1054 1055 1056 1051 1052 1053 1054 1055 1056 
45 1034 1035 1036 1037 1038 1039 1040 1041 1042 1043 1044 1045 1046 1047 1048 1049 1050 1034 1035 1036 1037 1038 1039 1040 1041 1042 1043 1044 1045 1046 1047 1048 1049 1050 67 1052 1053 1054 1055 1056 1052 1053 1054 1055 1056 
45 1034 1035 1036 1037 1038 1039 1040 1041 1042 1043 1044 1045 1046 1047 1048 1049 1050 1051 1034 1035 1036 1037 1038 1039 1040 1041 1042 1043 1044 1045 1046 1047 1048 1049 1050 67 1051 1053 1054 1055 1056 1053 1054 1055 1056 
45 1034 1035 1036 1037 1038 1039 1040 1041 1042 1043 1044 1045 1046 1047 1048 1049 1050 1051 1052 1034 1035 1036 1037 1038 1039 1040 1041 1042 1043 1044 1045 1046 1047 1048 1049 1050 67 1051 1052 1054 1055 1056 1054 1055 1056 
39 1034 1035 1037 1039 1040 1041 1043 1044 1045 1049 1050 1051 1052 1053 1034 1035 1036 1037 1038 1039 1040 1041 1042 1043 1044 1045 1046 1047 1048 1049 1050 67 1051 1052 1053 1055 1056 1055 1056 
39 1034 1035 1037 1039 1040 1041 1043 1044 1045 1049 1050 1051 1052 1053 1054 1034 1035 1036 1037 1038 1039 1040 1041 1042 1043 1044 1045 1046 1047 1048 1049 1050 67 1051 1052 1053 1054 1056 1056 
45 1034 1035 1036 1037 1038 1039 1040 1041 1042 1043 1044 1045 1046 1047 1048 1049 1050 1051 1052 1053 1054 1055 1034 1035 1036 1037 1038 1039 1040 1041 1042 1043 1044 1045 1046 1047 1048 1049 1050 67 1051 1052 1053 1054 1055 
2 67 901 
1 67 
13 914 911 1060 986 1061 1062 913 67 1063 1064 915 916 1065 
8 1059 911 986 1379 913 67 915 916 
7 1059 911 986 913 67 915 916 
7 1059 911 986 913 67 915 916 
9 1059 985 911 986 913 67 915 916 987 
8 1059 911 1315 986 913 67 915 916 
7 1059 911 986 913 67 915 916 
1 67 
1 67 
1 67 
1 67 
10 995 1071 67 1072 1073 1074 1071 1072 1073 1074 
10 995 1070 1070 67 1072 1073 1074 1072 1073 1074 
10 995 1070 1071 1070 1071 67 1073 1074 1073 1074 
10 995 1070 1071 1072 1070 1071 67 1072 1074 1074 
10 995 1070 1071 1072 1073 1070 1071 67 1072 1073 
4 906 67 1076 1076 
4 1075 1075 906 67 
3 1078 67 1078 
10 906 1077 996 1077 906 1090 67 1375 1008 907 
2 67 1254 
1 67 
13 1082 1083 1084 1085 67 1086 1087 1082 1083 1084 1085 1086 1087 
13 1081 1081 1083 1084 1085 67 1086 1087 1083 1084 1085 1086 1087 
13 1081 1082 1081 1082 1084 1085 67 1086 1087 1084 1085 1086 1087 
13 1081 1082 1083 1081 1082 1083 1085 67 1086 1087 1085 1086 1087 
13 1081 1082 1083 1084 1081 1082 1083 1084 67 1086 1087 1086 1087 
13 1081 1082 1083 1084 1085 1081 1082 1083 1084 1085 67 1087 1087 
13 1081 1082 1083 1084 1085 1086 1081 1082 1083 1084 1085 67 1086 
7 773 925 770 67 771 772 773 
9 773 925 971 925 770 67 771 772 773 
23 906 926 998 1003 1004 1005 1078 1160 1161 1162 1163 718 1003 67 1004 1165 1166 1007 1168 1008 1169 1170 1163 
1 67 
5 906 718 67 1093 907 
4 906 1092 906 67 
2 67 1095 
5 1094 67 717 1365 717 
16 827 1097 828 829 1098 830 831 1099 1100 67 1101 1102 1103 1104 833 834 
24 833 1096 827 828 829 1098 830 831 1099 1100 67 1101 1102 1103 1104 833 834 1098 1099 1100 1101 1102 1103 1104 
24 833 1096 1097 827 1097 828 829 830 831 1099 1100 67 1101 1102 1103 1104 833 834 1099 1100 1101 1102 1103 1104 
24 833 1096 1097 1098 827 1097 828 829 1098 830 831 1100 67 1101 1102 1103 1104 833 834 1100 1101 1102 1103 1104 
23 833 1096 1097 1098 1099 827 1097 828 829 1098 830 1099 67 1101 1102 1103 1104 833 834 1101 1102 1103 1104 
24 833 1096 1097 1098 1099 1100 827 1097 828 829 1098 830 831 1099 1100 67 1102 1103 1104 833 834 1102 1103 1104 
24 833 1096 1097 1098 1099 1100 1101 827 1097 828 829 1098 830 831 1099 1100 67 1101 1103 1104 833 834 1103 1104 
24 833 1096 1097 1098 1099 1100 1101 1102 827 1097 828 829 1098 830 831 1099 1100 67 1101 1102 1104 833 834 1104 
24 833 1096 1097 1098 1099 1100 1101 1102 1103 827 1097 828 829 1098 830 831 1099 1100 67 1101 1102 1103 833 834 
6 773 979 67 1357 1357 724 
3 807 67 901 
6 904 67 1257 705 1257 1324 
17 823 824 936 938 961 1020 930 931 932 933 67 937 735 938 940 941 1329 
1 67 
17 774 795 705 794 795 797 798 799 800 1111 1112 67 801 1113 1114 1111 1114 
17 795 1110 1110 705 794 795 797 1239 798 799 800 67 801 1293 1114 1114 1336 
9 1110 794 797 798 799 800 67 801 1336 
11 1110 794 795 797 798 799 800 67 801 1336 1337 
15 795 1110 1111 1110 705 794 795 797 798 799 800 1111 67 801 1336 
21 779 775 1116 1117 779 1118 781 67 1119 783 784 1120 1121 1122 1123 1116 1117 1119 1121 1122 1123 
18 779 1115 775 1115 1117 779 781 67 1119 783 784 1121 1122 1117 1119 1121 1122 1123 
18 779 1115 1116 775 1115 1116 779 781 67 1119 783 784 1121 1122 1119 1121 1122 1123 
8 1115 775 779 781 67 783 784 1123 
18 779 1115 1116 1117 775 1115 1116 1117 779 781 67 783 784 1121 1122 1121 1122 1123 
9 1115 775 779 781 67 783 784 1123 1274 
19 779 1115 1116 1117 1119 775 1115 1116 1117 779 781 67 1119 783 784 735 1122 1122 1123 
18 779 1115 1116 1117 1119 1121 775 1115 1116 1117 779 781 67 1119 783 784 1121 1123 
16 1115 775 1115 1246 1116 1117 779 1118 781 67 1119 783 784 1120 1121 1122 
3 896 67 1400 
21 1188 1189 1190 67 1191 1192 1193 1194 1195 1196 1197 1188 1189 1190 1191 1192 1193 1194 1195 1196 1197 
1 67 
1 67 
5 67 1129 1130 1131 1296 
5 1128 67 1130 1131 1296 
4 1128 1129 67 1296 
4 1128 1129 67 1296 
1 67 
1 67 
2 1231 67 
1 67 
1 67 
8 840 836 837 67 838 839 840 841 
4 67 921 1139 1139 
5 1138 1138 1173 67 921 
1 67 
2 1142 67 
8 1141 1320 67 1321 1322 1323 1324 1325 
1 67 
2 67 1145 
2 1144 67 
3 1147 67 1147 
3 1146 1146 67 
1 67 
2 906 67 
3 586 67 729 
3 920 67 921 
9 837 838 836 837 67 838 839 840 841 
5 1154 1155 67 1156 1157 
8 1153 1155 67 1156 1157 1155 1156 1157 
8 1153 1154 1154 67 1156 1157 1156 1157 
8 1153 1154 1155 1154 1155 67 1157 1157 
8 1153 1154 1155 1156 1154 1155 67 1156 
1 67 
4 1012 1012 67 1013 
23 997 998 1000 1001 1002 1003 1005 1006 1007 1090 718 67 1169 1170 1162 1163 1164 1165 1166 1167 1168 1171 1375 
24 926 997 998 1000 1001 1002 1003 1005 1006 1007 1090 718 67 1169 1170 1162 1163 1164 1165 1166 1167 1168 1171 1375 
44 997 998 1000 1001 1002 1003 1005 1006 1007 1090 996 997 998 1000 1160 1161 1001 1002 1163 718 1003 1164 67 1004 1165 1166 1167 1005 1006 1007 1168 1309 1008 1169 1170 1171 1163 1164 1165 1166 1167 1168 1171 1375 
43 997 998 1000 1001 1002 1003 1005 1006 1007 1090 1162 996 997 998 1000 1160 1161 1090 1162 1001 1002 718 1003 67 1004 1165 1166 1375 1005 1006 1007 1168 1008 1169 1170 1171 1164 1165 1166 1167 1168 1171 1375 
37 997 998 1000 1001 1002 1003 1005 1006 1162 997 998 1000 1160 1161 1162 1001 1002 1163 718 1003 67 1004 1165 1166 1167 1005 1006 1007 1168 1008 1169 1170 1171 1165 1166 1167 1168 
43 997 998 1000 1001 1002 1003 1005 1006 1007 1090 1162 1163 1164 996 997 998 1000 1160 1161 1162 1001 1002 1163 718 1003 1164 67 1004 1166 1167 1005 1006 1007 1168 1008 1169 1170 1171 1166 1167 1168 1171 1375 
43 997 998 1000 1001 1002 1003 1005 1006 1007 1090 1162 1163 1164 1165 996 997 998 1000 1160 1161 1162 1001 1002 1163 718 1003 1164 67 1004 1165 1167 1005 1006 1007 1168 1008 1169 1170 1171 1167 1168 1171 1375 
38 997 998 1000 1001 1002 1003 1005 1006 1162 1164 1165 1166 996 997 998 1000 1160 1161 1162 1001 1002 1163 718 1003 1164 67 1004 1165 1166 1005 1006 1007 1168 1008 1169 1170 1171 1168 
45 997 998 1000 1001 1002 1003 1004 1005 1006 1007 1090 1162 1163 1164 1165 1166 1167 996 997 998 1000 1160 1161 1162 1001 1002 1163 718 1003 1164 67 1004 1165 1166 1375 1167 1005 1006 1007 1008 1169 1170 1171 1171 1375 
23 997 998 1000 1001 1002 1003 1005 1006 1007 1008 1090 1160 1161 1162 1163 1164 1165 1166 1167 1168 67 1171 1375 
24 997 998 1000 1001 1002 1003 1005 1006 1007 1008 1090 1160 1161 1162 1163 1164 1165 1166 1167 1168 996 67 1171 1375 
31 997 998 1000 1001 1002 1003 1005 1006 1162 1163 1164 1165 1166 1167 1168 1160 1161 1162 1163 718 1003 67 1004 1165 1166 1375 1007 1168 1008 1169 1170 
5 1173 67 1174 921 1174 
6 921 1139 1172 67 1174 921 
6 921 1172 1173 1172 67 921 
9 1176 1177 67 1178 1179 1180 1181 1182 1183 
10 1175 1253 1256 1177 67 1179 1180 1181 1183 1179 
17 1175 1176 67 1179 1180 1181 1183 1178 1179 1180 1181 1182 1183 1253 1256 726 728 
7 1175 1177 67 1179 1180 1181 1183 
18 1175 1176 1177 1178 1176 1177 67 1180 1181 1183 1180 1181 1182 1183 1253 1256 726 728 
17 1175 1176 1177 1178 1179 1177 67 1179 1181 1183 1181 1182 1183 1253 1256 726 728 
17 1175 1176 1177 1178 1179 1180 1177 67 1179 1180 1183 1182 1183 1253 1256 726 728 
7 1175 1177 67 1179 1180 1181 1183 
18 1175 1176 1177 1178 1179 1180 1181 1182 1177 67 1179 1180 1181 728 1253 1256 726 728 
1 67 
1 67 
1 67 
1 67 
21 1125 1189 1190 1125 67 1191 1192 1193 1194 1195 1196 1197 1189 1190 1191 1192 1193 1194 1195 1196 1197 
25 1125 1188 1188 1009 744 1190 1125 67 1191 1192 1193 1194 1195 1196 1197 1357 1371 1190 1191 1192 1193 1194 1195 1196 1197 
21 1125 1188 1189 1188 1189 1125 67 1191 1192 1193 1194 1195 1196 1197 1191 1192 1193 1194 1195 1196 1197 
21 1125 1188 1189 1190 1188 1189 1190 1125 67 1192 1193 1194 1195 1196 1197 1192 1193 1194 1195 1196 1197 
21 1125 1188 1189 1190 1191 1188 1189 1190 1125 67 1191 1193 1194 1195 1196 1197 1193 1194 1195 1196 1197 
21 1125 1188 1189 1190 1191 1192 1188 1189 1190 1125 67 1191 1192 1194 1195 1196 1197 1194 1195 1196 1197 
21 1125 1188 1189 1190 1191 1192 1193 1188 1189 1190 1125 67 1191 1192 1193 1195 1196 1197 1195 1196 1197 
21 1125 1188 1189 1190 1191 1192 1193 1194 1188 1189 1190 1125 67 1191 1192 1193 1194 1196 1197 1196 1197 
21 1125 1188 1189 1190 1191 1192 1193 1194 1195 1188 1189 1190 1125 67 1191 1192 1193 1194 1195 1197 1197 
21 1125 1188 1189 1190 1191 1192 1193 1194 1195 1196 1188 1189 1190 1125 67 1191 1192 1193 1194 1195 1196 
16 817 1199 1200 1201 1202 814 1203 67 1204 817 1205 818 819 1206 821 1207 
22 817 1198 1200 1201 1202 814 1203 67 1204 817 1205 818 819 1206 821 1207 1200 1201 1203 1204 1206 1207 
22 817 1198 1199 1199 1201 1202 814 1203 67 1204 817 1205 818 819 1206 821 1207 1201 1203 1204 1206 1207 
22 817 1198 1199 1200 1199 1200 1202 814 1203 67 1204 817 1205 818 819 1206 821 1207 1203 1204 1206 1207 
21 814 817 1198 1199 1200 1201 814 67 817 818 819 821 1203 1204 1206 1207 1241 1242 1243 1244 1245 
22 817 1198 1199 1200 1201 1199 1200 1201 1202 814 67 1204 817 1205 818 819 1206 821 1207 1204 1206 1207 
22 817 1198 1199 1200 1201 1203 1199 1200 1201 1202 814 1203 67 817 1205 818 819 1206 821 1207 1206 1207 
22 814 817 1198 1199 1200 1201 1203 1204 586 814 67 817 818 819 821 1206 1207 1241 1242 1243 1244 1245 
22 817 1198 1199 1200 1201 1203 1204 1199 1200 1201 1202 814 1203 67 1204 817 1205 818 819 821 1207 1207 
22 817 1198 1199 1200 1201 1203 1204 1206 1199 1200 1201 1202 814 1203 67 1204 817 1205 818 819 1206 821 
9 1209 1210 1211 1212 67 1213 735 1214 1215 
9 1208 1210 1211 1212 67 1213 735 1214 1215 
15 1208 1209 1211 1212 67 1213 735 1214 1215 1211 1212 1213 1214 1215 1316 
15 1208 1209 1210 1210 1212 67 1213 735 1214 1215 1212 1213 1214 1215 1316 
15 1208 1209 1210 1211 1210 1211 67 1213 735 1214 1215 1213 1214 1215 1316 
15 1208 1209 1210 1211 1212 1210 1211 1212 67 735 1214 1215 1214 1215 1316 
15 1208 1209 1210 1211 1212 1213 1210 1211 1212 67 1213 735 1215 1215 1316 
15 1208 1209 1210 1211 1212 1213 1214 1210 1211 1212 67 1213 735 1214 1316 
2 67 1217 
2 1216 67 
24 929 1219 1220 1221 1222 67 1223 1224 1225 1226 1227 1228 1229 1219 1220 1221 1222 1223 1224 1225 1226 1227 1228 1229 
24 929 1218 1218 1220 1221 1222 67 1223 1224 1225 1226 1227 1228 1229 1220 1221 1222 1223 1224 1225 1226 1227 1228 1229 
24 929 1218 1219 1218 1219 1221 1222 67 1223 1224 1225 1226 1227 1228 1229 1221 1222 1223 1224 1225 1226 1227 1228 1229 
24 929 1218 1219 1220 1218 1219 1220 1222 67 1223 1224 1225 1226 1227 1228 1229 1222 1223 1224 1225 1226 1227 1228 1229 
24 929 1218 1219 1220 1221 1218 1219 1220 1221 67 1223 1224 1225 1226 1227 1228 1229 1223 1224 1225 1226 1227 1228 1229 
24 929 1218 1219 1220 1221 1222 1218 1219 1220 1221 1222 67 1224 1225 1226 1227 1228 1229 1224 1225 1226 1227 1228 1229 
24 929 1218 1219 1220 1221 1222 1223 1218 1219 1220 1221 1222 67 1223 1225 1226 1227 1228 1229 1225 1226 1227 1228 1229 
24 929 1218 1219 1220 1221 1222 1223 1224 1218 1219 1220 1221 1222 67 1223 1224 1226 1227 1228 1229 1226 1227 1228 1229 
24 929 1218 1219 1220 1221 1222 1223 1224 1225 1218 1219 1220 1221 1222 67 1223 1224 1225 1227 1228 1229 1227 1228 1229 
24 929 1218 1219 1220 1221 1222 1223 1224 1225 1226 1218 1219 1220 1221 1222 67 1223 1224 1225 1226 1228 1229 1228 1229 
24 929 1218 1219 1220 1221 1222 1223 1224 1225 1226 1227 1218 1219 1220 1221 1222 67 1223 1224 1225 1226 1227 1229 1229 
24 929 1218 1219 1220 1221 1222 1223 1224 1225 1226 1227 1228 1218 1219 1220 1221 1222 67 1223 1224 1225 1226 1227 1228 
4 1231 718 67 1303 
4 1134 1230 1303 67 
2 953 67 
1 67 
9 837 838 836 837 67 838 839 840 841 
10 899 873 899 874 900 67 1236 1237 1236 1237 
10 899 1235 873 899 874 900 67 1235 1237 1237 
9 899 1235 1236 873 874 900 67 1235 1236 
2 718 67 
5 774 797 1111 67 1374 
10 771 967 989 770 990 67 771 772 773 991 
17 814 1242 1202 814 1243 67 1244 817 1205 818 819 1245 821 1242 1243 1244 1245 
17 814 1241 1241 1202 814 1243 67 1244 817 1205 818 819 1245 821 1243 1244 1245 
17 814 1241 1242 1241 1242 1202 814 67 1244 817 1205 818 819 1245 821 1244 1245 
17 814 1241 1242 1243 1241 1242 1202 814 1243 67 817 1205 818 819 1245 821 1245 
17 814 1241 1242 1243 1244 1241 1242 1202 814 1243 67 1244 817 1205 818 819 821 
14 777 780 1123 775 776 777 778 779 780 781 782 67 783 784 
7 1248 1249 1250 67 1251 713 1252 
5 1247 1249 67 713 1249 
11 1247 1248 1248 1250 67 1251 713 1252 1250 1251 1252 
5 1247 1249 1249 67 713 
5 1247 1249 1249 67 713 
5 1247 1249 1249 67 713 
7 1176 1177 67 1179 1180 1181 1183 
6 1009 67 746 1376 1357 1079 
2 67 921 
7 1176 1177 67 1179 1180 1181 1183 
4 1107 705 1107 67 
1 67 
3 797 67 1374 
3 67 1281 1281 
3 67 853 1329 
8 773 971 770 67 771 772 773 966 
12 1264 1265 1266 1267 1268 67 1269 1264 1265 1266 1268 1269 
12 1263 1263 1265 1266 1267 1268 67 1269 1265 1266 1268 1269 
12 1263 1264 1263 1264 1266 1267 1268 67 1269 1266 1268 1269 
12 1263 1264 1265 1263 1264 1265 1267 1268 67 1269 1268 1269 
7 1263 1264 1265 1266 67 1268 1269 
12 1263 1264 1265 1266 1263 1264 1265 1266 1267 67 1269 1269 
12 1263 1264 1265 1266 1268 1263 1264 1265 1266 1267 1268 67 
25 781 775 1271 1272 779 1273 781 1274 67 783 1275 1276 784 1277 1278 1279 1271 1272 1273 1274 1275 1276 1277 1278 1279 
25 781 1270 775 1270 1272 779 1273 781 1274 67 783 1275 1276 784 1277 1278 1279 1272 1273 1274 1275 1276 1277 1278 1279 
25 781 1270 1271 775 1270 1271 779 1273 781 1274 67 783 1275 1276 784 1277 1278 1279 1273 1274 1275 1276 1277 1278 1279 
25 781 1270 1271 1272 775 1270 1271 1272 779 781 1274 67 783 1275 1276 784 1277 1278 1279 1274 1275 1276 1277 1278 1279 
26 781 1270 1271 1272 1273 775 1270 1271 1272 779 1273 781 67 783 1275 1276 784 1120 1277 1278 1279 1275 1276 1277 1278 1279 
25 781 1270 1271 1272 1273 1274 775 1270 1271 1272 779 1273 781 1274 67 783 1276 784 1277 1278 1279 1276 1277 1278 1279 
25 781 1270 1271 1272 1273 1274 1275 775 1270 1271 1272 779 1273 781 1274 67 783 1275 784 1277 1278 1279 1277 1278 1279 
25 781 1270 1271 1272 1273 1274 1275 1276 775 1270 1271 1272 779 1273 781 1274 67 783 1275 1276 784 1278 1279 1278 1279 
25 781 1270 1271 1272 1273 1274 1275 1276 1277 775 1270 1271 1272 779 1273 781 1274 67 783 1275 1276 784 1277 1279 1279 
25 781 1270 1271 1272 1273 1274 1275 1276 1277 1278 775 1270 1271 1272 779 1273 781 1274 67 783 1275 1276 784 1277 1278 
2 67 746 
8 906 993 998 1260 1260 67 921 1333 
13 1283 1284 1285 1286 1287 67 1288 1289 1290 1291 1292 1284 1286 
17 1282 1285 1286 1287 67 1288 1289 1292 1284 1285 1286 1287 1288 1289 1290 1291 1292 
11 1282 1282 1283 1285 1286 1287 67 1288 1289 1292 1286 
17 1282 1283 1284 1283 1286 1287 67 1288 1289 1292 1286 1287 1288 1289 1290 1291 1292 
21 1282 1283 1284 1285 1282 1283 1284 1285 1287 67 1288 1289 1290 1291 1292 1287 1288 1289 1290 1291 1292 
17 1282 1283 1284 1285 1286 1283 1285 1286 67 1288 1289 1292 1288 1289 1290 1291 1292 
16 1282 1283 1284 1285 1286 1287 1283 1285 1286 1287 67 1289 1292 1289 1290 1292 
17 1282 1283 1284 1285 1286 1287 1288 1283 1285 1286 1287 67 1288 1292 1290 1291 1292 
10 1282 1286 1283 1285 1286 1287 67 1288 1289 1292 
10 1282 1286 1283 1285 1286 1287 67 1289 1292 1292 
18 1282 1283 1284 1285 1286 1287 1288 1289 1290 1291 1283 1285 1286 1287 67 1288 1289 1291 
7 1111 794 795 798 799 800 67 
10 911 910 986 912 913 67 914 915 916 1295 
8 911 986 1294 913 67 914 915 916 
6 767 1128 67 1129 1130 1131 
16 773 770 1298 1299 1300 67 771 1301 772 773 1302 1298 1299 1300 1301 1302 
7 1297 1297 770 67 771 772 773 
9 1297 769 1297 770 67 771 772 1376 773 
7 1297 1297 770 67 771 772 773 
7 1297 1297 770 67 771 772 773 
7 1297 1297 770 67 771 772 773 
13 906 1231 1230 1304 1305 1306 1307 718 67 1308 1309 1310 1306 
3 1303 718 67 
9 1303 996 1394 1306 1307 718 67 746 1375 
7 1303 1305 1303 1394 1307 718 67 
5 1303 1305 1306 718 67 
4 1303 1394 718 67 
5 1162 1303 718 67 1395 
3 1303 718 67 
1 67 
1 67 
2 67 1314 
4 1313 67 1328 1382 
7 1064 911 986 913 67 915 916 
9 753 1210 1211 1212 67 1213 735 1214 1215 
7 771 991 770 67 771 772 773 
1 67 
7 1320 67 1321 1322 1323 1324 1325 
15 1142 1319 67 1321 1322 1323 1324 1325 1321 1322 1323 1324 1325 1334 1335 
16 1142 1319 1320 1320 67 1335 1322 1323 1324 1325 1322 1323 1324 1325 1334 1335 
15 1142 1319 1320 1321 1320 67 1321 1323 1324 1325 1323 1324 1325 1334 1335 
15 1142 1319 1320 1321 1322 1320 67 1321 1322 1324 1325 1324 1325 1334 1335 
16 1142 1319 1320 1321 1322 1323 1320 1107 67 1321 1322 1323 1325 1325 1334 1335 
15 1142 1319 1320 1321 1322 1323 1324 1320 67 1321 1322 1323 1324 1334 1335 
7 746 808 808 718 67 746 1357 
3 67 1328 1382 
13 1314 1327 67 1383 1384 1385 1386 1387 1388 1389 1390 1391 1392 
10 1020 809 1020 1261 1330 1331 67 1108 1332 1333 
2 1329 67 
4 1329 67 726 728 
2 1329 67 
6 1020 1329 718 67 1281 735 
9 1320 67 1321 1335 1322 1323 1324 1325 1335 
10 1321 1334 1334 1320 67 1321 1322 1323 1324 1325 
14 705 794 795 797 798 799 1337 800 1111 1112 67 801 1113 1114 
12 801 1336 794 795 797 798 799 800 67 801 1113 1374 
29 1339 1340 1341 1342 1343 1344 67 1345 1346 1347 1348 1349 1350 1351 1352 1339 1340 1341 1342 1343 1344 1345 1346 1347 1348 1349 1350 1351 1352 
20 1338 1338 1341 1343 67 1346 1349 1340 1341 1342 1343 1344 1345 1346 1347 1348 1349 1350 1351 1352 
8 1338 1338 1339 1341 1343 67 1346 1349 
21 1338 1339 1340 1338 1339 705 1343 67 1346 1349 1342 1343 1344 1345 1346 1347 1348 1349 1350 1351 1352 
8 1338 1338 1339 1341 1343 67 1346 1349 
20 1338 1339 1340 1341 1342 1338 1339 1341 67 1346 1349 1344 1345 1346 1347 1348 1349 1350 1351 1352 
8 1338 1338 1339 1341 1343 67 1346 1349 
8 1338 1338 1339 1341 1343 67 1346 1349 
20 1338 1339 1340 1341 1342 1343 1344 1345 1338 1339 1341 1343 67 1349 1347 1348 1349 1350 1351 1352 
8 1338 1338 1339 1341 1343 67 1346 1349 
8 1338 1338 1339 1341 1343 67 1346 1349 
21 1338 1339 1340 1341 1342 1343 1344 1345 1346 1347 1348 1338 1339 1341 1343 67 1346 719 1350 1351 1352 
8 1338 1338 1339 1341 1343 67 1346 1349 
8 1338 1338 1339 1341 1343 67 1346 1349 
8 1338 1338 1339 1341 1343 67 1346 1349 
1 67 
1 67 
4 999 67 1356 1356 
8 906 999 1355 999 906 1355 718 67 
8 746 808 1105 1189 1254 1326 1105 67 
8 1359 1360 861 1361 67 1362 1363 1364 
16 861 863 1358 1360 861 1361 67 1362 1363 1364 1360 1361 1362 1363 1364 1377 
16 861 863 1358 1359 1359 861 1361 67 1362 1363 1364 1361 1362 1363 1364 1377 
16 861 863 1358 1359 1360 1359 1360 861 67 1362 1363 1364 1362 1363 1364 1377 
16 861 863 1358 1359 1360 1361 1359 1360 861 1361 67 1363 1364 1363 1364 1377 
16 861 863 1358 1359 1360 1361 1362 1359 1360 861 1361 67 1362 1364 1364 1377 
16 861 863 1358 1359 1360 1361 1362 1363 1359 1360 861 1361 67 1362 1363 1377 
2 67 1095 
6 911 986 913 67 915 916 
5 1368 67 921 1369 1369 
5 1367 67 921 1369 1369 
6 1367 1368 1367 1368 67 921 
1 67 
4 1189 1009 67 1376 
1 67 
2 1374 67 
11 774 1373 794 795 1239 798 799 1337 800 67 1259 
23 906 1003 1004 1078 1163 1168 1171 1305 1160 1161 1162 1163 718 1003 67 1004 1165 1166 1007 1168 1008 1169 1170 
5 1254 1299 1371 67 901 
8 1359 1360 861 1361 67 1362 1363 1364 
14 811 810 811 812 813 814 815 816 67 817 818 819 820 821 
7 1060 911 986 913 67 915 916 
3 1381 67 1381 
4 921 1380 1380 67 
13 1327 1383 1384 1385 1386 1387 67 1388 1389 1314 1390 1391 1392 
3 1382 67 1328 
3 1382 67 1328 
3 1382 67 1328 
3 1382 67 1328 
3 1382 67 1328 
3 1382 67 1328 
3 1382 67 1328 
3 1382 67 1328 
3 1382 67 1328 
3 1382 67 1328 
1 67 
6 1305 1306 1308 718 67 1395 
4 1394 718 67 1309 
11 893 887 67 710 889 890 891 892 893 894 896 
10 891 887 67 710 889 890 891 892 893 894 
3 705 67 896 
4 1038 1043 1046 67 
2 1124 67 
