16 2 3 4 5 6 7 8 9 10 11 12 13 14 15 16 17 
257 18 19 20 21 22 23 24 17 25 26 27 28 29 30 31 32 33 34 35 36 37 38 39 40 41 42 43 44 45 46 47 48 49 50 51 52 53 54 55 56 57 58 59 60 12 61 62 63 64 65 66 67 68 69 70 71 72 73 15 74 75 76 77 8 78 79 80 81 82 83 84 85 86 87 88 89 90 91 92 93 94 95 96 97 98 99 100 101 102 103 104 105 106 107 108 109 110 111 112 113 114 115 116 117 118 1 4 119 120 121 122 123 124 125 126 127 128 129 130 131 132 133 134 135 136 137 138 139 140 141 142 143 144 145 146 147 148 149 150 151 152 153 154 155 156 157 158 159 160 161 162 163 164 165 166 167 168 169 170 171 172 173 174 175 176 177 178 179 180 181 182 183 184 185 186 187 188 189 190 191 192 193 194 195 196 197 198 199 200 201 202 203 204 205 206 207 208 209 210 211 212 213 214 215 216 217 218 219 220 221 222 223 224 225 226 227 228 229 230 231 232 233 234 235 236 237 238 239 240 241 242 243 244 245 246 247 248 249 250 251 252 253 254 255 256 257 258 259 260 261 262 263 264 265 266 267 268 
3 269 270 1 
31 271 25 2 21 272 108 273 274 275 8 276 277 49 278 279 280 281 282 283 284 285 1 286 287 288 289 290 291 292 293 294 
14 295 296 297 298 299 1 300 301 302 303 304 180 187 305 
64 306 307 308 309 310 311 312 25 313 29 314 35 315 316 317 318 52 59 319 320 321 322 67 323 74 77 78 324 101 325 326 327 328 329 1 330 331 132 137 332 148 149 333 334 335 336 337 338 339 340 170 341 342 173 343 190 344 196 205 345 241 346 347 254 
4 348 349 1 350 
65 2 351 352 25 353 354 355 40 356 49 357 61 358 359 77 360 361 362 363 98 283 284 364 365 108 366 112 367 1 368 4 369 137 370 371 372 373 374 375 164 166 376 191 344 196 377 378 379 380 212 381 213 382 14 383 384 385 386 387 388 245 293 258 389 268 
116 390 25 391 392 276 393 394 42 395 396 397 398 51 399 400 401 402 403 55 12 66 68 404 405 406 73 407 408 78 409 410 411 412 413 414 415 416 362 10 417 418 364 419 420 421 113 422 115 423 1 424 124 425 426 427 428 429 141 430 144 431 432 147 433 434 435 151 436 373 13 157 374 437 375 438 439 440 166 441 442 174 443 188 444 445 189 191 446 447 344 448 196 449 450 451 452 213 217 384 386 453 387 237 454 242 455 456 457 254 257 458 263 459 460 265 461 
119 462 463 464 22 13 465 466 9 467 468 469 215 470 471 257 25 472 473 474 31 475 476 393 477 478 479 44 480 481 482 50 483 401 484 485 486 487 488 406 489 407 490 491 411 492 412 414 493 362 494 417 100 495 418 496 421 497 498 422 1 499 122 425 500 501 502 503 504 429 505 506 144 507 508 509 510 511 373 512 513 514 437 515 516 166 517 518 519 441 520 442 521 183 184 522 523 524 449 525 451 526 217 527 385 387 234 237 454 455 456 528 457 529 458 460 264 530 265 531 
12 532 108 35 49 285 1 286 533 290 534 535 536 
17 9 21 196 2 415 276 537 315 47 538 539 283 111 1 540 203 291 
60 25 541 542 9 257 471 276 22 543 544 545 393 546 55 66 68 487 547 73 76 78 548 549 490 282 493 10 417 550 496 109 1 551 502 135 433 508 150 435 373 440 516 166 442 174 444 446 552 448 553 449 554 242 555 456 457 259 263 460 265 
35 556 108 388 48 8 557 351 558 545 559 480 49 560 539 561 562 283 102 563 1 564 287 565 290 437 566 187 567 212 213 218 535 568 293 569 
138 570 571 2 572 276 573 574 575 25 576 577 578 579 580 40 581 582 583 584 480 585 586 471 587 588 589 590 591 592 593 594 358 595 596 597 598 72 406 599 78 600 410 601 84 602 412 603 604 605 606 607 608 609 610 611 352 612 613 112 614 116 615 1 368 616 617 120 123 618 619 620 621 622 623 624 148 625 149 626 151 627 628 629 630 157 336 631 632 633 634 635 636 637 167 638 639 640 342 641 642 179 643 184 644 645 646 647 648 197 649 650 651 221 652 653 654 226 655 656 657 658 659 660 661 662 663 252 664 665 666 667 668 669 670 263 460 671 672 
3 673 1 303 
27 312 2 674 54 78 80 549 410 602 675 676 115 1 122 128 507 627 677 648 678 215 223 224 384 679 680 19 
7 681 2 682 549 683 684 685 
61 2 17 25 34 686 40 687 688 689 48 357 690 351 691 403 560 692 682 321 693 694 695 405 696 82 697 97 698 364 106 699 700 134 137 434 701 702 154 160 375 161 439 519 170 703 704 705 188 445 196 648 451 208 706 381 213 707 708 387 388 245 
4 709 710 2 702 
48 25 2 711 712 309 713 31 315 714 480 397 471 351 54 12 487 69 404 83 414 362 495 421 4 503 429 715 154 156 160 716 717 718 439 719 442 720 183 185 188 191 195 449 451 215 228 234 459 
360 721 722 392 723 724 725 726 727 728 545 729 730 731 732 733 734 735 736 315 737 738 739 740 741 2 742 743 744 745 746 747 582 748 749 750 751 480 752 753 271 754 755 756 482 757 758 759 760 761 762 763 53 764 765 766 767 768 403 769 770 771 772 773 774 775 776 63 777 778 779 780 781 782 783 784 785 786 487 787 788 789 790 791 792 793 794 795 796 797 798 799 561 800 801 802 803 804 805 806 80 807 808 809 410 810 491 811 812 813 814 815 274 816 817 818 819 414 820 821 822 823 824 825 826 827 828 829 830 831 832 833 834 835 10 836 837 838 839 100 840 841 842 843 844 845 846 847 848 849 850 851 852 853 854 855 856 857 858 859 860 861 862 863 864 865 866 867 868 423 869 870 871 872 873 874 875 876 877 878 879 880 551 501 881 882 883 133 544 884 885 886 887 888 504 889 890 891 892 893 894 895 896 142 272 897 898 899 900 901 902 434 903 904 905 906 907 908 150 909 910 911 912 913 373 914 915 916 513 917 918 13 919 565 920 921 922 923 924 925 926 927 928 929 162 930 931 932 719 933 934 935 936 937 938 517 518 939 940 941 942 943 944 945 946 947 948 949 950 951 952 953 188 954 955 956 957 958 959 960 552 448 961 962 963 964 965 966 967 968 542 969 970 971 972 973 974 975 976 451 977 978 979 980 981 982 983 984 526 381 985 986 987 707 273 988 708 989 990 991 992 993 994 995 996 997 998 999 1000 1001 1002 1003 1004 1005 1006 1007 1008 1009 1010 1011 455 1012 1013 1014 1015 1016 1017 1018 1019 1020 1021 257 1022 1023 263 1024 1025 264 265 1026 531 
56 1027 1028 1029 1030 1031 1032 1033 1034 2 1035 1036 1037 1038 1039 1040 1041 1042 1043 1044 1045 1046 1047 1048 1049 1050 1051 1052 1053 1054 1055 1056 1057 1058 1059 1060 1061 1062 1063 1064 1065 702 1066 1067 1068 1069 1070 1071 1072 1073 1074 1075 1076 1077 1078 1079 1080 
782 1081 1082 1083 1084 1085 1086 1087 1088 1089 1090 1091 1092 1093 1094 1095 32 1096 1097 1098 1099 532 1100 1101 1102 35 1103 1104 1105 1106 1107 1108 1109 1110 1111 1112 1113 1114 1115 1116 1117 1118 1119 1120 1121 2 1122 1123 1124 1125 1126 1127 1128 1129 1130 1131 1132 1133 1134 1135 1136 1137 1138 1139 1140 1141 1142 1143 1144 1145 1146 584 1147 1148 1149 1150 1151 1152 1153 1154 1155 1156 1157 1158 1159 1160 1161 1162 1163 1164 1165 1166 1167 1168 1169 1170 1171 46 1172 1173 482 1174 1175 1176 25 1177 674 1178 1179 1180 1181 1182 1183 1184 1185 1186 1187 1188 1189 1190 1191 1192 1193 1194 1195 1196 1197 1198 1199 1200 1201 1202 1203 1204 1205 691 1206 1207 1208 1209 1210 1211 1212 1213 1214 1215 1216 1217 1218 1219 1220 1221 1222 62 1223 1224 1225 1226 320 1227 1228 1229 1230 1231 1232 1233 1234 1235 1236 1237 1238 1239 1240 1241 1242 1243 1244 1245 1246 1247 1248 1249 1250 1251 68 1252 1253 1254 1255 1256 1257 1258 1259 1260 1261 1262 1263 1264 1265 1266 1267 1268 1269 1270 1271 1272 1273 1274 1275 1276 1277 1278 1279 1280 1281 1282 1283 405 406 1284 1285 1286 1287 1288 1289 1290 1291 1292 1293 1294 1295 1296 1297 1298 1299 1300 1301 1302 28 1303 79 1304 1305 1306 1307 1308 1309 1310 1311 1312 1313 1314 1315 1316 1317 1318 1319 1320 1321 1322 1323 1324 1325 1326 1327 1328 1329 1330 1331 274 697 1332 1333 1334 1335 1336 1337 1338 1339 1340 1341 1342 1343 1344 1345 1346 1347 1348 1349 1350 1351 1352 1353 1354 1355 1356 1357 1358 1359 91 1360 1361 1362 1363 1364 92 1365 1366 1367 1368 1369 1370 1371 1372 1373 1374 1375 1376 1377 1378 1379 1380 1381 1382 1383 1384 1385 1386 1387 1388 1389 1390 1391 1392 1393 1394 1395 1396 1397 1398 1399 1400 837 1401 1402 1403 1404 1405 1406 1407 1408 364 1409 1410 1411 1412 1413 1414 1415 1416 328 1417 1418 1419 1420 329 1421 1422 1423 1424 1425 1426 1427 1428 1429 1430 1431 1432 1433 1434 1435 1436 1437 1438 1439 1440 1441 1442 1443 1444 1445 1446 1447 1448 1449 1450 1451 1452 1453 114 1454 1455 1456 1457 1458 1459 1460 1461 1462 1463 117 1464 1465 1466 1467 310 1468 1469 1470 1471 1472 1473 1474 1475 1476 1477 1478 1479 1480 1481 1482 1483 1484 1485 1486 1487 1488 122 1489 1490 330 1491 1492 1493 1494 1495 1496 1497 1498 1499 1500 1501 1502 1503 1504 1505 1506 1507 1508 1509 1510 1511 1512 1513 1514 1515 1516 1517 1518 1519 1520 1521 1522 1523 1524 1525 1526 1527 1528 1529 1530 1531 137 1532 1533 1534 1535 1536 1537 1538 1539 1540 1541 1542 1543 1544 1545 332 1546 1547 1548 1549 1550 1551 1552 1553 1554 1555 1556 1557 1558 1559 1560 1561 1562 1563 1564 1565 1566 1567 1568 1569 1570 1571 1572 1573 1574 1575 1576 1577 1578 1579 1580 1581 1582 1583 1584 1585 1586 1587 1588 1589 1590 1591 1592 565 1593 1594 1595 1596 1597 1598 1599 1600 1601 374 1602 1603 1604 1605 1606 1607 1608 1609 1610 1611 1612 930 1613 1614 1615 1616 1617 1618 1619 1620 1621 1622 1623 1624 1625 1626 1627 1628 1629 1630 1631 1632 1633 1634 1635 1636 1637 1638 1639 170 1640 1641 1642 1643 1644 1645 1646 1647 1648 171 1649 173 1650 175 1651 1652 178 1653 1654 1655 1656 1657 1658 1659 1660 1661 1662 1663 1664 1665 1666 1667 179 1668 704 1669 1670 1671 1672 1673 1674 1675 1676 187 1677 1678 1679 1680 1681 1682 1683 1684 1685 1686 1687 1688 1689 1690 1691 1692 1693 1694 1695 1696 1697 1698 1699 1700 1701 1702 1703 192 1704 1705 1706 344 1707 1708 1709 1710 1711 1712 1713 1714 1715 1716 1717 196 1718 1719 197 1720 1721 1722 1723 1724 1725 1726 1727 1728 1729 1730 1731 1732 1733 1734 1735 1736 1737 1738 1739 1740 1741 979 1742 1743 1744 1745 1746 706 1747 1748 1749 1750 211 1751 1752 1753 1754 1755 1756 212 1757 1758 1759 1760 1761 1762 1763 1764 1765 1766 1767 1768 1769 1770 708 1771 1772 1773 1774 1775 1776 1777 1778 1779 1780 1781 1782 1783 1784 1785 1786 1787 1788 1789 1790 1791 1792 1793 1794 1795 1796 1797 1798 1799 1800 231 232 238 240 660 241 249 556 254 264 
262 310 308 392 24 313 723 309 1448 1458 545 31 475 1095 35 1108 348 315 37 393 739 2 40 394 42 43 584 44 480 1161 46 481 397 482 471 48 49 21 357 50 400 53 764 401 54 691 402 403 55 56 560 486 63 693 66 68 69 71 598 405 406 489 73 15 407 408 561 77 8 78 79 409 80 549 410 491 411 84 86 360 412 413 414 1346 1368 362 494 10 417 837 100 495 364 103 106 329 496 108 699 109 6 111 112 421 497 114 498 115 116 117 423 118 499 4 120 122 877 124 127 500 128 551 502 131 133 884 134 426 136 887 504 138 140 428 429 141 142 144 431 332 146 147 507 434 148 508 715 510 511 435 151 373 512 334 154 155 13 628 157 437 336 375 438 162 930 635 439 163 719 164 440 166 167 168 9 170 441 1644 171 442 174 175 176 178 443 521 179 704 181 183 184 186 187 188 445 191 447 344 1709 448 196 648 524 198 449 200 450 203 207 451 979 706 212 381 213 215 707 222 223 224 225 226 384 527 227 995 228 385 386 453 230 387 231 232 234 237 240 454 388 455 244 245 246 19 249 528 529 293 257 258 667 458 263 459 460 264 530 671 265 267 391 461 531 
3 2 682 549 
10 312 2 471 682 549 84 602 676 641 677 
121 24 1109 1113 1114 2 1128 1133 1136 1141 1154 1158 1161 46 1181 1186 1194 1195 1197 1202 1204 1206 1208 1210 1216 1239 1242 1243 1244 1250 68 1253 558 1260 1279 1282 1292 1294 561 696 1309 1317 1324 1330 1333 1336 87 1339 1373 1407 1409 1412 1416 1417 329 1429 1434 1436 1448 1451 1466 1470 1472 1502 1503 1504 1507 1514 1526 1527 1542 145 1553 1554 1556 1559 1564 1571 1572 1580 1587 1598 1604 1619 1626 1632 1641 1649 1653 1658 1659 1662 1665 180 1675 187 1679 1685 1689 1690 1693 1695 1700 1701 1702 1706 1708 1711 1719 1734 207 979 706 1756 1767 1780 1787 1792 1795 233 240 249 
6 2 232 6 194 390 208 
2 2 652 
15 391 21 157 472 10 25 469 483 2 276 476 546 492 498 520 
6 24 1188 232 2 246 689 
7 98 2 146 143 232 194 187 
2 19 2 
35 24 25 232 6 175 2 310 40 687 320 67 73 77 324 101 327 111 126 332 147 540 11 334 374 340 341 173 343 344 196 221 383 453 237 293 
2 2 333 
12 465 276 422 25 470 78 887 257 44 548 455 2 
3 359 2 639 
2 2 1125 
14 48 8 344 15 575 196 35 332 19 313 696 25 711 2 
3 276 412 2 
7 9 1249 25 1116 2 430 187 
10 984 1205 2 544 551 789 275 25 976 63 
12 532 2 472 508 25 470 465 392 10 391 37 492 
2 2 518 
14 1208 310 1251 25 28 24 2 1346 1161 1311 430 1600 706 249 
3 12 2 196 
54 19 390 276 2 711 232 25 315 40 396 357 560 77 410 81 414 494 698 106 108 551 1504 134 427 137 430 432 433 434 151 921 374 437 375 183 187 188 448 196 379 451 213 14 383 228 453 234 388 456 257 458 264 265 267 
8 14 25 4 8 281 11 2 290 
10 2 434 25 157 77 10 109 391 257 717 
2 2 9 
6 330 6 624 2 489 1205 
11 434 207 2 276 22 25 593 517 168 203 217 
31 542 543 1796 17 240 276 602 711 391 25 21 80 309 2 938 315 739 397 482 471 487 404 408 362 868 121 884 555 255 459 531 
24 390 9 175 471 120 13 240 25 2 479 401 487 77 412 550 108 109 499 502 507 510 512 456 458 
4 2 544 25 240 
4 503 715 240 2 
4 602 2 1148 655 
4 2 6 232 205 
6 483 1734 178 171 497 2 
18 358 361 375 532 398 313 2 8 544 578 453 276 66 365 350 504 290 656 
7 313 171 175 24 2 1082 194 
11 551 43 274 922 778 887 2 25 1205 22 196 
2 2 582 
3 489 2 101 
11 887 2 9 13 25 392 764 61 784 192 388 
6 101 2 316 6 35 205 
21 310 28 532 155 1251 24 1322 246 13 1238 25 9 1488 1515 1429 887 1239 1607 2 1571 1316 
5 25 353 21 2 135 
3 391 2 215 
7 1081 25 2 602 1082 1571 169 
3 15 2 148 
22 1112 13 35 25 471 344 532 435 9 1720 1364 2 443 392 434 479 494 497 507 373 203 531 
2 6 2 
1 2 
3 2 13 471 
28 6 343 1205 345 254 48 532 35 336 361 25 311 55 578 149 8 344 332 2 240 172 1135 351 108 101 196 319 50 
17 2 25 9 544 17 13 15 6 37 283 100 699 111 564 303 237 458 
7 24 819 2 114 352 25 175 
28 711 2 390 713 392 25 22 17 479 54 538 487 1346 106 128 134 930 337 167 1644 342 445 678 979 216 224 251 668 
4 207 429 2 48 
3 275 2 19 
4 21 2 353 195 
4 27 15 25 2 
3 715 2 308 
12 2 25 296 689 321 877 143 180 187 208 225 260 
2 2 28 
5 2 145 571 691 652 
6 435 164 2 1614 250 352 
3 2 560 237 
11 1448 24 1627 532 310 1571 1613 1251 2 1253 1474 
3 2 532 24 
1 2 
1 2 
1 2 
7 390 2 194 689 321 187 208 
4 2 313 19 1030 
9 705 329 8 696 2 351 33 143 187 
3 2 1081 201 
18 390 108 392 215 22 437 2 200 265 78 525 403 257 887 25 10 508 547 
17 35 6 2 65 67 77 324 327 328 331 141 332 436 628 343 344 205 
6 2 352 14 112 564 293 
4 2 25 121 255 
1 2 
6 207 276 329 194 2 208 
7 80 713 353 19 2 25 48 
1 2 
35 55 8 254 711 48 120 25 2 578 312 240 560 547 77 283 100 498 4 119 510 11 437 164 187 197 199 200 14 222 227 234 245 663 252 266 
10 465 215 157 2 13 55 25 171 50 517 
1 2 
9 540 887 2 78 25 12 170 35 1112 
17 575 8 15 148 661 352 2 25 594 102 615 623 626 629 646 222 666 
3 9 2 352 
4 2 24 25 79 
7 541 713 9 17 257 2 25 
9 2 571 352 15 25 575 582 164 658 
5 2 532 25 310 24 
2 25 2 
3 2 108 560 
12 2 25 15 353 390 713 477 403 55 108 635 187 
3 54 103 2 
9 25 2 310 215 713 24 17 391 10 
3 15 351 2 
9 207 541 276 392 25 2 1157 9 555 
1 2 
5 175 319 35 333 2 
6 2 374 276 887 578 25 
7 1685 17 2 80 1081 1346 25 
3 2 353 551 
2 276 2 
2 25 2 
5 2 1251 232 6 224 
4 25 2 22 602 
9 25 19 353 48 713 2 80 383 346 
8 257 571 336 2 352 69 13 887 
3 25 391 2 
21 6 8 24 48 232 2 194 375 1150 19 1390 1369 1447 300 303 153 341 183 208 383 234 
4 25 257 240 2 
3 246 2 208 
5 25 2 270 532 1112 
4 25 2 9 101 
7 542 2 711 392 25 22 391 
11 329 146 86 98 2 194 33 300 304 180 187 
20 10 471 2 257 240 9 25 215 393 487 492 494 550 496 507 512 441 529 259 264 
8 28 313 312 2 1527 1584 88 656 
15 1188 2 25 33 296 689 877 300 143 303 180 187 208 225 260 
9 25 2 711 9 207 578 542 35 962 
17 575 15 352 25 2 6 1249 572 315 560 72 112 374 342 344 196 453 
12 15 572 2 6 1205 319 77 324 332 1581 1660 343 
13 22 711 2 257 276 835 13 542 544 240 545 885 387 
12 575 25 472 2 532 423 15 309 9 440 48 1346 
1 2 
4 137 333 346 2 
9 391 19 400 257 887 25 21 2 315 
6 240 25 2 68 198 387 
6 336 2 21 353 315 764 
18 2 473 15 465 215 25 9 31 50 483 274 417 109 497 508 373 375 385 
1 2 
5 352 715 1753 1614 2 
10 624 175 21 1258 577 19 1349 2 680 507 
3 2 19 313 
8 2 25 676 257 434 22 207 504 
4 1251 25 2 688 
10 2 25 254 108 116 551 8 276 89 250 
3 711 676 2 
11 373 25 13 334 398 9 2 207 8 471 10 
7 80 25 371 15 2 276 211 
7 313 53 174 711 925 2 25 
2 2 71 
9 2 6 310 19 232 24 25 111 540 
13 1734 24 713 1676 685 2 25 1527 532 60 62 109 178 
6 343 361 2 532 344 77 
4 6 2 35 24 
10 262 638 276 25 434 13 9 2 168 456 
17 713 25 309 390 24 1251 2 35 55 62 79 126 160 641 192 202 220 
2 2 25 
2 2 713 
6 2 25 24 1734 171 60 
10 1571 532 310 24 15 313 240 2 1519 25 
7 143 329 28 86 5 146 2 
3 2 25 547 
1 2 
13 25 1418 21 276 137 2 196 234 471 10 240 391 48 
6 2 25 15 408 240 10 
2 21 2 
2 2 25 
34 33 692 5 351 191 260 120 96 329 24 143 48 578 1146 225 86 396 25 375 146 325 274 28 194 14 374 108 42 1136 98 565 1188 2 295 
22 276 429 19 543 21 414 542 471 240 9 48 257 465 22 2 215 196 551 375 723 25 472 
3 711 2 9 
4 232 1251 2 6 
10 21 276 687 8 9 2 25 1720 257 187 
9 1768 624 175 330 313 24 2 1205 66 
1 2 
14 2 62 29 33 1136 689 96 105 329 137 143 430 187 225 
3 21 83 2 
44 24 8 9 532 711 2 676 148 25 6 392 351 308 48 35 713 19 545 40 47 398 357 12 560 63 77 413 362 364 921 374 375 719 183 188 344 379 451 383 291 453 1003 234 293 
6 571 108 15 24 2 252 
4 155 25 2 257 
3 2 578 108 
8 2 392 525 108 25 403 390 100 
5 1081 1205 2 1082 99 
7 1082 1081 270 241 175 2 220 
9 12 73 344 2 711 240 25 53 434 
3 1205 2 309 
6 101 59 2 67 316 6 
2 2 352 
20 2 28 25 53 81 418 105 498 499 124 147 373 513 437 162 439 166 528 529 531 
19 1081 139 2 105 137 86 329 146 19 689 29 232 430 1188 396 692 96 321 246 
1 2 
3 2 215 236 
3 167 24 2 
7 2 532 14 8 24 25 240 
12 437 14 19 8 25 2 240 9 254 48 539 386 
2 652 2 
47 713 712 602 25 391 21 1157 276 17 738 2 739 394 482 487 70 561 414 10 100 495 109 421 122 884 427 429 144 715 157 437 517 442 188 448 449 450 210 219 230 387 237 528 257 259 264 531 
6 353 1420 2 572 80 577 
11 423 2 887 461 257 240 9 10 525 53 471 
7 563 374 437 392 240 2 14 
2 215 2 
4 2 175 688 202 
8 1346 537 489 453 35 15 310 2 
5 2 112 108 352 25 
9 578 25 390 713 17 602 230 240 2 
10 309 17 713 2 1346 390 25 80 1081 132 
9 86 260 232 329 146 2 194 25 187 
8 713 312 25 276 2 352 15 584 
8 523 276 108 428 257 2 25 281 
9 519 240 48 25 21 887 257 2 545 
2 2 253 
6 215 25 240 1663 2 223 
5 25 329 2 24 232 
28 2 310 25 1604 24 29 32 33 35 48 59 329 300 132 137 540 333 170 703 704 190 208 706 383 225 1782 231 267 
2 2 28 
16 108 391 196 10 240 2 48 137 471 21 276 1435 25 563 183 458 
1 2 
5 1202 2 1658 1474 210 
16 465 78 10 215 547 339 711 35 9 25 2 240 90 551 403 429 
5 1734 1527 1091 2 24 
1 2 
70 2 310 24 308 25 28 392 348 477 480 481 471 54 484 55 56 57 560 547 406 407 77 362 494 673 417 108 421 427 138 429 144 434 150 373 155 518 520 442 521 179 183 184 188 522 523 648 524 449 450 203 451 212 213 217 218 223 228 230 387 234 237 242 457 254 259 458 263 460 461 
12 6 24 2 1251 313 312 309 310 1188 837 1402 202 
7 471 257 9 240 887 13 2 
1 2 
4 711 391 2 25 
8 108 351 25 2 352 8 391 19 
7 2 25 32 296 68 139 208 
1 2 
1 2 
8 310 24 28 1251 25 2 46 1113 
3 2 164 89 
2 80 2 
7 578 108 15 2 571 197 663 
2 229 2 
17 6 2 240 9 24 357 407 77 274 494 283 108 438 164 450 213 383 
3 2 54 103 
2 711 2 
74 723 2 465 215 25 276 471 13 544 543 542 22 48 9 545 475 37 479 480 50 764 402 792 547 406 561 490 413 493 494 10 100 418 550 498 115 423 499 501 502 135 503 138 144 715 150 373 334 154 374 375 162 440 516 519 520 566 188 191 552 198 525 217 227 228 387 1002 292 454 242 455 456 671 265 
3 2 25 8 
13 471 887 13 240 215 353 2 144 391 434 494 447 529 
9 705 146 329 86 2 300 515 187 225 
1 2 
3 2 276 174 
25 470 276 976 900 986 938 956 15 240 2 9 392 835 22 25 943 887 275 543 542 984 13 544 315 764 
14 215 24 10 375 48 1346 551 144 390 22 25 1251 2 391 
17 275 257 13 544 542 471 10 25 938 9 22 2 48 767 479 824 100 
2 108 2 
6 48 25 2 232 1445 303 
2 8 2 
1 3 
22 1081 1092 1133 1216 1228 1229 1233 1273 1276 1341 1370 1442 1529 140 1559 3 1576 1582 1675 1726 202 1757 
19 943 272 276 542 986 832 275 901 984 900 938 22 833 847 865 4 909 535 1025 
33 835 815 721 542 938 900 737 276 723 22 976 901 950 986 943 711 275 984 271 790 791 808 828 283 845 865 4 898 565 923 987 1025 531 
12 22 276 755 792 829 833 851 4 885 909 935 995 
61 392 778 157 737 543 914 956 900 986 789 551 984 22 767 943 542 938 24 723 277 544 395 989 853 711 275 815 950 835 796 852 276 254 976 733 745 772 63 791 1281 802 810 812 814 827 831 834 844 858 862 866 4 891 926 939 951 187 996 1005 1007 1014 
114 938 542 276 711 544 737 543 392 900 545 729 394 744 748 43 750 752 753 271 760 761 399 766 773 776 777 782 785 788 790 792 798 1291 800 803 805 807 808 82 812 274 816 817 414 833 834 835 843 845 699 855 858 862 864 367 422 1477 4 876 878 885 504 894 272 897 902 907 909 911 373 916 565 923 518 940 941 1644 945 948 949 950 522 956 960 967 968 970 979 452 980 983 526 987 382 708 989 990 535 997 999 1005 1006 1009 1010 455 456 1015 1017 1019 1022 263 265 1026 531 
308 726 728 729 31 733 734 348 735 37 739 741 394 41 746 747 582 748 749 395 751 1147 480 753 271 754 1161 1162 755 397 471 48 588 760 761 762 399 400 53 54 767 768 484 12 61 772 593 485 773 775 776 1236 777 778 1242 781 782 783 784 359 558 785 487 787 791 792 794 275 695 406 489 15 797 798 799 1291 408 1299 802 805 409 807 809 490 281 811 812 1325 1327 814 274 816 697 818 414 415 820 361 416 823 824 826 828 830 831 1380 834 673 839 841 842 105 844 699 847 848 849 850 851 852 853 856 857 858 860 861 862 864 367 422 1464 423 869 4 350 872 874 875 876 124 127 879 880 551 130 882 544 884 886 887 503 889 892 428 893 894 895 272 899 507 901 902 1554 904 906 907 150 911 912 373 914 916 917 13 919 565 920 921 290 922 923 924 632 926 927 928 438 930 635 337 932 719 164 1623 935 440 936 167 938 518 939 9 940 941 1644 945 174 1658 949 704 950 1673 952 183 953 188 466 522 1689 534 955 191 956 644 957 344 958 960 552 1708 1709 448 377 963 966 542 969 553 970 971 380 972 973 974 976 451 979 452 981 706 983 526 986 987 215 273 988 990 991 291 226 1778 992 535 227 995 996 711 998 656 999 453 1001 1796 1002 1003 1004 234 1005 1008 1009 660 1010 1011 555 456 1013 1015 1016 543 457 1017 1019 1020 529 1021 257 1022 668 1023 262 263 459 1024 460 1025 391 672 531 
12 274 4 894 902 911 373 290 437 534 996 1013 294 
1 4 
2 4 281 
6 789 763 858 4 885 1005 
10 4 276 49 279 283 290 962 535 227 294 
4 4 887 997 13 
13 437 415 14 374 78 8 108 281 4 272 887 254 12 
2 4 8 
3 4 11 437 
3 721 4 11 
3 14 569 4 
4 894 4 938 858 
1 4 
10 4 276 61 281 14 49 277 11 721 861 
7 276 1081 12 375 196 344 4 
2 257 4 
10 8 4 35 102 25 14 437 388 196 389 
3 4 281 277 
2 5 187 
8 1136 396 246 5 146 86 300 329 
5 887 5 837 1112 523 
1 5 
1 5 
8 329 137 260 146 5 143 232 296 
1 5 
1 5 
6 137 16 146 5 267 78 
3 5 689 143 
1 5 
1 6 
3 713 327 6 
57 1098 1114 1134 1135 1148 1150 1159 25 1193 1202 1216 1233 1239 1245 1248 1271 1279 1286 1288 1306 1323 85 1339 1354 1367 1393 1433 1436 6 1452 1456 1458 1469 1470 1507 1523 1526 887 1556 1558 1560 1575 1595 1599 1604 375 1626 1645 1653 1659 1693 1695 196 1720 1736 1780 240 
12 25 21 54 487 6 151 628 175 204 652 224 241 
243 1396 24 1088 1098 532 35 1113 1116 1122 1130 1135 1138 1142 1143 1148 1150 1154 1159 1161 1169 1170 1171 46 25 674 1179 1183 1184 1185 1187 1191 1193 1194 1200 1202 1203 691 1210 770 1221 1223 320 1227 1233 1239 1242 1248 1250 68 1253 558 1259 1260 1264 1271 1280 405 1286 1289 1291 1292 1294 1296 561 1299 1304 1305 313 1313 1316 1317 1318 1320 1321 1324 1325 1326 1330 697 1336 1337 1343 1348 1350 1354 1357 1359 91 1360 1370 1371 1373 1374 1376 1377 1378 1379 1383 1384 1391 1394 1397 837 1401 1407 1408 1410 1413 328 1418 1419 1424 1429 1430 1432 1436 6 1445 1448 1449 1451 1456 1457 1458 1461 117 1470 1471 1474 1477 1478 1482 1483 122 1493 1498 1500 1504 1506 1512 1514 1515 1517 1518 1519 1520 1526 887 1536 1542 1544 1546 432 1550 1553 1556 1558 1562 1564 1565 1571 1573 373 1576 1583 1585 565 1594 1603 1604 1607 1608 1613 1617 1621 1626 1627 1629 1630 1632 1634 1635 170 1641 1642 1649 1650 1653 1658 1659 1661 1662 1663 1667 179 1669 1673 1675 1681 1683 1685 1686 1689 1690 1691 1692 1695 1697 1698 1709 1710 1713 1715 1716 1723 971 1726 1728 1731 678 1738 706 1755 1761 1762 1763 1765 221 1767 1768 1769 1776 1783 1784 1789 1793 1795 1796 1798 232 240 241 249 
5 77 6 701 337 381 
14 713 584 674 27 676 108 6 145 627 339 226 241 346 17 
27 310 686 40 1161 25 399 61 62 1258 1349 97 6 1443 145 432 508 1563 925 161 339 168 179 1698 192 1709 241 346 
2 333 6 
19 503 499 25 48 459 21 156 148 154 796 54 449 263 429 6 446 22 12 471 
6 6 67 323 331 332 205 
2 329 6 
2 6 345 
8 343 345 1205 336 149 6 77 126 
7 1448 6 310 24 35 343 1251 
5 19 86 6 96 208 
1 6 
4 1205 1251 6 316 
5 6 332 101 35 149 
4 1081 6 689 187 
3 6 1251 1488 
4 101 6 307 35 
8 310 24 6 101 345 532 1343 332 
25 1515 194 24 232 25 28 6 390 296 687 317 696 98 698 837 105 300 143 704 180 187 208 225 231 260 
4 6 24 52 192 
3 316 101 6 
12 25 35 328 316 6 149 343 101 24 40 77 324 
6 232 6 314 36 126 153 
13 532 1343 343 257 336 35 25 6 348 478 413 166 566 
2 343 6 
13 575 15 572 6 25 352 319 77 135 506 334 156 343 
6 311 6 1205 80 602 276 
2 6 1150 
7 312 313 1527 1584 6 547 237 
3 35 353 6 
3 6 137 35 
9 80 6 148 570 597 1679 575 15 352 
14 532 101 35 6 149 336 1205 319 320 77 332 334 335 172 
30 1150 25 9 24 432 148 276 101 8 196 532 6 35 40 358 73 77 367 1464 368 350 369 172 203 291 1778 535 657 453 667 
6 6 670 318 319 77 328 
7 1527 1584 6 312 134 313 153 
2 1150 6 
9 25 887 276 240 471 494 7 544 334 
2 7 1369 
5 61 495 344 276 7 
19 21 19 539 77 8 98 364 368 123 374 375 187 196 379 14 383 385 388 245 
36 572 575 15 570 597 8 79 89 611 102 365 112 113 116 615 135 621 623 506 148 628 629 336 159 342 646 206 382 653 654 222 226 245 666 672 461 
20 397 69 404 408 8 411 83 106 120 129 134 540 436 156 340 641 572 216 259 459 
4 690 693 8 700 
1 8 
1 8 
7 19 25 8 359 196 254 48 
9 398 344 15 8 375 61 367 621 657 
9 276 532 8 1198 38 357 1378 564 1757 
3 8 25 715 
7 8 276 61 77 374 172 377 
12 25 711 718 10 21 451 9 196 54 429 240 8 
3 611 711 8 
10 9 25 351 24 8 19 374 196 560 379 
3 8 61 352 
1 8 
8 375 358 275 276 344 398 8 544 
7 344 410 8 351 398 15 375 
2 344 8 
2 375 8 
2 8 167 
2 8 556 
25 9 276 310 22 157 471 472 13 887 8 10 469 240 25 275 415 257 73 207 277 547 418 437 166 385 
21 9 351 713 148 434 375 196 24 48 8 551 361 676 392 257 35 283 364 127 187 218 
31 8 308 196 711 19 392 676 544 351 48 157 257 532 9 25 61 358 409 367 368 427 137 370 374 519 187 188 451 291 657 264 
1 8 
3 361 276 8 
1 8 
7 48 8 364 414 551 351 196 
2 276 8 
6 311 25 22 19 471 8 
6 275 8 597 711 575 352 
9 35 351 196 232 254 137 8 134 48 
4 25 17 8 9 
10 483 471 887 448 8 157 25 373 10 351 
6 213 8 25 416 9 862 
13 497 240 25 155 215 257 9 19 150 8 10 483 472 
16 48 66 8 25 19 391 471 434 351 1734 539 409 540 14 568 293 
5 595 8 559 413 293 
16 29 48 1188 55 80 96 100 329 120 887 9 175 200 223 224 264 
34 25 276 31 739 44 471 50 764 54 70 598 407 494 868 122 136 887 142 508 511 154 517 9 183 215 527 234 388 456 244 245 259 264 531 
75 1095 735 738 748 749 44 752 481 482 22 25 767 484 775 66 275 695 73 1291 805 80 807 809 274 818 827 100 840 495 845 848 861 864 868 124 544 884 427 887 142 897 900 901 903 906 911 374 927 375 935 936 938 9 468 948 443 466 644 957 1709 196 971 200 976 983 218 989 994 996 1006 240 1009 1019 263 531 
5 25 9 144 10 13 
6 25 276 542 215 275 9 
5 9 969 914 276 274 
7 1188 48 9 296 687 187 208 
12 21 353 276 25 541 54 9 402 404 440 555 459 
9 196 415 9 61 358 367 368 166 1778 
5 275 276 313 544 9 
4 25 276 9 154 
6 10 9 471 55 25 887 
6 257 25 541 397 500 9 
8 120 9 19 22 25 100 200 237 
6 21 9 397 541 353 54 
9 706 9 24 25 1544 1251 310 19 1113 
9 9 25 276 24 434 240 15 10 257 
6 25 10 391 240 254 9 
8 276 54 353 25 9 487 184 528 
5 388 375 9 25 276 
9 9 17 25 48 15 661 22 368 564 
4 353 25 10 9 
8 25 471 887 55 9 10 15 41 
7 389 196 334 887 25 257 9 
23 950 551 815 958 48 10 986 21 215 914 25 9 275 22 276 416 699 428 921 518 188 379 451 
7 276 9 537 398 12 283 373 
8 276 9 718 414 885 428 437 386 
10 240 472 13 157 470 25 10 9 483 471 
8 207 10 257 422 9 472 373 465 
1 9 
1 9 
7 240 9 887 215 25 10 21 
9 275 10 9 276 37 831 418 895 441 
8 22 257 9 25 276 440 151 217 
1 9 
4 9 541 10 471 
5 1188 9 25 1199 1104 
8 392 471 240 9 696 375 215 48 
9 276 414 9 542 416 835 25 901 227 
13 9 21 10 25 240 215 315 81 362 495 715 188 237 
8 1188 48 1199 9 194 46 42 208 
3 9 441 25 
7 313 9 48 532 310 615 344 
4 48 13 471 9 
22 9 48 22 240 19 25 478 50 53 406 73 499 435 512 374 632 162 174 203 388 456 259 
12 471 532 25 73 13 9 443 434 89 496 502 517 
5 1471 1346 9 101 353 
18 373 14 48 277 9 207 416 10 215 108 25 283 100 285 862 213 218 293 
5 254 471 276 9 25 
5 9 207 21 25 19 
9 257 471 276 13 397 25 9 423 151 
11 422 144 468 466 25 10 9 738 501 431 454 
12 13 472 240 471 10 21 473 25 215 9 521 454 
10 9 676 392 25 471 545 693 73 561 435 
2 9 13 
5 19 80 9 25 713 
3 13 9 315 
4 529 259 25 9 
13 13 25 276 541 22 215 471 9 48 516 449 385 460 
15 9 25 448 471 215 21 240 465 13 472 10 315 497 516 458 
6 240 254 215 25 9 548 
20 196 551 9 21 240 465 276 544 19 414 375 473 48 25 10 22 362 510 719 966 
14 275 956 938 543 767 901 9 276 943 544 986 832 729 754 
12 344 35 276 1150 196 48 148 9 25 61 504 221 
7 25 441 257 10 525 9 442 
14 257 9 10 25 275 736 501 541 22 938 37 480 801 548 
11 10 9 55 391 174 275 257 276 48 434 13 
13 462 470 10 9 541 240 471 1796 13 276 490 885 718 
13 234 472 55 465 240 48 561 25 469 9 449 10 78 
10 353 9 276 21 25 54 397 541 315 490 
8 448 13 276 15 240 25 9 10 
8 471 575 713 25 9 240 352 217 
3 463 10 457 
8 470 472 465 1276 467 462 10 1024 
6 1283 10 1403 843 468 1796 
48 472 723 1096 1106 37 1137 44 674 1178 1190 1207 1226 1242 1245 1250 488 1281 1294 463 1325 1330 1340 493 10 418 1431 109 497 1449 1498 467 505 508 1562 514 157 1635 948 952 188 1701 1724 449 451 1781 237 257 458 
8 392 470 1112 276 900 10 441 1710 
6 472 465 463 10 1426 1024 
5 464 392 10 441 945 
15 1320 472 532 474 31 1207 1281 10 497 503 505 508 373 1635 458 
8 37 44 463 10 417 466 457 263 
72 543 15 240 276 542 21 711 54 27 391 25 475 476 348 315 482 401 546 55 1264 598 73 76 490 491 412 493 494 10 417 550 496 497 1477 425 500 502 427 144 433 507 435 373 512 513 13 632 438 440 166 517 518 442 443 183 188 448 524 449 381 217 385 234 242 555 388 457 257 259 265 461 531 
42 474 31 1096 477 559 465 1137 44 481 1193 1204 1207 485 1281 463 1320 1325 1330 1340 10 417 418 497 1498 467 505 508 1562 1568 151 373 514 516 1635 520 442 521 188 449 469 387 458 
13 723 727 1204 1226 1294 10 497 1449 505 157 516 442 451 
7 472 1207 532 10 469 1562 1281 
5 10 25 493 257 471 
4 31 884 471 10 
5 514 120 240 10 472 
4 594 334 434 10 
9 55 887 80 543 10 713 265 73 257 
13 22 10 15 497 14 887 21 240 25 455 257 711 276 
6 25 10 240 392 472 484 
17 887 1571 22 215 10 25 471 392 868 884 54 24 532 1690 1264 513 531 
12 157 10 31 60 491 417 497 505 508 525 385 387 
6 392 276 481 10 240 529 
3 10 276 472 
3 25 10 541 
14 80 21 10 13 1796 22 276 55 144 309 887 215 54 408 
2 465 10 
10 276 532 1338 10 943 25 52 65 1504 221 
9 13 457 459 471 887 512 257 276 10 
8 22 887 10 713 25 483 884 471 
4 10 144 31 44 
6 257 10 471 465 13 475 
16 144 519 254 257 544 48 259 240 541 471 73 391 10 25 500 348 
11 25 429 901 925 10 938 392 21 215 981 350 
7 435 10 25 471 144 887 13 
16 10 465 469 503 157 472 471 532 73 25 473 449 483 480 60 387 
6 25 257 31 207 108 10 
7 207 10 25 257 434 55 315 
5 25 10 471 402 494 
8 736 541 257 10 22 518 441 455 
8 13 471 435 55 25 884 257 10 
10 469 276 10 21 257 315 57 538 497 553 
15 887 538 599 275 570 1157 453 669 61 25 544 619 162 22 10 
8 483 532 473 472 10 465 469 1781 
4 336 10 352 541 
14 276 144 17 884 512 73 10 1409 55 25 160 471 546 1082 
15 157 736 712 13 483 465 10 391 25 469 313 472 44 539 100 
1 10 
8 451 25 550 512 108 10 55 546 
3 391 10 25 
12 55 434 887 25 10 471 144 490 550 507 510 527 
9 884 1690 482 471 22 10 207 868 559 
4 465 10 472 477 
2 260 10 
7 257 449 473 472 448 13 10 
10 215 471 391 10 435 22 109 887 53 884 
11 544 501 275 45 471 414 240 22 10 718 276 
8 257 551 10 375 887 19 494 228 
5 10 257 240 31 472 
5 442 10 240 25 472 
5 10 523 276 275 240 
5 240 10 297 522 227 
4 25 240 471 10 
8 887 10 483 257 100 200 217 454 
14 275 956 976 276 938 542 10 22 997 835 986 544 901 753 
4 512 391 10 25 
6 408 887 215 10 207 25 
9 767 207 259 276 144 10 25 484 447 
2 25 10 
27 215 989 884 482 845 960 1690 887 25 54 790 391 861 471 10 737 275 957 544 207 272 276 392 868 22 73 847 
196 1693 1571 1746 1604 1517 1493 1713 24 310 474 1086 1090 1098 1105 1109 1110 559 1122 1147 44 1151 1152 1155 1162 688 1163 1170 482 1175 1179 1180 1190 1192 1200 1202 1203 1207 1209 1216 61 1221 1227 1242 1245 1247 1250 68 359 1260 1261 1264 1265 1269 1280 1282 489 73 1287 1289 1291 1293 1296 1299 77 1305 1307 1319 1323 1324 1326 1329 1334 1340 1343 1350 1353 1359 91 1363 92 1373 1374 1379 1383 1384 1391 1392 1394 1397 837 1403 1410 1413 1414 1416 328 1418 1432 1434 1444 1445 497 1449 117 1469 1470 1471 1477 617 1480 1481 1483 1507 1512 1520 1526 1532 140 1536 1542 505 1546 1547 432 1550 1553 1557 1558 1561 1565 1568 1570 1573 435 151 1574 11 334 1583 1587 1593 1595 1602 1603 1606 375 1607 1608 1614 1617 1618 1636 1641 1645 171 172 1649 1653 1657 1658 1660 1664 1665 179 343 1675 1691 1697 1702 344 1707 1710 196 1720 1722 553 1723 973 1737 1747 1751 212 1757 1765 1767 1769 1781 1783 1784 1785 1790 656 469 1793 1800 556 
1 11 
6 277 810 763 276 11 723 
7 344 11 276 271 281 275 14 
1 11 
4 12 415 221 995 
7 543 503 1241 80 12 711 504 
6 213 388 12 351 14 508 
7 12 170 353 388 232 35 111 
19 397 402 486 404 494 115 124 425 551 501 506 13 921 448 1002 455 662 457 459 
99 276 711 22 543 900 729 735 394 748 753 271 471 760 761 54 767 768 776 778 787 789 792 275 796 798 799 801 805 807 809 811 812 815 274 816 817 819 823 826 835 843 1426 852 853 855 858 864 873 874 876 551 544 885 889 890 892 428 142 272 147 150 909 910 13 922 923 926 928 935 936 938 939 940 941 942 943 188 1689 956 958 959 969 973 975 976 983 526 986 996 997 999 1009 1015 1017 1019 1020 257 263 265 
82 276 735 479 748 749 752 753 754 471 760 761 54 767 768 538 776 787 788 789 792 794 275 695 796 809 811 815 274 819 826 832 835 843 852 853 855 860 864 872 873 878 551 882 544 887 892 909 13 923 928 930 935 936 938 940 941 943 1644 945 188 1689 956 958 959 542 969 973 975 976 979 452 983 987 990 999 1001 1006 1009 1020 257 263 1024 
100 543 542 723 22 276 392 1095 348 741 744 745 43 752 753 760 399 769 56 61 773 776 777 778 781 782 783 788 789 547 275 1284 800 78 803 807 812 814 274 816 820 822 826 828 829 833 494 834 839 844 845 847 862 864 367 878 551 882 885 504 889 897 901 902 626 150 909 914 13 920 375 932 933 1623 518 949 950 956 960 1708 967 970 975 451 979 452 526 986 708 990 994 1002 1009 1016 1019 257 263 1024 265 1026 531 
11 561 25 14 196 22 257 228 150 275 443 13 
5 31 13 471 507 510 
11 257 13 181 544 108 339 373 240 713 100 237 
5 1082 455 13 37 450 
10 27 17 693 682 670 13 25 26 18 719 
9 1409 884 144 55 257 471 13 512 510 
27 767 541 938 25 48 544 13 542 22 276 543 43 63 814 274 414 129 921 374 932 164 519 188 379 451 237 264 
5 22 887 13 257 276 
5 13 276 554 532 503 
2 13 553 
6 276 471 13 124 397 54 
12 1769 1602 1604 532 1327 24 1098 1176 1224 372 1740 14 
2 1082 14 
7 711 276 310 28 563 1740 14 
6 532 14 513 389 1116 472 
11 25 148 196 364 240 108 48 19 14 119 90 
13 28 215 310 1653 257 443 25 887 14 22 545 562 458 
5 1653 14 1327 1269 561 
6 727 234 14 1321 558 218 
5 78 410 102 14 359 
15 22 24 1602 272 737 310 275 1327 1419 845 14 276 1445 187 962 
3 334 257 14 
2 1369 14 
3 388 14 727 
2 14 287 
4 15 352 504 342 
13 590 15 88 116 135 622 638 572 197 252 665 668 669 
21 573 578 571 575 353 582 15 601 604 352 615 616 618 148 149 336 1624 643 216 654 665 
4 15 572 664 672 
2 15 631 
35 686 40 582 583 587 594 596 597 15 603 611 352 612 112 614 116 615 619 148 626 151 336 632 633 634 1624 638 342 572 382 653 661 663 666 461 
1 15 
6 15 612 616 160 643 216 
23 1148 691 61 15 77 108 1433 615 127 1520 893 147 633 643 187 1681 572 199 653 708 223 1796 252 
4 15 658 624 647 
2 15 680 
1 15 
10 64 575 1796 22 572 276 116 15 711 672 
3 575 15 653 
7 24 691 713 312 25 15 226 
1 15 
2 15 662 
2 575 15 
6 15 711 276 1610 777 918 
2 900 15 
3 595 571 15 
2 691 15 
1 15 
3 276 15 53 
4 575 15 112 478 
4 15 590 653 389 
2 15 575 
7 575 15 352 1457 342 382 672 
5 471 15 391 25 713 
2 15 504 
2 672 15 
3 15 572 1116 
14 17 27 723 15 54 58 71 1349 133 337 215 223 679 680 
4 638 612 15 575 
4 572 15 624 618 
3 15 1173 672 
1 15 
3 672 15 1173 
1 15 
1 15 
1 15 
4 352 575 15 363 
6 15 575 577 692 603 616 
2 15 1148 
3 575 624 15 
7 112 15 578 572 575 352 432 
4 572 612 577 15 
4 15 1372 1591 532 
7 1148 900 1571 15 624 604 572 
6 670 575 15 504 663 665 
1 15 
3 358 352 15 
2 15 571 
4 352 112 15 629 
11 15 1116 579 52 604 614 618 160 192 658 670 
1 15 
5 15 575 112 887 544 
3 17 15 312 
5 25 101 15 309 352 
6 352 112 15 623 646 666 
1 15 
2 15 574 
7 15 434 575 652 1148 471 276 
3 575 15 578 
2 15 575 
6 25 276 670 120 638 15 
1 15 
1 15 
7 571 15 575 795 603 635 174 
2 38 15 
1 15 
4 353 27 175 15 
1 15 
4 15 578 577 572 
4 276 15 392 827 
1 15 
4 112 352 15 629 
3 579 15 658 
5 17 15 240 25 19 
1 15 
1 15 
1 15 
6 15 309 30 88 632 214 
6 578 595 583 575 15 352 
3 572 352 15 
2 15 58 
15 1274 276 532 1689 15 835 1568 1287 1650 986 1112 145 975 61 918 
4 358 344 375 15 
5 116 624 15 579 647 
1 15 
6 24 1229 1429 1228 276 15 
4 15 575 410 112 
3 541 15 586 
6 15 252 108 680 619 575 
2 15 573 
4 15 572 571 619 
5 352 629 575 15 112 
4 25 711 15 344 
5 711 571 15 80 276 
4 15 680 571 504 
7 624 15 549 619 702 635 345 
3 15 257 25 
10 276 15 1205 352 573 597 582 600 605 607 
3 276 240 16 
8 17 1081 1632 1249 465 24 312 310 
1 17 
10 27 17 312 693 374 375 162 165 443 196 
2 27 17 
4 80 713 17 310 
3 17 602 1081 
6 17 602 580 160 663 669 
2 18 685 
8 18 19 26 27 713 549 702 707 
1 18 
1 18 
3 18 681 171 
3 19 575 313 
5 35 396 19 329 191 
4 532 19 163 220 
10 146 19 325 86 96 32 194 705 304 208 
2 19 354 
9 25 578 310 19 24 1420 584 591 88 
4 19 612 187 208 
7 676 25 700 354 443 19 549 
1 19 
7 543 19 392 723 900 276 857 
7 329 19 28 40 1146 98 427 
10 1613 1571 1249 19 310 1448 276 24 1082 1291 
4 48 329 19 1251 
8 835 275 25 414 78 276 945 19 
3 354 19 693 
3 1251 311 19 
5 670 682 20 19 23 
3 232 19 1561 
9 232 1251 19 276 1346 25 1161 329 24 
5 19 1188 689 98 260 
12 1251 276 28 19 24 232 25 310 46 1208 1202 405 
4 682 25 19 22 
6 275 578 19 22 24 544 
3 710 20 1067 
2 20 709 
128 276 734 735 737 743 40 747 582 748 749 480 752 753 756 471 48 588 21 54 766 767 768 772 773 538 776 777 778 1242 558 787 788 789 794 275 798 800 801 802 80 809 812 814 815 274 821 826 828 362 832 833 363 834 835 842 843 1426 108 848 851 852 853 855 861 868 872 876 877 879 882 889 892 895 142 272 897 147 899 904 150 910 911 914 923 928 375 935 936 165 938 168 943 1644 950 952 1689 189 958 960 196 967 968 542 969 971 203 975 382 989 990 991 992 997 1001 1004 237 1006 1009 244 1015 1017 1019 1020 256 667 1022 668 1026 
5 21 868 508 1585 215 
27 307 312 479 584 21 682 598 547 80 491 106 115 120 122 134 374 171 175 177 445 196 678 215 223 224 226 461 
1 21 
9 257 25 429 21 215 57 85 360 159 
1 21 
2 21 50 
6 914 21 457 416 362 518 
7 276 451 196 21 22 25 549 
1 21 
7 22 829 851 286 272 290 934 
1 22 
54 729 737 741 465 748 753 22 25 770 779 780 781 788 695 810 811 812 814 274 602 830 831 836 839 851 855 860 862 867 871 874 544 1510 1520 888 272 901 915 917 921 927 939 945 188 534 959 964 983 999 1796 1011 473 1014 257 
3 1088 22 811 
1 22 
2 22 276 
13 1093 22 834 563 903 924 927 1684 991 1773 568 1004 473 
2 22 276 
27 815 885 767 542 22 986 816 275 824 920 940 926 851 778 957 984 723 276 858 944 452 737 943 900 753 938 821 
1 22 
1 22 
3 22 941 1025 
5 276 873 1023 22 274 
6 986 22 1112 276 711 984 
12 900 392 835 711 976 22 936 542 543 938 276 984 
10 22 742 786 501 508 978 991 1004 455 1012 
27 711 723 22 729 749 766 773 790 275 795 798 803 807 274 840 847 272 897 565 930 1644 948 979 989 1009 1015 531 
7 900 392 22 746 892 441 215 
10 215 54 276 391 861 25 957 22 1462 1205 
3 1025 22 907 
4 22 723 276 544 
7 1012 736 883 801 744 937 22 
2 711 22 
7 22 275 909 1012 976 544 742 
4 22 544 274 1012 
3 22 276 738 
4 711 835 276 22 
9 275 543 22 723 900 542 711 276 392 
9 392 276 22 711 543 737 798 847 948 
4 901 943 22 275 
3 22 276 771 
7 22 544 832 711 275 543 392 
19 22 835 976 711 723 900 544 275 542 984 276 543 943 938 729 811 865 894 526 
4 22 543 452 276 
5 273 22 1743 1215 276 
5 984 789 711 22 900 
1 22 
2 22 818 
1 22 
10 901 275 22 543 544 767 986 542 938 276 
6 275 542 276 543 22 901 
3 984 22 276 
14 22 785 280 810 834 878 885 894 932 1671 951 534 1005 1014 
8 391 66 263 887 22 25 257 156 
1 22 
7 275 767 737 832 22 711 787 
38 542 392 900 711 938 276 22 543 729 760 766 776 778 792 805 807 808 809 811 274 816 843 857 880 551 881 891 923 928 929 932 940 941 956 970 452 529 265 
9 900 276 543 787 542 976 22 711 984 
6 22 898 865 792 544 911 
3 723 310 22 
3 751 22 1081 
5 789 274 22 711 276 
10 711 737 789 22 984 275 900 544 276 875 
3 22 861 1264 
4 392 276 22 907 
18 275 276 544 900 852 542 832 711 543 976 938 22 767 835 943 986 984 1009 
8 22 588 544 835 276 1740 711 275 
16 976 938 276 984 943 900 767 542 711 22 789 544 729 63 274 952 
3 723 22 888 
3 723 22 795 
4 723 22 544 276 
5 276 544 275 22 914 
3 276 544 22 
5 22 66 997 276 1025 
5 911 275 763 22 276 
5 736 22 844 1007 1012 
11 276 900 543 22 542 711 766 768 798 891 1020 
8 900 543 945 275 723 544 711 22 
31 711 542 832 543 22 938 984 943 976 544 900 43 756 772 773 778 280 796 812 274 829 839 858 885 891 892 894 922 923 939 975 
8 22 275 845 868 737 272 957 531 
5 274 272 858 22 276 
14 542 938 767 273 835 543 257 275 276 22 832 769 865 894 
2 982 22 
5 276 1001 22 543 711 
7 957 22 737 780 638 867 811 
12 543 789 22 914 542 984 900 315 811 274 923 1025 
4 22 276 912 966 
14 737 938 22 276 787 275 900 542 832 711 749 843 882 894 
3 542 22 276 
5 544 711 956 22 275 
5 22 455 711 542 742 
4 276 711 22 274 
8 928 544 938 275 845 823 737 22 
2 1010 22 
12 276 275 22 832 392 900 767 938 976 984 542 807 
1 22 
11 542 900 737 276 767 392 275 805 938 544 22 
8 767 900 272 22 275 847 980 1025 
13 543 984 938 976 900 711 276 943 22 767 392 542 891 
10 1013 22 723 274 938 763 885 894 534 1014 
14 795 753 276 543 22 796 723 900 542 986 938 1684 724 767 
18 544 852 22 999 276 943 711 922 832 275 723 274 900 789 939 974 542 897 
1 22 
11 276 723 544 551 900 815 22 881 829 711 274 
22 852 900 543 984 542 22 711 729 814 274 414 843 894 272 897 923 926 950 975 986 997 1015 
10 900 984 22 542 767 544 943 275 276 729 
5 984 275 900 22 542 
5 22 276 849 758 392 
6 984 543 900 542 22 79 
5 276 1470 544 22 1689 
4 729 711 894 22 
3 544 1012 22 
8 861 936 542 276 849 22 803 902 
9 940 922 276 22 892 265 729 926 1005 
1 22 
9 900 22 544 711 542 543 938 984 276 
8 938 392 914 22 943 274 950 644 
6 272 991 711 276 544 22 
6 22 789 273 544 721 814 
7 861 860 276 957 22 723 917 
8 723 890 422 22 274 276 943 976 
29 711 22 543 984 752 271 766 776 789 792 798 805 812 843 864 876 897 902 906 941 948 959 960 976 452 989 990 1017 1020 
12 984 935 900 275 273 22 711 271 938 1015 544 847 
11 763 711 22 544 967 952 727 274 991 275 276 
38 543 711 938 22 984 900 943 976 275 542 735 747 753 776 777 792 274 699 856 878 885 428 272 897 150 909 945 949 956 970 974 526 987 990 656 999 1010 263 
2 22 723 
14 887 25 24 1613 1253 532 1251 241 22 1790 329 1453 310 297 
1 22 
5 22 789 276 723 544 
5 737 22 392 948 989 
4 860 22 276 861 
6 879 22 711 903 276 1004 
15 711 543 852 900 542 798 832 22 974 275 767 815 464 894 897 
6 544 274 937 276 22 786 
13 861 1087 392 275 989 957 272 22 544 790 803 565 531 
1 22 
16 966 957 544 900 749 833 737 276 271 808 861 942 960 531 22 917 
4 392 22 711 276 
4 276 22 818 823 
3 22 276 1010 
8 721 711 273 276 723 22 729 897 
18 276 711 22 900 542 543 776 812 815 274 843 897 939 950 956 969 974 999 
7 276 543 1172 711 542 22 274 
2 1081 22 
6 543 711 22 275 723 542 
3 835 276 22 
6 276 938 928 767 695 22 
15 274 542 276 789 922 900 22 275 729 280 791 885 902 288 1005 
1 22 
8 276 543 723 22 830 841 923 972 
19 276 392 22 711 739 774 823 830 841 845 847 884 917 290 923 965 972 1011 531 
9 437 274 386 723 275 1671 544 22 276 
3 22 1533 1116 
10 276 986 544 22 900 542 275 832 543 392 
9 272 792 753 22 894 898 271 911 769 
2 22 274 
5 22 723 795 991 1004 
11 22 711 392 391 54 712 482 790 513 960 531 
2 22 276 
3 22 991 1004 
3 997 723 22 
5 711 276 22 543 1001 
4 542 543 22 733 
6 276 542 723 901 900 22 
3 276 22 773 
8 22 542 984 275 711 832 938 276 
6 86 711 22 146 25 887 
6 543 275 22 835 544 763 
7 22 276 711 903 842 991 1004 
6 767 984 938 276 22 914 
3 22 767 814 
7 276 711 984 22 544 798 543 
2 22 742 
18 215 22 861 54 887 392 25 276 476 482 491 550 502 507 513 517 1002 531 
22 858 22 416 275 763 997 976 950 914 887 975 901 457 810 542 280 835 273 150 789 544 729 
2 276 22 
59 543 310 392 308 390 25 22 276 391 348 37 479 480 482 297 764 401 63 66 68 487 561 490 491 412 282 413 283 837 100 496 111 421 877 127 884 885 135 504 626 911 373 512 154 517 519 1644 552 525 979 217 228 385 1002 242 528 259 263 531 
4 22 723 779 1654 
7 938 542 22 711 276 544 923 
5 22 984 542 831 1017 
7 789 767 938 274 787 809 22 
13 276 711 542 543 900 22 738 984 943 938 789 824 975 
5 1519 1684 22 276 578 
19 843 789 798 753 276 810 792 911 815 763 277 900 22 275 922 1291 821 865 288 
4 22 711 422 276 
1 22 
20 22 275 939 984 835 737 815 852 392 544 938 711 843 832 851 986 1112 974 812 956 
4 272 22 769 865 
4 971 276 711 22 
88 392 22 729 735 738 748 753 271 756 589 767 768 773 776 778 787 788 789 275 695 796 798 805 807 808 809 811 812 814 815 274 816 817 819 826 833 835 843 1426 847 852 858 864 874 618 892 894 272 901 910 922 923 924 926 927 928 935 936 938 939 940 941 942 943 944 947 949 950 466 956 959 963 542 970 975 976 984 986 990 991 996 999 1004 1005 1009 1015 1020 263 
23 544 900 276 392 22 723 750 271 760 761 495 874 885 428 272 909 941 945 948 452 526 987 999 
10 277 858 989 832 275 276 1291 823 544 22 
8 392 727 22 842 879 1759 991 1004 
3 276 711 22 
1 22 
4 276 832 392 22 
6 775 997 275 740 22 276 
1 22 
14 976 275 986 544 542 22 543 1012 835 271 901 273 938 744 
5 542 984 711 22 900 
12 277 711 22 276 887 938 392 275 769 785 865 894 
6 797 22 276 1325 1673 965 
1 22 
16 544 958 276 711 22 395 782 796 274 414 827 880 885 718 940 966 
3 22 723 964 
4 984 275 22 276 
7 957 861 22 276 723 830 847 
4 588 22 965 656 
2 22 276 
4 544 22 276 729 
9 48 276 414 551 196 938 723 22 541 
13 976 276 789 542 22 900 63 812 824 858 894 939 952 
17 984 543 272 938 861 767 860 711 276 889 789 796 542 900 275 815 22 
5 22 276 727 900 1004 
4 22 313 495 168 
9 984 274 542 276 900 22 815 824 729 
6 727 22 723 276 392 900 
13 542 984 276 22 938 543 900 943 767 711 803 857 996 
4 984 22 938 767 
7 543 24 25 22 80 276 737 
2 957 22 
10 999 767 763 940 22 938 551 544 950 276 
2 544 22 
2 22 721 
11 900 392 543 276 938 273 22 711 542 984 833 
12 711 900 984 542 938 22 543 392 276 735 823 968 
6 1012 22 742 844 978 1007 
73 984 543 900 22 392 711 276 542 729 735 753 271 760 54 767 776 778 789 792 275 798 803 805 807 809 810 811 274 826 827 833 835 495 857 876 880 551 889 891 892 272 897 288 909 911 921 923 928 929 932 935 936 940 941 943 945 950 956 959 970 974 975 976 452 526 986 990 455 1014 1015 1017 263 265 
12 852 900 542 22 789 274 974 922 276 723 812 897 
13 543 900 542 914 275 950 22 276 767 938 729 824 932 
13 938 543 832 542 901 276 986 956 732 900 22 767 275 
4 900 542 22 847 
31 938 22 984 543 900 542 711 729 750 753 271 776 778 789 489 809 812 274 816 827 831 835 892 272 928 945 956 452 1005 1017 263 
3 900 22 729 
13 943 835 986 901 938 723 275 543 22 276 468 788 699 
2 982 22 
2 900 22 
9 465 737 22 832 275 840 392 749 901 
6 276 544 900 275 22 835 
17 275 900 938 544 22 815 984 711 852 276 274 414 827 885 272 932 940 
3 763 22 274 
9 465 778 22 711 922 276 989 991 834 
2 22 276 
1 22 
3 22 276 1327 
22 900 544 542 22 976 938 943 276 852 543 986 984 275 767 835 800 274 897 941 452 526 263 
13 392 276 22 729 739 790 795 830 845 847 917 931 531 
8 22 543 711 542 276 414 914 986 
8 832 543 542 900 22 984 723 938 
9 22 832 275 711 544 868 276 847 531 
1 22 
6 565 147 22 1264 281 1477 
3 276 900 22 
3 915 22 723 
4 912 22 918 861 
6 276 22 797 451 914 847 
6 544 711 22 275 997 834 
5 275 975 936 22 711 
7 543 276 22 852 542 711 395 
8 22 900 938 835 544 275 767 276 
6 310 22 276 711 392 899 
4 860 861 276 22 
5 532 276 543 22 542 
9 835 22 938 276 852 812 843 897 939 
14 22 892 789 543 711 544 815 900 938 542 1689 885 968 656 
31 392 542 984 543 938 22 276 832 900 735 744 43 753 768 776 778 789 805 809 274 831 835 885 272 909 922 956 526 990 992 263 
2 22 984 
4 736 937 22 1012 
14 24 887 544 737 22 80 276 1644 1346 543 275 28 25 1116 
3 22 808 275 
4 276 22 1215 495 
3 22 793 946 
7 22 392 542 543 723 275 276 
59 22 900 729 734 735 43 753 271 756 762 768 773 776 778 789 796 805 809 815 274 816 817 819 826 832 833 835 876 880 882 890 892 272 897 910 916 923 926 928 929 935 936 938 943 1644 950 1689 956 959 976 977 988 990 994 996 999 1015 1020 263 
1 22 
31 276 22 544 938 542 900 958 815 729 734 271 760 776 811 274 414 864 272 897 909 941 945 956 452 526 990 997 656 999 1010 263 
7 22 272 276 835 275 901 543 
3 22 984 276 
12 711 832 840 22 737 392 275 274 845 902 952 531 
13 986 276 900 711 938 835 976 544 984 832 275 543 22 
15 903 1419 727 870 736 711 22 276 867 879 900 828 834 952 1004 
4 711 276 22 976 
2 22 1012 
4 392 544 22 984 
5 276 25 22 537 273 
9 542 276 900 22 928 274 984 392 277 
13 711 815 275 22 542 986 784 282 871 885 907 967 526 
2 22 276 
14 723 900 986 275 276 22 901 542 543 835 984 852 812 932 
1 22 
6 543 22 872 276 711 794 
7 22 541 276 257 887 884 544 
3 276 196 22 
14 1419 924 900 870 879 991 727 842 736 22 867 276 903 711 
10 943 275 900 763 824 274 280 276 858 22 
5 392 543 711 275 22 
4 274 22 937 786 
2 22 276 
11 737 22 711 776 276 392 275 544 543 900 542 
7 275 22 986 850 276 835 804 
4 22 723 276 861 
11 786 736 22 742 744 745 822 909 937 978 993 
5 277 276 22 810 1014 
7 763 1013 723 810 938 274 22 
11 275 737 22 711 938 276 900 815 984 542 833 
3 276 22 544 
9 938 542 22 832 711 943 275 276 890 
1 22 
7 711 544 542 22 275 276 392 
9 22 276 832 711 543 542 787 984 900 
2 22 276 
4 711 22 276 275 
3 22 276 733 
6 543 463 22 467 544 276 
9 22 796 272 276 271 808 732 784 740 
4 275 22 544 711 
5 1028 23 1056 1067 1070 
6 23 1056 1064 1073 1029 1027 
8 1028 23 1056 1058 1067 1070 1076 1078 
2 23 97 
1 23 
3 23 1049 1034 
1 23 
4 1075 23 1037 1032 
2 23 1047 
2 1039 23 
6 23 1034 1038 1042 1060 1065 
3 1042 1037 23 
3 23 1036 1074 
1 23 
1 23 
4 23 1037 1038 1057 
1 23 
1 23 
1 23 
1 23 
2 23 1035 
1 23 
2 23 1032 
1 23 
1 23 
1 23 
1 23 
2 23 1065 
1 23 
4 23 1029 1028 1027 
2 1042 23 
2 23 1029 
1 23 
2 1037 23 
1 23 
1 23 
1 23 
2 23 1028 
3 23 1037 1054 
1 23 
4 709 1029 1027 23 
1 23 
1 23 
3 1029 1027 23 
1 23 
2 1758 23 
2 1028 23 
2 23 1039 
2 23 1034 
2 23 1029 
1 23 
2 1029 23 
1 23 
1 23 
85 1083 1082 1093 1100 1111 1120 1125 1126 1128 1141 1142 1160 1177 674 1196 1206 1212 771 1228 1229 1244 1254 71 1279 1285 1290 1308 1309 1310 1314 1315 1333 24 1339 1349 1352 1358 1383 1389 99 325 1417 1422 1437 854 1454 1456 1465 1466 1470 1476 128 1503 1515 1516 1517 1521 1524 270 1543 1550 1554 1559 1582 1590 1596 1599 1619 1655 1684 1696 1706 1712 1725 201 202 208 1772 224 291 679 1787 1788 1791 1797 
44 1092 1096 1097 557 1129 1134 1137 1160 1181 1212 62 71 1279 548 1315 697 24 1339 1438 1468 1470 1475 1506 1521 1537 507 1081 1559 1561 1562 1574 1576 1596 1606 1613 1619 1646 1655 1083 1686 201 202 1742 1792 
8 1081 1082 1096 1137 1149 1301 24 1716 
1 24 
11 1538 24 1181 1128 1212 1232 1266 1297 1459 1521 1596 
5 1561 24 532 1280 1784 
9 24 1121 1304 1328 1344 1408 845 1492 1749 
3 24 310 724 
3 1298 1172 24 
5 1227 24 532 1199 1738 
6 24 1150 1233 1456 1690 238 
8 270 1367 1082 24 1242 1279 1431 1537 
3 727 1081 24 
1 24 
4 544 392 25 24 
6 1083 1082 465 24 472 1433 
2 1082 24 
10 532 310 1134 1571 1116 308 1470 556 24 1224 
5 1396 1249 24 1119 1495 
2 1081 24 
10 24 1423 1297 1318 1366 1503 1534 1566 1638 1745 
3 1249 1116 24 
1 24 
3 1188 24 426 
3 24 532 1179 
2 465 24 
1 24 
2 24 25 
10 1470 532 28 24 1675 1515 1146 1246 1253 1641 
3 532 1747 24 
5 1298 1081 24 1754 1266 
14 1441 1632 24 734 1159 297 73 1426 111 140 897 466 1710 656 
6 1251 405 24 310 28 249 
9 1116 1604 1312 1441 1693 24 28 308 1208 
1 24 
49 1249 310 24 1098 1102 1114 559 42 1148 1166 1173 1184 1206 1216 1245 1288 1289 601 1325 1345 1354 1372 1373 1393 1417 1436 863 1452 1486 1507 1520 1533 1535 1547 624 1562 1575 1588 1610 1620 1644 1659 1662 1693 1695 1711 1715 979 1766 
2 24 1699 
1 24 
26 24 1172 1099 1144 1217 1232 1287 1297 1331 1356 1406 1427 1428 1442 1459 1466 1482 1510 1522 1528 1589 1618 1638 1656 1725 1788 
2 1081 24 
4 1251 1087 24 1304 
8 1561 1251 1571 532 1704 24 310 1458 
5 1752 24 1172 1178 1441 
1 24 
6 1734 1081 24 39 1191 1389 
3 1081 1561 24 
1 24 
9 1468 1172 1521 1085 1081 24 1181 1706 28 
3 1082 24 1538 
2 310 24 
2 24 1251 
1 24 
4 1639 28 270 24 
10 24 1179 1253 1082 1230 308 1693 1561 1098 1152 
13 1517 24 1377 308 310 1231 77 1348 1458 1506 1607 1691 1704 
5 24 28 194 296 187 
5 465 472 24 1082 1083 
2 310 24 
2 24 1713 
1 24 
3 24 28 1081 
10 24 310 1160 1081 1249 1639 1210 1275 1332 1576 
3 310 1758 24 
2 1119 24 
2 24 1277 
8 1460 696 1467 1675 24 1327 1109 187 
4 276 532 24 1641 
14 308 24 310 578 1249 1116 1684 1676 58 613 1487 618 632 1634 
2 1083 24 
17 1768 310 24 308 1091 1233 1456 1520 1524 137 1605 338 1690 344 1718 453 347 
6 532 1206 1303 1557 24 1155 
12 532 1134 1578 1470 1561 1693 1650 1747 1493 24 1765 1743 
1 24 
3 310 24 28 
4 24 1151 532 1303 
1 24 
4 24 124 504 215 
3 28 1309 24 
4 308 310 1112 24 
7 1082 24 1081 1142 1213 1569 1780 
13 276 310 46 1251 1517 313 1208 28 24 25 1378 1563 704 
3 532 276 24 
2 24 532 
1 24 
1 24 
4 24 1116 1518 1715 
2 24 1251 
1 24 
4 310 24 1604 1661 
4 24 310 1249 532 
2 310 24 
35 1423 24 1441 1089 1119 1123 1128 1178 1211 1266 1268 1275 1287 1331 1332 1366 1367 1410 1428 853 1442 1466 1472 1509 1534 1566 1589 1638 1670 1677 1682 1725 1745 1754 1779 
8 24 1116 1713 1180 1340 605 607 1393 
1 24 
6 1604 1571 24 532 1253 1558 
3 1653 556 24 
4 1706 24 1081 1333 
9 1312 1249 24 1441 1172 465 1423 1123 1406 
31 532 1390 1693 1604 1253 310 1412 1561 24 1105 1134 1189 1209 1230 1247 1257 1269 1280 1446 1470 1573 1593 1629 1641 1691 1707 1709 1765 1769 1783 1784 
7 1183 24 1173 1282 532 1326 1483 
10 1082 1538 28 24 1085 1128 1309 1468 1521 1787 
3 24 1228 1701 
6 24 310 1571 1180 1326 1363 
4 1359 310 1116 24 
5 1249 1448 1239 310 24 
2 28 24 
4 310 24 1511 1567 
13 1251 241 24 390 32 1104 396 426 430 146 705 187 208 
2 24 1179 
4 465 24 1441 532 
6 310 1448 24 1768 1125 1690 
2 24 532 
5 1571 310 308 472 24 
9 24 1423 28 1396 1249 310 1538 1343 1677 
3 28 24 1309 
2 1081 24 
2 24 28 
5 24 1223 359 1454 1475 
11 24 1090 1227 1360 426 430 1592 1625 1729 1738 1768 
4 310 532 1448 24 
2 24 1277 
18 1488 1601 532 1365 1556 1658 1604 28 1734 1336 310 1571 1310 24 1251 706 308 236 
6 532 1253 310 24 1536 1604 
7 1517 24 473 28 472 1449 1587 
19 1420 24 1303 1341 1462 739 43 52 319 63 323 77 149 337 343 192 201 204 672 
11 1081 28 1253 1391 24 1310 1116 1151 1470 1557 1791 
7 465 24 469 1781 532 472 474 
16 24 28 1114 1161 46 1330 1411 1414 1549 1675 1686 1693 1736 706 1756 1780 
10 24 532 1350 1613 1179 1769 1571 1293 1390 1249 
5 24 1142 310 1249 28 
3 1670 1172 24 
8 1085 1503 24 1081 1082 1521 1297 1596 
4 1396 1569 24 1160 
3 24 1638 1725 
4 1631 24 755 981 
13 1375 1235 28 1604 532 1116 24 270 1238 1439 1271 1275 308 
5 1303 1560 1119 24 1682 
2 24 1423 
1 24 
3 1517 24 1389 
11 1249 310 1377 1561 1604 1693 24 532 1336 1396 1239 
3 24 1571 1251 
4 310 1198 24 1703 
9 1693 1784 1253 1470 1561 1098 556 1617 24 
4 24 1442 1522 1725 
3 465 473 24 
7 1738 24 1249 310 532 1199 1090 
5 1081 24 270 1182 660 
5 1081 24 270 1277 660 
9 1571 1179 1561 1249 1343 1584 24 1613 1134 
4 1561 24 1135 1280 
5 1119 1085 1428 1522 24 
7 1150 310 24 308 1091 1456 270 
1 24 
11 1312 24 1441 1275 1216 1237 1375 1470 1491 1609 1643 
2 24 276 
12 1332 1441 1752 1235 1275 1562 1251 24 1364 1549 1638 1640 
10 24 1396 1448 1216 68 1316 1323 1507 1595 1645 
20 1249 310 1448 1517 1604 24 28 308 1185 1221 68 1260 1292 1294 1394 1429 1432 1457 1470 1661 
1 24 
2 24 538 
10 532 711 465 1092 310 24 276 28 1321 1291 
2 24 28 
6 1081 24 1309 28 1276 1748 
5 1116 308 465 532 24 
2 24 1109 
5 1561 1784 532 1179 24 
4 24 310 308 1249 
75 24 1511 1746 1099 1102 1116 42 1142 1148 1170 674 1178 1185 1194 1209 1210 1221 1227 1230 1239 1248 1259 1275 1286 1292 1313 1316 1330 697 1336 1345 1348 1357 1359 1384 1407 1410 1419 1432 1458 1471 1478 1485 1504 1514 1517 1535 1542 1544 148 1556 1567 1571 1604 1607 1626 1627 1637 1658 1661 1668 1679 1683 1685 1686 1690 1704 1707 1725 1732 1736 1767 1789 1793 1796 
13 1643 24 1434 532 1561 1439 310 465 1571 1781 1364 28 1701 
52 1448 24 1113 1121 1122 1131 1161 1167 46 1188 1202 1222 320 1237 68 323 405 1311 1357 1359 91 698 1397 837 326 1416 1425 1471 1487 1488 132 1535 1544 701 1580 1600 1603 163 1627 1649 175 1658 704 1669 190 1697 1719 706 1790 241 249 264 
1 24 
36 1419 28 24 1571 1448 1601 1661 1613 1604 1683 310 1109 1134 1175 1179 1203 1206 1224 1269 1299 1324 91 837 1407 1409 1417 1429 1445 1470 1478 1506 1550 1573 1614 1666 1769 
2 1081 24 
1 24 
2 24 1517 
4 1765 1179 24 1629 
3 313 24 160 
3 24 1249 310 
8 532 1458 310 28 24 1239 1371 1448 
3 532 1587 24 
1 24 
2 24 1604 
12 1571 1690 532 1354 24 774 310 482 471 1561 1477 962 
4 24 1570 532 1604 
6 24 1172 1428 1085 1111 1509 
1 24 
3 1423 1172 24 
7 1561 1253 532 1179 24 562 1344 
1 24 
6 310 24 1419 1683 308 1216 
1 24 
3 270 1609 24 
2 24 656 
21 1441 1172 1312 1249 1142 1562 24 1216 1235 1237 1297 1303 1315 1375 1391 1470 1491 1515 1560 1609 1800 
4 270 24 1244 463 
4 24 1229 1145 1201 
1 24 
6 28 24 1092 1082 1081 308 
8 1086 310 1326 24 532 1390 1179 1231 
6 465 274 24 472 474 469 
7 532 1310 1604 24 28 1180 1326 
4 464 1523 1441 24 
3 24 1759 544 
2 1081 24 
4 24 308 310 1249 
18 1351 1423 1172 1298 532 1495 1119 24 1442 1455 1508 1510 1522 1616 1638 1725 1788 656 
3 24 1116 308 
7 310 1429 1571 1703 24 532 1116 
2 24 1081 
11 310 276 1638 697 24 392 275 894 1242 532 902 
6 1396 24 310 1239 28 1249 
9 1571 1613 532 1315 24 1209 1307 1574 1757 
14 465 1746 28 1448 1517 310 1239 24 473 1604 1321 1414 1479 1561 
1 24 
7 24 1613 532 310 1350 1769 1571 
11 24 1503 1212 1119 1538 1085 1101 1275 1441 1375 1618 
8 24 1495 1089 1111 1287 1356 1392 1566 
9 1571 24 532 1613 310 1575 1253 276 1434 
2 1427 24 
5 24 1083 1466 1495 1596 
4 24 1768 1318 1545 
20 1275 1746 24 1341 1151 1155 1205 1217 1374 1391 1411 1420 1442 1462 1482 1556 1557 1633 1781 1791 
5 24 1087 310 1571 1121 
7 310 1663 532 1584 1571 24 1606 
2 308 24 
8 1315 1571 24 1613 1293 532 1574 1757 
2 24 1081 
11 24 1081 28 1181 1706 1158 1195 1244 1516 1748 1797 
9 24 1315 1081 1202 1206 1282 1417 1781 1791 
4 46 24 1251 1416 
10 24 1441 1114 1178 1235 1275 1315 1548 1562 1693 
3 24 1249 310 
3 1081 24 1623 
12 1312 1275 1082 24 1081 1293 1307 1310 1685 1757 1791 1795 
8 1613 1238 1249 24 1571 310 1396 68 
3 24 310 28 
4 310 1302 24 1101 
3 24 532 1561 
5 310 472 24 1675 469 
10 1294 24 310 1575 1242 563 1553 1561 1653 1699 
2 24 68 
10 1396 1571 308 1604 24 532 1238 1448 1440 1445 
10 1448 1396 1571 532 24 28 1390 1661 310 1253 
7 276 1116 24 472 310 465 912 
12 1183 24 1282 310 1571 1350 532 1180 1280 1363 1507 1617 
12 24 276 1460 1146 562 1467 565 1602 1669 955 1799 556 
2 1087 24 
3 1575 24 532 
8 1396 1208 310 28 465 1249 472 24 
4 1119 1172 24 1538 
6 1172 1142 24 1441 1237 1439 
5 1538 28 1081 1177 24 
4 532 24 1561 1571 
3 24 1343 1363 
8 1249 24 28 310 1571 1202 1221 1339 
5 1653 310 1613 24 1571 
5 24 1703 1346 489 1581 
6 24 28 1081 1336 1082 308 
7 1173 532 472 24 465 1571 1722 
6 270 24 1205 1303 1420 1462 
1 24 
11 1571 24 1613 1194 310 532 1230 1335 328 334 1716 
3 1087 1269 24 
3 1116 1249 24 
14 80 25 24 46 1338 128 151 436 1644 704 979 221 224 264 
1 24 
9 1414 1561 1135 24 310 1249 1448 1653 1571 
5 313 602 24 1081 160 
15 1561 532 1571 310 1604 1390 24 1209 1296 1326 1410 1570 1617 1757 1769 
5 24 1287 1411 1508 1549 
2 1081 24 
5 532 1488 24 1675 1703 
11 1571 1396 1451 1116 308 1377 1650 310 24 1448 1264 
1 24 
6 1298 1119 1450 24 1495 1618 
4 310 1251 24 1249 
3 1081 1511 24 
12 1249 1561 24 532 1571 1704 1458 1251 1471 310 1184 1446 
4 24 1199 310 1738 
2 24 1634 
1 24 
5 1335 24 1183 1326 532 
5 1237 24 1250 73 1439 
3 1601 24 1202 
5 1172 1423 1101 24 1409 
4 24 1172 308 1092 
3 25 1703 24 
5 24 1390 137 349 567 
3 310 270 24 
5 310 24 1260 1649 1697 
3 1116 24 617 
5 532 24 28 310 1116 
5 24 1303 532 310 1445 
14 1752 24 1235 1275 1441 1216 1297 1406 1491 1508 1548 1641 1643 1675 
2 310 24 
7 24 1441 310 1135 1221 1354 1458 
4 1161 310 359 24 
5 24 532 310 1571 1561 
2 276 24 
1 24 
4 24 1437 1490 1768 
6 24 1571 1081 1613 532 310 
5 310 1390 1249 24 532 
1 24 
1 24 
1 24 
1 24 
5 1081 1517 24 1125 1220 
18 1693 24 1179 1209 1280 1324 1350 1369 1384 1449 1483 137 1561 1587 1652 1671 1714 1781 
8 310 1613 1275 1303 24 532 1206 1470 
6 1298 24 1423 532 1442 1682 
5 1173 1116 308 1713 24 
6 24 310 1571 532 1613 1239 
1 24 
30 24 1099 1194 1213 1221 1238 1292 1316 1323 1324 1330 1354 1436 310 1556 1595 1603 1604 1632 1639 1645 1659 1662 1675 1686 1695 1711 1734 1736 1795 
5 532 1251 1613 310 24 
2 1463 24 
1 24 
1 24 
2 24 310 
2 241 24 
3 24 532 464 
2 1591 24 
1 24 
5 24 1178 1119 1375 1670 
6 1253 310 1249 1561 28 24 
3 24 310 1087 
6 1366 24 28 1253 550 507 
7 310 532 1172 1350 1249 1423 24 
5 1208 1303 1351 1756 24 
3 28 24 1179 
6 310 532 1419 1683 24 1724 
6 532 1294 1208 24 1348 1444 
1 24 
6 1311 1251 28 1488 532 24 
7 1310 24 1081 1253 1116 28 1791 
4 532 310 24 183 
16 1249 24 1746 310 1768 1253 1271 1413 1448 1572 565 1641 1675 1683 991 1004 
6 1341 1303 24 1205 691 216 
1 24 
4 24 1081 1715 1726 
20 24 1101 1172 1178 1194 1218 1268 1287 1366 1392 1410 1466 1468 1534 1566 1670 1706 1752 1787 1792 
3 24 1683 310 
2 1251 24 
6 1112 542 24 900 467 711 
7 1670 24 1119 1300 1466 1482 1497 
8 1466 1119 24 1172 1232 1266 1459 1509 
9 1571 310 1239 28 1253 24 68 1289 660 
3 24 1517 310 
3 1092 465 24 
8 1693 1249 532 1704 24 1239 310 1571 
4 308 578 1096 24 
7 28 1299 24 532 1571 1561 1250 
2 24 234 
7 310 308 1650 28 1116 1396 24 
4 24 1081 1511 1382 
2 24 1082 
6 1332 1752 24 1364 1216 1250 
3 1323 1571 24 
29 24 1112 1114 1123 1172 1178 1190 1235 1237 1275 1283 1297 1312 1332 1375 1377 1466 1470 1491 1495 1523 1534 1548 1562 1576 1609 1693 1774 1792 
12 1119 1450 1225 1303 1566 270 1392 24 1670 1287 1172 1754 
3 1584 24 313 
3 24 532 1414 
9 565 1532 1374 267 1253 1323 24 532 310 
7 1765 1179 1471 1561 24 1359 1492 
2 137 24 
35 24 310 1419 28 25 1185 1191 1200 320 1238 1239 1251 1253 1260 1294 1323 1324 697 1348 1354 91 1458 1482 1556 1595 1617 1642 1645 1649 1659 1661 1690 1695 1697 1795 
10 24 310 465 1204 1390 1571 532 1517 473 1587 
8 24 1356 1442 1494 1638 1687 1725 1792 
4 24 28 310 1354 
3 1116 308 24 
3 24 1517 837 
3 1081 24 1198 
2 1287 24 
7 310 308 1081 1091 1150 24 1233 
4 1239 597 310 24 
13 1517 1448 1135 308 310 24 1377 1249 1122 25 1260 1359 1470 
4 1119 1085 1428 24 
6 24 1146 1327 1467 1708 1799 
4 1571 24 1613 310 
5 1341 1303 24 739 1205 
2 24 1398 
4 24 1778 276 344 
2 1081 24 
15 1172 24 1423 1427 28 1081 1670 1441 1119 1301 1428 1618 1725 1779 1782 
7 1675 1602 1473 24 1460 1327 1146 
7 1181 24 1538 1423 1082 1128 1787 
3 308 24 532 
30 1081 1491 24 1441 1235 1239 1561 1693 310 532 1253 28 308 1275 1536 1517 1179 1683 1571 1206 1458 1391 1082 1098 1109 1152 1224 820 1483 1743 
12 532 1571 1249 1704 1251 24 310 1693 1359 1446 436 1691 
3 1172 24 28 
3 1523 24 1467 
5 24 310 91 1488 236 
3 24 1198 1082 
3 1521 24 1081 
8 310 1561 1264 471 24 275 532 962 
4 24 1249 310 1253 
2 1294 24 
2 24 532 
4 1570 1604 532 24 
7 24 1670 1448 310 1427 1303 1119 
8 1390 1515 1571 24 310 1180 532 1470 
1 24 
2 1249 24 
3 1533 24 1116 
3 1148 24 1251 
12 24 1251 1202 68 1353 326 1416 1474 1500 1563 1697 1753 
1 24 
3 1382 1511 24 
6 24 1441 1235 1375 1275 1470 
4 1446 24 1784 1087 
6 24 1571 310 532 1152 1680 
2 1450 24 
7 1441 24 1099 1287 1298 1301 1356 
1 24 
2 1427 24 
4 310 472 465 24 
1 24 
3 310 24 1488 
1 24 
3 24 1571 28 
8 1081 1101 28 24 1212 1297 1521 1618 
6 28 48 24 310 1249 489 
1 24 
6 24 1691 1082 1135 1253 310 
7 308 532 1116 1326 1238 24 28 
4 1375 1287 1351 24 
4 1172 1266 24 1428 
4 723 1119 24 1287 
6 24 1187 1249 1358 1437 1490 
4 310 532 1571 24 
3 1670 24 1534 
4 24 1249 310 28 
10 310 1081 1517 24 1275 1109 68 329 1483 1782 
4 24 1309 1081 1797 
21 310 24 1249 1081 532 1135 1161 1204 1220 1239 1256 1294 1389 1430 1449 1453 1458 1470 1515 1723 1789 
3 310 1166 24 
5 24 1772 310 893 179 
8 1150 578 1575 24 310 532 723 1116 
10 1672 1085 1082 24 1503 1181 1081 1128 1212 1476 
5 1225 1119 24 1287 1232 
7 308 1556 24 1441 1283 1473 1781 
4 1150 24 1081 1693 
3 1714 24 1737 
5 308 28 310 24 532 
8 1734 24 28 145 339 171 238 346 
3 1754 24 1119 
2 24 270 
2 1598 24 
1 24 
3 532 24 1445 
5 1116 863 24 1486 1588 
6 24 1513 1441 1101 1423 1172 
4 1116 24 1249 1251 
6 24 1571 310 532 1203 1470 
4 24 1092 1082 1564 
11 24 1639 1085 1129 1181 1194 1297 1331 1333 1468 1706 
1 24 
1 24 
1 24 
5 532 310 1249 24 28 
2 1081 24 
5 310 1251 24 1249 405 
2 1302 24 
3 532 310 24 
5 532 24 1116 1571 1758 
6 1441 1375 1312 1609 24 1549 
5 24 1351 1208 1237 1548 
7 310 1561 532 24 1661 1081 1253 
3 1561 1693 24 
2 24 1733 
7 310 1571 24 1699 1321 532 28 
4 1081 276 28 24 
1 24 
12 1249 1396 28 1448 308 310 1303 24 1202 1523 1580 1679 
5 532 1206 1303 24 1151 
5 310 532 24 1175 308 
5 24 1082 1081 28 270 
4 1275 308 24 1217 
45 1571 1693 532 1390 1604 1321 1575 1294 1082 24 1086 1122 1126 1134 1152 1179 1221 1224 1230 1231 1247 1250 1264 1269 1319 1334 1348 1350 1359 1379 1407 1434 1446 1470 1477 1550 1551 1573 1583 1620 703 1660 1691 1692 1765 
12 1441 310 1082 1116 24 465 1312 472 474 1237 1275 1777 
4 24 1488 1161 313 
5 28 1537 1571 24 310 
3 310 24 532 
7 1423 1670 1298 1101 1172 24 1442 
3 1249 24 1187 
4 24 472 532 656 
3 1160 24 1213 
7 1350 532 1604 24 1265 1481 1641 
86 1249 1604 310 24 28 1713 1098 532 1122 482 1175 1183 1193 1202 1209 1222 1230 1250 68 1253 1264 71 1289 1293 1296 1299 1304 1305 1307 1316 1323 1324 1326 697 1334 1336 1337 1340 1343 1348 1350 1354 1359 91 1379 1383 1394 1429 1432 1434 1440 1449 1461 1470 1471 1483 1493 1502 618 1512 1536 1547 1553 1561 1564 1574 1585 1587 1595 1607 1608 1613 1634 1645 1653 1658 1664 179 1704 1711 1751 1758 1767 1769 1790 1795 
3 24 28 1419 
6 310 532 1253 1561 1179 24 
7 1082 1307 1293 1571 532 1613 24 
8 308 1116 24 1299 1321 1329 1520 1561 
6 1441 1082 1142 24 310 270 
1 24 
2 24 1152 
1 24 
4 1556 28 24 1251 
4 1338 1703 149 24 
3 24 1081 270 
4 1561 310 24 532 
8 24 1230 1305 1443 145 339 1688 346 
4 24 310 712 1571 
2 1676 24 
8 1571 1204 1449 24 28 1390 532 1261 
4 24 1599 1533 1116 
3 1119 24 1172 
2 24 1081 
3 24 1404 617 
4 1199 24 1738 1768 
3 1179 24 532 
2 310 24 
9 308 1604 24 1396 1448 532 1238 1571 1645 
6 1082 24 1081 1085 1301 1212 
1 24 
3 28 24 1530 
4 1081 308 24 1588 
3 46 1251 24 
4 24 1202 1253 1365 
8 532 1653 24 1327 1467 565 1641 556 
5 1251 310 1396 24 532 
38 308 1746 28 1249 1396 310 24 532 1114 1169 1175 1179 1202 1203 1216 1221 1239 1253 1263 1265 1282 1294 1323 1350 1481 1561 1570 1571 1595 1613 1641 1645 1723 1736 1765 1783 232 556 
2 1150 24 
4 24 1305 532 1082 
8 310 1571 1249 24 1135 532 1661 68 
5 1571 1613 310 532 24 
6 1275 1441 1235 24 1273 1548 
3 24 1116 588 
1 24 
1 24 
31 1082 24 1571 310 1604 1209 1230 1253 1293 1296 1299 1307 1316 697 1337 1343 91 1383 1391 1394 1397 837 1461 1574 1608 1664 1692 1728 1757 1765 1783 
5 532 1253 24 89 159 
1 24 
2 1287 24 
8 310 1784 1326 24 532 1350 1448 1224 
8 1466 1356 1297 1503 532 24 1670 1119 
4 1081 24 28 1082 
4 1561 1783 1116 24 
2 24 310 
1 24 
4 1314 24 544 276 
3 575 572 24 
2 1199 24 
5 1249 24 310 308 28 
5 1251 310 24 1249 91 
1 24 
5 310 1765 1179 1257 24 
2 24 310 
2 24 1215 
6 28 1396 24 310 1112 674 
2 1303 24 
5 24 1571 310 1361 1148 
5 465 24 472 469 310 
2 24 532 
2 24 1249 
9 1119 1287 24 1172 1101 1237 1214 1450 1291 
5 1396 24 1133 1142 1538 
3 1643 1237 24 
13 1109 1419 1604 1675 532 310 1179 1375 1602 24 28 1570 1147 
3 24 1448 310 
5 24 1235 1375 1250 1640 
13 1116 1346 25 24 737 984 711 276 80 275 543 887 979 
9 24 532 1448 1604 308 1238 1571 1396 1595 
2 24 1082 
1 24 
1 24 
8 1251 1371 24 532 310 1448 28 1697 
7 310 24 1152 1354 1436 1662 656 
1 24 
4 1390 24 1720 1748 
14 310 532 28 24 1321 308 1699 1571 1176 561 562 1337 1348 1602 
2 888 24 
3 24 1081 1082 
2 24 1119 
2 24 532 
10 24 1249 276 1571 28 310 532 1251 1202 236 
7 24 1396 1448 308 1116 310 28 
4 1561 24 149 532 
10 310 1239 1448 24 1249 1169 1253 1324 1550 1607 
6 1650 1396 1116 28 24 310 
4 310 24 1305 230 
4 532 24 1613 1571 
3 24 28 532 
2 24 1253 
2 310 24 
3 1249 24 1693 
4 24 310 1251 1327 
13 24 1423 1172 1211 1406 1427 1442 1466 1482 1513 1566 1618 1694 
4 763 24 1390 862 
2 24 1521 
4 310 24 276 912 
1 24 
15 532 1320 1419 24 1375 1396 1208 28 310 270 1109 1146 1353 1467 1641 
4 24 1148 1586 171 
3 1194 24 1172 
1 24 
5 28 24 1556 1249 342 
3 1714 1493 24 
3 24 578 310 
5 24 1217 1392 1172 1725 
9 1419 310 1249 24 1253 1271 1413 1424 1470 
6 727 1081 24 1148 811 893 
6 310 1315 24 28 1249 128 
6 1082 24 1208 310 1249 1396 
3 1754 24 1450 
2 24 1584 
11 310 24 542 543 276 711 28 984 820 975 656 
12 1150 1091 1191 1249 28 310 1448 24 482 1264 513 531 
8 1179 1471 1135 1561 310 24 532 1506 
4 24 1561 1613 310 
25 1208 1116 308 28 24 1312 1441 532 1114 1134 1152 1179 1221 1224 1390 1432 1470 1471 1524 1551 1561 1668 1704 1709 1765 
2 24 1670 
7 28 1448 24 310 1396 308 1116 
2 24 1081 
8 310 532 1251 1448 1649 1488 24 1371 
3 310 24 313 
5 1321 24 1117 1553 1653 
3 24 28 1719 
5 28 1182 465 24 1250 
3 532 24 28 
7 24 1223 1289 1338 1353 1368 1581 
9 1135 1571 1693 1249 24 1122 1359 1432 1471 
1 24 
8 1081 28 24 1423 1538 1128 1177 1309 
4 1249 1179 24 532 
5 276 544 24 28 1460 
8 310 1693 25 1179 313 392 276 24 
5 466 1112 310 532 24 
5 1571 1396 24 28 1116 
2 24 1081 
7 310 24 532 1139 1173 1393 1571 
4 1390 24 1525 1680 
5 1166 310 24 1422 1116 
4 310 24 1083 1343 
1 24 
2 24 1150 
4 1251 24 28 1700 
6 1652 308 24 532 73 191 
1 24 
3 1340 24 532 
5 1604 24 310 1517 532 
3 24 1413 465 
13 1287 1119 1225 1214 1450 24 1682 1081 1752 1466 1249 1754 1172 
4 310 24 1422 270 
1 24 
3 1613 310 24 
4 1199 1768 24 1738 
1 24 
2 24 310 
2 1249 24 
2 1552 24 
12 28 24 1396 1125 1202 60 1527 171 178 1746 238 388 
1 24 
6 308 24 1604 1208 1249 1396 
3 1525 532 24 
9 24 310 1199 1360 1768 1090 1227 1592 1729 
1 24 
4 556 24 558 777 
1 24 
2 1082 24 
4 1152 1470 24 755 
1 24 
3 1172 24 1101 
8 1734 24 1249 532 1294 1303 1419 1604 
4 532 24 1110 1152 
5 24 1652 1797 1309 1244 
2 1087 24 
1 24 
3 24 532 1571 
7 1423 24 1123 1237 1375 1439 1725 
5 1791 1765 1488 24 159 
7 1172 24 1111 1442 1528 1687 1725 
2 310 24 
4 28 1208 24 1411 
10 24 1315 532 1613 1791 270 1307 1293 1350 359 
6 1571 24 1143 1547 1072 1775 
3 24 903 1284 
1 24 
2 24 310 
2 310 24 
2 24 310 
1 24 
13 24 1693 1179 1561 1604 532 1613 310 1152 1257 1446 1629 1753 
2 1116 24 
6 310 1571 532 24 28 1249 
13 1199 24 1382 1419 310 1150 1191 1302 1592 192 1729 1738 1780 
10 310 1571 1179 1350 1253 24 532 1209 1296 556 
1 24 
1 24 
3 24 1081 1519 
2 24 727 
2 24 1441 
2 24 1758 
2 24 310 
2 1562 24 
5 398 24 344 276 1464 
3 24 1466 1172 
6 28 1160 1208 24 1768 308 
10 1390 465 1523 24 532 1303 1310 1207 1250 505 
4 24 232 1466 1515 
7 24 1179 532 1613 310 1604 1620 
9 1086 310 24 532 1179 1224 1247 1492 1617 
2 24 532 
1 24 
6 24 1423 1181 1081 28 1468 
4 24 1119 1287 1081 
4 310 1517 1249 24 
5 1251 24 1571 532 837 
9 24 1310 1303 1315 1417 1081 1206 1753 1757 
6 28 1441 1450 1423 1082 24 
4 1249 24 532 310 
1 24 
7 1396 1448 24 28 1315 1571 310 
11 578 723 310 1249 464 276 24 582 54 487 457 
5 24 1516 1309 1081 1748 
2 24 310 
3 1327 1460 24 
3 532 24 1275 
