1 2 
27 3 4 5 6 7 8 9 10 11 12 13 14 15 16 17 18 19 20 21 22 23 1 24 25 26 27 28 
43 29 30 31 5 32 12 13 33 34 35 36 37 4 38 39 40 41 42 43 17 44 45 46 47 19 48 21 49 50 51 52 53 54 55 56 57 2 58 59 60 24 61 28 
47 3 62 63 64 7 65 66 67 68 69 70 71 72 73 74 75 76 77 15 41 78 17 79 80 81 82 83 84 48 21 85 86 87 88 53 54 57 89 2 59 90 91 92 93 24 25 28 
42 3 2 94 7 95 96 97 72 98 99 100 34 101 102 103 104 14 105 106 107 108 109 110 111 112 18 113 114 115 116 117 118 119 85 120 121 122 58 60 25 26 28 
6 2 123 13 12 124 42 
7 2 25 4 5 125 126 127 
2 2 128 
5 129 130 131 2 60 
7 132 133 134 135 136 2 137 
6 138 139 140 141 2 142 
9 28 13 42 123 124 3 2 6 143 
7 3 33 2 144 6 12 145 
27 146 25 147 124 2 148 5 149 150 151 152 127 153 154 155 156 157 19 158 159 160 161 162 163 164 165 166 
5 167 2 4 168 127 
5 169 25 2 60 170 
12 124 2 59 171 3 4 172 130 173 105 174 128 
7 175 2 176 5 177 105 19 
50 178 179 118 180 105 181 108 182 89 183 48 146 184 185 186 187 188 189 36 190 191 192 193 28 120 194 18 25 150 60 195 196 14 197 198 158 199 200 97 3 112 2 24 201 202 203 204 205 206 207 
8 208 2 209 210 211 212 213 214 
9 190 215 216 3 4 2 146 144 217 
5 218 219 220 221 2 
24 222 223 224 225 226 2 227 228 229 230 231 232 233 234 235 236 237 238 239 240 241 242 243 244 
55 4 146 245 246 3 247 248 2 249 250 251 252 253 254 96 255 256 257 258 259 260 261 262 263 264 265 266 267 268 269 194 270 271 272 273 274 275 19 180 276 82 277 278 119 279 280 281 282 283 284 285 286 287 28 288 
135 124 289 2 130 5 4 290 291 172 292 94 251 293 294 295 7 296 297 95 150 298 299 300 301 70 302 303 304 206 305 72 306 98 307 308 309 310 311 103 312 313 314 14 315 316 317 105 318 319 320 321 322 323 324 325 326 327 328 107 329 108 232 16 330 155 331 269 332 333 334 335 156 336 112 337 338 339 340 157 341 342 343 115 19 344 169 345 346 347 348 349 84 350 351 352 50 353 354 186 355 356 193 357 358 359 161 360 361 362 363 196 364 365 366 367 368 369 56 370 371 372 373 374 375 58 376 128 60 377 378 90 207 379 181 28 
19 380 187 381 382 147 383 384 385 386 387 2 5 388 389 390 391 392 393 394 
4 147 2 395 396 
145 175 190 397 398 321 96 399 119 5 3 400 401 402 176 403 404 130 124 405 195 406 104 4 89 148 146 407 52 36 408 409 410 411 412 413 24 414 415 416 417 418 25 2 94 419 31 420 421 422 423 424 151 256 152 425 426 12 427 206 306 428 429 202 430 431 432 433 434 435 436 437 438 439 315 440 441 393 442 443 444 445 106 446 325 447 448 449 450 154 155 109 451 452 453 454 455 456 457 338 458 459 460 275 19 180 461 462 116 276 346 347 463 464 465 117 466 191 467 186 468 469 470 120 471 472 121 473 196 474 475 476 477 56 478 479 122 480 481 482 92 483 484 485 486 487 
3 488 124 3 
4 3 489 338 490 
7 491 28 412 146 492 3 493 
5 3 494 495 496 497 
8 3 498 13 499 325 155 352 376 
7 500 52 501 3 5 124 502 
50 3 503 504 505 52 381 401 506 507 508 509 510 511 512 513 514 515 516 517 518 519 520 521 522 523 524 525 526 527 528 529 530 531 532 533 534 535 536 537 538 539 540 541 542 543 544 545 546 547 548 
12 39 146 3 549 550 108 194 19 186 204 192 28 
6 551 552 148 187 3 553 
12 554 555 556 3 557 558 559 560 561 562 563 564 
9 124 3 146 565 312 36 179 329 84 
8 566 3 567 568 569 570 571 572 
2 4 3 
8 573 574 3 123 6 12 315 575 
1 3 
3 3 576 577 
5 125 48 3 578 579 
6 130 290 195 147 3 580 
15 581 582 583 584 585 586 587 588 589 590 591 3 592 593 594 
17 578 595 4 3 306 596 597 598 550 45 599 19 600 53 601 602 90 
7 551 187 603 148 3 553 210 
7 604 61 3 25 605 606 607 
9 608 609 3 610 611 612 613 614 615 
55 126 3 616 617 618 619 620 621 622 512 516 381 519 307 623 624 34 625 626 499 627 35 435 313 628 629 630 525 631 325 632 633 634 635 636 157 637 638 639 610 640 641 642 356 358 161 477 643 58 644 645 207 646 647 28 
31 648 649 650 651 652 653 654 655 656 48 657 658 659 660 661 662 663 3 664 665 4 666 667 668 669 670 671 672 673 674 675 
16 676 677 4 3 678 679 680 681 410 149 682 683 684 685 686 687 
3 688 689 3 
14 28 146 340 291 130 25 690 691 125 3 692 693 694 695 
5 4 672 696 656 3 
18 697 3 698 699 104 5 25 700 291 52 701 702 703 124 414 60 94 347 
12 704 705 4 3 706 215 707 708 17 709 85 710 
16 5 124 25 3 150 9 711 712 16 112 19 713 714 204 58 715 
39 716 717 718 719 703 3 720 721 722 723 724 725 726 727 728 729 635 730 731 732 733 734 735 114 736 737 738 739 740 50 741 742 743 744 745 746 747 748 749 
31 4 750 751 752 753 754 755 756 757 758 63 759 66 760 761 762 763 764 765 766 767 80 768 769 770 771 772 773 774 775 776 
61 4 448 777 778 779 65 780 781 782 783 784 785 786 787 788 789 790 791 792 793 794 795 796 797 62 798 799 800 801 802 803 804 805 806 807 808 809 810 811 812 813 814 815 816 817 187 818 819 820 821 822 823 824 825 826 827 828 764 829 830 831 
9 494 4 832 833 71 834 835 836 837 
25 4 753 126 74 494 124 838 839 840 63 841 842 843 844 845 846 847 848 849 850 207 851 852 853 854 
16 755 83 855 856 4 62 857 858 437 859 860 861 862 863 864 472 
18 397 146 587 865 866 867 868 417 685 869 4 190 83 870 187 202 871 872 
8 873 641 4 855 874 698 875 876 
8 877 878 879 880 361 881 4 882 
20 883 884 885 25 886 887 4 124 888 889 890 891 155 892 893 894 895 896 897 898 
4 64 494 4 83 
23 899 25 172 900 4 901 5 146 902 903 904 305 905 906 907 908 909 910 911 912 913 914 915 
6 4 916 917 175 176 918 
4 168 124 4 65 
6 919 4 494 753 920 126 
9 921 922 4 923 813 924 925 926 927 
2 4 928 
5 929 405 415 4 578 
9 930 559 4 931 932 933 934 738 935 
13 936 755 62 855 702 761 685 4 83 856 937 938 939 
11 4 940 666 941 942 943 944 945 946 947 948 
25 215 949 950 4 617 753 951 952 24 953 866 954 955 956 257 957 763 835 958 959 960 961 962 963 964 
23 965 703 4 966 967 968 753 969 950 970 971 66 67 71 587 972 973 974 80 975 976 977 978 
5 39 25 4 950 979 
17 5 4 980 289 130 171 172 173 59 190 981 124 765 982 983 602 984 
38 985 986 987 4 988 989 990 991 992 993 994 995 996 997 998 999 1000 1001 866 1002 971 1003 1004 1005 1006 1007 1008 1009 1010 1011 1012 862 1013 1014 1015 1016 1017 1018 
1 4 
27 1019 1020 1021 1022 1023 1024 1025 1026 1027 1028 1029 1030 1031 1032 813 1033 1034 1035 1036 1037 1038 1039 1040 1041 1042 1043 4 
23 410 681 4 678 677 1044 679 680 424 1045 1046 428 435 445 19 1047 1048 1049 1050 1051 1052 28 487 
5 130 25 4 48 306 
20 1053 1054 1055 1056 1057 1058 1059 1060 1061 4 1062 1063 1064 1065 1066 1067 1068 1069 1070 1071 
10 1072 1073 1074 28 148 249 1075 146 4 1076 
3 4 126 1077 
11 407 28 124 5 58 25 146 104 857 890 1078 
6 25 291 195 5 374 293 
33 409 1079 24 418 5 1080 405 1081 1082 423 254 424 152 1083 1084 1085 106 1086 1087 449 1088 269 270 273 1089 275 276 191 120 196 1090 485 28 
24 148 130 1091 110 1079 407 5 124 146 697 1092 1088 269 194 455 273 19 180 1093 160 471 1090 485 487 
6 25 5 190 407 152 1094 
1 5 
9 5 1095 919 703 1096 1097 1098 1099 354 
6 1100 1101 1102 1103 5 1104 
3 1105 5 1106 
15 1107 1108 1109 1110 1111 130 1112 25 5 1113 291 303 304 338 207 
6 124 5 94 58 1114 28 
11 25 17 108 18 195 5 147 19 180 174 1115 
10 291 1116 120 409 28 96 183 5 1117 1118 
2 5 25 
9 36 5 148 147 25 105 455 19 174 
8 5 28 414 148 424 1119 1120 174 
21 5 1121 97 1045 1122 1123 1124 428 435 317 1125 155 1126 157 1127 278 1128 1129 161 852 484 
10 1130 5 1131 1132 1133 1134 1135 146 1136 1137 
17 5 25 172 130 1138 60 840 303 304 435 127 1139 157 19 363 850 207 
14 1077 1134 1140 1133 399 1135 5 1130 1141 1142 1143 1144 579 1145 
6 124 61 192 5 130 1091 
5 5 25 417 146 1146 
9 190 28 351 147 5 169 1147 1148 1149 
8 124 1150 1151 28 184 1152 5 1153 
12 700 5 1154 417 1155 966 1156 249 1157 19 1158 186 
20 415 24 1079 405 317 5 1080 175 176 424 152 263 1086 449 191 1159 1160 1114 485 28 
6 28 291 96 5 106 19 
10 5 28 729 1161 765 187 1140 1162 1163 1164 
8 5 146 124 1165 1152 28 1166 1167 
4 6 12 42 155 
42 94 29 6 65 1168 70 302 97 130 175 12 692 34 938 291 312 104 14 1169 317 1170 74 39 17 114 1171 117 174 85 357 290 384 1172 365 122 58 1173 60 1174 1175 25 28 
25 295 7 693 130 1123 549 307 1176 623 308 499 291 313 1125 323 329 45 1177 1178 1179 56 1180 373 375 1181 
34 1182 1183 7 65 1184 692 1185 1186 843 75 495 1187 1188 846 1189 1190 1191 1192 1193 1194 1195 1196 1197 355 1198 52 1199 1200 1201 1202 93 1203 851 1204 
19 112 1205 184 15 321 1206 729 1207 1208 169 14 7 318 306 1209 1210 1211 375 162 
6 1212 1213 8 17 25 1214 
68 1215 1216 1217 1218 1219 1220 1221 1222 1223 1224 1225 1226 1227 1228 1229 9 1230 1231 1122 1232 1233 1234 1235 1236 1237 1238 1239 1240 1241 1242 1243 1244 1245 1246 1247 1248 1249 1250 1251 1252 1253 1254 1255 1126 1256 1257 1258 1259 1260 1261 1262 1263 359 1264 363 1265 1266 1267 1268 1269 377 1270 1271 1272 1273 379 1274 1275 
41 1276 124 125 171 920 1138 1277 9 1278 97 1279 291 1280 1083 103 729 155 1281 1282 17 455 46 112 1283 340 114 1284 1285 85 471 196 56 399 480 481 1174 90 207 25 484 28 
16 1286 9 1287 1288 1289 1290 1291 1292 1293 1294 1295 1296 1297 1298 1299 1300 
3 10 1301 1302 
13 754 1303 10 1304 1305 1306 1307 1308 1309 1310 1311 1312 1313 
3 10 1314 1315 
9 1316 1317 1318 1319 10 1320 1321 1322 1323 
1 10 
11 1324 1325 1326 10 1327 1328 1329 1330 1318 1331 1332 
147 1333 1334 139 1335 1336 1337 1338 1339 1340 1341 1342 1343 1344 1345 1346 1347 1348 1349 1350 1351 1352 1353 1354 1355 1356 1357 1358 1359 1360 1361 1362 1363 1364 1365 1366 1367 11 1368 1369 1370 1371 1372 1373 1374 1375 1376 1377 1378 1379 1380 1381 1382 1383 1384 1385 1386 1387 1388 1389 1390 1391 1392 1393 1394 1395 1396 1397 1398 1399 1400 1401 1402 1403 1404 1405 1406 1407 1408 1409 1410 1411 1412 1413 1414 1415 1416 1417 1418 1419 1420 1421 1422 1423 1424 1425 1426 1427 1428 1429 1430 1431 1432 1433 1434 1435 1436 1437 1438 1439 1440 1441 1442 1443 1444 1445 1446 1447 1448 1449 1450 1451 1452 1453 1454 1455 1456 1457 1458 1459 1460 1461 1462 1463 1464 1465 1466 1467 1468 1469 1470 1471 1472 1473 1474 1475 1476 1477 
91 1478 1479 1480 1481 1482 1483 997 1484 1485 1486 1487 1488 1489 141 1490 1491 1492 1493 971 1001 1494 1495 1343 1496 1497 1498 1499 1500 1501 1502 1359 1503 1504 1505 11 1506 1507 1508 1509 1510 1511 1512 1513 1514 1515 1516 1517 1518 1011 1519 1520 1521 1522 1523 1524 1525 1526 1527 1402 1528 1529 1530 1531 1532 1533 1534 1419 1535 1536 1537 1538 1539 1540 1541 1542 1543 1544 1015 1545 1546 1547 1548 1549 1550 1551 1552 1553 1554 1470 1555 138 
17 246 1336 1556 1557 1558 11 1368 1559 1512 1009 1560 1561 142 1562 1563 1018 1564 
23 1565 1566 1343 1567 1505 11 1371 139 1389 1338 1568 1569 1570 1571 1572 1573 1574 1575 1539 1576 1577 1578 1549 
5 1579 11 140 1079 1580 
1 12 
527 1581 1582 1583 1584 1585 507 1586 1587 1588 1589 1590 1591 1592 1593 1594 1595 1596 1597 1598 1599 1600 1601 1602 1603 1604 1605 1606 1607 1608 1609 1610 1611 1612 1558 1613 1614 1615 1616 1617 1618 1619 1620 1621 1622 1623 1624 1625 1626 1627 1628 1629 1630 1631 1632 1633 1634 1635 1636 1637 512 1638 1639 1640 1641 1642 1643 1644 1645 1646 1647 1648 1649 1650 1651 1652 1653 1654 1655 1656 1657 1658 1659 1660 1661 1662 1663 1664 1665 1666 1667 1668 516 1669 1670 1671 1672 1673 1674 1675 1676 1677 1678 1679 1680 1681 1682 1683 1684 13 1685 1686 1687 1688 1689 1690 1691 1692 1693 1694 1695 1696 1697 1698 1699 1700 1701 1702 1703 1704 1705 1706 1707 1708 1709 1710 1711 1712 1713 1714 1715 1716 1717 1718 1719 1720 1721 1722 1723 1724 1725 1726 1727 1728 1729 1730 1731 1732 1733 1734 1735 1736 1737 1738 1739 217 1740 1741 1742 1743 1744 1745 1746 1747 1748 1749 1750 1751 1752 1753 1754 1755 1756 1757 1758 1759 1760 1761 1762 1763 1764 1765 1766 1767 1768 1769 1770 1771 1772 1773 1774 1775 1776 1777 1778 1779 1780 1781 1782 1783 1784 1785 1786 1787 1788 1789 1790 1791 1792 1793 1794 1795 1796 1797 1798 1799 1800 1801 1802 1803 1804 1805 1806 1807 1808 1809 1810 1811 1812 1813 1814 1815 1816 633 1817 1818 1819 1820 1821 1822 1823 1824 1825 1826 1827 1828 1829 1830 1831 1832 1833 1834 1835 1836 1837 1838 1839 1840 1841 1842 1843 1844 1845 1846 1847 1848 1849 1850 1851 1852 1853 1854 1855 1856 1857 1858 1859 1860 1861 1862 1863 1864 1865 1866 1867 1868 1869 1870 1871 1872 1873 1874 1875 1876 1877 1878 1879 1880 1881 1882 1883 1884 1885 1886 1887 1888 1889 1890 1891 1892 784 1893 1894 1895 1896 1897 1898 1899 1900 1901 1902 1903 1904 1905 1906 1907 1908 1909 1910 1911 1912 21 1913 1914 1915 1916 1917 1918 1919 1920 1921 1922 1923 1924 1925 1926 1927 1928 1929 1930 1931 1932 1933 1934 1935 1936 1937 1938 1939 1940 1941 1942 1943 1944 1945 1946 1947 1948 1949 1950 1951 1952 1953 1954 1955 1956 1957 1958 1959 1960 1961 362 1962 1963 240 1964 1965 1966 1967 1968 1969 1970 1971 366 1972 1973 1974 1975 1976 1977 1978 1979 1980 1981 772 1982 1983 1984 1985 1986 1987 1988 1989 1990 1991 1992 1993 1994 1995 1996 1997 1998 1999 2000 2001 2002 2003 2004 2005 2006 2007 2008 2009 2010 2011 2012 2013 2014 2015 2016 2017 2018 2019 2020 2021 2022 2023 2024 2025 2026 2027 2028 2029 2030 2031 2032 2033 2034 2035 2036 2037 2038 2039 2040 2041 2042 2043 2044 2045 2046 2047 2048 2049 2050 2051 2052 2053 2054 2055 2056 2057 2058 2059 2060 2061 1111 2062 2063 2064 2065 2066 2067 2068 2069 2070 2071 2072 2073 2074 2075 2076 2077 2078 2079 2080 2081 2082 2083 2084 2085 2086 2087 2088 2089 2090 2091 2092 2093 
6 13 2094 184 2095 2096 2097 
54 94 2098 31 2099 2100 2101 2102 67 255 97 72 428 198 36 14 2103 179 1140 201 39 2104 329 154 155 860 111 685 1283 275 115 19 180 2105 21 1129 2106 473 196 369 56 1090 122 187 1200 164 283 92 2107 24 2108 2109 28 2110 2111 
49 292 2112 149 150 2113 306 307 428 2114 310 2115 313 314 14 105 318 179 2116 329 108 2117 332 455 46 338 339 2118 2119 380 343 116 345 463 2120 353 2121 193 161 2122 368 371 2123 375 2124 2125 2126 2127 26 27 
23 2128 97 1122 310 2129 435 14 37 2130 108 2117 155 109 334 1126 2131 49 687 192 165 92 2132 28 
4 147 678 14 54 
5 14 25 60 147 19 
3 182 28 14 
14 254 2133 2134 449 96 1076 2135 269 14 485 98 28 119 317 
8 2136 196 1131 158 14 2137 2138 1781 
11 182 28 2139 146 2140 184 2141 14 2142 334 163 
16 110 130 28 70 25 186 148 14 33 146 195 484 180 123 485 2143 
6 14 25 2144 296 298 161 
9 291 14 52 110 25 112 303 2145 207 
10 196 14 305 153 2146 19 2147 284 287 288 
3 2148 2149 14 
3 97 14 196 
9 590 110 2150 147 381 156 52 14 25 
4 14 127 2151 1208 
3 14 1116 154 
25 2152 2153 2154 2155 2156 2157 2158 14 2159 2160 2161 2162 2163 2164 1337 2165 1482 2166 2167 2168 2169 2170 146 511 2171 
2 148 14 
4 2172 14 290 2173 
6 942 597 15 2174 480 2175 
8 2176 74 2177 15 2178 2179 2180 2181 
11 25 2182 127 16 338 1210 2183 116 2184 2185 181 
25 679 1132 1138 2186 2187 2188 2189 2190 942 2191 1235 683 436 2192 2193 2194 2195 2196 2197 327 2198 16 2199 2200 1272 
4 130 17 85 1136 
6 302 72 17 112 85 25 
6 220 17 340 85 412 373 
8 17 196 109 291 182 105 108 124 
22 289 176 124 1276 183 549 428 73 317 272 18 273 275 1033 119 356 193 576 577 409 28 2110 
14 1628 175 549 1711 73 18 273 1872 1033 2149 119 409 402 28 
1 18 
1 19 
5 146 195 39 147 19 
12 28 1791 195 194 105 24 201 146 97 2103 155 19 
7 25 169 1248 19 1210 191 356 
10 291 1283 184 293 151 1711 154 19 174 196 
8 402 2149 175 405 413 106 266 19 
15 1131 1283 293 427 206 890 127 154 182 455 19 117 196 145 375 
1 19 
12 204 36 417 192 810 28 318 118 25 1157 155 19 
21 215 146 810 813 63 2100 67 202 37 765 19 49 466 770 470 121 602 984 192 1580 26 
1 19 
1 19 
20 502 67 98 1119 263 203 1120 455 2140 19 116 21 354 85 1159 471 196 409 2109 28 
17 28 96 181 435 196 193 275 119 410 549 404 1889 2142 322 1307 19 1115 
10 417 187 36 148 2100 269 2140 114 19 186 
12 175 147 2149 405 402 25 1082 424 338 19 2151 191 
9 97 1091 409 36 407 24 418 19 180 
15 293 95 436 105 2103 179 1088 155 269 46 19 180 1171 1090 28 
26 190 146 28 130 184 291 1131 182 283 25 856 96 424 306 153 2146 449 455 19 158 191 174 160 478 287 485 
1 19 
5 146 417 203 2140 19 
3 19 770 2132 
2 323 19 
3 146 19 180 
8 810 187 1037 28 813 67 232 19 
3 198 190 19 
4 36 60 19 186 
1 19 
9 184 879 435 2110 28 1075 1074 25 19 
20 641 304 103 1201 25 65 323 303 481 130 112 52 19 435 428 278 785 157 617 325 
1 20 
4 1952 1656 20 1908 
4 965 20 49 812 
1 20 
3 1656 1687 20 
2 866 20 
2 1952 20 
18 707 709 704 928 866 1168 1682 728 1116 835 82 404 21 908 954 187 59 1175 
2 1702 21 
2 144 21 
1 22 
2 1256 22 
4 173 343 22 1149 
5 1074 688 1191 345 22 
2 554 23 
1 23 
4 1724 237 239 23 
13 226 1603 227 1665 1733 229 230 234 238 1917 242 23 244 
32 1558 1624 1631 227 1648 1655 1368 1684 1724 1729 1762 225 234 236 599 237 1874 1878 1886 1424 1913 239 1431 1946 1975 241 1987 242 23 1451 2012 1459 
5 23 226 234 225 242 
1 23 
2 225 23 
4 225 23 662 236 
1 23 
3 25 23 202 
1 23 
8 226 1887 225 1431 23 227 1424 242 
1 23 
4 23 226 230 662 
5 226 224 23 242 244 
5 856 23 225 410 241 
3 224 23 226 
6 23 1563 144 1603 1358 2093 
4 238 226 662 23 
7 226 1603 23 234 237 225 227 
1 23 
3 23 225 237 
2 262 24 
13 1004 1557 1558 140 798 1559 262 1561 662 652 789 24 2070 
5 254 262 278 283 24 
2 283 24 
9 488 700 1123 262 2104 2096 118 92 24 
6 1156 405 267 24 413 1080 
2 24 25 
9 404 681 590 685 24 286 413 424 485 
1 24 
5 247 24 96 413 152 
2 146 24 
3 24 28 2105 
2 24 82 
1 24 
1 24 
2 24 268 
7 409 405 879 24 872 1628 444 
7 246 247 405 24 245 413 249 
5 24 119 418 190 1160 
1 24 
2 1147 24 
2 24 183 
6 405 24 413 1080 250 1840 
7 2149 1054 404 590 24 260 282 
14 453 192 1080 409 413 97 24 195 418 25 96 1121 424 152 
11 409 405 402 704 404 413 1089 96 24 879 1891 
3 336 24 889 
3 24 617 175 
10 409 402 405 96 283 97 24 175 176 549 
2 685 24 
20 24 146 175 415 405 1091 28 404 96 1082 424 433 1092 1086 276 191 471 473 1090 485 
8 424 28 345 24 96 286 485 275 
3 868 24 1154 
16 388 856 361 110 494 247 1080 880 405 24 413 409 303 1811 1893 207 
2 1563 24 
3 889 405 24 
2 409 24 
7 404 1054 268 590 2149 24 2101 
10 24 413 248 247 405 146 1081 273 1900 196 
4 158 872 24 288 
4 409 405 24 1082 
7 24 409 404 252 2105 276 1893 
9 24 1080 409 158 2137 196 402 405 2146 
4 872 24 158 284 
6 175 692 85 290 373 25 
17 124 289 2113 305 1123 1125 325 335 46 344 348 2120 355 1051 1136 25 166 
22 697 130 124 125 95 692 1123 1083 103 1170 106 325 182 157 174 357 120 196 366 56 58 25 
2 147 25 
7 184 1131 25 182 195 95 490 
1 25 
7 1583 680 1134 681 125 1132 25 
3 156 25 298 
1 25 
3 25 296 156 
3 25 878 361 
3 403 25 406 
1 25 
7 885 409 172 886 25 124 412 
11 304 278 103 785 25 1201 157 325 435 112 207 
8 325 435 103 25 112 1201 303 207 
5 2117 25 72 158 290 
11 398 28 196 147 25 1116 127 719 48 90 335 
8 147 25 401 620 125 52 890 313 
3 125 25 360 
2 321 25 
3 148 25 147 
1 25 
5 25 124 39 655 379 
6 401 52 125 307 25 147 
2 147 25 
4 42 28 25 451 
2 519 25 
15 916 1079 407 25 415 110 175 402 405 124 152 1085 1087 119 485 
12 147 25 2112 430 432 439 127 2116 451 332 186 1115 
2 25 2122 
1 25 
9 1317 25 309 127 2116 327 684 1089 28 
2 25 191 
5 494 125 25 200 207 
4 25 1053 1056 1054 
9 33 291 290 28 52 25 303 304 207 
1 25 
3 170 25 321 
2 519 25 
9 39 25 418 125 408 146 147 712 852 
4 707 494 25 756 
2 405 25 
3 147 25 318 
4 752 25 980 950 
4 25 148 154 2129 
3 25 290 306 
3 920 25 271 
1 25 
9 193 28 169 25 374 30 147 1116 103 
4 348 368 25 147 
9 691 348 25 130 173 412 694 56 1200 
1 25 
1 25 
3 147 25 220 
2 25 290 
5 147 221 25 1080 276 
3 2140 28 25 
5 549 58 400 28 25 
5 25 290 691 339 340 
2 25 919 
1 25 
5 619 25 2182 116 852 
2 33 25 
3 25 147 411 
3 25 190 100 
3 25 290 126 
5 497 175 25 52 181 
4 682 25 291 124 
5 52 25 655 1407 662 
8 1226 25 1132 942 129 1138 677 410 
3 25 364 308 
14 25 617 903 299 1029 69 1561 882 278 880 479 1200 1203 852 
3 144 25 453 
4 1132 25 129 112 
3 1135 25 360 
4 124 885 886 25 
3 291 25 144 
1 25 
4 25 147 408 339 
2 25 146 
2 25 1317 
3 147 2114 25 
1 25 
6 1277 125 173 1116 289 25 
3 25 95 338 
6 147 890 25 127 125 184 
2 25 33 
3 25 1132 129 
1 25 
3 25 129 312 
4 383 386 147 26 
30 508 504 52 559 813 620 507 401 512 515 516 518 519 1700 624 625 35 525 635 610 641 534 161 477 643 545 645 26 547 548 
1 26 
3 1806 380 26 
3 753 124 26 
3 769 773 26 
3 396 380 26 
2 395 26 
4 435 278 952 26 
1 26 
1 26 
1 26 
1 26 
2 26 28 
1 26 
2 387 27 
2 386 27 
4 699 67 1114 28 
17 1595 722 306 1238 1208 1244 728 2117 1116 1251 459 2122 1265 1266 744 28 1275 
6 130 559 703 113 852 28 
3 347 467 28 
12 750 381 512 518 307 625 35 521 313 522 610 28 
17 574 176 697 183 1628 1711 317 270 273 1033 404 1900 2149 193 1115 287 28 
3 300 428 28 
34 704 1054 405 1080 929 402 2149 215 879 252 1081 1082 1628 424 428 1711 857 1720 437 268 270 1089 1872 275 2151 1893 872 191 472 282 1115 286 485 28 
37 250 183 1628 96 549 1711 857 261 262 317 267 1561 78 331 929 270 456 273 1872 275 2151 404 1900 465 278 2149 119 193 468 1159 280 283 482 285 1115 287 28 
4 300 440 1149 28 
7 94 97 98 317 194 484 28 
14 2112 722 499 726 631 329 845 738 368 744 2123 2127 28 2134 
28 176 916 1033 175 190 1081 96 302 1711 261 1084 106 1086 1088 1116 269 194 270 273 1089 278 281 1090 285 286 287 485 28 
21 424 1122 1046 428 2137 2195 1243 1248 1126 686 1047 238 191 359 54 89 1049 489 1044 485 28 
4 860 1307 353 28 
8 173 31 302 435 340 1129 471 28 
14 250 183 252 254 549 262 267 269 270 1080 2151 278 283 28 
5 2104 109 2094 58 28 
7 1083 317 78 275 119 1090 28 
1 28 
12 810 67 198 811 1157 2140 115 118 186 473 192 28 
6 96 263 329 269 194 28 
1 28 
3 856 1113 28 
1 28 
1 28 
3 28 96 1079 
17 196 252 89 404 435 109 275 410 549 96 481 28 269 119 193 1052 276 
2 753 28 
2 28 1243 
3 28 2137 184 
12 175 146 110 435 403 549 28 89 147 404 410 207 
1 28 
4 458 549 318 28 
3 28 633 642 
4 318 458 28 549 
2 275 28 
1 28 
29 1132 148 388 28 112 617 1113 110 52 412 1079 89 1277 424 303 304 206 1123 428 623 449 1094 466 191 1049 480 481 207 485 
6 195 170 942 1215 28 478 
3 28 66 404 
3 1132 1176 28 
3 590 28 318 
5 1062 28 406 879 1064 
1 28 
1 28 
1 28 
2 261 28 
3 89 28 1044 
2 447 28 
6 28 1019 1190 2172 446 459 
14 756 28 755 752 805 1133 63 759 763 461 641 769 643 645 
6 435 119 196 28 96 152 
1 28 
5 28 318 549 458 315 
1 28 
4 28 269 2105 362 
1 28 
8 190 196 130 147 97 108 184 28 
5 405 28 549 1131 468 
1 28 
5 28 549 430 432 451 
6 474 398 447 28 2137 1718 
1 28 
5 756 755 448 751 28 
1 28 
2 28 147 
2 2119 28 
4 549 28 1131 405 
3 435 187 28 
2 400 28 
6 405 549 28 859 1131 456 
2 28 1215 
3 28 187 813 
8 2148 97 502 130 412 28 190 275 
3 404 28 66 
4 146 417 28 275 
3 28 2137 459 
2 784 28 
2 590 28 
10 702 698 2052 52 637 381 28 703 750 1203 
4 28 436 942 196 
6 28 878 949 361 951 1320 
5 435 130 167 1248 28 
6 28 130 435 424 207 485 
4 405 28 1131 549 
1 28 
5 407 110 130 28 155 
19 96 410 252 97 275 404 481 28 435 196 409 549 119 1052 317 152 155 1307 276 
3 28 1582 779 
4 28 97 1132 89 
2 249 29 
4 1131 410 30 684 
2 30 293 
3 653 492 31 
2 31 491 
1 31 
18 64 65 32 71 842 843 628 75 495 323 330 1190 638 278 1201 1202 851 1204 
6 494 1202 497 621 126 32 
1 32 
8 617 1278 32 842 495 845 356 1051 
1 33 
5 408 622 125 52 33 
1 34 
3 34 561 563 
4 34 190 2104 471 
7 511 505 35 634 638 880 952 
8 510 515 381 517 625 35 525 540 
2 503 35 
3 35 662 534 
11 144 381 2052 1645 518 519 35 633 642 534 1996 
6 512 516 381 517 35 525 
2 35 753 
2 35 504 
4 164 35 503 525 
16 923 508 702 144 381 620 625 813 525 627 52 610 698 35 401 2134 
3 1044 952 35 
3 581 535 35 
8 1128 813 753 504 35 587 381 518 
10 923 625 508 52 627 144 381 35 610 518 
4 504 508 35 952 
7 516 401 610 35 381 507 515 
7 35 381 507 52 316 328 544 
3 35 587 926 
5 35 401 620 540 522 
5 620 401 35 521 540 
2 35 543 
2 543 35 
15 504 627 587 381 508 35 617 52 981 511 512 540 543 544 2132 
1 35 
1 35 
2 587 35 
5 662 35 671 1562 539 
2 35 533 
1 35 
2 546 35 
2 530 35 
5 506 381 507 35 536 
2 35 514 
2 35 534 
1 35 
6 587 581 661 665 951 35 
3 529 35 674 
5 525 35 522 504 521 
1 35 
1 35 
4 35 525 523 524 
3 519 35 525 
2 35 381 
4 1561 35 617 532 
3 35 794 381 
2 381 35 
33 36 405 1080 125 413 916 918 176 175 1081 424 428 1711 857 430 432 451 456 1177 273 1089 458 2151 347 1893 465 191 1925 468 1180 482 1115 485 
3 36 777 48 
3 37 49 962 
5 553 1387 1169 37 982 
8 552 841 37 1157 49 770 602 850 
13 222 807 1333 1603 1655 1368 1684 1378 38 1404 1336 1917 1431 
1 38 
4 989 38 999 1419 
13 1557 1286 1670 1732 1290 811 583 38 1529 1862 585 927 1299 
3 992 38 1572 
8 381 1098 38 1096 1281 79 876 399 
1 38 
2 501 38 
1 38 
2 501 38 
1 38 
1 39 
1 40 
1 40 
1 40 
2 571 40 
1 40 
2 569 40 
1 40 
2 574 42 
6 42 573 1950 2003 402 927 
1 42 
3 44 577 175 
3 44 175 576 
5 597 78 45 2151 48 
2 45 113 
1 46 
7 587 514 47 585 538 926 977 
2 671 47 
5 557 587 813 47 585 
1 47 
5 972 581 557 583 47 
5 653 879 777 811 47 
21 866 813 952 949 951 954 753 83 759 67 515 581 520 583 525 528 636 47 925 538 977 
1 47 
1 47 
42 1346 252 1358 1364 1504 1369 1370 1372 614 1376 1512 1513 1387 439 1011 268 1569 1527 1402 1404 1531 47 1419 1093 1423 872 1425 1575 1428 161 1444 476 282 2028 1457 1461 1463 1464 1017 1551 1470 1476 
3 791 752 47 
2 47 968 
1 47 
1 47 
3 1122 1126 48 
1 48 
3 578 48 167 
2 48 602 
2 226 48 
1 48 
1 48 
6 48 553 85 187 982 598 
2 49 770 
2 50 746 
3 1311 50 951 
2 794 50 
4 829 794 50 797 
3 722 51 744 
1 51 
15 617 620 401 381 702 52 512 516 1123 518 623 632 51 1128 1580 
1 51 
2 51 754 
2 51 1651 
3 590 51 1909 
2 641 51 
1 52 
15 878 627 435 525 497 845 272 82 610 52 361 772 1200 546 207 
3 1328 1700 52 
3 1700 351 52 
9 750 966 512 381 307 521 522 610 52 
5 753 495 52 756 1202 
2 499 52 
6 610 435 125 52 1580 1027 
3 381 52 926 
7 52 381 401 504 512 516 633 
3 1169 52 630 
5 52 617 512 516 525 
7 494 52 1061 1065 688 908 911 
4 1037 52 813 901 
2 626 52 
3 778 408 52 
5 52 636 610 641 1580 
5 52 507 625 144 431 
6 951 949 1031 52 503 638 
3 61 52 381 
4 587 52 632 1580 
8 698 52 936 702 966 703 477 2134 
4 494 503 52 634 
1 52 
1 52 
9 52 448 756 381 68 632 645 207 615 
3 431 507 52 
4 448 52 381 756 
1 52 
5 381 448 641 756 52 
1 52 
3 52 878 880 
2 664 53 
3 1609 662 53 
1 53 
4 654 664 53 659 
5 246 1658 653 1917 53 
12 1557 1558 1501 586 1162 670 813 652 53 665 2063 491 
6 651 1004 53 659 673 655 
7 654 312 662 1562 358 53 659 
2 53 57 
1 53 
1 53 
7 669 651 673 655 654 662 53 
2 696 53 
16 789 952 1558 1162 671 1561 662 1968 53 538 926 665 1452 915 1078 1564 
20 789 506 655 661 665 671 659 246 673 670 649 1510 230 529 236 1874 1562 358 53 241 
1 53 
4 648 651 667 53 
12 813 954 661 653 756 1162 671 662 53 538 926 1564 
5 2178 941 81 53 2181 
3 664 53 1564 
1 53 
3 53 659 673 
6 653 1558 1561 662 1808 53 
8 665 582 661 662 529 53 977 1564 
2 53 57 
5 669 654 662 53 659 
2 53 539 
2 879 53 
2 681 54 
9 2172 1590 2200 1047 359 54 89 680 1044 
8 149 682 684 685 54 89 1133 2107 
10 1228 1122 1726 1170 1131 170 1126 54 89 1274 
10 2172 677 1590 295 1302 1131 1255 54 89 1044 
16 885 252 833 295 683 1170 1131 1439 2147 54 676 837 89 1138 911 1274 
6 678 54 1170 2194 684 357 
7 1138 1132 681 54 1135 170 1176 
6 682 321 489 54 678 1255 
11 54 146 678 252 67 762 1140 1126 274 80 2111 
8 1131 54 410 1135 1044 1046 1133 1047 
2 54 148 
7 628 221 839 903 2183 55 909 
1 55 
2 692 56 
8 693 692 340 348 695 1129 56 1200 
11 126 289 291 690 691 124 693 2182 695 56 1200 
4 692 125 691 56 
4 340 699 878 56 
3 56 692 691 
2 660 57 
11 97 291 1730 1767 1833 785 1285 1579 402 58 2090 
10 703 966 967 512 68 702 637 477 58 701 
10 966 703 694 1645 878 1178 1129 397 58 852 
8 1154 1156 1165 249 2100 2104 118 58 
5 698 703 966 702 58 
11 698 966 703 1168 512 637 80 610 477 58 701 
20 1168 1645 1186 100 967 698 920 702 1099 974 637 83 699 477 399 58 1175 701 61 2134 
7 215 1116 270 709 1089 404 59 
1 59 
3 754 1959 59 
3 215 330 59 
2 954 59 
3 59 215 704 
2 941 59 
1 60 
2 329 60 
1 60 
1 60 
1 60 
1 61 
1 61 
2 2174 61 
7 754 1118 306 728 2177 1116 61 
3 729 61 747 
3 1161 736 61 
8 608 1132 1161 2049 61 408 398 729 
5 61 729 1161 733 749 
1 61 
1 61 
3 61 1096 408 
4 1597 61 739 747 
5 719 61 398 215 1116 
14 130 722 1107 1597 1161 61 720 723 127 733 121 744 747 749 
3 732 61 742 
2 61 737 
2 61 730 
4 1161 61 729 723 
1 61 
1 61 
2 61 721 
2 61 731 
4 61 1096 79 408 
2 61 727 
1 61 
3 1787 744 61 
2 61 730 
1 61 
8 61 1132 729 608 408 398 2049 741 
2 61 748 
4 779 604 61 786 
4 720 727 729 61 
2 745 61 
5 729 1107 723 1161 61 
4 620 62 401 477 
15 62 759 1113 1689 1740 1775 818 1105 461 1910 1929 1950 756 2033 2088 
6 62 448 765 333 805 591 
14 509 62 65 425 515 1083 587 75 1190 82 83 621 384 1202 
15 62 1077 612 2101 1122 1302 2176 706 2177 719 1126 767 133 2181 2108 
9 62 759 66 1764 448 764 80 461 784 
18 621 751 757 62 760 761 448 330 766 951 461 641 960 772 773 665 643 645 
3 756 62 772 
4 1156 62 784 774 
5 62 755 448 587 751 
5 954 756 62 949 951 
7 62 2098 756 762 1241 80 771 
4 761 952 62 685 
4 82 448 805 62 
6 755 829 794 805 63 62 
6 187 982 85 62 752 121 
4 1154 805 756 62 
2 62 754 
1 62 
3 385 62 448 
5 187 553 199 62 603 
2 761 62 
8 1105 144 756 2049 62 757 617 1190 
3 756 62 385 
3 62 784 758 
2 62 1696 
1 62 
9 63 815 827 586 1736 811 550 823 799 
3 63 631 799 
4 794 63 746 486 
1 63 
7 792 63 782 793 783 790 828 
7 63 827 781 803 823 793 783 
8 782 793 63 794 803 790 781 823 
13 144 1156 755 758 63 1698 1848 799 475 774 2007 2070 2088 
13 697 1600 63 303 1680 1727 1868 1901 799 2031 207 2064 2070 
2 63 746 
2 63 793 
3 63 823 793 
11 246 1557 63 1558 1501 1762 662 1813 1832 2063 661 
8 792 63 827 828 781 823 799 783 
2 63 591 
3 63 781 790 
16 821 868 782 806 808 794 788 787 801 63 827 781 823 799 783 800 
17 63 824 827 606 828 779 764 607 823 793 799 1180 814 783 809 806 547 
5 1582 63 1184 818 1858 
17 816 819 63 1657 843 1749 1788 846 1190 1105 1832 1890 1901 1907 799 2013 2070 
2 63 607 
8 246 1557 63 1616 1501 1654 1813 1909 
12 790 796 778 823 811 793 63 784 785 777 821 794 
4 803 793 63 827 
2 63 793 
6 807 1582 819 816 63 827 
5 782 63 823 783 800 
1 63 
6 752 63 448 763 764 766 
4 794 63 793 814 
11 63 1749 554 818 813 1950 802 1991 819 2022 2032 
2 63 793 
2 794 63 
8 63 202 1157 417 813 982 186 187 
6 557 777 417 63 586 799 
2 210 63 
21 921 810 807 653 63 512 515 381 202 587 583 629 76 982 1294 470 88 665 187 927 814 
4 806 813 794 63 
6 868 2022 777 1154 63 827 
5 63 1675 796 823 802 
1 63 
9 795 807 1582 819 751 63 1864 849 2055 
11 807 63 1623 796 1156 818 1832 1858 982 1950 802 
1 63 
3 63 793 799 
1 63 
12 788 803 816 793 783 777 790 782 794 63 827 799 
2 794 63 
4 830 1155 63 827 
1 63 
13 1154 63 793 782 823 790 777 815 794 800 802 825 831 
4 63 781 794 790 
5 63 764 607 830 831 
3 63 829 825 
3 829 827 63 
2 885 64 
2 681 64 
1 64 
6 82 64 215 950 837 964 
4 1140 837 64 1213 
4 835 681 64 836 
1 65 
3 65 688 854 
4 65 112 841 1139 
5 553 65 840 1139 850 
3 65 497 494 
6 1190 65 494 1202 126 796 
1 65 
4 408 617 497 65 
4 126 796 65 878 
2 1185 65 
1 65 
2 818 65 
4 112 65 553 841 
3 126 65 494 
9 110 699 351 65 329 361 399 1284 1203 
2 929 65 
2 65 839 
4 937 66 68 80 
9 918 420 66 1711 857 80 238 278 196 
8 404 2149 856 549 918 94 405 66 
2 974 66 
3 66 938 468 
3 411 146 66 
1 66 
5 86 1004 1027 66 990 
1 66 
1 66 
1 67 
6 215 67 587 82 86 213 
6 67 1702 1741 964 1078 1564 
8 1581 1154 67 815 1702 277 793 1951 
1 67 
2 1952 67 
1 67 
6 590 67 404 261 284 288 
2 68 874 
2 873 68 
1 68 
2 559 68 
5 1614 1627 69 881 1783 
15 617 699 1205 694 299 69 882 846 1178 880 479 1200 1051 1203 647 
25 1619 1620 1623 1628 69 206 586 1702 1713 261 440 1754 1774 1816 270 1827 1828 675 2151 404 1908 908 2016 1060 2067 
8 503 361 878 954 69 278 1203 647 
2 877 69 
4 361 878 69 963 
1 70 
1 70 
7 832 681 70 302 891 896 365 
6 70 302 893 894 365 897 
4 70 893 895 897 
1 70 
6 70 271 895 896 280 897 
5 184 94 70 307 375 
2 885 70 
2 70 898 
3 70 886 887 
2 70 886 
3 70 887 889 
3 889 885 70 
4 889 70 886 887 
2 70 892 
3 928 72 907 
1 72 
2 72 629 
3 72 958 2072 
5 908 688 911 72 361 
2 72 911 
3 911 951 72 
2 72 909 
3 908 72 899 
10 911 72 215 1064 628 879 903 907 925 914 
3 906 72 688 
2 72 911 
10 628 72 681 903 904 905 908 910 914 915 
1 72 
1 72 
3 911 908 72 
4 72 958 661 911 
4 549 73 317 409 
1 73 
4 549 857 73 856 
5 100 1098 75 1099 349 
5 703 130 75 336 1194 
2 76 813 
2 1037 76 
3 512 516 76 
1 76 
3 587 908 76 
6 665 624 661 581 76 520 
4 76 813 557 574 
8 215 899 77 1339 1194 1014 954 2109 
8 405 1628 78 1099 1872 2151 404 853 
1 79 
3 1328 79 1027 
1 79 
2 79 935 
2 79 1027 
2 79 933 
3 1168 637 80 
2 80 855 
3 859 80 124 
1 80 
3 981 941 81 
5 666 940 81 947 710 
12 1132 1224 1131 1220 170 167 81 1215 2189 436 359 478 
2 81 1138 
1 81 
1 81 
1 81 
2 81 941 
1 81 
10 760 587 634 1190 951 958 82 959 963 479 
7 2098 969 333 835 82 83 84 
15 954 949 756 760 605 587 905 634 1190 958 82 959 538 963 479 
15 388 503 2099 1019 513 1122 517 762 1378 957 587 1027 82 964 661 
1 82 
12 215 928 760 587 708 1190 951 958 82 880 963 665 
1 82 
1 82 
2 82 952 
9 954 1156 949 902 951 82 959 963 915 
4 949 958 951 82 
2 756 82 
2 82 1286 
2 82 551 
6 958 949 882 82 954 951 
4 952 835 82 867 
3 210 83 1300 
12 1205 620 1168 1186 698 702 637 83 118 699 1175 701 
3 703 698 83 
3 1339 592 83 
3 994 950 83 
1 83 
22 1480 1004 1489 994 1003 999 1486 1343 1505 992 1007 1008 139 1534 83 1575 86 1005 1015 1549 1461 987 
2 83 585 
2 1213 83 
3 703 83 858 
1 83 
1 83 
4 671 587 581 83 
1 83 
2 84 2101 
2 333 85 
4 525 85 940 1959 
7 85 810 813 552 819 765 602 
1 85 
2 85 187 
11 1496 1007 1388 995 1422 1437 86 1449 1469 1018 1477 
1 86 
11 971 994 1005 1496 1352 992 1007 1009 1516 86 1018 
11 991 1006 998 997 1345 1498 1379 1394 1418 86 1441 
7 994 556 1484 999 992 1509 86 
6 1337 1505 2171 862 86 1549 
23 1347 1004 1362 1504 1372 1513 1518 1523 1531 1410 1418 1574 1537 1539 1577 1438 86 1441 1444 1543 1015 988 1460 
8 971 1000 989 999 558 987 86 1470 
7 1003 1518 1539 86 1441 1547 1460 
10 1006 1346 989 969 971 1572 1128 86 1005 987 
12 985 1005 999 1352 1007 1509 1388 1009 86 1469 1018 1477 
4 1004 1539 86 1470 
8 1478 1006 1345 139 1001 1574 86 988 
14 1504 1369 1379 1387 1397 1405 1410 1418 86 1441 1978 1546 988 1460 
26 556 1347 989 1352 1503 992 971 1511 1512 1394 1338 1410 995 1572 1418 1539 1438 86 1439 1005 2153 1441 1015 1553 1470 1475 
2 992 86 
7 1003 1488 1006 997 1493 139 86 
2 86 1005 
15 993 1496 2158 1500 1504 1369 971 1518 1519 1001 1006 1422 1574 86 1005 
24 991 1493 654 996 1347 1500 1502 1362 971 1372 1511 1513 1011 1519 1572 246 862 86 1005 1441 1015 1548 1462 1470 
15 1486 999 1480 1002 971 1004 1003 1006 994 1489 1007 1516 995 86 987 
20 1003 2158 1500 997 1009 1001 1531 994 1574 2165 1539 86 1005 1543 1015 1545 988 2154 1470 1018 
6 971 86 995 985 1005 987 
2 971 86 
6 995 987 1006 86 140 1018 
1 86 
9 1402 590 86 1531 1015 1500 139 1004 1337 
1 86 
1 86 
2 86 928 
13 1006 971 1511 1502 1004 86 139 1488 991 1394 1500 999 1011 
1 86 
2 590 86 
7 995 140 1009 1006 987 86 985 
4 952 447 88 1989 
1 88 
1 88 
1 88 
2 1809 88 
2 1037 88 
1 88 
1 88 
6 952 931 623 934 862 88 
2 1038 88 
2 361 88 
1 88 
2 634 88 
1 88 
8 175 176 402 1116 1838 2151 88 409 
1 88 
1 88 
1 88 
5 922 1024 202 629 88 
2 1028 88 
1 88 
1 88 
1 88 
1 88 
1 88 
18 677 1133 680 410 1135 1590 2190 513 1122 1046 2193 2195 445 1248 1126 686 1047 89 
2 110 89 
7 89 410 1044 1131 1133 686 1047 
9 1131 1133 89 1046 1135 1044 686 410 677 
1 89 
3 89 410 435 
2 89 1137 
4 89 290 497 878 
3 89 424 485 
4 1054 1056 324 91 
9 1053 1068 1070 324 268 404 2149 282 91 
3 1068 1070 91 
4 1053 324 1089 91 
1 91 
1 91 
5 1060 1065 1068 1070 91 
5 879 1068 1070 1059 91 
4 1064 628 1066 91 
3 440 1070 91 
2 1067 91 
6 440 1070 1066 1061 908 91 
5 1059 1069 1070 628 91 
3 1061 1064 91 
2 91 1063 
5 1054 1059 1060 91 1055 
2 1065 91 
8 91 1062 1054 1055 1059 1060 1065 1064 
1 91 
1 92 
2 1087 92 
7 1581 1775 206 221 1181 92 2110 
2 206 92 
4 152 1087 92 2110 
3 754 113 93 
5 867 94 661 1563 2135 
12 423 96 97 1113 435 1730 1740 317 142 119 1579 1136 
12 413 250 1081 96 549 267 269 345 404 278 119 287 
9 96 1080 409 404 283 549 1711 1900 1160 
6 404 275 96 193 285 1085 
5 753 415 130 291 96 
3 2151 409 96 
3 1082 96 317 
4 119 275 409 96 
5 96 317 1073 1076 2135 
4 195 97 409 96 
10 549 404 704 96 1056 409 1318 321 1711 270 
7 96 97 195 415 275 146 409 
6 97 194 114 275 2151 1094 
2 97 275 
2 97 590 
3 1091 98 435 
1 100 
6 559 100 1098 726 1189 738 
1 100 
5 100 559 919 1096 1189 
4 100 703 929 919 
2 1234 101 
1 101 
1 101 
1 101 
1 101 
6 796 751 102 1756 1775 772 
1 102 
5 103 729 749 2064 2093 
1 103 
1 103 
2 103 2064 
3 144 103 2064 
1 103 
7 751 1079 420 1628 435 103 1872 
3 397 119 104 
7 191 405 105 318 404 402 549 
12 1033 409 398 704 215 728 719 306 106 338 373 163 
1 106 
2 719 106 
2 190 109 
2 190 109 
2 269 110 
15 952 1044 1133 110 595 679 129 754 410 1134 1226 1135 148 1215 1131 
8 435 610 249 125 290 110 291 1128 
1 110 
4 1285 290 110 125 
15 129 410 1215 1134 595 1044 1135 148 679 1133 110 1226 1131 754 685 
2 110 1246 
5 994 610 110 1123 515 
6 691 110 412 146 699 1284 
2 111 113 
33 1134 1583 1132 681 680 679 1595 2189 293 2190 2100 942 1230 1122 1046 1176 2192 153 456 111 1283 1126 686 1047 1887 465 468 1959 196 184 1151 489 482 
21 295 722 2190 942 1176 683 435 438 2192 2193 1131 170 2200 111 359 363 744 377 1133 1275 487 
13 1135 678 1132 1122 1046 448 1246 111 113 1126 686 1047 1044 
6 295 1122 1131 111 113 1126 
18 1583 2190 1122 1176 683 2193 1249 111 113 1126 686 1047 364 1138 1133 1270 1044 1275 
4 1079 290 171 111 
3 1226 1050 111 
10 681 1135 2190 130 683 943 2193 170 112 359 
3 112 840 841 
5 685 146 836 113 121 
2 1528 113 
1 113 
1 113 
2 113 1211 
1 113 
1 115 
2 265 116 
1 116 
3 116 406 220 
2 117 1180 
2 1131 117 
5 1153 1772 117 122 1180 
3 1180 1152 117 
9 868 1892 815 700 827 766 277 118 2051 
3 2096 825 118 
14 819 250 758 700 1713 958 784 1894 118 1962 2013 2049 2055 2061 
5 417 118 186 553 810 
1 118 
3 190 119 405 
3 1081 263 119 
7 721 722 723 729 733 121 749 
4 653 665 661 121 
6 1355 1648 1367 1808 1424 121 
1 121 
2 700 122 
1 122 
1 122 
6 936 124 703 966 702 215 
3 552 124 626 
5 124 681 291 682 679 
2 124 195 
1 124 
1 124 
3 124 130 1281 
4 215 124 703 966 
9 125 1135 683 1131 1132 1228 438 2196 1181 
2 549 125 
3 878 125 699 
1 125 
6 1152 794 549 1150 125 1153 
3 1176 1074 125 
1 126 
1 126 
3 2049 126 795 
4 1196 126 1187 847 
3 126 703 966 
3 1196 126 1185 
1 126 
3 126 1096 1098 
12 126 951 1202 954 949 753 494 796 843 447 1193 772 
3 1202 221 126 
1 126 
2 126 1190 
3 920 928 126 
1 126 
3 126 1185 1187 
1 126 
2 1199 126 
2 126 1198 
8 146 617 691 878 126 361 340 692 
5 494 126 303 304 207 
8 621 126 494 753 843 495 1190 1191 
6 880 126 852 361 878 477 
2 494 126 
3 878 966 127 
2 127 1210 
1 127 
4 398 1595 127 162 
2 1683 127 
5 127 1206 181 169 1321 
5 1248 127 1144 2189 1312 
1 128 
3 836 973 128 
1 128 
19 1224 2190 1228 942 1229 1225 1122 1232 1237 129 436 1243 2197 1247 1126 1258 469 1270 1273 
4 1232 129 1282 1263 
5 1224 1220 1225 1233 129 
1 129 
2 129 1268 
4 1217 942 1225 129 
3 1228 1237 129 
4 1234 129 1247 1223 
2 1222 129 
10 1228 1217 942 1225 1215 129 1247 1264 1270 1273 
6 1226 1224 1217 1220 1215 129 
13 1318 1229 1225 1122 1232 1234 1237 129 1255 1126 1263 359 1137 
1 129 
7 1224 1243 1176 129 679 1221 1215 
3 1226 129 1215 
2 129 1131 
1 129 
4 1216 129 1215 1226 
2 129 1217 
4 1226 129 1222 1100 
2 170 129 
4 1243 2172 1253 129 
4 129 1221 1226 1215 
4 129 398 1251 1266 
3 129 1255 1274 
1 129 
2 761 129 
1 129 
9 1215 1253 410 2200 129 1228 426 1236 1258 
4 129 2172 398 1253 
1 129 
3 129 1127 1133 
4 1222 1215 1224 129 
8 1253 410 129 2172 181 1044 1211 480 
2 129 1135 
1 129 
4 398 129 1238 1266 
1 129 
6 2172 129 1244 1236 1243 1248 
1 129 
5 684 680 1226 1239 129 
2 219 129 
1 129 
3 1215 1243 129 
1 129 
1 129 
1 129 
1 129 
3 1216 1226 129 
2 129 1224 
2 129 398 
4 129 1238 398 1251 
2 2200 129 
2 129 1219 
1 129 
4 1135 1215 129 1224 
1 129 
2 170 129 
3 1224 1215 129 
4 679 1239 129 681 
4 129 398 1135 1132 
2 130 175 
3 435 130 373 
3 1280 497 130 
1 130 
2 130 1278 
3 559 130 1174 
2 1216 130 
6 130 146 1131 1595 182 184 
3 130 1129 852 
3 130 697 1125 
3 557 961 131 
2 131 1297 
1 131 
2 1295 131 
3 1296 131 557 
2 1297 131 
1 131 
1 131 
3 1295 131 813 
4 131 1289 1294 1300 
2 131 1290 
3 131 1287 1291 
1 131 
2 557 131 
3 965 1295 131 
1 132 
3 132 754 680 
1 133 
1 133 
1 133 
1 133 
5 133 1312 411 191 485 
1 133 
2 133 1311 
1 133 
3 133 605 1309 
5 133 1319 1327 1307 1211 
2 1326 133 
1 134 
1 134 
2 1317 135 
5 2172 321 1316 135 370 
7 135 1226 1330 137 1321 1089 1323 
2 135 1312 
3 135 1331 479 
4 1318 1325 1210 135 
1 135 
2 135 1318 
1 137 
2 137 1321 
3 137 1906 1313 
2 1312 137 
3 931 137 618 
1 137 
2 1318 137 
2 1320 137 
1 137 
24 1344 554 1340 1556 1336 1353 1504 1370 1373 1380 1386 1387 1388 1396 1404 1410 1412 1413 1416 1447 1455 1466 1469 138 
2 1401 138 
1 138 
33 554 1344 1342 1333 1348 140 1353 1363 1368 1684 1373 1380 1385 1386 1388 1390 1395 1398 1401 1403 1410 1412 1416 1422 1449 1453 1455 1466 1468 1469 1470 1472 138 
9 2171 1011 990 2169 1339 1532 2165 164 138 
13 141 1341 999 1355 1371 1372 1389 1417 1575 1435 1447 1466 138 
9 928 1337 1358 1509 968 1513 1411 1454 138 
27 1344 1333 1348 1556 1351 1504 1367 1370 1378 1380 1395 1404 1407 1412 1413 1422 1917 1440 1578 1447 1449 1451 1455 1456 1470 1472 138 
4 1364 1338 1470 138 
9 1359 1363 1380 1412 1336 1578 1344 1472 138 
13 971 139 141 1355 1359 1505 1376 1437 1446 1470 1476 1477 138 
28 1342 1333 1348 1556 1624 1655 1363 1367 1368 1370 1684 1373 1390 1762 1340 1401 1415 1886 1336 1917 1987 1447 1451 1453 1466 1469 1472 138 
10 1500 997 988 138 1481 1417 1489 1394 1539 1493 
5 994 1512 138 1500 590 
18 1417 1572 1004 999 1511 1500 991 1539 138 1381 1518 1428 1438 1441 1444 1445 1460 1462 
7 1464 138 1336 1344 1340 1432 1413 
2 1379 138 
5 1354 1454 138 1386 1396 
3 138 1340 1377 
4 138 999 987 995 
3 1336 138 1333 
4 138 1350 1393 1448 
6 1163 1417 138 1338 1343 1458 
4 1421 1500 138 2158 
2 138 1461 
4 138 1339 590 240 
9 1343 1511 1573 138 1572 139 1342 1441 1470 
4 138 1511 1417 1505 
1 138 
6 138 1004 991 1539 1500 1488 
6 1578 1344 1342 1386 1336 138 
9 1374 1447 1511 138 1572 590 1341 1461 1477 
2 1380 138 
1 138 
6 1163 1344 1340 1556 1398 138 
6 554 140 1336 1344 138 226 
5 590 1003 138 1387 998 
13 1454 1578 1457 1572 590 1418 1333 1464 138 1340 1531 1344 1402 
12 1500 138 141 1338 1389 1390 1399 1423 1424 1455 1458 1459 
12 1391 1338 1417 1575 138 991 1511 1483 1455 1004 590 1415 
16 1336 1333 1344 138 1378 1380 1390 1395 1401 1412 1413 1432 1447 1449 1453 1466 
6 138 1364 1408 1422 1437 1476 
5 138 1500 1572 1465 1470 
4 1343 590 138 1572 
4 138 1351 1442 1459 
7 1340 1578 1373 1556 554 952 138 
7 998 1387 138 1418 988 1349 1405 
11 1578 1500 1333 1412 1342 1401 1373 1340 138 1336 1365 
6 138 1511 1418 1444 1347 1438 
1 138 
3 138 1578 1464 
4 1575 1500 138 1406 
3 138 1336 1578 
9 1333 138 1336 1350 1363 1987 1447 1451 1466 
7 998 552 1333 590 138 1369 1379 
9 985 1333 1336 138 1578 1417 995 1422 1454 
6 138 1500 1371 1338 141 1399 
7 1578 1373 1336 138 1344 1401 1371 
4 138 1372 1409 1415 
2 138 1426 
2 1354 138 
8 138 988 1493 999 1417 1345 1015 1462 
5 1336 1373 1340 1578 138 
4 1511 1350 1333 138 
3 138 998 1459 
5 138 1336 1556 1572 1367 
5 1389 1556 1452 1371 138 
2 1449 138 
11 1334 1373 1578 1344 1336 138 1380 1390 1412 1422 1453 
11 139 1500 590 1531 1483 1539 138 1370 1518 1011 1554 
4 1336 138 1422 1475 
6 1333 1340 590 138 554 1556 
7 1379 138 1471 1546 1442 998 1418 
4 1500 138 1384 1438 
3 138 1340 358 
3 1374 138 1422 
2 138 1391 
7 1336 991 1511 1333 138 998 999 
2 1339 138 
14 1340 1401 1336 1342 1578 1333 1373 138 1380 1422 1987 1447 1451 1453 
7 138 1578 1333 1373 1556 1340 1348 
2 138 1430 
4 1391 138 1344 1372 
4 1336 138 1333 1578 
15 1338 138 1345 1347 1355 1360 1372 1512 1388 1394 1435 1441 1446 1469 1475 
22 138 998 1511 999 988 1539 991 1500 1370 1379 1381 1518 1405 1420 1422 1438 1441 1444 1445 1546 1460 1551 
7 556 1572 590 139 1500 138 1470 
3 1418 1500 138 
3 2158 138 1356 
13 1401 1340 985 1336 1003 1403 1374 1388 1412 1418 1572 138 1408 
5 138 1469 1371 590 1452 
8 226 234 1442 1163 1371 1431 1458 138 
3 138 590 1463 
2 138 1392 
3 138 1511 1433 
7 138 1347 1500 1444 590 1441 1445 
1 138 
2 1414 138 
6 138 226 554 234 1424 1459 
4 1578 138 1373 1348 
2 1427 138 
2 1511 138 
3 138 1417 1338 
1 138 
5 138 1343 985 1374 1477 
12 991 2156 1531 1502 138 999 1347 1381 1418 1575 1406 1444 
4 1446 681 999 138 
3 1464 138 1340 
17 1539 999 1004 1347 1428 993 1417 1460 1359 991 988 1418 1500 1511 138 998 1445 
4 1377 138 1405 1424 
2 138 1532 
11 991 138 1418 590 1539 1347 1381 1428 1438 1445 1462 
10 1444 1418 1347 1511 1428 1572 1539 1441 1500 138 
5 1572 1417 138 1343 1439 
13 1572 1373 1333 1556 1344 1338 1340 1386 1511 138 1412 1578 1364 
2 1354 138 
8 1373 985 138 1578 1340 1336 1400 1466 
1 138 
8 1386 138 1340 1556 1412 1344 226 1578 
5 661 138 1399 1423 1458 
7 1412 1336 1344 1401 1373 1578 138 
5 138 1339 1388 1350 1370 
7 138 1336 1578 1340 1371 1333 1372 
3 138 1340 2165 
5 1500 590 138 1370 1569 
6 1452 138 1371 1563 1355 1424 
6 138 1431 226 1371 1377 1397 
12 1347 1500 993 1418 1539 991 1511 1572 138 998 1518 1441 
5 971 138 1357 590 1364 
10 138 1394 1347 1444 1502 1572 1004 1465 1470 1474 
3 1425 138 590 
7 590 1578 138 1348 1370 1383 1440 
6 1375 1573 138 1572 1462 1470 
10 138 1336 1386 1344 1338 1333 1373 1556 1449 1578 
1 138 
2 1336 138 
9 1336 1344 138 1578 1333 995 1417 985 1423 
24 1375 1572 1474 999 1004 1465 1336 1359 1500 1340 1462 1573 139 996 1341 1006 1502 1419 1539 138 1527 1343 590 992 
2 138 1405 
7 1342 1344 1556 1340 1578 1336 138 
1 138 
5 1572 138 1500 1462 1470 
4 1417 999 138 1403 
4 1343 138 1374 590 
6 1343 1437 1364 138 995 985 
2 139 997 
1 139 
3 971 139 1005 
2 1345 139 
2 139 164 
6 1500 139 1372 1402 1537 1545 
2 989 139 
3 1505 139 1549 
4 971 139 1493 1005 
1 139 
9 1497 1500 1362 139 1511 1001 1537 1544 1015 
5 1345 971 139 1005 1546 
1 139 
1 139 
1 139 
7 1486 1345 1004 1500 139 1394 1001 
1 139 
2 139 1511 
4 1003 139 985 987 
5 1500 1539 1511 1488 139 
2 988 139 
2 1500 139 
50 1003 1006 1493 1488 1539 1004 1483 139 1345 1346 1347 1497 1499 1502 1356 1362 1507 1508 1371 1375 1511 1380 1384 1514 1389 1011 1522 1525 1527 1402 1406 1530 1571 1418 1419 1420 1574 1537 1428 1577 1441 1445 1015 1546 1457 1460 1551 1470 1474 1555 
4 789 798 653 139 
7 1004 139 1500 1438 1015 1462 1470 
3 139 999 1530 
7 998 991 1333 139 590 1003 1340 
9 141 139 990 2156 1485 971 1549 1343 1360 
2 139 1550 
3 1500 139 1531 
3 1500 139 1511 
4 139 989 995 1339 
2 139 662 
31 1539 1004 139 1488 999 1572 1500 1347 1495 1497 1567 1359 1360 1364 1508 1372 1381 1512 1515 1396 1522 1410 1532 1418 1427 1434 1441 1445 1447 1015 1460 
7 590 1417 999 140 1511 139 1346 
6 991 1339 139 1531 590 1004 
3 1500 139 1537 
2 1511 139 
3 1005 987 139 
2 2168 139 
9 1003 139 1402 1347 1418 991 993 1460 1546 
3 1003 1004 139 
1 139 
1 139 
3 1500 1511 139 
2 991 139 
1 139 
2 1500 139 
1 139 
5 139 1572 590 1500 1470 
2 139 1141 
2 557 139 
3 1503 1500 139 
10 139 1006 991 590 1370 1507 1513 1011 1402 1438 
4 1337 1511 139 1443 
1 139 
2 971 139 
2 139 1552 
2 1537 139 
8 1539 139 1500 1488 1483 991 1514 1536 
1 139 
22 139 1006 991 996 999 993 141 1345 1347 1497 1500 1362 1511 1402 1571 1418 1537 1441 1444 1445 1460 1470 
1 139 
1 139 
1 139 
5 139 2158 1006 991 1545 
3 1488 2158 139 
4 1006 1483 1543 139 
7 1500 998 139 1418 1489 1518 1405 
2 993 139 
2 1004 139 
6 990 1485 141 971 139 1505 
2 139 1506 
4 1500 1418 590 139 
2 1535 139 
2 139 999 
2 139 1402 
2 1500 139 
16 1340 1344 1333 140 1567 1367 1378 1398 1399 1404 1413 1576 1447 1451 1466 1472 
7 557 789 246 653 1561 798 140 
12 1561 1767 140 226 661 144 789 246 670 1730 653 1941 
2 140 246 
1 140 
10 246 361 405 661 670 140 1557 1558 1996 546 
5 140 662 1563 655 529 
8 140 1603 1562 279 240 1458 1078 1564 
7 661 671 667 665 140 867 1563 
1 141 
1 141 
3 1556 1511 141 
1 141 
3 1457 141 590 
2 1971 141 
3 141 1539 1500 
25 558 999 1004 994 141 1347 1359 1364 1370 1375 1511 1376 1398 1527 1419 1422 1575 1445 1446 1447 1460 1462 1465 1470 1474 
4 141 1359 1465 1470 
7 991 997 1006 1500 1003 2157 141 
8 971 1338 590 1572 141 1372 1384 1438 
2 1556 141 
3 1500 991 141 
30 1342 1340 141 1655 1363 1370 1684 1378 1380 1383 1385 1388 1390 1395 1401 1412 1413 1416 1886 1432 1987 1447 1449 1451 1453 1455 1464 1466 1469 1472 
4 697 1079 1597 142 
6 187 632 636 610 623 142 
7 1618 1884 1908 868 1074 2072 144 
7 795 818 1950 802 2049 486 144 
7 2172 295 1131 1887 1135 1959 144 
1 144 
2 144 1846 
1 144 
1 144 
1 144 
1 144 
4 677 144 680 1044 
1 144 
6 1658 144 2078 1724 1780 1810 
1 144 
1 144 
5 398 1131 1208 144 1283 
1 144 
9 1952 144 1998 1889 1648 727 729 1967 1579 
1 144 
1 144 
5 1711 144 785 1901 1952 
4 1789 144 1648 1662 
1 144 
10 554 1563 144 225 240 1665 1733 1878 242 2093 
1 144 
1 144 
1 144 
3 1779 2056 144 
2 144 1998 
4 649 144 1956 2035 
2 2079 144 
2 144 1765 
2 2054 144 
6 1776 144 2150 1892 1948 1907 
3 877 144 1783 
2 1889 144 
2 798 144 
1 144 
7 1581 144 1691 1766 1953 1960 2087 
3 1834 879 144 
4 1774 1797 144 879 
2 144 1622 
2 1621 144 
3 819 144 879 
4 226 144 1344 1729 
1 144 
2 1698 144 
3 877 144 2005 
12 879 2149 1113 404 1711 144 405 261 176 929 402 1720 
5 1857 1745 2136 144 1725 
1 144 
8 144 1832 226 1845 1729 1786 1849 1975 
1 144 
1 144 
1 144 
1 144 
1 144 
2 1881 144 
1 144 
1 144 
3 144 1845 1832 
2 144 1749 
1 144 
1 144 
2 1784 144 
4 703 144 699 507 
2 144 1952 
1 144 
5 1601 1597 144 226 1163 
1 144 
2 144 1714 
2 613 144 
1 144 
2 144 1889 
2 798 144 
9 554 1578 226 1344 1684 144 1762 1808 1913 
3 212 209 144 
2 796 144 
7 144 1592 1748 1762 1780 652 2065 
1 144 
1 144 
1 144 
2 1601 144 
1 144 
2 144 1784 
3 225 1603 144 
1 144 
1 144 
1 144 
1 144 
2 557 144 
3 1889 144 1780 
3 1982 144 1784 
2 144 2042 
1 144 
2 816 144 
1 144 
1 144 
2 2045 144 
2 144 1863 
4 1971 1857 785 144 
1 144 
3 144 215 1898 
2 144 1209 
10 1336 1344 1578 144 226 554 1655 1762 1886 1917 
1 144 
1 144 
2 144 212 
1 144 
2 144 751 
1 144 
4 144 1618 1766 1953 
1 144 
1 144 
1 144 
1 144 
4 144 2058 775 2073 
2 144 1823 
7 1889 144 784 2058 1626 1907 2061 
1 144 
4 144 619 381 618 
2 144 1921 
6 144 867 868 216 879 2072 
2 1904 144 
3 144 1857 1767 
1 144 
1 144 
3 144 1798 2015 
4 144 1866 1928 2085 
1 144 
1 144 
16 405 402 144 1081 182 404 549 1089 176 1872 409 856 2149 1600 1628 1720 
2 1856 144 
3 144 1156 879 
2 1650 144 
2 2054 144 
1 144 
2 144 1926 
3 2150 144 459 
1 144 
5 2149 144 1628 404 1711 
1 144 
1 144 
1 144 
5 144 224 1592 226 1810 
2 1629 144 
2 679 144 
4 785 144 1890 2051 
1 144 
8 144 1624 1845 1631 226 1832 1975 2048 
8 144 1767 1079 1757 697 1558 2105 1925 
2 1982 144 
2 557 144 
3 1603 225 144 
1 144 
2 144 2007 
3 1749 777 144 
1 144 
2 1889 144 
5 144 1779 1918 2056 2086 
7 1767 1079 144 751 1759 1773 1924 
2 144 867 
1 144 
4 1889 144 1837 2026 
4 2150 144 2058 1889 
6 1857 144 1629 1905 1945 1985 
1 144 
2 144 1856 
2 1658 144 
7 807 2032 144 796 1889 1641 1736 
1 144 
1 144 
2 144 1858 
1 144 
2 879 144 
2 1992 144 
2 144 1105 
3 1889 144 1730 
2 144 1852 
5 2049 1767 1740 1924 144 
1 144 
1 144 
8 789 1344 1684 1655 144 226 1910 1658 
1 144 
3 1856 755 144 
3 1889 144 1611 
4 1691 1960 144 1618 
11 697 2150 1889 144 1558 1704 1730 1740 1759 2058 2063 
1 144 
1 144 
2 1889 144 
2 144 1806 
2 144 1152 
2 1740 144 
7 879 144 1620 1816 1828 2054 2059 
4 1105 144 751 1074 
4 1948 2150 144 1613 
1 144 
1 144 
8 1739 2056 2086 144 1607 1879 2015 2037 
6 144 1658 1592 1671 1956 2035 
3 2150 144 153 
1 144 
3 1614 877 144 
12 2150 144 1858 1892 1644 1664 1672 1795 1803 1905 1982 1983 
1 144 
2 1631 144 
3 144 741 2045 
2 796 144 
2 144 1601 
1 144 
2 144 180 
2 144 2062 
1 144 
1 144 
3 144 1830 1784 
2 144 1818 
3 144 1620 1816 
4 1978 144 1707 1990 
1 144 
1 144 
1 144 
1 144 
3 1784 144 1905 
1 144 
1 144 
3 383 144 1771 
2 144 1834 
4 144 1655 670 1163 
2 1023 144 
3 1592 1724 144 
2 278 144 
1 144 
5 789 798 2150 1920 144 
1 144 
1 144 
4 1797 144 879 1774 
1 144 
2 144 1796 
2 144 1884 
1 144 
1 144 
1 144 
2 144 1697 
2 144 1889 
1 144 
1 144 
2 144 879 
3 144 879 1774 
3 144 1963 1830 
6 144 1829 1795 1840 1921 2067 
1 144 
15 796 144 1910 819 789 1631 1640 1729 1845 1946 1975 1979 2012 2038 2080 
2 697 144 
4 144 1619 1807 2042 
1 144 
1 144 
2 144 1743 
2 144 1033 
2 144 2025 
3 144 267 1830 
1 144 
2 144 1877 
1 144 
1 144 
12 144 1832 1631 1640 1729 1849 1946 1975 1979 2012 2038 2080 
2 144 1585 
1 144 
2 784 144 
3 1845 1631 144 
1 144 
2 144 1925 
2 144 1758 
2 144 1889 
1 144 
2 2058 144 
5 144 1712 1747 1764 1864 
6 144 1629 1680 1704 1745 1997 
10 144 1892 795 819 1752 1784 1894 1911 1937 1988 
1 144 
1 144 
2 144 1985 
3 557 1971 144 
2 1679 144 
3 818 1856 144 
1 144 
3 1922 1708 144 
2 144 2074 
2 144 785 
1 144 
2 144 1922 
1 144 
8 1113 404 1711 405 929 176 144 1932 
2 2079 144 
3 226 144 662 
1 144 
1 144 
2 144 1842 
4 1603 2150 144 226 
4 144 2056 2086 1779 
1 144 
2 144 1637 
2 144 2053 
1 144 
3 144 1581 1819 
2 144 1952 
5 1344 1578 144 1684 226 
4 1583 1131 144 234 
1 144 
23 144 1597 1615 1653 1671 1698 1738 1743 1744 1749 1757 1765 1767 1770 1824 1853 191 1930 1994 2020 2025 2031 2032 
3 144 796 1727 
2 270 144 
9 144 2150 1613 1154 1784 1858 1911 2022 2084 
6 404 286 144 549 278 1902 
5 2150 2032 1858 144 1156 
1 144 
1 144 
1 144 
2 144 1682 
1 144 
5 405 283 144 1081 402 
4 785 796 144 1600 
2 1893 144 
1 144 
2 144 1703 
4 144 1803 1784 1745 
2 144 1326 
4 796 144 1613 1698 
4 879 1581 144 209 
3 614 798 144 
4 144 751 1762 1832 
4 144 2150 1892 1858 
1 144 
3 1655 226 144 
2 1971 144 
1 144 
1 144 
8 225 1344 2150 144 1340 1684 652 554 
2 144 1739 
1 144 
2 144 1813 
3 1701 144 1830 
3 144 1866 1870 
1 144 
3 144 1740 1759 
4 1851 1730 549 144 
2 144 1717 
1 144 
2 1708 144 
2 144 751 
2 144 1889 
2 1997 144 
2 1872 144 
1 144 
1 144 
2 144 2004 
1 144 
2 144 1858 
1 144 
2 2136 144 
1 144 
2 144 1558 
1 144 
1 144 
1 144 
2 1745 144 
6 226 144 1845 1832 2038 2048 
1 144 
5 144 2150 1613 1776 2022 
1 144 
6 574 1582 751 807 819 144 
2 144 868 
9 144 1597 1600 870 1646 214 1885 209 2064 
4 1691 1960 1618 144 
1 144 
1 144 
3 1609 144 1780 
1 144 
1 144 
5 1131 1583 706 981 144 
4 144 1618 1766 1953 
1 144 
2 144 1156 
2 144 1829 
1 144 
2 144 2058 
1 144 
2 1597 144 
3 144 661 2150 
1 144 
1 144 
5 144 1680 1570 1862 1914 
1 144 
1 144 
1 144 
6 1832 144 1729 1845 226 1631 
2 144 2001 
1 144 
3 998 144 1798 
3 1832 144 1845 
2 144 2066 
2 2150 144 
4 1784 144 1672 1731 
2 144 1784 
1 144 
3 1745 1861 144 
1 144 
6 1578 1344 1412 226 144 1386 
2 1858 144 
2 1019 144 
2 144 1798 
2 144 807 
2 144 1755 
2 2136 144 
2 144 1889 
1 144 
3 1561 144 507 
3 1857 144 1931 
3 144 1597 1608 
1 144 
2 144 2005 
2 144 1976 
1 144 
2 574 144 
2 144 1935 
3 144 1627 2000 
1 144 
3 784 144 1735 
1 144 
1 144 
1 144 
1 144 
4 1832 144 226 1845 
3 796 1156 144 
1 144 
3 1779 1707 144 
2 879 144 
1 144 
1 144 
1 144 
2 1889 144 
1 144 
6 144 807 1948 1892 2150 815 
1 144 
1 144 
3 144 1889 1839 
2 144 1743 
1 144 
2 590 144 
1 144 
1 144 
3 1889 144 785 
5 807 144 1889 1749 1894 
2 144 751 
1 144 
3 144 1780 1609 
1 144 
3 2056 1779 144 
4 1946 1845 1832 144 
1 144 
1 144 
1 144 
3 144 1673 1834 
1 144 
1 144 
3 1787 144 1678 
1 144 
1 144 
3 1946 144 1729 
9 1582 1156 144 722 1184 1759 772 744 2088 
1 144 
3 144 1154 1727 
3 144 507 477 
3 144 2073 1882 
5 144 1774 1612 1715 2059 
3 144 818 1156 
6 144 1779 1739 1607 1879 2037 
1 144 
10 2150 144 1767 1696 1698 1744 2136 1855 1965 2071 
3 144 1774 2054 
1 144 
4 2150 144 1698 1156 
2 1792 144 
4 789 1767 653 144 
6 1107 1111 144 785 1110 1952 
2 144 1658 
2 1980 144 
4 144 879 2072 1830 
1 144 
1 144 
5 796 785 784 144 246 
2 2058 144 
5 1702 902 1581 144 2067 
3 144 1696 2053 
2 1867 144 
1 144 
1 144 
1 144 
2 144 1592 
3 144 1610 1873 
3 1832 1845 144 
1 144 
2 144 2136 
1 144 
3 1892 2150 144 
2 144 1708 
4 144 1739 1779 1879 
2 1618 144 
4 784 2049 751 144 
1 144 
2 144 697 
1 144 
1 144 
4 240 144 1603 1107 
3 414 2095 145 
4 2096 2094 2097 145 
4 249 1155 2095 145 
2 145 2095 
3 146 950 761 
3 952 2108 146 
5 1131 187 192 700 146 
4 146 282 754 979 
1 146 
3 146 180 195 
6 146 249 414 502 700 2106 
5 286 453 146 1730 256 
2 2104 146 
2 678 146 
3 146 754 2099 
3 928 146 190 
5 175 1074 146 1076 206 
2 146 685 
3 408 147 318 
2 290 147 
2 147 371 
2 147 2119 
3 147 321 318 
4 148 147 398 305 
1 147 
3 2115 147 464 
2 147 290 
1 147 
4 147 319 398 2124 
2 408 147 
2 147 2122 
1 147 
1 147 
2 408 147 
1 148 
2 148 334 
1 148 
1 148 
3 148 525 199 
1 152 
5 408 703 637 512 152 
3 152 1087 1078 
6 2058 1629 153 1939 1993 2082 
7 410 2172 427 153 459 474 287 
1 153 
1 154 
6 190 198 192 417 154 346 
1 154 
2 191 154 
1 155 
1 156 
1 157 
3 287 158 196 
2 158 681 
2 159 471 
15 402 176 1054 405 183 1628 1711 857 1720 268 2151 404 159 193 282 
21 1613 1718 1744 1767 1776 1781 1784 1813 1878 1892 1894 1911 1917 1948 161 1968 1981 2022 2058 2061 2084 
13 549 193 1091 578 413 404 879 405 929 1033 2149 1084 162 
2 2158 164 
2 999 164 
2 1006 164 
1 164 
3 1505 1438 164 
2 1574 164 
9 1003 1006 1356 1421 1543 1544 2161 164 2152 
4 2162 2170 2160 164 
4 2162 2159 2170 164 
2 2158 164 
3 2160 2159 164 
2 2166 164 
1 164 
5 1006 1337 2171 1456 164 
2 2163 164 
1 164 
3 2171 1517 164 
3 1337 2171 164 
3 2160 2159 164 
6 990 2165 2168 1337 164 2169 
12 1583 1236 2137 1317 2196 1244 447 1248 1253 677 680 166 
1 166 
2 167 718 
1 167 
2 754 168 
3 754 168 719 
3 168 666 2181 
1 168 
1 168 
4 666 754 168 2178 
3 692 351 169 
2 169 688 
1 169 
1 169 
1 170 
1 170 
1 170 
4 1131 170 942 1211 
7 1132 1138 1131 170 1215 1044 1135 
1 170 
3 1132 170 1131 
5 1132 170 1044 1135 1138 
2 170 682 
3 170 410 1044 
3 170 2172 1176 
2 170 1215 
1 170 
1 170 
5 1132 170 677 1243 1267 
