3 2 3 4 
13 1 5 6 7 8 9 10 11 12 13 14 3 15 
12 1 16 17 14 18 19 20 21 22 23 2 9 
10 24 22 25 14 26 27 1 28 29 30 
31 27 31 32 33 34 35 36 37 38 39 40 41 42 43 44 45 46 47 48 49 50 51 16 52 53 54 55 56 57 2 58 
12 59 12 60 61 11 62 63 64 65 66 2 67 
126 68 2 69 70 71 72 73 74 75 76 77 78 79 80 81 82 83 84 85 86 87 88 89 90 91 92 93 94 95 96 97 98 99 100 101 102 103 104 105 106 107 108 109 110 111 112 113 114 115 116 117 118 119 120 121 122 123 124 125 126 127 128 129 130 131 132 133 134 135 136 137 138 139 140 141 142 143 144 145 146 147 148 149 150 151 152 153 154 155 156 157 158 159 160 161 162 163 164 165 166 167 168 169 170 171 172 173 174 175 176 177 178 64 179 180 181 182 183 184 185 186 187 188 189 190 191 
9 2 192 193 194 195 196 197 198 199 
16 200 201 202 203 3 204 205 206 207 208 209 210 211 212 2 58 
24 213 214 215 216 217 218 219 220 2 27 221 222 223 224 225 226 227 228 229 230 231 232 25 233 
60 27 2 234 235 236 70 6 237 238 239 240 241 242 243 244 245 246 247 248 249 250 251 252 113 253 196 254 255 117 256 197 257 126 258 259 12 198 137 260 261 262 263 264 265 266 267 268 269 270 271 272 273 13 274 275 276 277 278 190 279 
204 280 281 282 283 284 285 11 286 287 27 288 289 2 290 235 236 70 192 291 292 293 294 295 6 296 297 298 299 300 301 302 303 81 304 238 239 305 306 307 308 195 309 242 243 310 311 312 313 245 314 315 316 317 246 318 319 320 321 322 323 247 249 250 324 325 326 327 328 329 330 331 332 333 334 335 336 252 337 338 339 340 341 113 342 343 344 345 346 347 348 349 196 350 351 352 117 353 354 355 356 357 358 359 360 361 362 363 256 257 126 364 258 365 366 367 368 198 369 370 371 372 137 373 374 375 376 377 378 379 260 380 146 381 382 383 384 385 386 262 387 263 264 388 389 390 267 268 391 392 21 393 394 395 396 397 398 399 165 400 401 402 269 270 403 404 171 271 405 406 407 408 13 409 410 411 412 413 414 415 416 417 418 419 420 274 421 422 423 424 425 426 427 428 429 430 431 432 277 433 434 278 279 435 436 
49 437 438 439 11 12 2 70 440 78 441 243 442 311 443 247 250 325 444 445 446 255 447 448 449 372 450 451 377 378 452 386 453 454 455 456 392 457 458 403 459 460 461 462 463 464 465 466 467 468 
54 2 469 470 471 472 473 474 475 476 477 478 479 480 323 481 482 483 484 485 3 486 487 488 489 490 491 492 493 494 495 496 497 4 498 499 500 501 502 503 504 505 506 507 508 509 510 511 512 513 514 515 516 517 518 
14 519 520 521 522 523 524 525 2 526 527 528 529 530 531 
6 211 532 533 210 3 5 
10 534 535 536 537 474 3 538 494 539 540 
1 3 
8 281 541 542 543 544 3 545 546 
18 547 27 548 549 550 284 551 552 553 554 555 556 3 557 558 559 560 561 
13 283 562 563 564 565 566 12 567 542 335 568 553 3 
121 283 569 570 571 572 573 574 192 575 576 577 578 553 579 580 239 581 582 306 583 584 585 586 587 314 588 589 590 591 592 593 594 480 595 596 597 598 599 600 601 602 331 603 332 604 605 606 607 608 609 610 611 612 354 3 613 614 615 616 617 618 619 620 621 622 256 623 26 624 625 626 627 628 629 630 631 632 633 634 635 636 382 637 638 639 640 4 641 642 643 644 263 645 646 647 648 649 393 650 401 542 651 652 512 653 654 655 656 657 658 659 431 432 434 660 661 190 662 663 664 665 
125 666 27 667 668 669 670 671 672 673 674 237 675 676 677 678 554 679 680 681 240 682 683 684 685 686 687 688 689 690 247 248 691 331 692 693 694 610 695 696 697 698 196 699 700 701 702 3 703 704 705 706 707 197 708 709 710 711 712 713 714 715 137 716 717 718 719 720 721 377 722 723 634 724 725 726 727 728 729 262 730 731 732 733 734 735 736 737 738 739 740 741 742 743 744 745 269 746 747 748 403 749 271 273 750 751 752 753 754 755 756 757 425 758 759 760 761 762 763 764 765 766 767 768 769 770 
30 281 771 772 773 774 775 776 570 777 295 778 314 779 780 256 26 364 781 371 782 783 784 261 785 4 786 388 787 410 428 
70 10 286 216 214 788 666 215 789 790 791 792 793 794 795 796 83 797 798 799 800 801 802 803 804 805 806 807 808 809 810 811 259 812 813 814 815 816 817 726 818 819 820 4 821 822 823 824 825 826 827 828 829 830 831 832 833 834 835 836 837 46 838 839 840 841 842 843 844 845 846 
107 570 847 22 848 281 24 849 777 850 851 852 853 854 855 856 857 543 858 859 860 861 239 862 863 310 864 865 866 867 868 869 870 871 872 873 779 874 875 876 877 878 879 880 347 881 882 883 884 885 359 780 886 256 887 888 889 890 891 892 373 893 894 381 895 261 896 897 898 4 899 900 901 267 902 903 904 397 905 906 907 908 909 910 911 912 913 407 914 915 916 917 918 412 919 920 921 421 922 923 924 925 926 927 928 434 929 930 
232 284 215 286 10 666 931 932 788 933 214 934 935 936 937 668 938 939 940 941 942 563 943 944 945 946 947 948 949 294 950 951 23 952 953 954 955 579 554 680 956 957 958 959 582 960 961 962 963 964 965 966 967 968 684 969 970 971 972 973 974 975 976 977 978 979 980 981 982 983 984 985 986 987 988 989 210 990 991 992 993 994 995 996 997 998 999 1000 1001 226 331 1002 1003 1004 1005 1006 1007 1008 1009 694 1010 1011 1012 112 1013 342 1014 1015 1016 1017 1018 254 1019 1020 701 1021 1022 1023 1024 1025 703 704 1026 558 1027 1028 1029 1030 1031 1032 1033 227 1034 228 1035 1036 1037 1038 1039 1040 11 1041 12 1042 712 1043 713 1044 138 1045 720 1046 1047 726 1048 1049 1050 1051 1052 1053 1054 1055 1056 1057 1058 1059 4 1060 1061 1062 1063 1064 1065 733 1066 1067 5 1068 1069 1070 1071 1072 1073 1074 1075 1076 1077 1078 1079 828 542 1080 1081 1082 1083 1084 1085 1086 1087 1088 50 1089 1090 1091 1092 1093 1094 1095 20 46 754 1096 1097 1098 1099 1100 1101 1102 1103 1104 1105 1106 761 1107 765 1108 1109 1110 767 1111 769 1112 1113 
8 1114 4 1115 1116 1117 353 1118 1119 
3 4 1120 1121 
7 1122 932 1123 335 1124 1125 4 
31 1126 1127 1128 1129 1130 1131 1132 1133 1134 1135 1136 1137 1138 1139 1140 1141 1142 1143 1144 1145 1146 151 1147 1148 1149 5 1150 1151 1152 1153 1154 
32 1155 1156 1157 1158 1159 1160 1161 1162 1163 1164 1165 1166 1167 1168 1169 1170 1171 1172 1173 1174 1175 1176 5 1177 1178 1179 1180 1181 1182 1183 1184 1185 
12 1186 488 666 1187 1188 1189 1190 1191 1192 732 5 824 
73 1193 437 1194 1195 1196 1197 1198 1199 1200 533 1201 1202 1203 1204 1205 1206 1207 1208 1209 1210 1211 1212 1213 1214 1215 1216 1217 1218 1219 1220 1221 1222 1223 1224 1225 1226 1227 1228 1229 1230 1231 1232 1233 1234 1235 1236 1237 1238 1239 1240 1241 1242 1243 1244 1245 1246 1247 1248 1249 5 1250 1251 1252 1253 1254 1255 1256 1257 1258 1259 1260 1261 1262 
27 1263 1264 1265 1266 1267 1268 1269 1270 1271 1272 1273 1274 1275 1276 1277 1278 1279 1280 732 1281 5 1282 1283 1284 1285 1286 1287 
35 1288 1289 1290 1291 1292 1293 1294 1295 829 1296 1297 1298 1134 1136 1137 1299 1300 1138 1139 1301 1302 1140 1303 1141 1142 1145 1304 1305 151 1148 1149 5 1152 1306 1154 
27 1307 1308 1309 1310 1311 1312 1313 1314 1315 1316 1317 1318 1319 1320 1321 1322 5 1323 1324 1325 1326 1327 1328 1329 1330 1331 1332 
6 1333 1334 1335 1336 1337 5 
6 205 211 209 961 210 5 
17 1338 1339 1340 1341 1342 1343 1344 1345 1346 1347 1348 5 1349 1350 1351 1352 1353 
6 1354 1355 1356 1357 5 1358 
15 668 1359 83 1186 51 112 1034 1042 712 720 5 1074 1075 1105 1110 
10 1360 1361 1362 1363 213 932 547 666 1364 5 
74 1365 1366 1367 1368 1369 1212 1370 1371 1372 1373 1374 1375 1376 1377 1378 1379 1380 1381 1382 1383 1384 1385 1386 1387 1388 1389 1390 1391 1392 1393 1394 1395 352 1396 1397 1398 1399 1400 1401 1402 1403 1404 1405 1406 1044 1407 1408 1409 1410 1411 1412 1413 1414 1415 5 1416 1417 1418 1419 1420 1421 199 1422 1423 1424 1425 1426 1427 1428 1429 764 1430 1431 1432 
31 1433 230 1434 1435 1436 1437 282 1438 1439 1440 1441 1442 1443 823 1444 1445 1446 1447 1448 1449 987 1450 1451 1452 1453 1454 5 1455 1456 1457 762 
93 1458 1459 214 685 1460 1461 1462 1463 1464 809 1465 1466 931 227 547 1019 1467 1468 1469 1470 1471 228 1472 1099 1473 27 986 1474 1475 284 25 1476 670 1477 1478 1479 83 1480 681 1481 1482 1483 1484 1485 210 1486 1487 1488 1489 1490 1491 1492 1493 196 1494 702 703 704 1495 1031 1037 1496 1497 1498 1499 724 1453 1051 1053 1500 1501 1063 1502 5 1071 1503 1504 826 1505 741 1506 1507 1508 1509 1510 1511 757 841 1512 434 767 1513 769 
14 1514 1515 1516 1517 1518 1269 1519 1277 1520 1521 1281 5 1522 1523 
5 1524 83 5 748 1525 
116 1526 1527 1528 1529 1530 1531 1532 1533 1534 1535 1536 1537 1538 1539 1540 1541 1134 1542 1543 1544 1545 1546 1547 1548 1549 1550 1551 1552 1553 1554 1555 1136 1556 1557 1558 1559 1560 1561 1562 1137 1563 1564 1138 1565 1566 1567 1139 1568 1569 1570 1140 1571 1572 1573 1574 1575 1576 1577 1578 1579 1580 1141 1581 1142 1582 1583 1584 1585 1586 1587 1588 1145 1589 1590 1591 1592 1593 1594 151 1595 1596 1597 1598 732 1599 1148 1149 5 1600 1601 1602 1603 1604 1605 1152 1606 1607 1608 1609 1610 1611 1612 1613 1614 1615 1616 1617 1618 1619 1620 1621 1622 1623 1624 1154 1625 
20 1462 1626 1475 1627 1628 1460 228 27 1524 284 1629 1630 1631 1632 210 1633 5 1634 1504 1635 
22 1091 788 1459 1443 215 488 42 1094 970 666 1462 228 1636 1637 56 1638 5 1634 1639 1640 422 769 
17 1269 1641 1642 1643 1644 1645 1646 1647 1277 1648 1649 1650 1651 1281 1652 5 1653 
5 1654 1655 488 1656 5 
2 5 769 
161 1657 1658 1659 1660 1661 1662 1663 1664 1665 1666 1667 1668 1669 1670 1671 1672 1673 1674 1675 1676 1677 1678 1679 1680 1681 1682 1683 1684 1685 1686 1687 1688 1689 1690 1691 1692 1693 1694 1695 1696 1697 1698 1699 1700 1701 1702 1703 1704 1705 1706 1707 1708 1709 1710 1711 1712 1713 1714 1715 1716 1717 1718 1719 1720 1721 1722 1723 1724 1725 1726 1727 1728 1729 1730 1731 1732 1733 1734 1735 1736 1737 1738 1739 1740 1741 1742 1743 1744 1745 1746 1747 1748 1749 1750 1751 1752 1753 1754 1755 1756 1757 1758 1759 1760 1761 1762 1763 1764 1765 1766 1767 1768 1769 1770 1771 1772 1773 1774 1775 1776 1777 1778 5 1779 1780 1781 1782 1783 1784 1785 1786 1787 1788 1789 1790 1791 1792 1793 1794 1795 1796 1797 1798 1799 1800 1801 1802 1803 1804 1805 1806 1807 1808 1809 1810 1811 1812 1813 1814 1815 1816 
14 1817 970 51 228 1818 1359 1819 1006 5 824 1634 1820 1640 769 
3 1821 1175 5 
3 9 211 5 
10 234 6 249 251 255 1822 372 271 414 1112 
18 192 6 238 306 240 195 318 1823 329 251 717 263 199 269 271 275 1824 278 
683 1825 1826 1827 1828 1829 1830 1831 1832 1833 1834 1835 1836 1837 1838 1839 1840 1841 1842 1843 1844 1845 1846 1847 1848 1849 1850 1851 1852 1853 1854 1855 1856 1857 1858 1859 1860 1861 1862 1863 1864 1865 1866 1867 1868 1869 1870 1871 1872 1873 1874 1875 1876 1877 1878 1879 1880 1881 1882 1883 1884 1885 1886 1887 1888 1889 1890 1891 1892 1893 1894 1895 1896 1897 1898 1899 1900 1901 1902 1903 1904 1905 1906 1907 1908 1909 1910 1911 1912 1913 1914 1915 1916 1917 1918 1919 1920 1921 1922 1923 1924 1925 1926 1927 1928 1929 1930 1931 1932 1933 1934 1935 1936 1937 1938 1939 1940 1941 1942 1943 1944 1945 1946 1947 1948 1949 1950 1951 1952 1953 1954 1955 1956 1957 1958 1959 1960 1961 1962 1963 1964 1965 1966 1967 1968 1969 1970 1971 1972 1973 1974 1975 1976 1977 1978 1979 1980 1981 1982 1983 1984 1985 1986 1987 1988 1989 1990 1991 1992 1993 1994 1995 1996 1997 1998 1999 2000 2001 2002 2003 2004 2005 2006 2007 2008 2009 2010 2011 2012 2013 2014 2015 2016 2017 2018 2019 2020 2021 2022 2023 2024 2025 6 2026 2027 2028 2029 2030 2031 2032 2033 2034 2035 2036 2037 2038 2039 2040 2041 2042 2043 2044 2045 2046 2047 2048 2049 2050 2051 2052 2053 2054 2055 2056 2057 2058 2059 2060 2061 2062 2063 2064 2065 2066 2067 2068 2069 2070 2071 2072 2073 2074 2075 2076 2077 2078 2079 2080 2081 2082 2083 2084 2085 2086 2087 2088 2089 2090 2091 2092 2093 2094 2095 2096 2097 2098 2099 2100 2101 2102 2103 2104 2105 2106 2107 2108 2109 2110 2111 2112 2113 2114 2115 2116 2117 2118 2119 2120 2121 2122 2123 2124 2125 2126 2127 2128 2129 2130 2131 2132 2133 2134 2135 2136 2137 2138 2139 2140 2141 2142 2143 2144 2145 2146 2147 2148 2149 2150 2151 2152 2153 2154 2155 2156 2157 2158 2159 2160 2161 2162 2163 2164 2165 2166 2167 306 2168 2169 2170 2171 2172 2173 2174 2175 2176 2177 2178 2179 2180 2181 2182 2183 2184 2185 2186 2187 2188 2189 2190 2191 2192 2193 2194 2195 2196 2197 2198 2199 2200 2201 2202 2203 2204 2205 2206 2207 2208 2209 2210 2211 2212 2213 2214 2215 2216 2217 2218 2219 2220 2221 2222 2223 2224 2225 2226 2227 2228 2229 2230 2231 2232 2233 2234 2235 2236 2237 2238 2239 2240 2241 2242 2243 2244 2245 2246 2247 2248 2249 2250 2251 2252 2253 2254 2255 2256 2257 2258 2259 2260 2261 2262 2263 2264 2265 2266 2267 2268 2269 2270 2271 2272 2273 2274 2275 2276 2277 2278 2279 2280 2281 2282 2283 2284 2285 2286 2287 2288 2289 2290 2291 2292 2293 2294 2295 2296 2297 2298 2299 2300 2301 2302 2303 2304 2305 2306 2307 2308 2309 2310 2311 2312 2313 2314 2315 2316 2317 2318 2319 2320 2321 2322 2323 2324 2325 2326 2327 2328 2329 2330 2331 2332 2333 2334 2335 2336 2337 2338 2339 2340 2341 2342 2343 2344 2345 2346 2347 2348 2349 2350 2351 2352 2353 2354 2355 2356 2357 2358 2359 2360 2361 2362 2363 2364 2365 2366 2367 2368 2369 2370 2371 2372 2373 2374 2375 2376 2377 2378 2379 2380 2381 2382 2383 2384 2385 2386 2387 2388 2389 2390 2391 2392 2393 2394 2395 2396 2397 2398 2399 2400 2401 2402 2403 2404 2405 2406 2407 2408 2409 2410 2411 2412 2413 2414 2415 2416 2417 2418 2419 2420 2421 2422 249 2423 2424 2425 2426 2427 2428 2429 2430 2431 2432 2433 2434 2435 2436 2437 2438 2439 2440 2441 2442 2443 2444 2445 2446 2447 2448 2449 2450 2451 2452 2453 2454 2455 2456 2457 2458 2459 2460 2461 2462 2463 2464 2465 2466 2467 2468 2469 2470 2471 2472 2473 2474 2475 2476 2477 2478 2479 2480 2481 2482 2483 2484 2485 2486 2487 2488 2489 2490 2491 2492 2493 2494 2495 2496 2497 2498 2499 2500 727 1500 386 1428 
2 65 6 
5 6 350 372 271 64 
4 7 63 6 271 
2 6 62 
4 6 238 251 269 
2 1897 6 
1 7 
2 7 1297 
15 7 931 1626 161 828 286 11 109 12 422 87 13 1462 141 97 
1 7 
2 7 90 
3 149 888 7 
2 90 7 
1 7 
3 7 478 1146 
3 7 255 842 
4 1987 7 1297 13 
1 7 
1 7 
8 542 281 7 570 398 12 567 565 
2 7 129 
22 1471 46 286 1478 42 957 1297 1333 1032 119 214 282 109 230 25 1626 7 48 288 150 702 1103 
3 7 154 417 
1 7 
5 138 87 131 7 134 
10 1349 201 313 7 70 86 97 131 134 178 
2 7 986 
6 433 201 153 7 1475 138 
10 131 201 7 119 72 74 122 162 167 269 
5 256 434 861 7 918 
6 282 1987 203 828 1297 7 
1 7 
49 1987 849 1297 7 234 543 859 863 242 310 866 1376 101 597 2457 251 107 877 110 340 881 1168 885 359 780 886 887 126 889 198 381 895 898 900 389 391 400 912 173 1509 916 917 412 462 927 433 190 929 848 
1 7 
3 119 182 7 
8 131 70 141 1352 327 7 87 828 
3 313 138 7 
8 287 327 7 109 1396 1407 146 1411 
1 7 
4 94 888 7 302 
2 7 201 
1 7 
3 130 131 7 
1 7 
1 7 
6 190 1112 7 278 94 194 
4 282 126 7 762 
28 1297 7 259 282 70 1479 83 797 99 983 991 327 331 120 123 364 130 145 634 150 1058 151 160 161 1426 184 1182 433 
2 7 94 
1 7 
11 666 228 547 215 42 284 7 1077 27 1471 414 
10 336 7 1475 283 11 12 1626 313 1164 117 
2 7 286 
1 7 
4 7 1297 318 155 
8 283 12 7 138 113 313 11 336 
2 7 377 
14 7 296 83 90 96 133 634 148 155 162 166 269 178 187 
5 282 7 109 1336 203 
3 239 7 1432 
3 7 90 167 
2 109 7 
1 7 
7 7 281 318 363 127 133 175 
8 12 11 7 94 667 678 108 137 
2 125 7 
1 7 
2 82 7 
3 7 109 104 
20 327 1352 7 141 138 87 86 961 90 97 104 332 134 272 172 174 178 417 433 189 
2 7 162 
4 363 125 7 119 
7 87 7 131 1475 1626 86 178 
1 7 
2 138 7 
7 268 11 23 126 666 7 12 
19 7 27 228 282 86 89 98 317 1164 196 117 358 197 131 136 377 153 521 765 
1 7 
1 7 
6 7 70 97 131 161 166 
1 7 
1 7 
3 7 1449 1451 
2 109 7 
5 327 278 12 7 99 
1 7 
4 545 7 435 119 
4 281 861 7 73 
4 109 7 950 83 
5 31 7 109 49 36 
2 7 1626 
6 89 201 1524 7 1333 138 
2 7 84 
4 116 119 1297 7 
9 1297 7 1626 1462 1335 666 203 1019 961 
1 7 
1 7 
1 7 
2 7 109 
7 1626 185 141 109 70 7 166 
4 132 7 119 90 
2 282 7 
1 7 
4 7 278 12 543 
4 141 119 161 7 
3 7 90 122 
3 7 282 173 
1 7 
1 7 
9 1462 7 12 570 281 567 398 542 262 
4 7 1019 282 131 
3 7 94 168 
2 131 7 
2 7 125 
2 7 189 
6 202 1336 203 7 201 1626 
5 87 7 131 119 134 
5 1333 282 378 7 203 
1 7 
3 7 203 1449 
2 7 96 
1 7 
2 7 109 
3 7 161 188 
1 7 
3 1987 119 7 
2 185 7 
3 131 176 7 
9 22 11 7 94 666 296 107 395 412 
1 7 
4 22 8 60 12 
5 963 228 306 8 274 
3 8 422 107 
7 12 8 305 199 337 312 60 
14 8 12 888 23 377 245 46 11 278 345 1117 138 705 329 
11 23 11 434 138 278 986 327 271 8 1628 574 
7 12 11 8 278 94 276 273 
12 8 60 357 44 195 1139 1398 1246 1411 390 1605 427 
1 9 
21 1459 1629 1338 1479 441 87 89 90 102 327 338 532 9 378 211 153 177 755 1349 205 433 
2 9 177 
29 938 1548 956 1482 92 969 1376 1335 327 1388 338 1397 120 206 9 1043 377 722 378 212 1065 156 403 750 1525 177 179 181 842 
2 1462 9 
3 201 9 39 
8 203 1554 987 1566 1576 9 1599 1602 
8 1459 1333 1334 945 794 9 1037 769 
1 9 
4 1336 210 9 39 
9 533 39 50 46 211 209 16 27 9 
6 201 210 58 9 16 39 
2 203 9 
4 967 219 43 10 
41 284 216 666 938 791 942 27 792 554 83 957 964 1482 685 986 1486 806 788 226 692 1029 1031 228 1038 712 713 720 726 1053 10 1503 1078 828 830 25 1093 46 1099 1105 434 1110 
29 27 221 582 965 975 591 994 51 788 1004 112 611 1019 488 1028 228 710 1042 721 547 1051 820 1471 1062 10 1078 25 1087 1099 
10 224 219 488 547 214 666 10 25 771 1099 
2 666 10 
2 260 10 
8 213 216 793 804 1000 633 10 1078 
10 774 932 10 232 949 889 632 1508 1426 930 
5 1077 984 215 10 1462 
5 228 10 273 284 1334 
1 10 
5 10 666 216 284 773 
4 312 934 10 933 
12 1459 963 1460 570 27 10 214 666 284 571 228 540 
9 966 1629 27 284 10 1336 522 1092 46 
110 571 547 214 984 666 931 215 1462 27 284 1467 10 938 1637 672 193 944 945 794 222 795 1528 796 956 582 682 968 969 970 686 978 983 989 991 994 51 802 995 997 327 805 807 226 692 1009 112 611 695 701 1023 705 707 1334 708 811 1035 1040 1041 1473 815 716 138 816 817 56 718 719 720 377 723 1054 1056 1501 1059 730 1064 732 733 1066 735 1070 1634 1072 1077 1079 743 399 830 831 1081 403 834 1525 50 1090 1179 1092 46 1096 755 1100 840 429 759 843 844 845 762 768 1113 
3 1524 934 10 
21 10 1524 1462 934 672 1359 83 1447 978 1016 698 702 708 1452 719 1455 45 1511 755 1437 767 
3 10 1019 1529 
4 10 220 499 517 
2 10 765 
4 94 11 281 59 
3 574 11 12 
2 12 11 
9 425 696 273 1468 276 1628 666 11 23 
4 11 12 60 66 
14 567 543 11 570 553 12 22 26 345 435 857 121 419 927 
8 11 60 666 1479 1628 345 23 278 
1 11 
6 492 11 94 916 12 891 
8 463 259 452 13 12 11 437 260 
3 11 268 896 
7 278 12 11 345 1044 291 196 
5 11 12 1117 252 398 
7 11 13 23 12 372 441 451 
8 23 666 435 1628 11 273 752 425 
6 59 12 11 283 61 666 
14 13 11 12 452 311 993 253 446 1167 455 456 458 1181 465 
5 60 66 94 59 11 
8 1044 12 11 246 544 559 270 272 
6 250 259 265 11 266 446 
8 337 11 27 1475 1524 666 1022 1057 
4 59 13 11 77 
13 345 11 543 12 22 780 567 26 24 91 329 395 924 
9 335 513 345 12 574 341 295 11 337 
3 12 435 11 
13 11 25 791 937 441 243 109 253 812 265 266 755 463 
10 11 12 1459 1333 218 1462 243 346 448 460 
5 276 26 278 24 11 
5 171 23 11 12 634 
15 553 1068 12 567 565 22 11 312 337 324 548 60 336 306 1824 
2 11 12 
7 259 463 11 253 446 451 266 
4 265 11 259 253 
10 283 562 11 1127 1132 567 574 890 12 26 
4 11 12 244 137 
12 414 11 60 281 569 284 422 90 23 12 119 66 
4 11 252 12 1044 
8 64 23 12 60 63 59 11 197 
7 252 395 888 11 417 332 131 
11 23 666 11 1628 248 222 237 198 752 415 425 
5 11 193 958 12 666 
3 11 666 60 
10 11 337 237 617 198 261 914 752 412 425 
5 12 345 359 612 11 
20 11 12 60 860 240 245 1823 330 331 107 196 197 888 198 146 261 165 412 417 434 
3 398 12 11 
3 342 350 12 
41 234 283 1979 543 81 19 477 958 862 2246 1376 871 595 779 334 566 342 347 357 125 26 12 24 373 1198 496 149 384 398 906 400 908 269 773 171 408 511 414 919 925 1117 
53 671 792 675 553 83 92 313 685 1376 690 1819 1486 807 108 693 109 1018 701 1024 120 1027 811 1041 12 712 813 138 720 378 1047 726 1591 1065 734 735 1634 826 163 1079 168 1820 1635 1468 172 1510 1639 45 179 1103 761 764 1110 769 
21 281 774 571 941 249 324 333 334 335 340 113 343 345 117 359 12 267 21 917 22 421 
101 572 667 668 670 791 942 27 946 793 294 222 1479 955 678 956 681 224 963 964 965 966 313 969 685 972 974 975 591 982 1186 988 998 804 1000 788 226 694 112 342 1014 535 349 1017 699 1019 1020 1023 702 704 707 1031 227 1034 228 1038 12 1497 571 713 1044 714 1452 723 1453 1053 820 1054 214 821 1471 1063 388 733 737 391 1076 1077 741 1078 829 745 269 832 751 1087 50 1291 414 836 1091 1092 20 46 1098 1099 757 1103 1105 1443 434 1110 
6 482 12 630 633 656 657 
31 70 27 1338 945 675 796 83 1480 1524 1376 1333 998 338 114 446 1035 12 718 378 386 1472 826 828 25 403 1468 1462 1349 433 1113 1475 
10 1846 99 342 361 362 364 12 406 513 468 
5 83 2457 692 12 1197 
2 12 319 
6 12 322 1382 877 446 715 
3 12 312 245 
1 12 
4 346 12 322 380 
13 27 1084 284 773 963 12 571 580 558 633 382 904 512 
7 313 24 326 12 1400 257 634 
4 119 12 306 190 
1 12 
3 357 1297 12 
2 312 12 
6 1334 612 1335 12 341 569 
2 1672 12 
5 12 347 574 542 101 
6 918 1129 1514 574 12 1495 
3 12 1979 1297 
4 361 12 195 431 
16 12 22 60 61 567 435 565 193 296 329 349 1145 263 787 756 426 
1 12 
1 12 
2 12 691 
4 26 94 12 422 
6 250 448 12 465 13 446 
13 1987 12 551 291 299 195 225 263 396 404 408 423 467 
12 957 284 12 282 295 87 314 98 113 117 359 377 
11 388 313 12 24 410 567 22 773 1400 363 394 
2 345 12 
2 569 12 
4 138 12 359 577 
5 60 398 125 12 116 
2 12 289 
1 12 
2 12 341 
4 12 380 293 290 
2 14 12 
10 335 774 343 283 773 566 12 337 369 263 
7 378 13 1333 448 12 440 348 
2 12 295 
15 228 203 12 201 1335 109 97 99 1451 197 131 722 634 146 753 
2 12 666 
6 196 12 306 358 60 256 
3 278 371 12 
12 278 27 109 23 22 574 345 1523 705 434 12 558 
7 545 22 131 1117 567 12 272 
11 774 283 543 12 932 574 963 335 542 541 606 
7 1297 337 281 335 283 12 1392 
15 564 12 571 283 324 333 334 608 343 257 709 1043 21 30 765 
5 12 113 117 363 263 
25 774 324 12 1122 357 441 798 195 2440 334 341 1392 254 257 1407 263 1605 402 914 412 461 415 418 1429 276 
12 378 1462 201 931 286 966 1468 1333 706 12 533 203 
2 12 437 
7 94 283 12 359 1488 642 752 
14 1297 337 357 12 300 1370 321 1392 1394 257 1405 1407 914 412 
10 1129 27 280 535 281 284 563 287 12 570 
7 574 283 570 335 12 541 324 
7 513 464 569 12 574 1068 548 
17 283 574 12 239 240 245 315 331 196 256 257 634 405 412 656 277 434 
3 260 12 293 
11 12 541 281 543 26 542 302 882 373 916 464 
2 12 325 
3 284 306 12 
5 280 548 12 63 414 
1 12 
3 12 44 445 
5 542 541 12 28 374 
3 22 12 634 
1 12 
2 12 410 
7 281 12 298 337 341 1392 199 
4 138 12 1459 329 
21 283 313 12 541 26 94 570 543 542 435 856 317 340 882 888 373 394 909 912 913 277 
1 12 
7 12 1297 287 2016 305 1398 431 
5 287 12 799 402 424 
6 336 314 12 125 133 909 
7 778 24 109 781 12 287 371 
3 1866 1943 12 
1 12 
1 12 
1 12 
2 324 12 
1 12 
9 567 862 24 12 1199 778 330 364 781 
8 569 63 59 12 13 247 612 646 
15 281 359 347 570 26 12 777 1133 882 888 400 913 752 413 1153 
3 891 12 353 
1 12 
2 12 396 
16 203 12 1334 957 448 313 1471 138 228 23 13 196 118 737 411 466 
15 931 13 203 338 1333 201 286 1462 1468 12 533 706 282 325 179 
1 12 
4 293 12 448 322 
3 12 26 94 
4 294 22 12 401 
2 12 432 
3 281 12 430 
4 624 12 1078 1117 
4 13 12 286 61 
3 1528 1052 12 
6 24 284 12 957 410 314 
3 94 12 416 
2 199 12 
3 94 284 12 
2 13 12 
3 1628 12 22 
3 12 359 314 
4 12 256 190 272 
4 312 376 12 1297 
3 571 12 26 
8 12 281 81 246 318 171 422 279 
2 12 228 
4 281 12 373 94 
3 382 22 12 
8 362 337 543 12 567 990 542 535 
9 957 12 23 228 1334 13 203 286 1471 
2 12 312 
2 345 12 
6 12 287 2482 2016 1377 1383 
3 26 12 597 
3 312 281 12 
2 1375 12 
7 12 1336 24 314 356 388 649 
7 12 638 656 1132 434 597 377 
12 12 434 345 94 337 341 612 278 190 513 276 26 
2 373 12 
13 1335 350 12 1297 986 281 284 112 59 1479 1145 269 425 
3 273 337 12 
2 12 389 
9 574 131 422 567 84 12 278 634 272 
2 337 12 
3 12 1459 239 
2 12 570 
3 283 26 12 
11 12 666 51 1655 398 542 70 194 310 269 417 
2 12 312 
5 12 542 543 362 924 
9 414 276 273 696 1417 248 23 12 237 
2 306 12 
2 199 12 
3 24 521 12 
5 12 1194 228 1468 1394 
3 12 384 1987 
4 12 361 22 305 
5 12 22 383 599 567 
9 131 1297 201 109 286 12 94 89 634 
21 22 345 12 26 278 46 906 284 214 91 1823 1488 331 704 197 1063 1509 914 411 412 1824 
13 567 12 667 678 239 306 683 248 882 359 258 148 1086 
1 12 
8 533 243 438 339 1348 1083 13 34 
6 437 1396 1348 1818 13 1426 
5 440 441 451 13 1261 
6 13 463 325 1336 1334 439 
6 439 337 201 259 13 247 
4 13 443 1335 783 
3 783 13 442 
1 13 
3 352 1366 13 
11 265 250 290 452 311 465 1417 458 13 253 286 
1 13 
10 13 260 311 325 449 377 380 457 459 468 
4 1987 13 448 468 
3 963 564 13 
5 439 265 13 463 247 
5 13 243 250 446 458 
1 13 
1 13 
2 250 13 
2 13 250 
2 448 13 
5 452 13 250 993 446 
2 13 448 
2 13 260 
2 13 337 
3 94 13 857 
6 259 13 440 243 451 265 
3 347 13 344 
4 250 13 311 446 
2 13 377 
2 13 312 
4 448 13 287 449 
1 14 
2 775 14 
1 14 
1 14 
3 1460 14 1336 
2 17 14 
1 14 
1 14 
3 14 281 1297 
3 14 76 1823 
2 563 14 
3 14 22 561 
1 14 
2 285 14 
2 14 782 
1 14 
2 563 14 
1 14 
1 14 
13 215 14 216 53 682 591 1186 51 1190 1191 1192 33 764 
1 14 
1 14 
3 14 579 919 
2 14 242 
3 1979 14 1117 
2 17 14 
2 14 772 
2 281 14 
1 14 
2 1468 14 
2 232 14 
2 14 509 
2 949 14 
1 14 
2 14 1336 
3 1127 548 14 
1 14 
2 1117 14 
1 14 
1 14 
3 14 564 500 
1 14 
2 281 14 
4 22 294 14 1133 
12 14 287 860 961 1823 594 344 257 722 634 914 412 
3 1117 570 14 
1 14 
2 14 1117 
2 14 232 
2 1336 14 
2 529 15 
3 522 2106 15 
7 1654 138 798 522 15 634 428 
23 1132 841 820 986 1131 521 685 842 227 938 1873 1898 672 2106 2499 1490 1008 1190 1396 15 1175 520 1253 
2 525 15 
8 526 1336 1333 1399 1540 1544 1567 15 
3 529 15 523 
8 524 15 708 1589 732 1600 1611 1285 
1 15 
1 15 
3 15 525 519 
1 15 
1 15 
2 201 16 
24 437 1207 1208 1210 1212 1214 1215 1376 210 1221 1199 338 1393 1228 378 819 16 1250 1254 1256 34 1257 1258 1261 
2 17 873 
11 932 570 284 17 582 779 880 342 621 623 402 
1 17 
2 949 17 
2 949 17 
1 17 
3 17 226 888 
22 543 19 682 590 594 602 603 333 609 343 611 347 353 359 780 620 631 632 637 640 651 567 
38 570 22 565 27 571 543 302 81 19 583 585 600 333 608 556 347 353 359 619 709 889 625 1043 631 895 640 644 903 21 906 402 652 171 656 422 424 765 661 
19 925 94 570 541 542 281 26 19 239 587 333 347 359 617 256 165 402 655 424 
3 780 252 19 
4 861 19 332 148 
4 19 574 570 861 
28 216 215 582 978 1186 1009 112 1014 1019 1031 228 1473 43 713 720 726 1066 822 1072 826 1077 828 1090 20 46 754 845 761 
7 682 344 350 263 504 773 20 
1 20 
1 20 
3 571 312 20 
3 20 713 1145 
16 20 1459 22 565 567 282 1462 21 949 239 558 560 714 783 635 263 
4 27 214 23 20 
2 20 563 
3 571 20 542 
3 20 750 927 
7 553 563 294 567 20 27 331 
4 20 252 1044 563 
4 553 963 20 901 
2 20 480 
3 267 21 656 
19 27 573 949 555 865 980 479 2467 602 608 342 485 699 1026 558 559 630 724 21 
4 335 450 21 509 
16 574 553 81 306 584 586 596 1018 889 895 641 263 21 542 657 660 
6 773 281 324 21 914 1117 
50 574 541 1363 571 963 553 81 239 582 306 583 584 587 314 799 600 332 604 606 612 613 615 616 617 558 256 709 889 625 713 371 1044 630 895 641 644 263 267 648 21 402 171 417 656 432 765 660 661 435 665 
1 21 
8 941 300 316 344 1822 372 269 22 
31 543 81 239 865 597 779 875 226 342 343 535 881 699 359 617 26 24 373 546 783 786 542 171 22 655 656 514 420 765 660 663 
27 932 284 551 941 283 294 952 579 980 602 226 335 606 556 1026 228 625 713 1044 630 1198 1363 397 542 22 656 567 
2 22 284 
3 563 949 22 
37 567 22 577 565 235 302 303 580 583 600 331 605 333 608 343 344 345 612 197 257 1043 1044 629 631 546 1145 641 645 646 267 652 918 654 417 656 658 1432 
1 22 
2 775 22 
4 22 574 317 1574 
4 22 625 614 647 
8 27 22 571 583 585 491 631 652 
3 22 294 574 
1 22 
13 535 1524 968 215 22 27 1085 228 666 547 1132 567 1475 
5 542 579 567 574 22 
3 22 567 565 
3 22 542 579 
3 1123 565 22 
3 567 22 543 
2 1297 22 
2 22 604 
2 22 541 
11 671 488 22 944 215 1007 284 1078 1536 1568 732 
2 22 614 
4 618 22 1495 650 
3 22 541 513 
4 281 22 2482 1500 
2 565 22 
6 570 22 94 657 407 411 
4 22 1168 613 1142 
3 22 432 663 
4 542 574 567 22 
1 22 
5 563 571 541 22 632 
3 541 22 609 
6 926 22 567 589 609 637 
2 574 22 
4 22 571 333 567 
1 22 
8 542 765 335 1604 574 1132 22 563 
5 541 22 604 603 637 
2 22 23 
10 1117 1468 1466 228 215 1471 541 1461 1628 22 
8 22 372 567 574 300 914 412 277 
4 598 567 22 1508 
3 592 22 578 
2 22 567 
2 567 22 
5 567 22 276 570 543 
3 22 593 1495 
3 1117 542 22 
3 645 541 22 
2 22 535 
1 22 
2 535 22 
2 22 385 
6 567 22 542 571 578 647 
2 775 22 
1 22 
1 22 
2 574 22 
6 22 285 567 571 563 660 
5 579 541 542 22 574 
4 22 220 541 602 
4 294 285 22 219 
18 731 1604 1528 433 295 521 109 262 722 1334 23 22 513 345 417 119 354 327 
2 22 553 
1 22 
4 609 541 22 604 
2 22 411 
1 22 
3 541 22 542 
5 574 22 567 565 1034 
2 340 22 
1 22 
3 22 567 542 
3 574 22 620 
3 372 574 22 
3 22 625 578 
2 22 567 
2 22 410 
2 593 22 
2 22 541 
4 574 579 542 22 
1 22 
2 574 22 
3 570 22 543 
12 542 285 22 574 571 1132 562 570 345 567 704 411 
5 22 565 285 1297 597 
3 574 2433 22 
1 22 
5 630 570 567 22 565 
3 567 542 22 
3 1199 1198 22 
3 599 570 22 
1 22 
3 567 1260 22 
126 216 217 937 669 938 791 940 671 672 673 942 27 945 946 23 237 956 681 582 240 224 682 966 684 969 970 685 971 972 977 978 982 690 1186 1819 984 986 1486 993 994 248 51 249 997 328 788 1001 226 692 1007 1008 694 1012 112 1013 696 1016 698 1018 254 1023 704 1029 1034 228 1035 1039 1042 43 713 137 816 1045 817 1452 720 723 1046 784 1453 1051 33 1053 1054 214 1057 1595 731 1471 1063 1064 156 1634 1503 1072 1460 1079 743 831 25 1080 748 1085 273 1087 1291 1090 836 1511 1640 754 1096 1097 274 755 422 1103 275 1104 1106 842 760 765 1443 190 769 
6 693 683 435 284 23 126 
11 284 42 27 820 23 670 674 681 1051 741 757 
2 23 666 
7 284 1334 46 668 681 682 23 
32 666 986 1818 1334 1333 1091 1007 23 282 1524 1462 1636 1337 1631 1359 1632 1373 591 700 1037 812 715 730 1064 736 825 742 1095 1512 760 1513 769 
7 23 666 228 522 230 841 1293 
3 23 1471 666 
2 668 23 
11 23 931 986 282 1462 1818 286 945 997 1008 746 
2 23 1117 
1 23 
7 23 693 284 435 683 931 126 
2 1334 23 
3 27 23 1007 
13 1462 751 1334 1019 284 666 46 668 23 670 704 1051 741 
10 1471 228 23 541 666 488 1466 548 670 741 
8 23 435 1462 667 678 693 729 742 
10 27 23 831 666 1437 986 1334 792 973 817 
20 23 214 282 666 1471 1628 284 794 522 994 1494 811 713 725 726 1502 739 46 841 764 
9 228 768 23 1333 1524 1336 1334 1462 1437 
1 23 
1 23 
1 23 
3 282 23 666 
2 309 23 
6 214 1297 288 228 23 666 
6 683 734 23 282 667 678 
10 1471 23 1469 27 666 284 700 701 749 1095 
2 23 228 
5 666 23 237 731 425 
4 820 23 1454 762 
4 23 230 666 818 
5 284 563 570 1528 23 
7 671 23 737 1333 1334 694 1007 
12 1335 788 1462 27 694 1336 228 1468 1361 1077 23 282 
8 1078 284 46 1466 23 1437 230 83 
6 46 27 1437 23 987 719 
9 284 27 46 931 666 681 434 656 23 
5 228 23 1334 331 196 
11 1336 1462 768 1333 23 1334 997 338 716 378 724 
6 228 957 1471 23 284 1443 
14 1433 23 1334 1007 1089 1100 1094 230 1000 228 1054 1524 1437 526 
9 1091 335 567 735 1334 542 23 765 750 
5 23 1078 215 1019 721 
1 23 
9 27 1441 1524 986 23 214 1443 42 282 
15 685 1471 547 552 27 666 571 567 214 1017 1044 23 284 1467 760 
3 284 23 553 
5 23 671 290 986 1091 
9 23 1462 1333 228 1334 1336 706 768 724 
2 23 60 
5 23 751 286 228 1818 
10 1016 23 230 1107 1475 1437 228 703 1639 1818 
10 1471 1334 228 42 23 282 666 547 214 27 
9 1078 984 1077 710 23 986 1461 1467 215 
5 327 23 203 513 634 
8 23 666 1470 228 1462 1471 1361 284 
6 706 716 563 46 1817 23 
11 1007 685 1524 1023 1632 1091 986 1818 1186 23 739 
15 1007 547 685 1471 25 1023 1074 282 986 214 1333 27 841 23 1467 
3 23 61 2088 
1 23 
3 23 1334 683 
5 1462 228 23 671 737 
5 23 820 696 666 634 
16 49 33 1039 1528 228 1471 1604 591 1264 35 23 526 1561 1188 1139 1394 
11 1462 284 1524 23 1077 1443 1460 27 228 828 1333 
5 1462 1297 23 282 693 
10 282 966 228 1524 972 1091 23 1390 709 750 
10 1186 23 1818 1091 1007 986 671 1023 1333 1373 
6 1297 284 377 23 700 730 
2 23 1334 
9 986 764 1818 23 1023 685 1007 1186 725 
1 23 
7 681 23 682 46 668 1334 284 
3 683 671 23 
4 666 766 23 228 
1 23 
3 284 957 23 
5 1186 769 1818 23 675 
3 986 23 1333 
3 48 666 23 
3 694 23 1186 
8 1334 1091 557 23 1604 203 735 709 
8 23 1627 1626 284 1524 681 718 757 
6 273 276 373 340 23 248 
3 327 23 1626 
6 1361 666 547 23 27 1019 
9 228 666 259 23 230 1471 996 1334 201 
4 306 1092 23 1334 
7 46 1334 23 668 1462 284 751 
2 1292 23 
4 1334 1524 228 23 
6 1334 1335 23 666 713 671 
6 1044 1077 23 27 282 547 
8 1503 108 23 1019 1024 45 697 228 
2 23 1506 
20 769 986 1091 685 1007 1054 1186 1023 282 1818 44 23 1333 488 1462 1359 1006 1638 739 1104 
11 138 666 542 27 567 23 570 233 335 608 709 
2 23 743 
5 27 23 230 46 1626 
12 23 1334 1333 1468 228 1336 1462 686 997 1015 706 716 
26 1091 207 1013 46 1462 666 1333 56 23 1817 1460 1007 282 1471 51 986 54 1818 671 27 1019 1359 1006 746 1104 764 
1 23 
5 216 24 773 776 1117 
3 24 495 775 
11 548 771 281 294 958 224 314 324 566 24 776 
10 220 1930 283 1293 324 333 337 24 1348 775 
6 772 774 470 576 626 24 
3 771 773 24 
6 1044 787 373 26 24 922 
3 371 24 364 
5 24 570 26 281 535 
7 94 1123 541 24 26 544 256 
3 24 371 364 
2 24 483 
5 24 570 553 442 443 
3 1092 24 666 
2 24 849 
2 24 570 
6 24 306 1044 777 1146 1153 
15 284 215 933 931 666 214 27 797 964 965 51 701 1079 25 1092 
5 25 800 814 795 834 
4 1468 25 831 1333 
5 284 666 214 25 259 
7 1460 214 282 684 953 1462 25 
9 1460 1054 804 1019 1443 284 25 219 1462 
11 1013 228 685 25 1016 820 986 207 1190 1359 840 
9 1475 800 228 25 789 803 833 841 844 
3 228 25 286 
4 940 25 109 788 
3 337 25 521 
3 567 25 362 
7 25 789 795 814 833 841 844 
1 25 
3 25 228 1628 
2 25 795 
6 1462 793 284 219 25 1498 
3 1336 25 228 
4 1471 1077 25 214 
4 228 282 966 25 
1 25 
7 966 1333 1336 25 1462 1637 46 
2 25 986 
9 282 1016 228 685 966 1099 984 25 1465 
3 259 671 25 
2 25 282 
7 800 25 789 833 834 841 844 
4 228 1077 25 1525 
6 666 228 1029 25 1019 1448 
6 986 1110 666 25 228 684 
2 698 25 
2 25 533 
25 1465 1461 25 1467 284 215 1019 984 668 794 1480 522 1485 995 1189 1009 697 1028 731 1071 1082 910 1103 1512 1107 
3 284 25 1627 
5 1818 1524 1333 25 547 
4 25 1440 1434 45 
5 33 25 56 1471 1186 
3 25 671 1626 
15 1462 46 286 547 957 1334 1459 25 282 1336 938 1077 1333 1818 1046 
1 25 
17 1336 286 1019 1628 214 547 27 1361 25 1462 70 92 97 1139 1397 733 1504 
6 25 957 284 36 1304 1291 
6 214 25 228 1462 1471 931 
9 25 1524 666 228 790 684 1022 1029 1057 
3 25 284 1336 
5 1475 795 25 814 800 
7 228 789 844 25 814 1626 1148 
3 25 957 986 
6 666 1627 1524 25 1443 284 
3 938 957 25 
4 1054 1091 1524 25 
2 25 1077 
6 1013 228 794 1099 984 25 
14 986 685 25 814 1074 800 46 795 1019 672 2186 522 1006 726 
9 1334 25 203 1336 666 957 77 522 1574 
5 1054 228 1000 25 1462 
8 814 795 228 1475 800 25 1611 834 
6 1333 1467 25 547 228 1818 
2 25 1333 
1 26 
2 94 26 
4 94 26 785 909 
1 26 
3 911 1297 26 
1 26 
2 890 26 
1 26 
2 26 890 
4 26 359 870 922 
4 889 239 462 26 
2 26 890 
3 26 94 887 
3 513 278 26 
7 26 91 871 545 891 546 149 
3 281 26 371 
4 928 94 898 26 
1 26 
3 570 563 26 
2 94 26 
1 26 
1 26 
3 911 1297 26 
2 856 26 
4 988 26 281 861 
1 26 
4 534 26 1123 926 
2 26 885 
2 570 26 
1 26 
4 94 1044 290 26 
1 26 
2 949 26 
3 887 535 26 
3 94 26 570 
5 359 347 26 435 373 
1 26 
1 26 
4 94 874 26 922 
2 94 26 
5 94 859 26 1566 880 
12 373 1117 988 898 26 359 540 278 73 101 196 272 
8 567 565 542 26 94 220 857 912 
7 26 853 855 858 891 267 910 
5 26 890 861 242 374 
1 26 
1 26 
1 26 
5 567 26 542 565 94 
2 244 26 
2 26 1092 
4 26 94 863 888 
1 26 
2 26 94 
2 560 26 
1 26 
3 542 906 26 
2 294 26 
1 26 
6 26 281 542 903 908 434 
1 26 
4 26 281 906 927 
4 363 359 849 26 
3 820 890 26 
3 26 851 869 
4 359 889 26 94 
3 359 26 373 
8 434 26 566 337 612 276 513 341 
2 26 927 
5 94 26 1099 347 242 
3 283 94 26 
4 26 574 303 91 
3 281 26 491 
1 26 
1 26 
4 777 885 856 26 
1 26 
4 980 424 26 256 
4 26 281 1952 543 
4 873 26 1308 604 
6 94 908 557 915 26 239 
2 26 863 
2 94 26 
2 26 220 
20 70 27 945 675 678 1524 997 998 1000 788 338 1019 704 228 378 1063 1420 830 1080 46 
10 220 27 1126 333 535 43 571 1363 1360 30 
5 27 1477 225 788 1595 
6 27 225 1004 229 230 1062 
2 1019 27 
7 938 957 1336 1102 1091 27 1334 
3 666 27 259 
32 957 214 1334 666 228 203 27 936 945 1478 1482 522 969 1819 983 991 997 1490 1002 1010 1017 1037 1040 1046 1066 1072 826 1602 1525 1090 837 1102 
1 27 
7 666 1019 959 27 797 1015 1060 
4 283 571 27 569 
6 1333 666 27 284 1462 214 
1 27 
7 975 1018 27 228 591 1028 1056 
11 286 938 675 1333 1334 207 666 931 228 1818 27 
5 1528 1064 284 666 27 
1 27 
3 27 986 957 
10 27 563 553 988 220 573 537 879 538 501 
3 27 1077 150 
1 27 
2 27 571 
5 27 968 792 1028 1107 
1 27 
3 284 1019 27 
8 203 27 666 284 1334 1333 228 969 
29 1475 27 1524 1468 214 936 938 948 83 1482 313 1819 983 991 1486 1002 1017 707 377 388 826 829 745 403 835 1525 837 842 1111 
4 281 27 773 274 
3 27 1465 940 
1 27 
6 1334 27 39 513 156 131 
3 27 984 1017 
10 284 27 193 294 226 333 1026 560 450 567 
5 214 788 1336 27 284 
5 284 27 788 215 1087 
14 666 1336 284 27 1819 998 1000 807 338 809 1394 227 811 735 
2 213 27 
11 1629 1462 228 27 1627 1628 1524 1443 1441 953 582 
10 938 956 203 284 228 1475 1333 27 666 1334 
9 228 1458 1469 27 666 51 56 1059 1113 
2 666 27 
5 666 27 284 1336 735 
2 684 27 
4 1528 27 1064 284 
9 1465 984 1019 215 27 1078 284 944 1018 
1 27 
8 1336 666 996 1038 1655 27 1491 1036 
11 1361 1336 27 666 230 228 1091 547 1077 1335 1627 
2 27 1092 
5 1068 563 27 571 924 
1 27 
4 1626 27 666 284 
7 957 1033 109 938 27 228 991 
14 1099 666 27 221 962 975 811 228 721 820 1460 1078 1082 840 
2 27 1362 
32 214 666 27 671 948 794 675 88 522 684 992 994 1574 810 197 1191 712 715 1045 817 721 725 726 736 739 747 835 414 46 841 764 769 
8 1528 1443 1077 703 206 45 1054 27 
6 27 284 1019 949 871 888 
3 27 228 1468 
5 1000 27 995 999 402 
8 27 1094 957 109 1033 938 228 983 
2 27 986 
5 458 1458 27 250 666 
7 228 1091 986 27 215 666 685 
5 27 1018 820 228 990 
9 1471 1474 1655 1336 1462 27 977 1016 755 
11 768 666 228 1818 931 938 1333 27 675 706 1334 
5 27 931 284 966 286 
3 27 990 1018 
10 931 284 219 27 966 990 1013 708 1073 843 
2 666 27 
5 1468 27 938 1019 957 
1 27 
6 934 27 1470 215 1045 1062 
4 27 1461 1019 1465 
5 769 27 841 764 56 
36 27 1361 1336 666 1091 1524 1460 1334 1337 671 680 1480 1481 1484 591 1819 1486 1489 1491 1015 700 708 1035 1036 1037 1040 725 726 1064 736 739 1639 1511 764 1109 769 
5 1334 675 666 27 522 
10 820 228 1818 27 1465 1334 1458 1054 547 1524 
5 1528 938 1526 27 1541 
2 1533 27 
2 666 27 
10 1000 666 1336 27 794 1016 1035 840 1104 769 
3 547 27 284 
8 27 768 940 1060 1470 1334 1459 1007 
12 996 666 230 1334 27 1013 1038 1655 794 811 719 1095 
9 957 1033 962 284 1334 27 938 1434 713 
8 27 282 666 565 975 944 995 999 
31 931 1467 547 284 215 27 935 940 793 955 681 975 1819 988 1002 1005 710 816 1818 820 231 156 828 172 46 754 1105 841 762 1443 769 
2 284 27 
4 27 1478 1179 1332 
6 254 27 1029 1057 1475 831 
13 27 1626 228 666 1334 284 1443 1024 725 726 736 739 764 
9 1629 1023 1462 1336 282 27 1448 1454 762 
3 27 1302 1306 
4 963 27 563 571 
6 27 1462 282 1103 1443 1054 
6 27 215 944 820 953 1054 
8 1475 27 214 831 666 1022 816 1057 
1 27 
9 1471 1038 46 214 27 1266 284 1462 547 
2 27 83 
8 27 1626 1334 1819 983 991 1017 1525 
5 284 641 27 666 42 
9 286 1334 27 228 1460 1007 1013 1818 666 
3 977 27 1007 
7 1334 1007 671 27 207 938 46 
9 284 27 1462 214 977 1016 1031 1050 1053 
3 27 666 732 
5 1007 228 27 938 1334 
3 27 228 282 
5 666 27 1460 42 215 
5 574 335 542 203 27 
15 44 574 284 571 27 567 777 245 252 877 559 713 270 787 761 
8 1462 1336 1464 666 27 986 1335 1004 
5 1818 666 938 27 826 
3 1297 282 27 
1 27 
1 27 
4 27 1038 1471 1077 
12 1470 46 666 681 1334 1333 668 27 1462 1467 215 1460 
3 27 1055 387 
10 1459 1266 666 27 214 1462 1038 46 284 1471 
19 1524 284 666 27 228 1629 1441 793 987 1009 1027 1028 708 1065 1263 838 1103 843 764 
2 27 1052 
5 1524 27 228 944 1077 
8 831 1029 666 27 1626 254 1475 1022 
2 27 109 
3 970 228 27 
3 940 27 1015 
2 27 1336 
4 934 1004 27 215 
6 46 666 284 27 434 931 
8 228 1818 27 671 666 1007 946 974 
6 1626 1817 1054 282 203 27 
6 27 1072 547 1818 938 228 
2 1818 27 
4 27 980 344 263 
1 27 
3 1626 228 27 
5 820 1199 1091 46 27 
7 27 666 547 938 228 1818 1066 
2 1000 27 
5 27 42 1485 726 841 
4 27 1629 42 1628 
2 27 284 
24 27 228 547 284 1462 221 950 1480 978 987 806 112 701 815 721 1818 1050 1056 733 826 1079 1094 839 761 
15 1462 214 984 27 284 1465 219 1099 215 975 591 702 710 721 385 
9 1462 1077 228 282 1361 27 666 1336 788 
3 27 666 931 
2 27 228 
4 984 1465 820 27 
2 27 437 
2 27 294 
4 27 666 582 1437 
2 27 435 
5 965 666 284 215 27 
1 27 
2 27 708 
6 27 938 1818 666 547 228 
25 27 1524 1462 1333 284 1361 1459 936 671 1632 978 994 51 1007 709 715 725 735 736 1071 750 838 764 1109 769 
10 227 284 1361 788 979 27 228 784 897 756 
2 214 27 
8 1462 27 1077 991 51 708 1818 1109 
6 1639 1016 694 27 671 1336 
5 27 1334 1618 666 228 
2 666 27 
2 27 284 
12 284 27 216 215 214 984 811 1473 1078 916 46 840 
6 1336 228 1627 1628 27 708 
2 1334 27 
5 27 1336 1334 938 936 
10 27 282 820 1460 1054 666 284 83 1027 1107 
6 764 666 769 27 1013 1359 
6 42 214 27 1460 284 1019 
4 1334 666 27 1628 
6 953 1103 27 820 1478 719 
1 27 
5 1091 1094 1334 27 1007 
9 1460 284 42 214 1361 27 282 1337 817 
2 27 957 
3 59 27 107 
7 970 1291 286 228 27 1302 1306 
1 28 
1 28 
1 28 
17 566 281 771 28 676 246 332 611 196 619 888 493 385 1149 506 514 516 
1 28 
1 28 
1 29 
1 29 
4 1376 337 1533 30 
4 586 873 780 30 
1 30 
1 30 
4 1128 1127 932 31 
5 1126 31 1128 267 504 
5 1514 1132 1127 1126 31 
7 1135 303 342 31 1277 1602 1606 
5 1527 1565 31 1591 1602 
3 522 31 1253 
8 582 522 608 31 1128 267 411 656 
3 31 373 512 
4 1325 31 49 36 
2 1129 31 
4 36 31 49 1542 
4 36 31 49 1178 
3 36 31 49 
6 36 732 31 49 828 199 
4 31 36 1654 49 
3 31 49 36 
4 36 49 31 598 
1 31 
1 31 
7 306 36 49 574 31 552 414 
4 31 787 1147 76 
3 31 1146 1607 
4 834 31 49 36 
4 36 49 31 1117 
1 31 
1 31 
8 1296 36 1290 2222 1295 1298 49 31 
3 31 787 373 
3 31 36 49 
1 32 
1 32 
2 1159 32 
1 32 
3 32 1157 1168 
1 32 
3 32 1175 1185 
1 32 
2 1183 32 
4 32 1626 138 113 
1 32 
2 32 1170 
2 250 32 
7 1470 1199 32 598 1198 94 1159 
1 32 
3 32 1183 1166 
1 32 
2 1173 32 
2 32 1172 
2 1183 32 
4 1161 57 522 32 
1 32 
1 32 
3 1938 1137 32 
3 1021 32 228 
2 32 1182 
2 32 250 
4 109 1336 32 1180 
5 32 1626 1163 1170 1174 
1 32 
2 32 1161 
14 42 666 284 488 547 1191 725 33 736 824 739 746 749 764 
3 33 1549 1558 
3 33 732 1189 
3 33 820 1188 
4 522 488 33 794 
4 33 488 986 1186 
3 33 1462 488 
1 34 
9 1214 1215 1394 1230 1254 1256 34 1257 429 
9 1202 1219 1224 1199 1236 1237 1198 1256 34 
1 34 
6 288 1207 1212 1221 1228 34 
7 1195 571 1199 281 1168 34 662 
9 533 1195 1201 1168 371 1198 1071 34 662 
1 34 
7 1224 1199 1214 1226 1233 34 1260 
2 1195 34 
4 1217 1225 1232 34 
1 34 
1 34 
4 1524 1336 1335 34 
3 1197 34 533 
3 34 533 1219 
1 34 
3 34 1336 533 
1 34 
5 1197 44 34 533 1336 
1 34 
4 533 1194 34 1201 
3 34 533 1194 
1 34 
2 34 1203 
1 34 
3 34 1195 1208 
2 34 1228 
5 34 533 1197 1401 1258 
1 34 
3 1228 34 1336 
4 34 1195 1201 1233 
2 1203 34 
2 34 1201 
1 34 
8 34 1197 533 1220 1223 1244 1247 1257 
1 34 
2 34 1194 
1 34 
2 1203 34 
4 34 1201 1224 1244 
1 34 
1 34 
2 34 1195 
2 34 1195 
2 1260 34 
1 34 
1 34 
1 34 
1 34 
2 34 1336 
3 34 1228 1233 
1 34 
2 34 199 
2 34 1228 
1 34 
2 34 1358 
6 34 533 1417 1764 1715 1389 
1 34 
1 34 
3 522 34 1131 
4 34 1194 533 1258 
1 34 
5 1194 533 1336 34 1195 
4 1194 533 1228 34 
4 533 34 1221 1254 
1 34 
4 1201 34 1238 665 
3 533 439 34 
1 34 
5 1054 1277 1586 1280 35 
15 1540 1632 1555 1272 1273 1567 1584 1278 1587 1280 732 1603 35 1287 1621 
1 35 
19 1268 1269 1271 1272 1273 1275 1567 1277 1031 1278 1053 1280 1281 1282 1609 1284 35 1286 1287 
1 35 
2 1266 35 
4 52 1266 35 47 
1 35 
2 35 1266 
3 35 1266 1264 
4 1266 1264 1528 35 
1 35 
3 1276 35 1266 
3 35 1275 1286 
8 47 1266 35 1129 52 1263 1528 1280 
4 1266 1264 35 1282 
1 35 
6 1264 35 1528 1263 1266 1277 
4 47 35 1266 52 
3 35 1266 1278 
1 35 
2 35 1266 
2 526 35 
3 1276 1266 35 
3 1266 1264 35 
1 36 
2 36 1291 
16 1840 1873 1898 1930 2024 2040 2042 2066 2106 36 2305 2310 2420 2450 1152 1295 
11 1336 284 829 666 1334 1471 1289 1297 36 1304 1113 
10 1898 1930 1976 2024 2157 36 2305 2310 2420 758 
4 774 672 36 1295 
1 36 
5 1290 1293 2459 36 1152 
3 1298 36 1152 
41 1846 1921 69 1938 851 1952 1991 1998 78 298 304 83 477 2219 2246 92 94 588 36 869 2370 1823 2433 2457 334 692 109 341 116 1302 361 1047 155 156 734 737 396 1291 414 657 433 
4 2222 36 1296 1152 
1 36 
3 1305 36 2222 
1 36 
5 1025 1297 1113 36 1306 
1 36 
3 829 1291 36 
3 2222 36 1300 
4 1025 36 1113 1302 
1 37 
2 37 926 
2 37 1311 
1 37 
4 37 1309 1315 1323 
1 37 
2 1328 37 
1 37 
2 1311 37 
1 37 
1 37 
1 37 
1 37 
1 37 
1 37 
1 37 
3 37 1311 1350 
1 37 
2 37 1134 
2 37 1626 
1 37 
2 37 1313 
1 37 
1 37 
1 37 
2 1021 37 
44 286 790 671 942 945 1441 83 956 969 1376 686 524 325 997 38 338 809 700 1633 706 716 378 260 726 1051 153 733 207 822 736 826 747 1525 1510 1091 1639 179 845 764 1361 1443 768 769 846 
65 228 936 938 670 671 945 440 222 1478 300 679 1480 956 681 961 1482 684 969 686 1486 997 38 1007 1008 1009 1015 1016 1017 700 1023 705 706 708 1033 709 1035 1037 1040 716 720 377 634 1818 1051 729 207 1634 826 738 741 403 750 1291 1096 755 756 757 1101 1102 1106 842 759 760 1109 768 
17 203 1336 1468 1206 1479 300 2219 442 978 327 1490 38 701 1045 156 414 760 
64 936 1206 1476 440 473 2016 1210 1212 209 964 966 1458 1483 1524 1373 972 686 977 978 1335 524 996 805 1223 38 1007 1013 809 1626 701 1024 120 1574 706 1345 227 1243 716 1045 1412 1501 1061 503 826 1079 828 832 1462 1510 1256 410 1291 177 1095 1100 1102 1350 842 1182 1351 1352 518 768 1475 
5 671 1007 1511 38 1110 
5 286 201 1349 40 1352 
2 1350 40 
3 1352 1626 40 
2 1345 40 
1 40 
1 40 
1 40 
4 40 1353 1336 1341 
2 1348 40 
1 40 
5 437 40 774 438 1346 
6 286 201 40 1352 1338 87 
5 40 1336 1339 1323 1351 
3 1336 1350 40 
7 1336 40 1338 1340 97 131 1349 
2 40 1345 
2 41 1358 
1 41 
1 41 
2 1987 41 
3 41 1354 1249 
8 769 794 56 42 764 671 230 1104 
3 932 1362 43 
13 1462 1333 978 1007 701 43 723 1079 828 1091 1092 754 1110 
3 985 43 1360 
4 571 932 43 567 
1 43 
1 44 
2 44 445 
1 44 
2 44 1421 
1 44 
2 341 44 
1 44 
1 44 
6 1462 1336 1818 671 44 736 
1 44 
2 44 409 
13 286 533 1462 44 1469 282 1333 1122 203 281 1459 94 1475 
3 406 44 1383 
1 44 
1 44 
3 1462 1459 44 
2 44 1528 
2 44 290 
4 406 44 2016 1377 
2 44 1404 
1 44 
4 1422 1417 44 1389 
1 44 
3 1626 44 203 
5 44 1386 1413 1250 1429 
2 735 44 
1 44 
5 357 334 337 44 341 
2 44 533 
8 1417 44 966 1429 1194 341 732 429 
2 1417 44 
5 522 99 1417 438 44 
3 44 828 203 
4 44 199 361 1417 
2 44 524 
3 295 314 44 
2 1221 44 
1 44 
1 44 
2 1384 44 
2 44 341 
2 1429 44 
4 44 341 99 337 
1 44 
1 44 
1 44 
3 99 199 44 
2 44 1336 
4 1389 1417 1422 44 
1 44 
2 44 1427 
1 44 
12 44 1386 1394 1395 446 1396 1398 1413 1250 1422 1429 425 
1 44 
1 44 
2 931 44 
2 44 1368 
5 44 1660 1417 1386 1413 
1 44 
2 1429 44 
1 44 
4 438 220 109 44 
2 44 1415 
2 61 44 
7 44 1417 1389 337 1394 1406 1424 
1 44 
1 44 
3 574 121 44 
3 708 1434 45 
10 1442 1440 1443 1433 1439 1637 1017 1453 823 45 
3 1453 1455 45 
3 1452 1453 45 
10 686 230 1085 1626 684 702 703 708 719 45 
2 1452 45 
8 1442 1478 1446 1452 1453 1434 1456 45 
6 1452 1453 1434 823 1455 45 
9 1524 1475 968 1471 1443 1333 1054 712 45 
3 1434 45 1439 
21 1462 1333 1524 666 1019 284 1441 793 968 987 51 1023 707 1027 1473 712 1434 733 1635 836 45 
1 45 
1 45 
2 1439 45 
2 45 230 
3 816 1024 45 
4 1451 45 144 181 
1 45 
4 45 327 144 1449 
9 666 230 1626 45 1438 284 1439 1436 1440 
11 284 1439 46 1435 45 1436 1626 1526 1434 666 1440 
3 697 45 1024 
4 1440 1435 45 230 
2 1439 45 
1 45 
5 1336 970 993 1009 46 
21 1462 553 1480 1376 1380 51 226 1015 358 1473 260 1818 1053 207 826 201 1510 1091 46 419 1475 
18 1628 666 984 792 793 473 226 1007 1035 1042 1051 733 50 46 1103 1105 1110 769 
5 1005 611 721 820 46 
68 286 1336 1459 671 70 942 221 792 793 675 553 681 968 1373 683 1376 686 1380 51 996 804 338 809 1626 701 1024 706 1027 1031 228 1038 716 1045 378 723 260 1192 1818 1051 1053 230 730 733 156 1502 204 734 826 1077 1078 1079 828 830 1820 171 50 1091 1094 46 757 843 764 1361 1443 1513 768 769 1475 
1 46 
2 1045 46 
9 959 975 1005 1009 811 820 1078 1082 46 
4 682 611 702 46 
10 1486 1019 228 713 721 726 1051 820 46 845 
18 282 1475 286 790 237 957 989 1335 1002 338 611 701 378 498 1635 46 429 768 
4 970 1376 694 46 
7 1004 1015 1168 723 1818 1051 46 
33 215 284 666 673 1441 83 682 685 1486 996 806 694 112 611 707 1031 1473 713 720 377 723 726 1050 1053 732 824 1503 830 403 1291 46 755 769 
2 286 46 
10 1099 1471 1443 1459 1475 547 228 1480 1484 46 
2 996 46 
29 286 1336 1459 1524 1462 1441 2016 795 957 582 89 969 1376 113 1626 254 1022 1633 1029 134 1473 719 1057 1468 833 1525 50 46 844 
2 1336 46 
2 46 933 
8 1334 938 1439 1818 1021 46 83 1107 
7 1335 109 414 201 46 284 240 
9 1818 286 820 1077 1459 1334 1007 1473 46 
2 1007 46 
6 957 214 938 1334 46 203 
4 1818 1493 1336 46 
4 1007 46 1818 1473 
3 820 1074 46 
11 1334 666 214 282 46 1007 957 1511 1471 1818 1467 
1 46 
4 340 46 1566 434 
2 1007 46 
4 938 522 1335 46 
4 46 977 1818 1007 
1 46 
2 46 1483 
2 46 685 
4 46 303 593 618 
1 46 
2 284 46 
2 804 46 
1 46 
4 2482 595 46 61 
3 46 228 1336 
3 1462 685 46 
5 666 1471 46 214 762 
3 50 828 46 
1 46 
2 763 46 
1 46 
3 613 220 46 
3 434 46 94 
5 1333 46 1459 282 1336 
7 230 666 1007 46 1337 1819 1486 
3 820 671 46 
3 1462 671 46 
3 303 47 1128 
3 1517 47 1522 
1 47 
2 1515 47 
1 47 
1 47 
2 47 1523 
1 47 
2 47 1515 
3 47 331 1520 
37 931 1629 1336 286 671 1206 1441 957 1632 582 968 686 1007 1009 254 48 708 229 712 725 1818 1054 1056 230 153 733 822 735 831 751 50 836 1091 838 759 1443 1475 
11 48 203 1817 1475 957 1033 1626 1333 815 228 938 
17 1533 1530 1529 1537 1565 1010 1579 1584 1453 1592 1604 1605 1610 1615 49 1617 1623 
10 1543 1554 1562 1565 1130 1576 1597 1599 1612 49 
33 1654 228 946 974 1273 1562 987 1381 1566 1010 699 1572 1277 1578 1581 1583 1584 1587 634 1592 1280 387 1595 732 1599 1602 1606 1639 1614 1615 49 1617 1619 
13 1542 1554 1562 1565 1576 1532 1592 231 1599 1526 1604 49 1619 
7 1542 1562 1565 1532 1526 49 1617 
2 1562 49 
16 1529 1533 1530 1545 1554 1562 1565 1576 1580 1586 1601 49 1617 1622 1623 1625 
6 1122 1011 1532 1526 49 1622 
3 1565 49 1570 
1 49 
2 591 49 
2 1526 49 
2 49 1604 
1 49 
3 49 1264 524 
2 1010 49 
8 1530 1529 49 1136 1556 1573 1589 1602 
3 1527 1565 49 
2 49 524 
2 1532 49 
1 49 
1 49 
2 49 203 
2 49 1187 
1 49 
1 49 
1 49 
1 49 
6 1529 206 1527 49 1532 1576 
2 49 1264 
2 49 1542 
1 49 
2 1187 49 
1 49 
1 49 
3 49 732 1562 
8 1528 1527 1530 1532 49 1531 1529 1561 
1 49 
1 49 
11 1130 49 1527 1526 1532 1529 1530 1534 1543 1580 1586 
6 49 206 1528 1488 887 1599 
4 524 1264 1266 49 
2 49 591 
1 49 
2 1534 49 
1 49 
4 1528 49 1581 1590 
2 1542 49 
5 986 577 1336 49 842 
1 49 
6 1527 1554 206 1532 1529 49 
1 49 
2 1528 49 
2 49 1526 
3 49 1532 1565 
4 1528 1604 1572 49 
2 1614 49 
2 49 1528 
4 1528 1264 49 1526 
2 49 1604 
4 1532 1263 1565 49 
3 1264 49 1528 
1 49 
5 49 526 1542 1605 1624 
2 49 1572 
3 282 1130 49 
5 1529 1526 1604 1528 49 
2 1601 49 
1 49 
5 49 666 933 1528 1604 
1 49 
2 49 1527 
2 1608 49 
6 1529 1528 49 206 1527 1566 
2 49 526 
3 1532 49 1593 
8 1528 49 1130 1129 938 206 1542 1605 
2 1264 49 
12 1529 49 1526 1538 608 1581 1585 634 1592 1595 732 750 
6 1602 1526 337 199 49 1589 
3 1129 1528 49 
2 1147 49 
3 1620 49 1598 
2 49 1266 
2 49 1526 
3 49 526 844 
2 1527 49 
1 49 
3 49 1528 1582 
3 1528 49 1526 
1 49 
7 49 1654 1528 1620 1532 1526 1530 
3 49 1096 1625 
3 1528 1529 49 
3 49 1608 1617 
2 1264 49 
4 49 1533 1625 1532 
3 1532 49 1526 
2 1589 49 
4 49 1618 1532 1622 
33 1336 1475 1462 70 1340 83 982 1164 1388 113 1023 1633 1033 134 1452 1453 1057 152 1065 156 1070 825 161 834 1525 751 753 50 1326 177 1437 1183 767 
7 968 978 821 751 50 836 1100 
16 237 240 968 685 248 802 611 197 1075 1460 393 828 273 50 1100 1106 
9 1524 968 1024 227 1818 1054 1075 201 50 
1 50 
2 671 50 
6 1264 1524 1091 50 671 725 
4 1626 1475 50 1333 
9 50 666 51 282 56 228 1640 1817 1334 
4 282 1468 50 1443 
2 671 51 
5 51 809 1818 1434 228 
2 51 764 
7 1528 282 1007 51 1333 719 1095 
4 56 51 666 1634 
1 52 
1 52 
1 52 
3 1653 52 1647 
3 52 1646 1650 
4 52 1647 1650 1645 
3 52 1644 1646 
1 52 
2 1652 52 
3 52 1645 1646 
1 52 
2 52 1649 
2 52 1644 
5 1528 53 1140 521 1617 
5 53 977 996 1016 422 
1 53 
44 1684 1686 1689 1690 1692 1693 1697 1699 1700 1704 1708 55 1713 1715 1717 1718 1721 1726 1733 1739 1742 1746 1753 1755 1756 1759 1760 1762 1764 1661 1777 1658 1780 1784 1786 1788 1792 1797 1802 1805 1809 1810 1813 1815 
8 1665 1657 1700 1704 55 1741 1810 1813 
2 55 1668 
8 1662 1709 1711 55 1747 1774 1422 1671 
40 1657 1670 1684 1686 1687 1689 1692 1699 1705 1708 55 1714 1715 1717 1718 1720 1721 1726 1728 1731 1733 1734 1735 1741 1753 1755 1756 1759 1760 1764 1765 1766 1771 1784 1786 1787 1797 1802 1809 1813 
7 1672 1664 1671 1660 55 1683 1781 
1 55 
8 1675 1671 1672 1662 55 1773 1683 1806 
3 1987 55 1658 
2 1670 55 
1 55 
2 1659 55 
2 1689 55 
6 1666 1678 55 1721 1679 1661 
22 1682 1660 1675 1688 1695 2172 1705 1662 1709 55 1723 1736 1737 1749 1758 1664 1773 1776 1683 1781 1806 1814 
17 1695 301 1702 1662 1709 1710 1673 55 1749 1750 1758 1664 1775 1683 1781 1674 1796 
5 1672 1675 55 1720 2495 
4 1672 55 1750 1773 
16 1709 1710 1673 55 1682 1729 1737 1760 1761 1664 1773 1774 1683 1781 1671 1806 
2 55 1780 
1 55 
7 1670 1699 1705 55 1765 1766 1771 
2 1670 55 
5 2021 2331 55 2495 1683 
3 1682 55 1683 
5 1675 55 1681 1683 1671 
26 1672 1671 1681 1682 1680 1662 1664 1675 2446 1691 1695 1702 1710 55 1720 1737 1745 1750 1758 1776 1781 1783 1796 1798 1804 1812 
6 1657 55 1661 1700 1721 1752 
4 1688 1766 55 1708 
3 1657 55 1661 
2 55 1661 
48 1671 55 1772 1685 1690 1693 1695 1698 1703 1705 1706 1708 1712 1713 1714 1715 1717 1724 1727 1731 1739 1745 1746 1755 1756 1760 1762 1764 1765 1767 1768 1769 1771 1778 1782 1786 1789 1792 1794 1795 1799 1800 1807 1808 1811 1812 1814 1815 
6 1721 1669 1661 1657 55 1700 
8 1755 1657 1728 55 1764 1715 1766 1688 
3 1715 55 1683 
21 1661 1657 55 1708 1712 1722 1727 1760 1765 1766 1771 1779 1782 1784 1792 1797 1803 1805 1808 1811 1813 
5 1712 1657 1688 55 1745 
5 1712 55 1730 1726 1784 
20 55 1683 1688 1671 1672 1709 1713 1723 1724 1731 1736 1740 1747 1756 1775 1779 1785 1800 1807 1815 
5 55 1708 1797 1800 1811 
5 1728 1715 1708 1657 55 
6 1766 55 1705 1688 1724 1779 
14 1678 1657 1661 55 1717 1718 1725 1728 1735 1744 1759 1764 1786 1799 
10 1658 55 1657 1684 1689 1721 1752 1788 1793 1805 
1 55 
12 1783 1672 1683 1804 1736 1773 55 1749 1750 1758 1775 1781 
5 1688 1766 1712 55 1743 
4 55 1658 1756 1657 
33 55 1678 1688 1729 1661 1671 1715 1726 1764 1807 1771 1766 1698 1708 1719 1722 1724 1731 1734 1743 1757 1760 1767 1769 1770 1774 1775 1779 1782 1794 1795 1803 1812 
5 1715 55 1688 1728 1764 
3 55 1766 1779 
26 1688 1729 1792 1712 1807 1782 1715 1661 1692 1760 1755 1685 1797 1657 1696 1814 1764 1801 1705 1766 55 1736 1724 1716 1722 1697 
7 55 1660 1773 1695 1675 1672 1671 
5 1683 1672 1675 55 1783 
3 55 1660 1777 
27 1729 1688 1692 55 1766 1807 1693 1694 1703 1708 1722 1730 1732 1735 1738 1740 1746 1751 1754 1769 1774 1782 1789 1794 1795 1803 1805 
11 1792 1728 1764 1815 1772 1657 55 1715 1755 1695 1688 
8 1688 1726 1661 1766 1771 55 1760 1792 
41 1764 55 1661 1688 1772 1728 1657 1690 1691 1697 1705 1706 1708 1713 1718 1724 1727 1731 1735 1745 1748 1754 1755 1756 1760 1762 1763 1765 1768 1778 1250 1782 1786 1787 1799 1807 1810 1812 1813 1814 1815 
7 1792 55 1791 1766 1745 1807 1708 
7 55 1661 1699 1728 1764 1688 1657 
10 1764 1755 1728 1715 1699 55 1657 1661 1772 1763 
3 1705 1764 55 
11 55 1807 1764 1744 1683 1728 1771 1673 1791 1661 1756 
11 1726 55 1661 1670 1657 1700 1684 1689 1733 1752 1813 
16 1815 1771 55 1712 1808 1814 1692 1705 1792 1807 1708 1724 1740 1769 1779 1812 
8 1764 1766 1695 55 1671 1741 1760 1796 
11 1705 1688 1715 1698 1722 1801 1695 1766 55 1708 1812 
5 55 1728 1699 1744 1761 
16 1661 55 1657 1694 1705 1714 1721 1730 1734 1739 1741 1754 1797 1803 1805 1809 
6 1764 1715 1688 55 1728 1692 
26 55 1661 1699 1690 1697 1706 1713 1715 1717 1718 1720 1725 1727 1731 1744 1753 1754 1755 1756 1759 1763 1768 1786 1799 1802 1807 
15 1675 55 1705 1708 1712 1732 1738 1754 1765 1766 1769 1771 1778 1782 1807 
6 1811 1712 55 1726 1694 1779 
11 1688 1715 55 1728 1661 1705 1764 1772 1695 1807 1766 
4 55 1729 1712 1807 
5 1810 1657 1721 55 1661 
7 1661 1726 1705 1807 1766 55 1760 
12 1699 1764 1772 1755 1715 1661 1807 55 1712 1756 1782 1746 
10 1671 1766 55 1764 1695 1702 1708 1774 1779 1804 
4 1683 1671 55 1675 
6 1771 1792 55 1807 1712 1729 
7 55 1815 1797 1755 1726 1688 1657 
5 1815 1695 1712 1722 55 
10 1658 1814 1661 1792 1726 1793 1808 55 1764 1723 
2 1657 55 
4 1703 1705 55 1766 
6 1699 1728 1764 1725 55 1720 
12 1688 1773 55 1683 1772 1715 1766 1693 1716 1746 1791 1812 
14 1814 1735 1764 1801 1657 55 1792 1712 1807 1756 1688 1745 1765 1772 
4 1760 55 1660 1695 
2 1715 55 
4 1671 55 1702 1672 
7 1783 1683 1674 1672 55 1804 1702 
3 55 1766 1712 
4 1700 1684 1721 55 
5 1728 1657 1661 1756 55 
12 1782 1801 55 1715 1728 1729 1726 1755 1807 1766 1712 1771 
19 1772 1661 1688 1764 1715 55 1657 1728 1766 1690 1708 1713 1718 1735 1739 1754 1756 1790 1799 
19 1764 1755 1772 1771 1728 1661 1688 1715 55 1695 1657 1704 1720 1735 1746 1753 1782 1787 1799 
6 55 1766 1705 1807 1771 1775 
7 1671 1804 1683 1672 1783 55 1702 
7 1657 1728 1786 1764 1661 55 1699 
19 1814 1734 1807 1661 1766 1657 1688 1705 1715 1764 1675 1723 55 1772 1692 1708 1714 1747 1767 
3 1675 1725 55 
5 1764 55 1715 1688 1657 
5 1718 1799 1728 55 1715 
42 1688 1661 55 1657 1699 1772 1690 1705 1706 1708 1713 1715 1717 1718 1719 1720 1723 1727 1731 1735 1736 1741 1744 1746 1755 1756 1759 1760 1762 1765 1768 1778 1250 1782 1785 1786 1787 1792 1798 1799 1802 1807 
12 55 1766 1807 1678 1729 1688 1661 1764 1692 1715 1771 1746 
44 1661 1678 55 1729 1692 1685 1690 1698 1703 1705 1707 1708 1712 1714 1716 1723 1724 1731 1734 1736 1743 1745 1751 1754 1755 1757 1760 1765 1767 1769 1770 1771 1775 1779 1784 1789 1794 1797 1798 1807 1808 1811 1812 1815 
7 55 1772 1766 1760 1801 1688 1705 
5 1715 1688 1764 1728 55 
12 55 1712 1705 1784 1729 1722 1782 1814 1801 1688 1766 1799 
3 55 1705 1766 
23 55 1766 1692 1661 1729 1688 1678 1705 1714 1720 1722 1738 1754 1756 1757 1765 1774 1778 1784 1785 1791 1792 1798 
20 55 1688 1713 1715 1718 1731 1735 1745 1746 1755 1756 1760 1764 1767 1786 1799 1807 1808 1812 1814 
10 1675 1671 55 1674 1664 1702 1709 1745 1804 1806 
8 1705 1675 1736 1771 1712 1815 1660 55 
7 1757 1705 1695 1702 55 1672 1766 
3 55 1671 1683 
3 1657 55 1711 
6 1771 1715 1729 1688 55 1764 
12 1730 1722 55 1698 1807 1736 1707 1766 1695 1705 1801 1692 
3 1657 1676 55 
9 1702 1672 1671 1804 55 1662 1675 1683 1783 
17 1688 1801 1729 1807 1692 1705 1712 1715 55 1756 1764 1814 1708 1735 1754 1769 1805 
8 1702 55 1683 1710 1750 1758 1781 1804 
8 1692 55 1661 1657 1771 1766 1694 1769 
4 1764 55 1695 1771 
11 1715 1688 1772 1728 55 1764 1657 1661 1699 1759 1793 
5 1715 1661 1756 1764 55 
4 1814 1700 55 1657 
4 1766 55 1688 1712 
3 1755 1814 55 
8 1807 55 1792 1771 1745 1716 1720 1794 
16 1692 1797 55 1764 1771 1657 1688 1708 1713 1714 1716 1722 1738 1741 1746 1791 
4 55 1786 1700 1741 
7 1712 1766 55 1688 1705 1807 1791 
4 55 1688 1705 1712 
4 1683 1723 55 1672 
12 55 1692 1766 1696 1726 1657 1661 1708 1739 1792 1800 1811 
6 1807 1771 55 1766 1683 1764 
11 55 1772 1764 1715 1756 1688 1699 1728 1755 1763 1769 
5 1696 55 1688 1797 1695 
9 55 1708 1724 1746 1754 1767 1769 1779 1782 
5 1728 1661 55 1764 1657 
5 55 1705 1692 1726 1712 
9 55 1683 1773 1702 1783 1736 1750 1758 1781 
7 1657 1700 1726 1692 1712 1782 55 
5 1671 55 1675 1664 1773 
30 1715 1766 55 1728 1772 1688 1695 1764 1729 1705 1708 1712 1716 1720 1722 1731 1732 1734 1735 1738 1746 1754 1757 1760 1765 1779 1782 1791 1794 1798 
7 1766 1692 55 1772 1688 1722 1741 
4 1726 1661 55 1657 
5 1657 55 1715 1658 1733 
7 1692 1797 1688 1766 55 1696 1730 
10 1715 1766 1745 1683 1722 1688 55 1705 1724 1772 
7 1715 1661 1658 1692 1657 55 1721 
14 1772 55 1715 1671 1688 1708 1722 1741 1746 1760 1769 1782 1788 1790 
11 55 1715 1688 1695 1657 1766 1713 1722 1739 1740 1774 
1 55 
6 56 724 1065 1634 1525 769 
43 1334 1019 1462 1524 1459 1470 1077 1094 438 1629 1637 671 945 1478 675 1480 1483 1373 1484 1819 1486 997 1491 1009 1035 56 718 719 1046 725 1064 1066 822 1067 736 1072 826 739 746 1090 845 764 769 
11 1818 1019 1511 1007 282 957 938 1033 966 666 56 
3 56 1462 282 
1 57 
2 59 569 
6 278 478 434 60 513 1297 
3 263 60 434 
5 1955 2000 2072 61 1827 
1 61 
7 1825 1895 1958 2265 2314 2371 61 
1 61 
1 61 
3 61 2389 2028 
1 61 
2 1932 61 
1 61 
2 61 2455 
2 61 2146 
5 2116 61 2192 1969 2032 
1 61 
2 61 2288 
2 61 2138 
3 1290 61 2459 
1 61 
1 61 
10 61 1880 1921 1951 2036 2138 2165 2432 2477 2490 
1 61 
1 61 
3 1297 61 287 
2 1943 61 
1 61 
1 61 
1 61 
1 61 
2 61 2154 
5 61 2482 2333 2390 2408 
1 61 
1 61 
1 61 
1 61 
1 61 
1 61 
1 61 
5 2138 2136 61 2326 2488 
4 1982 61 1958 2341 
2 61 2326 
1 61 
13 61 2058 2118 2122 2150 2175 2221 2267 2400 2416 2418 2431 2445 
3 2351 61 365 
2 61 2482 
3 2205 61 2482 
2 1975 61 
1 61 
1 61 
2 2296 61 
4 1290 522 61 2106 
1 61 
1 61 
2 1982 61 
1 61 
1 61 
1 61 
5 1843 1922 2389 1958 61 
1 61 
2 2116 61 
2 61 2262 
2 61 1958 
1 61 
3 1958 61 2209 
1 61 
1 61 
3 61 1936 2119 
2 1982 61 
1 61 
1 61 
1 61 
2 1975 61 
2 1827 61 
5 1916 1954 1982 61 1975 
2 61 67 
7 61 1292 2489 1930 522 2106 1290 
5 2185 61 2305 2124 2214 
1 61 
1 61 
4 1982 1922 61 2341 
1 61 
1 61 
2 61 2274 
2 61 2267 
1 61 
1 61 
3 2459 61 2216 
5 61 2375 2388 2404 2469 
2 61 2205 
1 61 
2 2418 61 
1 61 
2 61 2223 
9 1975 1982 2341 61 1896 2058 2150 2278 2416 
3 61 1982 1923 
1 61 
2 61 2033 
3 61 2341 2291 
6 2138 1297 1843 2341 61 1982 
19 61 2389 1880 1902 1940 1943 1946 2038 2040 2061 2076 2085 2103 2159 2302 2305 2340 2341 2354 
2 61 1917 
1 61 
1 61 
3 2345 61 1984 
4 2341 61 2405 2138 
1 61 
3 2358 2296 61 
6 1292 1290 2335 61 774 1898 
1 61 
3 61 1832 2404 
1 61 
2 61 2199 
1 61 
9 1975 61 2035 1889 2084 2099 2119 2215 2324 
1 61 
3 1297 61 1178 
2 2195 61 
3 1922 2459 61 
8 61 2270 2116 1944 2166 2205 2238 2432 
1 61 
10 61 2025 1922 1847 2063 2284 2342 2386 2442 365 
3 61 1941 2205 
1 61 
2 61 1922 
3 2116 61 2165 
1 61 
1 61 
2 61 2032 
4 1843 2326 2341 61 
3 925 61 1297 
1 61 
5 1982 61 1896 2214 2489 
4 1825 61 1987 2007 
2 61 2085 
1 61 
8 1827 61 1862 1880 1884 1886 1962 2061 
3 2127 61 2464 
1 61 
2 61 2482 
3 61 2341 1958 
1 61 
1 61 
1 61 
1 61 
3 1982 61 2100 
2 2393 61 
2 61 1836 
1 61 
1 61 
1 61 
2 2482 61 
1 61 
15 61 1869 1894 1896 1916 1936 2051 2058 2080 2221 2258 2278 2372 2400 2416 
2 61 1292 
2 61 2341 
1 61 
4 281 61 304 493 
1 61 
1 61 
43 2345 61 1862 1876 1890 1896 1902 1916 1917 1921 1954 1967 2008 2043 2046 2058 2077 2093 2097 2100 2123 2133 2137 2138 2161 2163 2195 2205 2253 2291 2326 2333 2344 2384 2400 2416 2430 2432 2436 2462 2474 2480 2483 
2 2084 61 
3 1926 2482 61 
1 61 
1 61 
21 61 1955 1991 78 2063 2065 2102 2133 2219 92 312 2258 94 2329 2331 2424 449 1357 1665 187 430 
1 61 
1 61 
1 61 
3 1297 1987 61 
1 61 
1 61 
1 61 
1 61 
2 2364 61 
1 61 
2 61 1297 
1 61 
2 1825 61 
2 61 2270 
2 2205 61 
1 61 
1 61 
1 61 
2 61 2341 
3 2389 1955 61 
4 61 2341 1982 2372 
1 61 
1 61 
1 61 
1 61 
1 61 
1 61 
1 61 
6 1336 61 1383 1475 361 406 
1 61 
2 2441 61 
1 61 
1 61 
2 61 1680 
1 61 
1 61 
3 1290 1292 61 
7 2183 2116 61 1943 2192 2334 2352 
1 61 
2 2205 61 
2 61 1830 
1 61 
2 2195 61 
1 61 
3 1950 61 1836 
2 1919 61 
1 61 
4 2341 61 1936 2220 
2 61 1843 
2 61 2116 
3 2047 61 1922 
3 61 2482 2133 
5 2345 2389 1290 61 1922 
1 61 
2 61 1290 
3 1982 61 2341 
1 61 
1 61 
2 61 1982 
4 61 2038 2244 2379 
2 2205 61 
3 2453 61 2326 
2 61 2221 
3 2221 61 1975 
1 61 
1 61 
1 61 
1 61 
3 61 2389 2258 
2 61 2389 
5 1982 1975 1916 61 1865 
1 61 
1 61 
3 61 1922 1958 
2 2455 61 
4 1987 2420 1943 61 
2 61 2116 
2 1987 61 
2 61 1290 
1 61 
1 61 
2 2459 61 
2 61 2341 
1 61 
2 61 1825 
1 61 
2 61 2326 
1 61 
3 61 1922 2276 
2 61 1982 
5 61 2255 2269 2406 2421 
1 61 
2 61 1975 
2 2267 61 
2 61 2141 
1 61 
6 2400 1936 61 1983 2099 2329 
5 1956 2479 1922 2455 61 
1 61 
1 61 
3 61 2126 727 
1 61 
1 61 
1 61 
1 61 
2 61 1982 
1 61 
1 61 
2 61 2482 
2 1982 61 
1 61 
3 1936 2084 61 
4 1982 61 1967 2326 
1 61 
2 1987 61 
2 1922 61 
1 61 
1 61 
6 520 1290 522 61 1873 1898 
1 61 
1 61 
1 61 
2 61 2458 
1 61 
1 61 
3 2341 61 2497 
3 2116 61 2192 
1 61 
27 61 1836 1882 1941 1947 2025 2037 2064 2114 2159 2167 2178 2188 2191 2217 2224 2235 2238 2264 2311 2318 2328 2337 2353 2364 2430 2442 
1 61 
3 2221 61 1865 
5 1936 61 1889 2215 2324 
1 61 
1 61 
3 61 2296 1865 
2 1982 61 
3 2154 1899 61 
1 61 
2 2088 61 
3 61 1959 2464 
1 61 
1 61 
1 61 
2 61 2389 
1 61 
4 1982 61 1987 2039 
1 61 
1 61 
3 61 1861 2488 
3 61 1982 2326 
12 1843 1982 61 2326 1839 1861 1921 1927 2165 2289 2462 2499 
1 61 
1 61 
2 61 2082 
3 61 2340 2407 
1 61 
2 61 2472 
1 61 
2 61 1835 
1 61 
1 61 
1 61 
5 2278 61 1916 1865 2416 
1 61 
1 61 
1 61 
4 61 1852 2124 2214 
1 61 
2 61 2186 
2 61 1292 
1 61 
3 1922 2116 61 
1 61 
2 1982 61 
2 61 2374 
3 1982 2432 61 
1 61 
5 2477 2138 61 1947 1843 
4 2205 61 2432 1941 
2 2116 61 
1 61 
1 61 
1 61 
1 61 
2 1671 61 
1 61 
1 61 
2 1865 61 
1 61 
1 61 
2 2116 61 
1 61 
1 61 
2 61 2308 
1 61 
3 61 2025 2192 
1 61 
4 2326 2459 61 1899 
5 2156 2482 61 841 2367 
1 61 
3 61 2116 2311 
1 61 
1 61 
2 61 2116 
8 2183 61 2262 2025 1836 2114 2235 2352 
1 61 
2 61 2389 
9 1982 61 1939 2030 2197 2261 2342 2358 2403 
1 61 
2 2195 61 
2 61 2347 
2 1934 61 
2 61 2326 
1 61 
2 61 2237 
1 61 
1 61 
12 1982 1941 61 1868 1911 1944 2002 2027 2048 2166 2266 2488 
1 61 
1 61 
2 2439 61 
2 61 1886 
1 61 
1 61 
1 61 
1 61 
6 2154 2459 1954 2489 1899 61 
3 2119 1936 61 
3 2459 1909 61 
3 2457 2116 61 
1 61 
4 61 1297 1987 1335 
3 2482 61 2035 
9 61 1865 2050 1975 2051 2118 2301 2347 2356 
5 1298 61 1300 1305 1152 
2 61 1915 
2 61 2116 
3 61 2470 2321 
1 61 
1 61 
1 61 
2 61 2326 
1 61 
1 61 
1 61 
1 61 
1 61 
3 61 2192 2116 
1 61 
2 61 2202 
3 61 1941 2116 
2 61 2277 
1 61 
1 61 
1 61 
1 61 
2 61 2047 
1 61 
3 1297 281 61 
3 2325 61 2483 
1 61 
1 61 
1 61 
2 61 2270 
1 61 
2 61 1982 
1 61 
3 61 2345 2078 
1 61 
1 61 
7 1987 2389 2382 2056 1975 61 2303 
2 61 2428 
1 61 
2 61 2195 
3 61 1883 2192 
2 61 2459 
2 61 2116 
2 61 1827 
2 61 2205 
4 61 1865 1906 2081 
1 61 
3 2345 61 2078 
5 61 1941 2001 2251 2338 
1 61 
1 61 
3 2459 2326 61 
2 61 1905 
1 61 
3 61 2076 2389 
2 61 2239 
5 1916 1975 2341 61 2150 
1 61 
1 61 
1 61 
1 61 
1 61 
3 1943 61 2386 
1 61 
1 61 
1 61 
2 61 1838 
3 61 2138 2341 
2 2408 61 
3 1982 61 1920 
1 61 
1 61 
1 61 
1 61 
6 61 1872 1929 2122 2391 2466 
1 61 
1 61 
2 61 2392 
1 61 
2 61 2221 
4 1922 2341 61 2340 
2 61 2258 
1 61 
7 2341 61 1290 1922 1292 2389 1899 
1 61 
1 61 
3 61 2181 2455 
1 61 
3 1290 1292 61 
3 2188 61 2116 
1 61 
1 61 
2 1827 61 
1 61 
1 61 
1 61 
2 61 2116 
1 61 
1 61 
2 61 2225 
1 61 
1 61 
3 2119 61 1936 
4 61 2247 2430 2432 
15 2074 61 1982 2200 1861 1863 1951 2049 2100 2137 2138 2185 2229 2273 2432 
1 61 
2 61 2116 
3 2084 61 1987 
1 61 
4 1680 1987 61 2438 
1 61 
4 1982 2482 1853 61 
2 2025 61 
2 61 1930 
1 61 
2 2116 61 
2 61 2270 
1 61 
5 2389 61 1922 2142 2302 
25 1902 1922 61 1862 1916 1920 1921 1927 1951 1962 1977 2006 2008 2035 2043 2070 2113 2278 2289 2302 2305 2369 2390 2401 2445 
4 61 1943 2195 2429 
1 61 
2 1982 61 
8 61 1926 1982 2040 2255 2269 2406 2421 
2 61 2446 
3 2221 61 2198 
1 61 
1 61 
1 61 
2 61 1866 
3 2192 61 2025 
3 2459 61 2116 
2 1922 61 
1 61 
2 2221 61 
1 61 
3 2195 61 1929 
1 61 
2 2389 61 
1 61 
1 61 
2 2458 61 
3 61 2116 1996 
1 61 
1 61 
2 61 2186 
1 61 
2 2341 61 
2 61 1297 
2 1827 61 
3 61 1975 2008 
1 61 
2 61 2162 
2 61 1910 
1 61 
1 61 
1 61 
2 2047 61 
1 61 
1 61 
3 2389 61 2258 
1 61 
2 1982 61 
1 61 
3 1943 2284 61 
1 61 
2 61 1910 
18 2455 61 1830 1880 1922 2007 2040 2056 2057 2131 2194 2258 2276 2305 2340 2360 2382 2419 
3 2341 61 1853 
2 61 2296 
3 2299 61 2401 
2 61 1968 
1 61 
1 61 
1 61 
2 61 2407 
1 61 
2 2458 61 
5 61 1982 1975 1865 2084 
3 2392 61 2341 
1 61 
2 61 2195 
3 1932 1910 61 
2 61 1927 
3 2078 2345 61 
3 61 2397 2142 
3 61 1853 2290 
1 61 
1 61 
1 61 
1 61 
1 61 
1 61 
1 61 
7 1916 1982 2436 1865 1975 61 2150 
1 61 
4 61 1865 2458 1913 
2 61 2389 
5 61 1292 1290 2459 2063 
3 2078 2345 61 
1 61 
1 61 
2 61 1987 
1 61 
1 61 
1 61 
2 61 2259 
2 61 2342 
6 1982 61 2116 2325 2482 2432 
2 61 1865 
9 2325 61 1941 1843 2326 1982 2163 2166 2430 
3 61 1297 658 
1 61 
1 61 
3 1982 61 2416 
1 61 
2 2331 61 
2 61 2208 
2 61 337 
2 61 2018 
3 2116 1943 61 
1 61 
1 61 
3 61 2341 1865 
3 61 2346 1683 
1 61 
1 61 
1 61 
2 61 1290 
1 61 
1 61 
2 61 2049 
1 61 
6 61 1834 2062 2085 2308 2389 
1 61 
5 61 94 1297 288 2217 
5 61 2110 2363 2399 2418 
15 61 1840 1909 1940 2069 2185 2214 2216 2263 2273 2353 2420 2460 2463 1295 
2 61 2459 
1 61 
3 2138 61 1982 
2 2459 61 
3 61 2127 1959 
1 61 
2 2296 61 
2 563 61 
1 61 
2 61 1910 
2 61 2225 
1 61 
2 61 2144 
1 61 
2 61 1982 
1 61 
2 2482 61 
3 61 1843 2165 
1 61 
2 61 2085 
2 1982 61 
1 61 
17 61 1853 1867 1868 1961 1973 1984 2039 2096 2186 2220 2333 595 2430 2476 1500 406 
3 1982 2247 61 
1 61 
1 61 
1 61 
1 61 
4 2136 2205 61 1861 
4 61 1954 1898 2214 
2 1843 61 
1 61 
1 61 
1 61 
1 61 
3 61 1680 1673 
1 61 
2 61 2113 
1 61 
3 61 522 2138 
1 61 
