13 2 3 4 5 6 7 8 9 10 11 12 13 14 
30 15 16 17 18 19 20 1 21 22 23 24 25 26 6 7 27 28 8 29 30 31 32 33 10 34 12 35 36 37 38 
4 39 1 40 41 
2 1 36 
98 42 43 44 45 13 46 47 48 49 50 51 52 53 54 55 56 57 58 59 60 61 62 63 64 65 66 67 68 69 70 71 72 73 74 75 76 77 78 79 80 81 82 83 84 85 86 87 88 89 90 91 92 93 94 95 96 97 98 99 100 101 102 103 104 105 106 107 108 109 110 111 112 113 114 115 1 116 117 118 119 120 121 122 123 124 125 126 127 128 129 130 131 132 133 134 135 136 137 
14 138 139 140 141 1 142 2 26 143 29 144 145 146 147 
7 29 1 2 148 149 25 150 
4 2 1 29 149 
14 151 152 57 80 82 126 91 1 153 154 100 155 156 157 
14 158 1 159 160 161 29 162 163 149 2 150 164 27 165 
2 1 166 
4 2 1 29 25 
8 152 1 167 168 5 169 170 171 
9 172 1 173 174 175 176 177 178 179 
191 180 181 182 183 184 185 186 187 188 189 190 191 192 193 194 195 196 197 198 199 200 201 202 203 204 205 206 207 208 209 210 211 212 213 214 215 216 217 218 219 220 221 222 223 224 225 226 227 228 229 230 231 232 233 234 235 236 237 238 239 240 241 242 243 244 245 246 247 248 249 250 251 252 253 254 255 256 257 258 259 260 261 262 263 264 265 266 267 268 269 270 271 272 273 274 275 276 277 278 279 280 281 282 283 284 285 286 287 288 289 290 291 292 293 294 295 2 296 297 298 299 300 301 302 303 304 305 306 307 308 309 310 311 312 313 314 315 316 317 318 319 320 321 322 138 323 324 325 326 327 328 329 19 330 331 332 333 334 335 336 337 338 339 340 341 342 343 344 345 346 347 348 349 350 351 352 353 354 355 356 357 358 359 360 361 362 363 364 365 366 367 
51 368 369 370 371 372 373 197 201 206 374 375 218 376 377 378 229 379 235 380 381 382 259 383 384 269 291 385 386 2 387 388 389 390 391 392 393 319 138 337 338 341 394 344 346 347 395 396 397 398 363 364 
8 399 400 401 379 402 403 2 404 
6 2 405 406 407 408 355 
9 15 409 410 411 2 412 413 414 415 
5 416 417 418 2 419 
20 420 421 422 149 423 424 425 26 426 427 428 429 430 431 432 2 433 434 435 436 
10 2 149 26 437 438 439 159 440 441 442 
3 443 161 2 
18 400 444 445 446 447 448 449 450 158 149 451 452 453 454 455 2 456 38 
6 149 12 2 148 457 7 
32 2 149 458 459 460 461 21 22 462 463 464 465 466 6 467 27 30 468 469 32 33 437 470 471 35 472 473 474 475 36 476 477 
7 478 159 479 2 10 29 26 
22 480 481 482 483 89 75 33 149 86 484 485 30 486 2 487 162 434 463 488 470 473 37 
23 2 489 490 462 491 465 492 6 7 27 8 30 31 33 10 12 493 494 36 495 496 38 497 
17 89 498 499 2 162 483 26 29 482 487 143 485 86 28 33 35 37 
20 55 500 501 502 503 504 505 29 149 2 506 150 507 508 509 510 511 512 513 514 
20 515 516 425 423 434 149 2 517 422 436 435 428 431 433 420 430 26 518 519 520 
25 26 483 2 487 30 149 75 481 521 486 499 29 480 86 143 482 434 485 89 484 498 150 28 35 37 
1 2 
16 482 30 484 143 89 26 481 480 2 33 75 486 499 483 150 434 
9 29 149 26 2 143 434 4 494 473 
11 33 522 521 2 30 89 149 28 495 523 524 
23 525 526 29 450 451 449 527 158 453 528 529 530 163 455 149 452 161 2 400 531 24 532 533 
2 3 534 
40 535 536 537 538 539 540 541 3 542 543 544 534 545 546 547 548 549 550 551 552 553 554 555 556 557 558 559 560 561 562 563 564 565 566 567 568 569 570 571 572 
6 3 573 574 575 576 577 
7 68 578 73 108 129 124 5 
11 579 580 581 582 583 125 584 585 586 587 5 
25 588 589 590 591 592 593 594 5 595 596 597 598 599 600 601 602 603 604 605 606 607 608 609 610 611 
12 612 613 162 614 615 616 617 5 618 98 619 620 
38 621 622 623 624 625 587 626 627 628 629 630 631 632 5 633 634 443 635 636 637 638 639 640 641 642 643 47 644 645 646 647 648 649 650 103 135 651 652 
37 653 654 655 656 657 46 131 658 659 660 661 587 662 663 5 664 665 666 667 668 669 670 671 672 673 674 675 676 677 678 679 680 681 682 683 684 685 
103 530 660 686 687 688 689 690 691 692 370 693 694 695 696 697 698 699 700 701 702 703 704 57 5 705 706 707 708 709 710 711 712 713 714 715 716 717 718 719 720 721 722 126 723 724 511 725 726 727 728 729 730 731 732 733 734 735 736 737 738 739 740 741 742 743 744 82 745 746 747 748 749 750 100 751 752 509 753 754 755 756 757 758 759 760 761 762 763 764 765 766 767 768 161 769 770 771 772 773 774 775 776 777 
18 778 779 780 781 782 5 783 784 785 786 787 788 789 790 123 791 792 793 
52 794 795 796 797 798 799 130 800 801 802 803 127 804 805 806 807 808 809 810 811 812 813 814 815 816 817 5 818 634 819 820 821 822 823 824 825 826 827 828 829 830 831 832 833 834 835 836 837 838 839 840 841 
24 400 842 59 843 844 845 846 847 848 849 5 850 851 852 853 854 855 856 857 858 859 860 861 862 
25 863 5 864 865 866 867 868 869 870 871 872 873 874 875 876 877 878 879 880 881 882 883 884 885 886 
35 887 888 889 890 891 892 94 108 893 64 111 894 895 896 897 898 899 900 901 69 902 903 904 905 906 907 81 908 909 5 910 911 912 913 914 
27 915 916 917 918 919 920 921 131 922 923 924 925 926 927 928 929 930 931 5 932 933 122 934 935 936 883 95 
1286 937 938 939 940 941 942 943 944 945 946 947 948 949 950 951 952 953 954 955 956 957 958 959 960 961 962 963 964 686 965 966 967 968 969 970 971 972 973 974 975 976 909 977 978 979 980 981 982 983 984 985 986 987 988 989 990 991 992 192 993 994 995 996 997 998 999 1000 1001 1002 1003 1004 1005 1006 1007 1008 1009 1010 1011 1012 1013 1014 1015 1016 1017 1018 1019 1020 1021 1022 1023 1024 1025 1026 1027 1028 1029 371 1030 1031 1032 1033 1034 1035 1036 1037 1038 1039 1040 1041 1042 1043 1044 1045 1046 1047 1048 1049 1050 1051 1052 1053 1054 1055 1056 1057 1058 1059 1060 1061 1062 198 1063 1064 1065 1066 1067 1068 1069 1070 1071 1072 1073 1074 1075 1076 1077 1078 1079 1080 1081 1082 1083 1084 1085 1086 1087 1088 1089 1090 1091 1092 1093 1094 1095 1096 1097 1098 1099 1100 1101 1102 1103 1104 1105 1106 701 1107 1108 1109 1110 1111 1112 1113 1114 1115 1116 1117 1118 1119 1120 1121 1122 1123 1124 1125 1126 1127 1128 1129 1130 1131 1132 1133 1134 1135 1136 1137 1138 1139 1140 1141 1142 1143 1144 1145 1146 1147 1148 1149 1150 1151 1152 1153 1154 1155 1156 1157 1158 1159 1160 1161 1162 1163 1164 1165 1166 1167 1168 1169 1170 1171 1172 1173 1174 1175 1176 1177 1178 1179 160 1180 1181 1182 1183 1184 1185 1186 1187 1188 1189 1190 1191 1192 1193 1194 1195 1196 1197 1198 1199 1200 1201 1202 1203 1204 1205 1206 1207 1208 1209 1210 1211 1212 1213 1214 1215 1216 1217 1218 1219 1220 1221 1222 1223 1224 1225 1226 1227 1228 1229 1230 1231 1232 1233 1234 1235 1236 1237 1238 1239 1240 1241 1242 1243 1244 1245 1246 1247 1248 1249 632 1250 1251 1252 1253 1254 1255 5 1256 1257 1258 1259 1260 1261 1262 1263 1264 1265 1266 1267 1268 1269 1270 1271 1272 1273 1274 1275 1276 1277 1278 1279 1280 1281 1282 1283 1284 1285 1286 1287 1288 1289 1290 1291 1292 1293 1294 1295 1296 1297 1298 1299 1300 1301 1302 1303 1304 1305 1306 1307 1308 1309 1310 1311 1312 1313 1314 1315 1316 1317 1318 1319 1320 1321 1322 1323 1324 1325 1326 1327 1328 1329 1330 1331 1332 1333 1334 1335 709 1336 1337 1338 1339 1340 1341 229 1342 1343 1344 1345 1346 1347 1348 1349 1350 1351 1352 1353 1354 1355 1356 1357 1358 1359 1360 1361 1362 1363 1364 59 1365 1366 1367 1368 1369 1370 1371 1372 1373 1374 1375 1376 1377 1378 666 1379 1380 1381 1382 1383 1384 1385 869 1386 1387 1388 1389 1390 1391 1392 1393 1394 1395 1396 1397 1398 1399 1400 638 1401 1402 1403 1404 1405 1406 1407 1408 1409 1410 1411 1412 1413 1414 1415 1416 1417 1418 1419 1420 1421 1422 1423 1424 1425 1426 1427 1428 1429 1430 1431 1432 1433 1434 1435 1436 1437 1438 1439 1440 1441 1442 1443 1444 1445 1446 1447 1448 1449 1450 1451 1452 1453 1454 1455 1456 1457 1458 1459 1460 1461 1462 1463 1464 1465 1466 1467 96 1468 1469 1470 1471 1472 1473 1474 1475 1476 1477 1478 1479 1480 1481 1482 1483 1484 1485 1486 1487 1488 1489 1490 1491 1492 1493 1494 1495 1496 1497 1498 1499 1500 1501 1502 1503 1504 1505 89 1506 1507 1508 1509 1510 1511 1512 1513 1514 1515 1516 1517 1518 1519 1520 1521 1522 1523 1524 1525 1526 1527 1528 1529 1530 1531 1532 1533 1534 1535 1536 1537 1538 1539 1540 1541 1542 1543 1544 1545 1546 1547 1548 1549 1550 1551 1552 1553 1554 1555 1556 1557 263 1558 1559 1560 1561 1562 1563 1564 1565 1566 1567 1568 1569 1570 268 671 1571 1572 1573 1574 1575 1576 1577 1578 1579 1580 1581 1582 1583 1584 31 1585 1586 1587 1588 1589 1590 1591 1592 1593 1594 1595 1596 1597 1598 1599 1600 1601 1602 1603 439 1604 1605 1606 1607 1608 1609 1610 1611 1612 1613 1614 1615 1616 1617 1618 1619 1620 1621 1622 1623 1624 1625 1626 279 1627 1628 1629 1630 1631 1632 1633 1634 1635 1636 1637 1638 1639 1640 1641 1642 1643 1644 1645 1646 1647 1648 1649 1650 1651 1652 1653 1654 1655 1656 1657 1658 1659 1660 1661 1662 1663 1664 1665 1666 1667 1668 1669 1670 1671 1672 1673 1674 1675 1676 1677 1678 1679 1680 122 1681 1682 1683 1684 1685 1686 1687 1688 1689 1690 1691 1692 1693 1694 1695 1696 1697 1698 1699 1700 1701 1702 1703 1704 1705 1706 1707 1708 1709 1710 1711 1712 1713 1714 1715 1716 1717 1718 1719 1720 1721 1722 1723 1724 1725 482 1726 1727 1728 1729 646 1730 1731 1732 1733 1734 1735 1736 1737 1738 1739 1740 1741 1742 1743 1744 1745 1746 1747 1748 1749 1750 158 1751 1752 1753 1754 1755 1756 1757 1758 1759 1760 1761 1762 1763 1764 1765 1766 413 1767 1768 1769 1770 1771 1772 1773 1774 1775 1776 1777 1778 1779 1780 1781 1782 1783 1784 1785 1786 1787 1788 1789 1790 1791 1792 1793 1794 1795 1796 1797 1798 1799 1800 1801 1802 1803 1804 649 1805 1806 1807 1808 1809 1810 1811 1812 1813 1814 1815 1816 1817 1818 1819 1820 1821 1822 1823 1824 1825 1826 1827 1828 1829 1830 1831 1832 1833 1834 1835 1836 135 1837 1838 1839 1840 1841 1842 1843 1844 1845 756 1846 1847 1848 1849 1850 1851 1852 1853 1854 1855 1856 1857 1858 1859 1860 1861 1862 1863 1864 1865 1866 1867 1868 1869 1870 1871 1872 1873 1874 1875 1876 1877 1878 1879 1880 1881 1882 1883 651 1884 1885 1886 1887 1888 1889 1890 1891 1892 1893 1894 1895 1896 1897 1898 1899 1900 1901 1902 1903 1904 1905 1906 1907 1908 1909 1910 1911 1912 1913 1914 1915 1916 1917 1918 1919 1920 1921 1922 1923 882 1924 1925 1926 1927 1928 1929 1930 1931 1932 1933 1934 1935 1936 1937 1938 1939 1940 1941 1942 1943 1944 1945 1946 1947 1948 1949 1950 1951 1952 1953 1954 1955 1956 1957 1958 1959 1960 1961 1962 1963 1964 1965 1966 1967 1968 1969 1970 1971 1972 1973 763 1974 1975 1976 1977 1978 1979 1980 1981 1982 1983 1984 1985 1986 95 1987 1988 1989 1990 1991 1992 1993 1994 1995 1996 1997 1998 1999 2000 2001 2002 2003 2004 2005 2006 2007 2008 2009 2010 767 2011 2012 2013 2014 346 2015 2016 2017 2018 2019 2020 2021 2022 2023 2024 2025 2026 2027 2028 2029 2030 2031 2032 2033 2034 2035 2036 453 2037 2038 2039 2040 2041 2042 2043 2044 2045 2046 2047 2048 2049 2050 2051 2052 2053 2054 2055 2056 2057 2058 2059 2060 2061 2062 2063 2064 2065 2066 2067 2068 2069 2070 2071 2072 2073 2074 2075 2076 2077 2078 2079 2080 2081 2082 2083 2084 2085 2086 2087 2088 2089 2090 2091 2092 2093 2094 2095 610 2096 2097 885 2098 2099 2100 2101 2102 2103 2104 2105 2106 2107 2108 2109 2110 2111 2112 2113 2114 2115 2116 2117 2118 2119 2120 2121 2122 2123 2124 2125 2126 2127 2128 2129 2130 2131 2132 2133 2134 2135 2136 2137 2138 2139 2140 2141 2142 2143 2144 2145 2146 2147 2148 2149 2150 2151 2152 2153 2154 2155 2156 2157 363 2158 2159 2160 2161 364 2162 2163 2164 2165 2166 2167 2168 2169 2170 2171 2172 2173 886 2174 2175 2176 2177 2178 2179 
10 2180 2181 2182 2183 2184 2185 2186 2187 2188 5 
44 2189 2190 741 2191 2192 716 2193 503 82 2194 511 2195 2196 48 774 2197 2198 2199 2200 2201 2202 80 5 1275 2203 2204 9 725 2205 2206 1583 2207 2208 100 2209 756 758 2210 2211 2212 2213 2214 2215 2216 
28 686 966 691 693 694 2217 702 2218 5 708 709 710 2219 739 741 2220 750 751 2221 2222 2223 756 2224 2225 2191 774 2226 777 
46 2227 2228 400 2229 2230 2231 2232 2233 55 2234 2235 2236 2237 2238 2239 51 2240 2241 2242 120 2243 2244 5 2245 2246 2247 2248 2249 2250 2251 2252 2253 2254 2255 2256 2257 2007 2258 2259 2260 2076 2261 84 2262 2126 2263 
98 2264 2265 2266 2267 2268 2269 2270 2271 2272 2273 589 590 2274 592 2275 2276 2277 2278 2279 2280 2281 2282 2283 2284 2285 2286 2287 594 2288 2289 5 2290 2291 2292 2293 2294 2295 596 2296 2297 2298 2299 2300 2301 599 2302 2303 2304 2305 2306 2307 2308 2309 2310 270 2311 2312 2313 2314 2315 2316 2317 2318 603 2319 2320 2321 2322 2323 2324 2325 2326 2327 2328 2329 2330 2331 606 2332 2333 2334 2335 2336 2337 2338 2339 2340 2341 2342 2343 2344 2345 2346 2347 610 2348 2349 2350 
12 2351 5 1272 2352 2353 2354 2355 1623 2356 2357 2358 2014 
12 2359 5 2360 2361 2362 2363 2364 2365 123 2366 2367 2368 
41 2369 2234 2228 2370 400 2371 2372 2373 2374 2375 2376 2377 120 2378 2379 2380 5 2381 401 2297 2382 2248 2383 2384 2385 2250 2386 2387 2388 2389 2390 2391 2392 2259 2393 2260 84 2394 2126 2395 2396 
21 2397 2398 627 53 814 2399 5 114 1328 2400 676 2401 677 1878 2402 2403 683 2404 2405 2406 2407 
10 2408 2409 907 2410 587 2411 5 2412 2413 104 
5 108 68 129 578 5 
5 2414 2415 1602 5 2416 
17 2417 2418 2419 2420 2421 129 2422 76 66 2423 2424 5 42 2425 2426 2045 2427 
42 2428 1919 586 2429 2430 2398 2431 2432 2433 587 2434 2435 2436 2437 2438 53 2439 2440 2441 5 2442 2443 2444 2445 2446 2447 2448 2449 2450 1623 2451 2452 2453 911 2454 2455 2456 2457 2458 2459 2460 2461 
16 2462 2463 2464 2465 2466 2467 2468 2469 2470 2471 2472 5 2473 2474 98 619 
2 2475 5 
28 129 76 2476 2417 2477 2478 2479 2480 2481 2419 2482 2483 2484 2485 2486 2487 5 2488 2489 2425 2490 2491 2492 2493 2494 2495 2496 2497 
5 2498 5 42 2499 2500 
11 2501 1030 587 91 814 2502 5 2503 2504 2505 883 
49 2506 2507 2508 2509 2510 2511 2512 2513 2514 2515 2516 1187 2517 2518 5 1262 2519 2520 2521 1306 2522 1378 2523 488 2524 1479 2525 28 2526 33 2527 1642 2528 2415 2529 522 1718 482 2530 2531 35 2532 2533 2534 2535 2536 2537 2538 2539 
24 2476 2480 2477 2479 72 2540 2541 5 1346 2489 2542 2543 2544 1485 2545 2546 2547 2548 68 1907 2549 2550 2495 2551 
20 2552 2553 2554 2555 2556 2557 2558 805 806 804 2559 807 2560 91 5 2561 2562 2563 2564 2565 
108 2566 2233 2567 2568 2569 2570 2571 2572 990 2573 2574 2575 2576 2577 2578 1100 2579 2580 2581 1129 2582 2583 2584 1204 1208 2585 2586 2587 2588 2589 5 2590 2591 2592 2593 2594 2595 2596 235 2597 2598 2599 2600 2601 1422 2602 2603 2604 2605 2606 2607 2608 2609 2610 2611 2612 1600 2613 2614 2615 2616 2617 2618 2619 2620 2621 2622 1668 2623 1715 2624 1725 2625 2626 1828 2627 2628 2629 2630 1869 2631 2632 2633 2634 2635 2636 2637 2638 2639 2640 2641 2642 347 2643 2644 2049 2645 2646 2495 2647 2648 2649 2650 2651 2652 2653 2654 2655 
3 2656 5 2657 
68 2658 2659 2660 2193 448 2190 2661 710 2662 2663 2664 2665 154 2666 2667 2668 2669 2670 2671 2672 2673 2674 2675 2191 2676 2677 2194 2678 2679 167 1863 2680 2681 57 2682 2683 446 2684 2685 2686 2687 2688 511 2689 2690 2691 2692 2693 5 2694 1411 2695 2696 2697 9 2698 2699 2700 2701 2702 2703 2061 2704 2705 2706 2707 2215 2461 
12 2708 2709 2710 53 5 665 2711 2712 2713 2714 2715 2716 
34 2717 2667 48 2718 2719 2022 504 2720 2721 439 148 2722 508 687 2723 2724 57 2725 5 2726 705 2727 2728 718 2729 2730 126 9 727 2731 741 753 2732 2733 
22 2734 2735 2736 2737 2720 2738 2739 2740 2741 2742 2743 91 2744 5 2745 2746 2747 2748 2749 2750 2751 2752 
29 59 2753 453 2754 2253 2755 2756 2757 845 2758 2759 63 2760 2761 2762 2763 120 5 2764 2765 2766 2767 2768 2769 1799 2256 835 2770 2259 
3 5 2771 2772 
58 2510 523 2511 2512 2514 2773 2774 2775 1123 2776 2777 1187 2778 2518 5 2519 2779 1306 2780 1378 2781 2524 28 1510 1521 30 2782 1575 2783 2784 2785 33 2786 1642 1651 2415 2787 1718 482 2788 2789 2531 1839 2532 2533 1914 2790 2791 2792 2793 2794 2795 2536 2796 2797 2798 2106 2538 
4 2799 2800 486 5 
29 523 1025 93 632 5 1256 1306 1338 2542 1444 1462 2543 1479 1492 89 1589 2493 1618 1642 1718 1815 1874 1969 2795 2550 2113 2653 2497 2655 
27 88 2507 502 55 940 1064 2514 1187 2517 5 2519 28 1521 30 2783 1618 33 1651 1666 522 482 35 2795 37 2536 2073 2538 
7 922 2233 502 108 5 1499 103 
19 83 804 74 77 113 99 810 587 5 783 9 2712 827 830 832 839 914 2565 2407 
31 400 483 485 2510 946 969 998 2511 1123 1144 2776 1164 1187 2517 5 1262 1286 2522 1507 1510 484 522 482 1811 2531 2792 2019 2536 2106 2110 2538 
3 162 88 5 
11 587 53 2399 5 665 2712 2713 2714 2750 2716 2407 
7 108 96 54 55 109 5 122 
12 108 925 55 2436 630 5 1300 1371 122 1734 650 95 
6 120 5 1546 848 846 1946 
4 486 70 45 5 
7 2397 91 5 2745 2712 2093 914 
17 749 2667 2722 511 48 2190 57 687 688 5 1411 720 2730 9 724 2209 156 
8 797 800 805 108 627 5 829 792 
13 2482 124 2499 1126 1136 1165 1208 5 1322 1569 1778 1869 1944 
16 889 46 901 90 130 893 894 5 819 824 827 830 839 2093 914 2407 
23 1538 2429 1919 65 919 641 131 923 659 927 587 1092 2439 5 1276 634 823 1513 934 2455 2402 883 610 
7 952 1063 5 1300 666 676 135 
2 952 5 
2 5 123 
431 937 2510 943 947 948 950 952 958 959 960 183 686 966 923 974 976 909 979 980 985 987 989 2573 992 993 994 66 1003 1006 1009 1013 1015 1016 1017 1020 1023 371 1031 1034 1035 2512 1045 1046 1047 1056 1058 1059 1063 1069 1070 1074 1076 699 1078 1079 1081 1088 1097 2579 2774 1109 1110 1111 1119 1120 1121 1123 1124 1125 1129 1130 1133 1134 1138 1144 1148 2681 1151 1153 1154 1155 1156 1157 1163 1165 1169 1170 1187 1190 1192 1194 1195 53 1199 1204 1207 1208 101 1209 1212 1213 1214 2507 1219 1223 1225 1226 1228 1231 2371 1240 1241 1245 1247 2509 1252 5 121 1260 1262 1263 1268 1270 1272 2292 1276 1279 1290 220 1300 1308 1310 1314 42 1317 1321 1322 1336 1337 229 1346 1349 1352 1353 1357 1361 1366 1368 868 1373 1375 1377 666 1382 1392 1394 1398 1400 1401 1406 1407 1411 1415 1418 1421 1422 1424 1430 1432 1434 1435 1436 1440 1443 2695 1453 1454 1458 1459 1465 1466 96 1471 1472 1474 1475 1477 382 1479 1480 2525 1483 1484 1488 2606 1493 1496 1499 1501 2526 1502 1506 1507 1513 1522 1526 1527 1529 1531 1533 1535 1536 1543 1544 1545 1546 1547 1548 1558 1559 1562 1563 1564 1567 671 1573 1576 1578 1584 1591 1593 1600 642 1602 439 1604 1609 1612 1614 1623 279 1633 1634 1638 2786 1640 1643 1644 1646 1649 1654 1657 1658 1663 1665 741 1675 122 1691 1693 1700 1706 1708 1710 1713 1714 1716 1720 2409 1727 646 1730 1734 1742 1744 1746 1750 1753 1758 1759 1763 1764 1767 1775 934 1778 1783 1784 1788 1790 1792 1794 1795 1798 1801 1803 1804 649 584 1806 1807 305 1809 1811 1815 2531 2233 1820 1821 1828 1829 2627 1836 135 1840 1842 1846 1851 1853 1855 1860 1861 1862 1863 1864 1866 1867 1868 1871 1879 1883 651 1891 1894 1896 1901 1903 1912 1920 1922 324 882 1924 1928 1929 1930 1934 1937 1939 1940 1941 1943 1948 1952 1955 1957 1960 1963 1964 1977 1978 1980 95 339 1990 1993 1995 2000 2002 2004 2006 2009 2014 2016 2022 2023 2033 2035 2040 2045 2046 2048 2053 2054 2058 2060 2061 2067 2069 2070 2075 2077 2797 2081 2084 2085 2088 2092 2095 610 2096 885 2103 2104 2106 2108 2110 2111 2113 2114 2118 2127 2132 2134 2139 2140 2145 2146 2148 2150 2154 2156 2157 2497 2161 2164 2165 2166 90 2171 2173 
5 232 5 1300 122 95 
10 808 809 810 811 5 822 832 836 2752 2093 
17 954 2432 1027 587 53 1245 5 2442 1276 1353 2446 2449 1576 1623 911 2081 2461 
3 1919 587 5 
16 2431 91 2399 5 114 1362 668 2447 669 672 2712 676 834 2402 914 2565 
8 64 113 889 128 894 901 893 5 
13 481 985 1155 1156 1187 5 1272 1378 1521 1611 1863 328 2014 
7 400 481 125 521 1205 5 2328 
1 5 
4 5 1458 1576 1591 
1 5 
11 63 84 848 97 2759 847 59 844 2259 1089 5 
2 108 5 
8 55 922 54 95 96 109 108 5 
5 107 49 62 779 5 
24 2499 2482 1008 578 1032 102 1136 1150 1165 1187 5 1288 42 1322 1336 1383 1433 1462 2608 1569 1622 1666 1869 2163 
25 232 1026 1138 1194 2517 1212 5 1379 1415 116 1690 743 1767 586 2329 1892 1894 43 328 1963 2014 2060 2106 2120 2164 
14 511 503 48 2663 1539 82 691 148 2723 5 713 718 9 1583 
17 801 797 805 803 806 794 811 2399 5 820 823 2561 50 1784 834 838 796 
5 5 114 1362 668 914 
6 72 66 2423 5 42 68 
8 800 805 809 5 822 50 826 103 
20 920 923 918 589 590 592 587 930 594 5 54 596 933 892 599 47 603 606 104 610 
3 5 1925 400 
1 5 
2 400 5 
8 895 646 108 55 46 105 1953 5 
4 540 209 5 441 
2 400 5 
3 16 15 6 
1 6 
2 141 6 
6 144 441 140 6 380 258 
4 6 1554 1707 323 
6 462 6 30 33 35 36 
5 594 141 6 2703 2341 
11 689 692 6 723 727 278 148 752 161 530 2061 
3 1963 6 475 
1 6 
64 742 145 530 508 2661 686 975 193 692 693 198 2217 699 700 2199 2200 2724 1179 160 2686 1303 707 25 708 1340 233 7 2204 719 2668 2674 2219 126 723 1518 2689 1539 727 729 1583 1599 275 739 741 167 744 82 1727 1728 1738 2209 752 1809 448 1942 762 2224 161 163 503 774 2215 776 777 
23 458 21 22 462 24 491 25 26 467 7 28 8 31 32 33 437 10 493 494 420 36 37 38 
9 158 161 160 162 7 31 33 10 35 
3 167 2667 9 
12 2693 716 172 2689 9 1728 156 13 763 767 2225 772 
6 400 439 453 2608 9 914 
17 2197 2198 2201 2202 80 2203 9 2205 2206 1583 2207 2208 2210 2211 2213 2214 2216 
2 9 2667 
4 152 100 9 679 
2 2667 9 
11 508 55 24 491 639 2446 1525 10 150 1962 38 
12 160 162 489 22 27 468 734 10 494 472 476 477 
13 1966 148 55 491 434 1525 2504 469 10 150 1962 2071 159 
33 145 148 508 48 2661 2196 689 690 693 1160 23 2517 457 717 1471 2614 10 1658 1690 743 1707 749 2328 150 1805 2329 1894 762 333 2066 2651 38 179 
37 2420 807 523 481 1015 1036 93 1076 1105 2776 2480 1216 502 629 491 2587 521 2464 480 2688 2781 1409 45 485 28 1507 30 1540 1577 10 150 1882 1944 620 159 773 2497 
7 446 148 491 1281 10 1740 38 
4 530 491 1545 10 
1 10 
1 11 
17 332 148 1063 1192 80 1324 1345 151 1528 1628 1782 13 1798 2732 1937 2145 2150 
1 13 
5 1787 1483 2484 508 13 
1 13 
1 13 
4 507 152 175 14 
1 14 
1 14 
2 172 14 
2 441 14 
2 178 14 
2 14 177 
3 333 14 161 
1 15 
11 15 182 416 228 247 265 294 332 344 2016 352 
4 212 15 181 315 
2 108 15 
1 15 
1 15 
9 404 15 205 221 244 254 327 359 362 
1 15 
2 1187 15 
1 15 
3 2721 344 15 
1 15 
4 212 55 344 15 
3 148 2667 15 
1 15 
1 15 
5 344 404 400 15 212 
4 16 2721 225 15 
8 2721 439 2718 55 148 344 15 400 
1 15 
2 15 292 
3 15 16 344 
2 15 328 
1 15 
1 15 
2 15 186 
3 344 15 16 
1 15 
2 15 2233 
5 15 540 992 607 136 
4 2759 2234 2738 15 
10 15 842 2184 2228 2182 2371 848 907 847 843 
10 2721 15 182 192 369 196 224 315 352 367 
1 15 
2 15 297 
1 15 
5 344 15 2721 2016 354 
1 15 
2 15 16 
3 289 15 355 
4 15 108 246 2714 
2 15 186 
2 15 312 
1 15 
3 212 15 2797 
5 15 998 197 629 331 
1 15 
1 15 
2 181 15 
5 243 16 108 15 55 
1 15 
1 15 
7 15 125 1251 109 1360 2329 344 
3 1732 15 148 
6 286 2184 2371 15 848 844 
15 1426 843 2721 400 16 255 847 848 78 15 341 2233 583 845 2501 
8 264 404 15 254 284 327 328 1993 
2 15 255 
2 332 15 
1 15 
5 332 15 397 378 404 
1 15 
1 15 
8 344 2721 15 229 2633 2638 347 2645 
5 1156 186 1597 2233 15 
1 15 
5 404 387 15 220 295 
2 181 15 
2 538 15 
2 15 2721 
2 15 1827 
1 15 
3 847 400 15 
1 15 
6 236 15 186 351 359 2635 
10 15 371 376 235 237 257 403 413 302 359 
1 15 
2 15 255 
3 15 141 441 
3 16 15 308 
1 15 
1 15 
4 359 15 422 428 
3 55 15 2270 
3 15 236 351 
4 181 481 521 15 
5 2685 15 289 387 2672 
1 15 
2 15 55 
5 387 337 15 351 16 
4 60 893 526 15 
1 15 
2 2721 15 
1 15 
1 15 
5 15 538 148 1732 318 
1 15 
1 15 
2 145 15 
6 108 55 15 400 2501 313 
1 15 
1 15 
1 15 
3 15 370 392 
2 15 236 
1 15 
8 848 234 2371 2184 15 844 2228 1726 
1 15 
1 15 
12 15 219 266 1578 293 316 392 318 335 343 355 356 
1 15 
3 486 15 16 
2 15 200 
3 15 289 356 
3 181 1308 15 
3 246 15 404 
2 2266 15 
2 15 214 
1 15 
2 538 15 
2 15 302 
1 15 
5 410 255 404 15 300 
4 412 15 414 2721 
1 15 
5 108 15 2583 324 2648 
2 344 15 
2 15 404 
4 15 2721 259 387 
1 15 
2 15 1879 
2 2189 15 
2 15 222 
4 15 279 2233 2091 
1 15 
3 212 15 182 
2 15 289 
2 15 324 
7 1732 2146 289 538 15 358 275 
4 344 16 15 354 
1 15 
1 15 
1 15 
2 142 15 
4 317 15 108 305 
1 15 
1 15 
4 15 186 236 359 
6 115 236 202 15 422 125 
1 15 
1 15 
5 387 225 389 15 404 
8 181 15 1192 238 240 167 2797 397 
3 161 15 179 
2 15 350 
2 289 15 
4 15 842 1283 1455 
4 16 2721 15 269 
6 16 15 400 344 2501 404 
2 15 108 
6 365 15 1942 1475 440 1385 
3 16 15 235 
1 15 
2 15 289 
25 181 16 2721 232 15 190 192 196 198 201 206 216 243 381 1490 1499 1578 413 306 319 338 347 354 2146 366 
2 15 379 
4 1739 55 16 15 
5 16 78 15 243 344 
1 15 
2 538 15 
2 15 334 
7 15 264 1145 254 269 2044 359 
3 181 15 212 
1 15 
5 15 508 344 216 319 
5 18 219 15 289 416 
3 289 15 293 
1 15 
2 15 318 
9 422 15 2177 186 255 351 254 262 327 
1 15 
1 15 
3 380 15 186 
7 55 16 1235 15 382 1508 2166 
3 16 55 15 
6 2721 410 15 404 507 340 
2 15 344 
3 2721 212 15 
1 16 
4 212 16 2721 387 
8 1732 16 439 2687 283 2683 48 511 
5 255 55 108 16 376 
4 2233 16 435 2113 
1 16 
1 16 
1 16 
3 16 255 371 
1 16 
2 16 240 
3 16 345 17 
6 2660 141 441 16 395 362 
2 344 16 
4 1578 16 108 363 
2 422 16 
1 16 
2 2285 16 
1 16 
8 16 369 246 266 269 403 308 331 
2 16 1233 
2 16 331 
1 16 
1 16 
4 404 289 283 16 
2 404 16 
1 16 
3 16 1202 380 
2 2721 16 
3 16 332 240 
1 16 
1 17 
230 502 153 960 17 964 971 2187 2370 991 1005 1006 1017 1019 1021 1024 1031 2237 1032 2511 1042 844 196 2374 1059 198 2239 1076 1082 1091 1100 1106 2774 1115 2516 1121 1125 1127 1135 51 1141 1142 1149 1152 63 1158 849 1170 1172 2777 1178 1187 2753 2242 1203 1216 2507 24 1224 1226 1230 1232 2378 2380 1242 1253 1255 2244 1262 1266 2521 1294 2557 132 1332 92 1346 1347 1351 1357 1358 59 2247 1370 235 1381 845 1388 1399 638 1414 1426 1434 1437 116 1445 1448 1456 1457 1459 1468 1469 1470 2385 252 1493 852 1512 1517 1518 1547 1556 1564 1566 1580 484 1584 433 2505 1600 1604 1607 1612 1625 279 2386 1632 440 1654 1679 1680 1682 2623 1697 2369 1701 1706 1707 1709 1712 1715 2624 1717 1720 2234 855 482 1726 1730 1735 1736 2387 1756 1758 1759 1771 2501 1787 134 1795 1800 1808 1818 2233 2389 1823 1826 533 1828 2257 1835 2390 1870 1874 1876 1885 1898 1902 1907 1908 2180 1922 1925 1929 1931 847 1943 1945 1947 1955 2184 1967 1970 2336 338 1987 1993 2002 2007 2230 2259 2023 2024 2031 2049 2056 2057 2060 2076 2261 2089 2647 2101 2106 2107 2120 2124 38 137 2126 773 2552 2653 2395 2159 2160 2165 2396 843 2175 2655 
5 17 2234 63 2369 2228 
1 17 
4 2146 387 255 17 
14 17 186 196 236 240 246 295 302 307 392 393 331 338 365 
1 18 
1 18 
1 18 
1 18 
27 2235 441 2374 2762 2242 2271 2243 2294 2248 1418 2313 1694 2530 2387 833 2324 1799 2389 1827 835 2266 2755 19 2258 2393 2344 2394 
4 2721 302 19 365 
2 19 413 
4 19 303 479 414 
6 344 19 55 1308 255 411 
3 19 412 303 
1 19 
5 20 439 355 181 2461 
1 20 
2 20 907 
1 20 
12 434 422 426 2177 433 149 428 21 463 468 32 493 
12 426 422 2507 431 21 1233 428 432 424 518 1757 2170 
27 2507 426 1039 431 421 21 1225 428 1270 432 1477 383 262 435 433 32 424 1713 1753 1757 328 420 2041 359 430 425 2170 
3 21 634 32 
8 421 425 428 422 2177 433 21 1343 
7 2177 516 422 21 32 424 493 
14 946 421 21 1207 1233 428 422 433 1753 1757 436 420 2041 2170 
3 21 866 876 
15 426 422 421 431 21 1233 432 262 433 32 424 518 1757 420 2170 
1 21 
3 422 21 32 
7 428 433 422 421 2177 21 32 
12 422 2177 421 428 433 946 2374 21 493 1885 1909 1993 
26 1358 502 422 2233 847 428 426 400 944 974 431 21 516 1224 432 435 1600 32 424 1753 1757 1759 1787 436 1993 420 
18 160 459 21 462 2726 465 492 28 469 32 33 471 35 420 475 36 495 496 
6 372 433 422 21 32 1908 
6 516 433 2177 426 21 32 
4 26 149 22 442 
1 22 
76 2667 504 55 108 2687 153 957 964 686 966 985 691 459 370 693 1025 1044 1047 198 2217 416 1091 1099 1112 22 2724 1185 629 1223 1251 2663 1275 1313 1340 1343 2780 1388 1427 1448 719 2668 723 2689 1545 1548 1580 2505 1609 1632 506 741 82 1732 1735 1738 1743 1744 2209 1774 1804 1809 1828 1842 1860 1874 1938 1941 2019 2070 2798 774 2215 2159 2163 2166 777 
4 2233 400 22 340 
12 141 409 540 1061 1106 22 2285 176 380 258 2309 136 
4 22 437 461 475 
4 924 46 647 23 
3 529 843 24 
1 24 
9 528 2667 2687 701 24 80 1539 532 163 
2 454 24 
14 2687 148 528 2667 24 80 513 1275 721 1539 725 532 533 758 
4 451 24 1581 38 
4 2228 24 533 38 
11 529 458 531 24 449 1365 1728 1903 1904 2000 38 
2 24 38 
13 2233 2234 55 2501 153 1141 24 2786 1801 1931 2077 84 38 
4 447 24 1554 1852 
4 24 1728 1904 38 
1 24 
2 25 161 
6 451 26 686 511 2666 149 
3 434 439 26 
3 1362 2401 26 
3 474 26 442 
5 29 434 149 143 26 
5 474 475 28 420 26 
2 26 1267 
4 434 26 29 494 
2 26 1405 
3 149 26 877 
3 159 420 26 
4 471 26 434 160 
2 26 28 
3 26 434 469 
2 26 159 
4 28 475 26 36 
3 26 461 463 
6 434 26 146 463 442 473 
2 26 159 
3 2737 26 159 
2 27 479 
3 412 478 27 
20 485 162 523 1155 2519 488 1479 28 1492 1498 1507 33 1651 2409 482 2788 1748 35 524 2793 
26 162 612 485 2469 502 2511 2581 2507 1225 521 2506 116 2543 115 1479 28 1498 265 33 1710 1739 35 2792 1969 2046 2797 
87 55 483 92 86 75 89 400 2507 847 480 842 2510 940 946 962 523 969 993 1001 2511 2512 2513 2514 2515 2775 1123 1129 1144 2776 2724 2777 1187 2517 2778 1225 1235 1262 2519 2779 1306 1312 2522 2780 2781 1393 488 1444 1479 28 1498 2526 1507 2608 1521 30 1549 1575 484 2783 33 2527 1642 1651 522 1718 2530 2789 2531 1839 35 2532 2533 1914 2790 2792 2793 1931 2639 2795 2536 2796 2073 2797 2099 2106 2537 2538 
20 2510 2511 2515 92 28 30 484 33 1642 1710 522 1718 482 1811 2531 35 2793 2537 2538 2395 
12 400 482 92 483 2774 1382 28 33 1769 1812 35 1954 
22 612 162 481 2511 1205 629 521 480 92 2506 2558 28 1492 1507 2608 30 487 33 618 2787 1944 620 
18 523 1025 2656 2774 2778 2523 1479 28 1492 33 291 1744 98 619 35 2099 773 87 
13 612 485 523 2507 1225 2506 2781 28 1498 30 2783 33 1969 
7 499 75 498 482 521 480 28 
3 159 29 494 
1 29 
8 158 160 29 164 149 163 162 660 
2 29 434 
6 420 516 432 425 29 149 
6 29 36 149 159 465 489 
3 434 29 37 
2 29 434 
1 29 
6 523 2764 488 30 33 499 
5 498 488 30 33 35 
7 2667 2566 704 31 740 509 774 
11 895 693 2198 2199 628 1525 1532 1583 31 750 679 
37 162 923 481 1031 1055 2541 1076 1100 1146 521 2464 1306 1312 1336 2489 2506 2542 1393 1429 89 31 1587 433 1644 400 1662 1715 1763 2501 2233 1828 1901 847 799 2078 773 90 
31 2689 766 504 148 2661 2196 686 687 693 694 2723 702 57 707 2728 717 722 126 723 511 726 729 1583 31 2731 741 753 756 2732 769 771 
26 2667 2687 2484 686 687 691 2217 704 2686 2663 2219 2190 2689 726 729 730 31 439 738 741 82 509 753 2677 503 774 
1 31 
11 439 693 1069 2198 2199 1525 1532 1583 31 750 679 
14 693 2198 2199 172 1499 1525 1532 1583 31 1677 750 1785 679 365 
40 2484 691 2686 2218 2663 1303 169 708 715 719 2674 723 1539 725 726 727 31 2731 733 735 1665 741 148 742 744 82 746 749 2209 158 752 753 1822 2659 758 1907 161 354 774 776 
9 1656 48 738 2663 2195 504 691 500 31 
2 31 2758 
38 691 48 716 2195 2190 503 2192 458 687 688 370 693 697 2198 1120 2199 512 57 80 1275 2729 722 126 1525 1532 724 1582 1583 31 737 750 1744 100 2209 679 2732 1962 2733 
3 511 2194 31 
4 2672 448 31 2667 
5 2217 31 2667 774 846 
1 32 
5 433 32 493 436 425 
1 32 
4 421 428 1477 32 
1 32 
1 32 
37 2469 481 502 162 485 612 946 998 2511 1076 2776 2777 1254 1306 2780 624 488 116 2543 1479 1492 2526 1507 265 1574 2492 1615 33 618 1710 2787 1739 1944 1988 620 37 2094 
12 75 92 89 482 2509 483 2508 2512 2786 1710 37 2536 
16 2779 620 480 162 482 2781 1205 993 1393 86 498 486 88 487 2787 37 
3 480 1205 37 
1 38 
27 1017 1058 2376 1141 1207 1443 1479 1517 1530 1559 2308 270 1600 1709 1736 1767 1795 1811 2391 1916 1936 1967 2106 2107 2120 38 2137 
6 529 987 1581 1728 1904 38 
14 1325 710 446 745 533 448 2659 1907 763 2000 2061 2096 38 772 
17 686 687 691 527 710 451 1581 1647 1655 741 1728 1761 533 767 444 38 774 
12 145 692 700 723 727 164 148 752 763 766 48 38 
2 451 38 
3 448 446 38 
6 400 529 448 450 528 38 
2 39 40 
2 536 40 
7 535 551 556 537 40 563 569 
5 536 550 555 40 565 
14 553 555 248 557 275 558 559 40 299 563 318 539 349 569 
3 538 40 569 
5 743 441 209 40 136 
2 40 552 
1 40 
1 40 
1 40 
2 579 40 
1 40 
1 40 
1 40 
1 40 
2 537 40 
2 40 536 
4 2667 40 739 541 
2 538 40 
1 40 
4 40 569 538 537 
2 536 40 
3 538 40 573 
4 538 569 567 40 
2 40 538 
1 40 
1 40 
3 40 2012 1225 
3 538 40 536 
1 40 
2 40 537 
1 40 
2 40 558 
1 40 
6 536 40 538 539 555 558 
1 40 
1 40 
1 40 
3 41 557 2311 
2 1951 41 
1 41 
2 41 2687 
1 41 
8 2499 124 66 1187 42 2543 1807 2497 
48 2510 948 961 965 995 1017 1079 1084 2579 545 1145 1154 1155 1221 1237 1270 1300 1378 1510 1540 1588 1593 1594 1710 1713 1765 1774 584 1823 1827 756 1846 1862 43 1933 1956 1966 1985 2014 2029 2044 2045 2071 2082 2088 2537 2116 2137 
3 586 43 585 
1 43 
1 43 
51 2510 961 1000 1017 1043 1078 1121 1185 1262 1265 1291 1309 235 1382 1396 1440 2525 1487 1502 1510 1531 1548 1638 1644 1665 1669 1691 646 1741 1742 1752 1761 1769 586 1793 1803 1805 1828 1867 1874 1912 43 1927 1961 1977 1982 1990 2014 2053 2063 2070 
4 108 579 922 43 
2 580 43 
8 125 1919 583 580 930 69 43 610 
15 43 91 111 104 894 46 47 653 74 94 2734 112 131 65 69 
1 44 
4 2268 60 44 131 
3 60 44 131 
2 44 907 
7 2234 2266 44 2248 60 2299 131 
1 44 
4 60 131 44 144 
2 907 44 
9 44 2535 2371 2318 131 60 2182 2289 2330 
1 44 
1 44 
10 44 1634 60 2180 2304 676 131 2381 2286 952 
1 44 
1 44 
1 44 
3 44 60 131 
1 44 
1 44 
3 44 60 131 
2 44 209 
1 44 
2 2186 44 
10 923 2408 55 1458 44 586 60 108 131 104 
1 44 
7 481 629 521 2506 45 485 487 
4 2418 45 618 620 
2 615 45 
3 2473 614 45 
1 45 
2 45 2548 
6 45 613 521 485 2558 1205 
3 486 45 70 
10 45 521 1205 485 613 2558 162 523 2781 2711 
2 46 623 
2 46 652 
4 621 1568 46 652 
2 521 46 
3 2379 1568 46 
1 46 
4 64 101 46 1698 
3 46 895 501 
17 2408 439 805 225 162 612 2554 485 804 641 1919 798 2469 46 811 822 836 
4 46 96 1919 895 
1 46 
7 88 1587 2558 2146 55 895 46 
1 46 
13 104 797 801 50 423 46 641 2555 805 812 814 2360 2561 
1 46 
1 46 
1 46 
4 46 400 55 1225 
2 158 46 
1 46 
17 46 1919 659 998 1086 814 629 1265 2503 818 634 1504 2504 1590 1789 2071 104 
3 46 108 2738 
2 805 46 
3 657 2414 46 
4 46 811 822 836 
7 108 583 895 46 55 1649 135 
3 46 443 2455 
1 46 
4 655 46 108 55 
3 96 46 895 
4 55 655 46 108 
3 622 623 46 
6 2274 587 2734 1532 47 678 
2 873 47 
6 47 649 1836 651 2751 2048 
3 2656 47 678 
6 937 1396 47 644 829 2140 
5 1919 1513 2505 47 1771 
7 889 893 901 104 894 641 47 
5 2667 2196 48 491 47 
1 47 
1 47 
2 47 673 
1 47 
4 1085 81 94 47 
6 108 47 55 105 952 2106 
2 1181 47 
3 47 113 128 
2 47 113 
1 47 
6 1187 1618 47 55 2397 108 
2 113 47 
2 47 663 
1 47 
1 47 
6 113 888 47 105 64 599 
2 64 47 
4 47 864 653 656 
8 511 156 726 47 507 501 723 506 
2 47 893 
1 47 
1 47 
3 47 64 1635 
2 2734 47 
1 47 
23 2689 55 2687 148 504 2195 2196 691 439 503 58 2193 529 738 716 2667 108 2717 2663 749 48 458 733 
39 48 504 2193 2191 503 2667 2190 2196 2192 511 2195 82 2684 691 749 529 716 688 696 2723 2218 706 2728 717 2729 722 2730 724 731 2731 734 737 2699 100 753 2222 2732 2733 771 
6 749 511 2684 48 687 100 
7 742 145 2661 2196 161 715 48 
3 161 48 746 
47 2717 529 2689 2722 2661 2196 504 58 508 2192 2719 48 2195 2663 439 2687 686 687 693 697 2217 2198 702 704 2725 708 709 713 2219 2729 126 1539 511 729 737 741 750 2209 751 2221 509 2223 756 767 775 2215 777 
6 2666 48 145 148 2717 530 
24 501 148 511 716 2193 506 2667 439 691 2721 2689 749 2718 161 1539 58 2195 2196 48 507 503 2725 2731 753 
3 58 503 48 
2 48 708 
3 774 687 48 
4 691 511 48 716 
8 2217 2674 749 1335 2663 2686 2668 48 
5 48 148 108 702 751 
3 530 148 48 
7 446 2667 2672 2661 55 48 2687 
9 2667 48 699 503 2193 58 691 776 755 
2 48 2674 
7 738 500 2663 504 691 48 740 
4 726 82 48 769 
2 48 687 
6 503 2193 2661 48 2667 148 
15 2668 508 48 2661 691 738 148 58 2196 2193 695 1247 1583 737 2732 
5 48 55 691 58 756 
10 716 58 48 528 2192 2722 2689 529 80 2733 
1 48 
2 48 716 
8 2667 691 126 48 2723 726 2732 760 
1 48 
7 48 2196 742 508 2661 689 1852 
20 48 152 2722 2717 686 687 693 697 57 710 712 2729 724 511 739 741 2220 750 2212 2733 
9 48 161 2663 2193 2191 2190 503 2667 687 
3 48 82 126 
5 439 508 48 2667 148 
3 48 2194 100 
5 48 448 2667 2672 2673 
8 687 2196 2667 503 511 2193 48 1746 
12 508 726 503 439 2667 530 48 148 145 752 679 2732 
6 738 100 48 687 716 511 
8 2667 2672 2673 448 57 48 508 2687 
20 503 48 2667 504 508 2193 2691 705 713 723 1583 2731 737 752 753 679 2732 759 769 771 
8 508 738 82 48 530 2667 148 145 
1 48 
8 48 503 148 504 2666 2667 691 2719 
2 48 504 
7 48 687 2191 2689 2663 2190 1247 
1 48 
4 686 508 48 2667 
5 48 687 1539 2668 159 
4 508 2196 48 2661 
2 48 2667 
10 691 687 726 708 2667 48 511 2193 753 2198 
16 504 48 2196 2661 686 2217 704 708 724 727 1583 740 750 751 509 2225 
7 48 148 716 2667 58 774 552 
8 500 2667 2684 48 704 2663 738 2700 
28 2681 148 529 2221 716 2190 2670 2666 2191 2717 439 2659 2688 503 2667 504 742 766 82 1168 2684 108 508 2687 48 58 691 57 
9 48 508 689 715 741 148 2209 764 776 
5 48 161 125 754 540 
4 922 148 48 508 
2 48 528 
3 508 48 690 
3 2686 48 2663 
1 48 
27 508 48 2190 161 2195 686 687 688 693 2723 698 2217 2199 2219 2729 2731 2699 100 2209 2221 753 756 2684 768 2225 2191 2215 
12 738 716 511 1583 691 48 507 58 753 756 501 506 
10 738 48 58 699 691 2667 776 755 2189 775 
8 508 148 2667 530 48 145 723 726 
23 693 504 503 508 2193 2667 48 2729 726 749 687 82 2198 2691 1247 1583 2731 737 750 2732 759 760 769 
2 48 743 
6 2722 2190 48 776 702 751 
11 48 579 55 57 58 766 691 709 749 503 750 
1 48 
8 57 508 448 2667 2672 2687 2673 48 
4 753 48 726 2667 
4 48 753 713 1583 
3 48 2661 2196 
5 1539 48 161 148 2667 
7 55 530 2688 528 772 48 152 
3 48 742 2659 
1 48 
6 48 530 2689 741 756 503 
6 48 152 2663 529 691 55 
2 48 749 
6 726 753 503 2667 48 705 
1 48 
6 2667 48 503 2687 726 687 
7 528 48 1728 152 1525 1962 763 
16 2233 2664 2369 1187 1225 48 964 1361 400 1475 162 2228 502 486 1566 2113 
26 148 2192 2722 2193 529 508 2717 58 439 2663 2667 500 504 2719 2687 2195 48 696 2200 57 2218 1275 739 2220 2209 514 
4 2667 48 691 751 
11 508 48 2661 2667 2687 742 2196 148 702 751 755 
9 48 58 691 2192 148 2193 439 2195 2667 
1 49 
10 49 2554 813 2362 787 828 1784 123 2564 792 
1 49 
1 49 
1 49 
3 91 2734 49 
1 49 
1 49 
1 49 
2 49 779 
1 49 
1 49 
2 49 791 
2 49 790 
3 779 49 101 
1 49 
4 806 50 834 127 
10 803 805 815 819 824 50 827 830 838 839 
6 127 803 805 806 801 50 
5 101 634 820 50 127 
6 2559 804 805 2553 629 50 
4 502 2233 2800 50 
5 101 2800 130 50 826 
14 814 816 818 634 819 820 824 50 825 834 127 838 796 841 
2 50 2750 
8 795 820 50 829 2562 2563 127 796 
8 2469 798 2743 91 629 77 2446 50 
20 807 811 798 101 814 629 795 77 130 634 820 2561 50 643 829 2562 834 837 127 796 
10 794 2399 77 820 2561 50 828 127 914 796 
6 77 805 50 162 2742 837 
2 50 110 
5 130 50 2755 110 2413 
4 91 2636 50 110 
10 805 836 127 645 50 820 829 629 2800 110 
2 50 634 
2 779 50 
16 998 805 64 2554 50 901 894 801 2397 893 2555 889 1739 74 634 641 
4 1492 50 1181 795 
4 801 1876 50 825 
1 50 
4 50 641 801 820 
5 50 795 801 103 1492 
9 803 127 805 801 50 797 806 811 818 
1 50 
6 110 50 645 836 130 629 
3 50 104 127 
4 795 801 103 50 
3 801 50 816 
3 800 130 50 
5 839 50 103 795 91 
3 806 50 779 
7 657 803 101 805 2554 50 811 
5 50 103 839 795 91 
1 50 
5 1764 91 50 2636 110 
3 409 2180 50 
7 801 794 127 50 2402 805 113 
9 843 888 2738 84 2234 2253 2180 50 409 
6 50 110 645 629 811 822 
3 807 50 805 
4 795 801 127 50 
6 795 91 50 103 827 830 
1 50 
2 801 50 
32 2760 942 2374 2774 1135 51 1187 211 2242 2380 1262 1351 1507 1547 1612 1686 855 482 848 1757 1800 1880 847 1955 336 2002 2007 2057 2076 2100 2124 2395 
39 400 2184 2187 2183 844 2188 1060 2239 1082 1107 51 1139 1152 1178 1187 211 1224 1239 1261 1266 2294 1332 1370 235 845 1456 1463 1600 2617 2768 1720 1823 835 2180 847 1967 2031 444 2345 
27 843 400 847 2376 51 849 120 1225 851 234 1386 1423 853 854 286 1692 2530 1750 2391 856 858 2002 2024 2029 2033 2798 862 
28 400 843 2229 2184 1031 2278 1082 1090 2376 51 1152 1196 1203 2381 1261 1370 235 1456 2303 2304 1600 854 1750 1827 847 2041 2345 84 
7 97 51 2505 1758 1771 514 2024 
69 845 843 842 2233 2184 502 400 2234 2369 971 972 1016 1031 844 1090 1100 51 1149 1155 1178 1187 211 120 1224 1225 1261 1263 2295 2521 1370 235 1386 252 1546 1547 1587 433 1612 1654 1692 1715 855 482 1736 848 1771 2327 2531 1823 1855 856 2792 1946 1955 2336 858 1986 1993 2535 2002 2020 2024 2041 2056 2261 2089 2647 2126 2539 
43 97 842 847 1016 1053 2376 2284 51 1152 1155 849 1187 211 1196 120 2294 2295 234 235 1391 1557 2308 286 1692 855 1726 2530 1758 2327 2391 2532 2533 856 2791 2792 2534 2259 2024 2029 2797 2089 2159 862 
7 400 1745 848 51 844 1725 2180 
2 2391 51 
4 1800 844 854 51 
3 51 1293 400 
2 844 51 
5 845 2002 844 51 851 
6 972 51 848 847 400 842 
5 51 2371 847 848 844 
1 51 
4 51 847 844 1546 
2 51 2371 
6 2535 2371 2327 1107 2234 51 
1 51 
7 1632 844 2002 51 1546 848 1908 
1 52 
3 1618 52 678 
1 52 
4 1014 876 427 52 
1 52 
2 52 108 
4 52 55 1917 1436 
1 52 
2 882 52 
1 52 
2 52 654 
1 52 
3 1875 1739 52 
5 427 1202 52 1014 866 
3 52 467 2409 
2 52 2285 
2 951 52 
1 52 
2 52 1618 
8 2358 52 108 55 1665 1324 1917 871 
6 104 1458 74 52 922 54 
1 52 
4 55 108 52 907 
3 55 52 907 
1 53 
4 53 1318 676 835 
5 659 53 814 114 103 
2 2656 53 
2 53 2455 
3 131 992 53 
12 2234 2738 659 53 814 114 2302 2308 270 103 680 2339 
10 659 587 53 814 114 2454 2455 103 2565 2407 
10 909 2279 501 628 53 630 632 646 650 135 
4 992 53 2600 2616 
7 1038 960 53 1735 1830 2210 2495 
2 2656 53 
2 53 2455 
2 2656 53 
5 659 53 814 114 103 
2 2656 53 
2 53 2495 
3 907 53 2455 
1 53 
2 53 1328 
28 983 591 2429 211 53 1272 595 2442 65 1318 2444 2447 418 1591 1614 1627 1633 2452 1660 1673 1676 2402 2456 904 885 2123 2158 886 
2 53 2451 
6 895 55 108 53 1244 1784 
3 53 2451 912 
5 2444 1919 111 69 53 
3 53 910 913 
5 2445 53 2451 912 2399 
10 53 91 2743 153 113 99 103 806 2399 128 
3 1237 54 1408 
1 54 
1 54 
2 54 131 
3 922 54 104 
5 923 1092 54 131 1548 
1 54 
85 939 956 963 970 983 984 1003 1031 1050 1059 1068 1078 1094 2774 1109 1123 1153 1155 1180 1187 1251 54 1272 2519 1276 1287 1302 1319 2499 1376 1388 1394 1401 1424 1443 1458 1469 1474 1475 1479 1498 1506 1548 1559 1587 1590 1602 1604 1614 1633 1657 1659 122 1688 919 1691 744 1708 1727 1730 1742 1793 1797 584 1828 1844 1882 1894 1899 1900 1901 883 1948 1964 1969 1997 2002 2014 2023 2044 2065 2103 2109 2146 90 
10 920 108 502 956 54 131 1851 2014 104 610 
3 925 54 443 
3 924 54 96 
3 937 2764 54 
2 104 54 
1 54 
1 54 
5 54 131 2233 586 936 
2 937 54 
2 54 933 
3 131 54 932 
3 54 104 108 
2 54 937 
2 54 930 
6 55 108 657 926 931 935 
1 55 
6 922 2233 55 954 1397 2121 
10 1739 2482 2507 1444 1256 482 89 55 1024 2479 
2 55 1901 
10 1261 55 1587 842 2501 2031 1943 1617 1720 1845 
2 108 55 
3 55 2177 433 
2 55 1669 
8 1757 482 426 432 1196 521 55 92 
2 108 55 
3 55 579 108 
4 55 1018 1664 1809 
3 108 55 1639 
5 982 55 1318 1360 879 
6 666 55 105 108 106 599 
4 55 1024 2134 2147 
4 939 55 111 1739 
1 55 
3 923 55 922 
2 439 55 
2 55 108 
5 108 1449 55 2714 2716 
14 108 1810 55 400 1706 2501 2507 2233 2370 1162 897 1190 1920 2111 
8 1220 583 1152 579 55 1034 2352 1494 
4 55 482 2536 1164 
3 1245 55 922 
6 439 400 55 1511 1677 773 
2 579 55 
6 2667 58 108 55 2196 439 
4 2148 55 1671 2178 
1 55 
4 92 1144 482 55 
3 922 55 1057 
4 847 2233 400 55 
4 2371 55 847 855 
1 55 
4 55 433 2797 108 
4 148 2507 55 2667 
2 55 108 
2 2003 55 
1 55 
2 108 55 
3 55 108 1022 
1 55 
2 55 951 
3 55 922 907 
2 55 922 
5 2509 439 108 55 115 
2 55 1654 
4 55 108 527 1861 
4 1024 1666 55 995 
3 55 2482 108 
6 78 55 2603 2574 1129 2611 
3 55 2501 400 
7 1894 896 108 892 55 209 1061 
5 55 482 108 523 2781 
3 55 108 1985 
5 55 1024 579 988 1359 
4 55 1693 1870 1669 
1 55 
13 2479 1150 1739 55 1618 2555 1595 521 92 225 1306 641 814 
4 55 1399 1790 2033 
3 583 55 1961 
8 1651 482 1475 55 1518 1262 1942 1291 
1 55 
3 55 108 922 
2 55 1910 
4 400 55 2501 1449 
8 55 1203 2233 1706 108 1856 400 1204 
4 55 1044 1333 1412 
4 2482 55 1354 124 
2 55 108 
1 55 
5 1282 2552 2501 55 2482 
1 55 
2 108 55 
5 1595 1399 55 866 876 
4 55 2233 108 162 
6 2184 848 108 55 2228 847 
6 108 400 55 583 579 526 
3 2000 949 55 
2 400 55 
2 55 108 
3 55 400 2501 
3 1449 980 55 
2 55 108 
40 2233 400 2501 55 940 953 988 995 1038 1082 1172 1190 1203 1248 1254 1306 1332 1336 1359 2542 1398 1399 1444 1479 1508 1536 1580 1666 1668 1699 1747 1781 1790 1795 1888 1902 1920 2087 2111 2167 
6 55 2718 486 88 439 2721 
4 55 125 1658 1963 
2 111 55 
3 55 1679 1462 
4 55 2501 2233 1786 
2 74 55 
9 400 847 108 2501 845 922 1902 502 55 
7 124 400 55 1211 2780 1532 2168 
1 55 
10 1091 108 1248 1959 1506 55 961 1666 1985 1254 
3 2675 108 55 
4 55 162 2152 1688 
2 55 1863 
9 1024 55 897 1274 1695 1735 1876 1959 2147 
2 55 422 
2 2501 55 
4 55 1216 2608 1890 
3 400 1293 55 
3 583 55 2526 
7 55 2233 439 1007 1412 2064 2154 
2 55 108 
2 108 55 
6 55 2718 2721 1842 108 439 
1 55 
4 1152 1943 2031 55 
6 55 1238 922 1370 1862 2035 
5 55 1711 2408 1706 2501 
1 55 
6 55 848 1669 1399 1546 1685 
1 55 
4 55 502 1235 2728 
4 55 108 2023 2501 
3 970 1426 55 
3 55 526 108 
5 55 108 2517 922 400 
2 55 843 
3 441 992 55 
1 55 
7 167 108 2797 55 105 1176 1331 
4 1942 2507 89 55 
1 55 
3 55 1461 1607 
1 55 
2 55 922 
3 506 55 108 
2 108 55 
3 55 1340 1235 
1 55 
2 55 1139 
3 55 108 1583 
7 55 2599 2607 2624 2625 2628 2646 
8 502 2233 521 108 162 55 400 2469 
3 55 1268 2106 
12 108 1133 2499 583 1741 922 1449 55 1196 1151 1803 2127 
3 579 108 55 
4 55 2755 2233 2362 
2 55 108 
6 843 845 55 400 1024 2501 
1 55 
4 55 579 1305 1710 
3 1227 55 665 
4 1739 1704 641 55 
1 55 
2 108 55 
3 55 120 2371 
3 845 847 55 
9 400 55 439 1034 1248 1334 1536 1589 1624 
3 55 920 104 
3 55 1919 2448 
3 55 2738 922 
4 55 1277 1370 2753 
3 55 1399 1790 
8 2143 108 1399 1632 55 2545 1400 1469 
1 55 
7 2051 55 439 2721 2718 1187 1854 
14 400 502 78 2501 55 847 2574 2566 2233 1422 2611 1725 1869 2649 
1 55 
1 55 
1 55 
1 55 
2 55 162 
3 441 400 55 
7 2270 843 55 2501 1517 2767 860 
2 1538 55 
3 55 922 108 
3 2233 55 108 
3 108 55 1797 
3 55 1666 439 
1 55 
2 55 1183 
4 55 400 1402 2501 
2 55 2003 
1 55 
2 55 1618 
2 55 108 
4 55 511 108 1373 
5 108 583 400 55 1183 
3 55 1225 1870 
8 2519 92 1556 55 86 922 108 482 
2 108 55 
5 2233 55 1986 108 400 
5 55 102 1632 1783 1828 
4 400 55 1399 1546 
1 55 
8 78 55 482 108 990 1422 2611 2620 
2 55 108 
1 55 
1 55 
5 108 55 2233 1078 1280 
7 55 108 1202 1450 1802 2128 2539 
4 400 55 1399 842 
6 55 102 124 1165 1395 1433 
1 55 
3 55 125 108 
10 1073 1261 1150 55 2501 1729 1669 2165 1862 843 
1 55 
13 400 453 2501 1587 526 2228 2182 2639 2371 2608 55 1146 2184 
2 400 55 
2 55 1347 
6 482 55 92 108 969 1262 
3 579 55 351 
4 2501 502 55 1141 
1 55 
2 55 108 
8 55 400 2501 847 2031 1940 2001 2020 
14 2507 1354 55 1521 124 998 1139 2585 1258 1536 1759 1788 1853 2066 
5 108 55 1078 1361 1741 
19 400 55 1261 2501 2031 2244 845 848 843 1587 961 1049 1219 1253 1414 1478 1653 1828 2001 
5 108 922 55 2233 1244 
3 55 579 108 
8 848 847 579 115 55 108 922 480 
10 1862 55 108 2501 115 2510 1172 1287 244 1536 
4 55 1308 1238 108 
3 400 55 2617 
2 55 2409 
2 55 161 
2 55 1877 
5 1810 1706 1955 960 55 
3 1669 108 55 
6 55 92 962 1839 2791 2536 
8 124 1136 102 55 1569 108 1521 1743 
2 55 1956 
3 1216 1383 55 
9 55 2217 2681 1179 1285 1539 1581 741 2030 
3 2639 55 108 
3 55 400 108 
5 55 2512 2608 2639 2648 
5 1607 1024 400 55 1156 
2 55 1887 
3 55 1475 1291 
2 55 1931 
3 55 1063 1665 
3 55 2200 1660 
9 1612 843 400 2501 55 2386 1443 847 1261 
3 148 1168 55 
2 55 922 
3 55 815 667 
3 55 2516 1960 
3 55 1114 1121 
1 55 
3 583 55 439 
2 2189 55 
41 86 124 2228 578 847 92 89 75 843 2180 108 400 482 922 2189 1901 1739 2756 2499 2566 848 1261 2551 2229 115 2482 842 55 188 1099 2774 1195 1252 2544 1483 671 1665 1686 2790 773 2497 
3 1383 55 1216 
4 2586 2639 55 2049 
8 960 55 1024 108 2483 1810 1806 2134 
2 55 1367 
8 167 1669 2177 332 108 2797 55 2685 
1 55 
3 55 125 108 
4 1187 1602 55 108 
5 55 845 848 946 1078 
10 2264 2233 2271 55 2270 2269 2268 1418 1429 1819 
2 55 1612 
2 108 55 
1 55 
6 1666 55 1248 1536 1624 2050 
4 1134 395 55 876 
7 845 400 2184 55 1810 1024 1006 
5 55 2608 108 78 1006 
20 2506 55 485 2510 523 1382 2781 116 1479 1507 2608 2492 618 1812 524 1882 1954 2639 620 2796 
1 55 
4 426 108 55 526 
8 55 78 1868 2507 2608 102 108 1869 
4 55 1475 108 2676 
3 1449 1238 55 
5 55 1508 2166 1032 1340 
3 125 108 55 
3 108 2586 55 
2 55 108 
2 55 1520 
10 55 1041 400 2233 2501 162 2477 1167 1188 1964 
1 55 
5 1261 55 1587 2501 1943 
6 2180 108 1152 2007 1587 55 
5 2233 1587 2501 55 961 
2 55 579 
1 55 
5 55 439 108 1474 2070 
12 2501 1787 1402 2244 433 400 55 847 843 2031 2410 1786 
21 844 487 482 55 2370 1901 481 2507 1870 2233 847 422 108 2573 1122 638 1457 1493 1559 562 773 
7 108 1756 400 55 1456 1357 1532 
2 55 1085 
2 108 55 
1 55 
3 400 2159 55 
2 108 55 
2 55 400 
6 2177 388 426 421 55 428 
1 55 
13 1055 55 482 1071 1340 1508 1659 1891 2046 2079 2098 363 2166 
3 2011 55 2000 
3 579 55 915 
10 55 2509 1050 1157 1210 1463 1719 1835 2035 2648 
2 843 55 
2 108 55 
2 108 55 
4 55 400 2234 1730 
3 2718 55 2529 
7 1153 909 2185 2018 55 1789 2503 
6 108 111 55 963 2352 1623 
3 1331 2042 55 
7 108 2193 753 708 731 2667 55 
11 55 1985 1091 1201 1706 1699 1624 1024 1666 1034 1254 
1 55 
1 55 
6 922 439 232 2668 55 2215 
6 1187 55 2501 108 1618 1901 
6 2031 55 2501 400 1152 1943 
9 1666 1699 1706 521 1810 1034 1024 1248 55 
4 400 55 1600 1730 
7 2479 55 88 2507 940 1306 1444 
1 55 
6 1150 1398 55 1706 1536 1666 
1 55 
3 108 55 1262 
23 2501 845 2552 2184 55 847 843 942 1139 1152 1178 1187 1218 1332 1372 1456 1600 1679 1686 1808 1943 2020 2100 
17 55 92 108 583 482 400 1144 75 842 1001 1260 1382 2525 1769 1812 1912 1929 
4 55 108 847 1881 
3 55 1996 2175 
4 55 583 641 1766 
6 400 55 843 2501 1556 1419 
2 55 464 
4 1077 55 108 1666 
2 55 2738 
4 422 108 55 579 
2 1297 55 
6 922 907 108 61 55 115 
2 55 2667 
4 55 1038 1876 2045 
8 57 511 448 2189 2190 55 774 439 
5 55 111 108 922 104 
4 2228 55 1095 2648 
2 2738 55 
2 108 55 
3 1133 55 2507 
3 163 55 2003 
4 1011 2501 55 1399 
3 336 55 1455 
3 1399 2667 55 
2 55 1168 
3 92 55 2103 
3 1156 922 55 
2 55 124 
1 55 
3 55 2464 108 
6 55 1739 583 1001 1174 1574 
1 55 
6 55 2511 1042 852 1758 2056 
5 55 400 2233 2526 2178 
1 55 
3 1550 55 2003 
2 55 1271 
1 55 
1 55 
6 579 105 108 96 55 109 
2 55 2666 
2 55 922 
5 55 508 2667 2196 148 
4 2228 2054 1854 55 
3 1084 55 1710 
24 1024 75 1256 86 2482 88 502 521 482 55 2507 2479 2510 998 2514 2774 2518 2779 2780 1479 1507 1575 1914 1927 
2 55 1666 
6 2233 55 108 1157 294 413 
4 583 55 1494 1933 
2 55 108 
1 55 
7 1739 502 482 2507 55 1506 1665 
2 55 439 
2 55 108 
1 55 
1 55 
3 108 55 1791 
5 951 888 55 907 1765 
2 55 922 
1 55 
2 108 55 
10 108 124 55 102 2551 2482 1481 1622 1807 2115 
1 55 
4 167 55 2675 882 
2 528 55 
2 55 1565 
1 55 
3 55 906 64 
1 55 
1 55 
4 55 1063 1246 2042 
8 55 1024 2180 2552 1261 2501 400 843 
2 55 1007 
2 1091 55 
6 2686 1656 55 698 1539 1613 
8 2499 55 124 2498 502 1024 108 2480 
3 108 1852 55 
2 88 55 
1 55 
9 1235 148 2097 439 55 1071 1211 1891 2166 
1 55 
1 55 
4 424 439 1828 55 
3 55 1532 2147 
2 167 55 
6 55 400 76 108 2540 1668 
5 2371 400 55 2184 1143 
1 55 
3 108 55 1975 
2 1931 55 
8 2031 1666 1587 55 842 400 2501 2617 
3 55 108 1862 
3 111 55 108 
4 55 1008 1150 1521 
1 55 
1 55 
6 108 1756 55 1456 400 1226 
3 400 55 433 
4 995 1666 1024 55 
3 232 55 951 
14 55 108 1151 1383 1483 1499 1520 1549 1688 1803 1876 2059 2127 773 
6 113 55 128 2555 460 2712 
3 55 2448 2339 
2 55 2179 
2 55 451 
2 55 108 
2 55 1191 
2 108 55 
1 55 
10 55 400 845 843 2234 847 2228 1050 1095 2241 
2 96 55 
4 2501 1425 1261 55 
3 55 1120 108 
2 55 2222 
3 55 1988 108 
3 55 2233 922 
2 55 108 
5 55 75 115 579 86 
2 125 55 
1 55 
8 2501 55 400 1556 1419 1517 1580 2165 
6 583 1205 484 55 1262 108 
9 1361 55 124 2501 1167 1188 1436 1483 1491 
1 55 
2 55 340 
5 55 847 844 1399 2002 
1 55 
6 439 55 2501 922 400 1647 
1 55 
1 55 
5 848 2228 55 2182 1881 
3 55 108 2797 
7 1739 55 2507 502 482 2510 523 
3 922 108 55 
4 55 2115 1136 2482 
3 583 55 657 
2 55 939 
5 55 1024 1666 108 1258 
25 2507 400 1282 1024 55 1386 2501 999 1014 1053 1096 1097 1127 1135 1284 1400 1489 2505 1632 1679 1758 1771 1790 2032 2037 
5 108 1399 1640 55 1097 
6 1706 1465 108 922 1567 55 
7 55 1115 1224 1811 1882 1955 1987 
1 55 
1 55 
4 2772 55 466 1536 
2 55 108 
4 55 108 2504 1932 
2 55 915 
2 55 162 
3 55 1560 2074 
9 108 2658 2682 2797 80 2676 55 100 2664 
3 1007 1044 55 
2 55 1956 
6 2501 1152 2031 55 2230 400 
5 108 55 125 2517 2106 
2 2625 55 
1 55 
6 2228 409 55 108 1197 2291 
5 2149 1823 1381 55 1266 
2 1741 55 
3 108 55 2233 
7 108 55 1100 1129 2574 78 2611 
2 55 844 
3 108 922 55 
4 55 1556 2501 1372 
6 55 400 2233 2721 1057 235 
2 55 439 
1 55 
8 2270 55 2269 1197 2271 502 1579 1662 
3 1669 55 108 
1 55 
2 55 108 
4 1136 55 1743 124 
3 108 55 400 
2 108 55 
7 1595 108 55 1383 2397 869 1520 
3 55 400 1532 
1 55 
1 55 
3 583 108 55 
2 55 1567 
2 55 1876 
14 526 55 108 1449 922 1178 2780 2205 1561 1575 1792 1826 1913 2026 
10 2479 1739 55 2507 2482 482 88 1256 1024 940 
7 1985 55 2182 2184 400 2501 2786 
1 55 
2 55 2155 
5 55 1706 400 439 2501 
18 55 959 1005 1022 1078 1210 1443 1540 1574 1665 1669 1712 1803 1805 1868 1869 1929 2159 
3 55 1802 1134 
2 55 2106 
1 55 
2 55 108 
4 1546 55 2501 108 
3 55 336 1283 
9 55 845 400 843 2501 1261 1226 1357 1600 
4 1870 55 400 1225 
7 2408 118 108 922 55 883 610 
6 108 2057 400 2501 55 2023 
3 55 2692 2696 
3 55 1066 1668 
4 124 88 55 1028 
4 55 1238 843 2097 
1 55 
4 108 55 1810 1401 
2 108 55 
3 1956 1666 55 
3 55 400 2184 
5 400 2037 55 922 1097 
2 400 55 
3 161 55 108 
2 108 55 
1 55 
4 1223 108 922 55 
16 108 2507 55 922 1901 2510 1001 1174 1209 2779 2780 1575 1887 1914 340 773 
1 55 
4 108 422 55 518 
4 1152 1587 2501 55 
17 1024 2608 2507 75 486 482 922 1306 521 1205 55 526 480 2516 88 481 108 
3 55 108 1582 
3 55 2566 1322 
1 55 
6 1187 1383 108 55 1361 169 
3 1894 55 108 
6 2476 2540 76 55 1550 2003 
1 55 
6 583 55 2526 1528 1549 1938 
4 2139 55 108 1952 
3 1399 55 2477 
2 55 344 
2 55 1383 
9 88 55 485 521 480 486 815 819 1681 
6 1225 2371 108 2501 55 400 
4 961 55 1309 1765 
1 55 
2 55 108 
2 55 2097 
7 481 55 922 482 487 480 2527 
7 1361 2233 55 344 507 108 90 
1 55 
4 108 2136 55 2233 
3 583 108 55 
1 55 
2 55 641 
3 2507 1706 55 
9 108 1312 2542 2507 1901 922 55 1034 2495 
12 162 108 1306 482 480 92 55 842 485 2506 521 1205 
9 1024 1616 55 1235 1211 1853 2046 363 2166 
1 55 
6 55 579 583 92 86 2687 
2 964 55 
2 400 55 
6 104 55 2428 108 658 1919 
1 55 
2 1556 55 
2 2154 55 
7 526 400 55 1381 2029 1107 2501 
7 400 55 148 2233 1001 1809 2051 
1 55 
4 1361 1436 55 1215 
9 1354 115 89 55 482 86 1150 1165 1788 
3 55 2666 108 
4 55 2557 2180 1789 
1 55 
10 55 2686 507 2667 511 160 772 506 501 158 
2 55 108 
4 55 108 2606 2052 
4 167 55 1487 1602 
3 108 55 2410 
2 55 526 
3 583 108 55 
11 506 1226 1032 511 1541 1437 1344 501 653 507 55 
2 108 55 
1 55 
3 55 108 2229 
16 1985 1150 1201 1024 1091 1699 1624 1706 1405 55 1156 108 1666 1258 1885 2461 
1 55 
3 55 1108 104 
21 691 55 148 2661 2667 2683 446 1335 2193 2687 448 508 1168 693 126 1583 734 1660 762 2103 2215 
4 55 579 162 1449 
2 55 1532 
1 55 
4 55 108 2189 1562 
2 108 55 
6 2718 2721 108 164 439 55 
15 97 847 108 55 1053 1127 1454 1557 1594 1750 1771 858 2024 2032 862 
7 55 2371 847 108 400 2501 842 
7 439 55 583 108 2417 920 922 
4 1487 55 1361 482 
4 2003 55 1296 1485 
2 55 2014 
1 55 
2 55 2233 
3 55 142 454 
1 55 
14 400 2501 55 1123 1266 1381 1425 1515 1653 1686 2001 2095 2100 2165 
6 55 2371 1546 1931 848 1970 
4 1978 55 108 1953 
8 2507 108 922 1225 55 1811 526 2501 
3 55 1410 2074 
2 1443 55 
3 108 55 1543 
3 55 1618 108 
3 55 108 400 
3 55 2182 1326 
3 773 55 400 
4 55 108 1401 1441 
3 625 55 623 
5 2507 124 55 102 1165 
1 55 
4 1875 2489 2479 55 
1 55 
2 108 55 
5 1291 55 1449 1739 521 
9 55 1306 86 482 1475 1914 1443 2507 2510 
5 55 108 111 118 1618 
2 162 55 
6 2146 344 289 108 55 382 
5 55 2269 2270 1429 1662 
6 400 1381 439 1024 55 2501 
5 527 449 529 55 1168 
3 511 1480 55 
19 2669 503 57 738 708 507 753 154 55 501 726 126 506 511 148 760 1539 1074 750 
3 55 108 400 
2 1863 55 
1 55 
22 922 55 847 502 2233 942 1141 1152 1218 1219 1220 632 1351 1478 1653 1808 1828 1916 1947 2001 2007 2057 
2 579 55 
3 88 1091 55 
3 922 641 55 
6 118 1919 55 907 108 2441 
2 55 1611 
3 108 55 579 
4 55 1546 2609 579 
8 55 998 1014 1436 2695 1728 1877 2019 
1 55 
2 55 244 
1 55 
2 148 55 
18 2039 55 2234 108 1686 2756 400 2371 1255 1456 2501 1261 2184 433 843 78 845 526 
2 55 2409 
11 108 922 55 1195 67 1528 1710 1836 1838 1896 2127 
2 55 2071 
7 922 108 400 1943 55 2501 2031 
1 55 
1 55 
5 1066 400 55 1172 2546 
1 55 
3 55 439 108 
2 55 1669 
3 55 115 1592 
9 842 108 55 847 400 2371 1178 1198 1881 
3 1335 55 1656 
5 922 108 907 55 1663 
2 521 55 
3 55 2512 1508 
5 1653 942 55 1943 2031 
15 55 88 89 998 1118 1252 864 1563 671 1576 1623 1679 881 2081 2106 
2 55 1865 
1 55 
2 55 2035 
4 124 1322 2566 55 
9 2081 1245 55 111 61 69 1618 108 2354 
7 1091 55 1201 1248 1536 1885 1927 
2 400 55 
1 55 
2 907 55 
2 55 167 
3 2501 55 2371 
4 2109 1631 55 1696 
3 1630 55 1696 
11 1399 1126 400 2720 2545 2022 439 2501 55 1097 862 
5 108 907 922 55 2158 
5 108 55 2524 2744 599 
3 2403 55 683 
1 55 
1 55 
4 2507 55 108 583 
2 55 950 
3 108 55 1400 
1 55 
7 1718 86 482 55 75 483 88 
2 108 55 
4 502 108 55 583 
1 55 
2 55 108 
3 55 529 1388 
1 55 
4 55 108 646 2156 
1 55 
6 482 55 89 480 86 1001 
1 55 
9 2001 1152 55 1556 1587 2031 2501 1617 1947 
6 986 400 2184 847 55 108 
2 55 529 
5 55 1335 1613 2220 509 
3 55 922 108 
5 1894 55 108 1026 161 
3 1235 922 55 
4 1539 1177 55 907 
2 55 2381 
8 2271 1579 1429 55 2265 2267 502 2269 
6 55 108 2433 1614 1914 2358 
4 1887 55 949 2686 
11 1187 508 55 2667 1176 583 1449 1312 108 882 1927 
33 2507 2233 55 2501 1024 124 89 1706 988 1034 1112 1201 1248 1254 1258 1268 1307 1351 1359 1398 1467 1536 1699 1795 1806 1885 1909 1929 2006 2495 2092 2134 2147 
6 55 2233 2282 1757 1880 1933 
5 55 1024 78 1346 1461 
18 1449 55 583 945 996 1053 2774 1139 1163 1192 2586 1430 1610 1759 1817 1818 2004 2117 
5 2667 55 2668 2717 2695 
2 55 967 
1 55 
2 55 907 
1 55 
2 55 108 
2 907 55 
3 507 964 55 
1 55 
9 1261 2180 55 1810 1399 2501 1618 400 1028 
2 55 400 
2 55 1492 
3 55 400 2501 
1 55 
1 55 
3 55 2032 1053 
10 1556 1187 2501 55 842 1261 1600 1712 1720 2039 
1 55 
5 55 1361 1036 922 2152 
2 55 1696 
3 161 55 125 
5 922 55 583 108 2042 
4 847 55 844 848 
6 55 1870 2507 108 996 1993 
3 409 2142 55 
4 1810 55 1038 2501 
4 1689 1630 1631 55 
4 400 55 2228 2182 
3 55 2667 627 
9 1706 1024 1666 55 1248 1254 1536 1885 1909 
3 55 108 1952 
3 2501 400 55 
1 55 
1 55 
3 55 1086 2774 
1 55 
22 2501 2233 400 108 55 960 1006 1051 1162 1248 1254 1258 1401 1448 1505 1536 1666 1699 1810 1885 1909 1972 
5 161 142 55 400 1864 
3 108 55 922 
6 526 2234 400 2501 55 1973 
14 522 579 521 481 1305 2667 483 2476 1602 2724 108 55 1084 2538 
7 2501 2233 55 1051 1806 2134 2147 
5 55 1449 1686 2463 400 
4 108 422 55 579 
2 55 108 
15 2233 502 400 78 2501 847 2566 55 2574 2580 2613 1786 2630 1869 2495 
2 108 55 
3 2131 400 55 
8 55 483 482 88 2507 75 86 1642 
2 55 1238 
9 1686 108 843 55 400 2501 2031 1943 942 
1 55 
3 2687 55 2674 
1 55 
1 55 
6 1100 2603 55 2574 78 849 
5 400 2797 848 55 286 
9 2542 2419 2667 108 2483 55 148 2507 922 
10 148 152 55 1595 451 455 2667 529 527 772 
3 55 2233 1139 
7 55 108 922 1242 2369 400 1255 
1 55 
6 439 55 370 233 275 318 
1 55 
3 108 96 55 
5 55 1038 439 897 400 
4 400 526 847 55 
1 55 
12 439 2718 2663 55 2196 2717 2687 2683 148 2721 2507 1885 
20 521 55 2507 481 940 954 998 1086 1187 814 1291 1312 1393 1444 1574 875 1809 1867 1942 346 
3 55 163 2003 
7 583 55 1078 1151 1420 1803 2127 
5 583 55 2233 922 108 
5 2499 439 55 1165 1433 
5 108 486 439 511 55 
2 55 849 
3 108 722 55 
2 55 1024 
4 55 2543 2681 480 
3 2556 55 2563 
5 845 108 55 1546 844 
2 55 2667 
2 583 55 
6 426 55 433 108 422 1908 
1 55 
1 55 
4 400 55 1226 1357 
10 428 433 1667 421 422 842 55 2233 426 946 
10 2234 2501 848 1399 400 846 1931 55 1293 108 
6 108 1150 400 1669 433 55 
2 55 2575 
3 583 529 55 
1 55 
3 55 108 502 
3 55 108 832 
5 1494 55 579 1974 1318 
2 55 1265 
4 526 125 108 55 
2 2233 55 
4 1262 583 484 55 
2 55 2501 
8 1546 846 658 2180 400 55 847 1399 
3 55 2142 2233 
2 55 2031 
3 55 579 439 
2 108 55 
1 55 
1 55 
5 102 108 55 2566 2482 
1 55 
1 55 
3 1024 55 2501 
2 55 167 
3 1126 55 108 
7 55 108 779 2018 909 127 1789 
2 507 55 
5 1715 55 1224 2603 1029 
6 433 400 55 2552 1224 169 
5 1150 108 1521 55 2507 
7 2180 641 1523 55 1244 2503 1784 
7 55 2148 1024 108 1399 999 1096 
2 55 1317 
4 2573 55 1443 108 
3 922 583 55 
2 55 108 
6 400 526 108 1024 1666 55 
2 55 2003 
3 55 922 1111 
4 55 2667 167 108 
5 2228 2233 409 84 55 
5 842 55 2501 400 851 
3 108 453 55 
3 55 1134 1450 
8 108 1078 55 1449 583 1361 2499 1741 
3 439 55 108 
4 55 583 161 1449 
5 108 1666 55 1711 1190 
5 108 1322 2500 578 55 
5 1261 400 1587 55 2501 
11 2667 2687 55 1518 148 949 439 1995 1739 2051 108 
12 1706 55 960 1162 1190 1203 1254 1465 1679 1695 1959 2111 
9 55 483 108 1402 92 526 2031 2501 1559 
4 55 484 1262 1205 
1 55 
1 55 
6 108 55 88 2499 2497 2489 
1 55 
2 1669 55 
5 1669 55 400 1943 2501 
2 55 1197 
2 108 55 
5 2182 108 55 2318 2228 
2 508 55 
8 579 843 2501 400 55 2180 847 1419 
1 55 
2 55 1919 
3 1443 55 400 
5 579 409 55 845 250 
18 78 439 922 1152 1880 1587 1126 108 502 2501 583 400 55 1942 2233 2774 1343 2548 
2 55 108 
2 55 897 
1 55 
4 55 2233 2005 2161 
1 55 
2 55 1923 
4 55 1862 1238 400 
5 55 1602 108 655 2154 
2 55 2580 
2 55 1602 
5 86 1164 55 482 2536 
2 108 55 
1 55 
5 108 2064 55 439 1047 
1 55 
2 922 55 
3 942 2501 55 
6 579 2408 55 108 2006 2012 
1 55 
1 55 
1 55 
1 55 
5 55 2268 2022 923 108 
4 715 454 55 1337 
4 1508 108 1150 55 
3 55 1099 1304 
3 847 55 108 
3 2180 55 1006 
1 55 
1 55 
2 55 2501 
3 439 108 55 
3 55 987 108 
12 1050 108 55 579 1139 1156 2583 1352 1835 2035 2644 2648 
6 55 115 108 1037 80 1585 
3 55 108 1707 
2 1619 55 
2 108 55 
4 108 583 55 1739 
6 2233 108 1449 2507 55 1208 
11 1715 2566 2572 55 124 1100 1901 102 78 1449 1208 
9 55 400 996 1122 1225 2542 1457 1693 2045 
2 55 108 
1 55 
2 55 1915 
7 55 2499 2233 583 88 400 439 
3 55 1571 875 
9 1361 55 400 1038 2501 816 1274 1442 2099 
5 1595 55 1161 1974 2015 
3 55 2397 64 
4 108 55 310 1919 
6 842 2233 55 1667 1828 1910 
4 1391 1263 55 1612 
5 1205 1402 55 922 162 
2 108 55 
1 55 
9 1699 55 432 1706 400 1624 1666 1536 1738 
1 55 
7 1475 2555 2717 2666 55 1173 1664 
3 55 1942 1024 
1 55 
2 55 1041 
5 2166 1340 55 1235 108 
3 2517 125 55 
1 55 
10 922 2517 55 108 161 125 992 1484 1658 2705 
1 55 
3 55 1602 108 
1 55 
4 55 2501 400 2557 
2 55 922 
3 922 55 2767 
14 108 2507 502 55 922 2510 941 1187 1225 1252 1475 1506 2618 1869 
6 55 1024 2501 400 1031 2024 
3 108 451 55 
5 2667 451 455 527 55 
1 55 
1 55 
6 55 2501 528 76 508 400 
5 862 1753 400 55 435 
5 55 1699 1706 432 1666 
4 1880 2082 55 1004 
1 55 
5 583 55 2687 1262 108 
2 1443 55 
11 1475 1306 2507 55 86 482 1663 2510 2779 2780 1575 
2 1873 55 
4 1587 526 55 1942 
3 55 869 882 
1 55 
19 55 2429 1093 2428 629 630 2445 69 2447 1513 658 641 1591 911 586 1825 1879 112 104 
5 108 2483 1024 960 55 
2 55 1985 
5 108 2189 400 55 2501 
2 55 1834 
2 55 108 
3 400 55 132 
1 55 
7 583 55 2507 1624 2501 1665 1306 
2 55 108 
6 400 1262 108 1449 55 1666 
2 55 108 
12 2234 400 2501 55 453 2233 482 2371 1175 1350 1557 1758 
2 1407 55 
4 1667 579 55 1309 
3 55 108 2507 
1 55 
2 526 55 
4 167 55 108 2797 
3 439 1487 55 
2 108 55 
4 108 2031 1149 55 
3 108 439 55 
10 148 1739 2667 55 1001 1064 1828 1888 1916 340 
14 108 2501 400 55 1261 2031 942 1049 1218 1253 1604 1617 1720 1818 
5 485 521 162 55 102 
4 2507 400 2087 55 
4 847 55 97 2675 
6 1587 2180 400 2501 55 1653 
4 108 2667 922 55 
1 55 
1 55 
2 55 574 
4 1700 108 55 1488 
5 55 2744 1558 135 2404 
4 55 1205 2781 484 
8 1402 400 108 847 842 55 1162 2162 
10 579 55 2233 2759 2485 1166 2584 1413 1467 2651 
2 55 108 
1 55 
5 1810 1038 55 2507 1034 
3 108 55 1182 
3 55 1000 583 
6 158 772 160 511 55 2038 
6 1026 55 125 2517 108 146 
4 108 55 922 1216 
1 55 
5 579 2687 55 160 2038 
5 2149 843 400 526 55 
1 55 
6 55 88 481 922 487 2776 
4 2501 55 400 1557 
2 55 2759 
2 55 1706 
2 55 1709 
4 55 1877 1765 2051 
2 55 1349 
1 55 
3 108 55 583 
4 2609 108 55 1558 
2 55 2189 
2 55 108 
1 55 
2 583 55 
1 55 
2 55 2463 
9 55 579 994 1034 1248 1445 1536 1921 2105 
4 847 2501 55 1125 
3 400 55 1402 
6 2464 2759 521 2185 55 1375 
1 55 
3 108 55 583 
1 55 
1 55 
11 2177 433 108 1693 400 2466 847 55 432 2507 236 
1 55 
3 55 108 1809 
3 55 2421 1264 
2 922 55 
1 55 
1 55 
7 2409 55 451 1236 528 108 1018 
9 1653 1152 1556 1587 2057 1149 2501 2031 55 
10 108 55 1386 400 844 847 842 922 854 862 
9 55 977 1116 1281 1296 1485 1550 1740 1796 
3 108 55 1669 
2 55 1832 
4 108 55 1846 1666 
9 55 1587 842 2228 2501 2184 400 59 1219 
6 55 2759 2185 2610 2614 2651 
2 108 55 
2 55 2136 
3 2501 55 1236 
4 1846 2507 55 562 
1 55 
10 923 583 922 61 55 1551 125 115 579 108 
3 1877 55 2401 
4 108 216 55 181 
3 2228 55 2535 
4 55 1244 2503 1784 
6 2718 1595 55 439 2721 92 
5 1149 1261 2228 847 55 
1 55 
5 55 108 1632 82 1851 
8 2507 108 2501 55 922 400 1056 1459 
10 55 848 2180 847 2234 846 1902 844 1546 400 
2 2556 55 
3 55 2158 1443 
1 55 
1 55 
11 844 579 2180 55 848 2521 2285 1517 2308 2309 2534 
2 55 1168 
23 400 2501 55 843 2230 942 1049 1149 1152 1224 1253 1351 1414 1604 1617 1653 1720 1773 1811 1940 1943 2001 2057 
4 55 1399 1546 1685 
4 55 108 844 999 
1 55 
6 1621 1238 108 55 1050 1862 
1 55 
3 55 1399 1469 
3 55 1966 1962 
3 1686 55 1600 
2 108 55 
5 426 422 845 847 55 
5 2408 1331 55 1691 1246 
1 55 
4 351 55 579 922 
6 579 108 1870 55 68 1274 
6 1235 481 1508 55 2409 108 
1 55 
3 655 55 108 
7 2586 2639 55 78 400 2573 1189 
3 55 1201 2178 
5 1974 55 1518 1099 1809 
2 55 1527 
5 2408 55 108 2233 583 
4 108 55 2507 1304 
2 2501 55 
5 1293 2371 400 847 55 
8 400 1587 2501 55 842 2031 1459 2001 
3 108 55 2534 
2 55 1361 
4 108 55 400 125 
7 55 2672 108 2667 80 528 145 
2 55 2501 
4 583 2391 55 2180 
4 2233 1044 55 1842 
2 922 55 
4 1150 2483 55 161 
2 108 55 
1 55 
2 55 108 
6 1223 55 439 2408 108 583 
5 579 160 1603 55 641 
1 55 
3 89 55 482 
3 1410 1560 55 
2 108 55 
5 2234 55 59 400 842 
3 55 453 108 
2 502 55 
2 1235 55 
1 55 
5 55 111 108 1618 1623 
5 55 579 2233 1910 2173 
1 55 
2 55 108 
3 55 2285 108 
1 55 
4 55 2507 1024 1945 
3 108 55 579 
7 848 2272 55 2265 400 847 2182 
1 55 
2 313 55 
4 55 108 1666 2507 
4 103 99 110 55 
2 521 55 
3 55 108 1556 
4 108 55 528 2667 
4 1463 55 1340 1497 
2 55 1235 
4 1876 486 55 482 
4 842 1261 1556 55 
5 400 55 2233 2234 2501 
1 55 
5 922 1539 1286 108 55 
2 55 108 
2 1985 55 
15 1077 666 526 2234 86 482 55 400 2283 1451 125 1618 108 92 1415 
4 526 55 400 2501 
2 55 108 
3 922 55 1630 
3 55 92 108 
6 55 960 2483 1810 1024 108 
1 55 
12 2476 372 2481 2499 2482 2489 55 108 2497 2479 773 88 
5 2482 55 2499 2498 108 
4 1322 55 1395 2548 
2 55 579 
3 1669 2233 55 
2 55 108 
1 55 
4 125 400 526 55 
2 55 939 
1 55 
2 55 907 
3 55 842 400 
1 55 
7 847 400 2233 63 55 59 2184 
6 1602 55 1078 1361 1741 108 
2 1134 55 
1 55 
1 55 
2 55 1717 
2 108 55 
1 55 
6 55 108 1666 953 1711 1190 
1 55 
3 55 1501 2010 
3 579 55 526 
1 55 
3 108 55 1488 
3 55 657 108 
1 55 
3 55 1694 1772 
3 2501 55 1097 
1 55 
3 108 55 167 
9 922 108 55 344 2233 632 1578 403 318 
6 1344 1711 953 1038 1666 55 
5 55 2501 108 967 1790 
3 55 1419 1967 
3 108 167 55 
1 55 
3 1036 55 1688 
1 55 
5 1044 108 55 1516 1836 
2 1447 55 
3 108 55 1649 
4 2507 55 108 2483 
4 1633 55 907 2026 
8 1449 848 55 400 2180 2559 439 1230 
4 2501 2268 55 400 
3 1832 108 55 
2 55 1955 
3 439 55 124 
3 55 125 108 
10 400 2244 1556 55 108 2501 1381 1139 2292 2299 
9 1235 108 1508 55 1340 439 363 1211 1891 
2 55 1024 
3 1032 2409 55 
1 55 
6 421 428 422 2177 55 426 
3 55 108 2477 
1 55 
4 2646 108 2082 55 
1 55 
3 400 1264 55 
1 55 
13 55 944 431 1192 1233 432 424 436 1993 420 359 425 2170 
4 2050 55 967 1294 
2 55 1364 
36 843 2184 400 2273 2197 2187 2188 56 849 1187 1219 2294 1332 599 1523 2306 2617 2768 1679 2530 833 1771 1789 1823 2627 1856 835 2791 1947 2336 2024 2029 2063 2344 2347 2159 
1 56 
15 56 1141 211 2243 596 1391 2298 1445 1565 1697 1821 2330 2333 2089 2758 
2 843 56 
26 400 2760 1016 56 1141 211 2753 1203 1261 1347 234 845 1445 1468 1600 1654 286 2253 2501 2180 847 2535 2007 2126 2396 843 
7 2374 56 1244 2387 2389 1988 2008 
2 56 609 
4 843 400 2180 56 
3 56 2180 843 
12 2774 1186 1187 57 1275 2204 1543 751 2627 311 1922 1979 
24 2667 2719 504 2717 687 2681 57 80 2726 1275 717 2729 2730 511 731 741 749 100 2209 2221 755 2684 2733 2191 
13 58 749 2667 2190 2722 2221 687 2669 57 80 717 731 741 
8 687 691 57 710 511 2684 774 777 
22 686 687 693 702 57 80 1247 707 708 717 2729 722 1539 726 2731 737 2220 2209 753 2225 774 777 
5 2669 512 57 80 720 
12 686 687 691 693 2724 57 511 749 2221 509 774 777 
23 660 686 687 966 689 691 693 2217 57 2726 2663 1303 708 2728 715 722 735 738 1738 761 161 503 776 
3 57 2180 154 
10 737 753 506 511 57 691 501 154 2667 507 
9 511 749 57 2667 2658 501 506 507 148 
5 774 2667 148 57 1177 
3 57 154 2214 
2 154 57 
2 154 57 
3 57 2189 148 
3 154 57 1443 
2 154 57 
2 154 57 
2 154 57 
14 2190 511 749 439 2687 691 2193 148 774 742 100 57 508 2217 
3 897 154 57 
2 154 57 
3 716 2667 57 
2 154 57 
3 57 2201 154 
11 749 2667 439 691 1251 2722 2724 148 1539 80 57 
2 57 154 
14 148 1168 2196 738 58 691 749 2661 504 439 2667 698 2209 514 
6 774 58 508 687 2689 2663 
6 2667 691 58 749 148 504 
7 2193 2665 716 2667 774 58 1656 
9 749 58 2195 2190 691 2724 741 2684 2191 
3 687 58 1374 
2 691 58 
4 2717 2667 148 58 
8 58 2667 152 749 2661 2193 738 2717 
3 58 2684 2699 
1 59 
34 2760 2235 1016 2237 1141 63 1187 211 2289 2243 2244 1277 1304 401 59 1370 1391 1418 2313 286 2318 1697 1799 1821 2330 450 2770 2007 2017 2020 2344 773 2758 2350 
5 1187 59 845 1535 2643 
6 400 2374 59 1414 2389 2031 
1 59 
2 2237 59 
86 400 502 108 939 960 971 2572 1006 1015 1024 1029 372 2421 1044 1076 1080 1100 1110 1125 1133 208 1153 2240 1197 930 1216 1220 1225 1294 1308 2593 59 2542 235 1376 2598 1421 1426 244 2603 1499 1501 1518 1553 1587 433 78 440 1666 1667 1706 1711 1715 2234 1729 1742 1757 1768 1772 1799 1828 1832 313 1868 1874 1880 2635 2793 1931 847 1956 2336 453 2053 799 2064 2566 2082 2261 2101 2117 2126 773 2263 2146 90 
42 400 2233 2760 592 2237 893 63 2240 210 2762 2377 2753 2517 2378 2379 1242 2294 2295 401 59 1370 2385 1600 2386 2369 1709 2530 1758 2501 2531 2257 835 1931 847 2024 453 2076 860 2101 2106 2395 2396 
3 59 409 2228 
1 59 
8 59 2234 2371 2228 400 2232 2255 2388 
2 59 2625 
3 59 400 843 
8 2234 2233 59 2371 2374 2380 2387 2389 
3 2371 59 1370 
4 400 409 59 842 
6 409 2228 2182 2258 2267 59 
7 59 400 2228 2501 1152 1224 2165 
1 59 
1 59 
2 400 59 
8 63 409 59 2253 2272 2738 592 2768 
1 59 
5 2381 2259 63 59 2371 
5 2272 59 2738 2759 2756 
2 59 2369 
19 2738 59 2759 2184 2272 2763 2248 2765 2767 2313 2768 2769 2328 835 2770 2258 2259 2393 84 
2 2501 59 
3 59 2237 2371 
2 59 84 
3 2234 400 59 
4 2253 59 409 2243 
9 84 2759 59 400 63 2253 848 120 2250 
2 63 59 
4 2233 400 59 847 
1 59 
2 59 2233 
13 2278 1197 2286 2297 2594 2303 2304 2314 60 2331 2336 2340 2341 
4 2282 1662 60 2089 
5 409 2269 592 296 60 
4 2243 2270 1662 60 
14 589 2282 1197 2295 2270 2765 60 2322 2388 1851 2337 2535 2344 2160 
9 2272 1197 1429 2270 2306 1579 1662 60 2266 
16 2267 2268 2269 1107 1197 2290 2294 1429 263 1579 2313 2316 60 2323 2325 2337 
8 409 2284 1197 1429 1662 60 2325 2331 
9 2269 2248 2251 60 2757 2253 2344 2089 2394 
3 2766 60 2180 
2 60 653 
2 2501 60 
1 60 
1 60 
5 60 845 2286 2264 2304 
2 895 60 
3 2327 60 2294 
2 2340 60 
8 2738 2268 60 1667 2265 2761 2305 2306 
3 2371 60 2106 
3 60 2271 848 
10 441 2029 60 2692 2587 2293 878 385 2703 2085 
5 60 2264 2278 599 2304 
2 60 2535 
1 60 
4 60 596 2228 2318 
2 2270 60 
2 1418 60 
3 2165 60 108 
2 2285 60 
9 843 409 2234 2396 60 2270 848 2180 2280 
5 848 2234 60 2268 847 
1 60 
3 60 2264 63 
2 60 2182 
5 60 2165 592 2585 2308 
1 60 
1 60 
3 60 893 2738 
4 60 2264 845 2336 
6 2264 2286 60 845 2278 599 
3 60 2282 2306 
5 2269 60 2180 2282 2305 
1 60 
6 2029 526 60 2299 893 848 
3 2029 60 441 
2 60 2322 
2 573 60 
1 60 
5 409 2253 2270 60 2228 
2 2264 60 
1 60 
3 2270 60 2371 
1 60 
10 60 2228 2535 2371 2289 596 2321 1821 2330 2332 
1 60 
1 60 
2 2318 60 
3 2310 60 2268 
4 60 2371 2270 2327 
3 60 2394 409 
3 2270 60 2271 
1 60 
8 848 2371 847 60 2280 2323 2392 860 
5 2253 60 116 161 2534 
5 60 232 125 2535 161 
5 60 2318 596 2182 2228 
5 2271 2264 60 2590 2641 
3 2371 60 2318 
3 60 2182 2738 
1 60 
2 2585 60 
8 60 2180 400 2303 2233 2381 847 2264 
3 60 2268 2270 
1 60 
3 60 1363 893 
3 2264 60 2281 
3 2264 60 144 
1 60 
1 60 
7 2272 2180 2228 60 409 2268 2348 
3 845 843 60 
1 60 
2 60 2180 
3 2344 60 2768 
2 2396 60 
2 2228 60 
1 61 
4 2358 1245 961 61 
1 61 
2 1623 61 
1 61 
1 61 
1 61 
5 61 1663 2433 2352 882 
3 62 2363 2364 
3 634 2364 62 
2 62 2553 
3 1080 779 62 
2 62 2359 
4 62 2540 2359 2360 
1 62 
1 62 
2 2559 62 
1 62 
8 2234 400 63 401 1730 2252 847 773 
6 400 960 63 1225 2608 2623 
41 108 972 2237 2374 1089 2283 1141 63 2240 2241 2377 211 2753 596 1347 234 1493 1547 1557 2250 1600 1612 1629 2386 286 2316 2318 2387 2323 2255 2327 2389 856 1931 2332 2535 859 2056 860 2395 2396 
1 63 
1 63 
13 63 2535 409 2240 2230 400 2387 842 2185 2371 432 2389 2380 
2 2395 63 
5 845 526 63 848 844 
4 63 2234 2371 2383 
3 400 2234 63 
3 625 2234 63 
5 2240 400 63 842 2374 
8 63 845 2577 599 2767 2250 1661 2336 
2 2535 63 
2 2377 63 
1 63 
3 2234 400 63 
7 2391 2234 400 2395 63 2371 1178 
8 400 2371 2535 2240 409 63 2185 2374 
3 2268 63 2237 
10 63 2185 2230 400 2535 2240 2371 409 2374 2392 
2 400 63 
7 848 63 526 844 850 2386 2063 
3 2389 63 2327 
3 63 409 2253 
9 409 63 2272 2761 2762 2766 2767 2757 2324 
8 400 63 2234 842 2371 483 2375 2386 
8 63 2371 400 2184 2234 2753 2294 2349 
7 99 814 1436 671 2400 64 1878 
2 69 64 
10 64 94 127 806 2734 113 2742 2712 913 914 
2 64 2397 
3 64 2015 460 
7 907 104 64 2734 113 2412 834 
2 64 1635 
3 1953 2554 64 
1 64 
1 64 
5 91 894 64 103 94 
10 2510 1051 629 65 1458 1846 2042 2053 2070 610 
9 108 480 1159 65 1601 877 2000 2046 2168 
3 1529 1224 65 
1 65 
2 65 2402 
2 65 809 
2 67 644 
3 86 75 67 
1 67 
7 72 2483 2420 2423 2489 1548 68 
5 2422 613 2423 2608 68 
7 2476 2483 2482 72 2423 1727 68 
3 2417 162 68 
4 2233 68 2637 1996 
2 2418 68 
5 2419 2417 2418 129 68 
1 68 
3 68 2476 72 
2 2476 68 
1 68 
5 1919 2445 69 2447 1513 
8 907 1919 2443 2445 69 2447 2450 104 
1 69 
2 69 113 
2 111 69 
5 69 1663 2358 2450 2534 
2 2751 69 
2 2450 69 
2 69 96 
2 2460 69 
2 69 2458 
2 104 69 
2 69 2751 
4 2447 2451 69 1591 
6 69 2444 907 2445 111 2449 
2 69 2429 
7 907 69 2447 2442 2449 2452 911 
8 2428 69 2429 1919 2442 2449 2451 913 
4 111 158 69 804 
10 69 907 2428 2429 1919 113 2744 2441 2444 2451 
3 69 1363 1093 
5 2442 69 111 2444 2445 
4 69 2429 2433 2435 
9 2447 69 2445 908 2441 910 2452 2456 913 
4 2444 2451 907 69 
1 69 
2 894 69 
7 69 904 891 104 899 647 894 
3 69 2451 907 
1 69 
2 69 2438 
1 69 
2 69 2437 
5 80 69 1536 416 111 
1 70 
3 1712 1984 70 
8 502 162 2466 1290 2667 1988 70 2654 
1 70 
4 2483 2464 1993 70 
1 70 
1 70 
7 481 1076 629 521 2558 804 70 
1 70 
1 70 
2 2558 70 
2 70 615 
1 70 
1 71 
13 72 2486 2425 2542 1485 2493 2426 2618 2419 1710 76 2495 2113 
13 72 2484 1216 2489 2542 2543 1489 2492 2618 2548 76 2551 2171 
2 72 2488 
15 72 940 2484 998 1256 1306 2489 2542 1444 1571 76 2495 2551 2113 2497 
5 162 72 1336 2542 76 
5 72 2484 2540 2495 2113 
21 72 940 989 1008 1011 102 1187 1306 1322 2489 1395 1444 2419 2624 1778 2500 2628 2640 124 2113 2114 
19 2417 2466 72 1190 2488 2489 2493 2618 2621 2419 2545 1727 1920 2795 2066 2495 2496 2111 2157 
7 504 72 2479 2481 508 2477 169 
3 72 2738 1956 
4 2476 2738 72 2755 
1 72 
3 72 2483 2478 
16 2499 2483 2479 2482 2551 502 72 2417 2477 76 2542 2543 1571 2492 1815 2113 
3 2542 2507 72 
1 72 
6 72 2543 2477 1205 521 2489 
4 88 2476 2483 72 
1 72 
13 76 2483 897 2476 1506 2479 78 2496 903 1715 72 1666 2481 
3 2483 72 2495 
10 108 578 88 72 1187 2499 2479 162 1815 2113 
3 1336 73 2114 
19 73 922 578 102 1078 1187 1336 2489 1743 1803 1815 2500 2629 1874 124 2551 2113 2114 2497 
4 2499 73 2482 1807 
121 400 2234 2184 502 942 960 74 991 1005 1011 1021 1024 1029 1031 2275 1040 1051 1056 2513 1082 1100 1107 1115 1139 1141 1146 1149 1152 1156 1178 1216 1218 1220 1224 1252 1253 2244 1261 1266 1282 2557 1332 1351 1372 235 1381 1383 1388 1399 1414 1425 1445 1448 1454 1456 1459 1478 1493 1517 1547 1556 1559 1580 1600 1604 279 1629 1632 1653 1666 1679 1682 1686 1695 1701 1706 1709 1711 1715 1720 2530 1758 2254 1770 1781 1800 1808 1811 1818 1823 1828 1845 1859 1876 1898 1902 1907 1922 1927 1931 1943 1947 1970 1986 338 2001 2007 2011 2023 2031 453 2055 2057 2550 2062 2101 2107 2143 2148 2160 2165 
1 74 
5 1789 74 641 2018 1244 
5 2686 641 160 74 1407 
8 400 658 846 2718 2721 74 439 1399 
8 487 485 481 502 612 1205 75 1507 
62 108 400 487 481 2510 940 960 975 2578 1064 421 1150 2777 1208 1225 1256 2519 1280 2779 1306 1312 2780 422 2542 1393 1399 75 1444 1475 1479 2526 1505 89 1506 2490 1559 1569 1575 1638 1666 1693 1718 482 1727 1738 1739 1788 1868 1901 1914 1927 1934 1945 1959 1993 2012 2023 2054 2797 2087 2092 2157 
5 75 2526 522 2794 2537 
6 108 985 2512 1238 75 522 
18 1901 108 1306 86 483 583 1575 2507 1205 1156 1475 2408 1914 1393 579 92 75 482 
11 2531 482 483 481 92 400 1293 485 86 75 521 
9 108 482 522 86 2509 1171 75 1616 2786 
3 2501 482 75 
5 75 86 1306 89 482 
4 483 482 75 2791 
4 75 400 1182 1479 
12 89 161 125 2234 482 75 92 1059 1415 1892 1894 1963 
3 86 75 1306 
8 482 2507 480 75 86 922 89 1123 
1 75 
6 400 847 75 2530 2534 2029 
3 92 75 482 
2 486 75 
4 86 75 2609 1634 
4 1262 108 75 583 
9 1294 108 482 1487 2508 1043 521 75 2507 
3 482 75 1498 
1 75 
2 1243 75 
10 409 2501 2180 2535 75 2521 2234 844 482 848 
10 2234 92 75 86 483 482 847 108 2511 2536 
4 75 86 848 482 
4 848 482 75 86 
8 2058 2535 2521 75 848 2029 2433 2328 
17 847 2184 2371 2268 75 2374 2287 596 2382 2318 2530 2387 2389 2329 2534 2017 860 
10 2531 75 86 92 1839 89 1164 522 482 962 
5 2508 579 482 483 75 
7 75 89 92 483 86 482 1710 
3 1134 75 847 
5 2481 76 1346 2364 1485 
2 502 76 
15 502 2233 2480 1024 2507 2479 76 1870 2477 2489 2476 88 1506 2490 1727 
9 521 481 2477 88 2489 76 578 2492 1748 
2 76 1187 
4 2483 1632 76 1097 
2 1607 76 
1 76 
5 76 1828 2477 617 2115 
1 76 
3 2501 76 88 
7 2479 2477 76 2499 1187 1322 2489 
6 400 1011 1261 77 1332 1787 
3 798 77 2361 
6 779 814 629 77 829 2404 
8 998 814 77 1362 634 2558 2750 1887 
3 77 1749 2025 
5 400 2501 77 1523 1898 
8 2469 2555 485 2472 632 77 618 620 
4 798 77 2367 2159 
1 77 
5 77 806 634 805 127 
3 805 77 803 
3 1749 803 77 
2 77 779 
5 894 77 113 91 2734 
12 2233 1100 1187 1481 500 78 1622 1715 2625 1778 1869 2645 
1 78 
1 78 
1 78 
1 78 
3 78 2628 2640 
7 78 2233 2578 2585 2619 2628 1869 
7 2586 108 1225 78 2639 2049 1792 
9 78 990 1100 1422 2611 2613 2618 1715 1725 
3 1760 2603 78 
2 2649 78 
2 2381 78 
3 2507 78 2572 
4 579 2759 108 78 
4 78 2603 1837 1715 
2 78 481 
1 78 
4 305 1862 78 2644 
2 1956 78 
7 1150 2299 2738 2572 2759 78 2335 
7 2608 1669 78 2573 1189 1213 2049 
3 78 162 2285 
1 78 
1 78 
2 78 2331 
2 78 2615 
3 2620 78 2603 
3 2759 2233 78 
3 78 2264 2622 
1 78 
1 78 
1 78 
3 2233 78 2603 
3 2628 78 1075 
3 78 896 2629 
1 78 
2 78 2603 
15 2233 78 990 2575 2580 2592 2598 2602 2604 2606 2611 2620 1725 1786 2638 
2 78 2603 
1 78 
4 2603 78 108 1527 
4 1075 2628 2625 78 
15 1171 78 124 2370 1205 2418 482 485 1041 153 1141 1204 1208 2586 1479 
5 78 2524 1594 1978 2641 
4 2008 78 2612 2614 
7 78 2574 990 1422 1129 2603 1100 
2 2610 78 
3 1715 78 2574 
4 2610 161 2008 78 
3 78 2591 2629 
2 78 896 
5 78 843 2180 1158 1351 
6 78 2477 2483 2574 2476 1901 
2 78 2572 
4 1129 2603 78 2592 
2 78 2483 
2 2594 78 
3 2370 78 400 
7 78 400 2628 2625 2482 1075 2640 
11 1075 2238 2566 78 1416 2607 2624 2628 2646 2653 2655 
1 78 
4 108 2189 2180 78 
10 2572 1075 2482 2625 78 2571 2599 2607 2624 2640 
4 78 2615 2499 2600 
2 78 1715 
1 78 
1 78 
3 2638 78 243 
1 78 
3 254 78 2233 
3 78 810 832 
2 2421 78 
4 78 243 2603 2633 
10 1205 78 482 1171 2573 1141 1169 1189 2049 2648 
6 2482 2628 2624 78 2653 2571 
3 2331 2609 78 
1 78 
2 2229 78 
3 78 1862 2583 
3 78 2566 243 
4 78 1075 2625 2173 
3 847 78 400 
7 1862 1171 1277 78 1238 2639 305 
3 78 1100 2576 
1 78 
4 1956 161 2008 78 
1 78 
6 78 88 400 2625 2640 2655 
2 2464 78 
5 400 2625 88 2653 78 
7 890 79 898 656 902 486 900 
1 79 
3 2199 80 1411 
7 508 2667 2687 764 528 80 741 
2 80 380 
18 2667 689 691 2217 701 80 707 708 715 1539 735 738 148 761 161 503 2225 776 
1 80 
22 504 439 508 2719 2717 2196 2667 686 691 698 704 80 2218 717 126 731 740 747 1738 509 767 774 
3 80 1411 773 
2 80 2220 
9 458 692 2681 80 1301 1522 729 741 1887 
102 2464 660 686 687 966 975 193 693 2723 2217 2198 701 702 2681 2199 2200 2724 80 513 1247 2725 1273 2663 1284 155 552 1303 707 2728 713 504 2694 717 719 2668 2674 2219 721 2729 2190 722 446 723 151 1525 2689 1539 725 726 727 729 500 439 2731 733 736 737 739 1665 740 1670 741 1698 82 2220 1710 1727 1728 100 1751 751 752 753 1798 1809 448 2659 758 1904 2732 1942 514 2684 759 1948 2212 762 2224 2687 157 769 2061 771 2096 2225 2191 2661 774 775 2215 776 777 
14 2672 439 2667 2687 2683 148 2717 698 80 1251 708 734 1670 2703 
4 2191 2194 80 1583 
3 2681 80 741 
1 80 
10 701 2724 80 513 2668 721 725 266 758 2061 
4 80 721 725 758 
10 2667 2683 508 148 703 698 80 2728 1722 2732 
4 1035 80 1324 1946 
4 1209 80 2726 1411 
3 2687 504 80 
1 80 
1 80 
2 80 2733 
10 1168 2666 2667 2687 2190 108 2670 80 741 1748 
2 80 1411 
7 370 2724 80 2668 2674 1539 1738 
13 2667 2221 2190 749 2192 2686 687 688 80 740 741 2699 2226 
3 1192 80 266 
12 2687 504 508 148 698 80 1335 1525 2504 1664 747 2684 
33 2717 2667 686 691 370 701 2681 2724 2686 80 504 2668 446 1510 2689 1539 725 576 439 741 1722 1738 2209 1809 448 2659 758 1912 1966 771 2677 774 776 
5 162 80 2726 741 763 
18 504 439 2722 152 2719 2687 2717 2667 148 766 686 691 693 80 2218 710 731 503 
1 80 
3 80 753 726 
3 1460 80 2285 
2 80 152 
2 80 2667 
4 1670 80 108 1595 
2 80 1460 
2 80 2702 
1 80 
5 687 2684 749 80 2226 
2 740 80 
1 80 
3 2707 80 2697 
4 2285 2668 80 144 
1 80 
2 80 1894 
1 80 
2 80 2702 
1 81 
1 81 
2 81 2711 
3 81 620 2710 
8 113 1362 2399 81 91 94 99 2734 
2 81 94 
5 959 2716 220 81 94 
1 81 
4 94 81 959 2714 
18 686 691 692 2724 2663 716 2668 2190 2689 1670 741 82 1738 1887 2224 2687 2225 774 
12 693 1025 1047 198 1099 1243 2780 1545 2505 82 1738 2019 
8 691 2724 2663 2190 2689 729 82 774 
3 83 1632 82 
29 410 190 369 693 1025 1047 197 198 1099 212 216 2780 235 1426 243 249 1545 272 2505 82 1738 303 308 337 344 2019 396 365 367 
10 691 710 716 2689 82 100 755 2191 774 2215 
7 503 82 2667 749 126 687 713 
14 2719 439 2717 2221 2667 2195 482 2683 2687 2672 82 148 1710 2215 
4 2667 82 693 691 
6 2676 82 2190 434 2688 2196 
1 82 
7 2196 687 1055 2667 2674 503 82 
11 2190 691 687 749 716 82 511 2193 2667 2731 753 
4 2190 687 82 100 
12 503 726 693 687 2667 2193 508 82 753 2729 749 2732 
14 2674 726 708 82 503 713 723 511 2731 2797 167 753 2667 687 
7 2680 2190 82 511 710 687 716 
9 653 587 2399 783 83 2712 2402 684 2565 
2 83 2747 
1 83 
2 83 477 
17 2485 2486 893 1094 2282 210 2585 1269 1278 2248 83 2302 2251 642 2253 835 2333 
1 83 
3 83 2746 2747 
3 2752 83 2746 
4 2399 807 83 2747 
4 83 804 2745 914 
4 1634 83 1953 2447 
3 2743 99 83 
5 2752 83 2740 2741 2748 
4 2740 83 2735 2742 
3 83 2746 2752 
1 83 
4 802 83 94 2555 
4 83 655 2434 2440 
5 83 110 2741 2746 2748 
7 2396 2371 400 2234 2184 1095 84 
1 84 
5 409 809 2486 1080 84 
4 1187 2251 1600 84 
4 2272 2394 2769 84 
4 510 2228 2182 84 
13 2579 210 2585 120 2593 2251 2253 1956 1971 1988 2008 2259 84 
5 842 2228 2234 2184 84 
3 2282 2394 84 
4 2394 409 84 2234 
2 2253 84 
3 498 84 926 
3 2268 84 2253 
4 2394 84 2273 2768 
6 2394 2253 1900 2381 84 1107 
7 2248 2253 2348 843 84 2766 2180 
3 2253 84 2757 
3 2253 84 2228 
1 85 
2 85 1405 
3 2791 86 2789 
13 1306 1669 86 486 2189 922 1828 484 1187 1704 400 108 842 
2 482 86 
7 86 1969 162 92 2787 482 521 
5 86 2507 521 482 400 
3 482 86 486 
8 2507 482 1306 1914 86 1475 523 2796 
12 2721 439 521 86 1306 1914 1443 2507 1475 2718 1032 482 
11 487 162 86 993 620 1205 2787 482 523 1954 2796 
1 86 
4 86 89 482 487 
1 86 
1 86 
6 453 522 2512 86 108 1445 
6 86 521 485 523 2776 2781 
2 480 86 
3 482 86 2773 
3 482 86 1187 
6 86 1164 848 2515 2180 2773 
6 482 848 481 847 86 92 
5 482 86 2233 483 480 
2 86 2508 
5 86 89 482 88 2483 
5 482 2781 86 2779 1205 
16 108 848 2507 86 332 482 481 974 1063 1192 224 1392 1411 1726 2732 1937 
3 86 439 844 
1 87 
4 800 799 811 87 
