19 2 3 4 5 6 7 8 9 10 11 12 13 14 15 16 17 18 19 20 
17 21 22 23 24 25 26 27 28 29 30 31 1 32 33 34 35 36 
22 37 38 39 40 41 42 43 44 45 46 47 48 49 50 51 1 52 53 54 55 56 57 
23 58 59 60 61 62 63 64 65 66 67 68 69 70 71 72 1 73 74 75 76 77 78 79 
20 80 81 82 83 84 85 86 87 88 89 90 91 92 1 93 94 95 96 97 98 
11 99 100 101 102 103 104 105 1 106 107 108 
19 109 110 111 112 113 114 115 116 117 1 118 119 120 121 122 123 124 125 126 
24 127 128 129 130 131 132 133 134 135 136 137 138 139 140 141 142 143 144 1 145 146 147 148 149 
27 150 151 152 153 154 155 156 157 158 159 160 161 162 163 164 165 166 167 168 1 169 170 171 172 173 174 175 
18 176 177 178 179 180 181 182 183 184 185 1 186 187 188 189 190 191 192 
24 193 194 195 196 197 198 199 200 201 202 203 204 205 206 1 207 208 209 210 211 212 213 214 215 
22 216 217 218 219 220 221 222 223 224 225 226 227 1 228 229 230 231 232 233 234 235 236 
20 237 238 239 240 241 242 243 244 245 246 247 248 249 1 250 251 252 253 254 255 
24 256 257 258 259 260 261 262 263 264 265 266 267 268 269 270 1 271 272 273 274 275 276 277 278 
21 279 280 281 282 283 284 285 286 287 288 289 290 291 292 1 293 294 295 296 297 298 
19 299 300 301 302 303 304 305 306 307 308 309 310 311 312 1 313 314 315 316 
16 317 318 319 320 321 322 323 324 325 326 327 328 1 329 330 331 
21 332 333 334 335 336 337 338 339 340 341 342 343 344 345 1 346 347 348 349 350 351 
22 352 353 354 355 356 357 358 359 360 361 362 363 364 365 366 1 367 368 369 370 371 372 
17 373 374 375 376 377 378 379 380 381 382 383 1 384 385 386 387 388 
26 2 389 390 391 392 393 394 395 396 397 398 399 400 401 402 403 404 405 406 407 408 409 410 411 412 413 
31 2 414 415 416 417 418 419 420 421 422 423 424 425 426 427 428 429 430 431 432 433 434 435 436 437 438 439 440 441 442 443 
21 2 444 445 446 447 448 449 450 451 452 453 454 455 456 457 458 459 460 461 462 463 
18 2 464 465 466 467 468 469 470 471 472 473 474 475 476 477 478 479 480 
14 481 2 482 483 484 485 486 487 488 489 490 491 492 493 
20 2 494 495 496 497 498 499 500 501 502 503 504 505 506 507 508 509 510 511 512 
20 513 514 2 515 516 517 518 519 520 521 522 523 524 525 526 527 528 529 530 531 
23 532 2 533 534 535 536 537 538 539 540 541 542 543 544 545 546 547 548 549 550 551 552 553 
16 554 555 2 556 557 558 559 560 452 561 562 563 564 565 566 567 
33 568 2 569 570 571 572 573 574 575 576 577 578 579 580 581 582 583 584 585 586 587 588 589 590 591 592 593 594 595 596 597 598 599 
26 600 601 2 602 603 604 605 606 607 83 608 609 610 611 612 613 614 615 616 617 618 619 620 621 622 623 
18 624 2 625 626 627 628 629 630 631 632 633 634 635 636 406 637 638 639 
20 640 641 2 642 643 644 645 646 647 648 649 650 651 652 93 653 654 655 656 657 
22 2 658 659 660 661 662 663 664 665 666 667 668 669 670 671 672 673 674 675 676 677 678 
23 2 679 680 681 682 683 684 685 686 687 688 689 690 691 692 693 694 695 696 697 698 699 700 
29 701 2 702 703 704 705 706 707 708 709 710 711 712 713 714 715 716 717 718 719 720 721 722 723 724 725 726 727 728 
24 729 3 730 731 732 733 734 735 736 737 738 739 740 741 742 743 744 745 746 747 748 749 750 751 
16 3 752 753 754 755 756 757 758 759 760 761 762 763 764 765 766 
23 767 3 768 769 770 771 772 773 774 775 776 777 778 779 780 781 782 783 784 785 786 787 788 
20 3 789 790 791 792 793 794 795 796 797 433 798 799 800 228 801 802 803 804 805 
24 806 807 808 809 3 810 811 812 813 814 815 816 817 818 819 820 821 822 823 824 825 826 827 828 
14 829 830 3 831 832 833 834 835 836 837 838 839 840 841 
19 842 843 3 844 845 846 847 848 849 850 851 852 853 854 855 856 857 858 859 
20 860 3 861 862 863 864 865 866 867 868 869 870 871 872 760 873 874 875 876 877 
19 878 3 879 880 881 882 883 884 885 886 887 888 889 890 891 892 893 894 895 
16 3 896 897 898 899 900 901 902 903 904 905 906 907 908 909 910 
22 3 911 912 913 914 915 916 917 918 919 920 921 922 923 924 925 926 927 928 785 929 930 
20 931 932 3 933 934 935 936 937 938 939 940 941 942 943 944 945 946 947 948 949 
16 950 951 952 3 953 954 955 956 957 958 959 960 961 962 963 964 
25 965 3 966 967 968 969 970 971 811 972 973 974 975 976 977 978 979 980 981 982 983 984 985 986 987 
14 988 3 989 990 991 992 993 994 995 996 997 998 999 1000 
20 1001 3 1002 1003 1004 1005 1006 1007 1008 635 1009 1010 1011 1012 1013 1014 1015 1016 1017 1018 
28 1019 1020 1021 1022 3 1023 1024 1025 1026 1027 1028 1029 1030 1031 1032 1033 1034 1035 1036 1037 186 1038 1039 1040 1041 1042 1043 1044 
30 1045 3 1046 1047 1048 1049 1050 1051 1052 1053 1054 1055 1056 1057 1058 1059 1060 1061 1062 1063 1064 1065 1066 1067 1068 1069 1070 1071 1072 1073 
16 1074 3 1075 1076 1077 1078 1079 1080 1081 1082 1083 1084 1085 1086 1087 1088 
16 3 1089 1090 1091 1092 1093 1094 1095 1096 1097 1098 1099 1100 1101 1102 1103 
16 1104 3 1105 1106 1107 1108 1109 1110 1111 1112 1113 1114 1115 1116 1117 1118 
18 1119 1120 4 1121 1122 1123 1124 1125 1126 1127 1128 1129 1130 1131 1132 1133 1134 1135 
22 1136 1137 4 1138 1139 1140 1141 1142 1143 1144 1145 1146 1147 1148 1149 1150 1151 1152 1153 1154 1155 1156 
17 4 1157 1158 1159 1160 1161 1162 1163 1164 1165 1166 1167 1168 1169 1170 1171 1172 
18 1173 4 1174 1175 1176 1177 1178 1179 1180 1181 1182 1183 1184 1185 1186 1187 1188 1189 
25 4 1190 1191 1192 1193 1194 1195 1196 1197 1198 1199 1200 1201 1202 1203 1204 1205 1206 1207 1208 1209 1210 1211 1212 1213 
18 1214 1215 1216 4 1217 1218 1219 1220 1221 1222 1223 1224 1225 1226 1227 1228 1229 1230 
20 1231 1232 4 1233 1234 1235 1236 1237 1238 1239 1240 1241 1242 1243 1244 1245 1246 1247 1248 1249 
18 1250 4 1251 1252 1253 1254 1255 1256 1257 1258 1259 1260 1261 1262 1263 1264 1265 1266 
22 1267 1268 4 1269 1270 1271 1272 1273 1274 1275 1276 1277 1278 1279 1280 1281 1282 1283 1284 1285 1286 1287 
27 1288 1289 1290 1291 4 1292 1293 1294 1295 1296 1297 1298 1299 1300 1301 1302 1303 1304 1305 1306 1307 1308 1309 1310 1311 1312 1313 
25 1314 1315 4 1316 1317 1318 1319 1320 1321 1322 1323 1324 1325 1326 1327 1328 1329 1330 1331 1332 778 1333 1334 1335 1336 
22 1337 4 1338 1339 1340 1341 1342 1343 1344 1345 144 1346 1347 1348 1349 1350 1351 1352 1353 1354 1355 1356 
17 1357 1358 4 1359 1360 1361 1362 1363 1344 1364 1365 1366 1367 1368 1369 1370 1371 
19 1372 4 1373 1374 1375 1376 1377 1378 1379 1380 1381 1382 1383 1384 1385 1386 1387 1388 1389 
13 4 1390 1391 1392 1393 1394 1395 1396 1397 1398 1399 1400 1401 
21 1402 1403 1404 4 1405 1406 392 1407 1408 1409 1410 1297 1411 1412 1413 1414 1415 1416 1417 1418 1419 
16 4 1420 1421 1422 1423 1424 1425 1426 1427 1428 1429 1430 1431 1432 1433 1434 
14 1435 4 1436 1437 1438 1439 1440 1441 1442 1443 1444 1445 1446 1447 
15 1448 4 1449 1450 1451 1452 1453 1454 1455 1456 1457 1458 1459 1460 1461 
23 4 1462 1463 1464 1465 1466 1467 1468 1469 1470 1471 1472 1473 1474 1475 1476 1477 1478 1479 1480 1481 1482 1483 
19 1484 1485 4 1486 1487 1488 1489 1490 1491 1492 1493 1494 1495 1496 1497 1498 1499 1500 1501 
28 1502 1503 1504 4 1505 1506 1507 1508 1509 973 1510 1511 1512 1513 1514 1515 1516 1517 1518 1519 1520 1521 1522 1523 1524 1525 1526 1527 
26 1528 1529 1530 1531 1532 5 1533 1534 1535 1536 1537 1538 1539 1540 1541 1542 1543 1544 1545 1546 1547 1548 1549 1550 1551 1552 
22 1553 1554 5 1555 1556 1557 1558 1559 1560 1561 1562 1563 1564 1565 1566 1567 1568 1569 1570 1571 1572 1573 
14 5 1574 1575 1576 1577 1578 1579 1580 1581 1582 1583 1584 1585 1586 
21 1587 1588 5 1589 1590 1591 1592 1593 1594 1595 1596 1597 1598 1599 1600 1601 31 1602 1603 1067 1604 
16 1605 5 1606 1607 1608 1609 1610 1611 1612 1613 1614 1615 1616 1617 1618 1619 
16 1620 1621 5 1622 1623 1624 1625 1626 1627 1628 1629 1630 1631 1632 1633 1634 
30 1635 5 1636 1637 1638 1639 1640 1641 1642 1643 1162 1644 1645 1646 1647 1648 1649 1650 1651 1652 1653 1654 1655 1656 1657 1658 1659 1660 1661 1662 
11 1663 1664 1665 5 1666 1667 1668 1669 1670 1671 1672 
20 1673 5 1674 1675 1676 1677 1678 1679 1680 1681 1682 1683 1684 1685 1686 1687 1688 1689 1690 1691 
12 1692 1693 5 1694 1695 1696 1697 1698 1699 1700 1701 1702 
22 1703 1704 1705 1706 5 1707 1708 1709 1710 1711 1712 1713 1714 1715 1716 1717 1718 1719 1720 1721 1722 1723 
15 1724 1725 5 1726 1727 1728 1729 1730 1731 1732 1733 1734 1735 1736 1737 
25 1738 1739 5 1740 1741 1742 1743 1744 1745 1746 1747 1748 1749 1750 1751 1752 1753 1754 1755 1756 1757 1758 1759 1760 1761 
22 1762 1763 5 1764 1765 1766 1767 1768 1769 1770 1771 1772 226 1773 1774 1775 1776 1777 33 1778 1779 1780 
25 1781 1782 5 1783 1784 1785 1786 1787 1788 1789 1790 1791 1792 1793 1794 1795 1796 1797 1798 1799 1800 1801 1802 1803 1804 
24 1805 1806 5 1807 1808 1809 1810 1811 1812 1813 1814 1815 1816 1817 1818 1819 1820 1821 1822 251 1823 1824 1825 1826 
18 1827 5 1828 1829 1830 1831 1832 1833 1834 1595 1835 1836 1837 1838 1839 1840 1841 1842 
18 1843 1844 1845 1846 1847 5 1848 1849 1850 1851 1852 1853 1854 1855 1856 1857 1858 1859 
19 1860 1861 1862 5 1863 1864 1865 1866 1867 1868 1869 1870 1871 1872 1873 1874 1875 1876 1877 
13 1878 1879 1880 1881 1882 1883 1884 6 1885 1886 1887 1888 1889 
12 1890 1891 1892 1893 1894 1895 1896 6 1897 1898 1899 1900 
1 6 
1 6 
1 6 
1 6 
2 6 1057 
1 6 
1 6 
1 6 
1 7 
1 7 
1 7 
2 7 1520 
2 1139 7 
1 7 
2 139 7 
1 7 
1 7 
2 7 1647 
1 7 
2 7 597 
1 7 
1 7 
3 7 1541 924 
1 7 
1 7 
2 1462 7 
1 8 
1 8 
1 8 
1 8 
1 8 
1 8 
1 8 
1 8 
1 8 
1 8 
1 8 
1 8 
2 8 115 
2 8 876 
1 8 
1 8 
1 8 
2 69 8 
1 8 
1 8 
1 8 
1 8 
1 8 
1 9 
1 9 
2 9 1029 
1 9 
2 9 766 
2 9 1749 
1 9 
1 9 
2 9 378 
1 9 
1 9 
1 9 
2 1608 9 
3 1530 9 254 
2 1372 9 
1 9 
1 9 
3 9 1609 1720 
2 9 1011 
1 9 
2 299 9 
2 9 1006 
1 9 
2 9 1547 
1 9 
1 9 
1 10 
1 10 
1 10 
3 1770 10 331 
1 10 
1 10 
1 10 
2 540 10 
1 10 
1 10 
2 10 53 
2 970 10 
1 10 
1 10 
1 10 
1 10 
1 10 
1 11 
1 11 
1 11 
1 11 
2 979 11 
1 11 
1 11 
1 11 
1 11 
1 11 
1 11 
2 301 11 
1 11 
1 11 
1 11 
2 941 11 
1 11 
1 11 
1 11 
1 11 
2 1140 11 
1 11 
1 11 
1 12 
1 12 
2 12 998 
2 907 12 
1 12 
1 12 
1 12 
1 12 
1 12 
1 12 
2 12 93 
2 12 1070 
3 40 518 12 
1 12 
1 12 
1 12 
1 12 
1 12 
1 12 
1 12 
4 1001 1242 1385 12 
2 13 1617 
1 13 
2 710 13 
1 13 
1 13 
1 13 
1 13 
1 13 
2 1529 13 
1 13 
2 302 13 
2 541 13 
2 436 13 
3 1162 13 1661 
3 13 95 1312 
1 13 
1 13 
2 163 13 
1 13 
1 14 
2 14 371 
2 14 1070 
1 14 
2 1476 14 
1 14 
1 14 
1 14 
1 14 
1 14 
2 880 14 
1 14 
1 14 
1 14 
1 14 
1 14 
1 14 
1 14 
1 14 
1 14 
1 14 
1 14 
1 14 
1 15 
1 15 
1 15 
3 1273 347 15 
1 15 
2 905 15 
1 15 
1 15 
1 15 
1 15 
1 15 
1 15 
1 15 
1 15 
1 15 
1 15 
2 1413 15 
1 15 
1 15 
1 15 
2 170 16 
1 16 
2 204 16 
2 247 16 
1 16 
3 1846 1364 16 
2 1813 16 
1 16 
2 16 567 
1 16 
1 16 
1 16 
2 16 1661 
1 16 
2 654 16 
1 16 
2 1606 16 
2 1315 16 
1 17 
1 17 
1 17 
1 17 
1 17 
2 1463 17 
1 17 
2 743 17 
1 17 
1 17 
2 476 17 
2 1621 17 
1 17 
1 17 
2 179 17 
1 18 
1 18 
2 391 18 
4 1337 1556 1523 18 
3 730 1648 18 
1 18 
1 18 
1 18 
1 18 
2 577 18 
1 18 
2 346 18 
1 18 
1 18 
2 343 18 
3 282 1186 18 
2 1557 18 
1 18 
1 18 
1 18 
1 19 
2 698 19 
1 19 
3 1029 19 1249 
1 19 
2 515 19 
1 19 
1 19 
1 19 
1 19 
1 19 
1 19 
2 1650 19 
1 19 
1 19 
3 568 1641 19 
1 19 
1 19 
1 19 
5 257 1593 724 19 1691 
1 19 
1 20 
1 20 
2 1560 20 
1 20 
1 20 
2 158 20 
1 20 
1 20 
2 681 20 
1 20 
1 20 
2 889 20 
1 20 
1 20 
1 20 
1 20 
3 21 690 488 
1 21 
3 21 334 1563 
2 21 73 
1 21 
1 21 
1 21 
1 21 
1 21 
3 21 1291 797 
1 21 
2 21 1690 
1 21 
1 21 
1 21 
1 21 
1 21 
3 21 951 32 
2 21 1653 
3 21 1750 1226 
1 21 
1 21 
2 21 652 
2 21 1605 
1 21 
1 22 
2 22 497 
2 22 834 
1 22 
1 22 
2 22 420 
2 22 419 
3 22 1625 1609 
1 22 
2 22 1400 
1 22 
2 22 1501 
1 22 
1 22 
1 22 
1 22 
1 22 
1 22 
1 22 
2 22 40 
1 22 
1 22 
2 22 249 
1 22 
2 22 1571 
1 22 
1 22 
1 22 
1 22 
1 22 
1 23 
1 23 
2 483 23 
1 23 
1 23 
1 23 
2 23 1644 
1 23 
2 23 29 
1 23 
1 23 
1 23 
1 23 
1 23 
2 23 468 
1 23 
1 23 
1 23 
2 23 900 
1 23 
1 24 
1 24 
4 1487 24 1819 1248 
2 24 1401 
2 24 458 
1 24 
1 24 
1 24 
2 24 1831 
1 24 
1 24 
1 24 
3 24 327 688 
1 24 
2 24 539 
1 24 
1 24 
1 25 
1 25 
3 1674 446 25 
1 25 
2 705 25 
2 1337 25 
1 25 
2 389 25 
1 25 
1 25 
1 25 
1 25 
2 25 1199 
1 26 
1 26 
1 26 
2 415 26 
1 26 
2 1190 26 
1 26 
1 26 
1 26 
1 26 
1 26 
2 26 1670 
2 26 1265 
1 26 
2 706 26 
1 26 
1 26 
1 26 
1 26 
1 27 
1 27 
2 27 357 
2 609 27 
1 27 
2 27 228 
1 27 
1 27 
1 27 
2 1560 27 
1 27 
1 27 
1 27 
1 27 
1 27 
2 27 1347 
1 27 
1 27 
1 27 
1 28 
1 28 
2 28 803 
1 28 
2 1709 28 
1 28 
1 28 
2 28 478 
2 28 183 
2 28 248 
2 667 28 
2 1437 28 
1 28 
2 28 749 
1 28 
2 28 1110 
1 28 
2 1811 28 
1 28 
3 28 1679 1614 
2 28 1130 
1 28 
1 29 
2 29 597 
2 29 1657 
1 29 
1 29 
1 29 
1 29 
1 29 
1 29 
1 29 
1 29 
1 29 
1 29 
2 307 29 
2 30 367 
2 1062 30 
1 30 
1 30 
1 30 
1 30 
1 30 
1 30 
2 981 30 
2 341 30 
1 30 
1 30 
1 30 
2 30 949 
1 30 
1 30 
1 30 
1 30 
1 30 
2 30 1417 
1 30 
1 30 
1 30 
1 30 
1 30 
1 30 
1 30 
1 30 
2 1222 30 
3 555 30 120 
1 30 
1 30 
1 31 
1 31 
1 31 
1 31 
1 31 
2 31 841 
1 31 
1 31 
1 31 
3 516 1541 31 
1 31 
1 31 
3 31 1263 1266 
1 31 
1 31 
1 31 
1 31 
2 31 1736 
1 31 
2 31 927 
1 31 
2 31 784 
1 31 
1 31 
3 1363 872 32 
1 32 
1 32 
1 32 
2 32 1311 
1 32 
1 32 
1 32 
1 32 
1 32 
1 32 
3 887 52 32 
1 32 
1 32 
1 32 
1 32 
1 33 
1 33 
1 33 
2 33 1481 
1 33 
1 33 
1 33 
1 33 
1 33 
1 33 
1 33 
1 33 
2 33 411 
1 33 
3 1052 313 33 
1 33 
2 1519 33 
1 33 
1 34 
1 34 
1 34 
1 34 
1 34 
1 34 
2 1554 34 
1 34 
3 1894 1475 34 
2 542 34 
2 1863 34 
1 34 
1 34 
1 34 
1 34 
1 34 
1 34 
2 902 34 
1 34 
1 34 
1 34 
1 35 
1 35 
2 381 35 
2 1776 35 
1 35 
1 35 
1 35 
1 35 
1 35 
2 35 476 
1 35 
3 389 1557 35 
1 35 
1 35 
1 35 
1 35 
1 35 
2 35 1804 
1 35 
2 353 35 
1 35 
1 35 
2 1892 36 
1 36 
1 36 
1 36 
2 485 36 
2 508 36 
1 36 
2 1869 36 
1 36 
2 239 36 
2 1486 36 
1 36 
3 1744 1645 36 
1 36 
1 36 
1 36 
2 36 781 
1 36 
1 36 
1 36 
1 36 
1 36 
1 36 
2 36 371 
1 36 
1 36 
1 36 
1 36 
1 37 
3 37 1879 336 
1 37 
1 37 
1 37 
2 37 1219 
1 37 
1 37 
1 37 
2 37 1685 
1 37 
1 37 
1 37 
1 37 
2 37 324 
1 37 
1 37 
1 37 
1 37 
1 37 
3 37 545 857 
1 37 
2 37 1640 
1 38 
1 38 
2 38 1199 
1 38 
1 38 
1 38 
1 38 
1 38 
2 38 44 
1 38 
2 38 1786 
1 38 
1 38 
2 38 1038 
2 38 154 
1 39 
1 39 
1 39 
1 39 
1 39 
2 39 1156 
1 39 
1 39 
1 39 
1 39 
1 39 
2 39 68 
1 39 
1 39 
2 39 717 
1 39 
1 39 
2 39 621 
2 39 47 
2 39 1285 
1 39 
1 39 
1 40 
1 40 
1 40 
2 40 1241 
1 40 
1 40 
2 40 958 
1 40 
2 40 398 
1 40 
3 1707 40 1477 
2 40 994 
2 40 1352 
1 40 
2 534 40 
1 40 
1 40 
1 41 
1 41 
1 41 
1 41 
1 41 
2 41 50 
1 41 
1 41 
1 41 
1 41 
1 41 
1 41 
1 41 
1 41 
1 41 
1 41 
2 1402 41 
1 41 
1 41 
1 41 
1 41 
1 41 
1 41 
1 42 
1 42 
1 42 
1 42 
1 42 
2 416 42 
1 42 
2 42 1852 
2 1764 42 
1 42 
1 42 
1 42 
2 605 42 
3 43 1474 1477 
1 43 
1 43 
1 43 
3 1664 43 857 
1 43 
1 43 
2 865 43 
1 43 
1 43 
1 43 
1 43 
1 43 
1 43 
1 43 
3 43 846 749 
1 43 
2 43 1034 
1 44 
1 44 
1 44 
1 44 
1 44 
2 44 849 
2 44 1328 
1 44 
1 44 
1 44 
1 44 
1 44 
3 624 44 1886 
1 44 
1 44 
1 44 
2 140 44 
2 44 1033 
1 45 
1 45 
2 266 45 
1 45 
2 45 982 
2 1436 45 
2 45 1600 
3 45 1164 1732 
1 45 
2 45 635 
2 1219 45 
3 1407 45 384 
1 45 
1 45 
1 45 
1 45 
1 45 
1 45 
1 46 
1 46 
1 46 
2 1813 46 
2 46 462 
1 46 
2 46 675 
1 46 
1 46 
2 284 46 
1 46 
2 219 46 
1 46 
1 46 
1 46 
1 47 
1 47 
2 1592 47 
1 47 
1 47 
1 47 
1 47 
1 47 
1 47 
3 47 1335 1189 
1 47 
1 47 
1 47 
2 47 123 
1 47 
1 47 
2 47 619 
1 47 
1 47 
1 47 
1 48 
1 48 
2 48 1550 
1 48 
1 48 
1 48 
1 48 
1 48 
1 48 
1 48 
2 48 208 
1 48 
1 48 
1 48 
1 48 
1 48 
1 48 
1 48 
2 581 48 
1 49 
2 49 406 
1 49 
2 49 1752 
1 49 
1 49 
1 49 
1 49 
2 795 49 
2 1707 49 
1 49 
1 49 
1 49 
2 49 1156 
1 49 
1 50 
1 50 
1 50 
2 50 1480 
1 50 
3 50 187 1498 
1 50 
2 50 1691 
3 1059 50 79 
1 50 
1 50 
1 50 
1 50 
2 50 1280 
2 197 50 
1 50 
2 576 50 
2 882 50 
1 50 
1 50 
1 50 
1 50 
1 50 
1 51 
1 51 
2 1880 51 
1 51 
1 51 
1 51 
2 51 800 
1 51 
2 1387 51 
1 51 
2 218 51 
2 1744 51 
1 51 
2 52 236 
1 52 
2 52 1552 
1 52 
2 1628 52 
2 52 171 
1 52 
1 52 
1 52 
1 52 
3 1100 168 52 
1 52 
2 52 1189 
1 52 
2 52 1522 
1 52 
2 1511 52 
1 52 
1 53 
3 1462 1082 53 
1 53 
1 53 
1 53 
1 53 
1 53 
1 53 
1 53 
1 53 
4 152 1864 355 53 
1 53 
1 53 
3 1237 1646 53 
3 1254 53 877 
2 53 859 
1 53 
2 1366 53 
1 53 
2 53 765 
1 53 
1 53 
1 53 
1 53 
1 53 
1 53 
1 54 
1 54 
1 54 
1 54 
1 54 
1 54 
1 54 
2 654 54 
1 54 
1 54 
1 54 
1 54 
2 105 54 
1 54 
3 973 1565 54 
1 54 
1 54 
2 569 54 
1 54 
1 54 
1 54 
1 54 
2 83 54 
1 54 
1 54 
4 258 227 1209 54 
1 54 
1 54 
2 1291 54 
2 1216 55 
1 55 
1 55 
1 55 
1 55 
1 55 
1 55 
1 55 
2 1020 55 
1 55 
1 55 
2 1578 55 
1 55 
1 55 
1 55 
1 56 
1 56 
1 56 
1 56 
1 56 
1 56 
1 56 
1 56 
2 1497 56 
1 56 
1 56 
2 1011 56 
1 56 
1 56 
1 56 
1 57 
1 57 
1 57 
1 57 
1 57 
1 57 
2 547 57 
2 1855 57 
1 57 
1 57 
2 1640 57 
1 57 
2 1153 57 
1 57 
1 57 
1 58 
1 58 
1 58 
2 58 1627 
1 58 
2 58 1464 
1 58 
1 58 
1 58 
1 58 
1 58 
2 58 552 
2 58 1259 
1 58 
1 58 
1 58 
3 58 1528 1780 
1 59 
1 59 
1 59 
2 59 113 
2 59 213 
2 1553 59 
1 59 
1 59 
1 59 
1 59 
1 59 
1 59 
1 59 
1 59 
1 59 
1 59 
1 59 
2 59 1116 
1 59 
1 59 
3 59 772 963 
1 60 
1 60 
1 60 
1 60 
1 60 
4 60 86 250 1524 
1 60 
2 60 885 
1 60 
1 60 
1 60 
1 60 
1 60 
1 60 
1 60 
2 60 1534 
1 61 
1 61 
1 61 
1 61 
1 61 
1 61 
1 61 
1 61 
2 61 1421 
1 61 
1 61 
2 61 1825 
1 61 
2 61 347 
1 61 
1 61 
3 61 920 1013 
2 62 499 
1 62 
1 62 
1 62 
1 62 
1 62 
1 62 
1 62 
1 62 
3 62 754 493 
1 62 
1 62 
1 62 
1 62 
1 62 
1 62 
1 62 
1 62 
1 62 
2 62 1070 
2 62 1279 
1 62 
1 62 
1 62 
1 63 
1 63 
2 1074 63 
1 63 
1 63 
3 63 734 888 
1 63 
1 63 
2 63 596 
1 63 
1 63 
1 63 
2 63 408 
1 63 
2 1450 63 
1 63 
1 63 
1 64 
1 64 
1 64 
1 64 
1 64 
1 64 
2 64 1032 
2 64 1662 
1 64 
1 64 
2 64 792 
2 64 236 
1 64 
1 64 
2 64 1454 
1 64 
1 64 
2 466 64 
2 64 355 
2 65 1456 
2 65 1699 
1 65 
1 65 
2 65 1033 
2 65 1349 
3 65 1455 1670 
1 65 
1 65 
2 65 1131 
1 65 
1 65 
1 65 
2 65 612 
1 65 
2 65 506 
2 65 612 
1 66 
1 66 
1 66 
1 66 
1 66 
1 66 
2 282 66 
1 66 
1 66 
1 66 
1 66 
1 66 
2 66 1210 
2 66 978 
1 66 
1 66 
1 66 
2 1448 66 
3 1636 66 786 
1 66 
1 66 
1 67 
2 67 1721 
1 67 
3 67 398 1073 
1 67 
1 67 
1 67 
1 67 
1 67 
2 67 73 
1 67 
1 67 
1 67 
1 67 
2 67 1445 
1 67 
2 67 1548 
1 67 
1 67 
1 67 
2 67 1869 
1 67 
1 67 
2 628 67 
2 67 251 
1 67 
1 68 
2 68 316 
1 68 
1 68 
1 68 
1 68 
1 68 
1 68 
1 68 
1 68 
1 68 
1 68 
1 68 
1 68 
2 866 68 
1 68 
1 68 
2 68 1856 
1 68 
1 68 
1 68 
2 68 920 
1 68 
3 335 69 486 
1 69 
1 69 
1 69 
1 69 
1 69 
1 69 
2 69 70 
2 69 1823 
2 1485 69 
2 69 528 
1 69 
2 69 1255 
1 69 
1 69 
2 69 801 
1 69 
1 69 
1 69 
1 69 
1 70 
1 70 
1 70 
1 70 
2 1808 70 
1 70 
2 624 70 
2 304 70 
1 70 
2 70 1036 
2 70 1790 
1 70 
1 70 
1 70 
1 70 
2 71 164 
1 71 
1 71 
1 71 
2 71 1853 
1 71 
1 71 
2 71 1428 
1 71 
1 71 
1 71 
1 71 
1 71 
2 71 236 
1 71 
2 71 996 
1 71 
1 71 
1 72 
2 1484 72 
1 72 
1 72 
1 72 
2 1410 72 
1 72 
1 72 
1 72 
1 72 
3 423 1731 72 
2 467 72 
2 822 73 
1 73 
1 73 
1 73 
1 73 
2 889 73 
1 73 
1 73 
2 1395 73 
1 73 
1 73 
3 73 295 1604 
1 73 
1 73 
1 73 
2 587 73 
1 73 
2 1578 73 
1 74 
2 1181 74 
1 74 
1 74 
1 74 
2 74 1752 
1 74 
1 74 
3 1379 1650 74 
1 74 
1 74 
1 74 
1 74 
1 74 
1 74 
1 75 
2 883 75 
2 543 75 
1 75 
2 75 1700 
1 75 
1 75 
1 75 
1 75 
1 75 
2 1302 75 
1 75 
1 75 
2 76 1284 
1 76 
2 1228 76 
1 76 
1 76 
1 76 
2 1245 76 
2 1256 76 
3 1250 1717 76 
1 76 
1 76 
1 76 
1 76 
1 76 
3 1020 77 126 
3 322 77 1672 
2 1124 77 
1 77 
1 77 
1 77 
1 77 
1 77 
1 77 
1 77 
2 1701 77 
1 77 
2 842 77 
2 666 77 
2 260 77 
3 842 799 77 
1 77 
1 77 
2 968 77 
2 643 77 
1 77 
1 77 
2 1391 78 
3 1346 78 1723 
2 711 78 
2 466 78 
1 78 
1 78 
1 78 
1 78 
1 78 
1 78 
1 78 
1 78 
2 1791 78 
3 1097 1546 78 
2 970 78 
1 78 
1 78 
2 425 78 
1 79 
1 79 
1 79 
1 79 
1 79 
1 79 
1 79 
1 79 
1 79 
2 79 1017 
1 79 
1 79 
1 79 
1 79 
1 79 
1 79 
1 79 
2 656 79 
2 112 79 
2 1593 79 
2 1015 79 
3 335 1628 79 
3 1162 1681 79 
1 79 
1 79 
1 79 
2 80 1135 
2 80 245 
2 80 163 
1 80 
1 80 
2 80 1707 
2 80 1172 
2 80 1645 
2 80 1886 
1 80 
1 80 
1 80 
2 80 1671 
3 80 609 123 
1 80 
1 80 
1 80 
1 80 
2 80 1497 
2 80 173 
2 80 1304 
1 80 
3 80 933 1651 
1 80 
2 80 1003 
2 81 1141 
2 81 664 
1 81 
2 81 335 
3 81 690 348 
1 81 
1 81 
3 81 375 522 
1 81 
1 81 
2 81 391 
1 81 
2 81 1059 
1 81 
1 81 
1 81 
1 81 
1 81 
2 81 438 
1 81 
1 81 
1 82 
1 82 
1 82 
1 82 
4 82 1776 1085 1419 
1 82 
1 82 
1 82 
1 82 
1 82 
1 82 
1 82 
1 82 
1 83 
1 83 
1 83 
1 83 
1 83 
2 913 83 
4 83 1768 1521 371 
1 83 
2 83 96 
1 83 
1 83 
1 83 
1 83 
2 83 884 
1 83 
1 83 
1 83 
2 83 1413 
2 84 412 
3 84 1870 315 
1 84 
2 84 162 
3 421 84 167 
1 84 
1 84 
1 84 
1 84 
2 84 551 
1 84 
1 84 
2 237 84 
1 84 
1 84 
1 85 
2 85 328 
1 85 
2 1891 85 
1 85 
2 421 85 
1 85 
2 1122 85 
3 1005 85 1523 
1 85 
1 85 
1 85 
1 85 
1 85 
1 85 
1 86 
2 86 1285 
1 86 
1 86 
1 86 
3 86 1114 751 
2 86 367 
1 86 
1 86 
2 86 450 
3 1535 713 86 
2 86 1032 
2 86 118 
2 336 86 
1 86 
3 86 364 1428 
2 86 1550 
1 86 
2 86 407 
1 86 
1 86 
1 86 
2 556 86 
1 86 
1 86 
1 86 
3 86 311 250 
2 86 1238 
1 87 
2 87 846 
1 87 
1 87 
1 87 
1 87 
1 87 
3 87 1256 505 
2 87 1540 
2 1463 87 
1 88 
2 483 88 
1 88 
1 88 
1 88 
1 88 
2 88 551 
1 88 
2 88 1524 
1 88 
1 88 
1 88 
2 738 88 
1 88 
1 88 
1 88 
1 88 
2 88 400 
3 972 88 371 
1 89 
1 89 
1 89 
1 89 
1 89 
1 89 
1 89 
2 1251 89 
2 1439 89 
2 1472 89 
1 89 
1 90 
1 90 
1 90 
1 90 
4 1533 90 799 959 
1 90 
2 536 90 
1 90 
1 90 
2 90 1876 
1 90 
1 90 
1 90 
1 90 
2 1456 90 
1 90 
1 90 
2 90 167 
2 1289 90 
1 90 
2 1485 90 
1 91 
1 91 
1 91 
1 91 
1 91 
1 91 
1 91 
2 91 1400 
2 885 91 
1 91 
1 91 
1 91 
2 91 617 
1 91 
1 92 
1 92 
1 92 
1 92 
1 92 
1 92 
3 713 92 999 
2 92 1826 
1 92 
1 92 
1 92 
2 155 92 
2 92 408 
1 92 
3 953 1425 92 
1 92 
1 92 
1 92 
1 92 
1 92 
1 92 
1 92 
1 92 
1 92 
1 93 
1 93 
2 837 93 
1 93 
1 93 
1 93 
2 1593 93 
1 93 
2 179 93 
1 93 
1 93 
1 93 
1 93 
1 93 
3 682 1578 93 
1 93 
1 93 
1 93 
2 93 1135 
1 94 
1 94 
1 94 
1 94 
1 94 
2 94 762 
1 94 
1 94 
1 94 
2 1367 94 
2 1496 94 
1 94 
1 94 
1 94 
1 94 
1 94 
1 94 
1 94 
1 94 
1 94 
1 94 
1 94 
1 94 
2 94 696 
1 95 
1 95 
2 1839 95 
2 1361 95 
1 95 
1 95 
2 549 95 
1 95 
3 899 305 95 
1 95 
1 95 
1 95 
1 95 
1 95 
2 466 95 
1 95 
1 95 
1 95 
2 1345 95 
1 95 
2 1184 95 
2 1745 95 
1 96 
1 96 
1 96 
1 96 
2 472 96 
1 96 
1 96 
1 96 
1 96 
1 96 
1 96 
1 96 
2 1807 96 
1 96 
1 96 
1 96 
1 97 
1 97 
1 97 
2 304 97 
1 97 
1 97 
1 97 
1 97 
1 97 
2 836 97 
2 1376 97 
1 97 
2 1111 97 
2 1331 97 
1 97 
1 97 
1 97 
1 98 
1 98 
1 98 
2 668 98 
2 1029 98 
1 98 
1 98 
1 98 
1 98 
3 708 1308 98 
2 1606 98 
1 98 
1 98 
1 98 
1 98 
1 98 
2 1712 98 
1 98 
1 99 
2 99 730 
2 99 990 
1 99 
1 99 
1 99 
1 99 
1 99 
3 99 1536 872 
1 99 
1 99 
1 99 
1 100 
2 100 1623 
2 100 701 
1 100 
2 100 666 
1 100 
1 100 
1 100 
1 100 
1 100 
1 100 
