20 2 3 4 5 6 7 8 9 10 11 12 13 14 15 16 17 18 19 20 21 
31 22 23 24 25 26 1 27 28 29 30 31 32 33 34 35 36 37 38 39 40 41 42 43 44 45 46 47 48 49 50 51 
24 52 53 54 55 1 56 57 58 59 60 61 62 63 64 65 66 67 68 69 70 71 72 73 74 
21 75 76 1 77 78 79 80 81 82 83 84 85 86 87 88 89 90 91 92 93 94 
21 95 96 1 97 98 99 100 101 102 103 104 105 106 107 108 109 110 111 112 113 114 
20 115 116 117 1 118 119 120 121 122 123 124 125 126 127 128 129 130 131 132 133 
19 134 135 1 136 137 138 139 140 141 142 143 144 145 146 147 148 149 150 151 
19 152 153 1 154 155 156 157 158 159 160 161 162 163 164 165 166 167 168 169 
20 1 170 171 172 173 174 175 176 177 178 179 180 181 182 183 184 185 186 187 188 
21 189 190 191 1 192 193 194 195 196 197 198 199 200 201 202 203 204 205 206 207 208 
17 209 210 211 212 1 213 214 215 216 217 218 219 220 221 222 223 224 
13 225 226 1 227 228 229 230 231 232 233 234 235 236 
14 237 238 1 239 240 241 242 243 244 245 246 247 248 249 
18 250 251 252 1 253 254 255 256 257 258 259 260 261 262 263 264 265 266 
23 267 1 268 269 270 271 272 273 274 275 276 277 278 279 280 281 282 283 284 285 286 287 288 
14 289 290 1 291 292 63 293 294 295 296 297 298 299 300 
19 301 302 1 303 304 305 306 307 308 309 310 311 312 313 314 315 316 317 318 
18 319 320 321 1 322 323 324 325 326 327 328 329 330 331 332 333 334 335 
25 336 337 1 338 339 340 341 342 343 344 345 346 347 348 349 350 351 352 353 354 355 356 357 358 359 
17 360 1 361 362 363 364 365 366 367 368 369 370 371 372 373 374 375 
19 376 377 378 1 379 380 381 382 383 384 385 386 387 388 389 390 391 392 393 
19 394 2 395 396 397 398 399 400 401 402 403 404 405 406 407 408 409 410 411 
23 2 412 413 414 415 416 417 418 419 420 421 422 423 424 425 426 427 428 429 430 431 432 433 
14 434 435 2 436 437 438 439 440 441 442 443 444 445 446 
24 447 2 136 448 449 450 451 452 453 454 455 456 457 458 459 460 461 462 463 464 465 466 467 468 
19 469 2 470 471 472 473 474 475 476 477 478 479 480 481 482 483 484 485 486 
23 487 488 2 489 490 491 492 493 494 495 496 497 498 499 500 501 502 503 504 505 506 507 508 
20 509 2 510 511 512 513 514 515 516 517 518 519 520 521 522 523 524 525 526 527 
20 528 2 529 530 490 531 532 533 534 535 536 537 538 539 540 541 542 543 544 545 
25 546 547 548 549 2 550 551 552 553 554 555 556 557 558 559 560 561 562 563 564 565 566 567 568 569 
18 570 2 571 572 573 574 575 576 577 578 579 580 581 582 583 584 585 586 
24 587 2 588 589 590 591 592 593 594 595 596 597 598 599 600 601 602 603 604 605 606 607 608 609 
13 2 610 611 612 613 614 615 616 617 618 619 620 621 
25 622 623 2 624 625 626 627 628 629 630 631 632 633 634 635 636 637 638 639 640 641 642 643 644 645 
18 646 2 647 648 649 650 651 652 653 654 655 656 657 658 659 660 661 662 
19 2 663 664 665 666 653 667 668 669 670 671 672 673 674 675 676 677 678 679 
23 680 681 2 682 683 684 685 686 687 688 689 690 691 692 693 694 695 696 697 698 699 700 701 
22 702 703 2 704 705 706 707 708 709 710 711 712 713 714 715 716 717 718 719 720 721 722 
25 723 2 724 725 726 727 728 729 730 731 732 733 734 735 736 737 738 739 740 741 742 743 744 745 746 
24 747 2 748 749 750 751 752 753 754 755 756 757 758 759 760 761 762 763 764 765 766 767 768 769 
14 770 2 771 772 773 774 775 776 777 778 779 780 781 782 
22 783 2 784 785 786 787 788 789 790 791 792 793 794 795 796 797 798 799 800 801 802 803 
23 804 805 806 2 807 808 809 810 811 812 813 814 815 816 817 818 819 820 821 822 823 824 825 
21 826 2 827 828 829 830 831 832 833 834 835 836 837 838 839 840 841 842 843 844 845 
21 846 847 2 848 849 850 851 852 853 854 855 856 857 858 859 860 861 862 863 864 865 
15 2 866 867 868 869 870 871 872 873 874 875 876 877 878 879 
16 2 880 881 882 883 884 885 886 887 888 889 890 891 892 893 894 
14 2 895 896 897 898 899 900 901 902 903 904 905 906 907 
21 908 2 909 170 910 911 912 913 914 915 916 917 918 919 920 921 922 923 924 925 926 
24 927 2 928 929 930 931 932 933 934 935 936 937 938 939 940 941 942 943 944 945 946 947 948 949 
18 950 951 2 952 953 954 955 956 957 958 959 960 961 962 963 794 964 965 
20 966 3 967 968 969 970 971 972 973 974 975 976 977 978 979 980 981 982 983 984 
24 985 986 3 987 988 989 990 991 992 993 994 995 996 997 998 999 1000 1001 1002 1003 1004 1005 1006 1007 
18 1008 3 1009 1010 1011 1012 1013 1014 1015 1016 1017 1018 1019 1020 1021 1022 1023 1024 
24 1025 1026 1027 3 1028 1029 1030 1031 1032 1033 1034 1035 1036 1037 1038 1039 1040 1041 1042 1043 1044 1045 1046 1047 
23 1048 1049 3 1050 1051 1052 1053 1054 1055 1056 1057 1058 1059 1060 1061 1062 1063 1064 1065 1066 1067 1068 1069 
18 1070 1071 3 1072 1073 1074 1075 1076 1077 1078 1079 1080 1081 1082 1083 923 1084 1085 
18 1086 3 1087 1088 1089 1090 1091 1092 1093 1094 1095 1096 1097 1098 1099 1100 1101 1102 
17 1103 1104 3 1105 1106 1107 1108 1109 1110 1111 1112 1113 1114 1115 1116 1117 1118 
20 1119 1120 3 1121 1122 1123 1124 1125 1126 1127 1128 1129 1130 1131 1132 1133 1134 1135 1136 1137 
21 1138 1139 3 1140 1141 1142 1143 1144 1145 1146 1147 1148 1149 1150 1151 1152 1153 1154 1155 1156 1157 
18 1158 3 1159 1160 1161 1162 1163 1164 1165 1166 1167 1168 1169 1170 1171 1172 1173 1174 
19 1175 1176 1177 3 1178 1179 1180 1181 1182 1183 1184 1185 1186 16 1187 1188 1189 1190 1191 
18 1192 1193 3 1194 1195 1196 1197 1198 1199 1200 1201 1202 1203 1204 1205 1206 1207 1208 
21 1209 1210 1211 3 1212 1213 1214 1215 1216 1217 1218 1219 1220 1221 1222 1223 1224 1225 1226 1227 1228 
26 1229 1230 1231 3 1232 1233 1234 1235 1236 1237 1238 1239 1240 1241 1242 1243 1244 1245 1246 1247 1248 1249 1250 1251 1252 1253 
14 3 1254 1255 1256 1257 1258 1259 1260 1261 1262 1263 1264 1265 1266 
17 1267 1268 3 1269 1270 1271 729 1272 1273 1274 1275 1276 1277 1278 1279 1280 1281 
22 1282 1283 1284 3 1285 1286 1287 1288 1289 1290 1291 1292 1293 1294 1295 1296 1297 1298 1299 1300 1301 1302 
17 1303 3 1304 1305 1306 1307 1308 1309 1310 1311 1312 1313 1314 1315 1316 1317 1318 
25 3 1319 1320 1321 1322 1323 1324 1325 1326 1327 1328 1329 1330 1331 1332 1333 1334 1335 1336 1337 1338 1339 1340 1341 1342 
24 1343 1344 1345 3 1346 1347 1348 1349 1350 1351 1352 1353 1354 1355 1356 1357 1358 1359 1360 1361 1362 1363 1364 1365 
24 1366 3 1367 1368 1369 1370 1371 1372 1373 1374 1375 1376 1377 1378 1379 1380 1381 1382 1383 1384 1385 1386 1387 1388 
23 3 1389 1390 1391 1392 1393 1394 1395 1396 1397 1398 1399 1400 1401 1402 1403 1404 1405 1406 1407 1408 1409 1410 
22 1411 1412 4 1413 1414 1415 1416 1417 1418 1419 1129 89 1420 1421 1422 1423 1424 1425 1426 1427 1428 1429 
19 1430 1431 4 1432 1433 1434 1435 1436 1437 1438 1439 1440 1441 1442 1443 1444 1445 1446 1447 
28 1448 1449 1450 4 1451 1452 1453 1454 1455 1456 1457 1458 1459 1460 1461 1462 1463 1464 1465 1466 1467 1468 1469 1470 1471 1472 1473 1474 
18 1475 4 1476 1477 1478 1479 1480 1481 1482 1483 1484 1485 1486 1487 1065 1488 1489 1490 
22 1491 4 1492 1493 1494 1495 1496 1497 1498 1499 1500 1501 1502 1503 1504 1505 1506 1507 1508 1509 1510 1511 
16 1512 4 1513 1514 1515 1516 1517 1518 1519 1520 1521 1522 1523 1524 1525 1526 
12 1527 1528 4 1529 1530 1531 1532 1533 1534 1535 1536 1537 
21 4 1538 1539 1540 1541 1542 1543 1544 1545 1546 1547 1548 1549 1550 1551 1552 1553 1554 1555 1556 1557 
20 1558 1559 4 1560 1561 1562 1563 1564 1565 1378 1566 1567 1568 1569 1570 1571 1572 1573 1574 1575 
29 1576 1577 1578 1579 1580 1581 1582 4 1583 1584 1585 1586 1587 1588 1589 1590 1591 1592 1593 1594 1595 1596 1597 1598 1599 1600 1601 1602 1603 
26 1604 1605 1606 1607 4 1608 1609 1610 1611 1612 1613 1614 1615 1616 1617 1618 1619 1620 1621 1622 1623 1624 1625 1626 1627 1628 
21 1629 4 1630 1631 1632 1633 1634 1635 1636 1637 1638 1639 1640 1641 1642 1643 1644 1645 1646 1647 1648 
19 1649 4 1650 1651 1652 1653 1654 1655 1656 1657 1658 1659 1660 1661 1662 1663 1664 1665 1666 
26 1667 1668 4 1669 1670 1671 1672 1673 1674 1675 1676 1459 1677 1678 1679 1680 1681 1682 1683 734 1684 1685 1686 1687 1688 1689 
25 75 1690 1691 1692 4 1693 1694 1695 1696 1697 1698 1699 1700 1701 1702 1703 1704 1705 1706 1707 1708 1709 1710 1711 1712 
18 1713 1714 4 1715 1716 690 1717 1718 1719 1720 1721 1722 1723 1724 1725 1726 1727 1728 
14 1729 4 1730 1731 1732 1733 1734 1735 1736 1737 1738 1739 1740 1741 
18 1742 4 1743 1744 1745 1746 1747 1748 1749 976 1750 1751 1752 1753 1754 1755 1756 1757 
14 4 1758 1759 1760 1761 1762 1763 1764 1765 1421 1766 1767 1768 1769 
25 1770 1771 1772 1773 4 1774 1775 1776 1777 1778 1779 1780 1781 1782 1783 1784 1785 1786 1787 1788 1789 1790 1791 1792 1793 
21 1794 1795 1796 1797 5 1798 1799 1800 1801 1802 1803 1804 1805 1806 1807 1808 1809 1810 1811 1812 1813 
25 1814 1815 1816 1817 5 1818 1819 748 1820 1821 1822 1823 1824 1825 1826 1827 1828 1829 1830 1831 1832 1833 1834 1835 1836 
22 1837 5 1838 1839 1840 1841 1842 1843 1844 1845 1846 1847 1848 1849 1850 1851 1852 1853 1854 1855 1856 1857 
23 1858 1859 1860 5 1861 1862 1863 1864 1865 1866 1867 1868 1869 1870 1871 1872 1873 1874 1875 1876 1877 1878 1879 
24 1880 1881 5 1882 1883 1884 1885 1886 1887 1888 1889 1890 1891 1892 1893 1894 1895 1896 1897 1898 1899 1900 1901 1902 
19 1903 1904 5 1905 1906 1907 1908 1909 1910 1911 1912 1913 1914 1915 1916 1917 1918 1919 1920 
25 1921 1922 1923 1924 1925 1926 5 1927 1323 1928 1929 1930 1931 1932 1933 1934 1935 1936 1937 1938 1939 1940 1941 1942 1943 
22 1944 1945 1946 1947 5 1948 1949 1950 1951 1952 1953 1954 1955 1956 1957 146 1958 1959 1960 1961 1962 1963 
26 1964 1965 1966 1967 1968 1969 5 1970 1971 1972 1973 1974 1975 1976 1977 1978 1979 1980 1981 1982 1983 1984 1985 1986 1987 1988 
29 1989 1990 1991 1992 5 1993 1994 1995 1996 1997 1998 1999 2000 2001 2002 2003 2004 200 2005 2006 2007 2008 2009 2010 2011 2012 2013 2014 2015 
25 2016 2017 2018 5 2019 2020 2021 2022 2023 2024 2025 2026 216 2027 2028 2029 2030 2031 2032 2033 2034 2035 2036 1524 1987 
21 2037 2038 2039 5 1216 2040 2041 2042 2043 2044 2045 2046 2047 2048 2049 2050 2051 2052 2053 2054 2055 
15 2056 2057 2058 2059 5 2060 2061 2062 2063 2064 2065 2066 2067 2068 2069 
23 2070 2071 2072 2073 5 2074 2075 2076 2077 2078 2079 2080 2081 2082 2031 2083 2084 2085 2086 2087 2088 2089 2090 
27 2091 2092 2093 5 2094 2095 2096 2097 2098 2099 2100 2101 2102 2103 2104 2105 2106 2107 2108 2109 2110 2111 2112 2113 2114 2115 2116 
19 2117 2118 5 2119 2120 2121 2122 2123 2124 2125 2126 2127 2128 2129 2130 2131 2132 2133 2134 
21 2135 2136 2137 2138 5 2139 2140 2141 2142 2143 2144 2145 2146 2147 2148 2149 2150 2151 2152 2153 2154 
29 2155 2156 2157 2158 2159 5 2160 2161 2162 2163 2164 2165 2166 2167 2168 2169 2170 2171 2172 2173 2174 2175 2176 2177 2178 2179 2180 2181 2182 
20 2183 2184 2185 5 2186 2187 2188 2189 2190 2191 2192 2193 2194 2195 2196 2197 2198 2199 2200 2201 
16 2202 2203 2204 2205 2206 5 2207 2208 2209 2210 2211 2212 2213 2214 2215 2216 
23 2217 2218 6 2219 2220 2221 2222 2223 2224 2225 2226 2227 2228 2229 2230 2231 2232 2233 2234 2235 2236 2237 2238 
27 2239 6 2240 2241 2242 2243 2244 2245 2246 2247 2248 2249 2250 2251 2252 2253 2254 2255 2256 2257 2258 2259 2260 2261 2262 2263 2264 
17 2265 2266 6 571 2267 2268 2269 2270 2271 2272 2273 2274 2275 2276 2277 2278 2279 
14 2280 2281 2282 2283 6 2284 2285 2286 2287 2288 2289 2290 2291 2292 
9 2293 6 2294 2295 2296 2297 2298 2299 2300 
2 6 1616 
2 1140 6 
1 6 
1 6 
1 6 
1 6 
1 6 
1 6 
2 6 947 
1 6 
1 6 
1 6 
1 6 
1 6 
1 7 
1 7 
2 25 7 
1 7 
1 7 
2 7 380 
1 7 
2 7 762 
2 7 417 
1 7 
1 7 
2 7 673 
3 154 7 102 
2 7 1020 
1 7 
2 2205 7 
2 7 187 
1 7 
3 8 856 1006 
3 8 1824 1984 
4 189 8 459 146 
1 8 
2 1923 8 
1 8 
1 8 
1 8 
2 8 657 
3 589 8 1043 
2 8 905 
3 8 1034 1942 
1 8 
1 8 
3 8 1074 179 
2 8 1550 
1 8 
2 1175 8 
2 9 49 
2 9 181 
1 9 
1 9 
1 9 
1 9 
1 9 
2 9 1372 
1 9 
2 9 166 
1 9 
2 171 9 
1 9 
1 9 
1 9 
1 9 
1 9 
3 1032 9 150 
1 9 
2 154 10 
1 10 
1 10 
1 10 
1 10 
1 10 
2 10 2064 
1 10 
1 10 
1 10 
1 10 
2 10 104 
3 612 10 1418 
1 10 
1 10 
2 1713 10 
2 10 1250 
1 10 
1 10 
2 291 10 
2 11 1555 
3 11 914 1352 
2 11 540 
2 2243 11 
1 11 
2 11 990 
1 11 
2 11 105 
2 1576 11 
1 11 
1 11 
2 773 11 
2 1050 11 
1 11 
1 11 
1 11 
2 12 2113 
1 12 
2 630 12 
1 12 
3 880 12 1623 
2 12 604 
1 12 
1 12 
1 12 
1 12 
1 12 
1 12 
3 2206 1888 13 
1 13 
1 13 
1 13 
1 13 
1 13 
1 13 
1 13 
1 13 
1 13 
1 13 
2 13 2231 
1 13 
1 14 
1 14 
1 14 
1 14 
2 14 2230 
1 14 
2 14 1341 
2 1124 14 
1 14 
1 14 
1 14 
1 14 
2 613 14 
2 450 14 
3 14 1701 1154 
2 14 1625 
3 628 14 1400 
1 15 
1 15 
1 15 
1 15 
1 15 
1 15 
2 15 299 
1 15 
1 15 
1 15 
1 15 
1 15 
1 15 
1 15 
1 15 
3 1908 15 2215 
2 15 430 
1 15 
2 15 1334 
1 15 
1 15 
2 1145 15 
2 16 1830 
1 16 
2 16 208 
1 16 
1 16 
2 447 16 
1 16 
4 1989 2038 16 1547 
1 16 
1 16 
2 273 16 
2 2300 16 
1 17 
2 17 310 
1 17 
2 17 979 
1 17 
1 17 
1 17 
1 17 
1 17 
4 302 1011 17 604 
2 17 1627 
1 17 
2 2249 17 
2 17 1877 
2 2016 17 
1 17 
1 17 
1 17 
2 18 1986 
1 18 
1 18 
1 18 
2 18 1473 
1 18 
1 18 
1 18 
2 18 1173 
1 18 
2 18 837 
1 18 
2 1865 18 
1 18 
2 18 567 
1 18 
1 18 
1 19 
1 19 
1 19 
1 19 
1 19 
1 19 
1 19 
1 19 
2 1118 19 
1 19 
1 19 
2 2245 19 
1 19 
2 1013 19 
2 456 19 
2 1730 19 
1 19 
1 19 
2 19 467 
1 19 
2 831 19 
1 19 
1 19 
2 1053 19 
1 20 
1 20 
2 428 20 
1 20 
1 20 
2 1179 20 
1 20 
1 20 
3 1884 1503 20 
2 414 20 
1 20 
1 20 
2 20 2115 
1 20 
2 953 20 
1 20 
2 1472 21 
2 1377 21 
2 461 21 
1 21 
3 139 455 21 
1 21 
1 21 
1 21 
2 21 1557 
1 21 
2 833 21 
1 21 
1 21 
1 21 
2 21 1006 
1 21 
1 21 
1 21 
2 22 539 
2 22 1806 
1 22 
1 22 
1 22 
2 22 1020 
1 22 
2 22 604 
1 22 
1 22 
3 22 1871 1508 
1 22 
3 22 2239 717 
1 22 
1 22 
3 22 2230 738 
1 22 
2 22 1708 
1 23 
2 23 1057 
2 23 369 
2 23 1317 
1 23 
2 23 142 
1 23 
1 23 
2 23 1016 
1 23 
1 23 
1 23 
1 23 
1 23 
2 23 1856 
1 23 
3 23 362 1335 
1 23 
2 23 283 
1 23 
2 23 899 
1 23 
1 24 
1 24 
1 24 
3 24 1677 1850 
2 24 581 
1 24 
1 24 
1 24 
1 24 
1 24 
1 24 
1 24 
1 24 
2 25 294 
1 25 
2 25 1088 
2 25 263 
1 25 
2 25 1672 
1 25 
1 25 
4 25 590 380 2212 
2 25 350 
1 25 
2 25 1390 
2 25 154 
2 510 25 
2 378 25 
2 25 1991 
1 25 
2 25 2095 
3 25 2113 1647 
1 25 
2 25 354 
1 25 
1 26 
1 26 
1 26 
2 26 1509 
2 26 2197 
1 26 
1 26 
1 26 
1 26 
1 26 
1 26 
1 26 
2 26 1289 
2 26 1081 
1 26 
1 26 
1 26 
2 26 1586 
1 27 
3 27 1463 839 
1 27 
2 27 29 
1 27 
1 27 
3 27 1406 1342 
1 27 
1 27 
1 27 
2 27 1260 
1 27 
2 1009 27 
1 27 
1 27 
1 27 
3 27 869 1248 
1 27 
1 27 
1 27 
1 27 
1 27 
1 28 
2 28 460 
1 28 
2 1772 28 
3 28 1125 1825 
1 28 
1 28 
1 28 
2 28 2011 
1 28 
2 28 1722 
1 28 
2 28 2096 
1 28 
1 28 
1 28 
1 28 
1 28 
1 28 
1 29 
1 29 
1 29 
1 29 
2 29 943 
2 29 575 
1 29 
1 29 
2 2218 29 
1 29 
1 29 
2 394 29 
2 211 29 
1 29 
1 29 
1 29 
1 29 
1 29 
1 30 
1 30 
2 30 1802 
1 30 
2 30 830 
2 30 1474 
1 30 
1 30 
1 30 
1 30 
1 30 
2 30 2069 
2 30 1892 
1 30 
1 30 
1 30 
1 30 
1 30 
2 1286 30 
2 30 1879 
2 30 1751 
2 30 333 
1 30 
1 30 
1 31 
2 117 31 
1 31 
3 31 833 1474 
2 31 2035 
4 31 533 1679 745 
1 31 
1 31 
1 31 
1 31 
2 1773 31 
2 438 31 
1 31 
1 31 
1 31 
2 1088 31 
1 31 
1 32 
1 32 
3 32 161 1352 
2 32 455 
2 32 1845 
1 32 
1 32 
2 32 2036 
1 32 
1 32 
1 32 
1 32 
1 32 
2 32 1044 
2 32 1063 
1 32 
2 663 32 
4 32 401 230 310 
1 32 
1 32 
2 910 32 
1 32 
1 32 
2 810 33 
1 33 
2 33 201 
2 33 262 
3 1998 33 1205 
1 33 
2 1494 33 
1 33 
2 1679 33 
1 33 
1 33 
1 33 
1 34 
1 34 
1 34 
1 34 
1 34 
2 34 1168 
2 34 266 
1 34 
2 227 34 
1 34 
1 34 
1 34 
1 34 
2 34 1640 
1 34 
2 34 656 
1 34 
2 34 1336 
1 34 
1 34 
1 34 
1 34 
1 34 
2 1824 34 
2 1394 35 
2 1462 35 
1 35 
1 35 
2 2169 35 
2 888 35 
2 812 35 
2 35 36 
1 35 
1 35 
2 35 637 
2 160 35 
1 35 
1 35 
1 35 
1 35 
2 35 2177 
2 36 603 
2 36 1663 
2 36 1740 
1 36 
1 36 
1 36 
2 36 1738 
1 36 
1 36 
1 36 
3 36 1382 145 
2 36 1470 
1 36 
2 36 981 
1 36 
1 36 
1 36 
1 37 
1 37 
1 37 
1 37 
1 37 
2 37 2084 
1 37 
1 37 
1 37 
2 2064 37 
2 37 90 
1 37 
1 37 
1 37 
1 37 
1 37 
1 37 
2 37 1273 
1 37 
1 37 
3 1992 37 2015 
1 37 
2 1494 38 
1 38 
1 38 
1 38 
1 38 
1 38 
1 38 
1 38 
1 38 
1 38 
2 1177 38 
1 38 
1 38 
1 38 
1 38 
2 38 406 
1 38 
1 38 
2 38 1315 
1 38 
1 38 
1 39 
1 39 
1 39 
4 908 1306 39 2229 
2 39 891 
1 39 
2 39 68 
2 2019 39 
2 1500 39 
3 2063 39 840 
1 39 
2 39 88 
1 39 
2 1347 39 
2 1128 39 
4 1607 39 1445 409 
1 39 
1 39 
2 39 1684 
1 39 
2 1103 39 
1 39 
2 575 39 
1 39 
1 40 
2 96 40 
1 40 
2 1911 40 
1 40 
2 40 1706 
1 40 
1 40 
2 40 1521 
1 40 
2 2142 40 
1 40 
1 40 
1 40 
1 40 
2 141 40 
1 40 
2 1349 40 
1 40 
1 40 
1 40 
2 40 2112 
1 40 
1 41 
1 41 
3 1717 41 1133 
3 1616 41 220 
1 41 
1 41 
1 41 
1 41 
1 41 
2 1257 41 
1 41 
1 41 
1 41 
1 42 
1 42 
1 42 
2 1776 42 
1 42 
1 42 
2 42 1338 
1 42 
1 42 
2 42 1600 
1 42 
2 42 51 
1 42 
2 42 1620 
1 42 
3 847 2298 42 
1 42 
2 42 1442 
1 42 
1 42 
1 42 
1 43 
1 43 
1 43 
1 43 
1 43 
1 43 
2 610 43 
1 43 
2 652 43 
1 43 
2 43 1647 
2 2166 43 
1 43 
1 43 
1 43 
1 43 
2 1231 43 
1 43 
2 1178 43 
1 43 
1 43 
1 43 
2 1734 44 
1 44 
1 44 
1 44 
2 550 44 
2 44 356 
1 44 
4 959 573 44 386 
1 44 
1 44 
1 44 
2 329 44 
1 44 
2 488 44 
2 732 44 
1 44 
1 44 
1 44 
1 44 
1 44 
1 45 
2 45 798 
1 45 
1 45 
1 45 
2 45 2055 
1 45 
1 45 
2 45 2261 
2 1840 45 
3 152 1393 45 
2 1671 45 
1 45 
1 45 
1 45 
1 45 
2 45 944 
1 45 
2 45 1228 
1 45 
1 46 
1 46 
1 46 
2 46 503 
1 46 
1 46 
1 46 
1 46 
1 46 
1 46 
3 1796 990 46 
1 46 
1 46 
1 46 
2 229 47 
1 47 
1 47 
3 903 1041 47 
1 47 
1 47 
1 47 
1 47 
3 2073 651 47 
1 47 
1 47 
3 727 1064 47 
1 47 
1 47 
1 47 
1 48 
1 48 
2 1377 48 
1 48 
3 1909 48 432 
2 2039 48 
1 48 
2 1887 48 
2 883 48 
1 48 
3 162 1503 48 
1 48 
1 48 
2 726 49 
1 49 
2 607 49 
1 49 
1 49 
3 1162 2175 49 
3 210 1279 49 
1 49 
1 49 
1 49 
1 49 
1 49 
2 1212 49 
1 49 
1 49 
2 57 49 
1 49 
1 49 
1 49 
3 1089 2152 50 
2 996 50 
2 1297 50 
1 50 
1 50 
3 2119 933 50 
2 932 50 
1 50 
1 50 
1 50 
1 50 
1 50 
1 50 
1 50 
1 50 
2 2176 50 
2 532 50 
2 862 50 
1 50 
1 50 
2 128 50 
1 50 
1 50 
1 51 
1 51 
2 2225 51 
2 374 51 
1 51 
1 51 
1 51 
2 1781 51 
1 51 
3 1389 833 51 
1 51 
1 51 
1 51 
1 51 
1 51 
2 1242 51 
1 52 
1 52 
1 52 
1 52 
1 52 
3 2117 52 1667 
1 52 
2 52 1350 
1 52 
1 52 
2 52 92 
1 52 
1 52 
2 52 304 
1 52 
2 52 676 
1 52 
1 52 
1 52 
2 53 1390 
1 53 
1 53 
1 53 
2 53 1844 
3 53 214 876 
3 1858 53 1220 
1 53 
2 53 1867 
1 53 
1 53 
2 53 928 
1 53 
1 53 
1 53 
1 53 
1 53 
2 1158 53 
2 53 1371 
1 53 
1 53 
3 152 53 390 
1 53 
1 54 
2 54 499 
1 54 
2 54 310 
3 54 1620 1228 
3 54 2061 349 
2 54 1656 
2 54 1237 
2 54 420 
1 54 
1 54 
1 54 
3 54 399 147 
1 54 
1 54 
1 54 
1 54 
1 55 
1 55 
1 55 
1 55 
1 55 
1 55 
1 55 
2 55 187 
2 55 2147 
2 55 163 
1 55 
1 55 
1 55 
2 55 1867 
1 55 
1 55 
2 883 55 
1 55 
2 55 161 
2 55 600 
1 55 
1 55 
1 55 
1 56 
3 56 1127 2051 
2 56 221 
1 56 
1 56 
2 56 359 
1 56 
1 56 
1 56 
4 56 413 1719 2248 
1 56 
1 56 
1 56 
1 56 
1 56 
2 56 601 
2 56 891 
2 56 78 
1 56 
1 56 
1 56 
1 56 
1 57 
1 57 
1 57 
1 57 
2 57 166 
1 57 
1 57 
1 57 
1 57 
2 2163 57 
2 57 1500 
3 57 482 2111 
1 57 
2 57 2225 
2 57 1811 
2 57 1757 
2 58 1485 
1 58 
4 449 58 1910 585 
2 927 58 
1 58 
1 58 
1 58 
1 58 
2 58 1497 
1 58 
1 58 
2 2156 58 
1 58 
1 58 
1 58 
2 58 1897 
1 58 
4 1416 59 2178 743 
2 1254 59 
1 59 
2 59 1465 
1 59 
1 59 
2 1411 59 
1 59 
1 59 
1 59 
1 59 
2 59 1748 
1 59 
1 59 
1 59 
2 59 344 
2 1819 60 
1 60 
1 60 
1 60 
2 2058 60 
2 60 257 
2 513 60 
1 60 
2 1049 60 
3 60 1459 737 
2 75 60 
1 60 
2 60 1708 
1 60 
2 772 60 
1 60 
1 60 
3 60 1383 1642 
1 60 
2 1610 61 
1 61 
2 121 61 
1 61 
1 61 
1 61 
1 61 
3 61 288 2154 
1 61 
1 61 
1 61 
3 1886 61 1274 
1 61 
1 61 
2 61 1842 
1 61 
2 61 264 
1 61 
1 61 
3 61 1352 1787 
2 62 1002 
1 62 
1 62 
1 62 
2 913 62 
1 62 
1 62 
1 62 
1 62 
1 62 
3 627 1370 62 
1 62 
1 62 
1 62 
1 62 
2 62 327 
1 62 
2 63 169 
1 63 
2 63 712 
2 63 822 
2 63 365 
1 63 
1 63 
2 63 1440 
1 63 
2 63 1809 
1 63 
1 63 
2 1458 63 
3 1814 63 1847 
1 63 
2 63 2044 
1 63 
1 64 
1 64 
1 64 
1 64 
1 64 
1 64 
1 64 
1 64 
1 64 
1 64 
1 64 
1 64 
1 64 
2 64 614 
3 1583 64 1332 
1 64 
1 64 
1 65 
1 65 
2 65 1378 
2 65 920 
1 65 
1 65 
1 65 
2 65 106 
1 65 
1 65 
1 65 
2 991 65 
1 65 
1 65 
1 65 
1 65 
1 65 
1 65 
1 65 
3 1012 65 864 
1 66 
1 66 
2 66 820 
2 1433 66 
1 66 
1 66 
1 66 
1 66 
2 1015 66 
1 66 
2 66 2129 
1 66 
1 66 
2 66 965 
1 66 
1 66 
1 66 
1 66 
1 66 
2 66 503 
1 66 
3 66 2196 205 
2 1820 66 
1 66 
1 66 
2 1104 67 
1 67 
1 67 
3 1499 779 67 
1 67 
1 67 
2 497 67 
1 67 
1 67 
1 67 
1 67 
2 1733 67 
2 67 1388 
1 68 
1 68 
2 68 1961 
1 68 
2 1964 68 
2 1394 68 
2 697 68 
2 1149 68 
1 68 
1 68 
1 68 
1 68 
2 914 68 
1 68 
1 68 
1 69 
1 69 
1 69 
1 69 
2 69 564 
1 69 
1 69 
2 481 69 
1 69 
1 69 
1 69 
1 69 
2 2080 69 
1 69 
1 69 
2 929 69 
1 69 
1 69 
1 69 
1 69 
1 69 
1 70 
2 1979 70 
1 70 
2 726 70 
1 70 
1 70 
1 70 
1 70 
1 70 
1 70 
1 70 
1 70 
2 70 720 
2 70 1962 
2 415 70 
1 70 
1 71 
1 71 
2 1784 71 
2 2204 71 
2 101 71 
1 71 
1 71 
1 71 
1 71 
1 71 
1 71 
1 71 
2 1916 71 
2 71 1206 
1 71 
2 285 71 
2 71 428 
2 71 639 
1 71 
2 789 71 
2 2127 71 
1 71 
2 256 71 
2 493 71 
2 1579 72 
1 72 
1 72 
1 72 
3 1714 736 72 
1 72 
2 764 72 
2 973 72 
2 2213 72 
4 210 589 72 1157 
1 72 
1 72 
1 72 
1 72 
1 72 
1 72 
1 72 
1 72 
1 72 
1 72 
1 72 
1 72 
1 72 
1 73 
1 73 
1 73 
1 73 
2 1168 73 
4 1776 1659 1003 73 
2 177 73 
1 73 
1 73 
1 73 
1 73 
4 377 897 2224 73 
3 1211 83 73 
1 73 
1 73 
1 73 
2 673 73 
2 1136 73 
1 73 
1 73 
1 73 
1 73 
2 73 1266 
3 2185 959 74 
3 985 458 74 
1 74 
1 74 
2 856 74 
3 646 1272 74 
3 1566 1736 74 
1 74 
1 74 
2 2144 74 
1 74 
2 266 74 
1 74 
1 74 
1 74 
2 1734 74 
1 74 
2 493 74 
1 74 
1 74 
1 74 
1 74 
2 75 1109 
1 75 
2 75 2211 
3 75 1939 2114 
1 75 
3 1103 75 1899 
1 75 
2 75 201 
1 75 
1 75 
3 75 1615 93 
2 75 1718 
1 75 
1 75 
1 75 
1 75 
1 75 
1 75 
1 75 
1 76 
1 76 
1 76 
2 1232 76 
3 2136 76 1844 
1 76 
1 76 
2 76 1892 
1 76 
1 76 
2 76 1182 
2 76 2176 
2 76 800 
1 76 
1 76 
2 76 738 
1 76 
1 76 
2 77 2105 
2 1577 77 
2 1667 77 
1 77 
2 77 2079 
1 77 
1 77 
1 77 
1 77 
1 77 
3 77 1187 1937 
4 77 1128 2004 88 
2 77 1617 
2 77 1935 
2 647 77 
2 488 77 
1 77 
2 1106 77 
1 77 
1 77 
1 77 
1 77 
2 77 674 
1 77 
2 376 77 
2 323 77 
3 551 77 573 
1 78 
1 78 
2 78 1550 
1 78 
2 78 2246 
1 78 
1 78 
1 78 
1 78 
1 78 
2 1086 78 
1 78 
1 78 
1 78 
4 1968 2094 78 2104 
1 78 
1 79 
1 79 
2 79 2248 
4 702 79 1994 616 
1 79 
1 79 
2 79 1094 
1 79 
2 1257 79 
3 79 731 1080 
1 79 
1 79 
4 1858 79 368 905 
2 79 1708 
1 79 
1 79 
1 79 
2 79 404 
2 472 79 
1 79 
1 79 
1 80 
1 80 
1 80 
1 80 
1 80 
1 80 
1 80 
1 80 
1 80 
2 80 755 
1 80 
1 80 
3 80 105 1756 
1 80 
1 80 
1 81 
1 81 
1 81 
1 81 
1 81 
1 81 
1 81 
1 81 
3 2094 81 1565 
1 81 
1 81 
2 2062 82 
2 82 1916 
1 82 
1 82 
1 82 
1 82 
2 82 1587 
2 2019 82 
1 82 
2 82 296 
1 82 
1 82 
3 1477 82 167 
1 82 
1 82 
1 82 
1 82 
2 209 82 
1 82 
3 1862 82 384 
1 83 
2 1911 83 
2 1693 83 
1 83 
1 83 
1 83 
1 83 
2 83 1535 
2 1395 83 
1 83 
1 83 
1 83 
1 83 
1 83 
1 83 
1 83 
1 83 
2 1892 83 
2 84 217 
2 1449 84 
1 84 
2 1343 84 
1 84 
1 84 
1 84 
2 84 1206 
1 84 
1 84 
2 84 486 
2 84 1544 
1 84 
1 84 
1 84 
1 84 
1 84 
1 84 
1 84 
1 84 
3 1794 84 2238 
2 84 2290 
1 84 
1 84 
2 84 792 
1 84 
1 84 
1 84 
1 85 
1 85 
2 2163 85 
2 85 738 
3 2059 1970 85 
1 85 
2 1138 85 
1 85 
1 85 
2 85 1939 
1 85 
2 85 1421 
3 773 120 85 
2 1460 85 
1 85 
2 85 1896 
3 1012 85 796 
1 85 
1 85 
3 2203 85 229 
1 85 
2 85 265 
1 85 
2 85 311 
1 85 
1 86 
1 86 
1 86 
1 86 
1 86 
1 86 
1 86 
1 86 
2 2092 86 
1 86 
2 86 1849 
2 86 635 
1 86 
2 86 1136 
1 86 
1 86 
1 86 
1 86 
3 814 86 465 
1 86 
1 87 
1 87 
1 87 
1 87 
1 87 
1 87 
1 87 
2 1014 87 
1 87 
1 87 
2 1371 87 
1 87 
1 87 
1 87 
2 664 87 
1 87 
1 87 
1 87 
3 1450 971 88 
1 88 
2 1717 88 
1 88 
2 88 857 
2 452 88 
1 88 
2 1904 88 
2 88 1708 
1 88 
2 437 88 
1 88 
3 575 88 618 
1 88 
1 88 
1 88 
1 88 
2 88 741 
1 88 
1 88 
1 88 
1 88 
1 88 
1 89 
3 1803 2272 89 
1 89 
2 1560 89 
1 89 
1 89 
1 89 
1 89 
1 89 
1 89 
1 89 
2 89 264 
1 89 
1 89 
1 89 
1 89 
2 752 89 
2 1744 89 
5 1675 89 1504 1131 411 
1 89 
1 89 
1 89 
1 89 
2 90 204 
2 1347 90 
1 90 
1 90 
3 1669 772 90 
2 90 1422 
2 1057 90 
2 2165 90 
2 90 1938 
2 519 90 
1 90 
2 1752 90 
1 90 
1 90 
2 1772 90 
1 90 
1 91 
2 351 91 
1 91 
1 91 
2 91 1265 
3 826 91 1404 
1 91 
2 1395 91 
1 91 
2 669 91 
1 91 
2 665 91 
1 91 
1 92 
1 92 
2 1707 92 
1 92 
1 92 
1 92 
4 2222 1114 1894 92 
1 92 
2 2102 92 
2 92 566 
2 1724 92 
1 92 
1 92 
1 92 
2 92 1524 
2 92 1085 
1 93 
2 1951 93 
1 93 
2 1982 93 
1 93 
1 93 
1 93 
2 2139 93 
1 93 
1 93 
1 93 
1 93 
1 94 
1 94 
3 512 1727 94 
2 580 94 
1 94 
1 94 
3 786 1371 94 
1 94 
1 94 
1 94 
1 94 
2 957 94 
1 94 
1 94 
2 1321 94 
1 94 
1 94 
3 2239 1157 94 
1 94 
1 94 
1 94 
1 94 
1 94 
1 94 
2 95 1596 
1 95 
2 95 876 
1 95 
2 95 2143 
1 95 
1 95 
1 95 
2 95 548 
2 95 1691 
1 95 
1 95 
2 95 395 
1 95 
1 95 
5 95 2293 1971 2077 1184 
2 95 2193 
2 95 1084 
2 95 2206 
1 95 
2 96 1188 
1 96 
1 96 
1 96 
1 96 
2 1119 96 
2 96 1251 
1 96 
1 96 
1 96 
3 96 153 645 
2 96 513 
1 96 
1 96 
1 96 
1 96 
2 96 289 
1 96 
1 96 
1 96 
1 96 
1 96 
1 96 
1 97 
1 97 
1 97 
2 97 855 
1 97 
2 97 1152 
1 97 
3 97 1434 989 
2 591 97 
1 97 
2 97 1188 
1 97 
2 97 1639 
2 437 97 
2 97 1973 
1 97 
2 97 1912 
1 97 
2 97 2171 
2 97 426 
1 97 
3 98 991 1503 
1 98 
2 2265 98 
1 98 
2 98 1557 
1 98 
1 98 
2 98 331 
1 98 
3 98 993 1038 
1 98 
1 98 
1 98 
2 98 404 
1 98 
1 98 
1 98 
1 98 
1 98 
2 98 314 
1 98 
3 2185 98 565 
1 99 
1 99 
1 99 
1 99 
2 99 368 
1 99 
2 99 1149 
2 99 902 
2 237 99 
1 99 
1 99 
1 99 
4 99 1437 558 1575 
1 99 
2 99 1748 
1 99 
2 99 1619 
2 99 1101 
1 99 
2 99 1416 
1 99 
1 99 
1 99 
1 100 
2 1674 100 
1 100 
1 100 
1 100 
2 100 282 
2 100 899 
2 100 1088 
3 1559 100 750 
2 100 1853 
1 100 
1 100 
1 100 
3 100 1539 1331 
1 100 
1 100 
1 100 
1 100 
1 101 
1 101 
2 156 101 
1 101 
1 101 
1 101 
1 101 
1 101 
1 101 
1 101 
1 101 
1 101 
1 101 
1 101 
2 101 1461 
1 101 
2 101 1458 
2 101 1721 
3 1414 101 1613 
1 101 
1 101 
2 101 163 
1 101 
1 102 
1 102 
1 102 
1 102 
1 102 
1 102 
1 102 
2 1759 102 
1 102 
1 102 
1 102 
1 102 
1 102 
2 102 2043 
1 102 
1 102 
1 102 
2 1269 102 
2 102 1316 
1 102 
2 1271 103 
1 103 
1 103 
1 103 
2 103 1489 
1 103 
2 1608 103 
2 103 1809 
1 103 
2 103 1851 
1 103 
1 103 
1 103 
1 103 
1 103 
2 1304 103 
1 103 
1 103 
2 1761 103 
1 103 
3 2185 153 103 
1 103 
2 319 103 
2 103 105 
1 103 
2 104 296 
1 104 
2 104 462 
2 104 700 
2 2093 104 
2 1494 104 
1 104 
1 104 
2 2220 104 
2 104 614 
1 104 
1 104 
2 2298 104 
1 104 
1 104 
2 1459 104 
1 104 
1 104 
1 104 
1 104 
1 104 
1 104 
2 517 104 
1 104 
1 104 
1 104 
2 104 700 
2 105 315 
1 105 
1 105 
3 730 1545 105 
1 105 
1 105 
1 105 
1 105 
1 105 
1 105 
2 105 2177 
1 105 
1 105 
1 105 
1 105 
2 105 108 
1 105 
1 105 
1 105 
2 574 105 
2 594 105 
1 106 
2 106 296 
2 106 900 
1 106 
1 106 
1 106 
3 2071 106 1957 
2 106 1190 
1 106 
1 106 
1 106 
1 106 
1 106 
1 106 
2 1049 106 
1 106 
1 106 
1 106 
2 851 106 
1 107 
1 107 
2 1123 107 
2 1608 107 
1 107 
2 1013 107 
2 1538 107 
2 732 107 
4 689 195 107 2212 
1 107 
1 107 
1 107 
1 107 
2 557 107 
1 108 
3 2043 2147 108 
1 108 
2 888 108 
2 108 2112 
1 108 
1 108 
2 108 1809 
1 108 
2 1452 108 
2 1294 108 
1 108 
1 108 
1 108 
2 685 108 
1 108 
1 108 
1 108 
1 108 
1 108 
1 108 
1 109 
2 1637 109 
2 1993 109 
3 1535 109 1489 
2 109 464 
2 109 521 
1 109 
1 109 
1 109 
1 109 
1 109 
2 1750 109 
1 109 
2 109 1489 
2 1448 109 
1 109 
1 109 
1 109 
1 109 
1 109 
2 109 1081 
3 2074 109 768 
3 225 109 465 
3 1414 2227 109 
2 109 372 
1 109 
2 971 110 
1 110 
2 932 110 
1 110 
1 110 
1 110 
1 110 
3 2254 110 2260 
1 110 
1 110 
2 110 1339 
1 110 
2 1239 110 
1 110 
1 110 
1 110 
1 110 
1 110 
1 111 
2 1434 111 
1 111 
1 111 
2 1765 111 
1 111 
1 111 
2 757 111 
2 1798 111 
2 1398 111 
1 111 
1 111 
3 2071 1033 111 
1 111 
1 111 
1 111 
1 111 
2 927 111 
1 111 
2 1145 111 
1 112 
2 1097 112 
1 112 
1 112 
1 112 
1 112 
1 112 
1 112 
3 1606 1079 112 
1 112 
2 1720 112 
2 815 112 
1 112 
1 112 
2 650 112 
1 112 
2 112 1855 
1 112 
1 112 
1 112 
2 913 112 
3 1441 942 112 
3 2026 112 662 
2 1103 112 
1 112 
1 112 
1 112 
1 112 
1 113 
1 113 
4 1389 1984 113 1879 
1 113 
1 113 
1 113 
1 113 
1 113 
1 113 
1 113 
2 1810 113 
1 113 
1 113 
3 2255 113 1250 
2 473 113 
1 113 
1 113 
1 113 
1 113 
1 114 
2 1623 114 
2 1322 114 
2 114 149 
4 237 114 1812 2264 
1 114 
1 114 
1 114 
1 114 
2 1413 114 
3 2064 455 114 
2 1351 114 
1 114 
2 282 114 
1 114 
1 115 
2 115 536 
1 115 
2 115 1997 
1 115 
2 115 1748 
1 115 
2 115 1377 
3 115 952 1083 
1 115 
2 115 2114 
1 115 
2 115 726 
3 115 254 409 
2 115 248 
1 115 
1 115 
1 115 
1 115 
1 115 
1 115 
2 115 1596 
3 116 1787 406 
1 116 
1 116 
1 116 
2 116 212 
1 116 
2 116 347 
2 116 1479 
1 116 
3 116 1493 1057 
2 116 313 
1 116 
1 116 
1 116 
1 116 
2 116 2124 
2 116 2196 
1 116 
1 116 
1 116 
1 116 
2 116 2124 
2 116 854 
1 116 
1 116 
2 116 2206 
2 1860 117 
2 117 2272 
1 117 
1 117 
1 117 
1 117 
1 117 
3 1691 2266 117 
1 117 
1 117 
1 117 
1 117 
1 117 
1 117 
1 117 
1 118 
1 118 
1 118 
1 118 
1 118 
1 118 
1 118 
1 118 
1 118 
1 118 
2 118 1597 
1 118 
1 118 
2 119 1809 
1 119 
1 119 
1 119 
1 119 
3 119 2001 798 
1 119 
2 119 300 
