22 2 3 4 5 6 7 8 9 10 11 12 13 14 15 16 17 18 19 20 21 22 23 
19 24 25 26 27 28 29 30 31 32 33 34 35 36 37 38 39 40 41 1 
20 42 43 44 45 46 47 48 49 50 51 52 53 54 55 56 57 58 59 60 1 
20 61 62 63 64 65 66 67 68 69 70 71 72 73 74 75 76 77 78 79 1 
23 80 81 82 83 84 85 86 87 88 89 90 91 92 93 94 95 96 97 98 99 100 101 1 
22 102 103 104 105 106 107 108 109 110 111 112 113 114 115 116 117 118 119 120 121 122 1 
18 123 124 125 126 127 128 129 130 131 132 133 134 135 136 137 138 139 1 
24 140 141 142 143 144 145 146 147 148 149 150 151 152 153 154 155 156 157 158 159 160 161 162 1 
14 163 164 165 166 167 168 169 170 171 172 173 174 1 175 
21 176 177 178 179 180 181 182 183 184 185 186 187 188 189 190 191 192 193 194 195 1 
20 196 197 198 199 200 201 202 203 204 205 206 207 208 209 210 211 212 213 214 1 
19 215 216 217 218 219 220 221 222 223 224 225 226 227 228 229 230 231 232 1 
19 233 234 235 236 237 238 239 240 241 242 243 244 245 246 247 248 249 250 1 
18 251 252 253 254 255 256 257 258 259 260 261 262 263 264 265 266 267 1 
20 268 269 270 271 272 273 274 275 276 277 278 279 280 281 282 283 284 285 286 1 
27 287 288 289 290 291 292 293 294 295 296 297 298 299 300 301 302 303 304 305 306 307 308 309 310 311 312 1 
17 313 314 315 316 317 318 319 320 321 322 323 324 325 326 327 328 1 
21 329 330 331 332 333 334 335 336 337 338 339 340 341 342 343 344 345 346 347 1 348 
27 349 350 351 352 353 354 355 356 357 358 359 360 361 362 363 364 365 366 367 368 369 370 371 372 373 374 1 
19 375 376 377 378 379 380 381 382 383 384 385 386 387 388 389 390 391 392 1 
17 393 394 395 396 397 398 399 400 401 402 403 404 405 406 407 408 1 
18 409 410 411 412 413 414 415 416 417 418 419 420 421 422 423 424 425 1 
17 426 427 428 429 430 431 432 433 434 435 436 437 438 439 440 441 1 
17 2 442 443 444 445 446 447 448 449 450 451 452 453 454 455 456 457 
28 2 458 459 460 461 462 463 464 465 466 467 468 469 470 471 472 473 474 475 476 477 478 479 480 481 482 483 484 
20 2 485 486 487 488 489 490 491 492 493 494 495 496 497 498 499 500 501 502 503 
22 2 504 505 506 507 508 509 510 511 512 513 87 514 515 516 517 518 519 520 521 522 523 
19 2 524 525 526 527 528 529 530 531 532 533 534 535 536 537 538 539 540 541 
20 2 542 543 544 545 546 547 548 549 550 551 552 553 554 555 556 557 558 559 560 
23 2 561 562 563 564 565 566 567 568 569 570 571 572 573 574 575 576 577 578 579 580 581 582 
23 583 2 584 585 586 587 588 589 590 591 592 593 594 595 596 597 598 599 600 601 602 603 604 
24 605 2 606 607 608 609 610 611 612 613 614 615 616 617 618 619 620 621 622 623 624 625 626 627 
16 628 2 629 630 631 632 633 634 635 636 637 638 639 640 641 642 
25 2 643 644 645 646 647 648 649 650 651 652 653 654 655 656 657 658 659 660 661 662 663 664 665 666 
13 2 667 668 669 670 671 672 673 674 675 676 677 678 
17 2 679 680 681 682 683 684 685 686 687 688 689 690 691 692 693 694 
15 695 2 409 696 697 698 699 700 701 702 703 704 705 706 707 
22 2 708 709 710 711 712 713 614 714 715 716 717 718 719 720 721 722 723 724 725 726 727 
23 728 2 729 730 731 732 733 734 735 736 737 738 739 740 741 742 743 744 745 746 747 748 749 
19 750 2 751 752 753 754 755 756 757 758 759 760 761 762 763 764 765 766 767 
27 2 768 769 770 771 772 773 774 775 776 777 778 779 780 781 782 783 784 785 786 787 536 788 789 790 791 792 
21 3 793 794 795 796 797 798 799 800 801 802 803 804 805 806 807 808 809 810 811 812 
16 813 3 814 815 816 817 818 819 820 821 822 823 824 825 826 827 
17 3 828 829 830 831 832 833 834 835 836 837 838 839 840 841 842 843 
30 3 844 845 846 847 848 849 850 851 852 853 854 855 856 857 858 859 860 861 862 863 864 865 866 867 868 869 870 871 872 
14 3 873 874 875 876 877 878 879 880 881 882 883 884 885 
20 886 3 887 888 889 890 891 892 893 894 895 896 897 898 899 900 901 902 903 904 
17 3 905 906 907 908 909 910 911 912 913 914 915 916 917 918 919 920 
23 921 3 922 923 924 925 926 927 928 929 930 931 932 933 934 935 936 937 938 939 940 941 942 
18 3 943 944 945 946 947 948 949 950 951 952 953 954 955 956 957 958 959 
22 960 3 961 962 963 964 965 966 967 968 969 970 971 972 973 974 975 976 977 978 979 980 
18 981 982 3 983 984 985 986 987 988 989 990 991 992 993 994 995 996 997 
18 3 998 999 1000 1001 1002 1003 1004 1005 1006 1007 1008 1009 1010 1011 500 1012 1013 
19 3 1014 1015 1016 1017 1018 1019 1020 1021 1022 1023 1024 1025 1026 1027 1028 1029 1030 1031 
27 1032 3 1033 1034 1035 1036 1037 1038 1039 1040 1041 1042 1043 1044 1045 1046 1047 1048 1049 1050 1051 1052 1053 1054 1055 1056 1057 
22 3 1058 1059 1060 1061 1062 1063 1064 1065 1066 1067 1068 1069 1070 1071 1072 1073 1074 1075 1076 1077 1078 
17 1079 3 1080 1081 1082 1083 1084 1085 1086 1087 1088 1089 1090 1091 1092 1093 1094 
18 3 1095 1096 1097 1098 1099 1100 1101 1102 1103 1104 1105 1106 1107 1108 1109 1110 1111 
17 3 1112 1113 1114 1115 1116 1117 1118 1119 1120 1121 1122 1123 1124 1125 1126 1127 
10 3 1128 1129 1130 1131 1132 1133 1134 1135 1136 
21 1137 1138 4 1139 1140 1141 1142 1143 1144 1145 1146 1147 1148 1149 1150 1151 1152 1153 1154 1155 1156 
14 1157 1158 4 1159 1160 1161 1162 1163 1164 1165 1166 1167 1168 1169 
23 4 1170 1171 1172 1173 1174 1175 1176 1177 1178 1179 1180 1181 1182 1183 1184 1185 1186 1187 1188 1189 1190 1191 
17 1192 1193 4 1194 1195 1196 1197 1198 1199 1200 1201 1202 1203 1204 1205 1206 1207 
25 1208 4 1209 1210 1211 1212 1213 1214 1215 1216 1217 1218 1219 1220 1221 1222 1223 1224 1225 1226 1227 1228 1229 1230 1231 
24 1232 1233 4 1234 1235 1236 1237 1238 1239 1240 1241 1242 1243 1244 1245 1246 1247 1248 1249 1250 1251 1252 1253 1254 
19 1255 1256 4 1257 1258 1259 1260 1261 1262 1263 1264 1265 1266 1267 1268 1269 1270 1271 1272 
27 1273 1274 4 1275 1276 1277 1278 1279 1280 1281 1282 1283 1284 1285 1286 1287 1288 1289 1290 1291 1292 1293 1294 1295 1296 1297 1298 
17 1299 4 1300 1301 1302 1303 1304 1305 1306 1307 1308 1309 1310 1311 1312 1313 1314 
15 4 1315 1316 200 1317 1318 1319 1320 1321 1322 1323 1324 1325 1326 1327 
22 1328 1329 4 1330 1331 1332 1333 1334 1335 1336 1337 1338 1339 1340 1341 1342 1343 1344 1345 1346 1347 1348 
26 1349 4 1350 1351 1352 1353 1354 1355 1356 1357 1358 1359 1360 1361 1362 1363 1364 1365 1366 1367 1368 1369 1370 1371 1372 1373 
21 1374 1375 1376 4 1377 1378 1379 1380 1381 1382 1383 1384 1385 1386 1387 1388 1389 1390 1391 1392 1393 
32 1394 1395 4 1396 1397 1398 1399 1400 1401 1402 1403 1404 1405 1406 1407 1408 1409 1410 1411 1412 1413 1414 1415 1416 1417 1418 1419 1420 1421 1422 1423 1424 
16 4 1425 1426 1427 1428 1429 1430 1431 1432 1433 1434 1435 1436 1437 1438 1439 
18 1440 4 1441 1442 1443 1444 1445 1446 1447 1448 1449 1450 1451 1452 1453 1454 1455 312 
24 1456 1457 1458 4 1459 1460 1461 1462 1463 1464 1465 1466 1467 1468 1469 1470 1471 1472 1473 1474 1475 1476 1477 1478 
20 1479 1480 4 1481 1482 1483 1484 1485 1486 1487 1488 1489 1490 1491 1492 1296 1493 1494 1495 1496 
23 1497 4 1498 1499 1500 1501 1502 1503 1504 1505 1506 1507 1508 1509 1510 1511 1512 1513 1514 1515 1516 1517 1518 
20 1519 1520 1521 5 1522 1523 1524 1525 1526 1527 1528 1529 1530 1531 1532 1533 1534 1535 1536 1537 
25 1538 1539 1540 5 289 1541 1542 1543 1544 1545 1546 1547 1548 1355 1549 1550 1551 1552 1553 1554 1555 1556 1557 1558 1559 
28 1560 1561 1562 5 1563 1564 1565 1566 1567 1568 1569 1570 1571 1572 1573 1574 1575 1576 1577 1578 1579 1580 1581 1582 1583 1584 1585 1586 
19 1587 5 1588 1589 1590 1591 1592 1593 1594 1595 1596 1597 1598 1599 1600 1601 1602 1603 1604 
23 1605 5 1606 1607 1608 1609 1610 1611 1612 1613 1614 1615 1616 1617 1618 1619 1620 1621 1622 1623 1624 1625 1626 
28 1627 5 1628 1629 1630 1631 1632 1633 1634 1635 1636 1637 166 1638 1639 1640 1641 1642 1643 1644 1645 1646 1647 1648 1649 1650 1651 1652 
21 1653 5 1654 1655 1656 1657 1658 1659 1660 1661 1662 1663 1664 1665 1666 1667 1668 1669 1670 1671 1672 
22 5 1673 1674 1675 1676 1677 1678 1679 1680 1681 1682 1683 27 1684 1685 1686 1687 1688 1689 1690 1691 1692 
21 1693 5 1694 1695 1696 492 1697 1698 1699 1700 1701 1702 1703 1704 1705 1706 1707 1708 1709 1710 1711 
20 5 1712 1713 1714 1715 1716 971 1717 1718 1719 1720 1721 1722 1723 1724 1725 1726 1727 1728 1729 
20 1730 1731 5 1732 1733 1734 1735 1736 1737 1738 1739 1740 1741 1742 301 1743 1744 1745 1746 1747 
16 1748 5 1749 1750 1751 1752 1753 1754 1755 1756 1757 1758 1759 1760 1761 1762 
19 5 1763 1764 1765 1766 1767 1768 1769 1770 1771 1772 1773 1774 1775 1776 1777 1778 1779 1780 
35 5 1781 1782 1783 1784 1785 1786 1787 1788 1789 1790 1791 1792 1793 1794 1795 880 1796 1797 1798 1413 1799 1800 1801 1802 1803 1804 1805 1806 1807 1808 1809 1810 1811 1812 
25 1813 1814 1815 5 1816 1817 1818 1819 1820 1821 1822 1823 1824 1825 1826 1827 1828 1829 1830 1831 1832 1833 1834 1835 1836 
22 1837 1838 5 1839 1840 1841 1842 1843 1844 1845 1846 1847 1848 1849 1850 1851 1852 1853 1854 1855 1856 1857 
21 1858 1859 1860 5 1861 1862 1863 1864 1865 1866 1867 1868 1869 1870 1871 1872 1873 1874 1875 1876 1877 
31 1878 1879 5 1880 1881 1882 1883 1884 1885 1886 1887 1888 1889 1890 1891 1892 1893 1894 1895 1896 1897 1898 1899 1900 1901 1902 1903 1904 1905 1906 1907 
26 5 462 1908 1909 1910 1911 1912 1913 1914 1915 1916 1917 1918 1919 1920 1921 1922 1923 1924 1925 1926 1927 1928 1929 1930 1931 
22 1932 1933 1934 1935 1936 5 1937 1938 1939 1940 1941 1942 1943 1944 1945 1946 1947 1948 1949 1950 1951 1952 
16 1953 5 1954 1955 1956 1957 1958 1959 1960 1961 1962 1963 1964 1965 1966 1967 
27 1968 1969 5 1970 1971 1972 1973 1974 1975 1976 1977 1978 1979 1980 1981 1982 1983 1984 1985 1986 1987 1988 1989 1990 1991 1992 373 
22 1993 1994 1995 6 1996 1997 1998 1999 2000 2001 2002 2003 2004 2005 2006 2007 2008 2009 2010 2011 2012 2013 
17 2014 6 1398 2015 2016 2017 2018 2019 2020 2021 2022 2023 2024 2025 2026 2027 2028 
20 6 2029 2030 2031 2032 2033 2034 2035 2036 2037 2038 2039 2040 2041 2042 2043 2044 2045 2046 2047 
26 2048 2049 197 2050 6 2051 2052 2053 2054 2055 2056 2057 2058 2059 2060 2061 2062 2063 2064 2065 2066 2067 2068 2069 2070 2071 
18 2072 2073 2074 6 2075 144 2076 2077 2078 2079 2080 2081 2082 2083 2084 2085 1584 2086 
25 2087 2088 2089 2090 2091 6 2092 2093 2094 2095 2096 2097 2098 2099 2100 2101 2102 2103 2104 2105 2106 2107 2108 2109 2110 
19 2111 2112 6 2113 2114 2115 2116 2117 2118 2119 2120 2121 2122 2123 2124 2125 2126 2127 2128 
21 2129 2130 2131 2132 6 2133 270 2134 2135 2136 2137 2138 2139 2140 2141 2142 2143 2144 2145 2146 2147 
18 2148 2149 2150 6 2151 2152 2153 2154 2155 2156 2157 2158 2159 2160 2161 2162 2163 2164 
27 2165 2166 6 2167 2168 2169 2170 2171 2172 2173 2174 2175 2176 2177 2178 2179 2180 2181 2182 2183 2184 2185 2186 2187 2188 2189 2190 
25 2191 2192 2193 6 2194 2195 2196 2197 2198 2199 2200 2201 2202 2203 2204 2205 2206 2207 2208 2209 2210 2211 2212 2213 2214 
17 2215 2216 6 2217 2218 2219 2220 2221 2222 2223 2224 2225 2226 2227 2228 2229 2230 
22 6 2231 2232 2233 2234 2235 2236 2237 2238 2239 2240 2241 2242 2243 2244 2245 2246 2247 2248 2249 2250 2251 
15 2252 2253 6 2254 2255 2256 2257 2258 2259 2260 2261 2262 2263 2264 2265 
16 2266 2267 2268 2269 6 2270 2271 2272 2273 2274 2275 2276 2277 2278 2279 2280 
25 2281 2282 6 2283 2284 2285 2286 2287 2288 2289 2290 2291 2292 2293 2294 2295 2296 2297 2298 2299 2300 2301 1313 2302 2303 
28 2304 2305 6 2306 2307 2308 2309 2310 2311 2312 2313 2314 2315 2316 2317 2318 2319 2320 2321 2322 2323 2324 2325 2326 1807 2327 2328 2329 
30 2330 2331 6 2332 2333 2334 2335 2336 2337 2338 2339 2243 2340 2341 2342 2343 2344 2345 2346 2347 2348 2349 2350 2351 2352 1757 2353 2354 2355 2356 
21 2357 2358 2359 6 2360 2361 2362 2363 2364 2365 2366 2367 2368 2369 2370 2371 2372 2373 2374 2375 2376 
15 2377 6 2378 2379 2380 2381 2382 2383 2384 2385 2386 2387 2388 2389 2390 
22 2391 2392 2393 2394 2395 6 2396 2397 2398 2399 2400 2401 1178 2402 2403 2404 2405 2406 2407 2408 2409 2410 
13 2411 2412 7 2413 2414 2415 2416 2417 2418 2419 2420 2421 2422 
20 2423 7 2424 2425 2426 2427 2428 2429 2430 2431 2432 2433 2434 2435 2436 2437 2438 2439 2440 2441 
23 2442 2443 7 2444 2445 2446 2447 2448 2449 2450 2451 2452 2453 2454 2455 2456 2457 2458 2459 2460 2461 2462 2463 
23 2464 2465 2466 2467 7 2468 2469 1818 2470 2471 2472 2473 2474 2475 2476 2477 2478 2479 2480 2481 2482 2483 2484 
30 2485 2486 2487 7 2488 2489 2490 2491 2492 2493 2494 2495 2496 2497 2498 2499 2500 2501 2502 2503 2504 2505 2506 2507 2508 2509 2510 2511 2512 2513 
23 2514 2515 2516 1426 7 2517 2518 2519 2520 2521 2522 2523 2524 435 2525 2526 2527 2528 2529 2530 2531 2532 2533 
16 2534 7 2535 2536 2537 2538 2539 2540 2541 2542 2543 2544 2545 2546 2547 2548 
20 2549 2550 2551 7 1677 2552 1662 2553 2554 2555 2556 2557 2558 1391 2559 2560 2561 2562 2563 2564 
17 2565 2566 2567 7 2568 2569 2570 2571 2572 2573 2574 2575 2576 2577 2578 2579 2580 
21 2581 2582 7 2583 2584 2585 2586 2587 2588 2589 2590 2591 2592 2593 2594 2595 2596 2597 2598 2599 2600 
1 7 
1 7 
1 7 
1 7 
2 728 7 
2 7 966 
1 7 
1 8 
1 8 
1 8 
1 8 
2 8 106 
4 8 1333 1717 214 
1 8 
1 8 
1 8 
2 8 676 
1 8 
2 8 2409 
2 8 1507 
1 8 
2 8 1755 
1 8 
1 8 
3 828 8 1073 
1 8 
2 8 1420 
1 8 
2 8 1869 
1 8 
2 9 2286 
2 1232 9 
2 9 1832 
2 9 85 
1 9 
3 9 1385 1111 
1 9 
1 9 
2 925 9 
1 9 
1 9 
2 9 242 
1 9 
1 10 
2 10 261 
1 10 
1 10 
1 10 
1 10 
1 10 
1 10 
2 10 261 
2 10 2159 
1 10 
3 2053 10 877 
1 10 
3 10 2434 2007 
2 2568 10 
3 10 1999 2526 
2 10 1576 
1 10 
1 10 
3 10 1718 2459 
1 11 
2 105 11 
1 11 
4 11 2295 1617 371 
2 11 70 
1 11 
1 11 
1 11 
1 11 
1 11 
1 11 
2 11 1477 
1 11 
2 11 2478 
1 11 
2 11 724 
2 11 451 
1 11 
2 145 11 
2 754 12 
1 12 
2 1973 12 
2 1561 12 
1 12 
1 12 
1 12 
1 12 
1 12 
3 566 12 1163 
1 12 
1 12 
2 2359 12 
1 12 
1 12 
1 12 
1 12 
2 413 12 
3 1162 13 2100 
1 13 
1 13 
1 13 
1 13 
1 13 
2 1195 13 
1 13 
1 13 
2 13 174 
2 13 854 
2 13 2229 
1 13 
1 13 
1 13 
1 13 
1 13 
1 13 
1 14 
2 14 2299 
2 696 14 
1 14 
1 14 
2 14 1496 
1 14 
1 14 
1 14 
1 14 
3 177 184 14 
1 14 
1 14 
1 14 
1 14 
3 2448 14 2522 
1 14 
4 563 2569 1119 15 
4 15 1890 1721 1421 
3 15 109 972 
1 15 
1 15 
2 1940 15 
1 15 
1 15 
1 15 
1 15 
1 15 
1 15 
2 1405 15 
4 1769 15 991 500 
2 15 1599 
1 15 
1 15 
3 1302 15 2385 
2 1865 15 
2 16 2206 
4 605 16 1132 992 
2 81 16 
3 1209 16 1246 
2 428 16 
1 16 
2 1208 16 
1 16 
2 1113 16 
1 16 
1 16 
2 16 1870 
3 504 16 1672 
2 16 1454 
2 16 90 
1 16 
3 1683 16 1370 
1 16 
3 2496 16 407 
1 16 
1 16 
1 16 
1 16 
3 1520 490 16 
2 2050 16 
3 16 2063 76 
2 17 2009 
1 17 
2 1994 17 
1 17 
1 17 
1 17 
1 17 
2 17 1296 
1 17 
2 432 17 
2 17 823 
2 1398 17 
1 17 
1 17 
4 813 874 17 902 
2 17 2579 
2 618 18 
1 18 
2 695 18 
2 462 18 
1 18 
1 18 
2 18 2562 
2 18 1477 
1 18 
1 18 
1 18 
2 2419 18 
1 18 
1 18 
1 18 
1 18 
2 2134 18 
1 18 
1 18 
2 18 1031 
1 19 
2 19 1345 
2 1770 19 
1 19 
2 847 19 
1 19 
1 19 
1 19 
1 19 
1 19 
1 19 
3 1551 19 901 
1 19 
1 19 
1 19 
1 19 
1 19 
2 888 19 
1 19 
3 1138 1771 19 
1 19 
1 19 
2 199 19 
1 19 
3 2286 19 101 
1 19 
1 20 
1 20 
1 20 
1 20 
1 20 
1 20 
1 20 
1 20 
1 20 
1 20 
2 20 2300 
1 20 
2 20 1269 
2 1071 20 
1 20 
1 20 
1 20 
1 20 
1 21 
1 21 
1 21 
1 21 
2 2391 21 
2 21 789 
1 21 
1 21 
1 21 
1 21 
1 21 
1 21 
2 1323 21 
1 21 
2 305 21 
1 21 
2 37 22 
1 22 
2 1722 22 
2 2391 22 
3 790 232 22 
1 22 
1 22 
2 2097 22 
1 22 
3 1954 22 666 
1 22 
1 22 
1 22 
1 22 
1 22 
1 22 
1 22 
2 2052 23 
4 1741 659 2010 23 
2 291 23 
1 23 
1 23 
1 23 
2 322 23 
1 23 
1 23 
3 128 1747 23 
3 2282 2533 23 
1 23 
1 23 
2 1273 23 
1 23 
2 1301 23 
1 24 
1 24 
2 24 1571 
3 24 2056 785 
1 24 
1 24 
2 24 1941 
1 24 
1 24 
2 24 212 
2 24 1127 
1 24 
2 24 2185 
2 24 1447 
1 24 
1 24 
2 1192 25 
1 25 
1 25 
1 25 
3 332 25 98 
1 25 
2 1398 25 
2 25 856 
1 25 
1 25 
1 25 
1 25 
1 25 
1 25 
2 25 1219 
2 25 1986 
1 25 
2 1112 25 
2 25 2459 
2 25 989 
1 25 
3 25 2378 688 
1 25 
1 25 
3 25 1891 598 
2 25 1046 
2 1954 25 
1 26 
2 26 1342 
1 26 
1 26 
1 26 
3 26 642 310 
2 1173 26 
3 2191 26 88 
2 26 616 
1 26 
4 1115 592 26 834 
1 26 
1 26 
1 26 
1 26 
3 26 53 281 
2 26 1093 
1 26 
2 26 1144 
3 27 299 1370 
3 2234 27 2208 
2 27 1583 
1 27 
1 27 
1 27 
3 27 2574 1744 
3 2258 27 974 
2 1635 27 
1 27 
2 945 27 
1 27 
1 27 
1 27 
1 27 
3 27 971 2225 
1 27 
1 27 
1 27 
1 27 
1 28 
2 28 1244 
1 28 
1 28 
3 1864 28 1690 
1 28 
2 28 559 
2 28 821 
1 28 
1 28 
1 28 
1 28 
2 28 41 
1 28 
1 28 
2 28 1151 
4 1157 1736 28 2250 
1 28 
1 29 
1 29 
2 29 550 
1 29 
1 29 
1 29 
1 29 
1 29 
3 2032 544 29 
1 29 
1 29 
1 29 
3 1933 1664 29 
1 29 
1 29 
1 29 
1 29 
3 530 29 1718 
2 1867 29 
1 30 
1 30 
4 268 1817 30 807 
1 30 
1 30 
3 2077 224 30 
1 30 
2 1398 30 
1 30 
1 30 
1 30 
2 1037 30 
2 30 1182 
1 30 
1 30 
1 30 
2 30 1289 
1 30 
2 30 2435 
1 30 
1 30 
1 30 
2 1278 31 
1 31 
1 31 
1 31 
1 31 
2 1819 31 
1 31 
2 31 2562 
2 1046 31 
2 495 31 
3 2446 1614 31 
2 1974 31 
1 31 
2 31 974 
2 731 31 
2 31 482 
2 31 1311 
1 31 
2 1213 31 
1 31 
1 31 
2 31 1723 
3 288 32 2599 
2 32 1758 
2 32 1266 
1 32 
1 32 
1 32 
1 32 
2 795 32 
1 32 
2 32 38 
1 32 
3 493 32 2300 
2 1130 32 
3 329 1484 32 
2 2149 32 
3 835 1009 32 
1 32 
2 1799 32 
1 32 
1 32 
1 32 
1 32 
1 32 
2 632 33 
2 1289 33 
1 33 
1 33 
2 628 33 
1 33 
1 33 
1 33 
1 33 
1 33 
2 1361 33 
1 33 
2 2175 33 
1 33 
2 490 33 
1 34 
1 34 
1 34 
1 34 
1 34 
1 34 
1 34 
3 983 2292 34 
1 34 
1 34 
2 2295 34 
1 34 
1 34 
2 2485 34 
1 34 
2 1063 34 
2 427 34 
1 34 
1 34 
1 34 
1 34 
3 1599 34 2356 
1 34 
2 418 34 
2 1160 35 
1 35 
2 1627 35 
2 2057 35 
1 35 
1 35 
2 1606 35 
1 35 
1 35 
2 149 35 
2 35 1012 
1 35 
1 36 
1 36 
1 36 
1 36 
1 36 
2 1597 36 
2 36 903 
1 36 
1 36 
2 36 479 
1 36 
1 36 
1 36 
2 1771 36 
1 36 
1 36 
2 331 37 
2 253 37 
2 2586 37 
2 2350 37 
1 37 
1 37 
1 37 
2 1649 37 
2 1994 37 
1 37 
3 1588 1575 37 
1 37 
1 37 
1 38 
2 2236 38 
1 38 
2 1801 38 
1 38 
1 38 
2 2535 38 
1 38 
2 945 38 
1 38 
1 38 
2 2529 38 
2 2268 38 
1 38 
1 38 
1 38 
3 2521 211 38 
1 38 
3 1330 2078 38 
1 38 
2 137 39 
1 39 
1 39 
3 2155 597 39 
2 1577 39 
1 39 
2 1160 39 
1 39 
3 2294 939 39 
2 1364 39 
1 39 
1 39 
1 39 
2 781 39 
1 39 
1 39 
1 39 
1 39 
2 2395 39 
1 39 
1 39 
2 900 39 
2 1739 40 
1 40 
1 40 
2 1108 40 
3 215 2285 40 
1 40 
1 40 
1 40 
2 1002 40 
1 40 
1 40 
1 40 
1 40 
2 2109 40 
1 40 
1 40 
1 40 
1 40 
1 41 
1 41 
2 41 1810 
1 41 
1 41 
1 41 
1 41 
1 41 
1 41 
1 41 
2 1220 41 
2 1880 41 
1 41 
3 741 1072 41 
1 41 
1 41 
1 41 
3 445 1725 41 
1 41 
1 41 
1 41 
2 398 41 
2 413 41 
1 41 
1 41 
1 42 
2 42 1168 
2 42 612 
1 42 
1 42 
1 42 
1 42 
1 42 
1 42 
1 42 
1 42 
1 42 
1 42 
1 42 
4 42 563 1409 1418 
1 42 
3 42 991 2109 
1 42 
1 42 
1 42 
2 43 327 
1 43 
1 43 
2 43 1589 
1 43 
1 43 
2 43 2238 
1 43 
2 43 531 
1 43 
2 43 323 
1 43 
1 43 
1 43 
1 43 
2 44 157 
1 44 
1 44 
2 44 957 
1 44 
3 44 2262 1478 
2 44 495 
2 44 620 
1 44 
1 44 
1 44 
1 44 
2 44 1717 
2 44 2429 
2 44 1613 
1 44 
2 2581 45 
1 45 
1 45 
3 45 353 2101 
1 45 
1 45 
1 45 
1 45 
1 45 
1 45 
2 45 243 
1 45 
4 45 465 1355 1003 
1 45 
2 45 2484 
1 45 
1 45 
1 45 
1 45 
2 45 1873 
1 45 
1 45 
2 1542 45 
1 45 
2 2074 45 
1 45 
1 45 
1 45 
1 45 
2 2333 46 
2 46 327 
1 46 
1 46 
2 46 187 
1 46 
1 46 
3 46 1001 93 
1 46 
1 46 
1 46 
1 46 
2 46 1218 
3 47 2338 2433 
1 47 
3 47 1116 366 
1 47 
1 47 
3 1479 1589 47 
1 47 
2 47 1506 
1 47 
2 47 2512 
1 47 
2 47 1528 
3 47 1110 1728 
2 2052 47 
2 47 749 
2 47 360 
2 47 327 
2 47 685 
2 47 1051 
1 48 
1 48 
3 2088 48 2171 
2 48 1683 
1 48 
2 2336 48 
1 48 
1 48 
1 48 
3 48 1570 992 
2 48 2578 
1 48 
2 48 1557 
1 48 
2 48 1185 
1 48 
1 49 
2 49 2478 
1 49 
1 49 
3 1840 49 171 
2 49 1056 
2 49 1291 
2 49 1574 
2 49 1384 
1 49 
2 1445 49 
1 49 
2 49 2199 
1 49 
1 49 
1 49 
1 49 
1 49 
2 736 49 
1 49 
1 49 
1 49 
2 2549 50 
2 50 1110 
3 50 716 514 
1 50 
1 50 
1 50 
1 50 
1 50 
1 50 
1 50 
2 50 2162 
1 50 
2 50 2325 
1 50 
2 831 50 
1 50 
1 50 
2 1609 51 
2 51 1288 
1 51 
1 51 
2 51 1920 
1 51 
2 51 138 
1 51 
1 51 
1 51 
1 51 
3 51 89 519 
2 270 51 
2 2193 51 
3 51 511 596 
1 51 
1 51 
1 51 
2 51 1439 
1 51 
2 2051 51 
1 52 
1 52 
3 1734 650 52 
1 52 
2 52 2315 
1 52 
2 52 1746 
2 52 1184 
2 52 477 
1 52 
3 52 809 281 
3 288 914 52 
1 52 
2 52 1135 
1 52 
1 52 
3 52 1228 1963 
2 1385 53 
1 53 
1 53 
2 880 53 
2 758 53 
2 53 856 
2 2476 53 
2 2566 53 
3 1243 53 1963 
1 53 
2 2014 53 
2 53 620 
1 53 
2 53 1424 
3 2073 53 677 
1 53 
1 54 
1 54 
1 54 
1 54 
1 54 
1 54 
2 54 1390 
1 54 
1 54 
2 54 1291 
1 54 
3 1167 54 1670 
1 54 
2 2362 54 
1 54 
1 54 
1 54 
2 54 348 
1 55 
1 55 
1 55 
1 55 
2 55 1706 
2 572 55 
1 55 
2 55 1688 
1 55 
1 55 
2 1414 55 
2 1274 55 
1 55 
1 55 
4 591 2185 55 483 
1 55 
3 1079 1303 55 
1 55 
1 55 
2 55 904 
1 55 
1 55 
2 55 1744 
2 1956 55 
2 926 55 
1 55 
2 1554 56 
2 2453 56 
3 1542 56 1762 
1 56 
1 56 
2 658 56 
1 56 
1 56 
1 56 
2 2582 56 
1 56 
2 1151 56 
1 56 
2 388 56 
2 781 56 
3 2294 157 56 
1 56 
3 2330 1212 56 
1 56 
1 56 
1 56 
2 1048 57 
1 57 
1 57 
1 57 
2 2490 57 
1 57 
1 57 
2 1149 57 
2 1354 57 
1 57 
3 1922 1534 57 
1 57 
1 57 
2 2454 57 
2 57 501 
2 1260 57 
1 58 
1 58 
1 58 
1 58 
1 58 
1 58 
1 58 
2 1181 58 
1 58 
1 58 
1 58 
1 58 
1 58 
2 753 58 
1 58 
4 1544 944 898 58 
2 168 58 
2 475 59 
2 295 59 
2 1878 59 
2 495 59 
2 888 59 
1 59 
1 59 
2 268 59 
1 59 
1 59 
2 2396 59 
1 59 
1 59 
1 59 
1 59 
3 452 59 1906 
1 60 
3 2432 1323 60 
2 617 60 
1 60 
2 288 60 
2 2225 60 
1 60 
3 2432 994 60 
1 60 
1 61 
2 61 368 
1 61 
1 61 
1 61 
2 61 2554 
1 61 
2 61 503 
1 61 
1 61 
2 61 1312 
2 61 2099 
2 61 1086 
1 61 
3 61 1069 539 
1 61 
1 61 
1 61 
1 61 
2 61 1344 
2 62 540 
1 62 
1 62 
3 667 62 734 
1 62 
3 233 62 1429 
2 62 224 
2 62 1749 
1 62 
1 62 
3 62 1025 2045 
3 62 794 1785 
2 62 2217 
4 63 1939 2299 1898 
1 63 
1 63 
2 63 491 
2 63 1686 
1 63 
2 2165 63 
1 63 
2 63 122 
1 63 
1 63 
2 63 1102 
2 63 573 
2 63 1338 
2 63 988 
2 63 919 
2 63 1435 
1 63 
1 63 
1 63 
1 63 
1 63 
3 458 64 1795 
1 64 
1 64 
2 64 239 
1 64 
2 64 2548 
2 64 1685 
1 64 
1 64 
1 64 
1 64 
1 64 
1 64 
1 64 
1 64 
1 64 
4 1860 293 65 1429 
2 290 65 
2 65 2022 
1 65 
2 65 1075 
2 65 601 
1 65 
1 65 
1 65 
1 65 
2 65 885 
2 65 472 
2 65 778 
1 65 
2 1655 65 
2 1815 65 
1 65 
1 65 
3 65 2151 1927 
1 65 
2 65 997 
1 65 
2 65 1570 
1 65 
3 164 66 1529 
1 66 
2 66 1432 
1 66 
1 66 
1 66 
1 66 
1 66 
1 66 
1 66 
2 66 2310 
2 66 1006 
2 525 66 
1 66 
3 290 66 2284 
2 66 1596 
1 66 
1 66 
1 66 
1 66 
1 66 
1 66 
1 66 
2 67 2472 
1 67 
1 67 
2 67 1893 
1 67 
2 67 1094 
1 67 
1 67 
1 67 
1 67 
2 67 1531 
2 607 67 
1 67 
1 67 
3 67 1788 387 
1 67 
2 67 2573 
1 67 
2 68 439 
3 68 1642 1043 
3 68 2312 1805 
1 68 
1 68 
2 583 68 
1 68 
1 68 
1 68 
1 68 
2 68 1670 
1 68 
1 68 
1 68 
2 68 2546 
2 961 68 
3 629 68 577 
1 68 
3 927 68 1023 
1 68 
1 68 
1 68 
1 68 
3 68 320 78 
1 68 
1 68 
1 69 
1 69 
2 69 441 
3 2094 69 285 
2 69 1048 
1 69 
2 1590 69 
1 69 
1 69 
1 69 
2 69 2402 
1 69 
3 1561 69 599 
2 69 1147 
2 69 117 
1 69 
2 1588 70 
1 70 
1 70 
2 2551 70 
1 70 
1 70 
1 70 
1 70 
3 1129 70 405 
2 70 2508 
1 70 
1 70 
1 70 
2 2174 71 
2 71 1873 
2 71 726 
1 71 
1 71 
2 145 71 
1 71 
2 1464 71 
2 71 2297 
1 71 
2 71 1183 
1 71 
1 71 
1 71 
2 486 71 
1 71 
2 71 1156 
2 350 71 
1 71 
1 71 
1 71 
2 2223 72 
1 72 
1 72 
2 72 2251 
2 2037 72 
2 1087 72 
3 81 72 856 
1 72 
1 72 
1 72 
1 72 
1 72 
3 72 2026 638 
1 72 
1 72 
2 737 72 
1 72 
1 72 
1 72 
1 72 
1 72 
3 504 72 303 
1 72 
1 72 
1 72 
2 73 1847 
2 73 2457 
1 73 
1 73 
2 73 1586 
1 73 
2 73 2041 
2 73 2070 
1 73 
2 73 2315 
2 929 73 
3 998 168 73 
1 73 
2 1913 73 
1 73 
1 73 
2 1020 73 
2 130 73 
2 1462 73 
2 1484 73 
1 74 
1 74 
1 74 
1 74 
5 103 568 464 74 324 
1 74 
2 1917 74 
1 74 
2 2398 74 
2 2259 74 
1 74 
2 74 280 
1 74 
1 74 
1 74 
3 74 807 1489 
1 74 
1 74 
1 74 
2 74 93 
2 1042 74 
3 1654 74 2086 
1 74 
1 74 
2 74 807 
1 74 
2 74 159 
2 269 74 
2 74 2440 
1 74 
2 74 1011 
3 1456 2067 75 
2 128 75 
1 75 
2 2269 75 
3 1208 1162 75 
2 2345 75 
1 75 
2 1234 75 
1 75 
1 75 
2 75 1186 
1 75 
1 75 
1 75 
2 75 978 
1 76 
1 76 
2 1720 76 
1 76 
1 76 
3 2590 931 76 
1 76 
2 455 76 
1 76 
1 76 
1 76 
1 76 
1 76 
2 1482 76 
2 300 76 
1 76 
3 1425 1606 77 
2 1681 77 
1 77 
1 77 
1 77 
3 2411 2169 77 
3 2173 1392 77 
1 77 
3 1335 77 2128 
1 77 
1 77 
1 77 
1 77 
2 1594 77 
1 77 
1 77 
1 77 
1 77 
1 77 
3 2469 2530 77 
2 1722 77 
3 336 207 77 
2 833 77 
3 891 1623 78 
2 1791 78 
1 78 
2 1453 78 
1 78 
3 618 78 1393 
1 78 
1 78 
1 78 
1 78 
3 1409 1490 78 
2 1489 78 
1 78 
1 78 
1 78 
1 78 
1 78 
2 256 78 
1 79 
1 79 
1 79 
1 79 
1 79 
1 79 
1 79 
1 79 
1 79 
2 893 79 
2 152 79 
1 79 
1 79 
1 79 
2 2506 79 
1 79 
1 79 
2 1581 79 
1 79 
2 79 1729 
1 79 
1 79 
1 80 
2 80 310 
1 80 
1 80 
1 80 
1 80 
1 80 
1 80 
1 80 
3 80 897 1960 
2 80 1232 
1 80 
2 80 1265 
2 80 1623 
1 80 
2 80 1089 
1 80 
1 80 
1 80 
1 81 
1 81 
1 81 
2 81 1735 
3 1060 81 866 
1 81 
2 81 1110 
1 81 
1 81 
1 81 
1 81 
1 81 
1 81 
2 81 360 
1 81 
1 81 
2 1058 81 
1 81 
1 81 
3 81 1576 917 
2 2235 81 
1 81 
1 82 
4 2517 218 82 1311 
1 82 
1 82 
1 82 
1 82 
1 82 
1 82 
1 82 
2 2113 82 
3 82 914 1230 
2 444 82 
1 82 
1 82 
2 82 928 
2 82 705 
3 82 192 1557 
2 732 82 
1 82 
2 82 2246 
1 82 
3 82 1848 1514 
1 82 
2 506 82 
3 106 82 2084 
1 82 
3 1378 82 1717 
1 83 
3 1315 83 705 
3 816 83 891 
2 83 1305 
1 83 
1 83 
1 83 
2 83 1469 
1 83 
3 83 1247 2510 
4 83 684 2212 2353 
2 83 1625 
3 83 282 664 
2 1969 83 
1 83 
1 83 
1 83 
1 83 
1 84 
3 1456 84 673 
1 84 
1 84 
2 960 84 
1 84 
1 84 
2 2586 84 
2 84 842 
2 84 593 
1 84 
1 84 
2 199 84 
1 84 
1 84 
2 2515 84 
2 84 2226 
2 1975 84 
3 1479 84 1532 
2 2019 84 
3 2254 84 1598 
1 84 
2 669 85 
1 85 
1 85 
1 85 
1 85 
1 85 
1 85 
1 85 
2 85 512 
1 85 
2 1908 85 
1 85 
1 85 
1 85 
1 85 
3 1274 85 2512 
1 85 
2 85 1895 
1 85 
1 85 
1 85 
1 85 
3 85 702 2062 
1 85 
3 2000 2500 85 
1 85 
1 86 
3 2394 1415 86 
2 1222 86 
1 86 
2 1754 86 
1 86 
1 86 
1 86 
1 86 
2 130 86 
2 2394 86 
2 86 554 
2 86 2372 
2 2183 86 
2 1860 86 
1 86 
1 86 
3 1283 86 1025 
1 86 
2 299 86 
1 87 
1 87 
1 87 
2 1741 87 
2 130 87 
1 87 
1 87 
1 87 
2 1457 87 
1 87 
3 908 87 303 
2 87 2185 
2 1198 87 
2 1174 87 
1 87 
2 1039 87 
1 87 
2 528 87 
1 87 
1 87 
2 88 2356 
2 2089 88 
1 88 
1 88 
2 88 2598 
1 88 
1 88 
1 88 
1 88 
1 88 
2 2545 88 
1 88 
1 88 
3 1910 1036 88 
1 88 
1 88 
2 2479 88 
1 88 
1 88 
1 89 
1 89 
1 89 
2 2267 89 
1 89 
4 145 840 89 1586 
3 89 195 559 
1 89 
2 1442 89 
2 269 89 
3 411 89 1476 
2 89 604 
3 2077 2537 89 
2 785 89 
1 89 
1 89 
2 89 898 
2 89 1516 
1 90 
1 90 
1 90 
1 90 
2 983 90 
3 1541 2311 90 
2 90 540 
1 90 
1 90 
2 750 90 
1 90 
3 427 1676 90 
1 90 
2 1941 90 
3 510 90 1054 
1 90 
2 987 90 
2 435 90 
1 91 
3 1164 91 2563 
1 91 
1 91 
1 91 
1 91 
2 1657 91 
2 154 91 
1 91 
2 91 119 
2 606 91 
1 91 
1 91 
1 91 
2 1060 91 
1 92 
1 92 
1 92 
1 92 
1 92 
1 92 
2 92 281 
2 351 92 
3 92 692 368 
2 1953 92 
2 2053 92 
2 2420 92 
1 92 
1 92 
1 92 
1 92 
2 92 2279 
1 92 
1 93 
1 93 
1 93 
1 93 
3 2174 93 1168 
1 93 
1 93 
2 93 1269 
1 93 
1 93 
3 1480 2310 93 
1 93 
1 93 
1 93 
2 1192 93 
1 93 
1 93 
1 93 
3 622 1800 93 
3 2087 1799 93 
2 711 93 
1 93 
1 93 
1 93 
3 1275 2062 93 
1 93 
2 93 118 
1 93 
1 93 
2 770 93 
1 93 
2 2092 93 
1 94 
1 94 
2 1223 94 
1 94 
2 563 94 
2 126 94 
3 588 2201 94 
1 94 
1 94 
1 94 
1 94 
1 94 
1 94 
1 94 
1 94 
1 94 
1 94 
2 94 2164 
2 2330 94 
2 165 94 
1 94 
1 94 
1 94 
1 94 
1 95 
1 95 
1 95 
2 925 95 
2 2415 95 
1 95 
1 95 
1 95 
1 95 
1 95 
2 1374 95 
2 1581 95 
1 95 
1 95 
2 1892 95 
1 95 
2 2391 95 
1 95 
1 95 
1 95 
1 95 
1 96 
1 96 
3 1208 1667 96 
1 96 
1 96 
1 96 
3 528 2181 96 
2 96 286 
1 96 
2 96 560 
1 96 
2 96 161 
2 298 96 
1 96 
1 96 
3 1329 863 96 
1 96 
1 96 
1 96 
1 96 
2 1114 97 
1 97 
2 779 97 
1 97 
1 97 
1 97 
2 2152 97 
1 97 
1 97 
1 97 
1 97 
1 97 
2 269 97 
2 97 482 
2 1851 97 
2 1258 97 
2 2073 97 
2 1644 97 
2 1928 97 
1 97 
2 1170 97 
1 97 
1 97 
1 97 
1 97 
2 2198 97 
1 97 
1 97 
3 2220 1127 97 
1 97 
2 1637 98 
2 2534 98 
2 1706 98 
1 98 
2 2571 98 
2 1387 98 
2 2009 98 
1 98 
2 2156 98 
2 1400 98 
1 98 
1 98 
2 964 98 
1 98 
3 2590 1089 98 
1 98 
1 98 
2 98 2278 
1 98 
2 1226 98 
2 1896 98 
1 98 
1 98 
1 98 
1 99 
2 554 99 
1 99 
1 99 
1 99 
1 99 
1 99 
2 1170 99 
3 273 2554 99 
3 448 1743 99 
1 99 
1 99 
1 99 
1 99 
2 2488 99 
1 99 
1 99 
1 99 
1 99 
1 99 
1 99 
2 1772 100 
3 418 100 484 
1 100 
2 100 1055 
1 100 
1 100 
1 100 
2 1528 100 
1 100 
1 100 
3 1006 100 997 
1 100 
1 100 
1 100 
1 100 
1 101 
2 1600 101 
1 101 
1 101 
1 101 
2 217 101 
2 594 101 
2 1622 101 
1 101 
1 101 
1 101 
1 101 
1 101 
1 101 
1 101 
1 101 
2 101 2279 
3 2394 2070 101 
2 473 101 
1 101 
1 101 
1 101 
1 101 
2 2333 101 
1 101 
1 102 
3 102 315 703 
1 102 
1 102 
1 102 
1 102 
2 102 191 
2 102 1651 
1 102 
1 102 
1 102 
2 102 2174 
1 102 
1 102 
2 102 189 
1 102 
3 102 313 1914 
2 102 427 
1 102 
1 102 
2 102 2206 
2 103 1008 
1 103 
1 103 
1 103 
1 103 
2 103 1624 
1 103 
1 103 
2 1210 103 
1 103 
1 103 
1 103 
2 103 1361 
1 103 
1 103 
1 104 
1 104 
1 104 
2 104 550 
1 104 
2 104 2362 
1 104 
1 104 
2 104 1353 
1 104 
1 104 
1 104 
2 1380 104 
1 104 
1 104 
1 104 
2 104 1167 
1 104 
1 104 
1 105 
1 105 
2 105 311 
2 105 980 
3 426 105 899 
3 105 1773 187 
1 105 
1 105 
2 445 105 
2 670 105 
1 105 
1 105 
1 105 
1 105 
3 105 1649 1805 
2 105 312 
1 105 
1 105 
1 105 
3 1425 2076 105 
3 2304 105 2107 
1 105 
3 1381 105 1985 
1 105 
1 106 
3 106 1894 1012 
2 106 868 
1 106 
2 106 2067 
3 566 106 1724 
2 106 726 
1 106 
1 106 
2 106 2323 
1 106 
1 106 
2 106 1584 
1 106 
2 106 1415 
2 107 1800 
2 907 107 
2 1694 107 
1 107 
1 107 
3 107 2185 1812 
1 107 
2 1302 107 
1 107 
1 107 
2 416 107 
1 107 
2 107 1148 
2 233 107 
2 847 107 
1 107 
1 107 
1 107 
1 107 
1 107 
2 107 2068 
2 2429 107 
3 107 809 763 
1 107 
1 108 
1 108 
2 1569 108 
1 108 
1 108 
1 108 
1 108 
1 108 
1 108 
1 108 
1 108 
1 108 
2 2168 108 
1 108 
1 108 
1 108 
1 108 
2 1464 108 
1 109 
2 109 2326 
1 109 
1 109 
1 109 
2 109 345 
1 109 
1 109 
1 109 
1 109 
1 109 
1 109 
1 109 
1 109 
3 109 2316 2327 
2 109 2508 
1 109 
1 109 
1 109 
1 110 
2 619 110 
1 110 
3 2368 110 1226 
2 1884 110 
1 110 
1 110 
3 2217 731 110 
3 1916 110 2599 
1 110 
1 110 
2 110 185 
1 110 
1 110 
2 110 953 
1 110 
2 110 1830 
2 1176 111 
1 111 
2 2368 111 
2 2123 111 
2 1461 111 
1 111 
3 907 111 2410 
1 111 
2 1462 111 
4 1328 1785 2004 111 
2 111 640 
1 111 
1 111 
1 111 
1 111 
1 111 
2 1864 111 
1 111 
2 1666 111 
1 111 
7 2193 2092 2379 1046 1684 111 454 
1 111 
1 111 
2 111 2299 
1 111 
1 111 
2 492 112 
1 112 
3 112 973 2185 
1 112 
1 112 
2 2391 112 
1 112 
2 112 1903 
3 933 112 2206 
1 112 
2 1819 112 
1 112 
1 112 
1 112 
1 112 
4 287 2199 112 2013 
1 112 
2 505 112 
1 112 
1 112 
1 112 
2 112 1597 
1 112 
1 112 
1 113 
1 113 
3 2155 113 1169 
1 113 
1 113 
4 2238 2445 113 1906 
1 113 
1 113 
3 1349 113 2373 
1 113 
3 1133 113 519 
2 113 1621 
1 113 
1 113 
2 244 113 
1 113 
1 114 
1 114 
1 114 
2 505 114 
2 114 1558 
2 709 114 
1 114 
3 2220 819 114 
2 114 2324 
1 114 
1 114 
1 114 
2 114 119 
1 114 
1 114 
2 114 1579 
1 114 
1 114 
1 114 
2 114 540 
2 1352 114 
1 115 
1 115 
2 115 1625 
1 115 
1 115 
1 115 
2 511 115 
2 1403 115 
1 115 
1 115 
2 833 115 
1 115 
1 115 
1 115 
1 116 
2 1715 116 
2 720 116 
2 1428 116 
1 116 
1 116 
1 116 
1 116 
1 116 
1 116 
1 116 
2 2522 116 
2 1925 116 
4 1984 116 1779 2326 
1 116 
1 117 
2 436 117 
1 117 
2 1246 117 
2 754 117 
3 163 117 373 
1 117 
1 117 
1 117 
1 117 
1 117 
2 650 117 
1 117 
3 736 1073 117 
3 199 653 117 
2 2330 117 
2 1336 117 
1 117 
4 1170 252 2188 117 
3 616 385 117 
1 117 
1 117 
1 117 
2 2068 118 
1 118 
1 118 
1 118 
2 2364 118 
2 2397 118 
4 2589 1791 1242 118 
2 1735 118 
2 1275 118 
1 118 
1 118 
3 985 1383 118 
2 2143 118 
1 118 
1 118 
1 118 
1 118 
1 118 
1 118 
2 2081 118 
2 2239 118 
2 955 118 
3 2130 118 2279 
2 2143 118 
1 118 
1 118 
4 2296 1075 119 1831 
1 119 
1 119 
3 873 119 1991 
1 119 
1 119 
2 910 119 
1 119 
2 886 119 
1 119 
1 119 
1 119 
1 119 
1 119 
1 119 
2 1430 119 
1 119 
1 119 
1 119 
1 119 
2 698 119 
1 119 
1 119 
2 1597 119 
1 119 
1 119 
3 1693 119 664 
1 120 
1 120 
3 2425 227 120 
1 120 
1 120 
3 2034 1027 120 
1 120 
2 2308 120 
1 120 
1 120 
1 120 
3 2167 2151 120 
1 120 
1 120 
1 120 
2 1665 120 
3 2223 2436 120 
1 120 
1 120 
1 120 
1 121 
2 479 121 
2 2185 121 
1 121 
1 121 
1 121 
1 121 
1 121 
2 121 285 
1 121 
1 121 
1 121 
1 121 
1 121 
5 412 2196 397 1853 122 
1 122 
1 122 
4 1654 1663 1985 122 
2 746 122 
2 1122 122 
2 2309 122 
2 1402 122 
1 122 
1 122 
1 122 
2 1309 122 
1 122 
1 122 
1 122 
1 122 
1 122 
1 122 
2 151 122 
2 2171 122 
2 123 1461 
1 123 
2 123 2452 
1 123 
2 123 1841 
1 123 
1 123 
1 123 
2 123 340 
2 123 1774 
1 123 
1 123 
2 124 2523 
1 124 
2 124 2359 
1 124 
1 124 
1 124 
3 124 2108 841 
1 124 
1 124 
3 1129 124 1135 
2 886 124 
2 124 189 
2 124 579 
2 124 2373 
1 124 
1 124 
1 124 
2 124 1422 
1 124 
1 125 
2 125 2531 
1 125 
2 125 2220 
2 125 593 
1 125 
2 125 266 
1 125 
1 125 
1 125 
2 125 2413 
2 1059 125 
2 125 1092 
1 125 
1 125 
2 1375 125 
1 125 
3 125 476 195 
1 125 
1 125 
1 125 
1 125 
1 126 
1 126 
1 126 
1 126 
1 126 
2 126 1475 
1 126 
1 126 
2 1255 126 
1 126 
1 126 
1 126 
2 126 1004 
1 126 
3 922 126 209 
2 126 1709 
1 126 
1 126 
1 126 
1 126 
2 126 858 
2 127 656 
1 127 
1 127 
2 127 1946 
1 127 
2 1083 127 
1 127 
1 127 
1 127 
1 127 
1 127 
2 127 305 
1 127 
1 127 
1 127 
2 127 1651 
1 127 
1 127 
1 127 
1 127 
1 127 
2 127 1511 
1 127 
3 127 1324 2144 
1 127 
2 127 1596 
1 127 
3 127 1642 895 
1 127 
1 128 
2 128 1620 
1 128 
2 1561 128 
1 128 
1 128 
1 128 
2 128 724 
3 128 266 2277 
2 2423 128 
1 128 
1 128 
3 128 2589 191 
1 128 
1 128 
2 128 719 
2 128 1475 
2 2443 128 
1 128 
2 128 436 
2 1909 129 
2 129 714 
1 129 
2 129 1724 
1 129 
1 129 
1 129 
1 129 
1 129 
1 129 
1 129 
2 129 1703 
2 129 1287 
1 129 
2 129 1197 
2 943 130 
1 130 
2 130 1318 
1 130 
1 130 
3 1940 130 1142 
1 130 
1 130 
1 130 
1 130 
1 130 
1 130 
1 130 
3 590 335 130 
2 1749 130 
1 130 
1 131 
2 131 1005 
1 131 
2 131 190 
2 268 131 
1 131 
2 1912 131 
1 131 
2 131 1271 
2 131 510 
1 131 
1 131 
1 131 
2 131 915 
2 131 328 
1 131 
2 844 132 
2 132 1067 
1 132 
1 132 
1 132 
3 697 1612 132 
1 132 
1 132 
3 2310 132 2526 
3 1445 132 1922 
1 132 
1 132 
1 132 
1 132 
1 132 
1 132 
1 132 
2 1697 132 
3 605 2156 132 
1 132 
