24 2 3 4 5 6 7 8 9 10 11 12 13 14 15 16 17 18 19 20 21 22 23 24 25 
20 26 27 28 29 30 31 32 33 34 35 36 37 38 39 40 1 41 42 43 44 
20 45 46 47 48 49 50 51 52 53 54 55 56 57 58 59 1 60 61 62 63 
25 64 65 66 67 68 69 70 71 72 73 74 75 76 77 78 79 1 80 81 82 83 84 85 86 87 
16 88 89 90 91 92 93 94 95 96 97 1 98 99 100 101 102 
19 103 104 105 106 107 108 109 110 111 112 1 113 114 115 116 117 118 119 120 
22 121 122 123 124 125 126 127 128 129 130 131 132 133 1 134 135 136 137 138 139 140 141 
17 142 143 144 145 146 147 148 149 1 150 151 152 153 154 155 156 157 
15 158 159 160 161 162 163 164 1 165 166 167 168 169 170 171 
21 172 173 174 175 176 177 178 179 180 181 182 1 183 184 185 186 187 188 189 190 191 
25 192 193 194 195 196 197 198 199 200 201 202 203 204 205 206 207 1 208 209 210 211 212 213 214 215 
26 216 217 218 219 220 221 222 223 224 225 226 227 228 229 1 230 231 232 233 234 235 236 237 238 239 240 
20 241 242 243 244 245 246 247 248 249 250 251 252 253 1 254 255 256 257 258 259 
12 260 261 262 263 264 265 1 266 267 268 269 270 
23 271 272 273 274 275 276 277 278 279 280 281 282 283 284 285 286 287 288 1 289 290 291 292 
16 293 294 295 296 297 298 299 300 1 301 302 303 304 305 306 307 
24 308 309 310 311 312 313 314 315 316 317 1 318 319 320 321 322 323 324 325 326 327 328 329 330 
28 331 332 333 334 335 336 337 338 339 340 341 342 343 344 345 1 346 347 348 349 350 351 352 353 354 355 356 357 
15 358 359 360 361 362 363 1 364 365 366 367 368 369 370 371 
15 372 373 374 375 376 377 378 379 1 380 381 382 383 384 385 
37 386 387 388 389 390 391 392 393 394 395 396 397 398 399 400 401 402 403 404 405 406 1 407 408 409 410 411 412 413 414 415 416 417 418 419 420 421 
17 422 423 424 425 426 427 428 429 430 431 1 432 433 434 435 436 100 
27 437 438 439 440 441 442 443 444 445 446 447 448 449 450 451 452 453 454 1 455 456 457 458 459 460 461 462 
18 463 464 465 466 467 468 469 470 471 472 473 1 474 475 476 477 478 479 
32 480 481 482 483 484 485 486 487 488 489 490 491 492 493 494 495 496 497 498 499 500 501 1 502 503 504 505 506 507 508 509 510 
18 2 511 512 513 514 515 516 517 518 519 520 521 522 523 524 525 526 527 
10 2 528 529 530 531 532 533 534 535 536 
24 2 537 538 539 540 541 542 543 544 545 546 547 548 549 550 551 552 553 554 555 556 557 558 559 
24 2 560 561 562 563 564 565 566 567 568 569 570 571 572 573 574 575 576 577 578 579 580 581 582 
21 2 583 584 585 586 587 588 589 590 591 592 593 594 595 596 597 598 599 600 601 602 
16 2 603 604 605 606 607 608 609 610 451 611 612 613 614 615 616 
22 2 617 618 619 620 621 622 623 624 625 626 627 628 629 630 631 632 633 634 635 636 637 
13 2 638 639 640 641 642 643 644 80 645 646 647 648 
19 2 649 650 651 652 653 654 655 656 657 658 659 660 661 662 663 664 665 666 
19 2 667 668 669 670 671 672 673 674 675 676 677 678 679 680 681 682 683 684 
27 2 685 686 687 688 689 690 691 692 693 694 695 696 697 698 699 700 701 702 703 704 705 706 707 708 709 710 
23 711 2 712 713 714 715 716 717 718 719 720 721 722 723 724 725 726 727 728 661 729 730 731 
18 2 732 733 734 735 736 737 738 739 740 741 742 743 744 745 746 747 748 
26 2 749 750 751 752 753 754 755 756 757 758 759 760 761 762 763 764 765 766 767 768 769 770 771 772 773 
17 2 774 775 776 777 778 779 780 781 782 783 784 785 786 787 788 789 
22 2 790 791 792 793 794 795 796 797 798 799 800 801 802 803 804 805 806 807 808 809 810 
20 2 811 812 813 814 494 815 816 817 818 819 820 821 822 823 824 825 826 827 828 
15 829 2 830 831 832 833 834 835 836 837 838 839 150 840 841 
27 2 842 843 844 845 846 847 848 849 850 851 852 853 854 855 856 857 858 859 860 861 862 863 864 865 866 867 
27 868 869 870 3 871 872 873 874 875 876 877 878 879 880 881 882 883 884 885 886 887 888 889 890 891 892 893 
24 894 895 3 896 897 898 899 900 901 902 903 904 905 906 907 908 909 910 911 912 913 914 915 916 
22 917 3 918 919 920 921 922 923 924 925 926 927 928 929 930 931 932 933 934 935 936 937 
15 3 938 939 940 941 942 943 944 945 946 947 948 949 950 951 
19 3 439 812 952 953 954 955 956 957 958 959 960 961 962 963 964 965 966 967 
21 968 969 970 3 971 972 973 974 975 976 977 978 979 980 981 982 983 984 985 986 987 
33 988 989 3 990 991 992 993 994 995 996 997 998 999 1000 1001 1002 1003 1004 1005 1006 1007 1008 1009 1010 1011 1012 1013 1014 1015 1016 1017 1018 1019 
15 1020 1021 1022 3 1023 1024 1025 1026 1027 1028 1029 1030 1031 1032 1033 
28 1034 1035 1036 3 1037 1038 1039 1040 1041 1042 1043 1044 1045 1046 1047 1048 1049 1050 1051 1052 1053 1054 1055 1056 1057 1058 1059 1060 
14 3 1061 1062 1063 1064 1065 1066 1067 1068 1069 1070 1071 1072 1073 
22 1074 1075 1076 3 1077 1078 1079 1080 1081 1082 1083 1084 1085 1086 1087 1088 1089 1090 1091 1092 1093 1094 
25 1095 1096 3 1097 1098 1099 1100 1101 1102 1103 1104 1105 1106 1107 1108 1109 1110 1111 1112 1113 1114 1115 1116 1117 1118 
23 1119 1120 1121 3 1122 1123 1124 830 1125 1126 1127 1128 1129 1130 1131 1132 1133 1134 1135 1136 1137 1138 1139 
22 1140 1141 3 1142 1143 1144 1145 1146 1147 1148 1149 1150 1151 1152 1153 1154 1155 1156 1157 1158 1159 1160 
24 1161 1162 1163 3 1164 1165 1166 1167 1168 1169 1170 1171 1172 1173 1174 1175 1176 1177 1178 1179 1180 1181 1182 1183 
24 1184 1185 3 1186 1187 1188 1189 1190 1191 1192 1193 1194 1195 1196 1197 1198 1199 1200 1201 1202 1203 1204 1205 1206 
17 3 1207 1208 1209 1210 1211 1212 1213 98 1214 1215 1216 1217 1092 1218 1219 1220 
21 1221 1222 3 1223 1224 1225 1226 1227 1228 1229 1230 1231 1232 1233 1234 1235 1236 1237 1238 1239 1240 
28 1241 1242 1243 3 1244 1245 1246 1247 1248 1249 1250 1251 1252 1253 1254 1255 403 1256 1257 1258 1259 505 1260 1261 1262 1263 1264 1265 
22 1266 1267 1268 1269 1270 1271 4 1272 1273 1274 1275 1276 1277 1278 1279 1280 1281 1282 1283 1284 1285 1286 
12 1287 4 1288 1289 1290 1291 1292 1293 1294 1295 1296 1297 
26 4 1298 1299 1300 1301 1302 1303 1304 1305 1306 1307 1308 1309 1310 1311 1312 1313 1314 1315 1316 1317 1318 1319 1320 1321 1322 
18 1323 4 1324 1325 1326 1327 1328 1329 1330 1331 1332 1333 1334 1335 1336 1337 1338 1339 
21 1340 1341 4 1342 1343 1344 1345 1346 1347 1348 1349 1350 1351 1352 1353 1354 1355 1356 1357 1358 1359 
21 1360 1361 1362 4 1363 1364 1365 1366 1367 1368 1369 1370 1371 1372 1373 1374 1375 1376 1377 1378 1379 
25 1380 4 1381 1382 1383 1384 1385 1386 1387 1388 1389 1390 1391 1392 1393 1394 1395 1396 1397 1398 1399 1400 1401 1402 1403 
20 1404 1405 1406 1407 4 1408 1409 1410 1411 1412 1413 1414 1415 1416 1417 1418 1419 1420 1421 1422 
19 1423 1424 4 1425 1426 1427 1428 1429 1430 1431 1432 1433 1434 1435 1436 1437 1438 1439 1440 
18 1441 1442 4 1443 1444 1445 1446 1447 1448 1449 1450 1451 1452 1453 1454 1455 1456 1457 
19 1458 4 1459 1460 1461 1462 1463 1464 1465 1466 1467 1468 1469 1470 1471 1472 1473 1474 1475 
21 4 1476 1477 1478 1479 1480 1481 1482 1483 1484 1485 1486 1487 1488 1489 1490 1491 1492 1493 1494 1495 
25 4 1496 1497 1498 1499 1500 1501 1502 1503 1504 1505 1506 1507 1508 1509 1510 1511 1512 1513 1514 1515 1516 1517 1518 1519 
25 1520 1521 1522 1523 4 1524 1525 1526 1527 1528 1529 1530 1531 1532 1533 1534 1535 1536 1537 1538 1539 1540 1541 1542 1543 
16 1544 4 1545 1546 1547 1548 1549 1550 1551 1552 1553 1554 1555 1556 1557 1558 
18 1559 4 1560 1561 1562 1563 1564 1565 1566 1567 1568 1569 1570 1571 1572 1573 1574 1575 
17 1576 1577 4 1578 1579 1580 1581 33 1582 1583 1584 1585 1586 82 1587 1588 1589 
17 1590 4 1591 1592 1593 1594 1595 1596 1597 1598 1599 1600 1601 1602 1603 1604 1605 
23 4 1606 1607 1608 1609 1610 1611 1612 1613 1614 1615 1565 1616 80 1617 1618 1619 1620 1621 1622 1623 1624 1625 
23 1626 1627 1628 4 1629 1630 1631 1632 1633 1634 1635 1636 1637 1638 1639 1640 1641 1642 1643 1644 1645 1646 1647 
21 4 1648 1649 1650 1651 1652 1653 1654 1655 1656 1657 1658 725 1659 1660 1661 1662 1663 1664 1665 1666 
24 1667 4 1668 1669 874 1670 1671 1672 1673 1674 1675 1676 1677 1678 1679 1680 1681 1682 1683 1684 1685 1686 1687 1688 
21 1689 4 1690 1691 1692 1693 1694 1695 1696 1697 1698 1699 1700 1701 1702 1703 1704 1705 1706 1707 1708 
21 1709 1710 1711 4 1712 1713 1714 1302 1715 1716 1717 1718 1719 1720 110 1721 1722 1723 1724 1725 1726 
30 1727 1728 1729 1730 1731 1732 1733 1734 590 5 1735 1736 1737 1738 1739 1740 1741 1742 1743 1744 1745 1746 1747 1748 1749 1750 1751 1752 1753 1754 
18 1755 1756 1757 894 1758 1759 1760 5 1761 1762 1763 1764 1765 1766 1767 1768 1769 1770 
21 1771 1772 1773 1774 1775 1776 5 1777 1778 1042 1779 1780 1781 1782 1783 1784 1785 1786 1787 1788 1789 
29 1790 1791 1792 1793 1794 1795 5 1796 1797 1798 1799 1800 1801 1802 1803 1804 1805 1806 1807 1808 1809 1810 1811 1812 1813 1814 1815 1816 1817 
19 1818 1819 1820 5 1821 1822 1823 1824 1825 1826 1827 1828 1829 1830 1831 1832 1833 1834 1835 
20 1836 1837 1838 5 1839 1840 1841 1842 1843 1844 1845 1846 1847 1848 1849 1850 1851 1852 1853 1854 
21 584 1855 1856 1857 1858 1859 5 1860 1861 1862 1863 1864 1865 1866 1867 1868 1869 1870 1871 1872 1873 
22 1874 1875 1876 1877 1878 5 1879 1880 1881 1882 1883 1884 1885 1886 1887 1888 1889 1890 1891 1892 1893 1894 
24 1895 1896 1897 1898 5 1899 1900 1901 160 1902 1903 1904 1905 1906 1907 1908 1909 1910 1911 1912 1913 1914 1915 1916 
18 1917 1918 1919 1920 1921 5 1922 1923 1924 1169 1925 1926 1927 1928 1929 1930 1931 1932 
18 1933 1934 5 1935 1936 1937 1938 1939 1940 1941 1942 1943 61 1944 1945 1946 1947 1948 
21 1949 1950 5 1951 1952 1953 1954 1955 1956 1957 1958 1959 1960 1961 1962 1963 1964 1965 1966 1967 1968 
23 1969 1970 1971 5 1972 1973 1974 1975 1976 1977 1978 1979 1980 1981 1982 1983 1984 1985 1986 1987 1988 22 1989 
28 1990 1991 1992 1993 1994 5 1995 1996 1997 1998 1999 2000 2001 2002 2003 363 2004 2005 2006 2007 2008 2009 2010 2011 2012 2013 2014 2015 
16 2016 5 2017 2018 2019 2020 2021 2022 2023 2024 2025 2026 2027 2028 2029 2030 
25 2031 2032 1898 2033 2034 2035 2036 6 1078 2037 2038 2039 2040 2041 2042 2043 2044 2045 2046 2047 2048 2049 2050 2051 2052 
20 2053 2054 2055 2056 6 2057 2058 2059 2060 2061 2062 2063 2064 2065 2066 2067 2068 1259 2069 2070 
26 6 2071 2072 2073 2074 2075 2076 2077 2078 2079 800 2080 2081 2082 2083 2084 2085 2086 2087 2088 614 2089 2090 2091 2092 2093 
14 6 2094 2095 2096 2097 2098 2099 2100 2101 2102 2103 2104 2105 2106 
18 2107 2108 2109 2110 6 2111 2112 2113 2114 2115 2116 2117 2118 2119 2120 2121 2122 2123 
26 2124 2125 2126 2127 2128 2129 2130 2131 2132 2133 6 2134 2135 2136 2137 2138 2139 2140 2141 2142 2143 2144 2145 2146 2147 2148 
24 2149 2150 2151 2152 2153 2154 2155 2156 2157 6 2158 2159 2160 2161 2162 2163 2164 2165 2166 2167 2168 2169 2170 2171 
17 2172 2173 2174 6 2175 2176 2177 2178 2179 2180 2181 2182 2183 87 2184 2185 2186 
18 2187 2188 2189 2190 2191 2192 6 2193 2194 2195 2196 2197 2198 1449 2199 2200 2201 2202 
14 2203 2204 6 2205 2206 2207 2208 2209 2210 2211 2212 2213 2214 2215 
32 2216 2217 2218 2219 2220 6 2221 2222 2223 2224 2225 2226 2227 2228 2229 2230 2231 2232 2233 2234 2235 2236 2237 2238 1201 2239 2240 2241 2242 2243 2244 2245 
26 2246 2247 2248 2249 2250 2251 2252 2253 2254 6 2255 2256 2257 265 2258 2259 2260 2261 2262 2263 2264 2265 2266 2267 2268 2269 
14 2270 2271 2272 6 2273 2274 2275 2276 2277 2278 2279 2280 2281 1033 
27 2282 2283 2284 2285 2286 2287 6 2288 2289 2290 2291 203 2292 2293 2294 2295 2296 2297 2298 2299 2300 2301 2302 2303 2304 2305 2306 
16 2307 2308 2309 2310 6 2311 2312 2313 2314 2315 2316 2317 2318 2319 2320 2321 
22 2322 2323 2324 6 2325 2326 2327 2328 2329 2330 2331 2332 1007 2333 2334 2335 2336 2337 2338 2339 2340 2341 
10 2342 6 2343 2196 2344 2345 2346 2347 2348 2349 
26 2350 2351 6 2352 2353 2354 2355 2356 2357 2358 2359 2360 2361 2362 2363 2364 2365 2366 2367 2368 2369 2370 2371 2372 2373 2374 
19 2375 2376 2377 7 2378 2379 2380 2381 2382 2383 2384 2385 2386 2387 2388 2389 2390 2391 2392 
19 2393 2394 2395 7 2396 2397 2398 2399 2400 2401 2402 2403 2404 2405 2406 2407 2408 2409 2410 
15 2411 2412 2413 2414 7 2415 2416 2417 2418 2419 2420 2421 2422 2423 2424 
10 2425 2426 2427 7 2428 2429 2430 2431 2432 2433 
18 2434 2435 2436 2437 2438 7 2439 2440 2441 2442 2443 2444 2445 2446 2447 2448 2449 2450 
12 2451 2452 2453 2454 7 2455 2456 2457 2458 2459 2460 2461 
18 2462 2463 2464 2465 2466 2467 2468 7 2469 2470 2471 2472 164 2473 2474 2475 2476 2477 
36 2478 2479 2480 2271 2481 2482 2483 2484 2485 2486 2487 7 2488 2489 2490 2491 2492 2493 2494 2495 2496 2497 2498 2499 2500 2501 2502 2503 2504 2505 2506 2507 2508 2509 2510 2511 
15 2512 2513 2514 1300 2515 7 2516 2517 2518 2519 2520 2521 2522 2523 2524 
27 2525 2190 2526 2527 2528 2529 2530 2531 2532 7 2533 2534 2535 2536 2537 2538 2539 2540 2541 2542 2543 2544 2545 2546 2547 2548 2549 
20 2550 2551 2552 2553 2554 7 2555 2556 2557 2558 2559 2560 2561 2562 2563 2564 2565 2566 2567 2568 
24 2569 2570 2571 2572 2573 2574 2575 2576 2577 7 2578 2579 2580 2581 2582 2583 2584 2585 2586 2587 2588 2589 2590 2591 
25 2592 2593 2594 7 2595 2596 2597 2598 2599 2600 2601 2602 2603 2604 2605 2606 2607 2608 2609 2610 2611 2612 2613 2614 2615 
13 2616 2617 7 2618 2619 2620 2621 2622 2623 2624 2625 2626 2627 
21 2628 2629 2630 2631 7 2632 2633 2634 2635 2636 2637 2638 2639 2640 2641 2642 2643 2644 2645 2646 2647 
24 2648 2649 844 2650 2651 2652 2653 2654 2655 7 2656 2657 2658 2659 2660 2661 2662 2663 2664 2665 2666 2667 2668 2669 
17 2670 2671 2672 2673 7 2674 2675 2676 2677 2678 2679 2680 2681 2682 2683 2684 2685 
24 2686 2687 2688 2689 2690 2691 2692 2693 7 2694 2695 2696 2697 2698 2699 2700 2701 2702 2703 2704 2705 2706 2707 2708 
19 2709 2710 7 2711 2712 2713 2714 2715 2716 2717 2718 2719 2720 2721 2722 2723 2724 2725 2726 
20 2727 2728 2729 2730 2731 7 2732 2733 2734 1974 2735 2736 2737 2738 2739 2740 2741 2742 2743 2744 
17 2745 2746 2747 2748 2749 2750 7 2751 2752 2753 2754 2755 2756 2757 2758 2759 2760 
23 2761 2762 2763 2764 2765 2766 2767 2768 8 2769 2770 2771 2772 2773 2774 2775 2776 2777 2778 2779 2780 2781 2782 
17 2783 2784 1288 2785 2786 2654 8 2787 2788 2789 2790 2791 2792 2793 2794 2795 2796 
19 2797 2798 2799 2728 2800 2801 2802 2803 2804 8 2805 2806 2807 2808 2809 2810 2811 2812 2813 
15 2814 2815 2816 2817 8 2818 2819 2820 2821 2822 2823 2824 2825 2826 2827 
26 2828 2829 2830 2831 2832 2833 2834 8 2835 2836 2837 2838 2839 2840 2841 2842 2843 2844 2845 2846 2847 2848 2849 2850 2851 2852 
19 2853 2854 2855 2856 2857 2858 2859 2860 8 2861 2862 2863 2864 2865 2866 2867 2868 2869 2870 
25 2871 2872 2873 2874 2875 8 2876 2877 2878 2879 2880 2881 2882 2883 2884 2885 2886 2887 186 2888 2889 2890 2891 2892 2893 
18 2894 2895 2896 8 2897 2898 2899 2900 2901 2902 2903 2904 2905 2906 2907 2908 2909 2910 
20 2911 2912 2913 2914 2915 2916 2917 2918 2919 8 2920 2921 2922 2923 2924 2925 2926 2927 43 2928 
12 2929 2930 2931 8 2932 2933 2934 2935 2936 2937 2938 2939 
26 2940 2941 2942 2943 2944 2945 8 2946 2947 2948 2949 2950 2951 2952 2953 1743 2954 2955 2956 2957 2958 2959 2960 2961 2962 2963 
25 2964 2965 2966 2967 2968 2969 2970 8 2971 2972 2973 2974 2975 2976 2977 2978 2979 2980 2981 2982 2983 2984 2985 2986 2987 
22 2988 8 2989 2990 2991 2992 2993 2994 2995 2996 2997 2998 2121 2999 3000 3001 3002 3003 3004 3005 3006 3007 
26 3008 3009 3010 3011 3012 3013 3014 8 3015 3016 3017 3018 3019 3020 3021 3022 3023 3024 3025 3026 3027 3028 3029 3030 3031 3032 
22 3033 3034 3035 3036 8 3037 3038 3039 3040 3041 3042 3043 3044 3045 3046 3047 3048 3049 3050 3051 3052 3053 
20 3054 3055 3056 3057 3058 3059 3060 3061 3062 3063 3064 8 3065 3066 3067 3068 3069 3070 3071 3072 
17 3073 3074 3075 3076 3077 9 3078 3079 3080 3081 3082 3083 3084 3085 3086 3087 3088 
17 3089 3090 3091 9 3092 3093 3094 3095 3096 3097 3098 3099 3100 3101 269 2665 3102 
17 3103 3104 3105 3106 3107 3108 9 3109 96 3110 3111 3112 3113 3114 3115 3116 602 
14 3117 3118 3119 3120 3121 3122 3123 9 3124 3125 3126 3127 3128 3129 
20 3130 3131 3132 174 3133 3134 3135 3136 9 3137 3138 3139 3140 3141 3142 3143 3144 3145 3146 3147 
24 1855 3148 3149 3150 3151 3152 3153 9 3154 3155 3156 3157 3158 164 3159 3160 3161 3162 3163 3164 3165 3166 3167 2701 
21 1524 3168 3169 3170 3171 3172 9 127 3173 3174 163 3175 3176 3177 3178 3179 3180 3181 3182 3183 3184 
22 3185 3186 3187 3188 3189 3190 9 3191 3192 3193 3194 3195 3196 3197 3198 3199 3200 3201 3202 3203 3204 3205 
23 3206 3207 3208 3209 9 3210 3211 3212 3213 3214 3215 3216 3217 3218 3219 3220 3221 3222 3223 3224 3225 3226 3227 
24 3228 3229 3230 3231 3232 3233 9 3234 3235 3236 3237 3238 3239 2822 3240 3241 3242 3243 705 3244 3245 3246 3247 3248 
25 3249 3250 3251 3252 3253 3254 3255 3256 9 3257 1531 3258 3259 3260 3261 3262 3263 3264 3265 3266 3267 3268 3269 3270 3271 
30 3272 3273 3274 3275 3276 9 3277 3278 3279 3280 3281 2736 3282 3283 3284 3285 3021 502 3286 3287 3288 3289 3290 3291 3292 3293 3294 3295 3296 3297 
18 3298 3299 3300 3301 3302 3303 3304 3305 3306 9 3307 3308 3309 3310 3311 3312 3313 3314 
18 3315 3316 3317 3318 3319 3320 9 3321 3322 3323 3324 1071 3325 3326 3327 3328 3329 3330 
27 3331 3332 3333 3334 3335 3336 3337 3338 3339 3340 3341 10 3342 3343 3344 3345 3346 3347 3348 3349 3350 3351 3352 3353 3354 3355 3356 
15 3357 3358 3359 3360 10 3361 3362 3363 3364 3365 3366 3367 3368 3369 3370 
21 3371 3372 3373 3374 3375 3376 3377 3378 3379 10 3380 3381 162 3382 3383 3384 3385 3386 3387 3388 3389 
27 3390 3391 3392 3393 3394 10 3395 3396 3397 3398 3399 3400 3401 3402 3403 3404 3405 3406 3407 3408 3409 3410 3411 3412 3413 3414 3415 
22 3416 3417 3418 3419 3420 3421 3422 3423 10 3424 3425 3426 3427 3428 3429 3430 3431 1814 3432 3433 3434 3435 
22 3436 3437 3438 3439 3440 3441 10 3442 3443 3444 3445 3446 3447 3448 3449 3450 3451 3452 3453 3454 3455 3456 
20 3457 3458 3459 3460 3461 3462 3463 3464 3465 3466 10 3467 3468 3469 3470 3471 3472 3473 3474 3475 
28 3476 3477 3478 3479 3480 3481 3482 3483 10 3484 3485 3486 3487 3488 3489 1585 3490 3491 3492 3493 3494 3495 3496 3497 3498 3499 3500 3501 
27 3502 3503 3504 3505 3506 3507 3508 10 3509 3510 3511 3512 3513 3514 3515 3516 3517 3518 3519 3520 3521 3522 3523 3524 3525 3526 3527 
21 3528 3529 3530 3531 3532 3533 3534 3535 3536 3537 10 3538 3539 3540 183 3541 3542 3543 3544 3545 3546 
20 3547 3548 3549 3550 3551 3552 3553 3554 3555 3556 3557 10 3558 3559 3560 3561 3562 3563 2611 3564 
26 3565 3566 3567 3568 3569 3570 3571 3572 3573 10 3574 3575 3576 3577 3578 3579 181 3580 3581 3582 3583 3584 3585 3586 3587 3588 
13 3589 3590 3591 3592 3593 10 3594 3595 3596 3597 3598 3599 3600 
19 1441 3601 3602 3603 3604 3605 10 3606 3607 3608 3609 3610 3611 3612 3613 3614 3615 3616 3617 
19 3618 3619 3620 3621 3622 3623 3624 3625 10 148 3626 3627 3628 3629 3630 3631 3632 3633 3634 
26 3635 3636 3637 3638 10 3639 3640 3538 3641 3642 3643 3644 3645 3646 3647 3648 3649 3650 3651 3652 3653 3654 3655 3656 3657 3658 
28 3659 3660 3661 3662 3663 3664 3665 3666 3667 3668 1951 3669 3670 3671 10 3672 3673 3674 3675 3676 2681 3677 3678 3679 3680 3681 3682 789 
30 3683 3684 2309 3685 1497 3686 3687 3688 3689 3690 3691 10 3692 3693 3694 3695 3696 3697 3698 3699 3700 3701 3702 3703 3704 3705 3706 2781 3707 3708 
22 3709 3710 2616 3711 3712 3713 3714 10 3715 3716 3717 3718 3719 3720 3721 3722 3723 3724 3725 3726 3727 3728 
20 3729 3730 3731 3732 3733 3734 10 3735 3736 3737 3738 3739 3740 3741 3742 3743 3744 3745 3746 3747 
24 3748 3749 3750 3751 3752 3753 3754 3755 3138 11 3756 3757 3758 3759 3760 3761 3762 3763 3764 3765 3766 3312 3767 3768 
20 3769 619 3770 3771 3772 3773 11 3774 3775 3776 3777 3778 3779 3780 3781 3782 3783 3784 892 3785 
17 3786 3787 3788 3789 607 3790 3791 3792 3793 3794 3795 3796 11 3797 3798 3799 3800 
2 11 3451 
3 11 769 1314 
1 11 
2 11 1403 
2 11 929 
2 811 11 
1 11 
2 2731 11 
2 11 116 
2 11 3542 
1 11 
2 11 2566 
1 11 
1 11 
1 11 
2 847 11 
1 11 
1 11 
4 1274 11 3580 644 
1 11 
1 11 
3 749 2989 12 
1 12 
1 12 
4 2413 12 1748 2890 
1 12 
1 12 
1 12 
3 12 2472 1394 
2 2534 12 
1 12 
2 12 3313 
1 12 
2 12 770 
2 12 1084 
3 12 1150 1509 
2 12 1136 
1 12 
2 12 2756 
1 12 
1 12 
1 12 
2 12 1179 
1 12 
1 12 
3 1269 12 1437 
2 13 3321 
1 13 
1 13 
1 13 
3 13 2443 2338 
2 712 13 
1 13 
1 13 
1 13 
1 13 
1 13 
1 13 
3 13 3345 1706 
2 638 13 
2 13 1688 
1 13 
2 13 2279 
2 1120 13 
2 13 2391 
2 3458 14 
2 1710 14 
1 14 
3 14 2560 3282 
2 2416 14 
2 14 114 
3 3318 14 3783 
3 14 2568 867 
1 14 
3 159 14 1229 
2 14 1701 
3 722 15 3297 
1 15 
2 15 522 
1 15 
2 894 15 
1 15 
1 15 
1 15 
3 3371 1950 15 
2 15 1742 
1 15 
2 511 15 
3 15 3260 1137 
2 15 2742 
2 2799 15 
3 1036 15 3030 
1 15 
1 15 
1 15 
1 15 
1 15 
4 2439 15 2373 1788 
1 16 
2 1124 16 
2 1142 16 
2 2431 16 
3 1307 2228 16 
2 471 16 
2 16 637 
1 16 
1 16 
1 16 
1 16 
1 16 
3 3717 2082 16 
1 16 
1 16 
1 17 
2 800 17 
1 17 
4 3130 1644 17 3204 
1 17 
2 3371 17 
1 17 
2 17 1356 
1 17 
1 17 
2 17 523 
2 2864 17 
2 3711 17 
2 1842 17 
2 3465 17 
2 17 1321 
1 17 
3 606 2327 17 
1 17 
1 17 
3 1381 17 3500 
2 2229 17 
4 3445 2501 17 3728 
2 2921 18 
1 18 
2 2713 18 
1 18 
6 1993 1581 3065 18 1116 3312 
2 1393 18 
2 2818 18 
1 18 
2 1273 18 
2 2220 18 
1 18 
1 18 
2 2494 18 
1 18 
1 18 
1 18 
2 2944 18 
1 18 
3 2616 1998 18 
1 18 
3 2453 18 2825 
1 18 
1 18 
2 18 3071 
2 3723 18 
1 18 
2 3538 18 
2 3165 19 
1 19 
1 19 
2 2602 19 
3 1301 1431 19 
3 1327 19 101 
2 19 3199 
2 1671 19 
2 2542 19 
2 3206 19 
3 3250 2900 19 
1 19 
2 1782 19 
2 1095 19 
2 3339 20 
1 20 
3 1257 20 706 
2 1151 20 
2 1901 20 
1 20 
3 427 20 1260 
1 20 
2 1555 20 
2 3425 20 
1 20 
1 20 
2 20 509 
1 20 
1 21 
1 21 
3 3610 21 865 
1 21 
1 21 
1 21 
2 3701 21 
2 836 21 
2 1700 21 
3 2432 519 21 
1 21 
1 21 
3 1819 1080 21 
2 3427 21 
1 21 
2 2246 21 
1 21 
4 3058 1202 21 63 
1 21 
1 21 
2 2304 21 
2 1899 21 
1 21 
1 21 
2 21 2321 
1 21 
2 724 21 
2 21 637 
2 2115 21 
1 21 
2 2714 21 
2 2789 21 
3 1859 1420 21 
1 21 
1 21 
1 21 
4 1079 3739 22 2507 
2 1380 22 
2 1015 22 
1 22 
2 2209 22 
4 3684 378 22 729 
1 22 
1 22 
1 22 
1 22 
1 22 
1 22 
1 22 
3 2274 2544 22 
1 22 
2 1556 23 
1 23 
3 49 2822 23 
2 2942 23 
1 23 
2 3364 23 
1 23 
2 2141 23 
1 23 
1 23 
1 23 
3 2944 3606 23 
2 3334 23 
3 871 1332 23 
3 31 2304 23 
1 23 
3 1380 3472 23 
2 23 1422 
1 23 
2 1845 23 
1 23 
1 23 
1 23 
2 894 23 
2 23 3314 
1 23 
1 24 
2 2407 24 
1 24 
1 24 
3 2799 3221 24 
1 24 
2 2329 24 
2 1529 24 
3 298 729 24 
1 24 
2 3232 24 
1 24 
1 24 
3 2633 1001 24 
1 24 
3 2129 3469 24 
1 24 
2 833 25 
2 25 1543 
2 3691 25 
1 25 
1 25 
1 25 
1 25 
2 3256 25 
1 25 
1 25 
3 1758 1952 25 
1 25 
1 25 
2 3678 25 
3 2697 42 25 
1 25 
2 2581 25 
2 3033 25 
1 25 
2 3064 25 
1 25 
1 25 
4 720 782 169 25 
3 2650 2626 25 
1 25 
3 618 63 25 
1 25 
3 1672 527 25 
1 25 
3 2134 384 25 
2 1174 25 
3 26 282 1171 
2 26 1982 
1 26 
2 1034 26 
1 26 
1 26 
1 26 
3 26 2290 525 
3 26 395 663 
4 26 3618 1376 2667 
1 26 
4 26 273 3202 2409 
3 26 318 2301 
3 26 2659 2982 
2 26 518 
2 26 977 
4 26 2527 2090 507 
1 27 
1 27 
1 27 
2 27 1763 
2 27 3455 
2 27 2942 
1 27 
1 27 
2 27 1864 
2 28 2732 
1 28 
1 28 
1 28 
2 28 3591 
1 28 
2 28 2900 
1 28 
2 3117 28 
1 28 
3 28 815 1202 
1 28 
1 28 
1 28 
2 28 2413 
1 28 
1 28 
3 28 2376 1200 
3 2483 28 2111 
2 28 737 
2 1523 28 
2 28 2716 
3 28 2486 1469 
1 29 
1 29 
3 29 2536 1004 
2 29 2922 
2 29 1201 
1 29 
2 29 2707 
3 29 2788 839 
2 29 3388 
1 29 
3 1897 29 2708 
2 29 1025 
3 29 2001 1659 
1 29 
2 29 979 
1 29 
2 29 2712 
1 29 
2 29 1966 
1 29 
1 29 
2 29 2075 
1 29 
1 30 
2 30 94 
1 30 
2 30 2848 
3 30 3603 2470 
2 3253 30 
1 30 
2 88 30 
2 30 954 
1 30 
1 30 
2 30 672 
3 30 1445 1558 
2 30 3606 
2 30 808 
1 30 
1 30 
1 30 
2 30 2361 
2 30 160 
2 31 3353 
1 31 
1 31 
3 1710 31 325 
3 194 31 2610 
2 1362 31 
2 31 934 
1 31 
1 31 
1 31 
3 31 1653 3497 
3 31 105 3266 
2 31 2240 
1 31 
2 32 2354 
3 32 853 505 
2 193 32 
1 32 
3 32 741 2372 
1 32 
3 1365 32 2444 
1 32 
2 32 2622 
2 32 1841 
1 32 
2 32 3161 
1 32 
3 32 1670 3631 
2 2730 32 
1 32 
2 32 1697 
3 32 1822 1502 
1 32 
1 32 
3 32 299 413 
4 1648 33 254 1589 
3 952 33 1869 
1 33 
3 1877 33 1620 
2 33 2321 
1 33 
2 33 213 
1 33 
1 33 
3 33 1412 3310 
2 33 1259 
1 34 
3 3534 34 1350 
1 34 
3 3445 34 692 
1 34 
1 34 
1 34 
1 34 
2 3437 34 
1 34 
1 34 
1 34 
3 1446 34 37 
1 34 
2 34 519 
1 34 
1 34 
1 34 
2 35 2450 
1 35 
3 1583 35 1312 
1 35 
1 35 
3 594 35 2236 
2 35 2622 
1 35 
2 35 2267 
2 2874 35 
1 35 
1 35 
1 35 
4 2819 35 1956 2639 
2 721 35 
2 1252 35 
3 35 3451 3051 
2 35 2842 
2 3641 36 
2 3105 36 
1 36 
2 2481 36 
1 36 
1 36 
1 36 
2 652 36 
1 36 
1 36 
3 2797 1607 36 
1 36 
3 3551 36 2360 
2 2797 36 
1 36 
3 2733 36 1431 
2 3756 36 
1 36 
1 36 
1 36 
2 36 167 
3 374 1444 36 
1 36 
1 36 
2 36 2621 
1 36 
1 37 
2 246 37 
1 37 
3 1630 1825 37 
4 2307 2309 2059 37 
1 37 
1 37 
1 37 
2 37 3414 
6 2187 2322 2635 37 502 2122 
4 778 37 681 2391 
4 271 1342 1840 37 
1 37 
2 37 412 
2 37 84 
1 37 
3 3090 2991 37 
2 2946 37 
3 427 471 37 
1 37 
3 37 2099 3646 
2 38 887 
1 38 
1 38 
3 38 957 3490 
2 2616 38 
3 3714 38 556 
2 38 2548 
1 38 
1 38 
3 621 1582 38 
2 38 1864 
2 38 2848 
1 38 
3 1119 2828 38 
1 38 
1 38 
2 38 2600 
3 216 2356 39 
2 39 3541 
2 2208 39 
1 39 
1 39 
1 39 
1 39 
2 39 1622 
2 1883 39 
3 39 1355 2184 
1 39 
1 39 
1 39 
1 39 
3 2396 1553 39 
2 2577 39 
1 39 
1 39 
1 39 
1 39 
2 196 39 
3 1480 228 39 
1 39 
1 39 
1 39 
1 40 
1 40 
2 900 40 
1 40 
3 3482 721 40 
1 40 
2 3260 40 
1 40 
4 2276 1005 40 502 
1 40 
1 40 
1 40 
1 40 
2 3556 40 
1 40 
2 40 188 
1 41 
1 41 
2 3462 41 
2 3514 41 
2 3753 41 
1 41 
2 1506 41 
1 41 
1 41 
1 41 
4 309 105 41 1541 
3 3754 1466 41 
1 41 
3 921 1662 41 
1 41 
1 41 
1 41 
1 41 
3 3733 597 41 
1 41 
3 2345 41 3072 
2 200 42 
3 49 42 2705 
1 42 
1 42 
3 547 2336 42 
1 42 
1 42 
3 3009 3642 42 
2 2658 42 
2 1950 42 
1 42 
1 42 
1 42 
1 42 
1 42 
2 1042 42 
1 42 
1 42 
2 3711 43 
2 57 43 
1 43 
2 1585 43 
3 480 1100 43 
2 2033 43 
1 43 
2 393 43 
1 43 
1 43 
2 567 43 
1 43 
3 1156 43 3387 
1 44 
1 44 
2 136 44 
5 900 3668 2533 3264 44 
1 44 
3 210 3599 44 
3 1920 2750 44 
3 1953 2306 44 
1 44 
1 44 
1 44 
4 618 2437 3244 44 
2 1583 44 
3 2633 2143 44 
1 44 
1 44 
2 3567 44 
2 1703 44 
1 44 
2 2537 44 
1 44 
3 2322 2432 44 
2 3274 44 
4 388 1421 2928 44 
1 44 
2 267 44 
1 45 
2 45 2610 
2 45 1990 
2 45 450 
3 45 2818 2441 
2 45 979 
2 45 85 
1 45 
2 2762 45 
2 45 3667 
1 45 
1 45 
1 45 
1 45 
1 45 
1 45 
4 45 3084 2446 1314 
2 45 2907 
2 45 1053 
4 45 732 3468 3288 
1 45 
1 45 
1 45 
1 45 
3 45 193 3372 
1 45 
6 46 275 89 1307 1490 460 
1 46 
1 46 
1 46 
2 46 2010 
2 46 1171 
5 46 845 776 3109 1903 
4 46 1398 3052 1495 
1 46 
2 2464 46 
1 46 
1 46 
2 46 2222 
3 46 2240 1891 
1 46 
3 46 3474 2984 
1 46 
2 46 3542 
1 46 
1 46 
1 46 
3 46 2016 1129 
3 46 1144 2893 
2 47 2079 
1 47 
1 47 
1 47 
4 3502 47 2115 803 
2 47 2157 
1 47 
3 2871 47 2961 
3 1728 47 2196 
2 47 1117 
1 47 
2 47 1996 
2 47 199 
1 47 
1 47 
3 47 1529 3525 
2 47 2209 
2 47 609 
1 47 
1 47 
4 47 2355 2558 3495 
1 48 
2 48 3588 
1 48 
3 48 3632 1645 
3 48 3267 1871 
1 48 
2 48 2362 
1 48 
2 2895 48 
2 48 1642 
1 48 
1 48 
1 48 
1 48 
4 1591 49 639 1413 
3 2462 49 3612 
3 2173 49 591 
1 49 
1 49 
2 49 735 
1 49 
3 49 3668 3237 
1 49 
1 49 
2 49 1303 
1 49 
2 49 2168 
1 49 
2 49 1352 
3 49 2553 1310 
1 50 
1 50 
2 50 2758 
1 50 
1 50 
1 50 
3 50 3676 1517 
2 50 1017 
2 50 1389 
2 50 526 
1 50 
3 873 50 574 
3 50 1031 3271 
1 50 
1 50 
2 50 3110 
2 1712 50 
2 50 2024 
4 50 3481 3064 3595 
4 2124 50 1749 1892 
1 51 
1 51 
2 51 2775 
2 51 3599 
2 1241 51 
1 51 
3 51 1823 1615 
2 51 2517 
1 51 
2 51 3758 
2 51 2582 
5 51 2205 3382 2980 3242 
2 51 1681 
2 51 476 
1 51 
3 1323 51 1596 
2 562 51 
3 51 782 1913 
2 51 1412 
2 51 118 
2 51 2209 
1 51 
2 51 1313 
1 51 
1 51 
2 51 3385 
1 51 
2 424 51 
4 3660 51 1487 2421 
3 51 975 3524 
1 51 
2 51 1963 
2 2435 52 
2 52 3112 
2 52 3634 
2 52 2232 
3 3038 52 1548 
2 52 571 
2 52 3612 
2 52 1359 
3 1343 52 2300 
3 52 2200 1117 
2 2918 52 
2 52 980 
2 52 1595 
2 52 115 
4 514 53 3452 3115 
1 53 
2 53 286 
2 53 2756 
2 53 2601 
1 53 
2 53 2354 
1 53 
3 90 53 826 
1 53 
2 53 2089 
1 53 
1 53 
1 53 
1 53 
1 53 
1 53 
3 2057 2675 53 
2 1653 53 
2 53 886 
2 53 2666 
4 2426 2253 53 2812 
3 53 1985 1893 
2 53 1467 
2 2451 53 
1 53 
1 53 
3 1424 54 3561 
2 54 1825 
1 54 
2 54 3639 
1 54 
3 54 2226 3678 
2 2394 54 
1 54 
3 54 2561 3433 
1 54 
3 54 1615 171 
3 54 2996 3600 
1 54 
1 55 
1 55 
1 55 
1 55 
2 103 55 
2 422 55 
4 2578 55 398 1334 
2 55 2144 
1 55 
1 55 
3 55 229 3221 
2 55 3096 
1 55 
1 55 
2 55 1171 
2 3150 55 
3 55 3382 1160 
1 55 
3 3009 55 61 
1 55 
1 55 
3 3553 56 371 
2 3757 56 
1 56 
2 56 2424 
2 1802 56 
4 2916 2096 833 56 
2 56 3362 
1 56 
1 56 
1 56 
2 3319 56 
2 2802 56 
1 56 
1 56 
2 3664 56 
2 3124 56 
3 2801 56 3367 
2 56 3087 
1 56 
1 56 
1 56 
2 335 56 
3 926 56 1029 
2 56 1905 
2 57 745 
3 57 1352 258 
1 57 
1 57 
1 57 
4 1361 294 1498 57 
1 57 
3 3769 2873 57 
1 57 
1 57 
3 1799 57 915 
1 57 
1 57 
2 57 3413 
1 57 
2 57 2740 
1 57 
2 57 231 
2 283 57 
1 57 
1 57 
2 58 3203 
2 58 1296 
2 295 58 
1 58 
3 1299 58 916 
2 58 2883 
1 58 
1 58 
1 58 
1 58 
2 58 230 
2 375 58 
1 58 
1 58 
2 58 2089 
1 58 
3 58 3766 841 
3 2376 2227 58 
1 58 
2 1668 58 
3 58 1090 2420 
1 59 
1 59 
1 59 
1 59 
2 3320 59 
2 1803 59 
1 59 
1 59 
3 2452 97 59 
1 59 
4 899 511 59 1088 
2 2895 59 
1 59 
3 2790 59 510 
2 59 1420 
1 59 
1 59 
2 1952 59 
2 59 237 
1 59 
2 2633 59 
2 1551 59 
1 59 
1 60 
2 2272 60 
1 60 
1 60 
1 60 
1 60 
1 60 
1 60 
2 60 3740 
1 60 
3 1857 1583 60 
1 60 
1 60 
2 3559 60 
1 60 
3 1703 60 1434 
2 60 554 
6 3618 564 1581 60 113 1984 
6 3336 3120 547 403 60 1489 
2 3341 60 
2 2345 60 
1 60 
1 60 
1 61 
1 61 
1 61 
1 61 
1 61 
2 3661 61 
1 61 
1 61 
1 61 
1 61 
2 1366 61 
1 61 
1 61 
1 61 
1 62 
2 2518 62 
2 62 2088 
1 62 
1 62 
4 2529 62 2884 3183 
2 2291 62 
2 1819 62 
2 62 269 
2 2062 62 
1 62 
2 62 1239 
1 62 
2 3301 62 
1 62 
1 62 
1 62 
2 62 3196 
3 1232 62 2722 
1 62 
2 992 63 
2 1648 63 
1 63 
1 63 
2 63 2591 
1 63 
1 63 
1 63 
1 63 
2 1283 63 
1 63 
2 682 63 
1 63 
1 63 
2 3504 63 
3 1442 63 2984 
3 374 3796 63 
1 63 
3 104 63 648 
2 378 63 
1 63 
1 63 
2 1399 63 
4 1757 2056 2385 63 
2 3234 63 
1 64 
1 64 
1 64 
3 64 3674 240 
1 64 
2 64 1985 
1 64 
2 64 339 
2 64 213 
1 64 
1 64 
4 64 3393 2461 2708 
1 64 
1 64 
1 64 
2 64 2337 
3 64 1484 2433 
2 64 1250 
2 64 1435 
2 64 2691 
1 64 
1 65 
4 2126 143 65 1725 
1 65 
2 65 1696 
2 65 1967 
1 65 
1 65 
2 65 3452 
2 65 2541 
3 1141 65 2892 
2 65 3077 
2 66 2352 
2 66 1144 
4 3662 66 129 1572 
2 66 362 
2 66 87 
2 66 962 
2 66 1809 
3 66 2858 2824 
1 66 
3 894 66 297 
1 66 
1 66 
3 66 1583 967 
3 66 1742 2392 
2 66 669 
3 1423 66 1010 
3 66 196 884 
1 66 
1 66 
1 66 
1 66 
1 66 
1 66 
2 66 323 
1 66 
4 67 1883 1003 1866 
1 67 
1 67 
1 67 
2 67 363 
1 67 
2 3662 67 
2 67 3667 
1 67 
2 67 450 
2 67 2450 
2 67 1080 
1 67 
1 67 
1 67 
2 67 3048 
1 67 
2 68 2816 
1 68 
2 68 722 
3 68 1028 1811 
1 68 
1 68 
2 68 2724 
1 68 
1 68 
1 68 
2 68 650 
1 68 
4 1120 2155 68 966 
1 68 
1 68 
3 68 3668 758 
3 1895 68 315 
1 68 
1 68 
2 68 1027 
2 69 2699 
2 69 1124 
3 2031 69 608 
1 69 
1 69 
2 69 623 
2 69 1217 
1 69 
1 69 
2 69 2892 
1 69 
1 69 
1 69 
2 69 3512 
2 69 3287 
1 69 
3 69 2227 520 
2 3788 69 
2 2730 69 
1 69 
3 423 70 453 
3 70 2197 328 
2 70 3491 
3 70 3139 2406 
1 70 
1 70 
1 70 
1 70 
1 70 
2 70 976 
1 70 
2 70 2844 
3 70 3539 2923 
2 70 336 
3 70 223 2346 
1 70 
1 70 
2 70 1500 
3 70 901 2301 
2 70 1263 
3 70 1695 3341 
2 70 2957 
2 1690 70 
2 70 198 
1 71 
1 71 
1 71 
2 71 1722 
1 71 
1 71 
2 71 2136 
1 71 
3 71 1006 647 
2 71 952 
2 71 1803 
1 71 
1 71 
1 71 
3 3531 71 3142 
2 71 1708 
3 71 1175 418 
2 71 865 
3 71 1636 454 
2 72 1313 
3 1061 72 2507 
1 72 
2 72 3108 
1 72 
2 72 1564 
1 72 
1 72 
3 72 362 700 
1 72 
1 72 
3 2747 72 1199 
3 72 1979 1284 
1 72 
2 72 240 
1 72 
2 72 2398 
2 72 3447 
2 73 185 
2 73 1256 
2 73 2819 
2 73 706 
2 73 595 
3 73 2196 661 
2 73 2586 
1 73 
2 73 111 
1 73 
1 73 
1 73 
3 73 2119 1554 
3 1879 73 2704 
1 73 
3 73 2610 2106 
3 2481 73 2015 
1 74 
2 74 2681 
1 74 
1 74 
3 2246 74 1687 
1 74 
1 74 
1 74 
2 74 801 
2 74 1057 
1 74 
2 74 559 
1 74 
1 74 
1 74 
1 74 
1 74 
2 2483 74 
1 75 
3 3303 75 2009 
1 75 
1 75 
2 75 770 
1 75 
1 75 
1 75 
2 75 1282 
1 75 
1 75 
2 75 1016 
2 75 3453 
4 2912 75 3260 1202 
2 894 75 
1 75 
1 75 
2 75 3784 
1 75 
2 901 75 
1 76 
3 76 2809 189 
3 1124 76 2348 
1 76 
3 2158 76 1397 
1 76 
3 1594 76 634 
1 76 
1 76 
2 2594 76 
2 796 76 
1 76 
1 76 
2 76 230 
2 76 2297 
1 76 
3 2713 76 3563 
1 76 
1 76 
1 76 
1 76 
3 3185 974 76 
1 76 
2 76 3644 
1 77 
2 77 2863 
1 77 
2 77 557 
2 77 164 
2 77 1707 
1 77 
1 77 
2 77 2852 
3 77 470 932 
2 77 3705 
2 77 168 
1 77 
3 77 1659 2738 
2 77 2519 
1 77 
1 77 
1 77 
1 77 
1 77 
1 77 
2 77 800 
1 77 
3 481 3771 77 
1 78 
1 78 
1 78 
1 78 
2 1024 78 
2 78 3293 
1 78 
2 78 1182 
3 1790 78 2755 
3 78 763 1893 
3 2629 78 1453 
2 78 380 
2 437 78 
2 2560 78 
2 78 595 
2 2628 79 
2 79 3647 
2 1670 79 
1 79 
1 79 
3 1428 79 2792 
2 79 82 
1 79 
1 79 
1 79 
1 79 
1 79 
1 79 
2 1300 79 
1 79 
1 79 
1 79 
1 80 
1 80 
3 3118 2286 80 
2 2943 80 
2 3528 80 
3 335 80 1201 
3 2800 741 80 
5 669 1194 854 80 1310 
1 80 
3 832 179 80 
1 80 
1 80 
1 80 
2 638 80 
2 3023 81 
2 952 81 
1 81 
1 81 
2 1502 81 
2 81 1032 
5 1694 1003 2236 81 3761 
1 81 
1 81 
1 81 
2 3541 81 
1 81 
2 1945 81 
1 81 
1 81 
2 3058 81 
2 2559 82 
3 3340 695 82 
2 1692 82 
2 82 3356 
1 82 
2 82 1683 
1 82 
2 82 3220 
1 82 
3 994 82 1071 
2 2915 82 
1 82 
1 82 
1 82 
3 641 82 3128 
1 82 
2 756 82 
2 2366 82 
1 82 
1 82 
2 2534 83 
3 83 2368 3005 
1 83 
1 83 
2 714 83 
2 1832 83 
1 83 
2 2574 83 
1 83 
1 83 
2 83 1422 
1 83 
1 83 
2 3171 83 
1 83 
1 83 
3 947 83 1893 
1 83 
3 311 3285 83 
3 941 3100 83 
1 83 
1 83 
4 638 1242 1649 84 
2 1648 84 
2 2334 84 
1 84 
1 84 
4 1052 2836 613 84 
2 84 2092 
1 84 
1 84 
2 3122 84 
1 84 
4 3441 1533 572 84 
1 84 
1 84 
2 803 84 
3 2936 1812 84 
1 84 
1 84 
2 84 1930 
1 85 
3 85 3246 1159 
2 2922 85 
3 1561 630 85 
3 3010 365 85 
2 85 507 
1 85 
1 85 
3 1952 1904 85 
1 85 
1 85 
1 85 
1 85 
1 85 
2 1000 85 
2 2107 85 
3 2817 1611 85 
1 85 
1 85 
1 85 
2 1462 85 
3 3260 255 85 
1 86 
3 3170 86 1402 
1 86 
3 1608 2899 86 
2 3362 86 
2 1596 86 
2 1400 86 
2 1290 86 
3 3581 633 86 
2 2120 86 
1 86 
3 3593 394 86 
3 2710 86 270 
1 86 
3 1199 859 86 
2 3144 86 
1 86 
2 253 86 
2 1525 86 
2 1419 86 
2 2107 87 
4 606 261 3495 87 
1 87 
2 87 984 
3 3769 2024 87 
1 87 
1 87 
1 87 
2 2376 87 
2 87 3295 
1 87 
1 87 
1 87 
4 1407 1780 2234 87 
2 2859 87 
2 1911 87 
2 1288 87 
1 87 
1 88 
2 88 925 
2 88 2798 
1 88 
2 88 1738 
2 88 2421 
3 88 2728 2897 
1 88 
1 88 
2 88 3000 
1 88 
2 88 1731 
2 88 2766 
2 88 2283 
1 88 
3 88 280 1311 
2 88 152 
1 88 
2 88 2720 
1 88 
2 88 3337 
2 88 219 
3 88 2944 987 
1 88 
2 88 2177 
2 88 3371 
2 88 3094 
1 88 
1 89 
3 89 3675 3728 
3 2797 89 1264 
3 89 490 3267 
1 89 
1 89 
1 89 
1 89 
3 89 531 2991 
2 89 1974 
2 89 2317 
1 89 
2 89 2179 
1 89 
1 89 
1 89 
2 90 2274 
1 90 
1 90 
2 90 3767 
1 90 
1 90 
1 90 
2 3437 90 
1 90 
2 90 1722 
1 90 
2 90 370 
1 90 
1 90 
1 90 
1 90 
4 90 3022 3698 2049 
2 90 292 
2 90 2795 
3 91 1802 1552 
2 91 2170 
2 91 2273 
1 91 
2 91 2421 
1 91 
2 3076 91 
1 91 
1 91 
2 91 1129 
1 91 
3 91 3637 3018 
3 1790 1099 91 
3 1166 91 1414 
2 3790 91 
1 91 
1 91 
1 91 
2 2727 91 
3 91 1304 3495 
1 91 
2 1343 91 
2 91 1663 
1 91 
2 91 176 
1 91 
1 91 
3 91 1944 2013 
3 3170 3483 92 
3 92 1228 398 
1 92 
1 92 
2 92 634 
2 994 92 
2 3337 92 
3 714 1062 92 
1 92 
1 92 
1 92 
2 92 3395 
1 92 
1 92 
2 1631 92 
3 92 2294 2007 
1 92 
1 92 
1 93 
1 93 
2 3463 93 
2 93 3296 
2 93 722 
3 93 626 2561 
2 93 321 
1 93 
1 93 
3 3592 93 456 
1 93 
1 93 
1 93 
1 93 
1 93 
1 93 
1 93 
1 93 
1 93 
2 94 163 
2 94 2280 
2 94 1194 
1 94 
2 94 418 
2 94 1926 
1 94 
1 94 
2 94 3363 
4 94 3094 742 536 
1 94 
2 1323 94 
2 94 2458 
1 94 
3 639 2555 94 
4 94 3381 3024 2241 
2 94 942 
1 94 
2 94 2397 
3 1877 95 2029 
1 95 
1 95 
3 1874 641 95 
1 95 
2 95 1454 
2 2133 95 
1 95 
1 95 
3 1323 757 95 
2 3553 95 
1 95 
3 2057 95 2449 
1 95 
1 95 
2 95 2045 
2 95 2880 
3 2551 95 907 
2 95 987 
4 95 1642 1553 1056 
1 95 
4 3359 96 3642 1356 
3 2162 96 2315 
3 96 570 2449 
3 103 96 3489 
2 96 407 
2 96 1930 
2 376 96 
2 96 2141 
2 900 96 
2 96 1675 
2 96 1118 
1 96 
1 96 
1 96 
1 96 
1 96 
3 96 1724 3767 
1 96 
2 96 1005 
1 96 
1 96 
1 96 
2 2285 97 
1 97 
2 2415 97 
2 848 97 
1 97 
1 97 
2 97 2420 
1 97 
2 97 2755 
2 1860 97 
1 97 
1 97 
3 2576 2134 97 
3 1900 97 1666 
2 97 3746 
1 97 
2 3366 98 
1 98 
1 98 
1 98 
1 98 
2 98 2826 
2 3318 98 
2 2149 98 
1 98 
1 98 
2 2112 98 
2 98 1817 
2 98 1602 
1 98 
2 3254 98 
1 98 
1 99 
3 279 820 99 
2 99 188 
4 490 1675 1178 99 
3 849 99 3086 
1 99 
1 99 
2 680 99 
1 99 
1 99 
1 99 
1 99 
2 3279 99 
1 99 
2 99 1019 
2 99 2241 
1 99 
2 578 99 
3 2343 1291 99 
1 99 
1 100 
1 100 
2 2699 100 
1 100 
1 100 
4 2310 1764 100 140 
1 100 
1 100 
1 100 
2 2945 100 
2 1435 100 
1 100 
1 100 
2 512 100 
2 2690 100 
3 1201 100 2962 
3 1271 1056 100 
1 100 
1 100 
1 100 
1 100 
2 870 101 
1 101 
2 3394 101 
2 335 101 
1 101 
1 101 
4 928 2304 101 3007 
1 101 
2 349 101 
2 3692 101 
1 101 
3 572 101 3501 
1 101 
1 101 
1 101 
1 101 
1 101 
3 2767 1833 101 
2 101 3088 
2 1477 101 
2 898 101 
2 101 2508 
1 101 
2 101 1817 
2 101 2847 
4 3222 101 1457 2268 
2 915 102 
1 102 
2 3748 102 
1 102 
2 2453 102 
1 102 
1 102 
2 2663 102 
3 1713 985 102 
1 102 
1 102 
1 102 
1 102 
2 1874 102 
2 3021 102 
2 1362 103 
1 103 
2 103 834 
1 103 
1 103 
1 103 
2 103 2840 
1 103 
1 103 
4 2452 103 3077 2825 
2 3228 103 
1 103 
1 103 
1 103 
2 103 1889 
1 103 
2 103 3733 
1 103 
2 103 1787 
1 103 
2 103 2383 
1 103 
2 2151 104 
2 104 3191 
1 104 
3 104 2473 1264 
3 104 1051 1886 
1 104 
2 104 715 
2 104 2658 
1 104 
2 104 1230 
2 104 3052 
1 104 
2 104 2827 
1 104 
1 104 
1 104 
1 104 
1 104 
1 105 
1 105 
1 105 
3 3753 105 2319 
3 105 2885 581 
1 105 
2 105 2869 
1 105 
3 2593 917 105 
1 105 
1 105 
2 105 305 
2 105 3581 
1 105 
1 105 
1 105 
1 105 
2 1223 105 
3 105 1044 1154 
2 105 527 
1 105 
3 3547 105 1654 
1 105 
2 3535 106 
1 106 
2 1100 106 
1 106 
2 106 2339 
2 106 731 
2 2394 106 
1 106 
1 106 
1 106 
1 106 
1 106 
2 106 1456 
3 1709 107 1682 
1 107 
1 107 
2 107 3561 
2 107 555 
4 107 2993 1943 3723 
3 2914 107 2429 
1 107 
3 921 107 414 
1 107 
1 107 
1 107 
2 107 1453 
2 1698 107 
2 107 154 
2 107 720 
1 107 
3 108 3085 987 
3 3035 2489 108 
2 1288 108 
2 2254 108 
1 108 
2 108 478 
1 108 
2 3620 108 
2 3730 108 
3 1880 108 2789 
3 108 1929 509 
2 108 3084 
3 1410 2221 108 
1 108 
1 108 
2 2526 108 
1 108 
3 444 108 1902 
1 108 
2 108 855 
2 108 1081 
2 108 2297 
1 108 
2 108 2545 
1 108 
3 1940 109 2242 
1 109 
2 2053 109 
1 109 
2 109 2239 
2 2714 109 
2 109 1352 
1 109 
2 922 109 
2 1500 109 
1 109 
2 109 2610 
2 109 3695 
3 1896 3253 109 
2 109 3682 
1 109 
1 109 
1 109 
1 109 
3 2654 109 964 
1 109 
2 1791 109 
1 109 
1 110 
2 954 110 
1 110 
1 110 
1 110 
5 3730 110 2261 1751 2846 
2 2712 110 
3 110 1767 3313 
1 110 
1 110 
3 2674 110 2822 
1 110 
2 758 110 
2 2397 110 
1 110 
3 720 111 2234 
1 111 
1 111 
2 130 111 
1 111 
1 111 
1 111 
1 111 
2 111 2401 
5 1446 925 111 3447 119 
3 1381 3595 111 
1 111 
1 111 
2 111 1029 
1 111 
1 111 
1 112 
3 3036 3446 112 
2 999 112 
1 112 
2 2455 112 
2 751 112 
4 426 112 1008 933 
1 112 
2 112 2374 
1 112 
1 112 
2 2918 112 
1 112 
1 113 
2 113 2639 
1 113 
1 113 
2 340 113 
3 2766 2136 113 
3 906 3099 113 
2 113 3326 
1 113 
1 113 
2 1066 113 
3 113 1157 1376 
3 297 2995 113 
2 113 329 
2 3256 113 
1 113 
4 1023 3590 113 2824 
2 3729 113 
3 2187 113 1722 
1 113 
4 672 1596 2996 113 
2 113 3524 
2 2257 113 
2 2153 113 
3 907 113 615 
3 113 1964 1870 
2 2149 113 
1 113 
2 3508 113 
1 113 
5 1462 401 3211 114 3783 
1 114 
1 114 
1 114 
2 3258 114 
1 114 
2 114 3431 
2 1055 114 
2 2127 114 
1 114 
1 114 
2 2238 114 
1 114 
2 2331 114 
1 114 
2 2177 114 
2 2584 114 
1 114 
1 114 
2 3379 114 
1 114 
2 675 114 
2 114 2015 
2 3774 114 
1 115 
2 128 115 
3 1185 2531 115 
2 1792 115 
4 1771 3624 115 435 
1 115 
2 782 115 
1 115 
1 115 
2 115 257 
2 1856 115 
1 115 
1 116 
2 1740 116 
1 116 
2 1917 116 
4 1578 3121 3255 116 
1 116 
1 116 
1 116 
3 3009 518 116 
2 1227 116 
1 116 
2 2839 116 
2 1833 116 
1 116 
1 116 
3 1510 116 2145 
1 116 
1 116 
2 1028 116 
3 1398 116 523 
1 116 
1 116 
4 1996 451 406 116 
1 116 
2 849 116 
2 715 117 
1 117 
3 715 117 189 
2 1974 117 
1 117 
1 117 
2 2653 117 
1 117 
2 1896 117 
2 2995 117 
2 1765 117 
1 117 
2 2074 117 
2 3298 117 
4 642 410 3411 117 
3 720 863 118 
1 118 
1 118 
1 118 
1 118 
3 325 2666 118 
1 118 
2 469 118 
1 118 
2 2259 118 
1 118 
2 2858 118 
2 1650 118 
1 118 
2 815 118 
2 1281 118 
4 245 3608 3738 118 
2 2098 118 
1 118 
1 118 
1 119 
3 3067 1967 119 
2 2677 119 
3 1204 810 119 
2 1394 119 
1 119 
3 1498 3041 119 
2 3290 119 
3 3304 3245 120 
2 3104 120 
2 1298 120 
1 120 
4 617 1040 2693 120 
2 937 120 
2 749 120 
1 120 
1 120 
2 2883 120 
2 697 120 
2 601 120 
2 944 120 
2 3259 120 
1 120 
1 120 
2 1623 120 
1 120 
2 1627 120 
1 120 
1 120 
1 120 
2 621 120 
2 292 120 
2 2211 120 
2 121 3675 
6 121 1717 3080 554 2823 1157 
3 121 2633 3051 
1 121 
2 121 3762 
1 121 
1 121 
1 121 
2 121 2051 
1 121 
2 121 1264 
1 121 
2 121 3487 
1 121 
1 121 
2 121 3404 
3 121 721 259 
3 121 3308 1311 
1 122 
3 122 1067 2100 
1 122 
2 122 763 
4 122 3397 2185 1873 
3 122 2565 1439 
1 122 
2 122 3001 
2 122 2195 
2 122 3573 
2 122 2609 
1 122 
1 122 
2 122 1383 
2 122 464 
1 122 
2 122 522 
1 122 
1 123 
1 123 
3 219 123 551 
2 123 3676 
2 1919 123 
2 123 264 
1 123 
1 123 
1 123 
4 123 1923 3609 1160 
5 123 1732 1794 3673 1016 
1 123 
1 123 
2 123 1098 
1 124 
2 124 1055 
1 124 
1 124 
2 124 2113 
1 124 
2 124 296 
3 124 395 863 
3 124 3630 1282 
1 125 
2 1020 125 
1 125 
2 125 853 
1 125 
2 125 292 
1 125 
2 872 125 
1 125 
2 125 245 
2 125 623 
1 125 
2 125 884 
1 125 
1 125 
5 1897 125 3483 1886 2506 
3 667 125 1333 
3 126 3095 1058 
3 1169 126 2040 
4 126 3174 2020 351 
1 126 
2 126 2207 
1 126 
1 126 
4 126 3110 1867 3433 
1 126 
1 126 
3 3040 126 1277 
2 953 127 
1 127 
4 903 127 3450 3240 
1 127 
1 127 
1 127 
1 127 
1 127 
2 587 127 
1 127 
2 223 127 
2 2056 127 
3 3769 3661 127 
1 127 
3 3300 127 3720 
1 127 
1 128 
1 128 
1 128 
3 688 128 1457 
1 128 
3 128 555 1475 
1 128 
1 128 
2 128 559 
1 128 
1 128 
3 2125 3074 128 
2 128 2939 
1 128 
1 128 
1 128 
2 128 343 
1 128 
2 128 3159 
1 128 
1 128 
1 128 
1 128 
2 128 330 
1 128 
3 2802 128 3654 
1 128 
1 128 
3 128 3098 2449 
3 422 1424 128 
3 128 3081 2011 
1 128 
1 128 
1 128 
1 129 
3 3012 129 3681 
1 129 
2 2748 129 
1 129 
2 995 129 
2 1222 129 
2 129 1534 
1 129 
1 129 
2 3277 129 
1 129 
1 129 
1 130 
2 130 2139 
2 130 527 
2 130 2721 
2 1226 130 
2 3138 130 
2 2272 130 
1 130 
2 845 130 
5 1626 3061 224 130 3212 
1 130 
2 562 130 
2 130 861 
1 130 
1 130 
1 130 
2 130 1295 
3 130 366 3705 
2 130 2987 
4 3529 3462 130 435 
2 130 2147 
1 130 
1 130 
3 738 130 2820 
1 130 
1 131 
3 3344 131 1891 
1 131 
2 131 967 
1 131 
3 131 3560 1869 
1 131 
1 131 
3 131 2924 937 
2 1606 131 
3 263 131 1557 
3 1841 131 1069 
1 131 
1 131 
1 131 
2 2398 131 
2 131 206 
1 131 
2 131 267 
1 132 
2 132 3448 
1 132 
1 132 
1 132 
2 1633 132 
1 132 
3 2673 132 1929 
3 132 764 2642 
2 1080 132 
1 132 
1 132 
3 496 132 2753 
2 998 132 
1 132 
2 132 2262 
1 132 
2 1447 132 
1 132 
1 132 
1 132 
1 132 
2 1245 132 
1 133 
2 2079 133 
2 1505 133 
2 2688 133 
1 133 
2 133 3024 
1 133 
1 133 
2 133 748 
2 1038 133 
2 361 133 
1 133 
2 133 3004 
1 133 
1 133 
1 133 
2 133 3747 
2 2403 133 
5 869 607 2160 133 1456 
2 182 133 
1 133 
2 133 2683 
2 2835 133 
2 133 3366 
4 736 134 349 190 
3 3458 134 3160 
1 134 
1 134 
1 134 
2 134 709 
3 625 673 134 
1 134 
1 134 
1 134 
2 134 503 
3 2917 134 2888 
2 1559 135 
2 1554 135 
1 135 
1 135 
1 135 
6 2377 3393 855 135 476 1181 
1 135 
3 720 2679 135 
1 135 
1 135 
1 135 
3 2217 680 135 
1 135 
1 135 
2 2577 135 
1 135 
1 135 
2 3076 135 
3 3206 3644 135 
1 135 
1 136 
1 136 
2 503 136 
1 136 
1 136 
2 2313 136 
4 143 3440 2168 136 
1 136 
1 136 
1 136 
3 2060 819 136 
2 136 524 
1 136 
1 136 
2 136 3180 
2 2023 136 
1 136 
2 159 136 
4 2327 1054 136 3599 
3 2747 520 136 
1 136 
1 136 
1 137 
2 2679 137 
1 137 
3 2576 3486 137 
3 3323 2182 137 
3 2767 1051 137 
2 137 3086 
2 2344 137 
1 137 
3 2671 2635 137 
1 137 
3 1459 137 188 
1 137 
2 137 2613 
1 137 
1 137 
1 138 
1 138 
2 2595 138 
1 138 
2 1983 138 
3 3044 1285 138 
2 2810 138 
2 2354 138 
1 138 
1 138 
1 138 
2 494 138 
1 138 
3 1360 1971 138 
1 138 
3 2914 163 138 
1 138 
1 138 
2 1454 138 
2 812 138 
1 138 
2 566 138 
3 1277 570 138 
1 139 
2 1701 139 
1 139 
3 2178 576 139 
3 333 1512 139 
3 2154 416 139 
1 139 
2 558 139 
1 139 
1 139 
1 139 
2 1745 139 
2 2528 139 
2 1239 139 
1 139 
2 1346 139 
1 139 
2 3194 139 
2 1808 140 
4 144 1733 2760 140 
1 140 
3 631 1378 140 
3 202 3293 140 
2 537 140 
2 700 140 
1 140 
1 140 
2 169 140 
2 3362 140 
2 1533 140 
1 140 
2 1134 140 
1 140 
2 284 140 
1 140 
3 3618 3742 140 
2 3458 141 
1 141 
3 1434 141 2667 
2 2515 141 
2 3299 141 
2 848 141 
1 141 
2 3275 141 
2 2581 141 
1 141 
3 1925 1552 141 
4 1037 233 2908 141 
1 141 
2 970 141 
1 141 
2 2728 141 
1 142 
3 142 876 3183 
1 142 
2 142 3719 
1 142 
3 142 2221 1739 
3 142 2675 2007 
1 142 
1 142 
1 142 
1 142 
1 142 
2 142 2886 
1 142 
2 142 990 
1 142 
1 142 
1 142 
2 142 2905 
1 142 
2 142 189 
1 142 
1 143 
1 143 
1 143 
1 143 
1 143 
2 143 567 
4 143 3663 2133 417 
2 143 1174 
1 143 
3 143 1564 3291 
1 143 
1 143 
3 143 3579 1789 
1 143 
6 1757 144 695 698 3696 3728 
3 1729 144 3674 
5 3458 144 467 285 3703 
2 144 1582 
2 144 1111 
3 144 1106 2503 
2 144 3785 
2 144 3554 
1 144 
1 144 
1 144 
1 144 
2 144 1497 
2 144 2692 
1 144 
2 144 1055 
1 144 
2 145 3255 
1 145 
2 1340 145 
2 145 1683 
3 872 145 337 
4 1443 145 2835 680 
3 145 3671 2548 
1 145 
4 439 145 2182 167 
2 145 2376 
3 145 1305 2232 
3 145 2040 351 
2 145 1938 
2 145 2065 
2 146 745 
1 146 
2 146 3673 
2 146 2986 
2 2856 146 
1 146 
1 146 
3 146 2819 2614 
2 1653 146 
1 146 
1 146 
2 146 2293 
2 146 2037 
1 146 
2 146 684 
1 146 
2 146 1391 
2 146 3354 
2 146 2177 
2 146 2014 
3 586 146 743 
1 146 
1 146 
1 146 
3 1528 146 3456 
1 147 
1 147 
1 147 
2 2832 147 
1 147 
3 1305 147 2333 
2 147 1723 
1 147 
1 147 
2 147 3785 
2 1521 147 
2 147 319 
1 147 
1 147 
1 147 
1 147 
2 147 2077 
1 147 
2 924 148 
1 148 
2 1126 148 
2 148 676 
1 148 
1 148 
1 148 
2 3013 148 
1 148 
2 148 1890 
1 148 
1 148 
3 1145 148 2359 
2 148 1226 
2 2075 148 
3 3316 148 2773 
1 148 
2 148 2627 
1 148 
2 219 148 
1 148 
3 148 1369 1296 
2 148 916 
1 149 
3 149 1172 946 
1 149 
2 1733 149 
1 149 
2 1692 149 
3 543 149 368 
1 149 
1 149 
1 149 
3 3463 149 3212 
2 149 2779 
2 3463 149 
3 149 3142 885 
2 149 2756 
1 149 
1 149 
1 150 
2 150 1489 
1 150 
3 2113 150 2701 
2 1616 150 
2 1100 150 
2 150 2627 
3 150 1030 2214 
1 150 
2 3207 150 
2 331 150 
3 563 1669 150 
2 1392 150 
2 2558 150 
1 150 
2 3508 150 
1 150 
2 150 865 
1 151 
1 151 
1 151 
1 151 
1 151 
1 151 
1 151 
2 151 1663 
2 3438 151 
2 3772 151 
2 2490 151 
1 152 
1 152 
3 440 533 152 
2 1579 152 
4 448 347 152 1749 
3 1978 152 3289 
3 728 152 3313 
1 152 
3 3376 3557 152 
1 152 
1 152 
1 152 
2 3111 152 
1 152 
1 152 
1 152 
1 152 
3 3160 152 1401 
1 152 
1 152 
1 152 
2 924 152 
2 152 1984 
1 152 
1 153 
1 153 
1 153 
1 153 
1 153 
1 153 
2 3623 153 
1 153 
2 3789 153 
1 153 
2 3208 153 
1 153 
1 153 
1 153 
1 153 
1 153 
2 999 153 
1 153 
2 153 524 
1 153 
3 1256 909 153 
1 153 
2 2831 153 
3 3420 2543 153 
1 154 
2 216 154 
1 154 
3 1763 727 154 
2 3750 154 
2 2112 154 
1 154 
3 2316 2228 154 
3 2236 154 1072 
1 154 
1 154 
1 154 
3 1736 3285 154 
2 2400 154 
1 154 
1 154 
2 2604 154 
2 1627 154 
1 154 
2 1996 154 
1 155 
4 2290 818 155 1092 
4 3054 1671 3615 155 
2 155 3220 
2 2513 155 
3 3769 2878 155 
1 155 
1 155 
1 155 
1 155 
2 1801 155 
1 155 
1 155 
3 155 169 2030 
3 3134 155 1787 
2 1590 155 
3 2597 155 1870 
1 155 
2 155 3296 
1 155 
1 155 
1 155 
2 286 155 
1 155 
1 155 
2 497 156 
1 156 
2 2125 156 
2 2204 156 
1 156 
2 1024 156 
1 156 
2 2461 156 
2 2348 156 
1 156 
1 156 
2 2691 156 
2 3188 156 
1 156 
1 156 
2 156 1338 
2 3240 156 
1 156 
3 2377 683 156 
3 901 2063 156 
1 156 
2 3010 157 
1 157 
1 157 
1 157 
3 403 157 1605 
1 157 
2 3721 157 
2 2534 157 
1 157 
1 157 
5 499 3401 3223 157 986 
2 335 157 
2 3139 157 
2 2343 157 
1 157 
2 3605 157 
1 157 
2 354 157 
3 3256 157 810 
1 158 
2 158 2489 
1 158 
3 158 1796 2645 
3 158 2040 1297 
1 158 
2 158 3439 
2 158 2376 
2 158 2508 
2 158 3527 
1 158 
3 158 2135 884 
2 2124 158 
3 158 1953 2676 
2 158 1112 
2 158 2008 
1 159 
3 159 727 3726 
1 159 
1 159 
1 159 
3 159 1864 1753 
2 2451 159 
3 159 1085 3414 
2 159 3182 
2 159 2506 
2 159 2222 
2 159 1645 
1 159 
1 159 
1 160 
2 2351 160 
2 686 160 
2 160 3406 
1 160 
3 1426 160 3745 
3 900 160 3217 
3 160 2458 983 
2 160 2952 
2 1021 160 
1 160 
1 160 
2 1034 160 
1 160 
2 545 161 
2 1578 161 
1 161 
2 161 1202 
2 2286 161 
2 161 1657 
1 161 
2 161 1110 
1 161 
1 161 
1 161 
2 161 1620 
1 161 
2 311 162 
1 162 
2 162 3676 
1 162 
2 162 3022 
1 162 
1 162 
1 162 
3 192 2530 162 
3 1383 3066 162 
1 162 
1 162 
3 162 1418 2907 
1 162 
2 162 1704 
1 162 
1 162 
1 162 
1 163 
1 163 
2 163 1089 
1 163 
1 163 
1 163 
1 163 
1 163 
1 163 
1 163 
1 163 
2 163 2496 
3 2617 163 2957 
2 628 163 
1 163 
1 163 
1 163 
3 358 3623 163 
3 3418 3208 163 
1 163 
1 164 
1 164 
3 1818 1690 164 
2 1639 164 
1 164 
1 164 
2 2453 164 
1 164 
1 164 
3 3343 164 3382 
1 164 
2 164 3527 
2 164 2662 
1 164 
3 3319 164 3097 
3 2762 1226 164 
1 164 
3 165 1517 3706 
1 165 
1 165 
2 3045 165 
2 165 3783 
1 165 
2 2054 165 
1 165 
1 165 
2 165 2726 
1 165 
2 165 1238 
1 165 
2 3509 165 
2 364 165 
2 3397 165 
1 165 
2 165 522 
2 1140 165 
2 311 165 
1 165 
3 166 367 2646 
2 2920 166 
3 2974 166 3166 
1 166 
1 166 
2 2246 166 
3 2534 2904 166 
1 166 
1 166 
1 166 
1 166 
2 3109 166 
1 166 
1 166 
3 3011 1613 166 
3 467 1084 166 
2 166 2015 
2 3064 166 
1 166 
1 166 
1 166 
1 166 
2 2041 167 
1 167 
1 167 
1 167 
2 473 167 
2 167 3677 
2 167 1265 
1 167 
1 167 
2 959 167 
1 167 
1 167 
4 3589 2464 167 3049 
1 167 
2 999 167 
1 167 
2 853 167 
2 2350 167 
2 1668 167 
1 167 
1 167 
2 3381 168 
2 168 368 
1 168 
1 168 
3 588 2162 168 
2 168 1947 
3 2814 2286 168 
4 487 2230 168 3072 
1 168 
2 2250 168 
3 3407 2363 168 
5 283 780 1489 168 1688 
1 168 
1 168 
1 168 
2 845 168 
1 168 
2 168 614 
3 1758 942 168 
1 168 
1 168 
1 168 
3 3540 980 168 
1 169 
1 169 
2 169 864 
2 2752 169 
1 169 
2 2522 169 
1 169 
2 1961 169 
1 169 
1 169 
2 263 169 
1 169 
2 169 3708 
3 1644 3000 169 
1 169 
2 1374 169 
2 887 169 
2 2945 169 
2 169 2349 
2 2792 169 
1 169 
3 2731 1549 169 
1 169 
2 1718 169 
3 1839 3026 169 
2 271 169 
2 2320 170 
2 2749 170 
2 2476 170 
2 1234 170 
1 170 
2 1477 170 
2 2350 170 
1 170 
1 170 
1 170 
3 3419 170 2392 
1 170 
2 170 647 
1 170 
3 192 335 170 
4 2946 226 2179 170 
2 170 461 
1 171 
2 2886 171 
1 171 
3 1939 266 171 
3 1105 3182 171 
2 1165 171 
2 241 171 
1 171 
2 2674 171 
1 171 
1 171 
2 2223 171 
1 171 
1 171 
2 3358 171 
2 3684 171 
1 172 
1 172 
1 172 
2 172 449 
1 172 
2 172 1202 
3 172 1824 1747 
1 172 
2 372 172 
3 172 1607 3637 
4 172 3647 1400 1203 
1 172 
2 172 3177 
2 172 2551 
2 172 253 
1 172 
2 172 3527 
1 172 
1 172 
1 172 
1 172 
1 172 
2 603 172 
2 172 2845 
1 172 
2 172 1609 
1 173 
2 173 3329 
2 1895 173 
1 173 
1 173 
4 173 1693 1101 2737 
2 173 1863 
2 173 442 
1 173 
3 1933 173 2615 
2 173 1111 
1 173 
1 173 
1 173 
4 174 279 313 1752 
2 174 892 
1 174 
1 174 
1 174 
2 174 2948 
1 174 
1 174 
2 174 2265 
1 174 
3 3249 174 1870 
4 174 999 3177 1090 
2 3710 174 
1 174 
2 174 1013 
2 174 3449 
2 174 841 
2 174 568 
1 174 
1 175 
1 175 
1 175 
3 175 2633 1277 
2 1992 175 
2 175 1829 
1 175 
3 175 2397 3200 
1 175 
1 175 
1 175 
2 175 3064 
1 175 
2 175 3632 
2 175 2390 
1 175 
2 3106 175 
2 175 3259 
1 175 
1 175 
1 175 
2 175 2321 
1 175 
2 175 1132 
3 175 719 3096 
1 175 
2 176 3524 
1 176 
2 176 3166 
2 176 3308 
2 176 2987 
1 176 
1 176 
1 176 
1 176 
2 176 381 
1 176 
3 3507 176 399 
1 176 
1 176 
1 176 
2 2252 176 
1 176 
3 176 2458 1069 
1 176 
1 176 
1 177 
3 1778 177 657 
2 177 2937 
2 177 3079 
2 2654 177 
2 177 1659 
1 177 
1 177 
1 177 
3 652 177 330 
2 2204 177 
3 177 2196 1440 
2 2570 177 
2 177 3386 
2 2464 177 
3 195 177 683 
3 1034 177 1294 
2 177 1488 
1 177 
2 532 177 
2 177 2852 
1 178 
6 260 2745 2799 3622 2617 178 
1 178 
1 178 
1 178 
4 792 178 2544 3763 
4 1838 178 2904 2906 
1 178 
2 178 322 
1 178 
1 178 
2 178 887 
2 178 478 
1 178 
1 178 
2 178 453 
1 178 
2 178 909 
1 178 
1 179 
1 179 
1 179 
2 3592 179 
1 179 
2 179 986 
2 179 778 
3 1818 179 2449 
1 179 
1 179 
2 2673 179 
4 179 3581 3650 2387 
1 179 
2 1898 179 
2 735 179 
2 1382 179 
1 179 
1 179 
1 179 
4 1710 179 1809 937 
3 179 3759 3610 
2 179 613 
1 179 
1 179 
2 179 328 
2 2001 179 
3 921 180 3596 
1 180 
2 180 1255 
1 180 
1 180 
2 180 3427 
3 180 2926 2244 
2 180 3198 
1 180 
1 180 
2 180 1373 
1 180 
2 793 180 
1 180 
1 180 
1 180 
1 180 
1 180 
1 180 
1 180 
1 180 
1 180 
4 3416 180 2237 1017 
2 180 932 
3 3710 180 3543 
4 180 3347 3082 3179 
2 1580 181 
2 181 2544 
2 3668 181 
2 1418 181 
1 181 
1 181 
2 650 181 
2 2094 181 
1 181 
1 181 
3 181 187 357 
2 1392 181 
2 181 3271 
3 750 181 1600 
3 204 181 911 
2 181 3526 
1 181 
1 181 
2 3667 181 
2 182 2092 
1 182 
1 182 
1 182 
2 697 182 
1 182 
3 1095 182 1884 
2 2804 182 
1 182 
2 182 787 
2 2948 182 
1 182 
2 1197 182 
2 2555 182 
3 1061 2110 182 
1 182 
2 182 1512 
1 182 
1 183 
1 183 
2 858 183 
1 183 
1 183 
1 183 
1 183 
1 183 
2 2402 183 
1 183 
1 183 
1 183 
1 183 
1 183 
2 183 2795 
2 183 213 
4 1697 3487 2083 183 
1 183 
1 183 
1 183 
1 183 
1 183 
1 183 
2 939 183 
3 3792 184 3240 
2 2232 184 
2 541 184 
3 3479 1845 184 
2 1700 184 
1 184 
3 2197 184 986 
2 3502 184 
1 184 
1 184 
4 991 847 184 2666 
2 184 1072 
1 185 
1 185 
2 587 185 
1 185 
3 3691 185 3069 
3 448 596 185 
1 185 
2 185 2338 
2 185 2420 
3 388 185 3496 
1 185 
3 1026 953 185 
1 185 
1 185 
2 3010 185 
1 185 
1 185 
4 520 1201 186 2744 
1 186 
2 2131 186 
1 186 
2 3458 186 
3 2970 3165 186 
2 2274 186 
1 186 
1 186 
1 186 
1 186 
1 186 
2 2433 186 
2 630 186 
3 941 3403 186 
1 186 
2 1022 186 
1 187 
1 187 
3 3340 1801 187 
1 187 
2 1064 187 
1 187 
2 685 187 
3 1895 818 187 
1 187 
3 187 2646 1519 
1 187 
2 187 731 
3 1560 3341 187 
1 187 
1 187 
2 3487 187 
1 187 
1 187 
1 187 
2 2503 187 
1 187 
1 187 
1 187 
1 187 
1 188 
2 188 1016 
3 1212 2474 188 
3 1300 1329 188 
2 2789 188 
2 1109 188 
1 188 
1 188 
4 877 1330 188 3546 
5 3530 845 959 1355 188 
1 188 
1 188 
2 2820 188 
1 188 
3 2830 2421 188 
3 1269 2798 188 
3 1756 2375 188 
4 3132 2414 974 188 
3 3233 3703 188 
3 493 1066 188 
1 188 
1 188 
2 2513 188 
2 2163 188 
1 189 
3 427 189 3330 
1 189 
1 189 
1 189 
1 189 
1 189 
1 189 
3 482 3605 189 
2 1999 189 
1 189 
1 189 
2 2161 189 
2 2797 189 
1 189 
2 1787 189 
1 189 
1 189 
2 392 189 
1 189 
3 2799 3677 189 
1 189 
3 1530 2542 189 
2 3185 189 
1 189 
2 3284 189 
1 190 
3 3383 3526 190 
3 829 320 190 
1 190 
1 190 
2 737 190 
1 190 
1 190 
2 305 190 
1 190 
2 2764 190 
2 2476 190 
3 3060 3796 190 
1 190 
3 2112 355 190 
1 190 
1 190 
2 3090 190 
1 190 
4 1756 2797 190 330 
2 2233 191 
3 2132 2177 191 
1 191 
1 191 
3 808 2047 191 
1 191 
1 191 
1 191 
1 191 
2 2338 191 
2 422 191 
2 1192 191 
1 191 
2 191 2744 
1 191 
1 191 
2 3108 191 
2 191 1931 
2 2608 191 
2 192 2018 
1 192 
2 192 2992 
1 192 
1 192 
3 192 794 2074 
2 192 801 
1 192 
2 192 701 
2 192 1096 
2 192 997 
2 192 3496 
1 192 
2 192 1596 
2 192 2379 
2 192 3462 
1 192 
1 192 
2 192 1156 
3 192 1774 1911 
1 192 
5 193 1713 3013 1126 2474 
1 193 
2 193 1543 
2 193 2938 
1 193 
2 193 2269 
1 193 
1 193 
1 193 
1 193 
1 193 
1 193 
1 193 
1 193 
4 2246 193 3189 266 
2 193 1493 
3 193 2803 2862 
1 194 
1 194 
2 194 1377 
2 194 2972 
2 194 1804 
1 194 
2 3589 194 
1 194 
1 194 
1 194 
3 194 1257 3721 
1 194 
1 194 
1 194 
1 194 
