31 2 3 4 5 6 7 8 9 10 11 12 13 14 15 16 17 18 19 20 21 22 23 24 25 26 27 28 29 30 31 32 
26 1 33 34 35 36 37 38 39 40 41 42 43 44 45 46 47 48 49 50 51 52 53 54 55 56 57 
19 1 58 59 60 61 62 63 64 65 66 67 68 69 70 71 72 73 74 75 
25 76 1 77 78 79 80 81 82 83 84 85 86 87 88 89 90 91 92 93 94 95 96 97 98 99 
19 1 100 101 102 103 104 105 106 107 108 109 110 111 112 113 114 115 116 117 
20 118 1 119 120 121 122 123 124 125 126 127 128 129 130 131 132 133 134 135 136 
20 137 1 138 139 140 141 142 143 144 145 146 147 148 149 150 151 152 153 154 155 
25 156 1 157 158 159 160 161 162 163 164 165 166 167 168 169 170 171 172 173 174 175 26 176 177 178 
24 179 1 180 181 182 183 184 185 186 187 188 189 190 191 192 193 194 195 196 197 198 199 200 201 
16 202 1 203 204 205 206 207 70 208 209 210 211 212 213 214 215 
21 216 217 1 218 219 220 221 222 223 224 225 226 227 228 229 230 231 232 233 234 235 
23 1 236 237 238 239 240 241 242 243 244 245 246 247 248 249 250 251 252 253 254 255 256 257 
26 258 1 259 260 261 262 263 264 265 266 267 268 269 270 271 272 273 274 275 276 277 278 279 280 281 282 
22 283 1 284 285 286 287 288 289 290 291 292 293 294 295 296 297 298 299 300 301 302 303 
21 1 304 305 306 307 308 309 310 311 312 313 314 315 316 317 318 319 320 321 322 323 
19 1 324 325 326 327 328 329 330 331 332 333 334 335 336 337 338 339 340 341 
24 1 342 343 344 345 346 347 348 349 350 351 352 353 354 355 356 357 358 359 360 361 362 363 364 
19 1 365 366 367 368 369 370 371 372 373 374 375 376 377 378 379 380 381 382 
20 383 384 1 385 386 387 388 389 390 391 392 393 394 395 396 397 398 399 400 401 
21 1 402 403 404 405 406 407 408 409 410 411 412 413 414 415 416 417 418 419 420 421 
22 1 422 423 424 425 426 427 428 429 430 431 432 433 434 435 436 437 438 439 440 441 442 
23 1 443 444 445 446 447 448 449 450 451 452 453 454 455 456 457 458 459 460 461 462 463 464 
26 465 1 466 467 468 469 470 471 472 473 474 475 476 477 478 479 480 481 482 483 484 485 486 487 488 489 
28 490 491 1 492 493 494 495 496 497 498 499 500 501 502 503 504 505 506 507 508 509 510 511 512 513 514 515 516 
24 1 517 518 519 520 521 522 523 524 525 526 527 528 529 530 531 532 533 534 535 536 537 538 539 
26 1 540 8 541 542 543 544 545 546 547 548 549 550 551 552 553 554 555 556 557 558 559 560 561 562 563 
27 1 564 565 566 567 568 569 570 571 572 573 574 575 576 577 578 579 580 581 582 583 584 585 586 213 587 588 
21 1 589 590 591 592 593 594 595 596 597 598 599 600 601 602 603 604 605 606 607 608 
24 1 609 610 611 612 613 614 615 616 617 618 507 619 620 621 622 623 624 625 626 627 628 629 630 
17 1 631 632 633 634 635 636 637 638 639 640 641 642 643 644 645 646 
26 1 647 648 540 649 650 651 652 653 654 655 656 657 41 658 659 660 661 662 663 664 665 666 667 668 669 
25 1 670 671 672 673 674 675 676 677 678 679 680 681 682 683 684 685 686 687 688 689 690 691 692 693 
12 2 694 695 696 697 698 699 700 701 702 703 704 
24 705 2 706 707 708 709 710 711 712 713 714 715 716 717 718 719 720 721 722 723 724 725 726 727 
19 2 728 82 729 730 731 732 733 734 735 736 737 738 739 740 741 742 743 744 
18 745 2 746 747 748 749 750 751 752 753 754 755 756 757 758 759 760 761 
22 2 762 763 764 765 766 767 768 769 770 771 772 773 774 775 776 777 778 779 780 781 782 
21 2 783 784 785 786 787 788 789 790 791 792 187 793 794 795 796 797 798 799 800 801 
16 802 2 803 804 805 806 807 808 809 810 811 812 813 814 815 816 
20 2 817 818 819 820 821 822 823 824 825 826 827 828 829 830 831 832 833 834 835 
28 2 836 837 838 839 840 841 842 843 844 845 846 847 848 849 850 851 852 853 854 855 856 857 858 31 859 860 861 
19 2 862 863 864 865 866 867 868 869 870 871 872 873 874 875 876 877 878 879 
28 880 2 881 882 883 884 885 886 887 888 889 890 891 892 893 894 895 896 897 898 899 900 901 902 903 904 905 906 
27 2 907 908 909 910 911 912 808 913 914 915 916 917 918 919 920 921 922 923 924 925 926 927 928 929 930 931 
19 2 932 933 934 935 936 937 938 939 940 941 942 943 944 945 946 947 948 949 
21 2 950 951 952 953 954 955 956 957 958 959 960 961 962 963 964 965 966 967 968 969 
18 2 970 971 972 973 974 975 976 977 978 577 979 980 981 982 983 984 985 
20 986 2 987 988 989 990 991 992 993 994 995 996 997 998 999 1000 1001 1002 1003 1004 
21 1005 2 1006 1007 1008 1009 1010 1011 1012 1013 1014 1015 1016 1017 1018 1019 1020 1021 1022 1023 1024 
22 1025 2 1026 1027 1028 1029 1030 1031 1032 1033 1034 1035 1036 1037 1038 1039 1040 1041 1042 1043 1044 1045 
17 2 1046 1047 1048 1049 1050 1051 1052 1053 1054 1055 1056 1057 336 1058 1059 1060 
24 2 1061 1062 1063 1064 1065 1066 1067 1068 1069 1070 1071 1072 1073 1074 1075 1076 1077 1078 1079 1080 1081 1082 1083 
15 1084 2 1085 1086 1087 1088 1089 1090 1091 1092 1093 1094 1095 1096 1097 
33 1098 2 1099 1100 1101 1102 1103 1104 1105 1106 1107 1108 1109 351 1110 1111 1112 1113 1114 1115 1116 1117 1118 1119 1120 1121 1122 1123 1124 1125 1126 1127 1128 
25 383 2 1129 1130 1131 1132 1133 1134 1135 1136 1137 1138 1139 1140 1141 1142 1143 1144 1145 1146 1147 1148 1149 1150 1151 
15 2 1152 1153 1154 1155 1156 1157 1158 1159 1160 1161 1162 1163 1164 1165 
17 2 217 1166 1167 1168 1169 1170 1171 1172 1173 1174 1175 1176 1177 1178 1179 1180 
22 1181 3 1182 1183 1184 1185 522 1186 1187 1188 1189 1190 1191 1192 1193 1194 1195 1196 1197 1198 1199 1200 
14 3 1201 1202 1203 1204 1205 1206 1207 1208 1209 1210 1211 1212 1213 
15 3 1214 1215 1216 1217 1218 1219 1220 1221 1222 1223 1224 1225 1226 1227 
15 1228 3 1229 1230 1231 1232 1233 1234 1235 1236 1237 1238 1239 1240 588 
15 1241 3 1242 1243 1244 1245 1246 1247 1248 1249 1250 1251 1252 1253 1254 
28 3 1255 1256 1257 1258 1259 1260 1261 1262 1263 1264 1265 1266 1267 1268 1269 1270 1271 1272 1273 1274 1275 1276 1277 1278 1279 1280 1281 
21 1282 3 1283 1284 1285 1286 1287 1288 1289 1290 1291 1292 1293 1294 1295 1296 1297 1298 1299 1300 1301 
19 3 1302 1303 1304 1305 1306 1307 1308 1309 1310 1311 1312 1313 1314 1315 1316 1317 1318 1319 
15 3 1320 1321 1322 1323 1324 1325 1326 1327 1328 1329 1330 1331 1332 1333 
16 3 1334 1335 1336 1337 1338 1339 1340 1341 1342 1343 1344 1345 1346 1347 1348 
19 1349 3 1350 1351 1352 1353 1354 1355 1356 1357 1358 1359 1360 1361 1362 1363 1364 1365 1366 
16 1367 1368 1369 3 1370 1371 1372 1373 1374 1375 1376 1377 1378 1379 1380 1381 
27 3 1382 1383 1384 1385 1386 10 1387 1388 1389 1390 1391 1392 1393 1394 1395 1396 1397 1398 1399 1400 1401 1402 1403 1404 1405 1406 
20 3 1407 1408 1409 1410 1411 1412 1413 1414 1415 1416 1417 1418 1419 1420 1421 1422 1423 1424 1425 
25 3 1426 1427 1428 1429 1430 1431 1432 1433 1434 1435 1436 1437 1438 1439 1440 1441 1442 1443 1444 1445 1446 1447 1448 1449 
20 3 1450 1451 1452 1453 1454 1455 1456 1457 1458 1459 1460 1461 1462 1463 1464 1465 1466 1467 1468 
21 1469 3 1470 1471 1472 1473 1474 1475 1476 1477 1478 1479 1480 1481 1482 1483 1484 1485 1486 1487 1488 
16 3 1489 1490 1491 1492 1493 1494 1495 1496 1497 1498 1499 1500 1501 1502 1503 
30 1504 4 1505 1506 1507 1508 1509 1510 1511 1512 1513 1514 1515 1516 1517 1518 1519 1520 1521 1522 1523 1524 1525 1526 1527 1528 928 1529 1530 1531 
18 1532 4 1533 1534 1535 1536 1537 1538 1539 1540 1541 1542 1543 1544 1545 1546 1547 1548 
16 4 1549 1550 1551 1552 1553 1554 1555 1556 1557 1558 1559 1560 1561 1562 1563 
21 4 1564 1565 1566 1567 1568 1569 1570 1571 1572 1573 1574 1575 1576 1577 1578 1579 1580 1581 1582 1583 
17 1584 4 1585 1586 1587 1588 1589 1590 1591 1592 1593 1594 1595 1596 1597 1598 1599 
24 4 1600 1601 1602 1603 1604 1605 1606 1607 1608 1609 1610 1611 1612 1613 1614 1615 1616 1617 513 1618 1619 1620 1621 
25 1622 1623 4 1624 1625 35 1626 1627 1628 1629 1630 1631 1632 1633 1634 1635 1636 1637 1638 1639 1640 1641 1642 1643 1644 
19 1645 1646 4 1647 1648 1649 1650 1651 1652 1653 1654 1655 1656 1657 1658 1659 1660 1661 1662 
21 4 1663 1664 1665 1666 1667 1668 1669 1670 1671 1672 1673 1674 1675 1676 1677 1678 1679 1680 1681 1682 
22 4 1683 1684 1685 1686 1687 1688 1689 1690 1691 1692 1693 1694 1695 1696 1697 1698 1699 1700 1701 1702 1703 
22 1704 1705 1706 4 1707 1708 1709 1710 1711 1712 1713 1714 1715 1716 1717 1718 1719 1720 1721 1722 1723 1724 
19 4 1725 1726 1727 1728 1729 1730 1731 1732 1733 714 1734 1735 1736 1737 1738 1739 1740 1741 
24 4 1742 1743 1744 1745 1746 1747 1748 1749 1750 1751 1752 1753 1754 1755 1756 1757 1758 1759 1760 1761 1762 1763 1764 
15 4 1765 1766 1767 1768 1769 1770 1771 1772 1773 1774 1775 1776 1777 1778 
28 1779 4 1780 1781 1782 1783 1784 1785 1786 1787 1788 1789 1790 1791 1792 1793 1794 1795 1796 1797 1798 1799 1800 1801 1802 1803 1804 1805 
20 1806 4 1807 1808 1809 1810 1811 1812 546 1813 1814 1815 1816 1817 1818 1819 1820 1821 1822 1823 
22 1824 4 1825 1826 1827 1828 1829 1830 206 1831 1832 1833 1834 1835 1836 1837 1838 1839 1840 1841 1842 1843 
20 4 1844 1845 1846 1847 1848 1849 1850 1851 1852 1853 1854 1855 1856 1857 1858 1859 1860 1861 1862 
26 1863 4 1864 1865 1866 1867 1868 1869 1870 1411 1871 1872 1873 1874 1875 1876 1877 1878 1879 1880 1881 1882 1883 1884 1885 1886 
19 4 1887 1888 1889 1890 1891 1892 1893 1894 1895 1896 1897 1898 1899 1900 1901 1902 1903 1904 
21 1905 4 1906 1907 1908 1909 1910 1911 1912 1913 1914 1915 1916 1917 1918 1919 1920 1921 1922 1923 1924 
19 4 1925 1926 1927 1928 1929 1930 1931 1932 1933 1934 1935 1936 1937 1938 1939 1940 1941 1942 
23 4 444 1943 1944 1945 1946 1947 1948 1949 1950 1951 1952 1953 1954 1955 1956 1957 1958 1959 1960 1961 1962 1963 
28 1964 4 1965 1966 1967 1968 1969 1970 1971 1972 1973 917 1974 1975 1976 1977 1978 1979 1980 1981 1982 1983 1984 1985 1986 1987 1988 1989 
28 1990 1991 5 1992 1993 1994 1995 1996 1997 1998 1999 2000 2001 2002 2003 2004 2005 2006 2007 2008 2009 2010 2011 2012 2013 2014 2015 2016 
19 5 2017 2018 2019 2020 2021 2022 2023 2024 2025 2026 2027 758 2028 2029 2030 2031 2032 2033 
22 5 2034 2035 2036 2037 2038 2039 2040 2041 2042 2043 2044 2045 2046 2047 2048 2049 2050 2051 2052 2053 2054 
16 2055 5 2056 2057 2058 2059 2060 2061 2062 2063 2064 2065 2066 2067 2068 2069 
22 2070 2071 2072 2073 5 2074 2075 2076 2077 2078 2079 2080 2081 2082 2083 2084 2085 2086 2087 2088 2089 2090 
16 2091 5 2092 1386 2093 2094 2095 2096 2097 2098 2099 2100 2101 2102 2103 2104 
24 5 2105 2106 2107 2108 2109 2110 2111 2112 2113 2114 2115 2116 2117 2118 2119 2120 2121 2122 2123 2124 2125 2126 2127 
19 5 2128 2129 2130 2131 2132 2133 2134 2135 2136 2137 2138 2139 2140 2141 2142 2143 2144 2145 
23 2146 2147 5 2148 2149 2150 2151 2152 2153 2154 2155 619 2156 2157 2158 2159 2160 2161 2162 2163 2164 2165 2166 
23 2167 5 2168 2169 2170 2171 2172 2173 2174 2175 2176 2177 2178 2179 2180 2181 2182 2183 2184 2185 2186 2187 2188 
29 2189 2190 5 2191 2192 2193 2194 2195 2196 2197 2198 2199 2200 2201 2202 2203 2204 2205 2206 2207 2208 2209 2210 2211 2212 2213 2214 2215 2216 
18 2217 5 2218 2219 2220 2221 2222 2223 2224 2225 2226 2227 2228 2229 2203 2230 2231 2232 
23 5 2233 2234 2235 2236 2237 2238 2239 2240 2241 2242 2243 2244 2245 2246 2247 2248 2249 2250 2251 2252 2253 2254 
22 2255 2256 2257 5 2258 2259 2260 2261 2262 2263 2264 2265 2266 2267 2268 2269 2270 2271 2272 2273 2274 2275 
16 5 2276 2277 2278 2279 2280 2281 2282 593 2283 2284 2285 2286 2287 2288 2289 
23 2290 5 2291 2292 2293 2294 2295 2296 2297 2298 2299 2300 2301 2302 2303 2304 2305 2306 2307 2308 2309 2310 2311 
16 5 2312 2313 2314 2315 2316 2317 2318 2319 2320 2321 2322 2323 2324 2325 2326 
21 2327 5 2328 2329 2330 2331 2332 2333 2334 2335 2336 2337 2338 2339 2340 2341 2342 2343 2344 1987 2345 
19 2346 2347 2348 6 2349 2350 2351 2352 2353 2354 2355 2356 2357 2358 2359 2360 2361 2362 2363 
20 1623 6 2364 2365 2366 2367 2368 2369 2370 2371 2372 2373 2374 2375 2376 2377 2378 2379 2380 2381 
17 2382 6 2383 2384 2385 2386 2387 2388 2389 2390 2391 2392 2393 2394 2395 2396 2397 
22 6 2398 2399 2400 2401 2402 2403 2404 2405 2406 2407 2408 2409 2410 2411 2412 2413 2414 2415 2416 2417 2418 
14 6 2419 2420 2421 2422 2423 2424 2425 2426 2427 2428 2429 2430 2431 
27 2432 6 2433 2434 2435 2436 2437 2438 2439 2440 2441 2442 2443 2444 2445 1462 2446 2447 2448 2449 2450 2451 2452 1331 2453 2454 2455 
32 2456 6 2457 2458 2459 2460 2461 2462 2463 2464 2465 2466 2467 2468 2469 2470 2471 2472 2473 2474 2475 2476 2477 2478 2479 2480 2481 2482 2483 2484 2485 2486 
25 2487 6 2488 2489 2490 2491 2492 2493 2494 2495 2496 2497 2498 2499 2500 2501 2502 2503 2504 2505 2506 2507 2508 2509 2510 
19 6 2511 2512 2513 2514 2515 2516 2517 2518 2519 2520 2521 2522 2523 2524 2525 2526 2527 1843 
23 2528 2529 6 2530 2531 2532 2533 2534 2535 2536 2537 2538 2539 2540 2541 2542 2543 2544 2545 2546 2547 2548 2549 
22 2550 2551 6 2552 2553 2554 2555 2556 2557 2558 2559 2560 2561 2562 2563 2564 2565 2566 2567 2568 2569 2570 
19 6 2571 2572 2573 2574 2575 2576 2577 2578 2579 2580 2581 2582 2583 2584 2585 2586 2587 2588 
25 2589 2590 6 2591 2592 2593 2594 2595 2596 2597 2598 2599 2600 2601 2602 2603 2604 2605 2606 2607 2608 2609 2610 2611 2612 
21 2613 6 2614 2615 2616 2617 2618 2619 2620 2621 2622 2623 2624 2625 2626 2627 2628 2629 2630 2631 2632 
21 2633 2634 6 2281 2635 2636 2637 2638 2499 2639 2640 2641 2642 2643 2644 2645 2646 2647 2648 2649 2650 
21 2651 2652 6 2653 2654 2655 2656 2657 2658 2659 2660 2661 2662 2663 2664 2665 2666 2667 2668 2669 2670 
21 2671 6 2672 2673 2674 2675 2676 2677 2678 2679 2680 2681 2682 2683 2684 2685 2686 2687 2688 2689 2690 
21 6 2691 2692 2693 2694 2695 2696 2697 2698 2699 2700 2701 2702 2703 2704 2705 2706 2707 2708 2709 2710 
23 6 2711 2712 2713 2714 2715 2716 2717 2718 2719 2720 2721 2722 2723 2724 2725 2726 2727 2728 2729 2730 2731 2732 
17 2733 7 2734 2735 2736 2737 2738 2739 2740 2741 2742 2743 2744 2745 2746 2747 2748 
18 7 2749 2750 2751 2752 2753 2754 2755 2756 2757 2758 2759 2760 2761 2762 2343 381 2763 
21 2764 2765 7 2766 2767 2768 2769 2770 2771 2772 2773 2774 2775 2776 2777 2778 2779 2780 2781 2782 2783 
27 2784 2785 2786 7 2787 2788 2789 2790 2791 2792 2793 2794 2795 2796 2797 2798 2799 2800 2801 2802 2803 2804 2805 2806 2807 2808 2809 
21 2810 7 2811 2812 2813 2814 2815 2816 2817 2818 2819 2820 2821 2822 2823 2824 2825 2826 2827 2828 2829 
18 2830 2831 7 2832 2833 2834 2835 2836 2837 2838 2839 206 2840 2841 2842 2843 2844 2845 
16 2846 7 2847 2848 2849 2850 2851 2852 2853 2854 2855 2856 2857 2858 2859 2860 
23 2861 2862 2863 7 2864 2865 2866 2867 2868 2869 2870 2871 2872 2873 2874 2875 2876 2877 2878 2879 2880 2881 2882 
21 2883 2884 2885 2886 7 2887 2888 2889 2890 2891 2892 2893 2894 2895 2896 2897 2898 2899 2900 2901 2902 
18 2903 7 2904 2905 2906 2907 2908 2298 206 2909 2910 2911 2912 2913 2914 2915 692 2916 
22 7 2917 2918 1994 2919 2920 2921 2922 2923 2924 2925 2926 2927 2928 2929 2930 2931 1841 2932 2933 2934 2935 
18 2862 7 2936 2937 2938 2939 2940 2941 2942 1755 2158 2943 2944 2945 2946 2947 2948 2949 
23 7 2950 2951 2952 2953 2954 2955 2956 2957 2958 2959 2960 2961 2962 2963 2964 2965 2966 2967 2968 2969 2970 2971 
21 7 2972 2973 2974 2077 2975 2976 2977 2978 2979 2980 2981 2982 2983 2984 2985 2986 2987 2988 2989 2990 
18 7 2991 2992 2993 2994 2995 2996 2997 2998 2999 3000 3001 3002 3003 3004 3005 3006 3007 
20 3008 3009 3010 7 3011 3012 3013 3014 3015 3016 3017 3018 3019 3020 3021 3022 3023 3024 3025 3026 
18 3027 7 3028 2491 3029 3030 3031 3032 3033 3034 3035 3036 3037 3038 3039 3040 3041 3042 
14 3043 7 3044 3045 3046 3047 3048 3049 3050 3051 3052 3053 3054 3055 
19 7 3056 3057 3058 3059 3060 3061 3062 3063 3064 3065 3066 3067 3068 3069 3070 3071 3072 3073 
23 3074 8 3075 3076 3077 3078 3079 3080 3081 3082 3083 3084 3085 3086 3087 3088 3089 3090 3091 3092 3093 3094 3095 
16 3096 8 3097 3098 3099 3100 3101 3102 3103 3104 3105 3106 3107 3108 3109 3110 
25 3111 3112 8 3113 3114 3115 3116 3117 3118 3119 3120 3121 3122 3123 3124 3125 3126 3127 3128 3129 3130 3131 3132 3133 3134 
17 3135 8 3136 3137 3138 3139 3140 3141 3142 3143 3144 3145 3146 3147 3148 3149 3150 
22 8 3151 3152 3153 3154 3155 3156 3157 3158 3159 3160 3161 3162 3163 3164 3165 3166 3167 3168 440 3169 3170 
20 3171 3172 3173 3174 8 3175 3176 3177 3178 3179 3180 3181 3182 3183 3184 3185 3186 3187 3188 3189 
19 3190 3191 3192 8 3193 3194 3195 3196 3197 3198 874 3199 3200 3201 3202 3203 3204 3205 3206 
26 3207 8 3208 3209 3210 3211 3212 3213 3214 3215 3216 3217 3218 3219 3220 3221 3222 3223 3224 3225 3226 3227 3228 3229 3230 3231 
13 8 3232 3233 3234 3235 3236 3237 3238 3239 3240 2860 3241 3242 
20 3243 3244 8 3245 3246 3247 3248 3249 3250 3251 3252 3253 3254 3255 273 3256 3257 3258 3259 3260 
20 3261 3262 8 3263 3264 3265 3266 3267 3268 1732 3269 3270 3271 3272 3273 3274 3275 3276 3277 3278 
16 3279 8 3280 3281 3282 3283 3284 3285 3286 3287 3288 3289 3290 2509 3291 3292 
16 3293 8 3294 3295 3296 3297 3298 3299 3300 3301 3302 3303 3304 3305 235 3306 
14 3307 8 3308 3309 3310 3311 3312 3313 3314 3315 3316 3317 3318 3319 
19 3320 3321 3322 8 3323 3324 3325 3326 3327 3328 3329 3330 3331 3332 3333 3334 3335 3336 3337 
15 3338 8 3339 3340 3341 3342 3343 3344 3345 3346 3347 3348 3349 3350 3351 
24 3352 8 3353 3354 3355 3356 3357 3358 3359 3360 3361 3362 3363 3364 3365 3366 3367 3368 3369 3370 3371 3372 3373 3374 
20 3375 3376 8 3377 3378 3379 3380 3381 3382 3383 3384 3385 3386 3387 3388 3389 3390 3391 3392 3393 
28 3394 3395 3396 3397 8 3398 3399 3400 1259 3401 3402 3403 3404 3405 3406 3407 3408 3409 3410 3411 3412 3413 3414 3415 3416 3417 3418 3419 
19 3420 3421 8 3422 3423 3424 3425 3426 3427 3428 3429 3430 3431 3432 3433 3434 3435 3436 3437 
20 8 3438 3439 3440 3441 3442 3443 3444 3445 3446 3447 3448 3449 3450 3451 3452 3453 3454 3455 3456 
21 3457 3458 3459 3460 8 3461 3462 3463 3464 3465 3466 3467 3468 3469 3470 3471 3472 3473 3474 3475 3476 
18 3477 3478 8 3479 3480 3481 3482 3483 3484 3485 3486 3487 3488 3489 3490 3491 3492 3493 
29 3494 3495 3496 3497 9 3498 3499 3500 3076 3501 3502 3503 3504 3505 3506 3507 3508 3509 3510 3511 3512 3513 3514 3515 3516 3517 3518 3519 3520 
20 3521 3522 3523 3524 9 3525 3526 3527 3528 3529 3530 3531 3532 3533 3534 3535 3536 3537 3538 2506 
26 3539 3540 3541 9 3542 3543 3544 3545 3546 3547 3548 3549 3550 3551 3552 3553 3554 3555 3556 3557 3558 3559 3560 3189 3561 3562 
16 3563 3564 9 3565 3566 1892 500 3567 3568 3569 3570 3571 3572 3573 3574 3575 
21 3576 9 3577 3578 3579 3580 3581 3582 3583 3584 3585 3586 3587 3588 3589 3590 3591 3592 3593 3594 3595 
19 3596 3597 3598 9 3599 3600 3601 3602 3603 3604 3605 891 3606 3607 3608 3609 3610 3611 3612 
17 3613 3614 3615 3616 9 3617 3618 3619 3620 3621 3622 3623 3624 3625 3626 3627 2396 
18 3628 9 3629 3630 3631 3632 3633 3634 3635 3636 3637 3638 3639 3640 3641 3642 3643 3644 
18 3645 3646 3647 9 38 3648 3649 3650 3651 3652 3653 3654 3655 3656 3657 3658 3659 3660 
18 2591 3661 3662 3663 3664 9 3665 3666 3667 3668 3669 3670 3671 3672 3673 3674 3675 3676 
21 3677 3678 3679 3680 3681 9 3682 3683 3684 3685 3686 3687 3688 3689 3690 3691 2116 3692 3693 3694 3695 
30 3696 3697 3698 3699 3700 9 3701 3702 3703 3704 3705 3706 245 3707 3708 3709 3710 3711 3712 3713 3714 3715 3716 3717 3718 3719 3720 3721 3722 3723 
19 3724 3725 9 3726 3727 3728 3729 3730 3731 3732 3733 3734 3735 3736 3737 3738 3739 3740 3741 
15 3742 9 3743 3744 3745 3746 3747 3748 3749 3750 3751 3752 3753 3754 3755 
14 3756 9 3757 3758 1430 3759 3760 3761 3762 3763 3764 3765 3766 3767 
25 3768 3769 9 3770 3771 3772 3773 3774 3775 3776 3777 3778 3779 3780 3781 3782 3783 3784 3785 3786 3787 3788 723 3789 3790 
22 3791 1826 3792 9 3793 3794 3795 3796 3797 3798 3799 3800 3801 3802 3803 3804 3805 3806 3807 3808 3809 3810 
18 3811 3812 3813 3814 9 3815 3816 3817 3818 3819 3820 3821 3822 3823 3824 3825 3826 727 
27 3827 3828 1664 3829 9 3379 3830 3831 3832 3833 3834 3835 2239 3836 3837 3838 3839 3840 3841 925 3842 3843 3844 3845 3846 3847 3848 
23 3849 3850 3851 3852 9 3853 3854 3855 3856 3857 3858 3859 3860 3861 3862 3863 3864 3865 3866 581 3867 3868 3869 
21 3870 9 288 3871 3872 3873 3874 3875 3876 3877 3878 3879 3880 3881 3882 3883 3884 3885 3886 3887 3888 
22 9 3889 3890 3891 3892 1049 3893 3894 3895 3896 3897 3898 3899 3900 3901 3902 3903 3904 3905 3906 3907 3908 
30 3628 3909 3910 9 3911 3912 3913 3914 3915 3916 3917 3918 3919 3920 3921 3922 3923 3924 3925 3926 3927 3928 3929 3930 3931 3932 3933 3934 3935 3936 
18 3937 3938 3939 3940 3941 10 3942 3943 3944 3945 3946 3947 3948 1211 3949 3950 3951 3952 
18 3953 3954 3955 3956 3957 3958 10 3959 3960 3961 3962 3963 3964 3965 3966 3967 3968 3969 
22 3970 3971 3972 3973 10 3918 3922 3974 3975 3976 3977 3978 3979 3980 3981 3982 3983 3984 3985 3986 3987 3988 
16 3989 3990 3991 10 3992 3993 3994 3995 3996 3997 3998 3999 4000 4001 4002 4003 
28 4004 4005 4006 4007 4008 4009 10 142 4010 4011 4012 146 4013 4014 92 4015 4016 4017 4018 4019 4020 4021 4022 4023 4024 4025 4026 4027 
13 4028 4029 10 4030 3924 4031 4032 4033 4034 4035 4036 4037 4038 
21 4039 4040 4041 10 4042 4043 4044 4045 4046 4047 4048 4049 4050 4051 4052 4053 4054 4055 4056 4057 4058 
18 4059 4060 4061 4062 4063 4064 4065 10 4066 4067 4068 4069 4070 4071 4072 4073 3556 4074 
23 3909 4075 4076 1727 10 4077 4078 4079 4080 4081 4082 4083 4084 4085 4086 4087 4088 4089 4090 4091 4092 4093 4094 
22 4095 4096 4097 4098 10 4099 4100 4101 4102 4103 4104 4105 4106 4107 4108 4109 4110 4111 4112 4113 4114 4115 
26 4116 4117 4118 4119 4120 10 4121 4122 4123 4124 4125 4126 4127 4128 4129 4130 4131 4132 4133 4134 4135 4136 4137 4138 4139 4140 
20 4141 4142 4143 3600 4144 10 4145 4146 4147 4148 4149 4150 4151 4152 27 4153 4154 4155 4156 4157 
19 4158 4159 4160 4161 4162 4163 10 4164 4165 4166 4167 4168 4169 4170 4171 4172 4173 4174 1468 
29 4175 4176 4177 4178 4179 10 4180 4181 4182 4183 4184 4185 4186 4187 4188 4189 4190 4191 4192 4193 4194 4195 4196 4197 4198 4199 4200 4201 4202 
19 4203 4204 4205 4206 4207 4208 11 4209 4210 4211 4212 4213 4214 4215 4216 4217 4218 4219 4220 
22 950 221 4221 11 4222 4223 4224 1016 4225 4226 4227 4228 4229 4230 4231 4232 4233 4234 4235 4236 4237 57 
32 4238 4239 4240 4241 4242 4243 4244 4245 4246 4247 11 4248 3728 4249 4250 4251 4252 4253 4254 4255 4256 4257 4258 4259 4260 4261 4262 4263 2687 4264 4265 4266 
26 4267 4268 4269 11 4270 4271 4272 4273 4274 4275 4276 4277 4278 4279 4280 4281 4282 3255 4283 4284 4285 4286 4287 4288 4289 4290 
12 4291 4292 4293 4294 4295 4296 11 4297 4298 4299 4300 2763 
2 217 11 
1 11 
2 4268 11 
1 11 
3 11 3237 1548 
2 11 1347 
2 11 1610 
2 11 433 
2 11 1155 
1 11 
1 11 
2 1070 11 
4 2170 1321 11 3271 
2 11 3654 
2 11 168 
3 12 2662 3755 
1 12 
3 12 2573 1518 
2 12 1676 
2 12 3987 
3 12 3714 3023 
2 12 1057 
1 12 
2 12 1895 
2 12 190 
2 12 2704 
1 12 
1 12 
1 12 
1 12 
1 12 
3 12 4084 1575 
3 2092 12 3216 
2 12 3384 
4 12 713 1547 726 
1 12 
1 12 
2 1944 13 
3 1266 13 2026 
2 13 1487 
4 1844 3730 13 2124 
1 13 
1 13 
3 1646 3943 13 
2 13 531 
1 13 
1 13 
3 632 13 2358 
1 13 
2 13 1662 
3 2592 2293 13 
2 13 3514 
2 13 165 
1 13 
2 13 4149 
1 13 
3 2839 2573 13 
2 763 13 
1 13 
2 13 1437 
1 13 
1 13 
1 14 
1 14 
2 4161 14 
1 14 
1 14 
2 14 199 
1 14 
1 14 
2 1647 14 
2 3661 14 
1 14 
2 3768 14 
1 14 
2 3814 14 
2 14 3883 
1 14 
4 3212 1511 14 660 
3 1780 14 430 
2 14 3205 
1 14 
1 14 
2 15 2703 
2 15 530 
2 4120 15 
1 15 
1 15 
4 2896 15 3226 3594 
3 1844 15 2961 
2 15 457 
2 15 1443 
2 1339 15 
2 1031 15 
2 15 1224 
2 15 1191 
3 1375 15 1716 
1 15 
2 15 2395 
1 15 
1 15 
2 15 801 
2 2498 15 
3 2170 1134 16 
1 16 
1 16 
1 16 
1 16 
2 16 4054 
2 3044 16 
1 16 
4 3444 3546 16 473 
1 16 
2 16 3417 
1 16 
2 16 51 
1 16 
2 2674 16 
1 16 
1 16 
1 16 
3 3669 17 3472 
3 3940 1376 17 
1 17 
1 17 
2 17 2006 
2 3217 17 
1 17 
2 17 3621 
1 17 
4 2495 17 54 930 
4 2533 17 3002 3807 
1 17 
1 17 
1 17 
1 17 
1 17 
1 17 
2 1692 17 
1 17 
1 17 
2 4104 17 
1 17 
1 17 
3 424 846 18 
2 18 4109 
1 18 
2 3677 18 
3 657 18 1115 
1 18 
1 18 
2 18 2359 
1 18 
2 880 18 
1 18 
1 18 
1 18 
2 2193 18 
3 554 18 630 
1 18 
3 138 4250 18 
2 540 18 
3 19 3511 55 
1 19 
2 728 19 
1 19 
1 19 
3 19 1417 3738 
1 19 
3 2260 974 19 
2 3915 19 
1 19 
2 19 3270 
3 791 3587 19 
3 653 19 4283 
1 19 
4 676 19 964 3736 
3 19 1638 2929 
2 19 1738 
1 19 
3 806 19 944 
1 20 
1 20 
2 1866 20 
1 20 
3 3503 20 2608 
1 20 
5 2059 3087 20 1843 3206 
1 20 
2 3010 20 
2 20 3020 
3 20 2879 1902 
1 20 
1 20 
1 20 
5 3507 557 20 4217 2807 
3 2017 1685 20 
1 20 
2 20 1330 
1 20 
1 20 
3 3548 618 21 
1 21 
4 365 1341 21 2912 
2 1931 21 
3 4031 960 21 
2 4213 21 
2 21 1081 
1 21 
3 2877 21 300 
4 1865 21 4036 3205 
1 21 
2 21 228 
3 3996 21 1583 
1 21 
1 21 
2 21 1463 
3 1108 21 1724 
4 2950 1359 21 1117 
3 160 3269 21 
3 4067 21 3932 
2 1684 21 
1 22 
2 22 98 
1 22 
2 22 2968 
1 22 
1 22 
2 2873 22 
1 22 
2 2831 22 
1 22 
2 22 3276 
1 22 
3 3849 932 22 
1 22 
3 311 2426 22 
4 1994 2367 4187 22 
1 22 
3 2423 1651 22 
1 22 
1 22 
1 22 
2 2151 22 
1 23 
3 23 2642 3455 
1 23 
1 23 
2 23 779 
2 2593 23 
1 23 
2 2893 23 
3 2752 332 23 
2 23 1522 
1 23 
1 23 
2 1535 23 
1 23 
1 23 
2 23 2804 
1 23 
2 23 1140 
1 23 
2 2600 23 
3 2079 23 3624 
2 1786 23 
1 23 
2 23 1798 
1 23 
2 24 3200 
1 24 
1 24 
3 3460 24 3558 
1 24 
4 1068 1398 1114 24 
1 24 
2 3875 24 
1 24 
2 3175 24 
2 182 24 
1 24 
1 24 
2 1099 24 
1 24 
1 24 
1 24 
2 24 29 
1 24 
3 616 24 3716 
1 24 
1 24 
3 1477 24 2962 
2 81 24 
3 3770 3874 24 
2 3553 24 
1 24 
1 25 
1 25 
1 25 
2 2671 25 
2 3654 25 
2 58 25 
3 1335 812 25 
2 4246 25 
4 4077 3882 25 3722 
1 25 
1 25 
1 25 
1 25 
3 305 3178 25 
2 265 25 
4 1396 1483 1546 25 
1 25 
1 25 
1 25 
1 25 
1 25 
3 721 25 2934 
5 2738 2793 4103 4048 25 
3 26 31 382 
1 26 
2 890 26 
2 4005 26 
1 26 
2 2197 26 
2 91 26 
1 26 
1 26 
1 26 
1 26 
3 3633 26 3595 
1 26 
1 26 
2 26 379 
1 26 
2 890 26 
2 416 26 
2 708 26 
2 26 3968 
2 2871 26 
1 26 
1 26 
4 3247 1933 26 2126 
1 27 
2 2531 27 
2 27 1467 
1 27 
1 27 
2 4142 27 
2 4128 27 
2 1475 27 
2 27 2127 
1 27 
1 27 
1 27 
3 1114 27 2586 
4 2074 4209 47 27 
1 27 
3 1229 810 27 
2 3050 27 
3 2542 27 198 
1 27 
1 27 
4 27 1253 926 1924 
3 1645 921 27 
1 27 
2 1161 27 
2 61 27 
1 28 
1 28 
2 1596 28 
1 28 
2 114 28 
2 1570 28 
2 3446 28 
1 28 
1 28 
2 3423 28 
2 3960 28 
1 28 
2 1542 28 
2 3632 28 
3 620 28 2568 
1 28 
1 28 
1 28 
1 28 
1 28 
4 1622 2091 1876 29 
2 2774 29 
2 908 29 
2 2765 29 
1 29 
2 4153 29 
4 2146 1688 2102 29 
3 1069 509 29 
1 29 
3 422 990 29 
3 1183 108 29 
2 603 29 
1 29 
1 29 
1 29 
2 865 29 
2 3480 29 
4 1343 3933 2120 29 
1 29 
1 29 
1 29 
4 1430 3655 379 29 
3 2468 3719 30 
3 3794 268 30 
1 30 
3 2258 1261 30 
3 1174 3845 30 
1 30 
2 30 3520 
1 30 
2 3363 30 
1 30 
3 4224 1763 30 
1 30 
2 3530 30 
1 30 
2 30 3722 
1 30 
1 31 
2 2439 31 
2 2507 31 
2 1469 31 
1 31 
2 1544 31 
4 2234 3357 395 31 
1 31 
1 31 
1 31 
3 369 2948 31 
1 31 
1 31 
2 299 31 
1 31 
1 31 
1 31 
2 2885 31 
1 31 
3 3970 1139 31 
2 3626 31 
1 31 
1 31 
1 32 
2 2471 32 
1 32 
1 32 
4 1624 1858 3735 32 
1 32 
2 397 32 
1 32 
1 32 
1 32 
2 1349 32 
3 2396 2380 32 
1 32 
2 914 32 
2 2169 32 
1 32 
2 2818 32 
3 2790 980 32 
2 32 1662 
2 692 32 
1 32 
1 32 
4 146 3692 689 32 
1 32 
1 33 
2 33 1621 
1 33 
1 33 
2 33 765 
1 33 
3 817 33 3417 
1 33 
3 33 2246 981 
2 33 873 
2 33 2222 
1 34 
1 34 
2 34 3050 
2 34 558 
2 34 931 
4 3494 34 4162 4119 
1 34 
1 34 
3 34 1765 255 
4 34 87 1635 2686 
1 34 
1 34 
3 34 4079 2564 
1 34 
2 34 4134 
2 34 2772 
4 34 3803 3906 538 
2 34 2240 
2 34 194 
2 34 3713 
1 34 
3 4291 34 255 
4 34 1000 196 3571 
2 35 385 
2 35 3047 
2 35 3448 
1 35 
1 35 
3 2487 35 1444 
1 35 
2 35 3820 
2 35 909 
2 35 978 
1 35 
1 35 
3 2884 35 2404 
2 35 3924 
1 35 
1 35 
1 35 
1 36 
1 36 
1 36 
2 36 4075 
1 36 
1 36 
1 36 
1 36 
1 36 
2 36 2499 
1 36 
2 36 1072 
3 2092 36 2718 
2 36 101 
1 36 
3 36 3733 1835 
1 36 
2 37 2891 
2 37 278 
2 37 2739 
3 37 698 1151 
2 37 4155 
1 37 
1 37 
1 37 
1 37 
3 2788 37 4033 
1 37 
2 1382 37 
3 37 1207 2560 
1 37 
2 37 2440 
2 2812 37 
2 37 917 
2 469 37 
1 37 
1 37 
2 1352 37 
3 38 4223 3617 
2 38 1636 
1 38 
4 1742 2278 38 4171 
1 38 
1 38 
1 38 
1 38 
3 38 1132 394 
4 38 3177 913 3781 
2 38 3120 
1 38 
1 38 
3 38 3983 2012 
1 38 
1 38 
1 38 
2 38 3833 
2 38 322 
3 39 3759 875 
3 39 4124 2429 
2 3953 39 
2 39 2305 
2 39 401 
3 39 890 1146 
3 4246 39 44 
2 39 3386 
2 39 579 
1 39 
2 39 523 
1 39 
2 39 2770 
1 39 
2 39 1151 
3 40 3993 700 
1 40 
3 40 2286 983 
2 1507 40 
2 2590 40 
1 40 
1 40 
1 40 
1 40 
3 2695 40 998 
1 40 
2 40 2709 
2 40 1594 
3 40 2112 2446 
1 40 
2 40 4190 
1 40 
4 40 3061 2014 3788 
2 2514 40 
1 41 
1 41 
2 4067 41 
2 41 3903 
2 41 1500 
2 1569 41 
5 2148 2848 2239 41 3042 
3 2200 41 1723 
3 1369 41 969 
3 2238 41 2067 
3 365 41 2929 
1 41 
2 41 1916 
2 41 1124 
2 41 3332 
2 41 1000 
1 41 
2 1891 41 
1 41 
2 41 2324 
1 41 
3 3210 41 4136 
1 41 
1 41 
1 41 
1 41 
2 42 3387 
2 3830 42 
2 2521 42 
3 42 2389 624 
1 42 
1 42 
2 4012 42 
3 4249 42 2471 
1 42 
1 42 
3 42 1114 1161 
2 42 703 
3 1628 162 42 
4 802 42 3105 2925 
2 42 2648 
1 42 
2 42 3091 
2 42 3710 
2 374 43 
1 43 
1 43 
1 43 
3 1026 2515 43 
1 43 
2 3588 43 
1 43 
1 43 
1 43 
4 542 807 43 556 
3 184 43 3607 
1 43 
1 43 
1 43 
3 1568 2042 43 
2 2793 43 
1 43 
2 3098 43 
2 4187 43 
1 43 
3 4279 43 2009 
1 43 
2 4255 43 
3 1189 2225 43 
1 43 
1 43 
2 1907 44 
3 611 3329 44 
3 44 736 3986 
1 44 
3 4248 44 2577 
1 44 
3 3485 792 44 
2 44 683 
1 44 
2 2129 44 
4 2795 44 778 99 
1 44 
1 44 
2 3299 44 
3 4164 44 585 
1 44 
1 44 
1 44 
3 4275 44 197 
4 1664 44 2565 584 
2 1015 44 
2 76 44 
3 3356 44 2932 
3 1789 351 44 
2 709 44 
3 455 45 3723 
2 4163 45 
2 45 3969 
1 45 
1 45 
1 45 
2 1264 45 
4 2328 4245 2519 45 
1 45 
2 2372 45 
1 45 
2 1247 45 
2 45 401 
3 1733 45 3538 
3 2313 1389 45 
2 45 3257 
3 1635 45 2066 
1 45 
2 217 46 
2 3817 46 
2 1471 46 
2 2255 46 
2 3877 46 
1 46 
1 46 
1 46 
1 46 
2 3308 46 
2 426 46 
1 46 
4 46 1579 3623 4155 
4 3428 3606 46 1558 
3 1371 46 397 
4 1472 46 1001 1500 
1 46 
1 46 
2 2351 46 
2 844 46 
1 47 
1 47 
2 3523 47 
3 47 1773 2127 
2 390 47 
2 47 4201 
5 3647 3608 47 2142 2051 
3 3901 1542 47 
2 47 737 
2 47 1019 
2 47 687 
2 702 47 
4 2434 3367 47 1842 
3 819 2855 47 
3 4062 4163 47 
1 47 
1 48 
2 2317 48 
1 48 
2 48 1044 
2 618 48 
3 1071 2700 48 
2 48 4201 
1 48 
1 48 
1 48 
1 48 
1 48 
3 826 48 2123 
1 48 
4 1393 48 851 727 
3 4179 965 48 
1 48 
1 48 
1 48 
2 3960 49 
1 49 
1 49 
5 3058 1014 4070 2912 49 
1 49 
4 2574 3103 3877 49 
2 3383 49 
1 49 
2 49 4072 
2 1008 49 
3 1195 49 927 
3 217 3499 49 
1 49 
1 49 
2 979 49 
2 49 3292 
2 49 2943 
2 1864 49 
3 4116 4104 49 
2 4189 49 
2 3382 50 
4 884 3878 50 3657 
1 50 
1 50 
1 50 
1 50 
2 314 50 
3 1102 2698 50 
2 2771 50 
1 50 
1 50 
1 50 
1 50 
2 1296 50 
3 4062 1819 50 
1 50 
2 2527 50 
1 50 
2 1249 50 
3 989 50 2485 
1 50 
1 51 
3 1789 51 1147 
2 1059 51 
2 51 200 
2 1745 51 
2 51 2454 
4 4010 1482 3823 51 
1 51 
2 4018 51 
3 1586 3120 51 
1 51 
2 242 51 
2 3651 51 
4 1048 2043 3064 51 
1 51 
3 1244 3693 52 
2 1995 52 
1 52 
1 52 
4 2673 3057 2181 52 
1 52 
1 52 
2 495 52 
2 616 52 
2 232 52 
2 991 52 
3 2083 756 52 
1 52 
1 52 
1 52 
1 52 
1 52 
1 52 
2 3961 52 
2 2365 52 
2 428 52 
1 52 
1 52 
1 53 
2 2754 53 
2 2436 53 
1 53 
1 53 
2 1892 53 
1 53 
2 53 4266 
1 53 
1 53 
2 2553 53 
1 53 
2 2237 53 
4 4229 3883 1798 53 
4 2736 1718 3864 54 
4 2530 503 3841 54 
1 54 
1 54 
2 1032 54 
1 54 
2 2861 54 
2 3625 54 
1 54 
1 54 
4 1897 438 3054 54 
1 54 
1 54 
1 54 
1 54 
3 3097 2358 54 
4 495 872 576 54 
2 369 54 
1 54 
3 439 2727 54 
1 54 
1 54 
3 2535 2136 54 
1 54 
2 4196 54 
1 54 
2 849 54 
1 54 
3 3785 2648 54 
1 54 
2 2891 54 
1 55 
1 55 
1 55 
2 791 55 
1 55 
3 324 3779 55 
3 2137 2204 55 
5 2209 3825 55 3676 2033 
3 3118 55 3790 
1 55 
2 666 55 
3 482 2164 55 
2 3811 55 
2 3207 55 
1 55 
1 55 
5 2337 3185 2913 1276 55 
2 807 55 
2 1047 55 
1 55 
1 55 
1 55 
3 765 55 816 
1 56 
1 56 
1 56 
4 2793 4193 229 56 
1 56 
2 1398 56 
1 56 
1 56 
1 56 
3 872 587 56 
1 56 
2 3730 56 
1 56 
1 56 
1 57 
2 4189 57 
1 57 
1 57 
2 2558 57 
1 57 
2 2210 57 
2 1556 57 
3 635 3656 57 
1 57 
1 57 
2 2560 57 
1 57 
1 57 
1 57 
2 58 2757 
1 58 
3 58 3211 619 
3 58 2961 3040 
1 58 
2 58 3747 
2 58 3332 
2 58 1792 
2 58 904 
2 58 2913 
2 58 316 
2 2148 58 
2 58 2344 
3 3680 58 1653 
3 58 1015 2096 
1 58 
1 58 
1 58 
3 58 1786 2997 
3 58 3356 3580 
2 59 3543 
1 59 
1 59 
1 59 
4 59 1910 2154 4285 
3 2189 59 1526 
2 59 774 
1 59 
2 2191 59 
1 59 
2 202 59 
2 59 3831 
1 59 
1 60 
1 60 
2 60 1279 
2 60 2575 
3 60 1600 3086 
2 4062 60 
2 60 3402 
1 60 
1 60 
1 60 
3 60 2389 315 
2 3521 60 
1 60 
3 3577 60 1956 
3 2974 61 3342 
2 61 579 
1 61 
1 61 
2 61 3871 
3 3972 61 2523 
1 61 
1 61 
1 61 
2 2972 61 
2 3646 61 
2 61 2143 
5 61 3381 2317 1977 2215 
1 62 
1 62 
1 62 
2 1061 62 
1 62 
1 62 
3 2837 62 943 
2 62 1804 
3 4007 62 1043 
1 62 
2 3494 62 
1 62 
2 62 584 
1 62 
1 63 
1 63 
2 3484 63 
1 63 
3 63 2424 174 
3 2465 63 3988 
3 63 634 3779 
1 63 
1 63 
3 2890 63 938 
2 3566 63 
2 259 63 
3 1285 63 1392 
2 2636 63 
2 2528 63 
1 63 
1 63 
1 63 
1 63 
1 63 
2 63 2048 
3 3249 63 1145 
2 63 2231 
1 63 
6 63 2240 1216 3447 1654 3908 
2 63 4233 
2 63 3668 
1 64 
1 64 
1 64 
4 1894 64 1267 3303 
1 64 
3 64 1291 3676 
2 3378 64 
1 64 
2 3498 64 
3 3696 1287 64 
1 64 
2 64 3550 
2 3194 64 
1 64 
3 64 2408 1038 
1 64 
2 4296 64 
1 64 
1 64 
1 64 
3 3098 65 2430 
1 65 
1 65 
2 65 4286 
2 65 2909 
1 65 
2 3115 65 
1 65 
3 3663 65 3071 
1 65 
1 65 
1 65 
2 65 3432 
2 1322 65 
2 2131 65 
4 2552 3015 65 1761 
1 65 
1 65 
1 66 
3 66 2357 233 
2 66 1315 
2 66 1464 
1 66 
2 1410 66 
2 66 1986 
1 66 
2 3192 66 
3 66 1953 3805 
4 3502 66 419 1776 
2 123 66 
3 3406 66 3054 
1 66 
1 67 
2 523 67 
1 67 
2 67 2004 
1 67 
3 67 313 1633 
1 67 
2 424 67 
2 67 2159 
2 67 626 
3 67 1540 3292 
2 3939 67 
1 67 
2 67 226 
1 67 
3 3058 680 68 
2 1428 68 
1 68 
2 68 782 
1 68 
1 68 
3 1831 68 4288 
3 2437 68 1403 
2 4160 68 
1 68 
3 1600 68 439 
1 68 
1 68 
1 68 
1 68 
1 68 
2 68 2661 
2 68 3533 
1 69 
4 2834 69 2007 1800 
2 844 69 
2 69 2756 
3 69 3839 964 
1 69 
1 69 
1 69 
2 69 317 
2 343 69 
2 2199 69 
1 69 
1 69 
2 69 1883 
2 2530 69 
3 4158 773 70 
3 70 1556 1941 
1 70 
1 70 
3 105 70 2935 
1 70 
3 3603 70 4050 
2 70 946 
1 70 
1 70 
4 1267 3298 70 4113 
2 70 1000 
3 70 3019 3784 
1 70 
4 70 532 3736 3787 
1 70 
3 495 1157 70 
3 1564 70 3256 
1 70 
1 70 
1 70 
2 1356 70 
3 3049 70 4105 
1 70 
1 70 
1 71 
3 3032 71 1417 
2 4187 71 
2 1325 71 
3 3915 94 71 
3 71 2966 1418 
1 71 
2 1493 71 
1 71 
3 3381 71 3450 
3 388 1408 71 
5 2432 3404 1412 71 2646 
2 3993 71 
3 3430 4147 71 
3 4276 3344 71 
1 71 
2 71 3186 
1 71 
2 2838 71 
2 72 2710 
1 72 
3 1350 2199 72 
1 72 
3 193 72 630 
3 1586 2558 72 
1 72 
2 72 1739 
1 72 
1 72 
2 1556 72 
3 3113 72 280 
1 72 
1 72 
1 72 
2 72 3936 
1 72 
3 2863 312 72 
4 1569 733 72 3787 
3 2711 1912 72 
1 72 
1 72 
2 3941 72 
2 3964 72 
2 1818 73 
1 73 
1 73 
1 73 
1 73 
1 73 
1 73 
1 73 
3 1949 2683 73 
1 73 
1 73 
2 3922 73 
3 3160 123 73 
3 2878 437 73 
2 1323 73 
2 1534 73 
1 73 
2 566 73 
4 2907 3839 73 214 
3 650 3178 74 
2 1811 74 
2 952 74 
3 2832 965 74 
3 2743 74 1923 
1 74 
2 571 74 
1 74 
2 512 74 
1 74 
2 74 1923 
2 4081 74 
1 74 
3 1052 74 2690 
3 532 1577 74 
1 74 
1 74 
1 74 
3 260 2891 74 
2 2120 74 
2 1957 75 
1 75 
1 75 
2 2479 75 
3 2080 1414 75 
2 3351 75 
2 3105 75 
2 2560 75 
2 4082 75 
1 75 
2 4135 75 
4 2846 840 965 75 
1 75 
2 3235 75 
2 2276 75 
1 76 
1 76 
2 76 1570 
3 76 820 2051 
1 76 
1 76 
1 76 
2 76 299 
2 76 3290 
1 76 
1 76 
1 76 
3 76 3993 1936 
1 76 
3 76 238 2689 
2 76 3599 
2 76 3173 
2 76 3282 
2 76 474 
2 76 1881 
1 76 
1 76 
2 76 1206 
4 76 1893 3590 3904 
1 76 
1 76 
1 76 
4 76 3216 2309 3289 
3 77 3533 2587 
1 77 
2 77 1465 
4 3171 77 2441 477 
3 77 2185 1885 
1 77 
3 77 3876 1793 
1 77 
3 77 1344 2608 
3 77 3196 4192 
4 77 977 601 3024 
1 77 
3 77 652 2179 
1 77 
3 77 3667 532 
2 77 255 
2 77 225 
1 78 
1 78 
1 78 
1 78 
1 78 
2 78 2775 
1 78 
4 78 1383 1173 1436 
1 78 
2 78 963 
1 78 
1 78 
2 78 2264 
1 78 
3 78 2425 2706 
2 79 1399 
2 79 2222 
2 79 3936 
1 79 
4 79 895 4084 3004 
4 2531 79 841 1444 
5 1782 79 1506 3059 594 
2 79 1729 
1 79 
2 1779 79 
1 79 
3 79 252 1577 
1 79 
3 79 1483 1575 
1 79 
4 79 2539 2519 962 
1 79 
1 79 
1 79 
3 79 3330 434 
1 80 
2 80 3415 
3 80 1431 1055 
2 80 2170 
2 80 1935 
2 80 2173 
1 80 
1 80 
1 80 
1 80 
2 80 829 
3 1965 80 4100 
2 80 591 
2 80 2882 
1 80 
1 80 
8 2886 81 2303 1359 1218 2473 2963 2710 
1 81 
2 81 1901 
1 81 
1 81 
1 81 
1 81 
2 81 2219 
1 81 
2 81 1740 
2 81 227 
1 81 
6 4095 81 3568 1917 1804 1805 
3 81 3101 2858 
1 81 
1 81 
1 81 
2 81 3588 
1 81 
1 81 
1 81 
2 695 81 
2 609 82 
2 82 119 
3 4160 82 674 
1 82 
1 82 
1 82 
2 82 874 
1 82 
2 82 3410 
1 82 
4 82 1973 2029 2902 
2 82 1339 
2 82 2497 
3 82 714 948 
2 784 82 
1 82 
2 82 398 
1 82 
1 82 
1 82 
1 82 
1 82 
3 82 2263 3868 
2 83 585 
2 264 83 
3 83 2401 291 
2 83 3803 
1 83 
1 83 
2 83 460 
1 83 
2 83 1194 
2 83 1279 
1 83 
2 3742 83 
1 83 
1 83 
1 83 
1 83 
2 83 2722 
3 83 270 688 
2 84 3983 
3 84 197 926 
3 3494 84 4067 
1 84 
4 4207 3078 84 1941 
1 84 
1 84 
1 84 
3 84 3926 2877 
1 84 
1 84 
1 84 
2 84 1698 
2 239 84 
1 84 
1 84 
2 84 4265 
1 84 
2 84 3945 
1 84 
2 1690 85 
3 85 3005 442 
3 4269 85 417 
1 85 
2 2348 85 
2 85 615 
1 85 
2 1683 85 
4 85 2624 1760 4289 
2 85 359 
2 3403 85 
2 2833 85 
2 85 3183 
2 85 3312 
1 85 
2 85 1675 
1 85 
1 85 
1 85 
2 85 3159 
2 85 2740 
2 86 3041 
1 86 
2 1850 86 
2 86 3341 
4 3011 3794 86 1715 
1 86 
1 86 
2 86 3448 
1 86 
1 86 
3 3484 86 1870 
2 1708 86 
3 86 317 2985 
1 86 
3 1098 86 4114 
1 86 
1 86 
1 86 
2 2891 86 
2 86 843 
3 86 4168 438 
1 87 
1 87 
2 87 210 
1 87 
2 87 1571 
1 87 
1 87 
2 87 166 
2 87 945 
1 87 
2 2751 87 
2 87 3934 
3 2864 4182 87 
2 87 399 
2 87 1433 
2 87 1609 
1 87 
2 786 88 
1 88 
1 88 
4 1050 88 4230 4073 
1 88 
1 88 
1 88 
2 88 2477 
1 88 
1 88 
1 88 
1 88 
2 88 3821 
2 88 148 
2 88 2250 
1 88 
2 88 4173 
1 88 
4 1691 88 1871 3200 
4 3683 88 3553 1317 
1 88 
2 88 641 
2 88 2305 
3 713 89 2858 
2 89 3689 
3 2861 89 2426 
2 2788 89 
1 89 
1 89 
1 89 
1 89 
2 89 973 
2 89 3275 
1 89 
2 89 1330 
1 89 
1 89 
2 90 1573 
3 90 3022 300 
2 1970 90 
2 1570 90 
2 90 2576 
1 90 
2 2953 90 
4 90 2117 1199 486 
1 90 
3 3283 90 2390 
4 1047 90 2272 930 
1 90 
1 90 
2 1188 90 
2 90 1538 
2 90 2143 
2 90 3110 
1 90 
1 90 
3 90 1097 488 
1 90 
3 1368 90 2898 
2 90 4235 
2 90 3242 
3 2199 90 4056 
5 90 3963 1612 1248 2117 
3 1813 90 1612 
1 91 
1 91 
1 91 
1 91 
1 91 
2 1470 91 
1 91 
2 91 1805 
1 91 
1 91 
2 1945 91 
1 91 
2 1450 91 
3 3210 91 1039 
1 91 
1 91 
1 91 
1 91 
2 92 3455 
2 92 3669 
2 92 195 
2 3015 92 
1 92 
3 92 4081 2007 
2 2021 92 
2 1355 92 
1 92 
1 92 
1 92 
2 92 760 
1 92 
1 92 
2 3914 92 
1 92 
1 92 
3 147 92 2250 
4 4119 92 982 2030 
5 408 92 126 2942 3040 
4 2258 261 310 93 
3 3193 93 4094 
2 93 3569 
1 93 
1 93 
2 3816 93 
2 1706 93 
1 93 
1 93 
1 93 
1 93 
2 3580 93 
2 3757 93 
4 2713 93 3753 2781 
2 674 93 
2 93 3035 
3 2219 93 3839 
1 93 
2 3180 93 
3 1993 94 2728 
3 1891 94 1022 
2 431 94 
2 404 94 
1 94 
1 94 
1 94 
2 1714 94 
2 94 1760 
1 94 
1 94 
1 94 
1 94 
2 609 94 
2 94 3622 
1 94 
1 94 
1 94 
2 94 1523 
2 2951 94 
3 3463 94 1380 
2 94 2924 
2 1536 94 
1 94 
1 95 
1 95 
1 95 
1 95 
3 1864 95 853 
3 182 1089 95 
2 95 1527 
2 1285 95 
2 244 95 
1 95 
3 3015 1108 95 
2 95 3886 
1 95 
1 95 
2 1602 95 
3 3920 412 95 
2 95 4172 
2 2998 95 
1 96 
1 96 
3 907 3646 96 
2 96 2926 
1 96 
2 1205 96 
3 96 4074 3259 
2 96 1445 
2 96 3622 
1 96 
1 96 
2 96 848 
3 1612 96 3558 
1 96 
1 96 
2 96 3257 
2 3939 96 
2 2432 96 
3 1473 1479 96 
3 96 3591 584 
3 2717 3468 97 
1 97 
1 97 
1 97 
1 97 
1 97 
3 3698 425 97 
1 97 
3 97 3369 563 
2 97 4216 
2 1588 97 
3 2791 1516 97 
1 97 
1 97 
1 97 
1 97 
3 1383 1667 97 
2 4143 97 
2 98 3277 
3 258 3807 98 
2 1816 98 
1 98 
1 98 
1 98 
2 1458 98 
2 4109 98 
2 3220 98 
2 4100 98 
3 2170 1329 98 
2 2520 98 
2 4194 98 
4 3114 2116 98 1227 
2 1489 98 
4 3918 98 3071 2688 
1 98 
2 4053 98 
2 2953 98 
1 98 
1 98 
1 99 
2 1595 99 
1 99 
1 99 
2 2316 99 
1 99 
2 1781 99 
2 2302 99 
1 99 
2 1632 99 
1 99 
2 4253 99 
1 99 
3 3040 1240 99 
2 3754 99 
1 99 
1 99 
1 99 
1 99 
1 99 
1 99 
1 99 
2 1326 99 
3 2929 99 117 
1 99 
2 2610 99 
2 100 3107 
1 100 
1 100 
2 1863 100 
3 100 147 458 
2 1062 100 
2 100 3824 
2 100 2043 
1 100 
1 100 
1 100 
2 100 4223 
3 2190 100 2153 
1 100 
2 1337 100 
1 100 
3 100 346 2339 
3 1368 100 1829 
1 100 
2 100 901 
1 100 
2 2810 100 
2 100 796 
2 2313 100 
3 100 2337 834 
3 3989 3320 100 
2 100 2621 
2 101 417 
2 101 3004 
2 2656 101 
1 101 
4 101 1830 3201 3560 
2 4295 101 
2 101 3107 
2 101 2376 
1 101 
2 259 101 
1 101 
1 101 
3 4246 101 1632 
2 101 1842 
1 101 
2 101 3064 
4 3279 4116 101 1136 
2 102 4084 
1 102 
1 102 
2 4117 102 
1 102 
1 102 
3 102 3708 4131 
1 102 
2 102 895 
3 1997 102 1059 
2 102 2214 
1 102 
2 3190 102 
2 102 4112 
2 102 1275 
1 102 
1 102 
3 1507 102 976 
2 102 3123 
1 102 
1 102 
1 103 
1 103 
1 103 
1 103 
4 103 408 2115 2359 
1 103 
1 103 
1 103 
2 103 2871 
1 103 
2 103 3932 
2 103 948 
2 103 845 
1 103 
1 103 
1 104 
1 104 
2 104 2482 
1 104 
2 104 577 
1 104 
1 104 
5 2651 2149 104 3684 150 
1 104 
2 104 485 
2 104 1493 
1 104 
1 104 
5 3481 104 3308 1072 3021 
1 104 
1 104 
1 104 
2 3696 104 
1 104 
1 104 
1 104 
2 609 105 
4 2218 105 757 253 
1 105 
1 105 
1 105 
2 105 1195 
1 105 
2 2884 105 
1 105 
1 105 
1 105 
3 2456 105 615 
1 105 
3 2532 2513 105 
2 4179 106 
2 106 3312 
1 106 
2 106 4126 
2 2262 106 
1 106 
1 106 
2 106 830 
2 4240 106 
1 106 
2 106 2059 
3 106 189 1956 
4 1786 106 2505 1804 
1 106 
1 106 
3 106 626 1488 
2 106 3901 
1 106 
2 106 998 
2 261 106 
1 106 
3 106 2878 563 
4 3401 106 973 572 
1 107 
2 107 916 
1 107 
3 107 3065 1316 
1 107 
2 4063 107 
1 107 
2 2883 107 
2 107 1120 
2 107 1135 
1 107 
1 107 
1 107 
1 107 
2 107 976 
5 2530 107 4124 1794 1239 
1 107 
2 2552 107 
3 108 615 2663 
1 108 
3 108 842 1192 
2 2077 108 
1 108 
2 108 464 
2 2195 108 
2 108 2002 
2 108 1205 
1 108 
2 3953 108 
1 108 
2 108 148 
3 108 3013 1342 
2 108 2759 
2 108 2225 
3 108 2200 3004 
2 108 3446 
2 108 1140 
1 108 
1 108 
5 2751 2791 3567 109 4107 
2 109 3655 
3 2773 109 684 
5 324 1587 109 1953 233 
1 109 
1 109 
2 1589 109 
1 109 
1 109 
1 109 
2 109 2392 
2 3522 109 
2 109 1544 
2 109 2446 
3 1065 109 4213 
2 2404 109 
2 109 2727 
1 109 
2 1536 109 
1 109 
1 109 
1 109 
2 1206 110 
6 3027 2441 2002 110 2446 2667 
3 110 2201 1209 
2 3114 110 
4 110 3342 2373 378 
1 110 
3 110 2152 2643 
1 110 
2 545 110 
1 110 
4 1428 110 1377 1803 
3 843 110 2162 
3 2191 110 3927 
1 110 
2 110 111 
2 1135 110 
1 110 
2 2750 110 
1 110 
2 4298 110 
3 3891 1136 110 
3 2619 1172 110 
2 110 2753 
1 110 
1 110 
2 110 2044 
2 110 1240 
2 110 3750 
1 111 
2 2092 111 
3 1607 111 1860 
2 111 3641 
1 111 
4 1565 111 3367 704 
1 111 
1 111 
3 111 2161 904 
2 111 2321 
2 4017 111 
1 111 
1 111 
2 2530 111 
2 111 1277 
1 111 
2 3118 112 
3 653 2424 112 
2 112 2508 
1 112 
2 1096 112 
3 845 3863 112 
3 842 112 197 
3 112 722 1279 
2 3680 112 
2 3698 112 
2 3310 112 
1 112 
2 112 2482 
3 702 2268 112 
1 112 
1 112 
1 112 
3 1756 112 1841 
1 112 
1 112 
1 112 
1 112 
2 953 113 
2 3628 113 
1 113 
4 1844 634 113 2360 
1 113 
2 390 113 
1 113 
3 2109 3300 113 
3 2367 113 1644 
2 113 1561 
2 113 3720 
1 113 
3 2409 2724 113 
4 4163 3215 2246 113 
1 113 
1 113 
1 113 
2 1789 113 
2 4160 113 
1 113 
2 3528 113 
2 114 1503 
2 2846 114 
3 786 3288 114 
1 114 
1 114 
3 3445 132 114 
2 114 2949 
2 3678 114 
1 114 
1 114 
2 819 114 
1 114 
1 114 
1 114 
1 115 
1 115 
1 115 
3 271 4193 115 
2 2335 115 
2 3577 115 
1 115 
1 115 
2 146 115 
1 115 
1 115 
1 115 
2 1971 115 
4 1600 3062 3903 115 
1 115 
3 805 1764 115 
2 4040 115 
2 2503 115 
1 115 
3 2607 115 1531 
1 115 
1 115 
1 116 
3 2013 946 116 
1 116 
2 3488 116 
2 1968 116 
3 987 1240 116 
1 116 
1 116 
1 116 
2 2226 116 
2 3632 116 
1 116 
2 855 116 
1 116 
1 116 
2 2791 117 
2 939 117 
2 3653 117 
1 117 
1 117 
1 117 
1 117 
1 117 
2 2294 117 
1 117 
3 2014 1145 117 
1 117 
2 2006 117 
1 117 
2 4244 117 
1 117 
2 138 117 
3 3404 1193 117 
2 3239 117 
2 118 3098 
1 118 
3 118 1687 3388 
1 118 
3 118 3481 2798 
2 118 968 
1 118 
1 118 
2 118 2370 
1 118 
2 118 4283 
2 118 1321 
3 118 268 1113 
3 118 372 2059 
3 118 2258 3755 
2 118 3243 
1 118 
2 118 3619 
1 119 
3 119 3586 1080 
3 119 2909 4083 
3 119 2263 458 
2 4004 119 
2 119 4249 
2 119 2354 
2 119 3795 
2 119 941 
4 119 2193 4021 3790 
1 119 
1 119 
3 3138 119 2024 
2 119 2607 
1 119 
1 119 
2 119 681 
1 119 
2 120 2780 
2 120 3841 
2 120 3806 
2 3193 120 
1 120 
1 120 
1 120 
3 865 120 1224 
2 120 1788 
1 120 
2 120 2177 
1 120 
2 120 3148 
2 120 319 
3 120 185 681 
1 120 
1 121 
1 121 
1 121 
2 1647 121 
1 121 
1 121 
4 121 2815 2182 740 
2 3263 121 
2 3892 121 
1 121 
2 121 1296 
2 121 2267 
1 121 
1 121 
1 121 
1 121 
2 121 4023 
1 121 
4 121 3668 3165 3868 
1 121 
1 121 
1 122 
1 122 
1 122 
1 122 
3 2656 122 460 
3 2234 1259 122 
2 122 1563 
3 122 1767 457 
1 122 
1 122 
3 803 122 3159 
2 1302 122 
2 122 2708 
3 123 1418 1922 
1 123 
3 2768 123 982 
1 123 
2 1086 123 
2 1356 123 
1 123 
2 648 123 
2 123 776 
3 2190 123 1535 
2 2637 123 
1 123 
1 123 
1 123 
4 2190 123 830 2180 
1 123 
3 123 3865 2989 
1 123 
1 123 
1 123 
1 123 
2 123 2486 
2 1051 123 
1 123 
2 124 2102 
1 124 
1 124 
1 124 
1 124 
1 124 
2 124 2548 
2 3835 124 
1 124 
2 1260 124 
1 124 
1 124 
2 631 124 
1 124 
2 3213 124 
3 671 124 869 
1 124 
2 1600 124 
1 124 
1 124 
1 124 
2 1749 124 
2 3583 124 
2 1492 124 
2 2617 124 
1 124 
3 2072 124 2245 
1 124 
2 124 3042 
2 124 1044 
2 124 2453 
2 733 125 
1 125 
1 125 
1 125 
2 125 153 
1 125 
1 125 
1 125 
2 351 125 
1 125 
2 1634 125 
2 125 323 
3 125 754 132 
2 125 2649 
2 3353 125 
2 125 2578 
2 125 2307 
2 125 3611 
2 125 2117 
2 180 125 
2 649 125 
2 2235 125 
2 125 167 
1 125 
2 3076 126 
2 2697 126 
2 126 2104 
2 126 835 
2 884 126 
2 126 3288 
1 126 
1 126 
4 3872 939 126 1579 
2 126 1954 
2 864 126 
2 3362 126 
2 1233 126 
4 3327 126 3736 2728 
1 126 
1 126 
2 126 1041 
2 1269 127 
1 127 
6 1099 3771 2230 127 2143 1381 
3 565 1569 127 
2 127 2104 
3 352 127 3785 
2 4221 127 
2 127 1120 
3 3954 3541 127 
1 127 
1 127 
3 4054 127 1579 
1 127 
1 127 
2 127 581 
2 127 4196 
1 127 
1 127 
1 127 
2 3539 127 
2 2462 127 
1 127 
2 3191 128 
1 128 
3 128 1317 2145 
2 1094 128 
2 3279 128 
1 128 
1 128 
2 3375 128 
3 1170 1431 128 
1 128 
4 774 1177 128 1496 
1 128 
1 128 
1 128 
3 3265 717 128 
2 128 926 
1 128 
1 128 
2 128 603 
2 4004 128 
1 128 
1 129 
1 129 
3 238 129 277 
2 1010 129 
2 1217 129 
2 1783 129 
2 911 129 
2 129 2502 
1 129 
1 129 
2 4006 129 
1 129 
1 129 
2 129 3448 
1 129 
3 3050 576 129 
3 1532 4141 129 
1 129 
1 130 
2 821 130 
2 188 130 
2 271 130 
4 2863 470 3122 130 
1 130 
1 130 
2 130 4091 
2 130 2759 
1 130 
1 130 
2 130 484 
2 130 2689 
1 130 
1 130 
1 130 
1 130 
1 130 
3 130 2377 2309 
4 406 3102 1540 130 
2 2955 130 
3 2837 130 1989 
1 130 
1 130 
1 131 
1 131 
1 131 
1 131 
3 131 2480 4285 
1 131 
2 131 2210 
1 131 
2 131 2016 
1 131 
1 131 
2 1691 131 
1 131 
2 131 3025 
1 131 
1 131 
1 131 
2 4177 131 
3 131 3435 2970 
1 131 
1 132 
1 132 
1 132 
2 1268 132 
2 2442 132 
1 132 
1 132 
1 132 
2 132 3714 
2 466 132 
4 2195 3528 132 3042 
2 3725 132 
1 132 
2 132 1418 
1 132 
3 876 132 1126 
2 2500 132 
2 132 3950 
2 2077 133 
1 133 
1 133 
1 133 
1 133 
3 2019 2423 133 
1 133 
1 133 
2 133 2900 
1 133 
2 133 1365 
2 236 133 
2 2146 133 
1 133 
1 133 
1 133 
2 2190 133 
1 133 
1 133 
2 3272 133 
2 520 134 
1 134 
2 1065 134 
2 338 134 
2 4007 134 
1 134 
1 134 
1 134 
3 3678 3978 134 
1 134 
1 134 
1 134 
2 1458 134 
2 134 3436 
2 3521 134 
2 714 134 
4 218 3711 2988 134 
2 1958 134 
3 2601 1518 134 
2 1482 134 
2 4042 135 
1 135 
1 135 
1 135 
2 826 135 
2 135 3374 
3 2512 3289 135 
2 1032 135 
1 135 
2 991 135 
1 135 
1 135 
2 304 135 
2 246 135 
1 135 
2 1563 135 
1 135 
2 2431 135 
4 3861 828 4131 135 
3 1426 1600 135 
2 1445 136 
2 2754 136 
2 1857 136 
2 2785 136 
1 136 
2 4127 136 
2 1925 136 
2 757 136 
1 136 
1 136 
1 136 
3 3124 1661 136 
1 136 
2 2267 136 
2 3805 136 
2 4148 136 
4 1117 4231 2183 136 
3 1863 2524 136 
2 3373 136 
1 136 
1 136 
1 136 
1 137 
1 137 
1 137 
2 137 1098 
1 137 
3 137 3787 539 
2 137 764 
2 137 1703 
1 137 
2 137 3291 
2 137 1473 
2 137 3634 
1 137 
1 137 
1 137 
1 137 
1 138 
2 138 2206 
3 2167 138 1735 
2 138 473 
2 138 2211 
3 1085 2712 138 
3 138 3882 4110 
2 1370 138 
2 1181 138 
1 138 
3 2597 138 2160 
1 138 
1 138 
1 138 
2 138 220 
1 139 
2 612 139 
1 139 
1 139 
4 4175 2434 139 3431 
3 139 3816 3347 
2 139 814 
3 4179 139 1033 
2 139 720 
2 2169 139 
3 610 139 2983 
3 139 4248 1554 
1 139 
1 139 
2 139 2980 
1 139 
3 2382 139 3964 
2 139 1857 
1 139 
1 139 
2 140 4090 
2 2714 140 
1 140 
1 140 
5 771 140 3978 1768 3227 
1 140 
2 140 687 
4 2327 2167 140 1936 
1 140 
4 140 1155 896 539 
1 140 
2 140 917 
1 140 
3 4241 2866 140 
3 4096 2350 140 
1 140 
1 140 
2 140 4230 
2 140 3962 
1 140 
2 140 480 
1 140 
1 140 
4 140 416 3868 4156 
1 140 
2 3479 140 
3 3540 141 2011 
1 141 
2 141 777 
2 141 3509 
1 141 
2 141 2404 
1 141 
1 141 
2 141 686 
3 141 3992 3753 
2 141 3950 
1 141 
1 141 
1 141 
2 141 3449 
1 141 
1 141 
1 141 
1 141 
2 3565 141 
1 142 
2 451 142 
2 1472 142 
2 142 1694 
2 1368 142 
1 142 
1 142 
3 142 1247 2610 
2 142 1425 
3 2846 142 277 
1 142 
1 142 
2 2890 142 
1 142 
1 142 
1 142 
5 2277 3403 2839 143 1500 
1 143 
2 143 842 
1 143 
1 143 
1 143 
1 143 
2 143 4196 
1 143 
2 143 983 
2 143 4049 
2 3208 143 
3 1765 143 1613 
1 143 
2 143 164 
3 1104 144 1767 
2 144 148 
4 2593 144 3692 1443 
2 144 1737 
1 144 
2 144 2797 
1 144 
2 144 3840 
1 144 
1 144 
3 144 2063 560 
1 144 
2 449 144 
1 144 
1 144 
3 144 2921 2968 
3 1671 144 430 
3 144 1463 2126 
3 144 3994 412 
2 144 3021 
1 144 
2 144 1597 
2 145 2135 
3 145 2098 740 
2 145 664 
3 1600 145 3650 
1 145 
1 145 
2 2995 145 
3 1264 145 2842 
6 4004 762 145 1722 1487 1128 
1 145 
2 472 145 
1 145 
1 145 
2 309 145 
1 145 
3 145 3693 1800 
1 145 
2 145 2659 
2 3922 145 
2 145 1632 
1 146 
1 146 
2 146 3594 
1 146 
2 146 1468 
1 146 
3 1306 2366 146 
1 146 
1 146 
5 1008 424 3683 146 3139 
3 1190 146 1145 
3 146 3254 3624 
1 146 
2 3174 146 
2 147 3625 
1 147 
1 147 
1 147 
2 2876 147 
1 147 
1 147 
2 147 1884 
3 3598 147 875 
2 1908 147 
1 147 
1 147 
4 147 846 398 1987 
2 3795 147 
1 147 
2 147 929 
1 147 
2 147 538 
2 1386 147 
1 148 
1 148 
2 148 4024 
1 148 
1 148 
1 148 
2 148 1843 
2 148 1021 
3 3247 148 3805 
1 148 
1 148 
2 3488 148 
2 657 148 
2 2282 148 
2 149 439 
2 149 1882 
1 149 
3 1785 149 1961 
3 3832 149 4219 
2 149 2609 
2 149 3225 
1 149 
1 149 
1 149 
1 149 
4 1184 3295 310 149 
2 149 512 
4 1600 3666 4049 149 
1 149 
1 149 
3 1412 149 3552 
1 149 
3 446 2876 149 
1 149 
3 3244 149 2631 
2 3756 149 
2 150 1237 
1 150 
2 1228 150 
1 150 
1 150 
1 150 
2 3979 150 
2 3366 150 
2 150 2778 
1 150 
1 150 
2 150 2774 
1 150 
2 1716 150 
1 150 
2 3821 150 
2 150 2687 
3 150 2448 3039 
1 150 
1 151 
2 3581 151 
1 151 
1 151 
2 2889 151 
1 151 
2 151 1199 
2 151 1904 
1 151 
1 151 
1 151 
3 3679 352 151 
1 151 
5 2018 4222 1568 151 2162 
2 1684 151 
1 151 
1 151 
1 152 
2 4259 152 
2 410 152 
2 1708 152 
1 152 
2 2159 152 
1 152 
4 1827 1897 152 1317 
2 4184 152 
1 152 
1 152 
2 1394 152 
2 411 152 
3 2083 2880 152 
3 1780 3518 152 
2 241 152 
3 4062 1542 152 
2 2626 152 
2 3661 152 
3 2190 153 4154 
1 153 
1 153 
1 153 
1 153 
2 1408 153 
1 153 
1 153 
2 1859 153 
1 153 
1 153 
1 153 
3 3307 153 2989 
5 1184 3857 1977 153 1843 
2 1704 153 
5 3175 842 2643 153 2484 
1 154 
2 330 154 
1 154 
2 3506 154 
2 729 154 
2 4181 154 
2 1404 154 
5 3111 707 580 154 2586 
1 154 
1 154 
1 154 
3 1108 154 1332 
1 154 
1 155 
2 1065 155 
3 1349 1008 155 
2 1570 155 
2 3427 155 
2 834 155 
2 2303 155 
1 155 
3 1059 2032 155 
2 2131 155 
1 155 
1 155 
1 155 
1 155 
2 3434 155 
3 1310 1958 155 
1 155 
2 3232 155 
1 156 
1 156 
3 179 156 2511 
1 156 
2 156 1667 
1 156 
2 156 4162 
1 156 
3 156 4275 3903 
1 156 
1 156 
1 156 
2 156 1218 
2 156 408 
1 156 
1 156 
1 156 
2 156 878 
1 156 
1 156 
3 156 3384 4136 
1 156 
2 157 3567 
2 157 1113 
4 2346 157 1302 898 
1 157 
1 157 
2 157 1613 
2 157 2608 
2 157 1010 
1 157 
4 157 4244 875 1495 
1 157 
3 1990 157 2023 
4 157 4270 3961 3640 
1 157 
2 157 1795 
3 158 3050 4194 
1 158 
2 158 1437 
3 158 2192 1956 
2 158 1308 
2 158 3984 
1 158 
4 2233 158 3605 1137 
1 158 
3 158 1055 793 
1 158 
3 3680 2593 158 
2 158 2052 
2 158 2722 
1 158 
1 158 
1 158 
1 158 
1 158 
1 158 
2 158 3839 
1 158 
1 158 
1 158 
1 159 
2 159 3770 
2 159 3248 
3 159 3931 2376 
2 159 2912 
1 159 
2 159 4125 
1 159 
1 159 
1 159 
2 159 3948 
1 159 
1 159 
2 159 2394 
3 159 3249 3962 
1 159 
1 160 
2 160 3530 
1 160 
1 160 
1 160 
1 160 
1 160 
1 160 
3 160 2429 1702 
2 160 1462 
1 160 
1 160 
1 160 
1 160 
3 160 3586 2416 
1 160 
1 160 
1 160 
2 160 3609 
1 160 
2 161 1535 
2 161 4133 
2 161 1520 
2 161 2916 
3 161 499 3042 
1 161 
2 161 792 
4 1469 161 530 4286 
2 161 3373 
2 161 1862 
1 161 
1 161 
2 161 1695 
1 161 
2 161 1145 
4 161 3748 1423 3259 
1 161 
1 161 
2 181 161 
2 162 2046 
2 2550 162 
3 3263 162 1328 
3 1845 2385 162 
2 162 1294 
1 162 
2 162 1541 
1 162 
1 162 
2 162 3878 
3 490 162 1760 
2 2021 162 
1 162 
1 162 
1 162 
3 162 431 301 
2 162 408 
3 163 3555 1142 
2 163 2857 
1 163 
3 163 1819 857 
2 1183 163 
2 163 299 
2 163 2470 
1 163 
2 163 2268 
3 163 253 1531 
2 347 163 
1 163 
1 163 
3 163 1951 3751 
1 163 
1 163 
2 163 4210 
1 163 
2 2956 163 
2 309 163 
2 2788 163 
1 163 
1 163 
1 163 
1 163 
2 164 3073 
1 164 
1 164 
2 164 1502 
1 164 
2 164 225 
1 164 
3 164 4115 2345 
1 164 
1 164 
2 164 1802 
2 165 2361 
2 165 2970 
1 165 
2 165 3903 
3 165 2944 563 
2 3137 165 
3 165 1276 3149 
2 165 3390 
1 165 
1 165 
1 165 
2 165 2914 
2 219 165 
2 165 1399 
3 165 1920 947 
1 165 
3 165 1911 3186 
1 165 
1 166 
1 166 
5 3192 2405 166 4168 3516 
1 166 
2 166 2564 
1 166 
1 166 
1 166 
2 166 440 
2 166 393 
2 166 233 
2 166 2670 
1 166 
1 166 
2 166 1774 
2 166 453 
2 1943 166 
1 166 
3 2554 167 2033 
1 167 
1 167 
3 167 3692 1521 
2 1788 167 
1 167 
2 167 4087 
1 167 
1 167 
3 2278 2516 167 
3 2697 167 1531 
2 1512 167 
2 2742 167 
4 4060 167 1344 1020 
1 168 
1 168 
2 168 2961 
1 168 
1 168 
2 1392 168 
2 168 920 
2 2262 168 
1 168 
1 168 
2 1285 168 
1 168 
2 3379 168 
1 168 
3 4129 169 3039 
3 2083 959 169 
2 4095 169 
2 2243 169 
1 169 
4 2106 1696 169 3932 
1 169 
1 169 
1 169 
1 169 
3 3820 169 4283 
1 169 
1 169 
2 170 2015 
1 170 
1 170 
1 170 
1 170 
1 170 
1 170 
3 170 3620 2524 
1 170 
2 908 170 
3 170 3595 1583 
1 170 
3 1187 170 850 
1 170 
1 170 
1 170 
1 170 
1 170 
1 171 
1 171 
1 171 
4 1707 3854 171 4088 
3 1228 2193 171 
1 171 
2 171 1421 
1 171 
1 171 
2 2769 171 
1 171 
1 171 
1 171 
2 1494 171 
1 172 
2 2501 172 
1 172 
1 172 
3 172 929 1200 
3 3375 653 172 
1 172 
1 172 
1 172 
1 172 
2 2522 172 
2 639 172 
1 172 
1 172 
2 2979 172 
3 2222 172 982 
1 172 
2 1933 172 
1 172 
1 172 
1 172 
3 3179 172 2729 
2 2696 172 
4 3357 2557 4184 173 
1 173 
1 173 
2 1288 173 
3 173 197 3305 
1 173 
3 1416 173 1240 
2 1025 173 
2 1011 173 
3 173 3094 254 
1 173 
2 809 173 
2 862 173 
2 2348 173 
1 173 
2 3250 173 
1 173 
1 173 
2 173 3932 
1 174 
2 3760 174 
1 174 
1 174 
2 3777 174 
1 174 
1 174 
2 174 2127 
2 1220 174 
3 2846 1693 174 
3 1418 174 2344 
2 3684 174 
3 174 3933 1332 
1 174 
1 174 
1 174 
3 1630 4168 174 
1 174 
1 174 
1 174 
1 174 
2 1585 174 
1 174 
3 700 334 174 
1 174 
2 174 3718 
1 175 
1 175 
1 175 
2 598 175 
1 175 
1 175 
3 4168 175 3809 
2 3060 175 
2 963 175 
1 175 
2 175 1420 
2 2768 175 
3 1314 3620 175 
2 4049 175 
2 175 3070 
2 175 2631 
2 2684 175 
1 175 
1 176 
1 176 
1 176 
1 176 
1 176 
1 176 
2 332 176 
2 2281 176 
3 595 176 2163 
3 3833 1279 176 
4 730 1711 2584 176 
3 2824 176 4027 
3 4250 1416 176 
1 176 
1 176 
1 176 
1 176 
3 1824 466 176 
1 176 
1 177 
1 177 
1 177 
2 493 177 
1 177 
1 177 
2 1883 177 
3 4199 177 4156 
1 177 
1 177 
1 177 
2 1925 177 
1 177 
1 177 
1 177 
2 342 177 
1 177 
1 177 
1 177 
1 177 
1 178 
1 178 
2 178 2809 
2 625 178 
3 2350 2083 178 
1 178 
1 178 
3 1257 1714 178 
2 913 178 
1 178 
1 178 
4 2315 3874 2947 178 
1 178 
1 178 
1 178 
1 178 
1 178 
4 179 1665 710 1251 
1 179 
1 179 
1 179 
2 179 1290 
2 179 1016 
3 179 3972 3967 
1 179 
3 179 3768 1330 
2 179 406 
1 179 
1 179 
2 179 3046 
2 179 416 
1 179 
2 179 2813 
1 179 
2 383 179 
1 179 
1 179 
2 179 272 
1 179 
2 179 3263 
1 179 
2 179 3022 
1 179 
2 179 637 
3 180 2685 1225 
2 180 2178 
2 180 972 
2 180 4096 
1 180 
1 180 
1 180 
3 180 2643 2275 
1 180 
3 180 3152 643 
1 180 
1 180 
4 1532 4095 180 1366 
2 180 3634 
1 180 
2 180 3623 
1 180 
2 180 945 
3 181 4029 2547 
2 2810 181 
2 181 2536 
1 181 
2 1201 181 
1 181 
2 3849 181 
2 181 332 
1 181 
2 422 181 
1 181 
3 181 1293 3841 
1 181 
2 181 2966 
3 181 1761 515 
1 181 
2 3207 181 
2 181 209 
1 181 
3 181 493 1917 
1 181 
2 181 2021 
1 181 
1 181 
1 182 
1 182 
2 182 2829 
2 182 1265 
3 2167 3096 182 
2 182 1612 
2 1846 182 
1 182 
2 182 727 
1 182 
1 182 
1 182 
1 182 
1 183 
4 2295 183 4283 1227 
1 183 
1 183 
3 183 1855 1200 
2 2992 183 
2 183 3997 
2 183 2478 
1 183 
1 183 
3 183 2365 3165 
2 183 394 
3 886 183 1617 
1 183 
2 183 1527 
2 183 1924 
1 183 
1 183 
3 2905 183 309 
3 183 551 3330 
1 184 
1 184 
2 184 2925 
2 184 1519 
2 184 213 
1 184 
1 184 
2 1388 184 
1 184 
2 3118 184 
2 184 963 
2 184 891 
2 184 976 
2 184 3169 
1 184 
3 184 2504 4219 
1 184 
1 185 
2 185 3669 
1 185 
1 185 
2 783 185 
1 185 
2 185 2363 
3 185 3327 3432 
2 185 349 
3 185 1913 1877 
3 185 962 3536 
3 185 2914 485 
3 2917 1105 185 
2 185 667 
1 185 
3 2256 186 201 
1 186 
1 186 
1 186 
3 186 2322 602 
2 551 186 
3 186 3534 2744 
1 186 
1 186 
1 186 
1 186 
1 186 
2 186 3108 
3 2220 3918 186 
1 186 
1 186 
1 186 
1 187 
3 1907 187 1238 
2 187 976 
1 187 
2 3661 187 
2 2886 187 
3 4047 187 1058 
1 187 
2 2329 187 
3 521 187 234 
3 2168 187 630 
2 187 1174 
2 1026 187 
1 187 
2 187 4053 
2 4184 187 
4 292 3649 188 3026 
1 188 
2 1310 188 
1 188 
2 188 4233 
2 188 2963 
2 188 1546 
3 188 2416 1281 
4 342 3614 1825 188 
1 188 
1 188 
1 188 
1 188 
1 188 
1 188 
3 1287 1136 188 
3 368 3897 189 
3 2679 2283 189 
2 189 3002 
4 3122 2241 189 1194 
2 189 4191 
1 189 
4 4239 189 2912 1761 
3 2077 3405 189 
1 189 
1 189 
1 189 
1 189 
2 1766 189 
1 189 
1 189 
4 2863 3282 189 692 
3 1061 189 2898 
1 189 
1 189 
4 1291 4106 190 2087 
2 190 4227 
3 1931 2242 190 
1 190 
1 190 
1 190 
1 190 
1 190 
1 190 
1 190 
1 190 
1 190 
2 2040 190 
1 190 
2 190 879 
3 3896 190 2687 
1 190 
2 190 724 
3 241 2641 190 
1 190 
3 3981 190 509 
1 190 
2 190 3419 
2 631 190 
2 2265 190 
1 190 
3 525 190 645 
2 932 190 
1 191 
2 191 2644 
1 191 
1 191 
2 218 191 
1 191 
3 261 191 1163 
2 3771 191 
1 191 
2 191 760 
1 191 
2 674 191 
4 1396 191 397 2524 
1 191 
3 4143 388 191 
1 191 
1 191 
1 191 
2 1656 192 
1 192 
1 192 
1 192 
1 192 
3 3793 1186 192 
2 3186 192 
1 192 
2 192 2216 
3 3220 4081 192 
1 192 
3 1857 2819 192 
2 192 1978 
4 236 4009 192 2360 
2 193 2971 
2 1856 193 
1 193 
2 802 193 
2 3395 193 
1 193 
2 3937 193 
1 193 
2 3995 193 
1 193 
1 193 
1 193 
3 3502 294 194 
1 194 
3 3136 194 514 
3 2530 3731 194 
2 3893 194 
1 194 
2 3923 194 
1 194 
1 194 
2 3398 194 
1 194 
3 1261 1134 194 
1 194 
2 792 194 
1 194 
1 194 
2 1394 194 
3 2533 194 1126 
1 194 
4 2738 1396 194 1444 
2 194 834 
1 194 
3 1137 2373 194 
1 195 
1 195 
2 3747 195 
3 1708 632 195 
3 2371 195 2930 
1 195 
2 4242 195 
1 195 
1 195 
1 195 
1 195 
1 195 
3 1648 721 195 
1 195 
4 195 2944 1329 2725 
2 2384 195 
3 1944 352 195 
1 195 
2 3426 195 
1 195 
2 196 1141 
2 4211 196 
1 196 
2 296 196 
1 196 
4 1849 2769 4190 196 
3 951 4132 196 
1 196 
1 196 
3 735 196 3317 
3 1754 196 2987 
1 196 
2 1052 196 
2 1996 196 
2 1136 196 
1 196 
2 4196 197 
2 3830 197 
1 197 
3 863 3828 197 
2 197 1212 
2 2954 197 
3 3447 197 800 
1 197 
2 2463 197 
1 197 
1 197 
1 197 
5 1371 1860 197 3131 1468 
2 2868 197 
5 1099 2383 3550 3965 197 
1 197 
2 4128 197 
1 197 
2 635 197 
1 197 
1 197 
1 197 
3 3545 455 198 
1 198 
1 198 
1 198 
1 198 
2 3341 198 
2 198 3988 
1 198 
2 198 3040 
1 198 
1 198 
1 198 
2 198 2709 
1 198 
2 2238 198 
2 1098 198 
2 2448 198 
1 198 
1 198 
4 2416 2807 198 1644 
1 198 
1 199 
2 1232 199 
2 2519 199 
1 199 
3 3488 514 199 
2 497 199 
2 1538 199 
3 954 1010 199 
4 1026 4096 3199 199 
2 3895 199 
1 199 
1 199 
3 525 2755 199 
3 297 1097 199 
1 199 
1 199 
2 1898 199 
1 199 
1 199 
1 200 
1 200 
2 2209 200 
2 2406 200 
2 3772 200 
1 200 
2 3879 200 
2 3711 200 
2 3677 200 
1 200 
2 4203 200 
1 200 
4 3917 977 2121 200 
1 200 
5 3246 839 3082 2303 200 
2 1527 200 
1 200 
2 721 200 
1 200 
2 1279 200 
2 210 201 
1 201 
1 201 
1 201 
1 201 
2 1838 201 
3 1411 391 201 
1 201 
3 3901 3968 201 
4 204 1958 3641 201 
1 201 
3 4069 1902 201 
1 201 
4 204 1461 2901 201 
2 3774 201 
3 207 741 201 
1 201 
2 1671 201 
2 2201 201 
1 201 
1 201 
1 201 
2 3138 201 
5 3312 2065 441 201 3393 
3 3406 626 201 
2 1736 201 
1 201 
3 1566 1441 201 
2 202 3762 
1 202 
3 202 1345 1921 
2 202 343 
2 202 1448 
1 202 
2 202 264 
1 202 
2 202 1681 
1 202 
1 202 
2 202 3145 
1 202 
3 202 2820 2650 
1 202 
1 202 
4 804 3955 203 2156 
2 203 2536 
2 3953 203 
1 203 
2 203 4000 
1 203 
1 203 
3 1005 203 599 
3 203 3108 1079 
3 203 2802 3149 
2 203 1804 
3 203 2780 1449 
2 203 3841 
1 203 
2 203 3500 
3 203 3917 559 
2 203 934 
2 204 666 
1 204 
3 3500 204 1233 
1 204 
1 204 
1 204 
2 204 3988 
1 204 
3 2788 2679 204 
2 204 2978 
1 204 
2 204 3716 
1 204 
3 1663 204 796 
3 204 3116 4133 
1 204 
2 909 204 
2 240 204 
4 1260 3855 204 3976 
2 205 2015 
1 205 
1 205 
2 205 2819 
4 817 205 1516 1419 
2 205 2879 
2 205 3764 
2 205 434 
2 205 3582 
1 205 
1 205 
2 3957 205 
1 205 
1 205 
1 205 
4 2891 206 2368 2569 
3 543 4144 206 
2 206 2581 
3 2675 206 1249 
1 206 
2 206 3755 
2 206 1052 
1 206 
2 868 206 
1 206 
1 206 
1 206 
2 206 4283 
2 206 2227 
2 206 1054 
1 206 
1 206 
2 206 2373 
1 206 
2 206 2414 
2 2938 206 
1 206 
1 206 
2 206 3449 
1 207 
2 3539 207 
1 207 
2 426 207 
1 207 
2 771 207 
1 207 
1 207 
2 207 431 
1 207 
1 207 
1 208 
2 208 2306 
1 208 
2 2691 208 
1 208 
1 208 
1 208 
1 208 
2 3651 208 
2 208 539 
4 208 2856 2963 3433 
2 1388 208 
1 208 
1 208 
3 208 1960 3659 
3 329 2539 208 
1 208 
2 208 1803 
1 208 
1 208 
1 209 
2 209 3292 
1 209 
5 1219 1039 209 3024 984 
2 2133 209 
1 209 
1 209 
1 209 
4 838 1665 209 441 
1 209 
2 3920 209 
2 1008 209 
1 209 
2 1013 209 
2 1745 209 
2 1911 209 
2 748 210 
1 210 
2 525 210 
1 210 
2 717 210 
1 210 
4 1829 1480 3751 210 
2 1497 210 
2 2366 210 
4 2034 1568 252 210 
1 210 
1 210 
2 3285 210 
2 3341 210 
1 210 
2 2784 210 
2 2596 210 
1 210 
1 210 
2 1845 210 
5 3309 4214 3533 1612 211 
4 3524 2798 3878 211 
1 211 
1 211 
1 211 
3 1952 1595 211 
1 211 
1 211 
3 4255 211 539 
3 211 362 1023 
2 211 1404 
2 3696 211 
2 2167 211 
1 211 
3 366 1950 211 
2 2755 211 
1 211 
2 2047 211 
2 1392 211 
2 1718 211 
2 211 3239 
3 212 1023 2033 
2 2037 212 
1 212 
3 710 212 1842 
2 306 212 
1 212 
1 212 
1 212 
3 803 2143 212 
2 3141 212 
3 2108 4224 212 
2 2716 212 
3 570 3843 212 
2 3307 212 
1 212 
3 2040 212 2709 
2 3817 212 
3 3172 3984 212 
3 4246 719 212 
2 212 1499 
3 3094 212 857 
1 212 
1 212 
1 212 
1 212 
2 213 2587 
2 569 213 
3 3738 213 1942 
2 4005 213 
1 213 
1 213 
2 1420 213 
2 2726 213 
2 275 213 
1 213 
1 213 
1 213 
2 614 213 
2 3027 213 
3 766 962 213 
3 3464 2807 213 
1 213 
2 1382 214 
1 214 
4 1624 1357 2273 214 
2 285 214 
3 710 3080 214 
4 933 2268 214 984 
2 921 214 
1 214 
1 214 
1 214 
5 3263 3426 3410 1724 214 
1 214 
1 214 
2 786 214 
2 1903 214 
2 1758 214 
1 214 
3 2768 4249 215 
1 215 
2 2630 215 
1 215 
4 2105 2771 1001 215 
1 215 
2 3048 215 
2 1737 215 
1 215 
4 3375 3016 215 3660 
1 215 
1 215 
4 1409 458 899 215 
1 215 
3 1167 215 1024 
3 3816 832 215 
2 3681 215 
2 1541 215 
3 2293 1155 215 
3 3111 1955 215 
1 215 
5 3827 2853 2543 1122 215 
1 215 
1 215 
2 3464 215 
1 215 
4 4293 992 975 215 
1 215 
2 216 3899 
1 216 
1 216 
1 216 
2 216 1667 
1 216 
2 216 577 
2 216 3223 
2 216 3812 
1 216 
3 216 427 2181 
2 216 4095 
1 216 
2 216 1934 
2 216 416 
1 216 
3 216 2954 3611 
1 216 
2 217 2534 
2 217 3004 
3 217 783 2001 
3 217 4126 641 
1 217 
1 217 
2 217 3697 
1 217 
2 217 1097 
3 217 1745 2801 
2 217 2727 
1 217 
3 217 3665 1280 
1 217 
2 217 1801 
1 217 
1 217 
1 218 
2 218 3683 
2 218 2113 
2 218 2797 
2 218 3797 
1 218 
3 218 3105 2341 
2 218 939 
5 218 808 524 4134 2029 
1 218 
3 218 911 2775 
4 218 4175 869 2369 
3 218 3450 381 
1 218 
1 218 
2 218 1975 
1 218 
3 218 4103 903 
1 218 
1 218 
1 218 
2 3009 218 
1 218 
1 218 
1 218 
1 218 
1 218 
2 218 1679 
2 218 1091 
1 219 
2 219 223 
2 219 1685 
2 219 3108 
1 219 
1 219 
1 219 
1 219 
3 219 3082 925 
2 219 1421 
1 219 
1 219 
2 219 901 
1 219 
1 219 
1 219 
6 219 3577 2356 4016 395 3317 
1 219 
3 219 2617 1205 
3 219 1305 3178 
1 219 
2 219 1355 
2 219 1691 
1 219 
2 220 726 
1 220 
2 220 4201 
1 220 
2 220 2022 
2 220 1298 
1 220 
2 220 2208 
1 220 
1 220 
