15 2 3 4 5 6 7 8 9 10 11 12 13 14 15 16 
22 17 18 19 20 21 1 22 23 24 25 26 27 28 29 30 31 32 33 34 35 36 37 
17 38 39 40 41 42 1 43 44 45 46 47 48 49 50 51 52 53 
25 54 55 56 57 58 59 60 61 62 1 63 64 65 66 67 68 69 70 71 72 73 74 75 76 77 
27 78 79 80 81 82 83 84 85 86 87 1 88 89 90 91 92 93 94 95 96 97 98 99 100 101 102 103 
16 104 105 106 107 108 109 110 111 112 1 113 114 115 116 117 118 
24 119 120 121 122 123 124 125 126 127 1 128 129 130 131 132 133 134 135 136 137 138 139 140 141 
17 142 143 144 145 146 147 148 149 1 150 151 152 153 154 155 156 157 
18 158 159 160 161 162 163 1 164 165 166 167 168 169 170 171 172 173 174 
17 175 176 177 178 179 1 180 181 182 183 184 185 186 187 188 189 190 
20 191 192 193 194 195 196 1 197 198 199 200 201 202 203 204 205 206 207 208 209 
29 210 211 212 213 214 215 216 217 218 1 219 220 221 222 223 224 225 226 227 228 229 230 231 232 233 234 235 236 237 
24 238 239 240 241 242 243 244 245 246 247 1 248 249 250 251 252 253 254 255 256 257 258 259 260 
21 261 262 263 264 265 266 267 268 1 269 270 271 272 273 274 275 276 277 278 279 280 
17 281 282 283 284 285 286 287 1 288 289 290 291 292 293 294 295 296 
16 297 298 299 300 301 302 303 1 304 305 306 307 308 309 310 311 
20 2 312 313 314 315 316 317 318 319 320 321 322 323 324 325 326 327 328 329 330 
23 2 331 332 333 334 335 336 337 338 339 340 341 342 343 344 345 346 347 348 349 350 351 352 
27 2 353 354 355 356 357 358 359 360 361 362 363 364 365 366 367 368 369 370 371 372 373 374 375 376 377 378 
18 2 379 380 381 382 383 384 385 386 387 388 389 390 391 392 393 394 395 
20 2 396 397 398 399 400 401 402 403 404 405 406 407 408 409 410 411 412 413 414 
21 2 415 416 417 418 419 420 421 422 423 424 425 426 427 428 429 430 431 432 433 434 
13 2 435 436 437 438 439 440 441 442 443 444 445 446 
28 2 447 448 449 450 451 452 453 454 455 456 457 458 459 460 461 462 463 464 465 466 467 468 469 470 471 472 473 
13 2 474 475 476 477 478 479 480 481 482 483 484 485 
29 2 486 487 488 489 490 491 492 493 494 495 496 497 498 499 500 501 502 503 504 505 506 507 508 509 510 511 512 513 
21 2 514 515 516 517 518 519 520 521 522 523 524 525 526 527 528 529 530 531 532 533 
21 2 534 535 536 537 538 539 540 541 542 543 544 545 546 547 548 549 550 551 552 553 
21 2 554 555 556 557 558 559 560 561 562 563 564 565 566 567 568 569 570 571 572 573 
18 2 574 575 576 577 578 579 580 581 582 583 584 585 586 587 588 589 590 
23 2 591 592 593 594 595 596 597 598 599 600 601 602 603 604 605 606 607 608 609 610 611 612 
20 2 613 614 615 616 617 618 619 620 621 622 623 624 625 626 627 628 629 630 631 
30 2 632 633 634 635 636 637 638 639 640 641 642 643 644 645 646 647 648 649 650 651 652 653 654 655 656 657 658 659 660 
25 2 159 661 662 663 664 665 666 667 668 669 670 671 672 673 674 675 676 677 678 679 680 681 682 683 
25 2 684 685 686 687 688 689 690 691 692 693 694 695 696 697 698 699 700 701 702 703 704 705 706 707 
20 2 708 709 710 711 712 713 714 715 716 717 718 719 720 721 722 723 724 725 726 
11 2 727 728 729 730 731 732 733 734 735 736 
25 3 737 738 739 740 741 742 319 743 744 745 402 746 747 748 749 750 751 752 753 754 755 756 757 758 
32 3 759 760 761 762 763 764 765 766 767 768 769 770 771 772 773 774 775 776 777 778 779 780 781 782 783 784 785 786 787 788 789 
22 3 790 791 792 793 794 795 796 797 798 799 800 801 802 803 804 805 806 807 808 809 810 
24 811 3 812 813 814 815 816 817 818 819 820 821 822 823 824 825 826 827 828 829 830 831 832 833 
30 834 3 835 836 837 838 839 840 841 842 843 844 845 846 847 848 849 850 851 852 853 854 855 856 857 858 859 860 861 862 
19 3 863 864 865 866 867 355 868 869 870 871 872 873 874 875 876 877 878 879 
18 880 3 881 882 883 884 885 886 887 888 889 890 891 892 893 894 895 896 
21 897 3 898 899 900 901 902 903 904 905 906 907 908 909 910 911 912 913 914 915 916 
25 3 917 918 919 920 921 922 923 924 925 926 927 928 929 930 931 932 933 934 935 936 937 938 939 940 
27 3 941 942 943 944 945 946 947 948 949 950 951 952 953 954 955 956 957 958 959 960 961 962 963 964 965 966 
28 3 967 968 969 970 971 972 973 974 975 976 977 978 979 980 981 982 983 984 985 986 987 988 989 990 991 992 993 
13 3 994 995 996 997 998 999 1000 1001 1002 1003 1004 1005 
21 1006 1007 3 1008 1009 1010 1011 1012 1013 1014 1015 1016 1017 429 1018 1019 1020 1021 1022 1023 1024 
19 3 1025 1026 1027 1028 1029 1030 1031 1032 1033 1034 1035 1036 1037 1038 1039 1040 1041 1042 
23 3 1043 1044 1045 1046 1047 1048 1049 1050 1051 1052 1053 1054 1055 1056 1057 1058 1059 1060 1061 1062 1063 1064 
20 3 1065 1066 1067 1068 1069 1070 1071 1072 1073 1074 1075 1076 1077 1078 1079 1080 1081 1082 1083 
19 4 1084 1085 1086 1087 1088 1089 1090 1091 1092 1093 1094 1095 1096 1097 1098 1099 1100 1101 
22 1102 1103 1104 1105 1106 4 1107 1108 1109 1110 1111 1112 1113 1114 1115 1116 1117 1118 1119 1120 1121 1122 
23 1123 1124 1125 1126 1127 4 1128 1129 1130 1131 1132 1133 1134 1135 1136 1137 1138 1139 1140 1141 1142 1143 1144 
21 4 1145 1146 1147 1148 1149 1150 1151 1152 1153 1154 1155 1156 1157 1158 1159 1160 1161 1162 1163 1164 
16 4 1165 1166 947 1167 1168 1169 1170 1171 1172 1173 1174 1175 1176 1177 1178 
18 1179 1180 1181 4 1182 1183 1184 1185 1186 1187 1188 1189 1190 1191 1192 1193 1194 1195 
19 1196 1197 1198 4 1199 1200 1201 1202 1203 1204 1205 1206 1207 1208 1209 1210 1211 1212 1213 
19 1214 1215 1216 4 1217 1218 1219 1220 1221 1222 1223 1224 1225 1226 1227 1228 1229 1230 1231 
15 1232 1233 1234 1235 4 1236 1237 1238 1239 1240 1241 1242 1243 1244 1245 
19 379 1246 1247 1248 4 1249 1250 1251 1252 1253 1254 1255 1256 1257 1258 1259 1260 1261 1262 
25 1263 1264 4 1265 1266 1267 1268 1269 1270 1271 1272 1273 1274 1275 1276 1277 1278 1279 1280 1281 1282 1283 1284 1285 1286 
32 1287 1288 4 1289 1290 1291 1292 1293 1294 1295 1296 1297 1298 1299 1300 1301 1302 1303 1304 1305 1306 1307 1308 1309 1310 1311 1312 1313 1314 1315 1316 1317 
20 1318 1319 1320 4 1321 1322 1323 1324 1325 1326 1327 1328 1329 1330 1331 1332 1333 1334 1335 1336 
21 1337 4 1338 1339 1340 1341 1342 1343 1344 94 1345 1346 1347 1348 1349 1350 1351 1352 1353 1354 1355 
23 1356 1357 1358 1359 4 1360 1361 1362 1363 1364 1365 1366 1367 1368 1369 1370 1371 1372 1373 1374 1375 1376 1377 
18 1378 1379 4 1380 1381 1382 1383 1384 1385 1386 1387 1388 1389 1390 1391 1392 1393 879 
19 1181 4 1394 1395 1396 1397 1398 1399 1400 1401 1402 1403 1404 1405 1406 1407 1408 1409 1410 
22 1411 1412 4 1413 1414 1415 1416 1417 1418 1419 1420 1421 1422 1423 1424 1425 1426 1427 1428 1429 1430 1431 
13 1432 1433 4 1434 1435 1436 1437 1438 1439 1440 1441 1442 1443 
23 1444 1445 1446 4 1447 1448 1449 1450 1451 1327 776 1452 1453 1454 1455 1456 1457 1458 961 1459 1460 1461 1462 
21 1463 4 1464 1465 1466 1467 1468 1469 1470 1471 1472 1473 1474 1475 1476 1477 1478 1479 1480 1481 1482 
18 1483 1484 4 1485 1486 1487 1488 1489 1490 1491 1492 1493 1494 1495 1496 1497 1498 1499 
15 1500 1501 1502 4 1503 1504 1505 1506 1507 1508 1509 1510 1511 1512 1513 
21 1514 1515 4 1516 1517 1518 1519 1520 1521 1522 1523 1524 1525 1526 1527 1528 1529 1530 1531 1532 1533 
31 1534 1535 1536 1537 1538 1539 1540 5 1541 1542 1543 1544 1545 1546 1547 1548 1549 1550 1551 1552 1553 1554 1555 1556 1557 1558 1559 1560 1561 1562 1563 
22 1564 1565 1566 5 1567 1568 1569 1570 1571 1572 1573 1574 1575 1401 1576 1577 1578 1579 1580 1581 1582 1583 
15 1584 1585 5 1586 1587 1588 1589 1590 1591 1592 1593 1594 1595 1596 1597 
26 1598 1599 1600 1601 1602 5 1603 1604 1605 1606 1607 1608 1609 1610 1611 1612 1613 1614 1615 1616 1617 1618 1619 1620 1621 1622 
26 1287 1623 1624 1625 1626 1627 1628 5 1629 1630 1631 1632 1633 1634 1635 1636 1637 1638 1639 1640 1641 1642 1643 1644 1645 1646 
23 1647 1648 1649 1650 1651 5 1652 1653 1654 1655 1656 1657 1658 1659 1660 1661 1662 1663 1664 1665 1666 1667 1668 
24 1669 1670 5 1671 1672 1673 1674 1675 1676 1677 1678 1679 1680 1681 1682 1683 1684 1685 1686 1687 1688 1689 1690 1691 
21 1692 1693 1694 5 1695 1696 1697 1698 1699 1700 1701 1702 1703 1704 1705 1706 1707 1708 1709 1710 1711 
15 1712 1713 5 1714 1715 1716 1717 1718 1719 1720 1721 1722 1723 1724 1725 
24 1726 1727 1728 1729 1730 1731 5 1732 1733 1734 1735 1736 1737 1738 1739 1740 1741 1742 1743 1744 1745 1746 1747 1748 
12 1749 1750 1751 1752 5 1753 1754 1755 1756 1757 1758 1759 
22 1760 1761 1762 1763 5 1764 1765 1766 1767 1768 1769 1770 1771 1772 1773 1774 1775 1776 1777 1778 1779 1780 
29 1781 1782 5 1783 1784 1785 1786 1787 1788 1789 1790 1791 1792 1793 1794 1795 1796 1797 1798 1799 1800 1801 1802 1803 1804 1805 1806 1807 1808 
20 1809 1810 5 1811 1812 1813 1814 1815 1816 1817 1818 1819 1820 1821 1822 1823 1824 1825 1826 1827 
26 1828 1829 1830 1831 1832 1446 1833 5 1834 1835 1836 1837 1838 1839 1840 1841 1842 1843 1844 1845 1846 1847 1848 1849 1850 1851 
20 1852 1853 1854 5 1855 1856 1857 1858 1859 1860 1861 1862 1863 1864 1865 1866 1867 1868 1869 1870 
19 1871 1872 5 1873 1874 1875 1876 1877 1878 1879 1880 67 1881 1882 1883 1884 1885 1886 1887 
15 5 1518 1888 1889 1890 1891 1892 1893 1894 1895 1896 1897 1898 1899 1900 
29 1901 1902 1903 1904 1905 1906 5 1907 1908 1909 1910 1911 1912 1913 1914 1915 1916 1917 1918 1919 1920 1921 1922 1923 1924 1925 1926 1927 1928 
18 5 1929 1930 1931 1932 1933 1934 1935 1936 1937 1938 1939 1940 1941 1942 1943 1944 1945 
21 1946 1947 1948 1949 5 1950 1951 1952 1953 1954 1955 1956 1957 1958 1959 1960 1961 1962 1963 1964 1965 
22 1966 1967 1968 1969 5 1970 1971 1972 1973 1974 1975 1976 1977 1978 1979 1980 1981 1982 1983 1984 1985 1986 
22 1987 1988 1989 1990 5 1991 1992 1993 1994 1995 1996 1997 1998 1999 2000 2001 2002 2003 2004 2005 2006 2007 
20 2008 2009 5 2010 2011 2012 2013 2014 2015 2016 2017 2018 2019 2020 2021 2022 2023 2024 2025 2026 
15 2027 2028 5 2029 2030 2031 2032 2033 2034 2035 2036 2037 2038 2039 2040 
27 5 2041 2042 2043 2044 2045 2046 2047 2048 2049 2050 2051 2052 2053 2054 2055 2056 2057 2058 2059 2060 2061 2062 2063 2064 2065 2066 
14 2067 2068 2069 2070 2071 2072 2073 2074 6 2075 2076 2077 2078 2079 
20 2080 2081 2082 2083 2084 2085 2086 2087 2088 6 2089 2090 2091 2092 2093 2094 2026 2095 2096 2097 
20 2098 2099 2100 2101 2102 2103 2104 2105 6 2106 2107 2108 2109 2110 2111 2112 2113 2114 2115 2116 
17 2117 2118 2119 2120 2121 6 2122 1633 2123 2124 2125 2126 2127 2128 2129 2130 2131 
21 1828 2132 2133 2134 2135 2136 2137 2138 2139 6 2140 2141 2142 2143 2144 2145 2146 937 2147 2148 2149 
18 2150 2151 2152 2153 2154 2155 2156 2157 6 2158 2159 2160 2161 2162 2163 2164 2165 2166 
21 2167 2168 2169 2170 2171 2172 2173 6 2174 2175 2176 2177 2178 2179 2180 2181 2182 2183 2184 2185 2186 
21 2187 2188 2189 2190 2191 2192 2193 6 2194 2195 2196 2197 2198 2199 2200 2201 2202 2203 2204 2205 2206 
24 2207 2208 2209 2210 2211 6 2212 2213 2214 2215 2216 2217 2218 2219 2220 2221 2222 2223 2224 2225 2226 2227 2228 2229 
19 2230 2231 2232 2233 2234 2235 2236 6 2237 2238 2239 2240 2241 2242 2243 2244 2245 2246 2247 
22 2248 2249 2250 2251 2252 2253 2254 2255 6 2256 2257 2258 2259 2260 2261 1939 2262 2263 2264 2265 2247 2266 
18 1288 2267 2268 2269 2270 6 2271 2272 2273 2274 2275 2276 2277 2278 2279 2280 2281 2282 
25 2283 2284 2285 2286 2287 2288 2289 2290 2291 2292 6 2293 2294 2295 2296 2297 2298 2299 2300 2301 2302 2303 2304 2305 2306 
28 2307 2308 2309 2310 2311 2312 2313 2314 2315 2316 2317 6 2240 2318 2319 2320 2321 2322 2323 2324 2325 2326 2327 2328 2329 2330 2331 2332 
11 2333 2334 2335 6 2336 2337 2338 2339 2340 2341 2342 
23 2343 2344 2345 2346 2347 2348 2349 2350 2351 7 694 2352 2353 2354 2355 2356 2357 2358 2359 2360 2361 2362 2363 
15 1750 2364 2365 2366 2367 7 2368 2369 2370 2371 2372 2373 2374 2375 2376 
19 2377 2378 2379 2380 2381 2157 7 2382 2383 2384 2385 2386 2387 2388 2389 2390 2391 2392 2393 
29 2394 2395 2396 2397 2398 2399 2400 2401 2402 2403 2404 2405 2406 2407 2408 2409 7 2410 2411 2412 2413 2414 2415 2416 2417 2418 2419 2420 2421 
23 2422 2423 2424 2425 2426 2427 2428 2429 2430 2431 2432 7 2433 2434 2435 2436 2437 2438 2439 2440 2441 2442 2443 
17 2444 2445 2446 2447 2448 7 2449 2450 2451 2452 2453 2454 2455 2456 2457 2458 2459 
22 2460 2461 2462 2463 2464 2465 2466 2467 2468 2469 2470 2471 2472 7 2473 2474 2475 2476 2477 2478 2479 2480 
26 2481 2482 2483 2484 2485 2486 2487 2488 2489 2490 2491 2492 2493 2494 7 2495 2496 2497 2498 2499 2500 2501 2502 2503 2504 2505 
18 2506 2507 2508 2509 2510 2511 2512 2513 2514 2515 7 2516 2517 2518 2519 2520 2521 2522 
18 2523 2524 2525 1026 2526 2527 2528 2529 7 2530 2531 2532 2533 2534 2535 2536 2537 2538 
16 2539 2540 2541 2542 2543 7 2544 2545 2546 2547 2548 2549 2550 2551 2552 2553 
25 2554 2555 2556 2557 2558 2559 2560 2561 2562 2563 2564 7 2565 2566 2567 2568 2569 2570 2571 2572 2573 2574 2575 2576 2577 
22 2578 2579 2580 2581 2582 2583 2584 2585 2586 2587 2588 2589 7 2590 2591 2592 2593 2594 2595 2596 2597 2598 
26 2599 2600 2601 2602 2603 2604 2605 2606 2607 2608 2609 7 2610 2611 2612 2613 2614 2615 2616 2617 2618 2619 2620 2621 2622 2623 
18 2624 2625 2626 2627 2628 2629 2630 2631 2632 2633 7 2634 2635 2636 2637 2638 2639 2640 
23 2641 2642 2643 2644 637 2645 2646 2647 7 2648 2649 2650 2651 2652 2653 2654 2655 2656 2657 2658 2659 2660 2661 
22 2662 2663 2664 2665 2666 2667 2668 2669 2670 2671 2672 7 2673 2674 2675 2676 2677 2678 2679 2680 2681 2682 
21 2683 2684 2685 2686 2687 2688 7 2689 2690 2691 2692 2693 2694 2695 2221 2696 2697 2698 2699 2700 2701 
12 2702 2703 2704 2705 7 2706 2707 2708 2709 2710 2711 2712 
20 2713 2714 2715 2716 2717 7 2718 2719 2720 2721 2722 2723 2724 2725 2726 2727 2728 2729 2730 1355 
19 2731 2732 2733 2734 2735 2736 2737 2738 2739 2740 7 2741 2742 2743 2744 2745 2746 2747 2748 
21 2749 2750 2751 2752 2753 2754 2755 2756 7 2757 2758 2759 2760 2761 2762 2763 2764 2765 2766 2767 2768 
17 2769 2770 2771 2772 2773 2774 7 2775 2776 2777 2778 2779 2780 2781 2782 2783 2784 
20 2785 2786 2787 2788 2789 2790 2791 2792 2793 2794 2795 8 2796 2797 2798 2799 2800 2801 2802 2803 
26 2804 2805 2806 2807 2808 2809 2810 2811 2812 2813 2814 2815 8 2816 2817 2818 2819 2820 2821 2822 2823 2824 2825 2826 2827 2828 
21 2829 2830 2831 2832 2833 2834 2835 8 2836 2837 2838 2839 2840 2841 2842 2843 2844 2845 2846 2847 2848 
18 2849 2850 2851 2852 2853 2854 2855 2856 2857 2858 2859 8 2860 2861 2862 2863 2864 2865 
22 2866 2867 2868 2869 2870 2871 8 2872 2873 2874 2875 2876 2877 2878 2879 2880 2881 2882 2883 2884 2885 2886 
17 2887 2888 2889 2890 2891 2892 1385 2893 8 2894 2895 2896 2897 2898 2899 2900 2901 
17 2902 2903 2904 2905 2906 2907 2908 2909 2910 2911 2912 2913 8 2914 2915 2916 2917 
16 2918 2919 2920 2921 8 2922 2923 2924 2925 2926 2927 2928 2929 2930 2931 2932 
20 2933 2934 2935 2936 2937 2938 2939 2940 2941 8 1655 2942 2943 2944 2945 2946 2947 2948 2949 2950 
17 2951 2952 2953 2954 2955 2956 2957 2958 2959 8 2960 2961 2962 2963 2964 2965 2966 
21 2967 2968 2969 2970 2971 2972 2973 2974 8 2975 2976 2977 2978 2979 2980 2981 2982 2983 2984 2985 2986 
23 2987 2988 2989 2990 2991 2992 2993 2994 2995 2996 2997 8 2998 2999 3000 3001 3002 3003 701 3004 3005 3006 3007 
15 3008 3009 3010 3011 3012 3013 8 3014 3015 3016 3017 3018 3019 3020 3021 
16 3022 3023 3024 3025 3026 3027 8 3028 3029 3030 3031 3032 3033 3034 3035 3036 
18 3037 3038 3039 3040 3041 3042 8 3043 3044 3045 3046 3047 3048 3049 3050 3051 3052 3053 
25 3054 3055 3056 3057 3058 3059 3060 3061 3062 3063 2470 3064 3065 3066 3067 3068 8 3069 3070 3071 3072 3073 3074 3075 3076 
16 3077 3078 3079 3080 3081 3082 581 9 3083 3084 3085 2982 3086 3087 3088 3089 
24 3090 3091 3092 3093 3094 3095 3096 3097 3098 3099 3100 3101 3102 3103 3104 9 3105 3106 3107 3108 3109 3110 34 3111 
13 3112 3113 3114 3115 3116 9 3117 3118 3119 1345 3120 3121 3122 
26 3123 3124 3125 3126 3127 3128 3129 3130 3131 3132 3133 3134 3135 3136 3137 3138 3139 9 3140 3141 3142 3143 3144 3145 3146 3147 
21 3148 3149 3150 3151 3152 3153 3154 3155 3156 3157 3158 3159 9 3160 3161 3162 3163 3164 3165 3166 3167 
16 3168 3169 3170 3171 3172 3173 3174 3175 3176 3177 9 3178 3179 3180 3181 3182 
24 3183 3184 3185 3186 3187 3188 3189 3190 3191 3192 3193 3194 9 3195 3196 3197 3198 3199 3200 3201 3202 3203 3204 3205 
25 3206 3207 3208 212 3209 3210 3211 3212 3213 3214 3215 3216 3217 3218 3219 9 3220 3221 3222 3223 3224 3225 3226 3227 3228 
25 3229 3230 3231 3232 3233 3234 3235 3236 3237 3238 3239 3240 3241 9 3242 3243 3244 3245 3246 3247 3248 3249 3250 3251 3252 
19 3253 3254 3255 3256 3257 3258 3259 3260 3261 3262 3263 9 3264 3265 3266 3267 3268 3269 3270 
20 3271 3272 3273 3274 3275 3276 3277 3278 3279 3280 3281 9 3282 3283 3284 3285 3286 3287 3288 3289 
19 3290 3291 3292 3293 3294 3295 3296 3297 3298 3299 3300 3301 9 3302 3303 3304 3305 3306 3307 
24 3308 3309 3310 3311 3312 3313 3314 3315 3316 3317 3318 3319 9 3320 3321 3322 3323 3324 3325 3326 3327 3328 3329 3330 
23 3331 3332 3333 3334 3335 3336 3337 3338 3339 3340 3341 3342 3343 3344 9 3345 2875 3346 3347 3348 3349 3350 3351 
24 3352 3353 3354 3355 3356 3357 2046 3358 3359 3360 3361 3362 3363 3364 3365 3366 9 3367 3368 3369 3370 3371 3372 3373 
20 3374 3375 3376 3377 3378 3379 3380 3381 3382 3383 3384 3385 9 3386 3387 3388 3389 3390 1643 3391 
21 3392 3393 3394 3395 3396 3397 3398 3399 3400 3401 3402 3403 3404 3405 9 3406 3407 3408 3409 3410 3411 
18 3412 3413 3414 3415 3416 3417 3418 3419 3420 3421 3422 3423 3424 10 3425 3426 3427 3428 
23 3429 3430 3431 3432 3433 3434 3435 3436 3437 3438 3439 3440 3441 3442 3443 3444 10 3445 3446 3447 3448 3449 2332 
20 3450 3451 3452 3453 3454 3455 3456 3457 3458 10 3459 3460 3461 3462 3463 3464 3465 3466 3467 3468 
20 3469 3470 3471 3472 3473 3474 3475 3476 3477 10 3478 3479 3480 3481 3482 3483 3484 3485 3486 3487 
15 3488 3489 3490 3491 3492 3493 10 3494 3495 3496 3497 3498 3499 3500 3501 
21 3502 3503 3504 3505 3506 3507 3508 3509 3510 3511 3512 3513 3514 3405 3515 10 3516 3517 3518 3519 3520 
14 3521 3522 3523 3524 3525 3526 3527 3528 10 3529 3530 3531 3532 3533 
17 3534 3535 3536 3537 3538 3539 3540 3541 3542 3543 3544 10 3545 3546 3547 3548 3549 
21 3550 3551 3552 3553 3554 3555 3556 3557 3558 3559 3560 3561 10 3562 3563 3564 3565 3566 3567 3568 3569 
17 3570 3571 3572 3573 3574 3575 697 3576 10 3577 3578 3579 3580 3581 3582 3583 3584 
28 3585 3586 2151 3587 3588 3589 3590 3591 3592 3593 3594 3595 3596 3597 3598 3599 3600 3601 10 3602 3603 3604 3605 3606 3607 3608 3609 3610 
25 3611 3612 3613 3614 3615 3616 3617 3618 3619 3620 3621 3622 3623 10 3624 3625 3626 3627 3628 3629 3630 3631 3632 3633 3634 
18 3635 3636 3637 3638 3639 2087 3640 3641 2706 3642 3643 3644 3645 3646 3647 10 3648 3649 
30 3650 3651 3652 3653 3654 3655 3656 3657 3658 3659 3660 3661 3662 3663 3664 3240 3665 10 3666 2436 3667 3668 3669 3670 3671 3672 3673 3674 3675 3676 
26 3677 3678 3679 3680 3681 3682 3683 3684 3260 3238 3685 3686 3687 3688 10 3689 3690 3691 3692 1430 3693 3694 3695 3696 3697 3698 
21 684 3699 3700 3701 3702 3703 3704 3705 3706 3707 3708 10 3709 3710 3711 3712 3713 3714 3715 3716 3717 
16 3718 3719 3720 3721 3722 3723 3724 2688 3725 3726 11 3727 3728 3729 3730 3731 
27 3732 3733 3734 3735 3736 3737 3738 3739 3740 3741 3742 3743 3744 3745 3746 3747 3748 2709 3645 3749 3750 11 3751 3752 3753 3754 3755 
25 3756 3757 3758 3759 3760 3761 3762 2406 3763 3764 3765 3766 3767 3768 3769 3770 3771 3772 3773 11 3774 3775 3776 3777 3778 
24 3779 3780 3781 3782 3783 3784 3785 3786 3787 3788 3789 3790 3791 3792 11 3793 3794 3795 3796 3797 3798 3799 1665 3800 
29 3801 3802 3803 3804 3805 3806 3807 3808 3809 3810 3811 3812 3813 3814 3815 3816 3817 3818 11 3819 3820 3821 3822 3823 3824 3825 3826 3827 3828 
17 3829 3830 3831 3832 3833 3834 3835 3836 3837 3838 3839 3840 11 3841 3842 3843 3844 
25 3845 3846 3847 3848 3849 3850 3851 3852 3853 3854 3855 3856 3857 3858 3859 3860 3861 3862 3863 3864 11 3865 3866 3867 3868 
30 3869 3870 3871 3872 2609 3873 3874 3875 3876 3877 3878 3879 3880 3881 3882 3883 3884 3885 11 3886 3887 3888 3889 3890 3891 3892 3893 3894 3895 3896 
16 3897 592 3898 3899 3900 3901 3555 3902 3903 3904 3905 3906 3907 11 3908 3909 
24 3910 3911 3912 3913 3457 3914 3915 3916 3917 3918 3919 3920 3921 3922 3923 11 3924 3925 3926 3927 3928 3929 3930 3931 
22 3932 3933 3934 3935 3936 3937 3938 3939 3940 11 3941 3942 3943 3944 3945 3107 3946 3947 3948 3949 3950 3951 
18 3952 3953 3954 3955 3956 3957 3958 3959 3960 3961 3962 3963 11 3964 3965 3966 3967 3968 
28 3969 3970 3971 3972 3973 3974 3975 3976 3977 3978 3979 3980 3981 11 3982 3983 3984 3985 3986 3987 3988 3989 3990 3991 3992 3993 3994 3995 
26 3996 3997 3998 3999 4000 4001 4002 4003 4004 4005 4006 4007 4008 4009 4010 4011 11 4012 4013 4014 4015 4016 4017 4018 4019 4020 
20 4021 4022 4023 4024 4025 4026 4027 4028 4029 4030 4031 4032 4033 11 4034 4035 4036 4037 4038 4039 
18 4040 4041 4042 4043 4044 4045 4046 457 3883 4047 11 4048 4049 4050 4051 4052 4053 4054 
21 4055 4056 4057 4058 4059 4060 4061 4062 4063 4064 11 4065 4066 4067 4068 4069 3484 4070 4071 4072 4073 
20 4074 4075 4076 4077 4078 4079 4080 4081 4082 4083 4084 4085 11 4086 4087 4088 4089 4090 4091 4092 
20 4093 4094 4095 4096 4097 4098 4099 4100 4101 4102 4103 4104 4105 11 4106 4107 4108 4109 4110 4111 
29 4112 4113 4114 4115 4116 4117 4118 4119 4120 4121 4122 4123 4124 4125 4126 4127 4128 4129 4130 4131 12 4132 4133 4134 4135 4136 4137 4138 4139 
14 4140 4141 4142 4143 4144 4145 4146 4147 4148 12 4149 4150 4151 4152 
21 4153 1649 4154 4155 4156 4157 4158 4159 4160 4161 4162 165 4163 12 4164 4165 4166 4167 4168 4169 4170 
19 4171 4172 4173 1788 4174 4175 4176 4177 4178 12 4179 4180 4181 4182 4183 4184 4185 4186 4187 
20 4188 4189 4190 4191 4192 4193 4194 4195 4196 4197 4198 12 4199 4200 4201 4202 1426 4203 4204 4205 
14 4206 4207 4208 4209 4210 4211 4212 12 4213 4214 4215 349 4216 4217 
17 3395 4218 4219 4220 4221 4222 4223 4224 4225 4226 12 4227 4228 4229 3021 4230 4231 
28 4232 4233 4234 4235 4236 4237 4238 4239 4240 4241 4242 4243 4244 4245 12 4246 4247 4248 4249 4250 4251 4252 755 4253 4254 4255 4256 4257 
20 4258 4259 4260 3311 4261 4262 4263 4264 4265 4266 4267 4268 4269 12 4270 4271 4272 4273 4274 4275 
18 4276 4277 4278 4279 4280 4281 4282 4283 4284 4285 4286 4287 4288 4289 12 4290 4291 4292 
13 4293 4294 4295 4296 4297 4298 4299 4300 4301 4302 4303 12 4304 
18 4305 4306 4307 4308 4309 4310 4311 4312 4313 4314 4315 2923 4316 12 4317 4318 4319 4320 
16 4321 4322 4323 4324 4325 4326 12 4327 4328 4329 4330 4331 4332 4333 4334 4335 
20 4336 4337 4338 4339 4340 4341 4342 4343 4344 4345 4346 4347 12 4348 4349 4350 4351 4352 4353 4354 
19 4355 4356 4357 4358 4359 4360 4361 4362 4363 4364 4365 4366 4367 4368 4369 12 4370 4371 4372 
24 4373 4374 4375 4376 4377 4378 4379 4380 4381 4382 4383 4384 4385 4386 4387 4388 4389 12 3796 4390 4391 4392 4393 4394 
9 4395 4396 4397 865 4398 4399 4400 12 4167 
4 638 3082 12 1019 
2 12 1280 
4 3553 3774 12 376 
2 4145 12 
1 12 
2 12 3086 
3 4083 12 628 
1 12 
1 12 
1 12 
3 4224 12 916 
2 1444 13 
3 1130 1792 13 
3 543 13 4036 
2 811 13 
1 13 
1 13 
2 13 2781 
2 3878 13 
3 489 623 13 
1 13 
4 2160 13 2372 2361 
2 2394 13 
3 3061 4301 13 
2 1623 13 
1 13 
1 13 
2 13 2747 
3 1488 13 3584 
2 3321 13 
1 13 
1 13 
1 13 
1 13 
2 348 14 
2 3098 14 
1 14 
1 14 
3 691 1311 14 
1 14 
1 14 
1 14 
1 14 
1 14 
1 14 
3 1854 1822 14 
1 14 
2 1819 14 
3 4299 719 14 
3 4021 14 4393 
2 14 1644 
2 1299 14 
1 14 
2 4296 14 
2 4322 15 
4 1536 1799 3322 15 
2 424 15 
2 3905 15 
2 3221 15 
2 3119 15 
1 15 
3 4079 2390 15 
1 15 
1 15 
3 3779 625 15 
1 15 
4 4114 3957 2336 15 
3 2610 3409 15 
3 509 15 2185 
4 3488 2497 3633 15 
1 16 
1 16 
1 16 
2 3791 16 
3 4124 16 2783 
1 16 
3 1469 606 16 
2 3601 16 
1 16 
5 790 1585 2861 3286 16 
2 16 2206 
3 2327 4272 16 
2 2893 16 
1 16 
1 16 
3 17 2029 3030 
1 17 
2 17 3975 
1 17 
1 17 
2 17 767 
1 17 
2 17 38 
1 17 
1 17 
3 2714 17 2281 
1 17 
2 17 1651 
2 17 1149 
3 17 2590 2550 
1 17 
2 17 4218 
2 17 1309 
2 17 2780 
2 18 3666 
2 18 3246 
2 18 1736 
1 18 
1 18 
2 1749 18 
2 18 1372 
3 4396 18 565 
2 3432 18 
1 18 
3 18 2695 3006 
1 18 
2 790 18 
1 18 
3 1567 18 1821 
1 18 
1 18 
3 261 18 2498 
3 215 18 2869 
2 18 3529 
2 18 2144 
1 18 
2 3589 19 
1 19 
3 19 43 1799 
2 19 2202 
1 19 
5 3488 3699 19 3553 2757 
2 19 3560 
1 19 
2 19 3824 
1 19 
1 19 
3 19 2077 2040 
1 19 
3 19 1440 651 
1 19 
3 19 1426 3035 
1 19 
3 4357 19 3476 
2 19 1721 
4 3757 1783 2608 19 
1 19 
2 19 2125 
1 19 
3 19 1997 229 
1 19 
2 2990 19 
3 2378 20 63 
2 20 4019 
5 20 522 4128 4033 1579 
2 20 1719 
1 20 
1 20 
2 20 1148 
1 20 
2 3900 20 
3 662 20 4347 
2 814 20 
2 3897 20 
3 1179 20 1579 
1 20 
2 1266 20 
1 20 
1 20 
1 21 
1 21 
1 21 
1 21 
2 2992 21 
1 21 
2 38 21 
1 21 
2 21 2302 
3 2607 21 2096 
1 21 
2 21 2435 
2 1538 21 
4 21 1011 1815 1477 
1 21 
1 21 
1 21 
2 21 1454 
3 21 544 1685 
3 3253 1700 22 
3 2546 22 4067 
1 22 
1 22 
1 22 
1 22 
1 22 
2 2268 22 
2 3038 22 
2 283 22 
2 4159 22 
1 22 
1 22 
3 22 1999 2574 
3 22 50 937 
1 22 
2 4358 22 
3 1385 22 620 
1 22 
3 1379 22 4288 
2 23 4068 
2 4281 23 
1 23 
1 23 
1 23 
2 1534 23 
2 23 3083 
2 23 4137 
2 23 3108 
1 23 
1 23 
2 3880 23 
1 24 
1 24 
1 24 
2 2723 24 
2 1999 24 
2 24 4136 
2 24 1927 
2 3218 24 
2 1966 24 
2 2368 24 
3 2015 24 206 
1 24 
1 24 
2 3065 24 
1 24 
1 24 
4 2544 4064 24 1304 
2 1250 24 
3 4245 24 910 
1 24 
1 24 
1 24 
1 24 
2 1973 24 
1 24 
2 3939 24 
2 2870 24 
1 25 
1 25 
2 25 4184 
1 25 
1 25 
2 670 25 
1 25 
3 2187 25 4037 
1 25 
1 25 
3 3647 25 914 
2 25 1925 
2 2230 26 
1 26 
1 26 
2 246 26 
1 26 
2 3441 26 
1 26 
2 3272 26 
2 3381 26 
2 1489 26 
1 26 
4 3760 4321 907 26 
4 867 1383 1638 26 
1 26 
4 3131 2365 2489 26 
1 26 
1 26 
1 26 
1 26 
2 26 1982 
3 1031 1890 26 
1 26 
1 26 
4 3060 26 3531 295 
1 26 
1 26 
1 26 
2 2687 26 
2 27 3823 
4 1813 773 27 1283 
3 3472 2401 27 
2 1150 27 
2 2893 27 
1 27 
4 4260 1874 27 3289 
1 27 
2 381 27 
1 27 
1 27 
1 27 
2 27 3373 
2 27 3693 
3 2739 3666 27 
2 1106 27 
3 622 27 2225 
1 27 
5 2523 633 3494 27 3426 
2 836 27 
2 1148 28 
1 28 
2 3257 28 
4 3255 3872 3343 28 
2 1046 28 
1 28 
2 3802 28 
1 28 
2 3028 28 
2 240 28 
2 28 414 
1 28 
1 28 
1 28 
3 2918 28 1662 
1 28 
2 28 2879 
1 28 
2 28 1101 
2 2461 28 
2 29 1377 
2 950 29 
2 4259 29 
1 29 
2 851 29 
1 29 
2 668 29 
1 29 
1 29 
2 29 893 
2 2875 29 
2 338 29 
2 1321 29 
4 747 3104 1099 29 
1 29 
1 29 
1 29 
2 1603 29 
2 2367 29 
1 29 
1 30 
3 777 30 1668 
1 30 
2 30 1529 
1 30 
2 1111 30 
2 4157 30 
2 158 30 
2 30 1597 
1 30 
1 30 
3 3972 2138 30 
1 30 
1 30 
1 30 
1 30 
3 1973 30 4151 
1 31 
2 199 31 
1 31 
1 31 
1 31 
2 3571 31 
1 31 
1 31 
3 2547 31 1244 
1 31 
2 3815 31 
1 31 
2 3208 31 
3 3126 31 627 
3 4153 727 31 
2 303 31 
2 805 31 
2 2801 31 
1 31 
3 2693 4199 31 
1 31 
2 3067 31 
3 1553 1275 32 
1 32 
2 4366 32 
4 2308 1591 1190 32 
1 32 
4 2194 1100 855 32 
1 32 
2 432 32 
1 32 
2 530 32 
3 3733 246 32 
1 32 
3 3091 291 32 
1 32 
2 604 32 
3 2492 233 32 
2 4271 32 
1 32 
2 3105 32 
3 1103 2850 33 
2 532 33 
1 33 
4 1648 2638 1619 33 
1 33 
2 134 33 
5 4356 2029 1785 227 33 
3 2874 2726 33 
3 4060 1342 33 
1 33 
2 4284 33 
1 33 
1 33 
1 33 
2 2638 33 
1 33 
1 33 
3 1060 33 2768 
1 33 
4 3636 366 3943 33 
2 1931 33 
1 33 
2 33 3269 
1 33 
1 33 
2 1308 33 
1 33 
1 33 
4 1444 1386 2144 33 
1 34 
2 388 34 
2 1333 34 
1 34 
1 34 
2 4149 34 
3 3596 34 4217 
3 769 560 34 
1 34 
3 479 3629 34 
2 3091 34 
1 34 
1 34 
2 34 916 
4 1218 1839 2214 34 
3 759 1380 34 
1 34 
1 34 
2 1575 34 
2 2710 34 
1 34 
1 34 
1 34 
2 35 190 
1 35 
2 3907 35 
2 3801 35 
3 4096 2402 35 
1 35 
2 3483 35 
2 265 35 
2 3484 35 
1 35 
2 119 35 
2 35 878 
2 35 2130 
3 2518 184 35 
2 3363 35 
1 35 
1 35 
3 2286 153 35 
1 35 
1 35 
1 35 
3 1822 1884 35 
2 3037 35 
1 35 
1 36 
2 1388 36 
2 3631 36 
1 36 
1 36 
1 36 
1 36 
1 36 
3 1762 3959 36 
1 36 
2 2109 36 
2 275 36 
1 36 
2 3229 36 
1 36 
1 36 
2 2062 36 
1 36 
2 1619 36 
2 605 37 
1 37 
2 2268 37 
2 958 37 
1 37 
1 37 
2 2909 37 
3 3873 1324 37 
1 37 
2 3309 37 
2 38 3814 
2 3058 38 
3 1730 38 1704 
1 38 
1 38 
2 38 1638 
2 3231 38 
3 38 4128 1317 
3 2641 38 924 
3 38 1149 3422 
2 38 567 
1 38 
2 38 4124 
2 38 4381 
3 38 3978 2748 
2 38 4108 
1 38 
2 38 2975 
2 38 217 
2 38 2310 
2 38 3499 
2 38 3843 
3 39 676 3284 
2 39 1618 
1 39 
2 1570 39 
2 39 1883 
1 39 
3 39 1700 3367 
1 39 
2 39 317 
1 39 
2 39 668 
1 39 
1 39 
2 39 4316 
3 515 39 2280 
1 39 
1 39 
3 39 3042 73 
3 39 575 2051 
2 39 2455 
1 39 
5 1084 3740 39 1710 940 
1 39 
2 39 2940 
1 39 
4 1214 4236 39 3530 
2 39 1041 
2 39 1960 
1 39 
4 2524 3591 39 3286 
1 39 
3 40 306 343 
3 4191 40 2074 
1 40 
1 40 
3 2425 40 3920 
1 40 
1 40 
1 40 
3 40 3665 2266 
1 40 
1 40 
1 40 
1 40 
1 40 
1 40 
3 40 1256 607 
1 40 
1 40 
1 40 
2 40 2705 
3 1832 40 3226 
3 3056 241 41 
1 41 
1 41 
3 41 3317 389 
1 41 
1 41 
2 41 3812 
1 41 
1 41 
3 3472 41 1941 
1 41 
2 41 3880 
1 41 
2 2463 41 
2 2398 41 
2 3313 41 
1 41 
3 41 3034 1042 
2 41 4209 
3 2045 41 3410 
1 41 
2 41 3520 
2 4378 41 
3 42 4102 1064 
1 42 
2 42 533 
5 3272 42 1793 2416 2149 
1 42 
4 1025 1435 42 3460 
2 42 855 
2 2467 42 
4 42 2726 1982 1080 
1 42 
1 42 
1 42 
2 42 1622 
1 42 
1 42 
4 1246 42 1639 1019 
1 42 
4 3093 558 42 992 
1 42 
2 42 1013 
1 42 
4 840 42 618 3835 
1 42 
1 42 
1 42 
1 42 
1 42 
5 3832 2686 42 3407 3943 
2 42 1453 
1 43 
2 43 2266 
2 43 226 
1 43 
2 498 43 
2 43 4008 
3 2609 43 2836 
2 1318 43 
1 43 
1 43 
3 43 4231 992 
3 2482 43 1150 
2 43 3318 
1 43 
1 43 
2 43 695 
3 43 3000 69 
1 44 
1 44 
2 44 3794 
2 44 4394 
1 44 
1 44 
1 44 
3 3334 944 44 
1 44 
2 44 4332 
1 44 
1 44 
1 44 
3 44 563 1754 
2 3183 44 
1 44 
1 44 
2 1437 45 
1 45 
2 2448 45 
1 45 
1 45 
2 45 2567 
1 45 
3 1102 1930 45 
3 2735 4096 45 
2 45 3965 
2 497 45 
2 1036 45 
2 2860 45 
4 2317 2717 45 465 
3 3813 1225 45 
1 45 
1 45 
3 45 2897 484 
1 45 
3 674 45 237 
2 46 2354 
3 46 2319 2701 
1 46 
1 46 
1 46 
2 46 1430 
1 46 
3 745 46 2204 
1 46 
2 1145 46 
3 2858 46 3771 
2 46 3463 
1 46 
1 46 
2 46 1706 
1 46 
2 46 2094 
1 46 
1 46 
1 46 
6 108 46 429 3669 4248 1532 
1 46 
1 46 
3 3746 46 780 
2 2546 47 
2 2548 47 
2 3185 47 
3 1296 887 47 
1 47 
1 47 
2 58 47 
1 47 
2 1995 47 
3 555 3135 47 
2 4233 47 
1 47 
1 47 
1 47 
1 47 
1 47 
1 47 
2 730 47 
2 2592 47 
1 47 
2 47 73 
1 47 
1 47 
1 47 
1 47 
1 47 
2 48 2279 
1 48 
1 48 
1 48 
1 48 
4 1048 48 3019 2865 
2 3272 48 
2 1626 48 
2 2716 48 
2 48 1311 
1 48 
2 1114 48 
1 48 
2 1114 48 
1 48 
1 48 
2 48 2536 
1 48 
2 3374 48 
2 2833 48 
1 48 
1 48 
2 3981 48 
1 48 
1 48 
5 4159 873 48 851 1482 
1 48 
1 49 
1 49 
1 49 
2 2692 49 
2 49 4051 
1 49 
2 49 1533 
2 49 1745 
2 1881 49 
1 49 
1 49 
1 49 
2 3059 50 
3 4356 50 1392 
2 50 3951 
1 50 
1 50 
3 1605 409 50 
2 4052 50 
3 853 2127 50 
3 3528 50 1144 
2 50 3289 
2 4125 50 
2 3820 50 
1 50 
3 227 849 50 
1 50 
2 2907 50 
1 50 
1 50 
1 50 
2 839 51 
3 2632 128 51 
2 1609 51 
1 51 
3 3593 2002 51 
3 3461 51 1336 
2 506 51 
1 51 
2 3631 51 
2 3475 51 
3 4154 2142 51 
2 908 51 
3 1166 1972 51 
1 51 
1 51 
2 3602 51 
2 51 785 
2 828 51 
2 2553 52 
4 4213 52 3694 2280 
1 52 
3 538 2633 52 
1 52 
2 972 52 
1 52 
3 2222 52 1393 
1 52 
1 52 
1 52 
1 52 
3 2604 4173 52 
1 52 
1 52 
1 52 
1 52 
4 3154 649 4012 52 
2 4226 52 
1 52 
1 52 
2 834 52 
1 53 
3 3765 3822 53 
3 2343 1135 53 
1 53 
1 53 
1 53 
1 53 
2 1348 53 
1 53 
1 53 
1 53 
2 2009 53 
2 2086 53 
1 53 
1 53 
2 842 53 
4 2888 2797 1620 53 
1 53 
2 4308 53 
2 54 780 
2 54 3032 
1 54 
3 54 3541 3704 
1 54 
2 54 4198 
2 54 1410 
2 54 1987 
2 54 1812 
1 54 
1 54 
2 54 4331 
1 54 
2 54 3823 
1 54 
3 54 4117 567 
3 54 1267 618 
2 54 552 
2 55 904 
4 55 632 3785 1823 
1 55 
2 55 4201 
3 55 3574 529 
2 55 2168 
3 55 2070 3176 
1 55 
2 55 4388 
2 55 579 
1 55 
3 55 3704 2862 
3 55 978 980 
3 55 2236 1324 
2 55 3771 
3 55 3837 1227 
1 55 
2 55 3767 
2 55 2151 
1 55 
1 55 
2 56 2863 
1 56 
1 56 
2 56 1949 
2 56 2606 
1 56 
2 56 1499 
2 239 56 
1 56 
1 56 
1 56 
1 56 
3 56 1067 2638 
1 56 
1 56 
2 56 3097 
3 56 2009 2326 
1 56 
2 56 3300 
2 56 3950 
2 56 1439 
4 56 1014 1962 1480 
3 57 2583 926 
1 57 
3 57 3245 1405 
4 534 57 385 2450 
4 57 1486 746 325 
3 517 57 874 
1 57 
1 57 
1 57 
1 57 
3 57 3782 1664 
1 57 
1 57 
1 57 
1 57 
2 57 1192 
2 57 1190 
1 57 
2 57 2796 
2 57 1974 
1 58 
3 58 1037 1304 
2 58 1518 
1 58 
1 58 
2 3613 58 
1 58 
1 58 
2 58 2023 
1 58 
2 58 3995 
3 2599 58 4334 
3 58 3421 3622 
1 58 
3 59 2001 391 
1 59 
3 59 3923 70 
2 59 4304 
1 59 
3 59 1186 2079 
2 59 3596 
2 59 1184 
3 59 2654 1743 
1 59 
1 59 
3 59 616 1161 
3 59 2239 1821 
3 59 2013 1160 
1 59 
1 59 
2 59 2716 
2 2561 60 
1 60 
2 60 1350 
1 60 
1 60 
1 60 
2 60 3755 
2 2252 60 
3 2399 2920 60 
1 60 
2 60 1740 
2 60 1425 
1 60 
2 60 3371 
1 60 
2 1992 60 
1 60 
1 60 
2 61 784 
1 61 
3 2527 61 2383 
1 61 
2 61 675 
2 2133 61 
2 2509 61 
2 3934 61 
1 61 
1 61 
2 61 2419 
2 61 911 
2 3637 61 
3 61 3644 1117 
1 61 
2 3417 61 
2 61 4004 
1 61 
3 3736 62 3821 
4 2042 62 3013 1819 
1 62 
5 3718 2732 62 4126 1594 
1 62 
1 62 
2 62 1983 
2 62 3495 
1 62 
2 62 4380 
1 62 
2 62 2327 
3 62 599 2097 
1 62 
2 63 849 
1 63 
1 63 
1 63 
5 2118 2313 63 3445 464 
1 63 
1 63 
1 63 
2 63 2109 
2 63 3390 
2 63 805 
1 63 
2 63 2221 
1 63 
1 63 
1 63 
1 63 
1 64 
1 64 
2 64 3907 
4 3936 64 393 4091 
4 1694 3012 64 1100 
1 64 
1 64 
1 64 
2 64 3217 
1 64 
1 64 
3 2400 64 3712 
3 613 64 2179 
3 2254 3853 64 
2 64 3548 
1 64 
2 64 4224 
2 64 228 
1 64 
2 64 3142 
2 515 64 
2 3293 64 
1 64 
1 64 
5 3168 82 1836 65 2638 
4 3192 65 115 2223 
2 2347 65 
2 4379 65 
1 65 
1 65 
1 65 
2 3313 65 
2 2351 65 
3 944 3151 65 
3 65 1753 3180 
1 65 
3 1860 65 278 
2 1891 65 
2 65 4348 
1 65 
1 65 
4 1166 65 4104 463 
3 3758 65 2061 
2 65 4047 
1 65 
3 65 2390 657 
2 65 329 
1 65 
3 265 976 65 
1 65 
1 65 
1 65 
1 65 
2 4061 65 
2 744 65 
3 870 66 2983 
1 66 
1 66 
2 66 566 
1 66 
1 66 
4 734 66 1739 1115 
1 66 
1 66 
3 66 3624 73 
2 1861 66 
2 66 2215 
3 66 2095 2329 
2 2868 66 
2 4040 66 
2 663 66 
2 3595 66 
1 66 
2 1030 66 
1 67 
1 67 
5 2011 1434 3275 67 4389 
1 67 
1 67 
2 640 67 
3 1696 67 1442 
1 67 
3 160 67 2828 
1 67 
4 3832 1731 3340 67 
3 3831 1072 67 
1 67 
2 1198 67 
1 67 
3 4260 67 2965 
1 67 
3 2736 2197 67 
2 67 138 
2 68 2416 
1 68 
1 68 
2 3662 68 
1 68 
1 68 
1 68 
1 68 
1 68 
2 3291 68 
2 3246 68 
1 68 
2 68 4252 
3 1749 2260 68 
1 68 
3 68 2358 2376 
2 337 68 
1 68 
1 68 
4 3296 2586 68 3674 
4 2343 3461 68 3487 
2 554 68 
3 2788 1613 69 
3 4379 69 434 
3 2233 676 69 
1 69 
2 69 3608 
2 498 69 
3 3660 69 1477 
4 147 69 432 3891 
2 69 660 
2 1891 69 
3 709 1862 69 
1 69 
3 3149 3550 69 
1 69 
2 1007 69 
2 1050 69 
1 70 
1 70 
1 70 
1 70 
2 2560 70 
1 70 
2 70 3844 
2 79 70 
1 70 
1 70 
1 70 
2 1147 70 
2 70 3121 
1 70 
3 3263 70 4213 
1 70 
2 1090 70 
1 71 
1 71 
3 1877 1976 71 
2 2585 71 
1 71 
3 4121 71 3826 
2 3344 71 
3 3381 4368 71 
2 2605 71 
1 71 
1 71 
1 71 
1 71 
1 71 
2 1207 71 
4 2525 214 368 71 
1 71 
2 3362 71 
2 2987 71 
4 3309 922 189 71 
2 2866 71 
1 72 
2 72 2825 
2 1339 72 
3 839 3857 72 
1 72 
2 897 72 
1 72 
2 1143 72 
3 366 72 3548 
1 72 
4 2734 2483 1343 72 
1 72 
3 238 73 660 
1 73 
2 92 73 
1 73 
1 73 
2 3090 73 
1 73 
2 2113 73 
1 73 
3 4051 73 862 
3 3973 73 413 
3 1837 4106 73 
2 1925 73 
2 2617 73 
1 73 
1 73 
3 1936 73 3111 
1 73 
3 2462 1517 73 
2 3194 74 
3 2934 3793 74 
1 74 
2 3587 74 
2 3898 74 
3 1472 74 3673 
4 2529 303 2359 74 
1 74 
2 1670 74 
3 1468 3003 74 
2 4372 74 
2 2546 74 
3 2418 74 2880 
1 74 
3 1384 409 74 
1 74 
1 74 
4 3643 3841 74 1144 
1 74 
2 74 992 
2 75 4187 
1 75 
2 1654 75 
3 1149 3140 75 
3 3668 2113 75 
4 3067 255 2615 75 
4 4336 3588 495 75 
2 1573 75 
1 75 
1 75 
2 2607 75 
1 75 
2 2217 75 
1 75 
3 3749 75 2247 
2 1838 75 
2 1129 75 
1 76 
2 1579 76 
3 2232 4391 76 
1 76 
1 76 
1 76 
1 76 
1 76 
1 76 
2 4212 76 
2 3450 76 
2 3772 76 
4 3737 3066 2443 76 
1 76 
2 3552 77 
1 77 
2 1748 77 
2 1462 77 
3 1167 95 77 
1 77 
2 3484 77 
1 77 
4 1816 4255 2131 77 
1 77 
3 1655 3403 77 
2 3652 77 
3 1857 3685 77 
3 3706 3580 77 
1 77 
2 577 77 
2 2313 77 
2 2470 77 
2 937 77 
2 1000 77 
2 78 440 
2 78 2051 
2 78 282 
1 78 
3 78 1920 408 
1 78 
1 78 
2 78 3893 
1 78 
4 78 2588 4032 1806 
2 78 3580 
1 78 
1 78 
1 78 
1 78 
3 78 2857 1866 
1 78 
2 78 2152 
2 78 4160 
3 78 613 4005 
2 78 2690 
1 78 
2 78 3849 
2 78 2848 
3 78 2296 2621 
2 78 2764 
2 78 3163 
1 78 
1 78 
2 78 1621 
3 79 4129 3498 
2 79 3567 
2 79 1794 
2 79 345 
3 79 1628 1878 
3 79 3865 3197 
2 79 762 
1 79 
2 79 3763 
3 79 1490 2536 
2 79 2317 
4 79 3403 679 2205 
1 79 
2 79 3312 
3 79 2427 3809 
4 79 1501 381 391 
2 79 4270 
4 79 2404 3402 2215 
1 79 
1 79 
2 1966 80 
3 80 306 2076 
2 80 2097 
3 80 3526 1634 
1 80 
1 80 
1 80 
2 80 616 
1 80 
1 80 
4 80 1235 3128 2608 
1 80 
2 80 4007 
2 80 582 
1 81 
2 81 2900 
2 81 4239 
1 81 
4 81 3587 3686 1940 
2 81 571 
1 81 
4 81 1011 3857 4085 
1 81 
1 81 
1 81 
2 81 1027 
1 81 
1 81 
2 81 2173 
5 3718 1378 2169 81 2047 
2 81 3119 
2 81 3796 
2 81 4035 
1 81 
2 81 760 
3 81 635 726 
2 81 1081 
3 81 1563 2228 
3 81 1736 846 
2 82 251 
1 82 
2 82 3645 
3 82 974 1938 
2 82 1980 
2 82 1568 
2 82 1837 
1 82 
2 82 2576 
2 82 2228 
2 82 107 
2 82 1587 
1 82 
1 82 
1 82 
3 82 498 742 
3 82 2108 849 
1 82 
1 82 
1 82 
2 82 173 
3 82 3130 277 
1 82 
3 82 3858 3241 
3 83 3658 2459 
2 635 83 
3 212 83 1986 
1 83 
5 83 324 2613 2329 3867 
3 1987 83 3590 
3 83 3772 3267 
3 83 1485 3223 
4 83 1855 150 1524 
2 83 2241 
2 83 3482 
1 83 
2 83 2145 
2 83 1985 
1 83 
3 83 3102 548 
5 83 3904 3137 3495 2357 
3 83 1155 2696 
2 83 194 
2 83 2810 
1 83 
3 83 575 4302 
2 4307 84 
2 84 1471 
1 84 
1 84 
2 2578 84 
2 84 2574 
3 84 2470 4221 
1 84 
2 3231 84 
1 84 
1 84 
2 84 1849 
1 84 
1 84 
3 84 3400 4304 
1 84 
2 84 414 
2 84 2623 
1 84 
2 84 3016 
2 84 4366 
1 84 
1 84 
2 85 2961 
3 85 3664 2537 
2 1267 85 
3 85 3905 2021 
2 85 1343 
1 85 
2 1830 85 
3 85 2744 2761 
3 415 85 765 
2 85 2339 
1 85 
1 85 
2 85 739 
1 85 
5 3209 85 2430 2544 931 
1 85 
1 85 
1 85 
2 85 780 
4 3719 3758 85 2512 
3 4358 86 4083 
1 86 
1 86 
1 86 
1 86 
1 86 
1 86 
2 86 382 
1 86 
2 86 371 
1 86 
1 86 
2 2954 86 
1 86 
3 3308 87 3402 
1 87 
2 87 3018 
2 87 3373 
3 739 87 3445 
3 2470 87 1347 
1 87 
3 3253 87 2058 
1 87 
1 87 
3 333 87 1622 
4 87 3961 3326 2480 
2 3570 87 
3 2071 87 1324 
3 87 1206 2965 
2 87 2657 
2 87 3439 
3 87 1187 3771 
1 87 
2 87 1001 
2 87 2065 
1 87 
2 1516 87 
3 336 1369 88 
2 120 88 
1 88 
1 88 
3 1297 88 3750 
2 88 893 
4 88 3238 2039 2883 
2 88 3391 
1 88 
3 1906 88 3328 
1 88 
1 89 
2 89 2223 
2 716 89 
2 2137 89 
1 89 
2 3488 89 
2 3081 89 
1 89 
1 89 
1 89 
1 89 
2 3881 89 
1 89 
1 89 
2 4321 89 
2 3359 89 
1 89 
2 89 3301 
2 3525 89 
2 89 3320 
2 2871 89 
1 90 
2 2751 90 
4 3335 90 3404 372 
1 90 
2 638 90 
1 90 
3 3260 90 3284 
2 213 90 
2 90 3867 
1 90 
1 90 
3 239 3936 90 
3 837 2403 90 
3 1566 90 2595 
2 3491 90 
1 90 
1 90 
1 90 
3 282 355 90 
1 90 
1 90 
1 90 
1 90 
1 90 
1 90 
2 1543 90 
1 90 
1 90 
3 3510 2434 91 
1 91 
3 2311 2296 91 
2 1092 91 
2 515 91 
4 3658 91 3328 2130 
3 3650 91 409 
2 1522 91 
2 91 3548 
2 91 3390 
3 1233 91 274 
1 91 
3 91 345 1191 
3 272 91 705 
2 1103 91 
1 91 
1 91 
3 2287 91 3425 
1 91 
3 108 92 2883 
1 92 
3 1698 92 2458 
1 92 
2 92 810 
1 92 
1 92 
1 92 
2 1287 92 
4 1629 3313 92 1455 
2 92 1498 
2 675 92 
2 3273 92 
2 92 3994 
1 92 
2 3658 92 
1 92 
2 3620 92 
1 92 
4 4323 92 3709 1894 
1 92 
2 92 1680 
1 92 
5 2564 3028 92 2322 4252 
1 93 
2 2911 93 
3 272 93 3950 
2 1655 93 
1 93 
2 93 1526 
1 93 
1 93 
3 1299 93 3122 
2 93 1328 
3 2168 1388 93 
2 93 2915 
1 93 
1 93 
5 2904 3703 1549 93 1868 
1 93 
2 93 1866 
2 3382 93 
2 2778 93 
1 94 
3 3271 2084 94 
1 94 
2 520 94 
1 94 
2 94 3019 
2 1413 94 
2 1568 94 
1 94 
1 94 
3 1002 94 3825 
2 2773 94 
3 763 2649 94 
3 3384 94 705 
2 3876 94 
1 94 
3 3392 3936 94 
1 95 
1 95 
3 506 95 3087 
3 1387 95 1300 
2 2333 95 
1 95 
2 95 1847 
1 95 
2 2291 95 
2 3881 95 
1 95 
1 95 
1 95 
2 3133 96 
3 2489 2893 96 
1 96 
1 96 
1 96 
2 96 1758 
1 96 
1 96 
2 2351 96 
3 4031 96 3713 
2 96 3625 
3 2446 96 2362 
1 96 
2 4162 96 
2 3162 96 
1 96 
1 96 
2 3065 96 
1 96 
2 1538 96 
3 2233 96 2747 
1 96 
1 96 
2 4146 96 
3 96 1456 485 
1 96 
2 453 96 
1 96 
1 97 
3 904 97 2001 
3 4024 97 652 
2 97 2765 
1 97 
2 4342 97 
1 97 
2 97 1460 
1 97 
3 1626 97 3895 
3 114 97 2079 
2 1602 97 
2 820 97 
3 2830 97 3050 
1 97 
1 97 
1 97 
1 98 
1 98 
1 98 
3 1126 2086 98 
2 98 2844 
1 98 
1 98 
1 98 
1 98 
1 98 
2 98 2615 
1 98 
1 98 
2 98 3007 
2 98 786 
1 98 
3 2138 98 1144 
1 98 
2 98 3371 
3 2216 3982 98 
3 1584 455 99 
1 99 
2 99 3628 
1 99 
1 99 
2 3816 99 
2 1037 99 
3 99 470 590 
2 99 1164 
2 4285 99 
2 1413 99 
1 99 
1 99 
1 99 
2 1627 99 
3 2953 99 4139 
3 842 505 99 
2 1238 99 
1 99 
2 99 1660 
2 1649 99 
3 1652 1091 100 
1 100 
2 2035 100 
1 100 
2 2368 100 
2 1211 100 
1 100 
2 3893 100 
4 949 3683 3595 100 
2 3421 100 
2 376 100 
1 100 
4 451 428 3775 100 
1 100 
4 1179 1930 2490 100 
2 1029 100 
3 3996 3711 100 
1 100 
3 4207 3197 100 
2 2643 100 
1 100 
1 101 
3 1139 1076 101 
1 101 
2 1339 101 
1 101 
3 3386 1192 101 
1 101 
2 457 101 
2 3540 101 
1 101 
1 101 
1 101 
1 101 
2 1695 101 
1 101 
2 1173 101 
2 2928 101 
1 101 
2 105 101 
1 102 
2 3525 102 
4 312 2736 638 102 
1 102 
1 102 
2 2486 102 
1 102 
1 102 
3 2150 1989 102 
1 102 
1 102 
3 2639 3584 102 
3 2153 1755 102 
2 364 102 
2 4243 103 
3 1233 3232 103 
2 2160 103 
2 4068 103 
3 2858 830 103 
2 172 103 
3 3331 1613 103 
1 103 
2 2493 103 
1 103 
5 1535 4299 777 2162 103 
1 103 
1 103 
1 103 
1 103 
2 2130 103 
2 3406 103 
2 1733 103 
1 103 
1 103 
2 1305 103 
3 4210 724 103 
1 103 
1 103 
2 1746 103 
1 103 
1 104 
1 104 
1 104 
2 104 1108 
3 104 4081 1739 
4 104 3858 4326 2800 
1 104 
2 104 791 
3 104 3078 2893 
2 104 1585 
2 104 364 
2 104 3842 
4 104 3297 1184 1939 
1 105 
3 105 3519 3427 
1 105 
1 105 
4 105 1872 4118 2885 
1 105 
3 105 1949 1077 
2 105 187 
1 105 
1 105 
1 105 
1 105 
1 105 
1 105 
3 105 4264 933 
2 105 1330 
2 105 405 
4 105 1586 4244 1244 
1 106 
2 106 2183 
3 2506 3677 106 
1 106 
2 106 3702 
2 4396 106 
2 106 3888 
1 106 
1 106 
2 106 2760 
5 2578 106 1639 2678 2551 
3 106 1254 718 
2 106 2513 
2 106 2392 
1 106 
3 106 1487 1451 
3 106 4045 2213 
3 4293 106 3315 
1 106 
1 107 
2 107 1250 
1 107 
1 107 
1 107 
1 107 
2 107 4221 
2 107 3569 
2 107 374 
1 107 
2 107 1013 
2 107 2140 
2 107 2892 
4 107 1814 2056 696 
4 107 1522 2923 4128 
1 108 
3 3310 1219 108 
1 108 
1 108 
1 108 
3 1763 108 3384 
3 108 585 1962 
2 2735 108 
2 108 2128 
2 108 3176 
2 108 1035 
1 108 
4 108 3315 351 660 
5 3355 2954 108 1659 2519 
1 108 
1 108 
2 108 2502 
3 837 108 2238 
2 109 2035 
3 109 185 1120 
2 109 1551 
3 109 4082 2039 
2 109 3140 
2 109 3746 
1 109 
2 121 109 
2 2904 109 
1 109 
3 2043 109 248 
1 109 
3 109 3313 2051 
1 109 
1 109 
2 4116 109 
1 109 
1 110 
4 2463 1107 110 1862 
2 110 1613 
3 110 2815 3667 
1 110 
1 110 
3 3781 110 1612 
2 3536 110 
1 110 
2 110 2655 
1 110 
2 4322 110 
2 110 1275 
2 2403 110 
1 110 
3 110 4083 3118 
4 2099 3700 110 3482 
3 110 2857 2300 
2 110 295 
1 110 
2 111 481 
1 111 
2 111 3919 
2 111 3726 
1 111 
2 111 2282 
2 111 3370 
4 3438 111 618 2376 
1 111 
1 111 
2 111 1354 
1 111 
1 111 
1 111 
1 111 
2 356 111 
1 111 
2 111 924 
4 111 1575 3224 2247 
3 111 2337 307 
1 112 
1 112 
1 112 
1 112 
1 112 
1 112 
2 112 2114 
2 112 675 
3 112 1329 1581 
3 2889 112 1965 
2 112 1495 
1 112 
2 112 2730 
2 2422 112 
3 112 1258 136 
2 1050 112 
5 2444 1288 1761 2626 112 
1 112 
2 112 530 
2 2524 112 
2 112 2567 
3 1632 112 1621 
1 112 
2 486 113 
4 2684 113 3219 2418 
2 1502 113 
4 1380 113 1921 3284 
2 113 2780 
2 113 3800 
2 113 1115 
1 113 
2 113 2149 
3 113 1191 3307 
3 4338 113 117 
3 3430 113 1656 
2 113 3575 
1 113 
2 113 2480 
1 113 
2 113 3624 
4 113 114 2205 1497 
2 2771 114 
1 114 
1 114 
2 3186 114 
3 2891 1203 114 
3 2348 114 2978 
2 114 1276 
2 3077 114 
1 114 
1 114 
1 114 
1 114 
2 1369 114 
2 114 3581 
2 114 4229 
2 114 3584 
1 114 
2 114 3841 
4 864 3879 798 114 
2 2286 115 
4 729 422 115 2761 
2 115 2761 
1 115 
2 115 3020 
1 115 
2 2814 115 
1 115 
2 3552 115 
1 115 
2 115 4203 
1 115 
2 967 115 
3 1044 773 115 
3 2850 322 115 
3 2192 4225 115 
2 2788 116 
2 116 2419 
2 3790 116 
3 2267 701 116 
2 116 1826 
2 116 3568 
2 3847 116 
1 116 
2 116 1896 
2 116 2417 
1 116 
2 2509 116 
2 3535 116 
4 3472 1811 1558 116 
1 116 
2 2653 116 
1 116 
4 3522 2939 116 2184 
2 2615 116 
2 404 116 
2 2563 116 
2 2523 116 
2 2669 116 
2 3456 116 
1 117 
2 616 117 
1 117 
4 3366 3623 117 756 
2 1811 117 
1 117 
3 1250 117 1530 
2 4369 117 
1 117 
1 117 
3 1574 910 117 
1 117 
2 918 117 
2 3751 117 
1 117 
2 117 1851 
1 117 
3 2430 2441 117 
1 117 
2 1139 117 
4 308 2533 117 1243 
2 117 2827 
3 1651 1330 117 
1 117 
1 117 
2 176 117 
2 1892 118 
1 118 
2 118 4394 
2 293 118 
3 2922 118 2206 
1 118 
3 1701 2911 118 
1 118 
2 3904 118 
1 118 
3 119 1067 1376 
1 119 
1 119 
1 119 
2 119 1289 
2 119 2253 
1 119 
1 119 
3 119 1909 1295 
1 119 
2 119 2550 
4 2377 119 917 2633 
2 119 4215 
2 119 2751 
2 119 1663 
2 119 1371 
3 119 4340 1469 
2 119 4251 
2 119 248 
2 119 1912 
1 119 
2 120 4292 
2 120 500 
2 120 4291 
2 120 572 
3 120 1991 456 
1 120 
1 120 
1 120 
2 120 248 
1 120 
1 120 
1 120 
3 120 2194 1371 
2 121 2354 
4 379 121 3258 2848 
3 3780 121 2504 
2 121 2480 
1 121 
3 121 3961 3563 
2 121 1216 
1 121 
1 121 
1 121 
1 121 
1 121 
2 121 2447 
4 121 2717 288 1308 
1 121 
4 4397 121 2111 3566 
1 121 
5 122 4144 2812 249 2942 
4 3997 122 2790 3913 
1 122 
1 122 
2 122 825 
2 122 1204 
3 122 2563 1274 
3 516 122 2618 
2 122 688 
3 122 1793 2180 
2 122 1581 
1 122 
2 122 193 
2 122 3839 
1 122 
2 122 3667 
1 122 
2 122 4300 
1 122 
4 122 2904 4352 2823 
1 122 
2 122 2973 
3 1356 122 837 
4 122 4192 2292 3121 
3 2231 122 1475 
4 2284 122 3541 1224 
1 122 
1 122 
2 123 2220 
1 123 
1 123 
3 123 794 4064 
1 123 
2 123 1578 
2 123 3019 
2 123 2838 
3 123 2324 1706 
1 123 
1 123 
3 2525 123 3577 
2 1809 123 
2 123 407 
2 123 188 
3 123 2870 2901 
1 123 
1 123 
2 123 3923 
3 123 2324 4111 
1 123 
2 123 1512 
2 124 2223 
2 124 4379 
2 124 1912 
2 124 2389 
2 899 124 
2 124 3856 
4 124 2471 3191 1148 
1 124 
1 124 
1 124 
1 124 
3 124 2741 778 
1 124 
1 124 
2 1830 124 
2 1647 124 
2 125 2997 
2 125 553 
2 125 1462 
3 2168 125 824 
2 125 2688 
1 125 
1 125 
2 125 841 
1 125 
1 125 
5 1731 125 1675 157 1531 
3 2643 125 2450 
2 125 3400 
1 125 
1 125 
2 3170 125 
1 125 
1 125 
1 125 
2 125 4379 
4 125 2380 1737 2244 
1 126 
2 126 874 
3 126 1442 2983 
1 126 
1 126 
2 2032 126 
2 2558 126 
3 3756 126 3199 
4 1902 126 500 3625 
2 126 2001 
1 126 
2 126 628 
2 126 2049 
1 126 
2 4155 126 
2 126 4175 
3 126 2999 296 
2 126 348 
1 126 
1 126 
1 126 
2 126 2148 
1 126 
2 2379 126 
1 126 
2 2100 127 
1 127 
1 127 
3 127 1220 2294 
1 127 
1 127 
2 127 1711 
4 127 2110 3283 2763 
2 127 3641 
1 127 
2 127 3977 
2 3337 127 
2 127 697 
3 127 2145 3181 
3 3732 2714 127 
1 127 
2 4143 127 
4 4382 128 532 2304 
4 128 3194 2226 788 
3 128 2433 1426 
2 3635 128 
3 1216 128 2550 
2 128 2930 
3 3430 128 1469 
1 128 
1 128 
1 128 
2 128 2327 
2 4026 128 
1 128 
3 128 1573 983 
3 1693 128 3776 
1 128 
2 129 2636 
1 129 
1 129 
3 4062 129 3247 
1 129 
3 129 463 1706 
1 129 
4 941 416 129 1474 
2 129 599 
2 942 129 
1 129 
4 2527 129 2353 326 
2 129 2108 
1 129 
3 1043 129 3083 
1 130 
1 130 
1 130 
1 130 
2 2487 130 
1 130 
2 1398 130 
4 1196 4097 130 3484 
1 130 
4 2400 130 2303 3930 
2 130 1851 
1 130 
1 130 
4 4001 902 130 2227 
1 130 
1 130 
1 130 
1 130 
1 130 
1 130 
3 1674 130 428 
2 2859 130 
2 1631 130 
1 130 
3 1673 2108 131 
1 131 
1 131 
1 131 
1 131 
2 1145 131 
2 131 3945 
2 1414 131 
3 3953 131 1375 
1 131 
2 1543 131 
1 131 
2 131 326 
1 131 
2 131 959 
1 131 
1 131 
3 2806 1794 131 
1 131 
1 131 
1 131 
2 132 1176 
2 2734 132 
1 132 
1 132 
1 132 
3 1055 4245 132 
3 3571 1419 132 
2 1127 132 
3 405 1493 132 
3 132 1594 372 
4 869 198 2673 132 
2 132 294 
2 3623 132 
1 132 
2 1651 132 
1 132 
4 1956 1488 132 2301 
5 3761 132 3630 4334 2901 
3 132 1457 3348 
2 2401 132 
1 132 
1 132 
2 132 1558 
1 132 
3 132 1686 3307 
1 133 
1 133 
3 133 2223 2880 
1 133 
1 133 
1 133 
1 133 
1 133 
2 1026 133 
4 1046 2354 133 3548 
1 133 
1 133 
2 2539 133 
1 133 
5 1287 635 646 1135 133 
2 133 2038 
2 2914 133 
2 745 134 
1 134 
3 2471 134 2006 
1 134 
1 134 
2 3215 134 
1 134 
1 134 
3 134 1883 4329 
1 134 
1 134 
2 3117 134 
2 2298 134 
2 1187 134 
2 2176 134 
1 134 
2 134 1741 
1 134 
1 134 
2 3789 134 
1 134 
1 135 
1 135 
1 135 
2 3381 135 
1 135 
1 135 
1 135 
3 3578 135 2305 
1 135 
3 4226 135 3446 
1 135 
3 2609 135 2712 
2 135 3144 
2 135 3842 
1 135 
1 135 
2 2108 135 
1 135 
1 135 
1 135 
1 135 
1 136 
2 2231 136 
1 136 
2 136 861 
3 4171 136 513 
3 2464 191 136 
1 136 
2 1554 136 
2 2806 136 
2 997 136 
2 610 136 
1 136 
2 341 136 
2 1664 136 
1 136 
1 136 
1 136 
1 136 
2 918 136 
2 4296 137 
2 4236 137 
1 137 
2 137 809 
2 187 137 
1 137 
3 3888 137 3967 
4 192 3389 3497 137 
2 680 137 
1 137 
2 2673 137 
1 138 
3 322 138 2520 
1 138 
3 975 138 1195 
3 910 2390 138 
1 138 
1 138 
1 138 
1 138 
1 138 
2 450 138 
1 138 
1 138 
3 639 842 138 
1 138 
1 138 
3 2790 3217 138 
3 2219 138 3842 
1 139 
2 1235 139 
3 4313 4035 139 
3 2600 1442 139 
3 2139 905 139 
4 2029 4359 1354 139 
1 139 
2 4087 139 
2 528 139 
1 139 
2 2455 139 
3 3812 3919 139 
2 3316 139 
2 1699 139 
1 139 
2 4082 139 
3 254 1921 139 
2 751 139 
1 140 
1 140 
4 1782 2356 3180 140 
1 140 
1 140 
2 3650 140 
2 3815 140 
1 140 
3 358 3483 140 
1 140 
1 140 
2 2107 140 
4 2268 2269 1699 140 
1 140 
3 3783 2513 140 
2 1559 140 
2 1932 140 
2 3553 140 
1 140 
2 649 140 
1 141 
1 141 
2 2248 141 
2 2937 141 
2 1882 141 
2 4355 141 
1 141 
1 141 
1 141 
2 1870 141 
1 141 
4 2234 4053 141 330 
2 244 141 
1 141 
2 301 141 
1 141 
1 142 
1 142 
1 142 
4 1378 142 2283 3956 
1 142 
3 2395 142 2729 
1 142 
1 142 
2 142 2804 
1 142 
2 142 3086 
3 142 3445 1163 
2 142 1081 
1 142 
3 142 4029 2843 
3 142 2072 2899 
2 142 608 
2 142 3443 
1 142 
2 143 2793 
1 143 
3 143 2691 2595 
1 143 
1 143 
1 143 
2 143 1666 
1 143 
2 2394 143 
1 143 
2 143 2273 
2 143 2170 
1 143 
1 143 
1 143 
2 143 4210 
2 143 3838 
1 143 
1 143 
2 143 2413 
1 143 
2 1433 143 
1 143 
3 143 2931 2328 
2 143 1345 
1 144 
2 144 1942 
2 144 2882 
1 144 
2 144 986 
2 144 4160 
1 144 
2 144 869 
1 144 
3 144 2429 4019 
1 144 
1 144 
1 144 
1 144 
2 144 2799 
2 144 1950 
1 144 
1 144 
1 144 
3 144 2378 1557 
2 145 3349 
3 632 145 2281 
2 145 3782 
2 145 4036 
1 145 
1 145 
1 145 
1 145 
3 145 1549 2184 
3 145 2045 927 
3 145 3823 2575 
3 145 909 3147 
2 145 306 
2 145 1113 
3 1123 145 3726 
2 145 4386 
2 145 972 
2 146 1431 
1 146 
2 146 1331 
2 146 349 
4 3332 146 2437 473 
2 146 1780 
1 146 
1 146 
2 146 639 
3 146 564 171 
1 146 
1 146 
1 146 
2 146 550 
3 146 2626 1475 
2 146 3312 
2 146 2831 
3 1828 146 1755 
2 146 3816 
2 146 2084 
1 146 
1 147 
2 147 1081 
2 147 2216 
1 147 
2 2252 147 
3 147 3402 2129 
6 1902 518 147 2075 3322 309 
1 147 
1 147 
1 147 
3 3233 147 914 
1 147 
2 147 2800 
4 1599 147 4312 4327 
3 147 2437 2616 
1 148 
1 148 
4 148 2158 2413 1866 
2 3955 148 
1 148 
3 148 3561 1021 
1 148 
2 733 148 
2 148 3926 
3 1853 148 2339 
1 148 
2 3097 148 
2 148 2640 
2 148 1863 
1 148 
1 148 
2 149 548 
1 149 
2 149 1204 
1 149 
2 149 2337 
5 3272 3848 149 221 2131 
1 149 
2 3552 149 
1 149 
1 149 
2 149 2024 
2 3974 149 
2 2528 149 
2 149 2827 
3 149 3342 3280 
1 150 
2 1464 150 
2 3401 150 
1 150 
3 2772 150 3495 
1 150 
2 150 2300 
2 150 782 
2 3585 150 
2 2394 150 
1 150 
1 150 
1 150 
2 150 4036 
1 150 
1 150 
2 150 3791 
2 150 4051 
1 151 
1 151 
2 151 1981 
4 3722 151 2145 1724 
2 3433 151 
1 151 
1 151 
1 151 
1 151 
1 151 
2 1692 151 
1 151 
1 151 
1 151 
3 151 1740 1352 
1 151 
1 152 
2 4343 152 
1 152 
3 2987 152 3731 
2 3309 152 
1 152 
2 152 2415 
1 152 
2 152 754 
2 4242 152 
1 152 
2 2253 152 
2 152 3893 
2 4282 152 
1 152 
2 158 152 
3 1318 2483 152 
2 152 3949 
1 152 
1 152 
4 4259 2970 153 1429 
1 153 
1 153 
3 3974 153 378 
1 153 
2 400 153 
2 153 3195 
1 153 
1 153 
1 153 
2 2460 153 
1 153 
2 153 2497 
2 153 879 
1 153 
1 153 
2 153 1472 
1 153 
1 153 
3 341 153 4302 
3 3872 1959 153 
1 154 
1 154 
1 154 
1 154 
2 1267 154 
3 1233 3709 154 
1 154 
1 154 
2 154 1688 
2 4298 154 
2 1728 154 
4 972 2428 1876 154 
2 2271 154 
3 3337 216 154 
1 155 
2 3834 155 
1 155 
1 155 
1 155 
1 155 
6 542 3626 155 3482 3824 1851 
2 3784 155 
2 312 155 
2 155 3649 
2 1085 155 
2 155 3109 
2 828 155 
2 368 155 
1 155 
2 156 706 
3 3854 423 156 
1 156 
2 3505 156 
1 156 
2 776 156 
1 156 
1 156 
1 156 
1 156 
2 3092 156 
2 156 4354 
2 3872 156 
2 156 1942 
1 156 
1 156 
1 156 
1 157 
1 157 
2 811 157 
2 4387 157 
2 738 157 
2 1006 157 
2 509 157 
3 250 3175 157 
1 157 
1 157 
1 157 
4 3312 1918 460 157 
2 1512 157 
3 1488 157 612 
1 157 
1 157 
1 157 
1 157 
1 157 
2 3405 157 
1 157 
2 3453 157 
1 157 
2 158 2255 
2 158 2075 
2 158 3226 
2 158 3443 
2 158 1766 
2 158 227 
3 158 441 2553 
1 158 
3 158 4234 3999 
3 158 2795 232 
2 158 1890 
1 158 
2 158 3400 
2 159 1449 
3 159 671 625 
3 159 4311 3047 
2 159 851 
1 159 
1 159 
2 159 4352 
3 159 2913 1138 
2 159 262 
1 159 
1 159 
1 159 
2 159 1662 
1 159 
2 159 567 
2 159 631 
1 159 
2 159 201 
2 159 443 
2 159 3033 
1 159 
2 159 1460 
2 160 3595 
1 160 
1 160 
1 160 
2 160 3941 
3 160 3978 2652 
2 160 2182 
3 160 286 1614 
2 3535 160 
3 160 2417 1406 
3 160 1860 3327 
1 161 
1 161 
1 161 
2 161 604 
2 161 3625 
2 161 1594 
1 161 
2 161 1644 
2 161 500 
1 161 
2 1901 161 
1 161 
4 3352 3335 161 950 
2 161 3138 
2 161 1663 
2 161 3136 
2 161 3697 
3 161 1486 2154 
1 161 
3 161 3740 1282 
1 161 
2 161 2674 
2 161 3368 
1 161 
2 161 2860 
2 162 4380 
3 162 3262 1390 
1 162 
2 162 1296 
1 162 
2 162 3275 
2 162 1060 
2 162 4314 
1 162 
1 162 
1 162 
1 162 
2 162 3884 
1 162 
2 162 1915 
2 162 1560 
1 162 
1 162 
1 162 
1 162 
2 1287 163 
1 163 
2 163 2475 
1 163 
1 163 
2 163 3923 
1 163 
3 3061 163 4139 
4 1108 3490 163 2141 
1 163 
1 163 
1 163 
3 2751 163 1297 
2 163 2519 
1 163 
2 164 894 
1 164 
3 943 3809 164 
2 2251 164 
1 164 
1 164 
4 3756 3593 164 4246 
1 164 
3 164 2450 4039 
3 1288 164 4367 
1 164 
3 2524 1463 164 
2 2993 164 
1 164 
4 1569 3809 164 2005 
1 164 
3 2488 3787 164 
1 164 
1 164 
2 4376 164 
1 164 
1 164 
1 164 
1 165 
2 165 4038 
2 165 603 
2 165 1706 
2 3660 165 
1 165 
1 165 
1 165 
2 3405 165 
3 2646 3593 165 
1 165 
3 1271 165 2729 
2 454 165 
2 2231 165 
1 165 
2 285 165 
2 4364 165 
3 4358 1654 165 
2 165 2205 
1 165 
3 3079 165 810 
1 165 
1 165 
2 166 721 
1 166 
3 743 1677 166 
2 2042 166 
2 166 2897 
1 166 
1 166 
1 166 
3 4279 166 3373 
3 166 1755 189 
1 166 
2 166 188 
2 166 1646 
1 166 
2 166 3580 
1 166 
2 1147 166 
3 332 1366 166 
3 2542 166 4087 
1 166 
1 166 
2 166 4203 
2 3934 166 
1 166 
3 415 1733 167 
1 167 
2 537 167 
1 167 
2 536 167 
4 3536 2378 4357 167 
1 167 
4 1787 3543 167 189 
1 167 
3 3149 3451 167 
2 167 1408 
1 167 
1 167 
1 167 
2 1653 167 
1 167 
2 167 654 
1 167 
2 1872 168 
5 837 493 973 2923 168 
2 1840 168 
1 168 
3 1339 3153 168 
1 168 
1 168 
1 168 
1 168 
2 168 2932 
1 168 
1 168 
2 2513 168 
4 759 2233 1787 168 
2 168 3464 
3 306 168 788 
2 3319 168 
1 168 
3 520 1015 168 
1 169 
3 1365 4034 169 
1 169 
2 169 1284 
1 169 
1 169 
2 1375 169 
2 169 2079 
1 169 
1 169 
2 1141 169 
2 169 1777 
1 169 
1 169 
1 169 
1 169 
1 169 
3 2239 169 2623 
3 1726 3836 170 
4 2971 170 1430 736 
2 2133 170 
2 218 170 
5 3065 1577 170 2881 3532 
5 1837 1294 826 2162 170 
1 170 
3 2144 170 2115 
2 2743 170 
2 814 170 
2 875 170 
2 170 3287 
2 170 1779 
2 256 170 
3 282 2893 170 
1 170 
1 170 
1 170 
2 1737 170 
2 170 3122 
4 1814 170 3948 1758 
1 170 
1 170 
2 2047 171 
3 3677 2870 171 
1 171 
2 887 171 
3 1783 3135 171 
1 171 
3 2517 171 3021 
1 171 
1 171 
2 1347 171 
2 4331 171 
3 171 3568 2932 
2 537 171 
3 3808 1417 171 
1 171 
1 171 
1 171 
2 2617 171 
2 2849 171 
2 171 3676 
2 3997 171 
2 3135 172 
1 172 
2 3775 172 
3 3963 2145 172 
1 172 
1 172 
2 3958 172 
2 1775 172 
1 172 
1 172 
2 1428 172 
2 698 172 
1 172 
1 172 
2 2310 172 
2 765 172 
3 3145 172 4092 
2 3793 172 
2 2193 172 
3 1209 1964 172 
1 172 
4 1729 3237 526 172 
2 985 173 
1 173 
2 3790 173 
1 173 
1 173 
1 173 
2 3398 173 
4 2665 494 1418 173 
4 3451 3988 1869 173 
1 173 
3 2137 1884 173 
1 173 
2 2013 173 
1 173 
1 173 
2 2709 173 
3 1255 1818 173 
3 4224 1756 173 
3 3620 1887 174 
1 174 
1 174 
2 216 174 
1 174 
1 174 
3 3636 3380 174 
1 174 
4 2472 1683 3089 174 
2 2935 174 
4 1726 2892 1581 174 
4 3722 1524 1575 174 
3 3550 1783 174 
4 3214 180 3073 174 
2 2057 174 
2 861 174 
1 174 
2 294 174 
2 830 174 
1 174 
1 175 
1 175 
1 175 
1 175 
1 175 
2 175 1229 
2 175 3974 
2 175 3562 
1 175 
3 175 1996 1177 
2 175 746 
1 175 
1 175 
2 175 1826 
2 175 532 
2 2081 175 
1 175 
1 176 
3 176 2529 2241 
1 176 
2 176 339 
2 176 2955 
1 176 
2 176 3567 
2 176 3714 
1 176 
2 176 2194 
2 176 1742 
1 176 
2 491 176 
2 176 3797 
3 176 3080 2802 
1 176 
4 1730 176 1250 2796 
3 176 3525 2671 
1 176 
1 176 
1 176 
2 177 1510 
3 177 3382 3262 
1 177 
2 177 3075 
1 177 
1 177 
2 177 2306 
2 177 200 
1 177 
1 177 
2 177 839 
3 1030 177 1376 
2 177 4317 
3 177 928 3530 
2 177 3285 
1 177 
1 177 
1 177 
2 177 4158 
1 178 
1 178 
1 178 
4 516 178 820 2296 
1 178 
1 178 
2 178 1034 
2 178 370 
3 178 3643 3988 
1 178 
2 178 3823 
1 178 
1 178 
4 178 1657 3028 2183 
3 178 690 2757 
5 2561 178 1520 692 207 
1 178 
1 178 
2 178 1376 
4 1765 358 179 296 
1 179 
4 179 3176 3817 4183 
2 179 1795 
1 179 
1 179 
2 179 532 
4 2937 1239 179 1663 
1 179 
2 179 2709 
2 1564 179 
2 179 757 
2 3764 179 
1 179 
1 180 
1 180 
1 180 
2 3040 180 
1 180 
1 180 
1 180 
1 180 
2 1809 180 
1 180 
1 180 
1 180 
1 180 
1 180 
2 3938 180 
1 180 
1 180 
2 2081 180 
2 180 832 
1 181 
2 181 2300 
1 181 
1 181 
4 2028 181 3446 1778 
2 1587 181 
1 181 
3 1014 3915 181 
2 181 350 
3 181 784 3463 
2 181 509 
2 3312 181 
1 181 
2 182 4247 
3 2295 182 3120 
3 2174 3258 182 
1 182 
1 182 
3 3760 182 3714 
2 2016 182 
4 1087 182 2419 3929 
1 182 
2 3260 182 
1 182 
1 182 
1 182 
2 182 3814 
5 2633 182 1817 1440 1277 
1 182 
3 3404 183 1390 
1 183 
5 1514 2275 2925 183 4035 
4 358 183 229 2766 
2 4340 183 
2 199 183 
1 183 
1 183 
2 4022 183 
1 183 
2 359 183 
2 2907 183 
2 3419 183 
2 2382 183 
1 183 
1 183 
2 183 2392 
3 1565 3435 183 
3 2288 3342 183 
2 2124 183 
2 1738 184 
3 2605 596 184 
1 184 
1 184 
2 1106 184 
2 2242 184 
1 184 
2 2433 184 
2 2669 184 
1 184 
5 1544 184 3243 3712 1527 
2 2261 184 
1 184 
1 184 
4 184 255 2263 2038 
2 2941 185 
1 185 
3 1602 1466 185 
3 3740 1489 185 
2 353 185 
3 1652 185 4049 
2 185 788 
1 185 
4 1029 3189 3215 185 
1 185 
4 3112 1995 185 1334 
3 667 1185 185 
1 185 
1 185 
1 185 
2 185 4073 
2 304 185 
2 185 1040 
1 185 
2 4381 185 
1 185 
1 185 
1 185 
3 4119 1382 185 
1 185 
1 185 
1 186 
1 186 
2 1170 186 
1 186 
2 4243 186 
1 186 
1 186 
2 4172 186 
1 186 
3 3392 1845 186 
1 186 
2 186 1177 
3 2310 2611 186 
3 1327 186 2246 
5 3127 2489 1911 4315 186 
2 3028 186 
1 186 
3 1968 186 3795 
2 670 186 
2 186 2616 
3 710 1033 186 
2 4362 186 
2 186 296 
2 3872 186 
3 2526 4120 187 
4 3398 4105 651 187 
2 187 1226 
1 187 
1 187 
1 187 
2 2514 187 
1 187 
3 3477 187 1480 
2 187 1227 
3 1625 192 187 
1 187 
3 4317 187 484 
1 187 
3 3031 187 4332 
4 2754 1815 188 3965 
1 188 
2 1525 188 
1 188 
1 188 
1 188 
1 188 
1 188 
4 1647 1814 1843 188 
1 188 
3 3210 1384 188 
1 188 
2 1359 188 
1 188 
2 1693 188 
2 798 188 
3 331 528 188 
3 2170 2409 188 
3 1487 4327 188 
2 188 937 
1 188 
1 188 
1 188 
2 1468 188 
2 1375 188 
1 188 
2 188 3350 
3 3332 2100 189 
1 189 
3 4307 3810 189 
1 189 
1 189 
1 189 
3 3805 1995 189 
1 189 
2 1526 189 
2 1602 189 
1 189 
1 189 
1 189 
1 189 
1 189 
1 189 
3 527 189 3841 
2 1044 189 
1 189 
1 189 
2 3139 189 
1 189 
2 358 190 
2 190 2183 
1 190 
2 2102 190 
2 1866 190 
3 1087 1113 190 
1 190 
2 1527 190 
1 190 
1 190 
3 3013 1847 190 
1 190 
2 2003 190 
3 1274 3580 190 
2 1910 190 
3 3539 3436 190 
1 190 
1 190 
1 190 
3 1235 191 1613 
2 191 1711 
1 191 
1 191 
3 191 2954 3403 
1 191 
1 191 
1 191 
3 191 2190 2863 
1 191 
1 191 
1 191 
1 191 
2 191 2970 
2 192 2520 
2 192 623 
1 192 
1 192 
2 1232 192 
2 192 1512 
1 192 
2 192 3821 
4 192 3588 780 3142 
1 192 
1 192 
1 192 
1 192 
2 192 3973 
3 192 2155 940 
1 192 
1 192 
2 192 1497 
2 192 1753 
2 192 2320 
1 192 
1 192 
1 192 
2 192 1202 
3 193 2488 3189 
2 193 372 
3 193 1305 1711 
1 193 
3 3539 193 497 
2 193 2616 
1 193 
2 193 1572 
2 193 3500 
2 1066 193 
2 193 4052 
2 193 1119 
1 193 
1 193 
1 193 
4 193 927 1116 1743 
3 193 1653 1511 
1 193 
2 193 229 
3 3354 193 1999 
2 193 2537 
1 193 
1 193 
2 194 291 
2 2379 194 
2 194 2173 
3 2851 194 1155 
2 194 2763 
2 194 3029 
2 1103 194 
1 194 
2 194 3199 
1 194 
2 194 2660 
3 2285 3376 194 
3 300 194 2949 
2 194 4158 
3 194 1464 3369 
2 882 194 
2 194 3628 
3 194 225 1615 
2 194 3442 
1 194 
2 4189 194 
2 194 2235 
2 687 195 
2 540 195 
2 4233 195 
1 195 
2 195 3683 
1 195 
2 195 4174 
3 4343 195 3344 
4 3185 195 3197 1578 
2 3679 195 
1 195 
3 195 817 2742 
2 195 911 
3 737 195 3547 
3 195 2755 601 
3 195 1971 2884 
2 3490 195 
1 195 
2 195 3981 
3 195 3962 1017 
3 1232 3739 195 
2 1066 195 
6 514 4078 195 2859 1097 3479 
3 195 361 3028 
2 195 1881 
2 195 1416 
1 195 
2 195 4137 
1 196 
1 196 
2 196 1348 
3 196 1347 861 
1 196 
2 3023 196 
2 196 855 
2 3308 196 
2 196 1117 
2 196 2820 
2 2407 196 
1 196 
4 196 1480 2265 3693 
4 196 2675 2078 2730 
3 196 4071 758 
2 196 1400 
1 197 
1 197 
3 2289 4281 197 
2 197 2923 
3 197 4222 1556 
1 197 
1 197 
1 197 
2 197 1276 
2 3038 197 
1 197 
2 197 2449 
3 1605 1435 197 
3 2072 197 1646 
1 197 
1 197 
1 197 
1 197 
1 197 
1 197 
2 1569 197 
1 197 
3 1651 1789 197 
1 197 
1 198 
1 198 
1 198 
5 537 198 3049 3634 3007 
3 734 198 4270 
1 198 
1 198 
2 198 1885 
1 198 
2 245 198 
2 198 2266 
3 198 822 446 
3 198 1771 1897 
1 198 
2 198 206 
3 4207 198 3160 
1 198 
1 198 
1 198 
3 2104 198 2708 
1 198 
2 4207 198 
2 1385 198 
1 198 
4 1541 1994 198 2979 
1 198 
2 198 1938 
1 198 
2 199 390 
2 199 1467 
1 199 
2 199 387 
1 199 
1 199 
1 199 
3 199 2341 1663 
3 284 1695 199 
2 199 4366 
3 1265 686 199 
1 199 
1 199 
1 200 
1 200 
1 200 
2 2395 200 
1 200 
2 200 3528 
1 200 
1 200 
1 200 
3 2189 200 2742 
2 794 200 
1 200 
1 200 
4 1181 3173 200 2440 
1 200 
1 200 
3 4378 2910 200 
1 200 
1 200 
2 3541 200 
2 2563 200 
2 3958 200 
1 201 
1 201 
3 1221 201 3251 
2 201 4018 
4 1266 1792 201 1887 
1 201 
2 201 3516 
2 201 472 
1 201 
2 201 3116 
1 201 
3 201 651 861 
1 201 
2 2584 201 
1 201 
1 201 
2 201 3328 
2 201 2984 
3 1854 201 1142 
2 1008 201 
1 202 
2 2586 202 
1 202 
2 2905 202 
2 2788 202 
2 202 293 
3 3358 202 3931 
2 716 202 
1 202 
3 2382 1737 202 
2 202 3820 
2 3355 202 
1 202 
3 3650 906 202 
1 202 
2 2708 202 
1 202 
1 203 
1 203 
1 203 
2 585 203 
4 3745 4160 203 1454 
4 2990 3418 203 2929 
2 314 203 
1 203 
2 2516 203 
3 3117 751 203 
1 203 
1 203 
3 3819 203 989 
2 203 1965 
1 203 
1 203 
1 203 
1 203 
1 203 
3 3382 3477 203 
1 203 
1 203 
1 203 
1 203 
2 4153 203 
2 1841 203 
2 203 1175 
2 204 2003 
3 2395 204 3351 
1 204 
2 204 3085 
1 204 
2 2567 204 
1 204 
1 204 
2 204 1230 
2 1553 204 
1 204 
2 204 1596 
2 868 204 
1 204 
1 204 
1 204 
2 1060 204 
1 204 
1 204 
1 204 
1 204 
1 204 
2 3935 204 
3 380 2838 204 
1 204 
2 205 276 
2 3558 205 
1 205 
2 1931 205 
1 205 
2 205 2534 
2 4058 205 
1 205 
3 4177 2799 205 
1 205 
2 1910 205 
2 1543 205 
2 381 205 
2 3291 205 
4 2733 3552 205 1616 
4 2852 240 2946 205 
2 481 205 
2 3207 205 
2 3191 205 
2 206 1332 
1 206 
1 206 
1 206 
1 206 
2 206 2114 
1 206 
2 206 1306 
1 206 
2 3590 206 
1 206 
4 998 1453 206 2950 
3 1012 3766 206 
2 2780 206 
1 206 
1 207 
1 207 
1 207 
2 4027 207 
1 207 
2 640 207 
2 207 1316 
2 2542 207 
1 207 
4 2425 463 4390 207 
1 207 
1 207 
2 416 207 
3 435 2044 207 
1 207 
1 207 
2 207 3843 
1 207 
2 3600 207 
1 208 
1 208 
1 208 
1 208 
2 3823 208 
2 288 208 
1 208 
2 2071 208 
3 2153 2746 208 
4 1712 233 2182 208 
1 208 
2 1605 208 
1 208 
3 2738 3247 208 
1 208 
1 208 
1 208 
2 1266 208 
2 3368 208 
1 209 
1 209 
1 209 
3 688 905 209 
2 2561 209 
1 209 
1 209 
1 209 
1 209 
2 834 209 
1 209 
2 1304 209 
3 3636 4200 209 
2 1455 209 
1 209 
2 752 209 
1 209 
1 209 
2 2441 209 
1 210 
1 210 
2 210 293 
1 210 
2 210 2165 
3 210 4280 1099 
2 210 2084 
2 210 3608 
2 210 3635 
2 210 1416 
1 210 
1 210 
3 210 301 749 
2 210 1016 
2 210 1235 
1 210 
4 210 381 744 2131 
2 210 1564 
1 210 
1 210 
1 210 
1 210 
1 210 
1 210 
2 210 452 
3 210 442 3828 
1 210 
3 210 3175 1981 
1 211 
1 211 
1 211 
2 211 2522 
2 2394 211 
2 211 230 
2 211 1924 
1 211 
1 211 
2 211 666 
1 211 
2 211 590 
1 211 
3 212 605 3993 
2 212 1035 
2 212 2495 
1 212 
2 212 580 
3 212 3792 3468 
3 212 425 992 
4 212 3973 2834 1552 
1 212 
2 212 1914 
1 212 
1 212 
1 212 
1 212 
2 212 226 
1 212 
1 212 
1 212 
2 213 2687 
2 213 3618 
2 213 1055 
2 213 3807 
2 213 2496 
1 213 
2 213 4029 
1 213 
1 213 
1 213 
1 213 
1 213 
2 213 3490 
2 476 213 
1 213 
1 213 
2 1483 213 
1 214 
2 214 3799 
1 214 
2 214 791 
2 214 2417 
1 214 
1 214 
1 214 
1 214 
1 214 
2 214 1089 
2 214 610 
2 214 4105 
2 1105 214 
1 214 
3 214 2277 3250 
1 214 
1 214 
1 215 
4 215 3884 3890 2005 
1 215 
2 215 829 
3 215 2819 2062 
1 215 
2 215 1509 
3 1044 215 1408 
1 215 
2 215 2355 
1 215 
2 215 667 
2 216 328 
1 216 
1 216 
3 216 1675 2123 
2 216 3849 
1 216 
5 216 4382 1279 3391 237 
2 216 2282 
3 216 2671 1061 
1 216 
1 216 
2 216 2262 
1 216 
2 216 873 
1 217 
3 217 3803 951 
2 217 3085 
1 217 
3 217 2703 784 
1 217 
1 217 
2 1600 217 
1 217 
1 217 
2 217 2976 
3 217 2041 3615 
2 217 2097 
3 2604 217 465 
2 217 3189 
2 3534 217 
2 217 937 
1 217 
1 217 
2 217 2360 
3 217 1368 1851 
1 217 
1 217 
2 217 1522 
1 217 
1 217 
1 218 
3 2987 556 218 
3 218 520 1352 
1 218 
1 218 
1 218 
2 218 2094 
1 218 
1 218 
1 218 
1 218 
1 218 
3 3873 218 1580 
2 218 629 
2 218 308 
1 218 
1 218 
1 218 
1 219 
1 219 
1 219 
2 3237 219 
2 4117 219 
3 436 3847 219 
2 219 2980 
1 219 
2 219 642 
2 219 1975 
1 219 
1 219 
2 219 434 
1 219 
1 219 
2 2366 219 
2 2364 219 
2 220 2115 
1 220 
1 220 
3 2702 220 280 
1 220 
2 220 3017 
3 2051 220 275 
2 220 2411 
2 220 250 
3 220 3006 1668 
1 220 
3 1182 220 1683 
1 221 
1 221 
3 1669 3679 221 
2 221 1083 
1 221 
1 221 
2 3092 221 
2 221 2900 
2 2733 221 
2 3155 221 
2 221 3625 
2 221 772 
3 221 3647 3462 
1 221 
1 221 
1 221 
3 497 222 1774 
3 281 222 2178 
2 222 1847 
1 222 
1 222 
2 2072 222 
3 222 3668 2900 
1 222 
2 2649 222 
1 222 
3 3341 222 1095 
3 222 889 3649 
1 222 
3 222 2616 1176 
1 222 
2 223 1489 
1 223 
2 2240 223 
1 223 
3 3554 223 2359 
1 223 
2 1934 223 
3 2968 3808 223 
1 223 
1 223 
1 223 
2 223 388 
2 223 1301 
1 223 
1 223 
1 223 
3 3096 223 2413 
1 223 
2 223 3048 
2 2774 224 
3 1007 638 224 
3 3258 224 370 
4 1712 224 3223 431 
2 2736 224 
2 224 4371 
1 224 
2 224 3632 
1 224 
2 224 3222 
1 224 
4 615 224 3906 1689 
2 3192 224 
2 1418 224 
2 2314 224 
1 224 
2 4360 224 
2 224 1473 
1 225 
1 225 
1 225 
2 225 3202 
1 225 
3 225 833 3926 
5 1379 2445 1290 225 2479 
3 3148 225 1241 
3 225 750 3604 
3 2523 225 4224 
1 225 
1 225 
1 225 
2 225 2864 
2 3057 225 
2 1110 225 
2 1339 225 
2 4064 225 
2 1502 225 
1 225 
2 225 276 
3 883 2335 225 
1 226 
3 338 2103 226 
2 226 2392 
1 226 
1 226 
1 226 
