16 2 3 4 5 6 7 8 9 10 11 12 13 14 15 16 17 
12 18 19 20 21 22 23 1 24 25 26 27 28 
23 29 30 31 32 33 34 35 36 37 38 39 40 41 42 43 44 1 45 46 47 48 49 50 
19 51 52 53 54 55 56 57 58 59 60 61 62 63 1 64 65 66 67 68 
24 69 70 71 72 73 74 75 76 77 78 79 80 1 81 82 83 84 85 86 87 88 89 90 91 
25 92 93 94 95 96 97 98 99 100 101 102 103 104 105 106 107 108 109 1 110 111 112 113 114 115 
20 116 117 118 119 120 121 122 123 124 125 126 127 128 129 130 131 1 132 133 134 
13 135 136 137 138 139 140 141 142 1 143 144 145 146 
28 147 148 149 150 151 152 153 154 155 156 157 158 159 160 161 162 163 164 165 166 1 167 168 169 170 171 172 173 
21 174 175 176 177 178 179 180 181 182 183 184 185 186 187 188 189 1 190 191 192 193 
22 194 195 196 197 198 199 200 201 202 203 204 205 206 207 208 209 1 210 211 212 213 214 
21 215 216 217 218 219 220 221 222 223 224 225 226 227 1 228 229 230 231 232 233 234 
21 235 236 237 238 239 240 241 242 243 244 245 246 247 248 249 1 250 251 252 253 254 
23 255 256 257 258 259 260 261 262 263 264 265 266 267 268 1 269 270 271 272 273 274 275 276 
20 277 278 279 280 281 282 283 284 285 286 287 288 289 290 291 1 292 293 294 295 
18 296 297 298 299 300 301 302 303 304 305 306 1 307 308 309 310 311 312 
18 313 314 315 316 317 318 319 320 321 322 1 323 324 325 326 327 328 329 
19 2 330 331 332 333 334 335 336 337 338 339 340 341 342 343 344 345 346 347 
29 2 348 349 350 351 352 353 354 355 356 357 358 359 360 361 362 363 364 365 366 367 368 369 370 371 372 373 374 375 
28 376 2 377 378 379 380 381 382 383 384 385 386 387 388 389 390 391 392 393 394 395 396 397 398 399 400 401 402 
15 2 403 404 405 406 407 408 409 410 411 412 413 414 415 416 
21 2 417 418 419 420 421 422 423 424 425 426 427 428 429 430 431 432 433 434 435 436 
23 2 437 438 439 440 441 442 443 444 445 446 447 448 449 450 451 452 453 454 455 456 457 458 
20 2 459 460 461 462 463 464 465 466 467 468 127 469 470 471 472 473 474 475 476 
29 2 477 478 479 480 481 482 483 484 485 486 487 488 489 490 491 492 493 494 495 496 497 498 499 500 501 502 503 504 
21 2 505 506 507 508 509 510 511 512 513 514 515 516 517 518 519 520 521 522 523 524 
20 525 2 526 527 528 529 530 531 532 533 534 535 536 537 538 539 540 541 542 543 
29 544 2 545 546 547 548 549 550 551 552 553 554 555 556 557 558 559 560 561 562 563 564 565 566 567 568 569 570 571 
25 572 573 574 575 3 576 577 578 579 580 581 582 583 584 585 586 587 588 589 590 591 592 593 594 595 
23 596 3 597 598 599 600 601 602 603 604 605 606 607 608 609 610 611 612 613 614 615 616 617 
20 618 3 619 620 621 622 623 624 625 626 627 628 629 630 631 632 633 634 635 636 
15 3 637 638 639 640 641 642 643 644 645 646 647 648 649 650 
23 651 3 652 653 654 655 656 657 658 154 659 660 661 662 663 664 665 666 667 668 669 670 671 
17 3 672 673 674 675 676 677 678 679 680 681 682 683 684 685 686 687 
21 688 689 3 690 691 692 693 694 695 696 697 698 699 700 701 702 703 704 705 706 707 
25 708 3 709 710 711 712 713 714 715 716 717 718 719 720 721 722 723 724 725 726 727 728 729 730 731 
22 732 3 733 734 735 736 737 738 739 740 741 742 743 744 745 746 747 748 749 750 751 752 
24 3 753 754 755 756 757 758 759 760 761 762 763 764 765 766 767 768 769 770 771 772 773 774 775 
16 3 776 777 778 779 780 781 782 783 784 785 786 787 788 789 790 
18 791 3 792 793 794 795 796 797 798 799 800 801 802 803 804 805 806 807 
30 3 808 809 810 811 812 813 814 815 816 817 818 819 820 821 822 823 824 825 826 827 828 829 830 831 832 833 834 835 836 
19 3 837 838 839 840 841 842 843 844 845 846 847 848 849 850 851 852 853 854 
19 855 3 856 857 858 859 860 861 862 863 864 865 866 867 868 869 870 871 872 
18 3 873 874 875 876 877 878 879 880 881 882 883 884 885 886 887 888 889 
28 3 890 891 892 259 893 894 895 896 897 898 899 900 901 902 903 904 905 906 907 908 909 910 911 912 913 914 915 
18 916 3 917 918 919 920 921 922 923 924 925 926 927 928 929 930 931 932 
17 933 3 934 935 936 937 938 939 940 941 942 943 944 945 946 947 948 
25 949 950 3 951 952 953 954 955 956 957 958 959 960 961 962 963 964 965 966 967 968 969 970 971 972 
22 3 973 974 975 976 977 978 979 980 981 982 983 984 985 986 987 988 989 990 991 992 993 
20 994 995 996 3 997 998 999 1000 1001 1002 1003 1004 1005 1006 1007 1008 1009 1010 1011 1012 
23 1013 1014 1015 1016 1017 4 1018 1019 1020 1021 1022 1023 1024 1025 1026 1027 1028 1029 1030 1031 1032 1033 1034 
29 1035 4 1036 1037 1038 1039 1040 1041 1042 1043 1044 1045 451 1046 1047 1048 537 1049 1050 1051 1052 1053 1054 1055 1056 1057 1058 1059 1060 
17 1061 4 1062 1063 1064 1065 1066 1067 1068 1069 1070 1071 1072 1073 1074 1075 1076 
24 1077 1078 1079 1080 1081 1082 4 1083 1084 1085 1086 1087 1088 1089 1090 1091 1092 1093 1094 1095 1096 1097 1098 1099 
24 1100 1101 1102 1103 4 1104 1105 1106 1107 1108 1109 1110 1111 1112 1113 1114 1115 1116 1117 1118 1119 1120 1121 1122 
15 1123 1124 4 1125 1126 1127 1128 1129 1130 1131 1132 1133 1134 1135 1136 
29 1137 1138 1139 4 1140 1141 1142 1143 1144 1145 1146 1147 1148 1149 1150 1151 1152 1153 1154 1155 1156 1157 1158 1159 1160 1161 1162 1163 1164 
17 1165 1166 1167 1168 4 1169 1170 1171 1172 1173 1174 1175 1176 1177 1178 1179 1180 
18 1181 1182 1183 1184 1185 4 1186 1187 1188 1189 1190 1191 1192 1193 1194 1195 1196 1197 
20 1198 4 1199 1200 1201 1202 1203 1204 1205 1206 1207 1208 1209 1210 1211 1212 1213 1214 1215 1216 
24 1217 1218 1219 4 1220 1221 1222 410 1223 1224 1225 1226 1227 1228 1229 1230 1231 1232 1233 1234 1235 1236 1237 1238 
19 1239 1240 1241 1242 4 1243 1244 1245 1246 1247 1248 1249 945 1250 1251 1252 1253 1254 1255 
17 1256 1257 1258 1259 4 1260 1261 1262 1263 1264 1265 1266 1267 1268 1269 1270 1271 
22 1272 1273 4 1274 1275 1276 1277 1278 1279 1280 1281 1282 1283 1284 1285 1286 1287 1288 1289 1290 1291 1292 
25 1293 1294 1295 1296 1297 1298 4 1299 1300 1301 1302 1303 1304 1305 1306 1307 1308 1309 489 1310 1311 1312 1313 1314 1315 
29 1316 1317 1318 1319 4 1320 1321 1322 1323 1324 1325 1326 1327 1328 1329 1330 1331 1332 1333 1334 1335 1336 1337 1338 1339 1340 1341 1342 1343 
17 1344 1345 4 1346 1347 1348 1349 1350 1351 1352 1353 1354 1355 1356 1357 1358 1359 
22 1360 1361 1362 1363 1364 1365 1366 4 1367 1368 1369 1370 1371 75 1372 1373 1374 1375 1376 1377 1378 1379 
24 1380 1381 1382 1383 1384 1385 1386 1387 5 1388 1389 1390 1391 1392 1393 1394 1395 1396 1397 1398 1399 1400 1401 1402 
23 1403 1404 1405 1406 1407 1408 5 1409 1410 1411 1412 1413 1414 800 1415 1416 1417 1418 1419 1420 1421 1422 1423 
20 1424 1425 1426 1427 1428 1429 1430 5 1431 1432 1433 1434 1435 1436 1437 1438 1439 1440 1441 1442 
26 1443 1444 1445 1446 1447 5 1448 1449 1450 1451 1452 1453 1454 1455 1456 1457 1458 1459 1460 1461 1462 1463 1464 1465 1466 1467 
20 1468 1469 1470 1471 1472 1473 1474 1475 5 1476 1477 1478 1479 1480 1481 1482 1483 1484 1485 1486 
23 1487 1488 1489 1490 1491 1492 1493 5 1494 1495 1496 1497 1498 1499 1500 1501 1502 1503 1504 1505 1506 1507 1508 
30 1509 1510 1511 1512 1513 1514 1515 5 1516 1517 1518 1519 1520 1521 1522 1523 1524 1525 1526 1527 1528 1529 1530 1531 1532 1533 68 1534 1535 1536 
18 1537 1538 1539 5 1540 1541 1542 1543 1544 1545 1546 1547 1548 1549 1550 1551 1552 1553 
22 1554 1555 1556 1557 5 1558 1559 1560 1561 1562 1563 1564 1565 1566 1567 1568 1569 1570 1571 1572 1573 1574 
24 1575 1576 1577 1578 1579 5 1580 1581 1582 1583 1584 1585 1586 1587 1588 1589 1590 1591 1592 1593 1594 1595 1596 1597 
21 575 1598 1599 1600 1601 1602 5 1603 1604 1605 1606 1607 1608 1609 1610 1611 1612 307 1613 1614 1615 
27 1616 1617 1618 1619 5 1620 1621 603 1622 1623 1624 1625 1626 1627 1628 1629 1630 1631 1632 1633 1634 1635 1636 1637 1638 1639 1640 
26 1641 1642 1643 1644 1645 1646 1647 1648 1649 1650 5 1651 1652 1653 1654 1655 1656 1657 1658 1659 1660 1661 1662 1663 1664 1665 
25 1666 1667 1668 1669 1670 1671 1672 1673 5 1653 1674 1675 1676 1677 1678 1679 1680 1681 1682 1683 1684 1685 1686 1687 1688 
18 1689 1690 1691 1692 1693 1694 5 1695 1696 1697 1698 1699 1700 1701 1702 1703 1704 1705 
21 1706 1707 1708 1709 1710 1711 5 1712 1713 1714 1715 1716 1717 1718 1719 1720 1721 1722 1723 1724 1725 
20 1726 1727 1728 1729 1730 5 1731 1732 1733 1734 1735 1736 1737 1738 1739 1740 1741 1341 1597 1742 
25 1743 1744 1745 1746 1747 1748 1749 1750 1751 1752 1753 1754 5 1755 1756 1757 1758 1759 1760 1761 1762 1763 1764 1765 1766 
21 1767 1768 1769 1770 1771 1772 1773 5 1774 1775 1776 1777 1778 1779 1780 1781 1782 1783 1784 1785 1786 
20 1787 1788 1789 1790 1791 5 1792 1793 1794 517 1795 1796 1797 1798 1799 1800 1801 1802 1803 1804 
21 1805 1806 1807 1808 1809 1810 1811 1812 1813 1814 1753 5 1815 1816 1817 1818 1819 1820 1821 1822 1823 
21 1824 1825 1826 1827 1828 5 1829 1830 1831 1832 1833 1834 1835 1836 1837 1838 1839 1399 1840 1841 1842 
17 1843 1844 1845 1846 5 1847 1848 1849 1850 1851 1852 1853 1854 1855 1856 1857 1858 
24 1859 1860 1861 1862 1863 6 1864 1865 1866 1867 1868 1869 1870 1871 1872 1873 1874 1875 1876 1877 1878 1879 1880 1881 
19 1882 1883 1884 1885 1886 1887 1888 6 1889 1890 1891 1892 1893 1894 1895 1896 1897 1898 1899 
24 1900 1901 1902 1903 6 1904 1905 1906 1907 1908 1909 1910 1911 1912 1913 1914 1915 1916 1917 1918 1919 1920 1921 1922 
30 1923 1924 477 1925 1926 1927 1928 1929 1930 6 1931 1932 1933 1934 1935 1936 1937 1938 1939 1940 1941 1942 1943 1944 1945 1946 1947 1948 1949 1950 
19 1951 1952 1953 1954 1955 1956 6 1957 1958 662 1959 1960 1961 1962 1963 1964 1965 1966 1967 
19 1968 1969 1970 1971 1972 1973 6 1974 1975 1976 1977 1978 1979 1980 1981 1982 1983 1984 1985 
25 1986 1987 1988 1989 1990 1991 1992 6 1449 1993 1994 1995 1996 560 1997 1998 1999 2000 2001 2002 2003 2004 2005 2006 2007 
20 2008 2009 2010 2011 6 2012 2013 2014 2015 2016 2017 2018 2019 2020 2021 2022 2023 2024 2025 2026 
19 2027 2028 953 6 2029 2030 2031 2032 2033 2034 2035 2036 1661 2037 2038 2039 2040 2041 2042 
24 2043 2044 2045 6 2046 2047 2048 2049 2050 2051 2052 2053 2054 2055 2056 2057 2058 2059 2060 2061 2062 2063 2064 2065 
18 2066 2067 2068 6 2069 2070 2071 2072 2073 2074 2075 2076 2077 2078 2079 2080 2081 2082 
25 2083 2084 2085 2086 2087 2088 2089 2090 2091 2092 2093 6 2094 2095 2096 2097 2098 2099 2100 2101 2102 2103 2104 2105 2106 
13 2107 2108 2109 2110 6 2111 2112 2113 2114 2115 2116 2117 2118 
23 2119 2120 2121 6 2122 2123 2124 2125 2126 2127 2128 2129 2130 2131 2132 2133 2134 2135 2136 2137 2138 2139 2140 
13 2141 2142 2143 6 2144 2145 2146 2147 2148 2149 2150 2151 2152 
22 2153 2154 2155 2156 2157 6 2158 2159 2160 2161 2162 2163 2164 2165 2166 2167 2168 2169 2170 2171 2172 2173 
16 2174 2175 2176 2177 6 2178 2179 2180 2181 2182 2183 2184 2185 2186 2187 2188 
17 2189 2190 2191 6 2192 2193 2194 2195 2196 2197 2198 2199 2200 2201 2202 2203 2204 
27 1100 2205 2206 2207 2208 2209 2210 6 2211 2212 2213 2214 2215 2216 2217 2218 1962 2219 2220 2221 2222 2223 2224 2225 2226 2227 2228 
21 2229 2230 2231 2232 2233 6 2234 2235 2236 2237 2238 2239 2240 2241 2242 2243 2244 2245 2246 2247 2248 
16 2249 2250 2251 2252 6 2253 2254 2255 2256 2257 2258 2259 2260 2261 2262 2263 
19 2264 2265 2266 2267 2268 2269 2270 6 2271 2272 2273 2274 2275 2276 2277 2278 2279 2280 2281 
13 2282 6 2283 2284 2285 2286 2287 2288 2289 2290 2291 2292 2293 
24 2294 2295 2296 6 2297 2298 2299 2300 2301 2302 2303 2304 2305 2306 2307 2308 2309 2310 2311 2312 2313 2314 2315 2316 
18 2317 2318 2319 2320 2321 7 2322 2323 2324 2325 2326 2327 2328 2329 2330 2331 2332 2333 
21 2334 2335 2336 2337 2338 2339 7 2340 2341 2342 288 2343 2344 2345 2346 2347 2348 2349 2350 2351 2352 
27 2353 2354 2355 2356 2357 2358 2359 2360 2361 2362 2363 7 2364 2365 2366 2367 2368 2369 2370 2371 2372 2373 2374 2375 2376 2377 2378 
21 2379 2380 2381 2382 2383 2384 7 2385 2386 2387 2388 2389 2390 2391 2392 2393 2394 2395 2396 2397 2398 
25 2399 2400 2401 2402 2403 2404 2405 2406 2407 2408 7 2409 2410 2411 2412 2413 2414 2415 2416 2417 2418 2419 2420 2421 2422 
20 2423 2424 2425 2426 2427 2428 7 2429 2430 2431 2432 2433 2434 2435 2436 2437 2438 2439 2440 2441 
16 2442 2443 2444 2445 2446 2447 2448 2449 7 2450 2451 2452 2453 2454 2455 2456 
21 2457 2458 2459 2460 2461 2462 2463 7 2464 2465 2466 1587 2467 2468 2469 2470 2471 2472 2473 2474 2475 
13 2476 2477 2478 2479 2480 2481 7 2482 2483 2484 2485 2486 2487 
16 2488 2489 2490 2491 2492 7 2493 2494 2495 2496 2497 2498 2499 2500 2501 2502 
17 2503 2504 2505 2506 7 2507 2508 2509 2510 2511 2512 2513 2514 2515 2516 2517 2518 
18 2519 2520 2521 2522 2523 7 2524 2525 2526 2527 2528 2529 2530 2531 2532 24 2533 2534 
21 2535 2536 2537 2538 2539 2540 2541 7 2542 2543 2544 2545 2546 2547 2548 2549 2550 2551 2552 2553 2554 
15 2555 2556 2557 7 2558 2559 2560 2561 2562 2563 2564 2565 2566 2567 2315 
14 2568 2569 2570 2571 2572 7 2573 2574 2575 2576 2577 2578 2579 2580 
27 2581 2582 2583 2584 2585 2586 2587 2588 467 2589 7 2590 2591 2592 2593 2594 2595 2596 2597 2598 2599 2600 2601 2602 2603 2604 2605 
20 2503 2606 2607 2608 2609 2610 2611 2612 7 2613 2614 2615 2616 2617 2618 1338 2619 2620 2621 2622 
20 2623 2624 2625 7 2626 2627 2628 2629 2630 2631 2632 2633 2634 2635 2636 2637 2638 2639 2640 2641 
19 544 2642 2643 2644 2645 2646 2647 2648 7 2649 2650 2651 2652 2653 2654 2655 2656 2657 2658 
26 2659 2660 2661 2662 2663 2664 2665 2666 8 2667 2668 2669 2670 2671 2672 2673 2674 2675 2676 363 2677 2678 2679 2680 2681 2682 
19 2683 2684 2685 2686 2687 2688 2689 8 1892 2690 2691 2692 2693 2694 2695 2696 2697 2698 2699 
23 2700 2701 2702 2703 2704 2705 8 2706 2707 2708 2709 2710 2711 2712 2713 2714 2715 2716 2717 2718 2719 2720 2721 
23 2722 2723 2724 2725 2726 2727 2728 8 2729 2730 2731 2732 2733 2734 2735 2736 2737 2738 2739 2602 2740 2741 373 
14 2742 2743 2744 2745 2746 2747 2748 2749 8 2750 2751 2752 2753 2754 
20 2755 2756 2757 2758 8 2759 2760 2761 2762 2763 2764 2765 2766 2767 2768 2769 2770 2771 2772 2773 
20 2774 2775 2776 2777 2778 2779 2780 2781 2782 2783 8 2784 2785 2786 2787 2788 2789 2790 2791 2792 
28 2793 2794 2795 2796 2797 2798 2799 2800 2801 2802 2803 2804 2805 2806 8 2807 2808 2809 2810 2811 2812 2813 2814 2815 2816 2817 2818 2819 
25 2820 2821 2822 2823 2824 2825 2826 2827 1773 2828 2829 2830 2831 2832 8 2833 2834 2835 2836 2837 2838 2839 2840 2841 2842 
18 2843 2844 2845 2846 8 2847 2848 2849 2850 2851 2655 2852 2853 2854 2855 2856 2857 2858 
24 2859 2860 2861 2862 2863 2864 2865 8 2866 2867 2868 2869 2870 2871 2872 2873 2874 2875 2876 2877 2878 2879 2880 2881 
19 2882 2883 2884 2885 2886 8 2887 2888 2889 2890 2891 2892 2893 2894 2895 2896 2897 2898 2899 
23 2900 2901 2902 2903 2904 2905 2906 2907 2908 2909 2910 2911 2912 9 2913 2914 2915 2916 2917 2918 2919 2920 2921 
18 2922 2923 2924 2925 2926 2927 2928 2929 9 2930 2931 2932 2933 2934 2935 2936 2937 2938 
17 2939 2940 2941 9 2942 2943 2944 2945 2946 2947 2948 2949 2950 2951 2952 2953 2954 
28 2955 2956 2957 2958 2959 2960 2961 2962 2963 2964 2965 9 2966 2967 2968 2969 2970 2971 2972 2973 2974 2975 2976 2977 2978 2951 2979 2980 
15 2981 2982 2983 2984 2985 2986 9 2987 2988 2989 2990 2991 2992 2993 2994 
13 2995 2996 2997 155 2998 2999 9 3000 3001 3002 3003 3004 3005 
21 3006 3007 3008 3009 3010 3011 3012 3013 3014 3015 3016 9 3017 3018 3019 3020 3021 3022 3023 3024 3025 
26 3026 3027 3028 3029 3030 3031 33 3032 3033 3034 3035 3036 9 3037 3038 3039 3040 3041 3042 3043 3044 3045 3046 3047 3048 3049 
17 3050 3051 3052 152 2984 3053 3054 3055 3056 3057 9 3058 3059 3060 3061 3062 3063 
23 3064 3065 3066 3067 3068 3069 3070 3071 3072 3073 9 3074 3075 3076 3077 3078 3079 3080 3081 3082 3083 3084 3085 
24 3086 3087 3088 3089 3090 3091 3092 3093 3094 3095 3096 3097 3098 3099 9 3100 3101 1610 3102 2876 3103 3104 3105 3106 
26 3107 3108 3109 3110 3111 3112 3113 3114 3115 3116 3117 9 3118 3119 3120 3121 3122 3123 3124 3125 3126 3127 3128 3129 3130 3131 
20 3132 3133 3134 3135 3136 3137 3138 3139 3140 3141 3142 9 3143 3144 3145 3146 3147 3148 3149 3150 
17 3151 3152 3153 3154 1887 3155 3156 3157 9 3158 3159 1834 3160 3161 3162 3163 1010 
16 3164 3165 3166 3167 3168 3169 3170 3171 9 3172 3173 3174 3175 3176 3177 3178 
15 3179 3180 3181 3182 3183 3184 3185 9 3186 3187 3188 3189 3190 3191 3192 
17 3193 3194 3195 3196 3197 3198 3199 9 3200 3201 3202 3203 3204 3205 3206 3207 3208 
22 3209 3210 3211 3212 3213 3214 3215 3216 1621 383 3217 9 3218 2525 3219 2753 3220 3221 3222 3223 3224 3225 
18 3226 3227 3228 3229 3230 3231 3232 3233 9 3234 1656 3235 3236 3237 3238 3239 3240 3241 
19 3242 3243 3244 3245 3246 3247 3248 9 3249 3250 3251 3252 3253 3254 3255 3256 3257 3258 3259 
21 3260 3261 3262 3263 3264 3265 3266 3267 3268 3269 3270 3271 9 3272 3273 3274 3275 3276 3277 3278 3279 
21 3280 3281 3282 3283 3284 3285 2831 9 3286 3287 3288 3289 3290 3291 3292 3293 3294 3295 3296 3297 3298 
23 3299 3300 3301 3302 3303 3304 3305 3306 3307 513 3308 3309 3310 3311 3312 9 3313 3314 3315 3316 3317 3318 3319 
12 3320 3321 3322 3323 3324 3325 9 3326 3327 3328 3329 3330 
17 3331 3332 3333 3334 3335 3336 3337 9 3286 3338 3339 3340 3341 3342 3343 3344 3345 
16 3346 3347 3348 3349 3350 3351 3352 9 3353 3354 3355 3356 3357 3358 3359 3360 
28 3361 3362 3363 3364 3365 3366 3367 3368 9 3369 3370 3371 3372 3373 3374 3375 3376 3377 3378 3379 3380 3381 3382 3383 3384 3385 3386 3387 
21 3388 3389 3390 3391 3392 3393 3394 10 3395 3396 3397 3398 3399 3400 3401 3402 3403 3404 3405 3406 3407 
23 3408 3409 3410 3411 3412 3413 3414 3415 3416 3417 3418 10 3419 3420 3421 3422 3423 3424 3425 3426 3427 3428 3429 
14 3430 3431 3432 3433 3434 3435 3436 10 3437 3438 3439 3440 3441 3442 
28 3443 3444 3445 3446 3447 3448 3449 3450 984 3451 3452 10 3453 3454 3455 3456 3457 3458 3459 3460 3461 3462 3463 3464 3465 3466 3467 3468 
14 3469 3470 3471 10 3472 3473 3474 3475 3476 3477 3478 3479 3480 3481 
19 3482 3483 10 3484 3485 3486 3487 3488 3489 3490 3491 3492 3493 3494 3495 3496 3497 3498 3499 
21 3500 3501 3502 3503 3504 3505 3506 10 3507 3508 3509 3510 3511 3512 3513 3514 3515 3516 3517 3518 3519 
19 3520 3521 3522 3523 3524 3525 3526 3527 3528 3529 3530 3531 10 3532 3533 3534 3535 3536 3537 
11 3538 3539 3540 3541 3542 3543 10 3544 3002 3545 3546 
30 3547 3548 3549 3550 3551 3552 3553 3554 3555 3556 3557 3558 3559 10 3560 3561 3562 3563 3564 3565 3566 3567 3568 3569 3570 3571 3572 3573 3574 3575 
17 3576 3577 3578 3579 3580 3581 10 3582 3583 3584 3585 3586 3587 3588 3589 3590 3591 
25 3592 3593 3594 3595 3596 3597 3598 10 3599 3600 3601 3602 3603 3604 3605 3606 3607 3608 3609 3610 3611 3612 3613 3614 3615 
18 3616 998 3617 10 3618 3619 3620 3621 3622 3623 1289 3624 3625 3626 3627 3628 3629 3630 
19 3631 3632 3633 3634 3635 3636 3637 3638 3639 10 3640 3641 3642 3643 3644 3645 3646 3647 3648 
25 3649 3650 3651 3652 3653 3654 3655 3656 3657 3658 3659 3660 3661 3662 10 3663 3664 3665 3666 3667 3668 3669 3670 3671 3672 
17 3673 3674 3675 3676 3677 3678 10 3679 3680 3681 3682 3683 3684 3685 3686 3687 3688 
22 1295 3689 3690 3691 3692 3693 3694 3695 3696 3697 3698 3699 3700 10 3701 3702 3703 3704 3705 3706 3707 3708 
23 3709 3710 3711 3712 3713 3714 3715 3716 3717 3718 10 3719 3720 3721 3722 3723 3724 3725 3726 3727 3728 3729 3730 
19 3731 3732 3733 3734 3735 3736 3737 3738 3739 3740 10 3741 3742 3743 3744 3745 3746 3747 3748 
30 3749 3750 3751 3752 3753 3754 3755 3756 3757 3758 3759 3760 3761 3762 10 3763 3764 3765 3766 3767 3768 3769 3770 3771 3772 3773 3774 3775 3776 3777 
20 3778 3779 3780 3781 3782 3783 3784 3785 11 3786 1547 3787 3788 3789 3790 3791 3792 3793 3794 3795 
16 3796 3797 3798 3799 3800 3801 11 3802 3803 3804 3805 3806 3807 1663 3808 3809 
25 3810 3811 3812 3813 3814 3815 3816 2209 3817 3818 3819 3820 11 3821 3822 3823 3824 3825 3826 3827 3828 3829 3830 3831 3832 
16 3833 3834 3835 3836 3837 3838 3839 3840 3841 11 3842 3843 3844 3845 3846 3847 
22 3848 3849 3850 3851 3852 1713 3853 3854 3855 1829 3856 3857 11 3858 3859 3860 3861 3862 1703 3863 3864 3865 
16 3866 3867 3868 3869 3870 3871 3872 3873 3874 11 3875 3876 3877 3878 3879 3880 
22 3881 3882 3883 3884 3885 555 3886 3887 11 3888 3889 3890 1089 3891 3892 3893 3894 3895 3896 3897 1614 3898 
28 3899 3900 3901 3902 3903 3904 3905 3906 3907 3908 3909 580 3910 11 3911 3912 3913 3914 1678 3915 3916 3917 3918 1664 3919 3920 3921 3922 
12 3923 3924 3925 3926 3927 3928 3929 11 3930 3931 3932 3933 
19 3934 3935 3936 218 3937 3938 3939 3940 3941 3942 3943 11 3944 3945 3946 3947 3948 3949 3950 
20 3951 3952 3953 3954 3955 3956 3957 3958 11 3959 3960 3961 3962 3963 3829 3964 3965 3966 3967 3968 
18 3969 3970 3971 3972 895 3973 3974 3975 3976 3977 11 3978 3979 3980 3981 3982 3983 3984 
26 3985 3986 3987 3988 3989 3990 3991 3992 3993 3416 3994 3995 11 3996 3997 3998 3999 4000 4001 4002 4003 4004 4005 4006 4007 4008 
24 4009 4010 4011 4012 4013 4014 4015 4016 4017 4018 4019 4020 4021 11 4022 4023 4024 4025 4026 4027 234 1484 4028 4029 
23 4030 4031 4032 4033 4034 4035 4036 11 4037 4038 4039 2344 4040 4041 4042 4043 4044 4045 4046 4047 4048 4049 4050 
22 4051 4052 4053 4054 4055 4056 4057 4058 4059 4060 4061 4062 11 4063 4064 4065 4066 4067 4068 4069 2880 4070 
31 4071 4072 4073 4074 4075 4076 4077 4078 4079 4080 4081 4082 4083 4084 4085 4086 4087 4088 11 4089 4090 4091 4092 4093 4094 4095 4096 4097 4098 4099 4100 
19 4101 4102 4103 4104 4105 11 2942 4106 4107 4108 4109 4110 4111 4112 4113 4114 4115 4116 4117 
21 4118 4119 4120 4121 4122 4123 4124 11 4125 4126 4127 2309 4128 4129 4130 4131 4132 4133 4134 4135 4136 
20 4137 4138 4139 4140 4141 4142 4143 4144 4145 4146 4147 4148 11 3145 4149 4150 4151 4152 4153 4154 
25 4155 4156 4157 4158 4159 4160 4161 4162 4163 4164 4165 4166 11 4167 4168 4169 741 4170 4171 4172 4173 4174 4175 4176 4177 
26 4178 4179 4180 4181 4182 4183 4184 4185 4186 4187 4188 4189 4190 4191 4192 4193 12 4194 4195 4196 4197 4198 4199 4200 4201 2518 
18 4202 4203 4204 4205 4206 4207 4208 4209 4210 4211 12 4212 4213 4214 4215 4216 4217 4218 
29 4219 4220 4221 4222 4223 4224 4225 4226 4227 4228 4229 4230 4231 4232 4233 4234 4235 4236 12 4237 4238 4239 4240 4241 4242 4243 4244 4245 4246 
22 4247 4248 4249 4250 4251 4252 3153 4253 4254 4255 4256 4257 203 4258 4259 12 4260 4261 4262 4263 4264 4265 
27 4266 4267 4268 1748 2726 4269 4270 4271 4272 4273 4274 3350 4275 1432 4276 4277 12 4278 4279 4280 4281 4282 4283 4284 4285 4286 4287 
21 4288 4289 4290 4291 4292 4293 4294 4295 4296 4297 4298 4299 4300 4301 4302 4303 4304 4305 12 4306 4307 
18 4308 1077 4309 4310 4311 4312 4313 4314 4315 4316 4317 4318 4319 12 4320 4321 4322 4323 
19 4324 4325 4326 4327 4328 4329 4330 4331 4332 4333 4334 4335 12 4336 4337 4338 4339 4340 4341 
26 4342 4343 4344 4345 4346 4347 4348 4349 4350 4351 4352 4353 4354 4355 4356 4357 4358 12 4359 4360 4361 4362 4363 4364 4365 4366 
20 4367 4368 4369 4370 4371 4372 4373 4374 4375 12 4376 4377 4378 4379 4380 4381 4382 4383 4384 4385 
20 4386 4387 1808 891 4388 4389 4390 4391 4392 4393 4394 4395 4396 12 4397 4398 4399 4400 4401 4402 
17 4403 4404 4405 4406 4407 4408 4409 4410 4411 12 4412 4413 4414 4415 3774 4416 4417 
24 4418 4419 4420 4421 4422 4423 4424 4425 4426 4427 4428 4429 12 4430 4431 4432 4433 4434 4435 4436 4437 4438 4439 4440 
20 4441 4442 4443 4444 4445 4446 4447 4448 4449 4450 12 4451 4452 1781 4453 4454 4455 4456 4457 4458 
19 4459 4460 4461 4462 4463 1559 4464 4465 4466 12 4467 4361 4468 4469 4470 4471 4472 4473 4474 
23 2683 4475 4476 4477 4478 4479 4480 4481 4482 4483 4484 4485 4486 4487 12 4488 272 4489 4490 4491 4492 4493 4494 
22 4495 4496 4497 4498 4499 4500 4501 4502 12 4503 4504 4505 4506 4507 4508 4509 4510 4511 4512 4513 4514 4515 
32 4516 4517 4518 4519 4520 4521 4522 4523 4524 4525 4526 4527 4528 4529 4530 3398 12 1112 4531 4532 4533 4534 4535 4536 4537 4538 1096 4539 4540 4541 4542 4341 
22 4543 4544 4545 4546 4547 4548 4549 4550 4551 4552 4553 818 4554 12 4555 4556 4557 4558 1285 4559 4560 4561 
29 4562 259 4563 4564 4421 4565 4566 4567 4568 4569 4570 4571 4572 12 4573 207 4574 4575 4576 4577 4578 4579 4580 4581 4582 4583 4584 4585 4586 
27 4587 4588 4589 4590 4591 4592 4593 4594 4595 4596 4597 4598 4599 4600 4601 4602 4603 4604 4605 13 4606 4607 4608 4609 729 4610 4611 
22 4612 4613 4614 4615 552 4616 4617 4618 4126 4619 4620 13 4621 4622 4623 4624 4625 4626 4627 4628 4629 4630 
23 4631 4632 4633 4634 4635 4636 4637 4638 4639 4640 4641 4642 4643 4644 4645 13 4646 4647 4648 4649 4650 4651 4652 
17 4653 4654 4655 4656 4657 4658 4659 4660 3274 4661 4662 13 4663 4664 4665 4666 4667 
17 4668 4669 4670 4671 4672 4673 4674 1248 4675 4676 4677 2949 13 4678 4679 4680 4681 
21 4682 4683 4684 4685 4686 4687 4688 4689 4690 4691 4692 4693 4694 4695 4696 4697 2546 4698 4699 13 4700 
3 13 4005 2248 
1 13 
4 2109 1385 3172 13 
2 13 543 
4 3417 3238 3979 13 
1 13 
1 13 
1 13 
1 13 
1 13 
2 13 2059 
3 2610 3375 13 
2 765 13 
3 1185 418 13 
2 4349 14 
3 1775 14 1459 
2 4251 14 
4 3226 1267 14 1416 
4 3424 14 45 234 
4 4591 2039 14 594 
2 4518 14 
2 712 14 
1 14 
1 14 
2 2444 14 
2 14 2331 
1 14 
3 3576 3677 14 
3 443 960 14 
3 1481 14 367 
1 14 
3 2659 14 230 
2 14 3644 
3 4691 14 4262 
5 2182 14 3668 2768 2226 
1 14 
1 15 
1 15 
2 2327 15 
1 15 
1 15 
1 15 
1 15 
2 15 2502 
1 15 
2 15 1596 
1 15 
2 117 15 
2 405 15 
1 15 
3 3413 2001 15 
1 15 
1 15 
2 348 15 
2 15 1422 
1 16 
2 1209 16 
3 4204 4001 16 
2 1369 16 
2 316 16 
1 16 
1 16 
4 2444 1672 2919 16 
1 16 
2 16 4099 
1 16 
2 79 16 
1 16 
3 933 483 16 
1 16 
2 16 2376 
2 3155 16 
2 17 1804 
3 1883 3560 17 
2 3230 17 
3 300 4598 17 
2 598 17 
1 17 
3 1217 3771 17 
2 1320 17 
1 17 
3 1923 2539 17 
1 17 
1 17 
3 1961 17 930 
1 17 
2 2865 17 
2 17 2315 
3 1884 945 17 
4 18 732 3619 2752 
2 18 2058 
1 18 
1 18 
2 18 681 
4 18 2448 4526 1371 
1 18 
4 18 1557 388 3824 
2 18 3137 
1 18 
1 18 
2 18 4474 
1 18 
3 18 3449 2836 
1 18 
3 18 2089 766 
1 18 
1 18 
2 19 294 
2 19 1399 
3 19 4480 4695 
3 19 3724 496 
2 19 3169 
1 19 
2 19 2012 
2 19 3706 
2 19 3243 
1 19 
1 19 
1 19 
1 19 
1 19 
2 19 2745 
2 135 19 
3 19 2163 707 
1 19 
2 19 2871 
2 19 270 
3 19 2594 370 
2 19 1746 
4 19 1660 538 368 
2 1806 19 
2 19 4537 
3 19 138 1604 
2 19 4580 
1 19 
2 20 581 
4 20 1222 737 1531 
2 20 3127 
1 20 
3 20 2904 1372 
1 20 
1 20 
3 20 2318 164 
2 20 4320 
2 20 1351 
1 20 
1 20 
5 20 2071 337 493 4100 
3 20 1482 2681 
2 20 952 
3 4386 20 3345 
1 20 
2 20 3615 
3 20 3769 2578 
1 20 
1 20 
2 20 1736 
1 20 
2 20 1356 
1 20 
3 20 697 4385 
2 20 4555 
1 21 
2 21 4415 
3 21 289 642 
2 21 2261 
2 21 2347 
1 21 
2 1673 21 
5 21 737 2215 61 2079 
3 3635 21 3060 
5 480 2924 21 1305 2510 
1 21 
2 2461 21 
2 21 3716 
2 21 1946 
2 22 4366 
3 22 4584 254 
1 22 
2 22 3570 
2 22 4611 
1 22 
1 22 
1 22 
1 22 
3 22 3564 2420 
1 22 
2 1666 22 
3 22 3325 1415 
1 22 
1 22 
2 2089 22 
3 22 1480 1164 
5 22 3890 2891 1529 4400 
1 22 
1 22 
2 3037 23 
1 23 
2 3923 23 
2 23 853 
2 2159 23 
1 23 
3 1040 23 269 
1 23 
2 4236 23 
1 23 
2 596 23 
3 4039 23 474 
1 23 
1 23 
2 52 23 
2 1586 23 
1 23 
2 23 2222 
2 2892 23 
1 23 
3 2797 23 2698 
1 23 
2 4143 24 
2 4424 24 
1 24 
1 24 
2 710 24 
2 24 1358 
2 1479 24 
1 24 
2 131 24 
3 3576 1980 24 
1 24 
1 24 
1 24 
2 24 4242 
1 24 
2 448 24 
1 24 
3 3856 24 2436 
3 95 2931 25 
1 25 
1 25 
3 412 25 3846 
3 3652 4278 25 
1 25 
3 3753 25 309 
1 25 
1 25 
2 4553 25 
1 25 
2 4451 25 
4 4441 25 65 3898 
2 4419 25 
2 4317 25 
2 2811 25 
2 388 25 
3 1843 25 1340 
2 25 3574 
7 547 795 351 3220 2243 25 1097 
1 25 
2 25 3163 
3 1939 25 3387 
1 25 
1 25 
3 3245 635 25 
2 1997 25 
2 25 1179 
3 2506 3432 26 
1 26 
3 715 2676 26 
3 4085 26 2262 
2 4448 26 
2 2414 26 
1 26 
2 1394 26 
4 2282 4300 169 26 
1 26 
2 4619 26 
2 26 3191 
2 26 88 
2 3754 26 
2 26 4217 
4 560 1872 4171 26 
2 26 1841 
2 1940 26 
2 1434 26 
1 26 
1 27 
1 27 
1 27 
1 27 
2 3352 27 
1 27 
1 27 
2 3162 27 
2 3123 27 
1 27 
2 1691 27 
2 3069 27 
2 52 27 
2 27 370 
2 1270 27 
2 3266 27 
1 27 
3 27 869 648 
3 244 3933 27 
3 1302 134 28 
3 695 4209 28 
3 2769 4286 28 
2 496 28 
2 2649 28 
2 1025 28 
2 1514 28 
3 2282 2895 28 
2 236 28 
2 3602 28 
1 28 
3 200 1961 28 
2 764 28 
2 2070 28 
2 2267 28 
1 28 
4 98 3401 520 28 
1 28 
1 28 
1 28 
1 28 
1 28 
1 28 
2 1440 28 
1 28 
1 28 
3 3940 1701 28 
2 4554 28 
3 689 29 3966 
2 29 1412 
3 29 2252 2870 
2 29 79 
2 29 4134 
3 29 1376 3319 
3 29 3333 1162 
1 29 
3 1988 29 201 
2 376 29 
2 29 985 
1 29 
2 29 1542 
1 29 
2 29 4073 
1 29 
1 29 
2 29 3869 
1 29 
1 29 
1 29 
1 29 
3 29 260 3570 
3 29 4502 846 
4 1512 30 447 3628 
2 30 3329 
3 4074 30 317 
3 3652 30 960 
3 1298 30 4350 
1 30 
1 30 
4 30 1829 1892 80 
3 30 1714 2016 
3 30 4095 3688 
1 30 
4 3347 3525 30 1712 
1 30 
2 30 4113 
1 30 
1 30 
3 30 758 685 
3 2379 30 3998 
3 2722 30 4154 
2 30 1796 
3 3430 4686 30 
2 30 4261 
1 31 
1 31 
1 31 
1 31 
1 31 
3 1259 31 1117 
2 31 3153 
2 1825 31 
2 31 1716 
1 31 
2 31 4449 
3 1771 31 2026 
1 31 
4 31 3557 2589 872 
1 31 
3 31 2862 3422 
1 31 
3 31 3140 502 
1 31 
2 32 3617 
2 32 645 
2 32 2038 
1 32 
1 32 
3 4516 405 32 
1 32 
1 32 
2 638 32 
1 32 
1 32 
5 32 3819 3766 1132 542 
4 2400 3167 32 1447 
2 32 752 
2 33 1856 
3 1809 33 4176 
1 33 
2 2883 33 
1 33 
1 33 
2 33 3932 
1 33 
2 33 4397 
4 1063 33 1039 1774 
4 1601 33 1434 2945 
3 96 33 3319 
2 33 2773 
2 33 2652 
1 33 
1 33 
1 33 
2 33 4426 
1 33 
3 33 1915 671 
2 33 670 
1 34 
3 34 4284 4458 
2 34 2167 
2 34 3770 
4 4562 34 1831 3359 
2 34 4276 
1 34 
1 34 
2 34 1451 
2 334 34 
2 34 2695 
2 34 4067 
3 34 1853 2118 
2 34 612 
2 34 2077 
1 34 
2 35 3876 
2 572 35 
1 35 
1 35 
2 2231 35 
1 35 
1 35 
2 545 35 
2 736 35 
3 35 3291 401 
2 35 2226 
2 35 3767 
3 1405 35 2565 
3 35 2181 2975 
3 35 2752 1419 
2 4518 35 
1 35 
2 715 35 
1 35 
4 4163 35 2410 364 
3 4016 36 1313 
2 36 4232 
2 463 36 
1 36 
3 36 262 4067 
2 36 4608 
4 3974 36 2161 2615 
3 507 36 705 
3 2570 953 36 
1 36 
2 36 4233 
1 36 
2 36 1635 
2 36 1836 
1 36 
2 36 3085 
1 36 
1 36 
1 36 
1 36 
2 1904 36 
3 235 36 2909 
2 36 2857 
2 3540 36 
2 330 37 
3 37 1582 860 
2 37 2951 
1 37 
3 696 37 2215 
3 377 37 410 
5 1746 37 2298 1565 4662 
4 3446 37 4337 4152 
2 37 1458 
4 938 37 4364 214 
3 4253 37 4532 
2 4031 37 
2 37 831 
2 37 2419 
4 4632 894 841 37 
2 2702 37 
4 2043 37 2097 4003 
1 37 
1 37 
1 37 
4 4138 3034 37 650 
3 2581 3031 38 
1 38 
3 3925 38 1311 
1 38 
1 38 
2 38 612 
1 38 
3 38 2706 3313 
1 38 
2 38 1071 
3 2155 3266 38 
3 556 38 2619 
3 2267 38 253 
2 38 345 
2 38 2001 
1 38 
1 38 
1 38 
4 1644 1366 38 3499 
1 38 
2 38 3874 
3 38 2735 2227 
2 2912 38 
1 39 
2 39 2392 
1 39 
1 39 
2 3558 39 
1 39 
1 39 
1 39 
2 39 1375 
1 39 
2 3733 39 
2 797 39 
1 39 
3 3690 1408 39 
2 1971 39 
2 4209 40 
2 4166 40 
1 40 
1 40 
2 40 496 
3 3337 40 2914 
3 2963 40 787 
3 3848 3799 40 
1 40 
3 70 40 1662 
1 40 
1 40 
1 40 
4 4009 40 4092 4608 
1 40 
2 1648 40 
1 40 
1 41 
3 41 1047 3648 
3 1554 41 3377 
1 41 
2 1405 41 
2 41 2412 
2 3284 41 
3 922 41 2433 
4 41 3406 1121 2151 
3 952 41 2761 
2 41 233 
1 41 
1 41 
1 41 
2 1295 41 
1 41 
2 41 2197 
2 41 1614 
1 41 
1 41 
1 41 
1 41 
1 41 
2 41 744 
2 41 4379 
1 41 
1 41 
2 41 2307 
2 41 3496 
3 4078 1848 42 
3 3520 42 4360 
3 2859 42 2140 
2 2413 42 
2 42 746 
1 42 
2 1478 42 
1 42 
2 42 1741 
2 42 595 
1 42 
3 2264 4288 42 
4 1929 42 3572 2879 
1 42 
1 42 
2 2210 42 
2 440 42 
4 1037 4482 42 1700 
2 43 4432 
2 43 3295 
2 43 1255 
4 4645 43 1736 1948 
2 2176 43 
2 733 43 
1 43 
1 43 
3 1371 2573 43 
2 1274 43 
2 2451 43 
4 2321 43 1875 4585 
1 43 
1 43 
3 2749 43 542 
1 43 
1 43 
2 43 631 
1 44 
1 44 
2 1245 44 
1 44 
1 44 
2 44 2436 
1 44 
3 3935 2090 44 
2 3858 44 
3 1468 44 4045 
2 44 4286 
1 44 
1 44 
1 44 
1 44 
2 44 2202 
1 44 
2 3679 45 
3 225 4700 45 
1 45 
1 45 
2 746 45 
3 1726 205 45 
3 4425 1047 45 
2 3004 45 
2 1388 45 
1 45 
1 45 
3 4469 45 3495 
4 2400 3506 1330 45 
1 45 
2 4655 45 
1 45 
3 907 4557 45 
4 2177 2069 906 45 
2 4275 45 
1 45 
2 1454 45 
1 45 
2 3592 45 
1 45 
2 974 45 
1 45 
1 46 
1 46 
2 2496 46 
2 46 2281 
2 46 2994 
1 46 
2 815 46 
1 46 
1 46 
1 46 
1 46 
2 1654 46 
4 3311 3004 2350 46 
3 2799 46 1196 
2 325 46 
1 46 
3 2541 1146 46 
2 309 47 
2 4150 47 
1 47 
1 47 
1 47 
2 741 47 
2 3662 47 
3 3561 47 1466 
2 1755 47 
2 3299 47 
1 47 
2 4622 47 
3 62 47 329 
2 1115 47 
2 3935 47 
1 47 
1 48 
1 48 
2 3449 48 
5 1604 817 3400 390 48 
4 100 716 1055 48 
3 1045 1737 48 
1 48 
2 2585 48 
2 48 2720 
2 2521 48 
1 48 
4 599 2429 269 48 
2 1585 48 
2 1333 48 
1 48 
2 48 4307 
2 3144 48 
2 2890 48 
2 1365 48 
1 48 
1 48 
3 4612 3756 48 
3 1404 2856 48 
3 2208 3744 48 
1 49 
2 914 49 
2 3578 49 
2 3541 49 
3 3412 3771 49 
1 49 
1 49 
1 49 
1 49 
1 49 
2 4591 49 
4 177 3295 2224 49 
4 1772 582 2677 49 
3 997 3227 49 
2 2947 49 
2 2087 49 
3 1228 2980 49 
1 49 
3 4685 2626 49 
1 49 
1 49 
4 3716 4425 1734 50 
1 50 
1 50 
2 986 50 
3 186 4262 50 
1 50 
3 1210 2003 50 
2 2516 50 
1 50 
2 1350 50 
2 3393 50 
1 50 
2 1041 50 
1 50 
1 50 
3 2871 1352 50 
3 160 3487 50 
2 3104 50 
3 4534 1396 50 
2 51 3986 
3 51 1590 2604 
1 51 
2 51 4309 
3 51 2047 2131 
1 51 
1 51 
1 51 
2 51 1082 
1 51 
3 51 1676 2653 
1 51 
3 51 549 4580 
2 51 2941 
1 51 
1 51 
2 51 3648 
1 51 
2 51 3289 
2 51 1392 
2 51 3022 
2 51 2342 
1 52 
1 52 
2 52 854 
4 52 3841 2115 3809 
3 52 660 3160 
2 52 443 
4 52 1777 2944 1006 
1 52 
3 52 1479 4454 
3 52 3167 1270 
2 52 954 
2 52 2855 
3 52 809 896 
2 52 2466 
1 52 
1 52 
1 52 
1 52 
2 52 2818 
2 52 1058 
2 52 953 
2 52 1119 
3 52 4380 3624 
2 52 1054 
2 52 4045 
1 52 
2 53 2261 
2 53 2731 
2 53 660 
1 53 
3 2084 53 4196 
2 53 2915 
1 53 
3 4631 53 4480 
1 53 
2 53 1981 
4 53 762 2339 2965 
2 53 1312 
1 53 
1 53 
2 53 2134 
1 53 
3 54 221 4319 
1 54 
1 54 
1 54 
1 54 
3 54 3798 1021 
1 54 
1 54 
3 1488 54 2256 
2 54 2760 
2 54 1937 
3 3411 54 3815 
2 54 200 
1 54 
3 54 1556 3044 
1 54 
2 54 1626 
2 54 3644 
1 54 
3 2775 54 232 
2 54 496 
1 54 
1 54 
2 55 110 
2 55 1302 
1 55 
3 55 2893 3946 
1 55 
2 55 3274 
1 55 
2 4250 55 
3 55 1672 1350 
2 55 1665 
2 3811 55 
2 55 2238 
6 3549 55 2809 1569 2004 232 
1 55 
2 55 4145 
2 55 946 
2 55 1840 
3 623 55 2341 
1 55 
2 55 1056 
3 1644 55 2370 
2 55 816 
4 55 3188 3585 1397 
1 56 
2 56 3679 
1 56 
2 56 1754 
1 56 
2 1293 56 
2 2940 56 
2 4614 56 
2 56 2837 
4 56 2167 648 3949 
1 56 
1 56 
2 56 2058 
3 56 3506 1657 
4 4082 57 1568 3025 
1 57 
2 57 3916 
1 57 
2 57 4338 
2 57 4599 
1 57 
1 57 
3 2088 57 3019 
2 57 932 
1 57 
2 2984 57 
1 57 
1 57 
1 57 
2 57 2060 
3 1446 57 1959 
2 2405 57 
2 57 2976 
1 57 
2 3110 57 
1 57 
1 57 
1 57 
1 57 
6 578 57 3872 4092 3725 2152 
1 57 
4 3051 2571 57 433 
1 58 
2 58 3076 
2 58 3023 
1 58 
3 4475 58 1562 
1 58 
2 3674 58 
2 58 3804 
1 58 
1 58 
3 3654 58 1725 
3 1365 58 2240 
1 58 
2 58 1715 
2 58 504 
1 58 
2 59 1285 
2 59 1881 
1 59 
2 3710 59 
3 59 2914 254 
2 59 2328 
2 59 4511 
2 59 3769 
2 59 3276 
3 59 4238 3221 
2 59 2706 
1 59 
1 59 
4 1346 4252 59 1910 
3 3954 59 3507 
4 59 2048 2128 929 
1 59 
1 60 
1 60 
2 2085 60 
2 60 2841 
1 60 
1 60 
3 3778 60 4529 
2 1689 60 
2 60 3175 
1 60 
2 2406 60 
2 297 60 
2 1000 60 
1 60 
1 60 
1 60 
1 60 
1 60 
3 3392 60 1663 
2 319 61 
1 61 
2 1781 61 
1 61 
2 4305 61 
2 377 61 
1 61 
1 61 
1 61 
1 61 
4 3782 4551 61 1551 
4 1299 4617 61 989 
4 1293 3971 61 1737 
1 61 
1 61 
2 61 3981 
2 61 4284 
2 4564 61 
2 1582 61 
2 3509 61 
1 61 
1 61 
4 4403 4021 62 1553 
1 62 
2 3087 62 
2 4236 62 
2 62 3477 
3 2929 1915 62 
3 1600 875 62 
2 62 4646 
2 62 3078 
2 239 62 
2 3978 62 
3 3141 2304 62 
1 62 
2 1264 62 
1 62 
1 62 
2 857 62 
2 3978 63 
2 4030 63 
1 63 
3 623 4465 63 
2 3722 63 
2 1789 63 
2 1382 63 
3 1628 63 2289 
4 4279 63 1252 4680 
2 2463 63 
1 63 
2 258 63 
1 63 
1 63 
4 1044 4557 63 539 
2 2686 63 
3 2614 64 3880 
1 64 
3 3853 864 64 
4 3471 4550 3726 64 
1 64 
2 4411 64 
1 64 
2 64 3648 
1 64 
2 3584 64 
1 64 
1 64 
4 2957 4565 1692 64 
3 1181 64 233 
1 64 
3 3222 64 3573 
3 4261 1460 64 
3 186 64 3489 
2 2503 64 
2 4297 64 
2 64 2818 
3 1128 1229 65 
3 3304 65 2739 
3 822 190 65 
2 3581 65 
2 2322 65 
3 600 3288 65 
3 1717 1228 65 
1 65 
1 65 
3 544 1101 65 
2 65 3495 
2 2497 65 
2 412 65 
3 1433 65 3438 
1 65 
1 65 
2 65 2291 
1 65 
2 755 65 
4 3753 65 1072 2041 
2 708 65 
2 3754 65 
2 1557 65 
1 66 
2 2859 66 
2 3634 66 
1 66 
2 320 66 
2 3636 66 
1 66 
1 66 
2 66 4649 
3 2556 66 1639 
1 66 
1 66 
1 66 
1 66 
3 4206 902 66 
2 66 3440 
1 66 
3 2356 962 66 
1 66 
2 2710 66 
1 66 
1 66 
3 3411 132 66 
2 2713 66 
2 494 66 
3 85 66 3516 
3 2927 1760 66 
3 3270 4357 66 
1 67 
1 67 
2 1194 67 
1 67 
1 67 
1 67 
3 1108 1003 67 
2 385 67 
3 2402 1009 67 
2 67 4117 
2 3726 67 
4 2910 2299 1529 67 
2 399 67 
1 67 
4 3924 464 2180 67 
1 67 
2 3942 68 
1 68 
2 2767 68 
1 68 
3 4603 2439 68 
5 4346 967 1176 2150 68 
4 4496 3286 771 68 
1 68 
2 1588 68 
2 299 68 
1 68 
3 335 863 68 
4 380 2784 4537 68 
2 68 4339 
1 68 
3 784 1724 68 
2 577 68 
2 68 3129 
2 1946 68 
1 68 
3 69 3600 4195 
2 69 4430 
2 69 1262 
3 69 1489 2974 
1 69 
4 69 243 3355 3864 
2 69 2726 
1 69 
2 69 898 
1 69 
2 69 2186 
1 69 
2 69 1032 
1 69 
3 69 4592 512 
4 69 2145 2416 2139 
3 69 3958 1012 
2 69 1122 
2 69 2740 
6 69 349 1520 1891 90 3968 
1 69 
1 69 
1 69 
3 70 2588 2186 
3 3973 70 971 
4 3411 70 812 700 
1 70 
1 70 
2 70 789 
1 70 
1 70 
3 4142 70 3685 
5 573 1810 70 4279 2172 
2 70 2967 
1 70 
4 3412 70 429 2720 
3 258 70 3355 
2 4520 70 
1 70 
3 70 1914 702 
1 70 
4 70 4466 4489 4286 
2 70 295 
1 70 
2 71 3161 
1 71 
1 71 
2 71 3916 
1 71 
3 71 4410 2378 
2 3850 71 
2 71 4100 
2 219 71 
2 71 1306 
3 71 661 523 
1 71 
1 71 
1 71 
2 71 2081 
3 71 2832 3293 
2 71 567 
2 71 2304 
3 3785 71 4385 
2 72 1604 
3 2448 72 3398 
2 72 2818 
3 72 1153 2898 
3 72 4661 649 
3 72 2053 2247 
2 98 72 
2 72 2980 
3 72 680 2640 
1 72 
3 4289 72 3003 
3 72 910 4437 
2 72 3997 
1 72 
2 2110 72 
2 72 740 
4 256 72 2263 2397 
2 72 1288 
1 72 
2 72 3191 
2 72 4494 
1 72 
1 72 
2 72 940 
2 72 2810 
2 882 73 
2 73 3437 
1 73 
1 73 
2 73 3225 
3 73 1871 2605 
1 73 
2 73 2669 
1 73 
2 1515 73 
5 3904 2589 843 73 2670 
3 465 73 1043 
3 2120 73 433 
3 73 270 2937 
2 73 389 
2 73 1675 
3 2158 73 207 
1 73 
2 73 2472 
1 74 
3 1085 74 2171 
2 1383 74 
2 74 3682 
2 74 1524 
3 3056 74 4130 
1 74 
1 74 
1 74 
3 74 3822 3256 
1 74 
1 74 
2 1603 74 
1 74 
2 74 3454 
2 1751 74 
1 74 
3 2403 74 2673 
2 3434 74 
1 74 
1 74 
1 74 
1 75 
2 75 2367 
1 75 
2 596 75 
1 75 
2 550 75 
3 4635 1477 75 
2 4297 75 
1 75 
3 4475 75 4004 
1 75 
3 3899 75 1399 
2 75 4151 
1 75 
1 75 
2 1491 75 
1 75 
1 75 
1 75 
2 75 2333 
4 75 434 2223 1355 
1 75 
3 377 1692 75 
3 4463 75 1840 
3 3907 75 2720 
2 75 3473 
1 75 
1 75 
1 76 
2 76 3875 
1 76 
1 76 
1 76 
2 584 76 
1 76 
1 76 
7 2535 4461 2161 76 2132 2105 2773 
1 76 
3 2107 194 76 
1 76 
2 3838 76 
1 76 
3 2522 76 1227 
1 76 
2 1239 76 
3 810 77 2768 
1 77 
2 77 1091 
4 337 1995 77 1315 
1 77 
2 77 229 
1 77 
1 77 
3 1169 2649 77 
2 77 2857 
1 77 
3 4118 77 738 
1 77 
1 77 
2 1137 77 
2 77 1112 
1 77 
1 77 
2 4596 77 
1 77 
1 77 
2 2588 78 
1 78 
3 2644 3938 78 
1 78 
3 3885 4078 78 
1 78 
1 78 
3 733 78 1235 
2 2906 78 
4 3231 78 4366 2204 
3 78 961 4609 
3 4694 78 452 
2 123 78 
2 1368 78 
2 78 2849 
2 1014 78 
2 78 2600 
1 78 
1 78 
1 78 
4 4179 3662 78 4286 
3 286 4303 78 
2 78 85 
2 3977 79 
1 79 
2 1245 79 
2 661 79 
2 4613 79 
2 1499 79 
4 1443 952 79 373 
2 2469 79 
1 79 
1 79 
2 79 4341 
1 79 
2 157 79 
1 79 
2 79 4245 
1 79 
4 200 79 2949 825 
1 79 
1 80 
2 80 4491 
2 80 2076 
1 80 
2 3219 80 
2 164 80 
2 4357 80 
2 80 3916 
3 3676 80 1922 
4 4038 2868 80 2771 
4 80 1093 3688 4285 
1 80 
4 3032 1263 80 2976 
3 2354 3522 80 
1 80 
1 80 
1 80 
1 80 
1 80 
2 720 80 
1 80 
3 4071 80 2394 
2 80 1879 
4 1325 2573 80 2081 
1 80 
1 81 
2 3248 81 
1 81 
3 81 771 1120 
1 81 
1 81 
2 3800 81 
4 3900 81 806 4513 
3 3960 2671 81 
1 81 
1 81 
2 81 2855 
2 81 82 
2 927 81 
2 2200 81 
2 165 81 
3 81 1681 1136 
1 81 
2 4032 81 
3 2274 81 370 
3 100 2942 81 
2 800 81 
3 195 81 1216 
2 201 81 
2 1109 81 
2 428 82 
1 82 
2 4031 82 
2 1877 82 
4 3711 3694 1815 82 
1 82 
5 4325 1108 303 82 2881 
2 409 82 
2 3617 82 
3 82 2740 1483 
2 1023 82 
1 82 
3 2108 201 82 
4 2066 4530 82 3545 
2 3620 82 
4 2089 2963 1657 82 
1 82 
1 82 
3 3815 82 2373 
1 82 
2 2094 82 
1 82 
2 3363 82 
3 1205 83 3478 
1 83 
3 4618 535 83 
3 1284 83 1531 
1 83 
1 83 
2 83 3895 
1 83 
2 4441 83 
1 83 
2 2343 83 
2 83 854 
2 83 570 
1 83 
2 198 83 
2 2529 83 
1 83 
2 3218 84 
1 84 
1 84 
1 84 
1 84 
2 4313 84 
2 607 84 
3 198 84 1858 
3 604 1795 84 
2 84 1178 
2 626 84 
3 1299 2388 84 
2 84 1964 
2 84 2118 
1 84 
1 84 
2 3640 84 
1 84 
2 1375 84 
3 4348 1175 84 
2 895 85 
2 2685 85 
2 3526 85 
1 85 
2 2416 85 
1 85 
1 85 
3 4556 85 3794 
2 994 85 
1 85 
3 858 85 397 
4 954 3619 1229 85 
1 85 
2 3151 85 
1 85 
2 845 85 
2 4055 85 
2 2970 86 
2 86 1819 
1 86 
4 738 3002 86 369 
1 86 
2 219 86 
2 1957 86 
2 2789 86 
2 1502 86 
1 86 
2 86 89 
4 1126 3957 3289 86 
3 941 2563 86 
1 86 
2 3254 86 
2 2145 86 
1 86 
2 86 1342 
1 86 
1 86 
2 3870 86 
1 86 
1 86 
1 86 
1 87 
1 87 
1 87 
2 2423 87 
2 629 87 
3 4670 985 87 
4 143 2076 2896 87 
3 2727 660 87 
6 256 2796 4148 4409 2977 87 
1 87 
3 1041 87 3206 
1 87 
1 87 
2 87 4175 
3 1219 228 87 
3 3562 2100 87 
1 87 
3 4499 3561 87 
1 87 
2 3879 87 
1 88 
3 3088 88 3468 
2 1261 88 
4 3196 3349 3198 88 
1 88 
2 3073 88 
1 88 
2 4269 88 
2 1714 88 
3 3288 88 615 
1 88 
2 4223 88 
1 88 
2 3764 88 
2 2294 88 
1 88 
2 3805 88 
2 313 88 
1 89 
3 3436 89 371 
1 89 
3 1925 225 89 
3 652 4446 89 
2 1412 89 
1 89 
2 89 4285 
2 89 4218 
1 89 
2 1670 89 
1 89 
1 89 
2 3653 89 
2 1744 89 
1 89 
2 4546 89 
1 89 
1 89 
1 90 
2 625 90 
1 90 
1 90 
2 3953 90 
5 198 603 2690 90 4493 
2 4634 90 
2 676 90 
3 2207 3048 90 
1 90 
3 3969 160 90 
1 90 
2 721 90 
1 90 
2 1932 90 
2 3891 90 
3 1116 1532 90 
2 521 90 
1 90 
2 494 91 
1 91 
2 3510 91 
1 91 
2 3262 91 
3 837 4510 91 
1 91 
2 3572 91 
3 1975 4197 91 
1 91 
2 684 91 
1 91 
1 91 
2 651 91 
1 91 
3 2231 1713 91 
1 92 
3 3260 92 3471 
1 92 
3 92 4115 3148 
1 92 
1 92 
2 92 3327 
2 92 2223 
1 92 
1 92 
1 92 
1 92 
5 92 2583 1473 3418 4601 
2 92 520 
1 92 
2 92 3148 
2 92 866 
2 92 3690 
2 92 1669 
1 92 
2 92 1638 
1 92 
2 1182 92 
1 93 
2 93 314 
3 1900 93 329 
3 4403 93 2413 
1 93 
2 93 160 
1 93 
1 93 
1 93 
3 93 2420 1399 
5 93 136 2802 603 3240 
2 93 3941 
2 93 4506 
3 93 1958 2196 
1 93 
1 93 
3 3631 93 2934 
4 93 4014 3068 3221 
3 94 1884 3474 
2 94 4407 
1 94 
1 94 
2 94 728 
1 94 
2 94 2122 
1 94 
1 94 
3 94 3052 3135 
2 94 1194 
1 94 
1 94 
2 94 2196 
2 94 1419 
3 94 1244 670 
1 94 
1 94 
2 94 3952 
1 94 
2 94 2130 
1 94 
3 94 1624 4458 
3 95 322 3005 
1 95 
2 1808 95 
1 95 
1 95 
1 95 
2 95 849 
2 95 3502 
1 95 
4 3469 95 4697 1838 
1 95 
1 95 
1 95 
1 95 
5 3430 95 3351 1087 2199 
1 95 
3 95 2539 499 
4 95 2977 3684 522 
1 95 
3 95 3034 3929 
1 95 
1 95 
1 95 
3 95 1378 416 
2 3850 95 
3 95 858 2501 
1 95 
3 95 4082 3019 
1 96 
1 96 
3 96 3450 3929 
1 96 
1 96 
1 96 
2 1749 96 
3 96 1895 2244 
3 96 3228 1153 
1 96 
3 96 555 325 
3 3990 96 110 
1 96 
2 96 1718 
1 96 
2 96 2908 
1 96 
1 97 
3 4441 97 3787 
1 97 
2 97 790 
1 97 
2 2958 97 
1 97 
2 97 1851 
2 97 2682 
2 97 3236 
1 97 
2 97 2244 
2 97 468 
5 2775 97 4257 2287 1070 
2 97 3422 
2 4547 97 
2 97 4232 
3 97 4227 3483 
3 98 2014 4105 
1 98 
3 98 580 3535 
2 98 2050 
1 98 
3 3523 98 3824 
1 98 
1 98 
1 98 
3 4595 1557 98 
1 98 
2 98 503 
1 98 
1 98 
2 98 4305 
4 98 3001 767 291 
2 3798 98 
3 98 2929 1000 
3 2231 98 1112 
1 98 
1 98 
4 98 3596 4260 2835 
1 99 
1 99 
3 3695 99 3686 
1 99 
3 99 354 4507 
1 99 
2 1986 99 
1 99 
2 99 604 
1 99 
1 99 
3 99 3041 4664 
1 99 
1 99 
2 2156 99 
1 99 
2 4562 99 
1 99 
2 99 629 
1 100 
1 100 
1 100 
1 100 
1 100 
2 100 2551 
1 100 
2 100 2837 
2 100 4100 
1 100 
1 100 
2 100 639 
2 100 260 
1 100 
2 100 1312 
2 100 4607 
3 101 748 4029 
3 101 3600 3428 
2 4228 101 
1 101 
5 1017 101 4299 3188 2657 
2 101 1196 
1 101 
3 1989 3908 101 
2 101 2987 
2 101 4413 
2 1448 101 
1 101 
3 101 4336 3747 
2 3834 101 
1 101 
3 331 101 1135 
3 101 251 4215 
2 101 1152 
1 101 
1 101 
2 101 4048 
2 2825 101 
2 101 2112 
2 102 1679 
1 102 
2 102 4666 
2 102 907 
2 557 102 
3 102 2183 388 
2 102 2952 
1 102 
2 102 4534 
1 102 
3 1618 1773 102 
3 3052 102 686 
2 3674 102 
2 102 410 
1 102 
4 102 1438 3343 1639 
1 102 
1 103 
2 103 1065 
2 1200 103 
3 2585 103 3295 
3 103 988 3628 
3 1145 103 3776 
4 103 432 345 1681 
2 880 103 
2 4256 103 
1 103 
1 103 
2 103 1686 
2 103 2917 
1 103 
2 103 748 
1 103 
2 103 3311 
2 103 1782 
1 103 
1 103 
1 103 
1 103 
4 2703 103 3581 1545 
1 103 
2 104 1547 
3 3796 104 1678 
2 243 104 
2 104 1457 
1 104 
2 104 2065 
1 104 
1 104 
4 4222 1038 2235 104 
1 104 
1 104 
4 104 1719 2171 684 
2 105 3728 
3 2797 105 1480 
1 105 
2 1906 105 
2 4142 105 
3 3738 105 2257 
2 105 4037 
2 105 3670 
1 105 
3 105 2256 1196 
2 105 3828 
4 4209 105 2486 1920 
2 1017 105 
3 2820 105 1545 
1 105 
2 105 1075 
2 105 2525 
1 105 
2 105 3145 
1 105 
3 2783 105 1395 
2 839 105 
1 106 
1 106 
1 106 
1 106 
3 106 1395 1758 
1 106 
2 2685 106 
2 106 2377 
2 106 3861 
2 1365 106 
3 3110 816 106 
3 106 4149 1162 
2 107 3187 
2 3087 107 
3 763 107 3722 
2 107 2022 
3 4120 2984 107 
3 107 4170 1484 
2 441 107 
1 107 
5 714 4228 1545 107 4432 
2 107 4610 
2 107 364 
2 107 3950 
1 107 
1 107 
3 674 107 1132 
1 107 
2 3749 107 
2 4668 107 
3 1488 107 2118 
3 4310 1412 107 
1 107 
1 108 
1 108 
2 859 108 
2 907 108 
2 2488 108 
2 4691 108 
2 108 1358 
3 701 2710 108 
3 2460 108 275 
2 2071 108 
1 108 
2 4292 108 
3 1403 1390 108 
2 108 4433 
2 4528 108 
2 4371 109 
2 109 3843 
2 109 2327 
1 109 
2 109 2371 
1 109 
1 109 
4 1913 109 4380 1895 
3 2708 109 824 
1 109 
2 1937 109 
2 1655 109 
2 3716 109 
2 109 888 
1 109 
2 1584 109 
2 2998 110 
1 110 
2 1832 110 
2 110 972 
4 196 4596 110 4646 
3 2490 110 852 
2 4522 110 
2 3503 110 
1 110 
1 110 
4 736 410 2483 110 
1 110 
1 110 
2 4010 110 
1 110 
1 110 
1 110 
4 3883 454 110 4560 
3 1866 110 1529 
3 4086 984 110 
1 110 
3 698 110 275 
3 2485 110 774 
3 4601 110 4625 
1 111 
2 2888 111 
5 692 4426 2004 111 1858 
1 111 
1 111 
1 111 
2 2115 111 
1 111 
2 4595 111 
2 1111 111 
1 111 
4 4446 2760 111 1176 
2 3586 111 
1 111 
2 496 111 
3 1958 1979 111 
1 111 
2 4199 111 
3 1448 4413 111 
4 3988 241 111 2953 
2 2432 112 
1 112 
2 112 2421 
4 574 3925 4087 112 
1 112 
2 3513 112 
2 2277 112 
4 4615 1085 2128 112 
3 4056 2124 112 
1 112 
1 112 
1 112 
4 1061 406 3721 112 
3 508 2491 112 
4 2683 1459 112 4584 
4 848 2511 4047 113 
2 2546 113 
1 113 
4 558 765 3997 113 
2 3151 113 
1 113 
3 2833 3563 113 
1 113 
1 113 
1 113 
3 4182 1660 113 
1 113 
1 113 
2 2255 113 
1 113 
1 113 
1 113 
3 919 2869 113 
3 551 513 114 
2 3019 114 
1 114 
2 2846 114 
1 114 
2 1981 114 
1 114 
2 1263 114 
1 114 
2 1309 114 
1 114 
1 114 
2 1801 115 
1 115 
2 2904 115 
1 115 
2 738 115 
3 3168 1355 115 
1 115 
1 115 
2 2550 115 
2 115 3922 
3 1250 115 1441 
1 115 
1 115 
4 4250 3446 115 835 
1 115 
2 212 115 
2 2429 115 
2 3792 115 
1 115 
2 2729 115 
2 4047 115 
3 129 328 115 
1 115 
1 116 
3 116 383 3424 
1 116 
2 116 3666 
2 116 866 
2 116 1297 
1 116 
1 116 
1 116 
1 116 
3 116 279 2191 
2 116 1186 
1 116 
1 116 
2 116 266 
1 116 
3 116 3401 1528 
1 117 
1 117 
1 117 
3 4071 117 2415 
1 117 
3 117 3581 1071 
1 117 
2 117 1117 
2 117 1034 
2 117 1699 
3 117 3483 208 
1 117 
3 117 2495 3964 
2 117 407 
1 117 
1 117 
2 117 928 
2 117 2480 
1 117 
1 118 
2 118 1629 
1 118 
2 118 1333 
1 118 
2 118 4023 
1 118 
1 118 
2 118 2976 
1 118 
1 118 
2 118 2445 
1 118 
2 118 4559 
2 118 1510 
3 118 3524 2675 
1 118 
2 118 1120 
2 118 2193 
1 118 
3 118 2888 1684 
2 118 4522 
1 118 
3 3750 118 311 
4 3924 118 3939 2148 
3 118 3180 1429 
3 119 2664 613 
3 119 2408 4410 
2 119 3016 
3 119 3242 3541 
1 119 
2 119 4253 
1 119 
1 119 
2 119 4552 
2 119 1717 
1 119 
1 119 
2 119 2855 
3 119 777 4445 
1 119 
2 119 1637 
1 119 
2 119 3169 
3 119 3115 1459 
1 119 
1 120 
4 4653 120 902 649 
1 120 
2 120 1352 
3 120 2967 1504 
1 120 
2 120 1154 
2 120 1208 
2 120 3116 
2 120 2380 
3 3089 120 2510 
2 120 707 
1 120 
3 120 2535 813 
3 120 1885 840 
2 120 510 
4 120 2337 4394 4087 
4 120 1730 1395 3041 
1 120 
1 120 
3 120 745 4579 
3 120 426 1891 
3 120 2251 4452 
1 120 
2 1770 121 
1 121 
1 121 
2 121 4061 
1 121 
1 121 
4 121 960 2812 2310 
2 121 4622 
2 121 3690 
2 2249 121 
2 121 815 
1 121 
1 121 
4 121 878 2730 476 
3 121 4184 4506 
1 121 
3 1364 121 3046 
1 121 
1 121 
1 122 
1 122 
5 122 4484 303 265 3865 
2 122 2364 
1 122 
2 122 3681 
3 122 1444 335 
2 122 4537 
2 122 3802 
3 3812 122 865 
1 122 
1 122 
2 122 2521 
1 122 
3 3881 122 2986 
2 3322 123 
2 123 4651 
1 123 
2 123 2182 
2 123 414 
1 123 
2 123 1265 
1 123 
1 123 
2 123 1048 
1 123 
2 123 3122 
3 3902 123 1605 
1 123 
2 123 2986 
2 123 1486 
1 123 
1 123 
1 123 
1 124 
2 4613 124 
1 124 
1 124 
2 124 2351 
1 124 
2 124 4491 
2 124 2215 
1 124 
3 124 2980 2227 
2 124 2130 
1 124 
3 3151 125 2178 
1 125 
3 3320 125 2210 
3 125 2262 3465 
1 125 
1 125 
1 125 
3 125 2346 4065 
3 918 125 3024 
2 125 1304 
1 125 
2 125 3041 
3 125 3661 2525 
4 3264 125 2918 1948 
3 3410 125 284 
4 126 2691 132 1290 
2 4329 126 
1 126 
4 505 4272 126 3612 
1 126 
1 126 
2 126 4301 
5 3069 2746 2409 126 412 
2 2264 126 
2 126 4239 
2 126 3729 
1 126 
2 4219 126 
3 126 1001 3442 
2 4668 126 
2 215 126 
2 127 3176 
1 127 
3 958 127 2454 
6 3882 4163 127 1551 3575 4132 
2 127 3495 
1 127 
4 127 164 2135 2500 
1 127 
1 127 
1 127 
2 127 1704 
1 127 
1 127 
1 127 
2 3362 127 
1 127 
3 2412 1545 128 
1 128 
2 3581 128 
1 128 
3 128 1939 322 
1 128 
2 128 932 
3 128 3895 3360 
1 128 
1 128 
1 128 
3 2265 240 128 
3 2959 128 2855 
1 128 
1 128 
2 2302 128 
2 2032 128 
2 3552 128 
2 128 3602 
3 3094 128 3205 
2 4485 129 
3 1325 2707 129 
2 2888 129 
1 129 
1 129 
1 129 
1 129 
2 2882 129 
4 2683 1755 2650 129 
1 129 
4 3926 700 129 4536 
1 129 
1 129 
2 130 4561 
2 3469 130 
2 716 130 
2 130 1164 
1 130 
5 863 130 4454 1639 3847 
2 130 4627 
1 130 
1 130 
1 130 
3 3852 130 394 
1 130 
2 130 3647 
2 753 131 
1 131 
2 1871 131 
2 2666 131 
4 2086 956 131 4586 
1 131 
1 131 
3 1403 1575 131 
4 3838 1478 131 631 
1 131 
2 3712 131 
1 131 
1 131 
3 131 4066 368 
1 131 
1 131 
1 131 
1 131 
1 131 
2 131 1591 
3 3693 4208 131 
3 138 131 4507 
1 131 
3 1014 131 3536 
2 1473 131 
2 3637 132 
1 132 
2 3022 132 
1 132 
3 132 252 3621 
1 132 
1 132 
2 4309 132 
2 1272 132 
2 714 132 
1 132 
1 132 
2 3027 132 
2 764 132 
2 4102 132 
4 3314 3877 132 4652 
1 132 
1 133 
2 2913 133 
1 133 
2 133 991 
1 133 
1 133 
1 133 
2 4615 133 
3 2744 3477 133 
2 133 3295 
2 4591 133 
1 133 
1 133 
2 3556 133 
1 133 
1 133 
2 3974 133 
2 1451 133 
3 3377 3080 133 
1 134 
1 134 
2 1577 134 
1 134 
1 134 
1 134 
2 4158 134 
3 548 1562 134 
3 4145 2563 134 
1 134 
2 664 134 
2 1023 134 
1 134 
2 144 134 
2 3836 134 
3 3709 2047 134 
2 3826 134 
4 135 2905 4033 272 
1 135 
3 135 3373 3382 
1 135 
1 135 
2 135 2379 
2 135 3391 
2 135 2584 
2 135 4090 
1 135 
2 135 1475 
3 135 3798 1478 
2 135 1649 
1 135 
2 135 1504 
1 135 
3 135 4209 2368 
3 135 507 4341 
2 135 985 
3 135 4686 3244 
2 135 2690 
1 135 
4 135 389 3384 4006 
2 135 1976 
5 136 3020 2563 230 2263 
2 3834 136 
3 136 1727 2147 
2 136 1271 
1 136 
1 136 
1 136 
3 136 1829 2679 
2 2503 136 
1 136 
1 136 
1 136 
2 136 682 
1 136 
1 136 
2 136 457 
1 136 
1 137 
1 137 
2 137 747 
2 137 2105 
1 137 
1 137 
4 137 760 1191 2732 
2 2556 137 
3 137 2197 4323 
2 4689 137 
3 137 2181 1335 
1 137 
1 137 
2 137 1339 
1 137 
1 137 
2 137 3269 
1 137 
1 137 
1 137 
4 137 957 1415 1533 
1 137 
2 138 614 
1 138 
1 138 
1 138 
3 1386 219 138 
3 3691 138 1774 
1 138 
3 3798 138 2313 
2 138 2436 
2 1062 138 
2 138 2706 
2 4405 138 
1 138 
2 138 774 
2 3443 138 
1 138 
2 138 4241 
3 1294 138 4322 
3 138 1675 1398 
2 3905 138 
2 3676 139 
2 139 3234 
2 139 2631 
3 3193 139 362 
2 139 2510 
2 139 4690 
1 139 
3 139 3856 869 
1 139 
2 139 3005 
3 330 139 702 
2 139 164 
1 139 
2 140 3845 
1 140 
1 140 
1 140 
1 140 
3 1086 140 2240 
2 140 817 
1 140 
1 140 
1 140 
1 140 
2 140 3380 
3 1362 140 3786 
3 1554 140 275 
2 546 140 
1 140 
2 140 1625 
1 140 
3 140 1545 663 
1 141 
4 3027 141 1981 1096 
1 141 
1 141 
2 4229 141 
1 141 
2 3179 141 
1 141 
1 141 
3 141 3877 2139 
2 141 1372 
1 141 
1 141 
2 4010 141 
1 141 
2 1750 141 
2 4016 141 
1 141 
1 141 
1 142 
1 142 
1 142 
2 1775 142 
4 2120 3569 142 457 
1 142 
2 142 929 
2 142 4608 
1 142 
2 1892 142 
3 3710 142 2895 
1 142 
1 142 
1 142 
2 3541 142 
3 4688 3227 142 
2 1112 142 
2 142 1467 
2 492 142 
2 2429 142 
2 2835 142 
2 142 3623 
1 142 
1 142 
1 142 
5 3389 1445 142 1053 1292 
1 142 
3 2132 143 3828 
3 2943 143 3807 
3 3778 143 2994 
1 143 
1 143 
2 143 2064 
1 143 
1 143 
1 143 
1 143 
1 143 
2 143 168 
2 1439 143 
3 2270 3237 143 
1 143 
4 4621 143 2813 2007 
2 343 143 
3 1131 2034 143 
1 143 
2 143 4608 
1 143 
3 1201 143 3791 
1 143 
1 144 
1 144 
2 2997 144 
2 2285 144 
1 144 
1 144 
2 1589 144 
1 144 
1 144 
2 144 3863 
1 144 
2 4566 144 
5 1652 1046 2547 2391 144 
2 144 971 
3 1563 144 730 
1 144 
3 1317 839 145 
1 145 
1 145 
2 633 145 
1 145 
1 145 
3 4532 145 327 
1 145 
1 145 
2 1625 145 
2 145 2281 
2 574 145 
4 3139 366 145 1009 
1 145 
2 3860 145 
1 145 
1 145 
2 157 145 
1 145 
1 145 
2 849 145 
2 209 145 
3 4476 1672 145 
3 4656 2562 146 
2 654 146 
1 146 
1 146 
1 146 
1 146 
4 2230 2557 146 2373 
2 3684 146 
2 966 146 
3 3209 434 146 
2 455 146 
2 1103 146 
2 3810 146 
4 551 2803 3076 146 
2 1773 146 
1 146 
3 1446 146 4510 
1 146 
2 147 3079 
1 147 
2 147 3838 
1 147 
3 147 380 2296 
3 147 2659 2996 
3 147 3906 1583 
2 4156 147 
2 147 1966 
3 147 3477 729 
3 147 3416 1355 
1 147 
2 147 775 
2 147 2624 
3 147 1185 796 
2 147 1066 
1 147 
2 147 2095 
3 147 3849 2501 
4 147 303 3124 4414 
2 147 3361 
1 147 
1 148 
1 148 
2 148 412 
3 148 3198 3018 
1 148 
2 148 1342 
2 148 3264 
3 148 1244 2003 
1 148 
2 148 477 
1 148 
1 148 
2 148 1898 
1 148 
1 148 
2 148 1481 
1 148 
1 149 
2 149 1129 
3 149 1026 3922 
4 149 4078 1661 211 
3 2821 149 3183 
2 149 1041 
3 149 4058 661 
1 149 
3 149 3471 987 
1 149 
3 149 239 1614 
1 149 
3 149 150 734 
2 149 2072 
3 149 4005 2248 
1 149 
1 150 
1 150 
3 150 4140 1284 
3 3750 150 1973 
2 150 2547 
2 150 4604 
1 150 
1 150 
3 150 797 1681 
2 150 3543 
2 150 1071 
2 150 4069 
3 150 2403 1413 
1 150 
1 150 
2 1743 150 
2 150 3329 
1 150 
2 150 4474 
3 150 1383 3595 
2 150 701 
4 150 2361 1628 1155 
3 150 1775 1940 
1 150 
1 150 
5 150 3226 1450 2485 989 
2 151 3937 
1 151 
1 151 
5 151 155 2157 1148 3646 
2 151 3722 
3 151 2471 2456 
2 151 2051 
1 151 
1 151 
2 151 3121 
1 151 
1 151 
1 151 
3 2822 151 920 
1 152 
4 152 2905 3054 3380 
2 2845 152 
2 2205 152 
1 152 
2 152 4639 
2 152 2001 
4 1746 152 4159 182 
2 152 1453 
3 152 897 928 
3 1923 152 2751 
1 153 
2 153 4037 
1 153 
2 3812 153 
1 153 
2 153 3622 
1 153 
1 153 
2 153 3259 
2 153 4652 
4 153 2381 3679 3241 
2 153 4664 
2 153 2925 
4 153 2283 1145 1950 
3 2683 153 3371 
1 153 
3 2608 153 1033 
2 1167 153 
2 153 2496 
2 1137 153 
1 154 
4 2775 154 2618 4667 
4 3836 154 3310 3079 
1 154 
1 154 
2 753 154 
2 154 1628 
1 154 
3 154 1942 752 
1 154 
1 154 
3 437 3972 154 
1 154 
1 154 
1 154 
4 154 2416 2019 2499 
1 154 
2 154 3113 
3 154 4407 1091 
1 154 
2 154 2439 
1 154 
3 154 1832 3825 
1 154 
1 155 
2 155 1164 
4 3616 155 1909 2077 
2 155 3686 
3 2996 155 3567 
1 155 
2 155 1492 
3 155 4399 3466 
2 155 4303 
1 155 
2 155 411 
1 155 
1 155 
1 155 
1 156 
1 156 
3 3971 3108 156 
1 156 
3 3868 156 1899 
3 156 2510 536 
1 156 
2 156 3663 
2 156 3775 
2 156 1792 
1 156 
1 156 
3 1166 156 2895 
4 3797 156 3251 3767 
2 156 1247 
3 2900 3028 156 
2 156 2641 
1 156 
3 3710 156 4690 
1 156 
1 156 
3 156 723 4132 
1 157 
3 2154 1241 157 
2 1788 157 
2 157 2409 
1 157 
1 157 
1 157 
1 157 
2 157 2554 
1 157 
1 157 
2 157 3931 
2 157 3435 
1 157 
1 157 
1 157 
2 157 3559 
1 157 
2 157 1011 
1 157 
1 157 
3 4686 158 4281 
2 3066 158 
1 158 
4 158 3680 1157 2151 
1 158 
1 158 
3 4166 158 3043 
1 158 
2 158 2397 
2 2407 158 
1 158 
1 158 
1 158 
3 4669 158 4027 
3 158 2990 3587 
3 158 3839 2468 
2 158 533 
2 158 2919 
2 158 4384 
2 4297 158 
2 378 158 
1 158 
3 3951 158 1377 
2 4327 158 
1 158 
1 159 
1 159 
1 159 
4 4082 159 3218 1909 
1 159 
2 159 338 
1 159 
2 159 2871 
2 159 635 
2 159 1250 
1 159 
1 159 
4 3593 159 3173 965 
3 159 2137 213 
1 159 
1 159 
3 1862 159 1874 
1 159 
2 159 4086 
4 2488 2268 160 1739 
1 160 
3 218 624 160 
1 160 
3 160 3509 312 
2 160 4299 
2 3834 160 
2 160 4339 
1 160 
2 1039 160 
2 1424 160 
2 160 532 
2 160 498 
1 161 
1 161 
2 161 3293 
3 161 1044 649 
2 2299 161 
4 3969 352 161 2396 
1 161 
1 161 
2 243 161 
4 3594 161 3144 4676 
1 161 
3 161 1206 3964 
2 2519 161 
1 161 
1 161 
3 3903 2780 162 
3 162 3844 2378 
1 162 
1 162 
2 2943 162 
1 162 
1 162 
1 162 
2 2153 162 
4 2047 4093 162 1122 
1 162 
1 162 
3 516 162 1462 
1 162 
2 2745 163 
1 163 
1 163 
3 1790 3993 163 
1 163 
3 1790 2925 163 
2 163 4534 
1 163 
1 163 
1 163 
1 163 
1 163 
2 163 2554 
3 1777 163 3847 
1 163 
2 3530 163 
2 2891 164 
1 164 
1 164 
2 3323 164 
1 164 
3 4591 164 4284 
2 4565 164 
1 164 
1 164 
3 1706 3135 164 
2 1620 164 
2 164 496 
5 1190 3454 164 3402 1899 
2 164 1287 
1 164 
1 164 
2 1472 164 
3 258 165 2980 
3 2808 986 165 
3 4694 1959 165 
3 4520 4449 165 
2 315 165 
4 3934 1584 4023 165 
1 165 
3 4266 4302 165 
2 2743 165 
2 3977 165 
2 1977 165 
2 2833 165 
2 245 165 
1 165 
2 1892 165 
3 3016 165 3440 
2 2382 166 
2 356 166 
2 166 2678 
2 166 502 
1 166 
1 166 
2 1642 166 
1 166 
2 4301 166 
3 4314 166 3077 
2 166 3949 
1 166 
2 1757 166 
1 166 
2 1496 166 
1 166 
1 166 
2 3014 166 
3 1860 3335 167 
2 3844 167 
2 1847 167 
1 167 
4 3557 2928 167 2501 
1 167 
3 763 167 540 
1 167 
2 3887 167 
4 167 2716 4281 4244 
3 3768 167 1343 
1 167 
1 167 
1 167 
3 238 1105 167 
4 3580 3423 3962 167 
3 4249 1189 167 
1 167 
1 167 
1 167 
1 168 
2 4147 168 
1 168 
1 168 
3 814 168 3865 
1 168 
4 1366 3599 168 171 
2 3942 168 
3 1298 1796 168 
4 1754 4190 168 1031 
3 3740 168 3611 
2 697 168 
1 168 
3 3166 1439 168 
1 168 
5 856 2086 984 2632 168 
2 168 4515 
1 168 
1 168 
2 942 169 
2 3996 169 
1 169 
1 169 
1 169 
2 1294 169 
1 169 
1 169 
1 169 
1 169 
1 169 
3 3028 4622 169 
4 2099 928 169 3729 
1 169 
3 760 4621 169 
2 169 2621 
1 169 
1 169 
1 169 
1 169 
3 577 662 169 
2 2490 170 
1 170 
2 2457 170 
4 3212 4430 170 4117 
2 4001 170 
2 429 170 
1 170 
2 1865 170 
1 170 
3 597 2971 170 
1 170 
1 171 
1 171 
2 578 171 
1 171 
2 3260 171 
1 171 
2 796 171 
2 3402 171 
3 3352 3377 171 
1 171 
1 171 
1 171 
2 171 2081 
1 171 
2 391 171 
2 172 4136 
2 607 172 
1 172 
2 1790 172 
3 219 4258 172 
4 4272 1937 3722 172 
3 529 3339 172 
1 172 
1 172 
3 1385 1416 172 
3 4308 4221 172 
1 172 
2 4619 172 
2 676 172 
2 2542 172 
3 3552 2920 173 
2 2533 173 
3 3635 1688 173 
1 173 
1 173 
1 173 
1 173 
1 173 
1 173 
1 173 
2 3020 173 
1 173 
3 2661 3452 173 
2 4030 173 
2 252 173 
1 173 
4 810 3339 2641 173 
1 173 
1 173 
3 2996 2766 173 
1 173 
2 2661 173 
1 173 
2 173 2681 
1 173 
1 173 
3 4368 499 173 
3 174 4395 4540 
2 174 2818 
1 174 
2 174 2665 
2 174 1216 
2 174 1004 
1 174 
3 174 4563 4692 
1 174 
1 174 
3 174 1444 232 
1 174 
2 174 952 
3 174 560 2333 
3 174 3338 3221 
1 174 
1 174 
1 174 
3 174 816 3421 
1 174 
1 175 
1 175 
2 175 2502 
4 1405 175 1088 1338 
4 175 977 4127 1415 
2 175 291 
1 175 
2 175 3853 
3 175 2910 206 
2 175 245 
3 175 4222 1871 
2 175 3440 
1 175 
2 175 3406 
4 175 4346 633 1982 
2 175 3275 
4 259 4635 175 2318 
1 175 
1 175 
1 175 
2 2044 175 
1 175 
3 176 1937 616 
1 176 
2 505 176 
2 176 3594 
2 176 1505 
2 176 3098 
2 1806 176 
3 1469 176 3584 
2 176 1306 
1 176 
5 176 4600 3419 1331 3241 
1 176 
2 176 2516 
2 177 2736 
2 177 3657 
1 177 
4 177 4092 739 2307 
1 177 
1 177 
3 177 951 343 
2 1953 177 
1 177 
2 177 3373 
1 177 
3 177 1501 3221 
1 177 
1 177 
1 177 
2 177 4317 
1 177 
1 177 
2 177 3595 
1 177 
2 3951 177 
1 177 
2 177 2491 
2 177 3057 
1 177 
2 1788 177 
3 2569 178 1932 
1 178 
4 1860 178 1275 2947 
2 178 3922 
2 178 1534 
2 1900 178 
1 178 
2 178 3679 
4 1243 178 2909 2631 
2 1689 178 
1 178 
1 178 
2 178 3666 
1 179 
3 179 2344 1985 
1 179 
1 179 
1 179 
3 179 1010 4629 
1 179 
2 179 1289 
1 179 
1 179 
1 179 
2 3689 179 
2 179 4186 
5 3781 179 2523 1303 901 
2 179 836 
1 179 
1 179 
3 4682 179 771 
1 180 
2 180 4101 
2 1930 180 
3 2212 180 3939 
1 180 
1 180 
3 180 902 1136 
3 180 4001 1195 
1 180 
3 180 3155 1236 
2 1845 180 
1 180 
1 180 
2 180 2254 
2 180 3826 
1 180 
2 180 1341 
1 180 
1 180 
2 4654 180 
2 838 181 
1 181 
2 181 1629 
2 1991 181 
2 181 2368 
2 181 607 
2 1728 181 
1 181 
1 181 
1 181 
2 181 3208 
1 181 
1 181 
1 181 
1 181 
2 1988 181 
2 181 2604 
1 181 
1 182 
1 182 
3 182 4690 731 
4 976 2382 182 2807 
1 182 
2 182 2964 
1 182 
3 182 1679 3933 
1 182 
1 183 
1 183 
2 183 1112 
1 183 
1 183 
3 3361 183 2552 
1 183 
1 183 
1 183 
2 183 2636 
3 3264 183 631 
2 183 780 
2 183 3102 
2 314 183 
3 940 183 1784 
3 183 1782 3946 
2 2270 183 
2 426 183 
1 183 
1 183 
2 3054 183 
2 183 4437 
2 2797 183 
3 420 183 594 
2 4351 183 
3 183 849 1850 
3 3693 183 1287 
2 183 495 
2 2522 183 
3 468 184 268 
1 184 
3 975 184 4506 
1 184 
2 184 3275 
5 1296 2537 2339 184 2105 
1 184 
2 184 3664 
3 184 3437 1281 
2 184 1122 
2 184 2241 
2 184 3121 
1 184 
1 184 
2 184 4607 
1 184 
3 185 4469 912 
2 185 3144 
3 3433 185 3173 
4 185 4572 2974 3461 
2 185 2007 
1 185 
1 185 
3 3695 3286 185 
4 2044 4476 1380 185 
1 185 
3 553 185 2553 
2 185 4027 
1 185 
1 185 
1 185 
1 185 
1 185 
1 185 
1 185 
2 185 3290 
2 2506 185 
1 185 
3 3939 185 3623 
2 185 393 
3 3052 186 4172 
3 637 1674 186 
1 186 
3 330 186 1737 
2 186 1680 
2 2610 186 
2 3011 186 
3 186 2814 3614 
2 186 1057 
2 186 4065 
1 186 
1 186 
3 596 2087 186 
1 186 
1 186 
2 187 1898 
1 187 
1 187 
2 1318 187 
4 3363 411 187 3892 
2 1321 187 
2 2606 187 
1 187 
1 187 
2 187 1722 
2 4544 187 
1 187 
1 187 
3 187 1094 273 
1 187 
2 2984 187 
2 187 2580 
4 809 1279 187 1029 
1 188 
2 4596 188 
1 188 
4 599 481 4359 188 
2 188 1818 
2 188 1175 
1 188 
1 188 
2 3444 188 
2 188 4337 
1 188 
2 4591 188 
2 188 2500 
3 939 188 1595 
2 3071 188 
2 3583 188 
1 188 
5 3709 2320 3961 188 3481 
2 3930 188 
2 188 275 
1 188 
2 2126 188 
1 188 
1 188 
2 189 4261 
3 1171 189 2078 
2 189 4584 
3 2742 1624 189 
2 189 268 
1 189 
5 890 1124 3016 189 3476 
2 3110 189 
3 2447 189 3846 
2 1490 189 
2 3875 189 
3 2889 1940 189 
2 1411 189 
3 2010 3053 189 
1 189 
4 3993 605 1626 189 
4 3833 4459 190 3493 
4 2431 1876 190 789 
3 2727 4535 190 
1 190 
3 3573 190 2601 
2 1670 190 
4 3812 2010 3599 190 
1 190 
1 190 
2 190 3748 
1 190 
1 190 
1 190 
1 190 
1 190 
2 3888 190 
1 190 
2 355 190 
2 190 3917 
1 190 
4 3891 3666 191 2657 
4 1184 2803 191 3082 
3 1670 4053 191 
2 2591 191 
2 3960 191 
1 191 
1 191 
4 994 415 191 2201 
2 3941 191 
2 4180 191 
1 191 
1 191 
2 2261 191 
5 2155 1260 2985 3351 191 
2 191 3808 
2 351 191 
2 191 1162 
3 1275 1354 191 
1 191 
2 2119 191 
4 4141 3311 2513 191 
1 191 
1 192 
1 192 
2 786 192 
1 192 
1 192 
1 192 
1 192 
2 2124 192 
1 192 
2 3290 192 
1 192 
1 192 
1 192 
3 3756 192 972 
1 192 
2 4534 192 
2 2055 192 
3 3698 4415 192 
2 2169 193 
3 2958 193 2376 
1 193 
1 193 
3 483 1312 193 
3 518 193 1314 
1 193 
3 3744 970 193 
1 193 
1 193 
1 193 
1 193 
1 193 
1 193 
2 4657 193 
5 3818 3853 1800 3965 193 
1 193 
2 648 193 
3 699 3077 193 
2 3270 193 
4 4203 1188 394 193 
2 675 193 
4 977 319 4130 193 
1 193 
1 193 
2 226 193 
2 3072 193 
2 2088 193 
2 4562 193 
3 194 2822 1204 
1 194 
1 194 
2 194 3495 
3 194 4184 1227 
2 194 3859 
1 194 
3 194 4035 1442 
3 194 4520 2767 
2 1969 194 
1 194 
1 194 
3 194 4417 3864 
2 194 2841 
3 194 3986 2311 
1 194 
2 194 1733 
1 194 
2 195 2108 
2 195 3077 
5 195 1082 2729 2670 2002 
2 195 798 
2 195 1647 
1 195 
2 195 2450 
1 195 
2 195 1172 
2 195 1803 
1 195 
2 2821 195 
2 195 3723 
4 195 1038 4034 4426 
3 196 4618 2894 
2 196 1110 
4 3009 196 3695 2451 
1 196 
1 196 
3 196 1088 1684 
2 196 4347 
1 196 
2 196 3764 
2 196 648 
1 196 
2 4386 196 
2 196 1496 
2 3866 196 
3 1991 196 337 
2 196 3048 
3 196 3514 2658 
2 196 3912 
3 2820 196 2129 
2 196 204 
1 196 
1 196 
1 196 
3 3689 197 4201 
4 2684 197 3157 2056 
1 197 
3 3028 197 2656 
1 197 
4 2902 197 2589 1549 
2 197 3122 
1 197 
2 197 1038 
1 197 
2 2190 197 
4 3261 3180 3926 197 
2 2755 197 
3 480 197 3681 
3 197 2573 3206 
2 198 798 
2 198 2918 
3 1430 198 1947 
1 198 
2 198 2578 
4 1274 198 3415 3764 
1 198 
1 198 
4 4018 198 2749 476 
1 198 
2 198 881 
2 3783 198 
3 4080 198 2873 
2 198 2149 
2 4516 198 
3 198 4109 2852 
4 1385 198 4693 3790 
3 2444 3284 198 
2 199 3823 
1 199 
2 3068 199 
2 199 589 
2 199 1763 
1 199 
2 199 1162 
2 199 3950 
2 199 773 
3 1538 199 3683 
2 688 199 
3 199 2783 2621 
1 199 
2 199 1786 
2 1272 199 
2 200 2456 
2 2522 200 
2 200 2222 
1 200 
2 1579 200 
2 4251 200 
2 3268 200 
2 200 3704 
1 200 
2 200 434 
3 3709 200 1839 
2 3635 200 
1 200 
1 200 
3 1695 200 2542 
2 4014 200 
2 200 4648 
2 200 489 
2 201 1520 
2 1648 201 
2 3990 201 
3 4592 201 2469 
2 3179 201 
2 1478 201 
2 201 2741 
2 2906 201 
2 201 1533 
2 201 2050 
1 201 
1 201 
2 201 4580 
2 201 3827 
1 201 
1 201 
1 201 
5 1427 1139 201 1623 4551 
2 201 3707 
1 201 
1 201 
1 201 
1 201 
4 201 2941 3472 2303 
2 439 202 
3 202 2377 1358 
3 755 2252 202 
3 202 3844 2565 
1 202 
1 202 
3 1953 202 1942 
2 202 3667 
2 3097 202 
2 657 202 
3 202 3545 543 
2 3231 203 
3 880 203 947 
1 203 
2 2981 203 
2 1577 203 
4 3503 203 3614 2377 
2 203 570 
3 3717 203 1893 
3 1360 203 3287 
1 203 
1 203 
1 203 
3 1103 203 3562 
1 203 
1 203 
4 203 1132 3252 4630 
3 3873 203 2164 
3 204 3463 3129 
2 204 1918 
2 1828 204 
2 204 1195 
1 204 
1 204 
2 1754 204 
2 204 1396 
1 204 
3 1649 3713 204 
2 204 3666 
2 204 3275 
1 204 
3 204 2346 3175 
2 204 3764 
2 572 204 
1 204 
2 204 1399 
3 3169 205 1834 
3 4478 205 4540 
3 3066 205 1229 
3 3037 205 4435 
2 1404 205 
4 714 205 4127 2639 
2 205 4467 
1 205 
3 1598 205 3235 
3 1256 205 1249 
3 4657 245 205 
1 205 
2 205 1232 
1 205 
1 205 
1 205 
1 206 
4 1013 206 4321 3792 
1 206 
2 206 2248 
1 206 
5 3901 206 4381 1962 4508 
1 206 
1 206 
3 3196 206 3688 
1 206 
1 206 
2 3300 206 
3 2267 1455 206 
2 206 613 
1 206 
1 206 
4 298 3324 3507 206 
1 206 
2 206 748 
2 1518 206 
3 241 206 2953 
2 206 2681 
1 206 
1 206 
2 207 804 
3 207 2787 2218 
1 207 
1 207 
1 207 
3 207 3896 1899 
1 207 
3 708 207 2790 
1 207 
2 3856 207 
1 207 
1 207 
2 1239 207 
1 207 
3 2358 3231 207 
1 207 
2 207 4416 
1 207 
3 3120 207 3603 
1 207 
2 2043 207 
3 1257 3374 208 
3 1668 208 743 
3 4654 1659 208 
2 2659 208 
2 208 3809 
2 3785 208 
1 208 
3 3007 2125 208 
2 1625 208 
2 448 208 
1 208 
1 208 
1 208 
2 4486 208 
3 208 4111 4365 
3 882 208 1059 
1 208 
3 2264 208 2314 
2 208 2063 
2 4672 208 
1 208 
1 209 
1 209 
2 3711 209 
1 209 
2 209 1742 
3 2257 209 4542 
1 209 
2 2945 209 
1 209 
1 209 
3 4155 2426 209 
1 209 
1 209 
1 209 
3 209 2495 3625 
2 2594 209 
3 712 209 683 
1 209 
2 2966 209 
1 209 
3 2337 210 1637 
1 210 
2 586 210 
2 598 210 
1 210 
1 210 
1 210 
4 837 1579 2942 210 
1 210 
2 210 3860 
1 210 
4 1137 3135 210 1950 
1 210 
1 210 
2 508 210 
3 210 2224 3150 
4 4294 2252 2415 210 
2 210 4510 
1 210 
2 2667 210 
1 210 
4 3446 804 210 1162 
2 3188 210 
1 210 
2 605 210 
1 210 
1 210 
1 210 
2 305 210 
4 1431 2035 388 210 
2 3501 211 
2 211 2620 
1 211 
1 211 
2 1986 211 
1 211 
1 211 
1 211 
2 211 3863 
1 211 
3 4181 4044 211 
1 211 
2 609 211 
1 211 
2 1862 211 
1 211 
3 3323 211 1353 
2 1565 212 
1 212 
2 2157 212 
1 212 
1 212 
1 212 
1 212 
1 212 
2 236 212 
3 3412 3974 212 
1 212 
1 212 
3 1492 3771 212 
1 212 
3 2522 212 3085 
1 212 
2 576 212 
1 212 
2 3346 212 
1 213 
2 213 752 
2 213 4200 
2 2957 213 
2 3729 213 
3 2123 1411 213 
2 459 213 
1 213 
3 2650 1114 213 
1 213 
2 3281 213 
2 1775 213 
2 213 2152 
2 934 213 
2 1521 213 
2 739 213 
1 213 
2 614 213 
3 4061 4177 214 
2 2907 214 
1 214 
2 2648 214 
2 3002 214 
1 214 
1 214 
1 214 
3 2522 707 214 
2 4204 214 
1 214 
3 792 3113 214 
1 214 
1 214 
1 214 
2 2158 214 
2 520 214 
2 3616 214 
1 214 
1 214 
2 1780 214 
2 652 214 
2 4155 214 
1 215 
2 215 1595 
3 215 3718 4339 
2 215 4111 
2 215 2274 
1 215 
3 215 3782 2437 
1 215 
2 215 3494 
1 215 
2 215 4436 
1 215 
3 215 4673 3289 
1 215 
1 215 
1 215 
1 215 
3 215 4612 1380 
2 215 1065 
2 215 1851 
1 215 
3 215 4415 2246 
2 215 4139 
2 215 3833 
1 216 
2 216 3769 
3 298 216 4164 
1 216 
2 216 1330 
1 216 
4 216 2601 4282 4626 
5 791 545 216 2130 2675 
1 216 
1 216 
1 216 
1 216 
1 216 
2 216 2059 
1 216 
2 216 519 
2 216 1813 
2 217 2515 
2 217 4297 
2 217 3356 
3 217 3418 2115 
2 217 1798 
1 217 
1 217 
1 217 
2 217 1985 
3 217 2045 2161 
3 2778 217 4315 
1 217 
1 217 
3 709 217 1984 
2 217 718 
1 217 
2 217 4608 
4 217 1242 4481 445 
1 217 
2 217 1190 
2 217 2512 
1 217 
2 217 2738 
2 217 472 
2 217 4531 
2 217 3269 
2 217 1612 
1 217 
1 218 
1 218 
2 218 3276 
3 218 1107 2307 
3 257 218 3886 
2 218 1194 
3 218 2384 742 
1 218 
1 218 
2 218 2091 
2 218 1981 
2 218 3350 
1 218 
2 218 2007 
4 3673 218 1288 617 
3 998 218 274 
1 218 
1 218 
1 218 
2 219 3233 
1 219 
1 219 
2 219 1794 
1 219 
1 219 
3 2506 219 3351 
1 219 
1 219 
2 219 908 
2 219 677 
2 219 4539 
2 481 219 
3 219 1412 1264 
1 219 
3 3107 219 3269 
2 219 4208 
1 219 
4 673 3214 219 1233 
3 1812 219 1626 
5 546 219 883 1595 1421 
1 219 
2 220 848 
2 220 1453 
1 220 
1 220 
2 220 2185 
1 220 
2 220 4087 
1 220 
1 220 
5 4220 220 1516 3126 1291 
1 220 
4 220 3156 2047 4513 
2 220 513 
3 220 3250 2509 
2 220 3233 
4 220 3058 4468 1596 
1 220 
4 1221 220 2000 4473 
1 220 
2 220 964 
2 221 3356 
3 1016 221 2613 
2 221 2172 
1 221 
1 221 
2 1711 221 
2 221 3251 
2 221 4229 
1 221 
3 221 491 3458 
1 221 
2 1077 221 
2 221 384 
2 3986 221 
2 221 2739 
2 221 2708 
1 222 
2 1672 222 
1 222 
2 222 3130 
1 222 
2 2504 222 
1 222 
1 222 
1 222 
1 222 
1 222 
1 222 
2 222 2055 
3 3658 222 739 
2 1141 222 
5 4180 222 3158 4378 1373 
1 222 
4 222 1608 2676 232 
1 223 
1 223 
1 223 
1 223 
3 1365 223 3422 
2 3816 223 
2 223 1725 
2 255 223 
2 600 223 
2 223 3571 
1 223 
1 223 
1 223 
1 223 
1 223 
3 1622 223 1343 
1 223 
3 3652 4520 223 
2 838 223 
2 223 229 
1 223 
1 223 
2 223 741 
2 223 4044 
3 417 1584 223 
1 224 
2 224 3387 
1 224 
1 224 
2 2189 224 
1 224 
1 224 
1 224 
1 224 
1 224 
2 4518 224 
2 224 4339 
2 224 832 
3 224 2196 1057 
2 3990 224 
1 224 
1 224 
2 224 3125 
3 224 401 1442 
3 225 3821 391 
1 225 
1 225 
1 225 
1 225 
1 225 
1 225 
1 225 
2 225 2415 
2 3388 225 
1 225 
2 659 225 
1 225 
2 3057 225 
2 225 434 
1 225 
1 225 
3 1239 1885 226 
1 226 
2 226 2733 
1 226 
3 1901 226 3044 
1 226 
3 1775 226 4648 
3 2380 1429 226 
3 1277 226 4611 
1 226 
3 2052 226 2247 
2 226 2919 
4 404 226 4199 3748 
2 226 4025 
2 226 3790 
1 227 
2 490 227 
1 227 
2 227 234 
1 227 
1 227 
2 460 227 
3 994 896 227 
4 2231 227 668 3809 
2 4673 227 
1 227 
1 227 
3 1381 3323 227 
1 227 
3 855 2161 227 
2 227 2187 
2 227 4535 
2 3972 227 
3 4188 4604 227 
3 1454 3568 227 
2 4465 227 
1 227 
1 227 
4 1969 1697 489 228 
1 228 
1 228 
1 228 
2 228 2392 
3 1809 2240 228 
1 228 
2 509 228 
3 3229 628 228 
2 228 4492 
2 488 228 
2 228 2421 
1 228 
3 2573 1043 228 
1 228 
1 228 
1 228 
4 673 4555 228 1922 
2 3689 229 
1 229 
2 1545 229 
1 229 
2 229 1532 
1 229 
3 1259 229 4438 
2 229 1421 
2 3975 229 
2 4303 229 
3 3592 901 229 
1 229 
1 229 
1 229 
2 4305 229 
3 341 2973 229 
3 1169 1518 230 
3 3600 230 2881 
1 230 
3 3970 230 4651 
1 230 
3 350 1068 230 
2 4236 230 
2 230 854 
1 230 
2 2444 230 
2 2555 230 
2 4043 230 
1 230 
1 230 
2 230 1421 
1 230 
3 1617 2482 230 
2 4450 230 
3 1829 4503 230 
2 230 1463 
1 231 
2 1366 231 
1 231 
1 231 
2 1784 231 
1 231 
1 231 
2 231 595 
2 231 4493 
1 231 
1 231 
4 3578 1894 231 2437 
3 2012 231 2602 
2 3990 231 
1 231 
4 1848 4088 231 2898 
2 1187 231 
1 231 
3 1648 4299 231 
1 231 
2 231 3296 
3 642 232 3862 
1 232 
4 261 4377 703 232 
1 232 
5 3229 3786 4359 232 1417 
1 232 
3 2211 232 2374 
1 232 
1 232 
1 232 
2 335 232 
1 232 
2 232 2188 
2 1204 232 
2 1679 232 
2 232 4243 
3 2865 742 232 
1 232 
5 3199 2074 232 3746 1012 
3 3691 4434 232 
2 232 2565 
5 2449 1372 232 4625 372 
1 232 
2 4277 232 
3 3970 3388 232 
1 232 
2 4056 232 
1 233 
2 3641 233 
1 233 
2 1821 233 
2 1983 233 
1 233 
1 233 
2 1275 233 
3 1227 3916 233 
2 2387 233 
2 486 233 
2 233 571 
3 233 402 4458 
2 1733 233 
3 906 1270 233 
1 233 
2 2366 233 
2 2222 233 
2 2568 233 
4 676 2024 234 3777 
2 3395 234 
2 234 1234 
3 3215 1284 234 
2 2854 234 
1 234 
1 234 
1 234 
1 234 
1 234 
2 3595 234 
1 234 
1 234 
1 234 
1 234 
1 234 
1 234 
2 2419 234 
4 3911 1025 234 374 
1 234 
1 234 
1 234 
4 418 3675 2263 234 
2 866 234 
2 2585 234 
1 235 
1 235 
1 235 
1 235 
6 235 3214 3660 260 983 2633 
3 235 3902 1394 
1 235 
1 235 
3 235 2237 1995 
4 235 3650 2209 1572 
1 235 
2 235 316 
2 235 1142 
2 235 3440 
3 235 1871 2228 
1 235 
2 235 1364 
3 235 2960 4436 
1 235 
1 235 
3 235 3590 2042 
6 235 713 2800 4235 804 2839 
2 235 1585 
2 235 2162 
3 235 421 4411 
3 236 4195 970 
3 2477 236 1602 
2 236 1130 
3 236 2630 2256 
1 236 
2 236 1228 
3 3810 236 1691 
3 236 515 3358 
1 236 
3 236 3313 2835 
5 236 4636 3310 2430 944 
1 236 
1 236 
3 236 4537 2228 
2 236 4208 
2 236 2574 
1 236 
2 236 3487 
2 236 3949 
2 237 1068 
2 237 746 
1 237 
2 237 1830 
3 237 1515 3424 
2 237 4622 
1 237 
1 237 
2 237 3000 
1 237 
1 237 
1 237 
1 237 
1 237 
2 237 858 
3 237 2209 1246 
1 237 
3 237 4409 3897 
2 237 1324 
1 237 
3 2458 237 4478 
3 237 3015 2621 
2 2400 238 
3 238 4032 3519 
2 238 904 
2 2882 238 
3 238 3763 3979 
1 238 
1 238 
1 238 
2 238 1447 
2 238 738 
1 238 
3 238 3017 2019 
1 238 
2 238 2068 
2 3027 238 
3 239 2170 2517 
2 239 3120 
2 239 1772 
1 239 
2 239 4049 
3 239 4190 4427 
1 239 
1 239 
2 239 3173 
1 239 
1 239 
1 239 
2 239 1264 
1 239 
2 240 3499 
1 240 
1 240 
2 240 991 
4 3107 240 2678 616 
1 240 
2 240 2808 
2 240 2709 
4 3540 240 2747 3082 
3 240 2179 274 
2 240 3395 
2 240 3864 
3 240 3228 1586 
2 240 350 
1 240 
2 240 1932 
1 240 
1 240 
2 891 240 
