27 2 3 4 5 6 7 8 9 10 11 12 13 14 15 16 17 18 19 20 21 22 23 24 25 26 27 28 
24 29 30 31 32 33 34 35 36 37 38 39 40 41 42 43 44 45 46 1 47 48 49 50 51 
10 52 53 54 55 56 57 1 58 59 60 
29 61 62 63 64 65 66 67 68 69 70 71 72 73 74 1 75 76 77 78 79 80 81 82 83 84 85 86 87 88 
20 89 90 91 92 93 94 95 96 97 98 99 100 1 101 102 103 104 105 106 107 
18 108 109 110 111 112 113 114 115 116 117 118 119 1 120 121 122 123 124 
21 125 126 127 128 129 130 131 132 133 134 135 136 137 1 138 139 140 141 142 143 144 
14 145 146 147 148 149 150 151 152 1 153 154 155 156 157 
20 158 159 160 161 162 163 164 165 166 167 168 169 170 1 171 172 173 174 175 176 
20 177 178 179 180 181 182 183 184 185 186 1 187 188 189 190 191 192 193 194 195 
20 196 197 198 199 200 201 202 203 204 205 206 207 1 208 209 210 211 212 213 214 
28 215 216 217 218 219 220 221 222 223 224 225 226 227 228 229 230 231 232 233 234 1 235 236 237 238 239 240 241 
15 242 243 244 245 246 247 248 249 1 250 251 252 253 254 255 
16 256 257 258 259 260 261 262 263 264 265 1 266 267 268 269 270 
25 271 272 273 274 275 276 277 278 279 280 1 281 282 283 284 285 286 287 288 289 290 291 292 293 294 
22 295 296 297 298 299 300 301 302 303 304 305 306 1 307 308 309 310 311 312 313 314 315 
31 316 317 318 319 320 321 322 323 324 325 326 327 328 329 330 331 332 1 333 334 335 336 337 338 339 340 341 342 343 344 345 
24 346 347 348 349 350 351 352 353 354 355 1 356 357 358 359 360 361 362 363 364 365 366 367 368 
10 369 370 371 372 373 374 1 375 376 377 
26 378 379 380 381 382 383 384 385 386 387 388 389 390 391 392 393 394 395 1 396 397 398 399 400 401 402 
21 403 404 405 406 407 408 409 410 411 412 413 1 414 415 416 417 418 419 420 421 422 
28 423 424 425 426 427 428 429 430 431 432 433 434 435 436 437 438 439 440 441 442 1 443 444 445 446 447 448 449 
19 450 451 452 453 454 455 456 457 458 459 460 1 461 462 463 464 465 466 467 
15 468 469 470 471 472 473 474 1 475 476 477 478 479 480 481 
18 482 483 484 485 486 487 488 489 490 491 492 493 1 494 495 496 497 498 
15 499 500 501 502 503 504 505 506 507 1 508 509 510 511 512 
22 513 514 515 516 517 518 519 520 521 522 523 524 525 526 527 1 528 529 530 531 532 533 
12 534 535 536 537 1 538 539 540 541 542 543 544 
21 545 2 546 547 548 549 550 551 552 553 554 555 556 557 558 559 560 561 562 563 564 
19 2 565 566 567 568 569 570 571 572 573 574 575 576 577 578 579 580 581 582 
28 2 583 584 585 586 587 588 589 590 591 592 593 594 595 596 597 598 599 600 601 602 603 604 605 606 607 608 609 
19 2 610 611 612 613 614 615 616 617 618 619 620 621 622 623 624 625 626 627 
26 628 2 629 630 631 632 633 634 635 636 637 638 639 640 641 642 623 643 644 645 646 647 648 649 650 651 
16 2 652 653 654 655 656 657 658 659 660 661 662 663 664 665 666 
15 2 667 668 669 670 671 672 673 674 675 676 677 678 679 680 
23 2 681 682 683 684 685 686 687 688 689 690 691 692 693 694 695 696 697 698 699 700 701 702 
22 2 198 703 704 705 706 707 708 709 710 711 712 713 714 715 716 717 718 719 720 721 722 
19 2 723 724 725 726 727 728 729 555 730 731 732 733 734 735 736 737 738 739 
20 2 740 741 742 684 743 744 745 746 747 748 749 750 751 752 753 754 755 756 757 
20 2 758 759 760 761 762 763 764 765 766 767 768 769 770 771 772 773 774 775 776 
21 2 777 778 779 780 781 782 783 784 785 786 787 788 789 790 791 792 793 794 795 796 
21 2 797 798 799 800 801 802 803 804 805 806 807 808 809 810 811 812 813 814 815 816 
19 817 2 818 819 820 821 822 823 824 825 826 827 828 829 830 831 832 833 834 
15 2 835 836 837 838 839 840 841 842 843 844 845 846 847 848 
25 2 849 850 851 852 853 854 855 856 857 858 859 860 861 862 863 864 865 866 867 868 869 870 871 872 
29 873 2 874 875 876 877 878 879 880 881 882 883 884 885 886 887 888 889 890 891 892 893 894 895 896 897 898 899 900 
17 2 901 902 903 904 905 906 907 908 909 910 911 912 913 914 915 916 
21 2 917 918 919 920 921 922 923 924 925 926 927 928 929 930 931 932 933 934 935 936 
30 937 2 938 939 940 941 942 943 944 945 946 947 948 949 950 951 952 953 954 955 956 957 958 959 960 961 962 963 964 965 
22 966 2 967 968 969 970 971 972 973 974 975 976 977 978 979 980 981 982 983 984 985 986 
18 2 987 988 989 990 991 992 993 994 995 996 997 998 999 1000 1001 1002 1003 
33 3 1004 1005 1006 1007 1008 1009 1010 1011 1012 1013 1014 1015 1016 1017 1018 1019 1020 1021 1022 1023 1024 1025 1026 1027 1028 1029 1030 1031 1032 1033 1034 1035 
19 3 1036 1037 1038 438 1039 1040 1041 1042 1043 1044 1045 1046 1047 1048 1049 1050 1051 1052 
14 3 1053 1054 1055 1056 1057 1058 1059 1060 1061 1062 1063 1064 1065 
20 3 1066 1067 1068 1069 1070 1071 1072 1073 1074 1075 1076 1077 1078 1079 1080 1081 1082 1083 1084 
23 1085 1086 3 1087 1088 1089 1090 1091 1092 1093 1094 1095 1096 1097 1098 1099 1100 1101 1102 1103 1104 1105 1106 
21 1107 3 1108 1109 1110 1111 1112 1113 1114 1115 1116 1117 1118 1119 1120 1121 1122 1123 1124 1125 1126 
24 1127 3 1128 1129 1130 1131 1132 1133 1134 1135 1136 1137 1138 1139 1140 1141 1142 1143 1144 1145 1146 1147 1148 1149 
26 1150 3 1151 1152 1153 1154 1155 1156 1157 1158 1159 1160 1161 1162 1163 1164 1165 1166 1167 1168 1169 1170 1171 1172 1173 1174 
18 3 1175 1176 1177 1178 1179 1180 1181 1182 1183 1184 1185 1186 1187 1188 1189 1190 1191 
21 1192 4 1193 1194 1195 1196 1197 1198 1199 1200 1201 1202 1203 1204 1205 1206 1207 1208 1209 1210 1211 
17 4 1212 1213 1214 1215 1216 1217 1218 1219 1220 1221 1222 1223 1224 1225 1226 1227 
22 1228 1229 4 1230 1231 1232 1233 1234 1235 1236 1237 1238 1239 1240 1241 1242 1243 1244 1245 1246 1247 1248 
17 4 1249 1250 1251 1252 1253 1254 1255 1256 1257 1258 1259 1260 1261 1262 1263 1264 
19 4 1265 1266 1267 1268 1269 1270 1271 1272 456 1273 1274 1275 1276 1277 1278 1279 1280 1281 
17 4 1282 1283 1284 1285 1286 1287 1288 1289 1290 1291 1292 1293 1294 1295 1296 1297 
29 4 1298 1299 1300 1301 1302 1303 1304 905 1305 1306 1307 1308 1309 1310 1311 1312 1313 1314 1315 1316 1317 1318 1319 1320 1321 1322 1323 1324 
23 1325 4 1326 1327 1328 1329 1330 1331 1332 1333 1334 1335 1336 1337 1338 1339 1340 1341 1342 1343 1344 1345 1346 
24 1347 4 1348 1349 1350 1351 1352 1353 1354 1355 1356 1357 1358 1359 1360 1361 1362 1363 1364 1365 1366 1367 1368 1369 
21 1370 1371 4 1372 1373 1374 1375 1376 1377 1378 1379 1380 1381 1382 1383 1384 1385 1386 1387 1388 1389 
21 1390 4 1391 1392 244 1393 1394 1395 1396 1397 1398 1399 1400 1401 1402 1403 1404 1405 1406 1407 1408 
21 4 1409 1410 1411 1412 1413 1414 1415 1416 1417 1418 1419 1420 1421 1422 1423 1424 1425 1426 1427 1428 
22 4 1429 1430 1431 1432 1433 1434 1435 1436 1437 1438 1439 1440 1441 1442 1443 1444 1445 1446 1447 1448 1449 
13 1450 4 1451 1452 1453 1454 1455 1456 1457 1458 84 1459 1460 
26 4 1461 1462 1463 1464 1465 1466 1467 1468 1469 1470 1471 1472 1473 1474 1475 1476 1477 1478 1479 1480 1481 1482 1483 1484 1485 
27 1486 4 1487 1488 1489 1490 1491 1492 1493 1494 1495 1496 1497 1498 1499 1500 1501 1502 1503 1504 1505 1506 1507 1508 1509 1510 1511 
25 4 1512 1513 1514 1515 1516 1517 1518 1519 1520 1521 1522 1523 1524 1525 1526 1527 1528 1529 1530 1531 1532 1533 1534 1535 
17 4 1536 1537 1538 1539 1540 1541 1542 1543 1544 1545 308 1546 1547 1548 1549 1550 
20 4 1551 1552 1553 1554 1555 1556 1557 1558 1559 1560 1561 1562 1563 1564 1565 1566 1567 1568 1569 
22 1570 1571 1572 1573 4 1574 1575 1576 1577 1578 1579 1580 1581 1582 1583 1584 1585 1586 1587 1588 1589 1590 
21 1591 4 1592 1593 1594 1595 1596 1597 1598 1599 1600 1601 1602 1603 1604 1605 1606 1607 1608 1609 1610 
16 4 1611 1612 1613 1614 1615 1616 1617 1618 1619 1620 1621 1622 1623 1624 1625 
22 1626 1627 4 1628 1629 1630 1631 1632 1633 1634 1635 1012 1636 1637 1638 1639 1640 1641 1642 1643 1644 1645 
30 1646 4 1647 1648 1649 1650 1651 1652 1653 1654 1655 1656 1657 1658 1659 1660 1661 1662 1663 1664 1665 74 1666 1667 1668 1669 1670 1671 1672 1673 
23 546 4 1674 1675 1676 1677 1678 1679 1680 1681 1682 1683 1684 1685 1686 1687 1688 1689 1690 1691 1692 1693 1694 
14 4 1695 1696 1697 1698 1699 1700 1701 1702 1703 1704 1705 1706 1707 
14 4 1708 1709 1710 1711 1712 1713 1714 1715 1716 1717 1718 1719 1720 
12 1721 4 1722 1723 1724 1725 1726 1727 1728 1729 1730 1731 
25 1732 1733 1734 5 1735 1736 1737 1738 1739 1740 1741 1742 1743 1744 1745 1746 1747 1748 1749 1750 1751 1752 1753 1754 1755 
22 1756 5 1757 1758 1759 1760 1761 1762 1763 1764 1765 1766 1767 1768 1769 1770 1771 1772 1773 1774 1775 1776 
28 5 1777 1778 1779 1780 1781 1782 1783 1784 1785 1786 1787 1788 1789 1790 1791 787 1792 1793 1794 1795 1796 1797 1798 1799 1800 1801 1802 
19 5 1803 1804 1805 1806 1807 1808 1809 1810 1811 1812 1813 1814 1815 1816 1817 1818 1819 1820 
25 5 1821 1822 429 1823 1824 1825 1826 1827 1828 1829 1830 1831 1832 1833 1834 1835 1836 1837 1838 1839 1840 1841 1842 1843 
17 5 1844 1845 1846 1847 1848 1849 1850 1851 1852 1853 1854 1855 1856 1857 1858 1859 
21 1860 5 1861 1862 1863 1864 1865 1866 1867 1868 397 1869 1870 1871 1872 1873 1874 1875 1876 1877 1878 
22 1879 5 1880 1881 1882 1883 1884 1885 1886 1887 1888 1889 1890 1891 1892 1893 1894 1895 1896 1172 1897 1898 
20 5 1899 1900 1901 1902 952 1903 1904 1905 1906 1907 1908 1909 1910 1911 1912 1913 1914 1915 1916 
17 5 1917 1918 1919 1920 1921 1922 1923 1924 1925 1926 1927 1928 1929 1930 1931 1932 
21 1933 5 1934 1935 1936 1937 1938 1939 1940 1941 1942 1943 1944 1945 1946 1947 1948 1949 1950 1951 1952 
22 5 1953 1954 566 1955 586 1956 1957 1958 1959 1960 1961 1962 1963 1964 1965 1966 1967 1968 1969 1970 1971 
24 1972 1973 5 1974 1975 1976 1977 1978 1979 1980 1981 1982 1983 1984 1985 1986 1987 1988 1989 1990 1991 1992 1993 1994 
19 1995 1996 5 1997 1998 1999 2000 2001 2002 2003 2004 2005 2006 2007 2008 2009 2010 2011 2012 
18 2013 5 2014 2015 2016 2017 2018 2019 2020 2021 2022 2023 2024 2025 2026 2027 2028 2029 
25 2030 5 2031 2032 2033 2034 2035 2036 2037 2038 2039 2040 2041 2042 2043 2044 2045 2046 2047 2048 2049 2050 2051 2052 2053 
19 2054 5 2055 2056 2057 2058 2059 2060 2061 2062 2063 2064 2065 2066 2067 2068 2069 2070 2071 
16 5 2072 2073 2074 2075 2076 2077 1404 2078 2079 2080 2081 2082 2083 2084 2085 
19 2086 2087 5 2088 2089 2090 2091 2092 2093 2094 2095 2096 2097 2098 2099 2100 2101 1105 696 
19 2102 2103 2104 110 6 2105 2106 2107 2108 2109 2110 2111 2112 447 2113 2114 2115 2116 2117 
23 2118 2119 2120 6 2121 2122 2123 2124 2125 2126 2127 2128 2129 2130 538 2131 2132 2133 2134 2135 2136 2137 2138 
23 108 2139 6 2140 2141 2142 2143 2144 2145 2146 2147 2148 2149 2150 2151 2152 2153 2154 2155 2156 2157 2158 2159 
19 2160 2161 2162 2163 6 2164 2165 2166 2167 2168 2169 2170 2171 2172 2173 2174 2175 2176 2177 
17 2178 6 2179 2180 2181 2182 2183 2184 2185 2186 2187 2188 2189 2190 2191 2192 2193 
25 2194 2195 2196 2197 6 2198 2199 2200 2201 2202 2203 2204 2205 1335 2206 2207 2208 2209 2210 2211 2212 2213 2214 2215 2216 
16 2217 2218 6 2219 2220 2221 2222 2223 2224 2225 2226 2227 2228 2229 2230 2231 
23 2232 2233 6 2234 2235 2236 2237 2238 2239 2240 2241 2242 2243 2244 2245 2246 2247 2248 2249 2250 2251 2252 2253 
24 2254 2255 797 6 2256 2257 2258 2259 2260 2261 2262 2263 2264 2265 2266 2267 2268 2269 2270 2271 2272 2273 2274 2275 
23 2276 6 2277 2278 2279 2280 2095 2281 2282 2283 2284 2285 2286 2287 2288 2289 2290 2291 2292 2293 2294 2295 2296 
33 2297 6 217 2298 2299 2300 2301 2302 1112 2303 2304 2305 2306 2307 2308 2309 2310 2311 2312 2313 2314 2315 2316 2317 2318 2319 2320 2321 2322 2323 2324 2325 2326 
31 2327 2328 6 2329 2330 2331 161 2332 2333 2334 2335 2336 2337 2338 2339 2340 2341 2342 2343 2344 209 2345 2346 2347 2348 2349 2350 2351 2352 2353 2354 
17 2355 6 2356 2357 2358 2359 2360 2361 2362 2363 2364 2365 2366 2367 2368 2369 2370 
21 2371 369 6 2372 2373 2374 2375 2376 2377 2378 2379 2380 2381 2382 2383 2384 2385 2386 2387 2388 2389 
22 6 2390 2391 2392 2393 2394 2395 2396 2397 2398 2399 2400 2401 2402 2403 2404 2405 2406 2407 2408 2409 2410 
18 6 2411 2412 381 2413 2414 2415 2416 2417 2418 2419 2385 2420 2421 2422 2423 2424 2425 
22 2426 2427 6 2428 2429 2430 2431 2432 1071 2433 2434 2435 2436 2437 2438 2439 2440 2441 2442 2443 2444 2445 
14 2446 2447 2448 7 2449 2450 2451 2452 2453 2454 2455 2456 2457 2458 
26 2459 2460 2461 2462 2463 2464 7 2465 2466 1886 2467 2468 2469 2470 2471 2472 2473 2474 2475 2476 2477 2478 2479 2480 2481 2482 
24 2483 2484 7 2485 2486 2487 2488 2489 2490 2491 2492 2493 2494 2495 2496 2497 2498 2499 2500 2501 2502 2503 2504 2505 
36 2506 2507 2508 2509 7 2510 2511 2512 2513 2514 2515 2516 2517 2518 2519 2520 2521 2522 2523 2524 2525 2526 2527 2528 2529 2530 2531 2532 2533 2534 2535 2536 2537 2538 2539 2540 
26 2541 2542 2543 2544 7 2545 2546 2547 2548 2549 2550 2551 2552 2553 2554 2555 2556 2557 2558 2559 2560 2561 2562 2563 2564 2565 
22 2566 2567 2568 2569 2570 7 2571 2572 2573 2574 2575 2576 2577 2578 2579 2580 2581 2582 2583 2584 2585 2586 
20 2587 7 2588 2589 2590 2591 2592 2593 2594 2595 2596 2597 2598 2599 2600 2601 2602 2603 2604 2605 
25 2606 2607 2608 7 2609 2610 2611 2612 2613 2614 2615 2616 2617 2618 2619 2620 2621 2622 2623 2624 2370 2625 2626 2627 2628 
19 2629 2630 1778 7 2631 2632 2633 2634 2635 2636 2637 2638 2639 2640 2641 2642 2643 2644 2645 
17 2646 2647 2648 7 2649 2650 2651 2652 2653 2654 2655 2656 2657 2658 2659 2660 2661 
24 2662 2663 2664 2665 2666 7 2667 2668 2669 2670 2671 2672 2673 374 2674 2675 2676 2677 2678 2679 2680 2681 2682 2683 
23 2684 2685 2686 2687 2688 7 2689 2690 2691 2692 2693 2694 2695 2696 2697 2698 2699 2700 2701 2702 2703 2704 2705 
28 2706 2707 2708 2709 2710 7 2711 2712 2713 2714 2715 2716 2717 2718 2719 2720 2721 2722 2723 2724 2725 2726 2727 2728 2729 2730 2731 2732 
21 2733 2734 2735 2736 2737 7 2738 2739 2740 2741 2742 2743 2744 2745 2746 2747 2748 2749 2750 2751 2752 
19 2753 2754 2755 2756 7 2757 2758 2759 2760 2761 2762 2763 2764 2765 2766 2767 2768 2769 2770 
16 2771 2772 7 2773 2774 2775 2776 2777 2778 2779 2780 2781 2782 2783 2784 2785 
18 2786 2787 2788 2789 7 2790 2791 2792 2793 2794 2795 2796 2797 2798 2799 2800 2801 2802 
24 2803 7 2804 2805 2806 2807 2808 2809 2810 2811 2812 2813 2814 2815 2816 2817 2818 2819 2820 2821 2822 2823 2824 2825 
19 2826 2827 2828 2829 7 2830 2831 2832 2833 2834 2835 2836 2837 2838 2839 2840 2841 2842 2843 
23 2844 2845 2846 2847 2848 2849 2850 7 2851 2852 2853 2854 2855 2856 2857 2858 2859 2860 2861 2862 2863 2864 609 
20 2865 2199 2866 2867 431 8 2868 2869 2870 2871 2872 2873 2874 2875 2876 2877 2878 2879 2880 2881 
28 2882 2883 2884 2885 2886 8 2887 2888 2889 2890 2891 2892 2893 2894 2895 2896 2897 2898 2899 2900 2901 2902 2903 2904 2905 2906 2907 2908 
22 2909 2910 2911 2912 2913 8 2914 2915 2916 2917 2918 2919 2385 2920 2921 2922 2923 2924 2925 2926 2927 2928 
16 2929 2930 2931 8 2932 2933 2934 2935 2936 2937 2938 2939 2940 2941 2942 2943 
24 2944 2945 2946 2947 8 2948 2949 2950 2951 2952 2953 2954 2955 2956 2957 2958 2959 2960 2961 2962 2963 2964 2965 2966 
16 2967 2968 2969 2970 2971 8 2972 2973 2974 2975 2150 1445 2976 2977 2978 2979 
22 2980 2981 2982 2983 2984 8 2985 2986 2987 2988 2989 2990 2991 2992 2993 2994 2995 2996 2997 2998 2999 3000 
20 3001 3002 3003 3004 3005 8 3006 3007 3008 3009 3010 3011 3012 3013 3014 3015 3016 3017 3018 3019 
20 3020 3021 3022 8 3023 3024 3025 3026 3027 3028 3029 3030 3031 3032 3033 3034 3035 3036 3037 3038 
12 3039 3040 3041 8 3042 3043 3044 3045 3046 3047 3048 3049 
21 3050 3051 3052 3053 8 3054 3055 3056 3057 3058 3059 3060 3061 3062 3063 1986 3064 3065 3066 3067 3068 
13 3069 3070 3071 8 3072 3073 3074 3075 3076 3077 3078 3079 3080 
21 3081 3082 3083 3084 3085 3086 3087 3088 8 3089 3090 3091 3092 3093 3094 3095 3096 3097 3098 3099 3100 
26 3101 3102 3103 9 3104 3105 3106 3107 3108 3109 3110 3111 3112 3113 3114 3115 3116 3117 3118 3119 3120 3121 3122 3123 3124 2352 
21 799 3125 3126 3127 3128 3129 9 3130 3131 3132 3133 3134 3135 3136 3137 3138 3139 3140 3141 3142 3143 
30 3144 3145 3146 3147 3148 3149 3150 3151 3152 3153 3154 3155 9 3156 3157 3158 3159 3160 3161 3162 3163 3164 3165 3166 3167 3168 3169 3170 3171 3172 
14 2120 3173 3174 9 3175 3176 3177 119 3178 3179 3180 3181 3182 3183 
22 3184 3185 3186 3187 3188 9 3189 3190 3191 3192 3193 3194 3195 3196 3197 3198 3199 3200 3201 3202 3203 3204 
25 3205 3206 3207 3208 3209 261 3210 9 3211 3212 3213 3214 3215 3216 3217 3218 3219 3220 3221 3222 1912 3223 3224 3225 3226 
23 3227 3228 3229 3230 3231 3232 3233 3234 3235 3236 9 3237 3238 3239 3240 3241 3242 3243 3244 735 3245 3246 3247 
19 3248 3249 3250 3251 3252 9 3253 3254 3255 3256 3257 3258 3259 3260 3261 3262 3263 3264 3265 
14 3266 3267 3268 3269 9 3270 3271 3272 3273 3274 3275 3276 3277 3278 
22 3279 967 3280 3281 3282 9 3283 3284 3285 3286 3287 3288 3289 3290 3291 3292 3293 3294 3295 3296 3297 3298 
17 3299 3300 3301 3302 3303 9 3304 3305 3306 3307 3308 3309 3310 3311 3312 3313 2752 
24 3314 9 3315 3316 3317 3318 3319 3320 3321 3322 3323 3324 3325 3326 3327 3328 3329 2083 3330 3331 3332 3333 3334 3335 
27 3336 3337 3338 3339 3340 3341 3342 3343 3344 9 2398 3345 3346 3347 3348 3349 3350 3351 3352 3353 3354 3355 3356 3357 3358 3359 3360 
19 3361 3362 3363 3364 9 3365 3366 3367 3368 3369 3370 3371 3372 3373 3374 3375 3376 3377 3378 
19 3379 3380 3381 3382 3383 3384 3385 2932 3386 9 3387 3388 3389 3390 3391 3392 3393 3394 3395 
20 3396 3397 3398 3399 3400 3401 3402 3403 3404 3405 9 3406 3407 3408 3409 3410 3411 3412 3413 3414 
17 3415 3416 3417 9 3418 3419 3420 3421 3422 3423 3424 3425 3426 3427 3428 3429 3430 
18 3431 3432 3433 9 3434 3435 3436 3437 3438 3439 3440 3441 3442 3443 3444 3445 3446 3447 
24 3448 3449 3450 3451 3452 3453 3454 9 3455 3456 3457 3458 3459 3460 3461 3462 3463 3464 3465 3466 3467 3468 3469 3470 
19 3471 3472 3473 3474 3475 3476 3477 10 3478 3479 3480 3481 3482 3483 3484 3485 3486 3487 3488 
21 3489 3490 3491 3492 3493 3494 3495 3496 3497 10 3498 3499 3500 3501 3502 3503 3504 3505 3506 3507 3508 
18 3509 3510 3511 3512 10 3513 3514 3515 3516 3517 3518 3519 3520 3521 3522 252 3523 3524 
24 3525 3526 3527 3528 3529 3530 3531 3532 10 3533 3534 3535 3536 3537 3538 3539 3540 3541 3542 3543 3544 3545 3546 3547 
18 3548 3549 3550 3551 3552 3553 3554 3555 10 3556 3557 3558 3559 3560 3561 3562 3563 3564 
19 3565 3566 3567 3568 3569 3570 3571 10 3572 3573 3574 3575 3576 3577 3578 3579 3580 3581 3582 
16 3583 705 3584 3585 10 3586 3587 3588 3589 3590 3591 3592 3593 3594 3595 3596 
26 3597 3598 3599 3600 3601 3602 3603 10 3420 3604 3605 3606 3607 3608 3609 3610 3611 3612 3613 3614 3615 3616 3617 3618 3619 3620 
17 3621 3622 3623 3624 3625 10 3626 3627 3628 3629 3630 3631 3632 3633 3634 3635 3636 
23 3637 3638 3639 3640 3641 3642 3643 3644 2671 10 3645 3646 3647 3374 3648 3649 3650 3651 3652 3653 2085 3654 1324 
27 3655 3656 3657 3658 3659 3660 3661 3662 3663 3664 10 3665 3666 3667 3668 3669 3670 3671 3672 3673 3674 3675 3676 3677 3678 3679 3680 
19 3681 3682 3683 3684 3685 10 3686 3687 3688 3689 3690 3691 3692 3693 3694 3695 3696 2730 3697 
18 3698 3699 10 3700 3701 3702 3703 3704 3705 3706 3707 3708 3709 3710 3711 3712 3713 3714 
22 3715 499 3716 3717 3718 3719 3720 3721 10 3722 3723 3724 3725 3726 3727 3728 3729 3730 3731 3732 3733 3734 
26 3735 3736 3737 3738 3739 3740 3741 3742 3743 3744 3745 10 3746 3747 3748 3749 3750 3751 3752 3753 3754 3755 3756 3757 3758 3759 
23 3760 3761 1695 3762 3763 1997 3764 3765 3766 3767 3768 10 2336 3769 3770 3771 3772 3773 3049 3774 3775 3776 3777 
9 3778 3779 10 3780 3781 3782 3783 3784 3785 
13 3786 3787 3788 3789 3790 3791 3792 10 3793 3794 3795 3796 3797 
24 3798 3799 3800 3801 3802 3803 3804 3805 3806 10 3807 3808 3809 3810 3811 3812 3813 3814 3815 3816 3817 3818 3819 3820 
28 3821 3822 3823 3824 3825 3826 3827 3828 3829 11 3830 3831 3832 3833 3834 3835 3836 3837 3838 3839 3840 3841 3842 3843 3844 3845 3846 3847 
25 3848 3849 3850 3851 3852 3853 3854 3855 3856 3857 3858 3859 11 3860 3861 3862 3863 3864 3865 3866 3867 3868 3869 3870 3871 
23 3872 3873 3874 1198 37 3875 2974 3876 3877 11 3878 3879 3880 3881 3882 3883 3884 3885 3886 3887 3888 3889 3890 
18 3891 3892 3893 3894 3895 3896 3897 3898 3899 3900 3901 3902 3903 11 3904 3905 2368 3906 
30 3907 3908 3909 3910 3911 3912 3913 2713 3914 3915 3916 3917 3918 3919 3920 3921 11 3922 3923 3924 3925 3926 3927 3928 3929 3930 3931 3932 3933 3934 
18 3935 3936 3937 3938 3640 3939 3940 3941 11 3942 3943 3944 3945 3946 3947 3948 3949 3950 
27 3951 3952 3953 3954 3955 3956 11 3957 3958 3959 3960 3961 3962 3963 3964 3965 3966 3967 3968 3969 3970 3971 3972 3973 3974 3975 3976 
23 3977 3978 2663 3979 3090 3980 3981 3982 3983 3984 11 3985 3986 3987 3988 3989 3990 3991 3992 3993 3994 701 3995 
23 3996 3997 3998 3999 4000 4001 4002 4003 4004 4005 4006 4007 4008 11 4009 4010 4011 4012 4013 4014 4015 4016 4017 
26 4018 4019 4020 4021 4022 4023 4024 4025 4026 4027 4028 11 4029 4030 4031 4032 4033 4034 4035 4036 4037 4038 4039 4040 4041 4042 
18 4043 4044 4045 4046 4047 4048 4049 4050 4051 4052 4053 11 4054 4055 4056 4057 4058 4059 
28 4060 4061 4062 4063 4064 4065 4066 4067 4068 4069 4070 4071 4051 11 4072 4073 3726 4074 4075 4076 4077 4078 4079 4080 4081 4082 4083 4084 
20 4085 4086 4087 4088 4089 4090 4091 4092 4093 11 4094 4095 4096 4097 4098 4099 4100 4101 4102 4103 
19 4104 4105 4106 4107 4108 11 119 4109 4110 4111 4112 4113 4114 4115 4116 4117 4118 4119 4120 
21 4121 4122 4123 4124 4125 4126 4127 4128 4129 11 4130 3092 1706 4131 4132 4133 4134 4135 4136 4137 4138 
24 4139 4140 4141 4142 4143 4144 4145 4146 4147 4148 2262 11 4149 4150 4151 4152 4153 4154 4155 4156 4157 4158 4159 4160 
16 4161 4162 4163 4164 4165 4166 4167 4168 4169 11 4170 4171 4172 4173 4174 4175 
13 4176 4177 4178 4179 11 4180 4181 4182 4183 4184 4185 4186 4187 
25 4188 4189 4190 4191 4192 4193 4194 4195 4196 4197 4198 11 4199 4200 4201 4202 4203 4204 4205 4206 1030 4207 4208 4209 4210 
21 4211 4212 4213 4214 4215 4216 4217 4218 4219 4220 4221 12 4222 4223 356 4224 4225 2875 4226 4227 4228 
24 4229 4230 4231 4232 4233 4234 4235 4236 4237 4238 12 4200 4239 4240 4241 4242 4243 4244 4245 4246 4247 4248 4249 4250 
26 4251 4252 4253 4254 4255 4256 4257 4258 4259 118 4260 4261 12 4262 4263 4264 4265 983 4266 4267 4268 4269 4270 3595 4271 4272 
9 4273 4274 12 4275 4276 4277 4278 4279 4280 
19 4281 4282 4283 4284 4285 4286 4287 4288 4289 4290 4291 4292 12 4293 4294 4295 4296 4297 4298 
24 4299 4300 4301 4302 4303 4304 4305 4306 4307 4308 4309 12 4310 4311 4312 4313 4314 4315 4316 4317 4318 4319 4320 4321 
22 4322 4323 4324 4325 4326 4327 4328 3573 4329 4330 4331 12 4332 4333 4334 4335 4336 4337 4338 4339 4340 4341 
21 4342 4343 4344 4345 4346 4347 4348 4349 4350 12 4351 4352 4353 4354 4355 4356 4357 4358 4359 4360 4361 
21 4362 4363 4364 4365 4366 4367 4368 4369 4370 4371 4372 4373 4374 4375 4376 12 4377 4378 2212 4379 4380 
18 4381 4382 2241 4383 4384 4385 4386 4387 4388 12 4389 307 4390 4391 4392 4393 4296 4394 
20 4395 4396 4397 4398 4399 4400 4401 4402 4403 4404 12 4405 4406 4407 1478 4408 4409 4410 4411 4412 
21 4413 4414 4415 2090 4416 2649 4417 4418 4419 4420 4421 4422 4423 12 4424 4425 4426 4427 4428 4429 4430 
22 4431 4432 4433 4434 4435 4436 4437 4438 523 4439 4440 4441 4442 12 4443 4444 4445 4446 4447 4448 4449 4450 
12 4451 4452 4453 4454 4455 12 4456 4457 4458 4459 4460 4461 
28 4462 4463 4464 4465 4466 4467 4468 4469 4470 4471 4472 4473 4474 12 4475 4476 4477 4478 4479 4480 4481 4482 4483 4484 4485 4486 4487 4488 
16 4489 4490 4491 4492 4493 4494 4495 593 12 4496 4497 4498 4499 4500 4501 4502 
22 4503 4504 4505 4506 4507 4508 4509 12 2594 4510 4511 4512 4513 4514 908 4515 4516 4517 4518 4519 4520 4521 
18 2256 4522 4523 4524 4525 4526 12 4527 4528 4529 4530 4531 2876 4532 4533 4534 4535 4536 
25 4537 4538 4539 4540 4541 4542 4543 4544 4545 4546 4547 4548 4549 4550 12 4551 4552 4553 4554 4555 4556 4557 4558 4559 4560 
10 4561 4562 4563 12 4564 4565 4240 4566 4567 4568 
18 4569 4570 4571 4572 4573 4574 4575 4576 4577 4578 12 4579 4580 4581 4582 4583 4584 4585 
22 4586 4587 4588 4589 4590 4591 4592 4593 4594 4595 12 4596 4597 4598 4599 4600 4601 4602 4603 4604 4605 4606 
8 4607 4608 4609 12 4610 4096 4611 4612 
17 4613 4614 4615 4616 4617 3856 4618 4619 12 4620 4621 4622 4623 4624 4625 4626 2997 
18 614 4627 4628 4629 4630 4631 4632 4633 4634 4635 12 4636 4637 4638 4639 4640 4641 4642 
18 4643 4644 4645 4646 4647 4648 4649 4650 12 4651 4652 4653 4654 4655 4656 4657 4658 4659 
22 4660 4661 4662 4663 4664 4665 4666 4667 4668 12 4669 4670 4671 4672 4673 4674 4675 4676 4677 4678 4679 4680 
26 4681 4682 4683 4684 1213 4685 4686 4687 4688 4689 4690 4691 4692 4693 4694 4695 13 4696 4697 4698 4699 4700 4701 4702 4703 4704 
31 4705 4706 4707 4708 4709 2757 4710 1900 4711 4712 4713 4714 4715 13 4716 4717 4718 4719 4720 4721 4722 1062 4723 4724 4725 4726 4727 4728 533 4729 4730 
26 4731 4732 4733 4734 4735 4736 4737 4738 4739 4740 4741 4742 4743 4744 71 13 4745 4746 4747 4748 4749 4750 4751 4752 4753 4754 
16 4755 4756 4757 4758 4759 4760 4761 4762 4763 4764 13 4765 3137 4766 4767 4768 
26 4229 4769 4770 4771 4772 4773 1634 4774 4775 4776 4777 4778 4779 13 4780 4781 4782 4783 4784 4785 4786 4787 4788 4789 4790 4791 
22 4792 4793 4794 4795 4796 4797 4798 4799 4800 3078 4801 13 4802 4803 4804 4805 4806 4807 4808 4809 4810 4811 
18 4812 4813 4814 4815 4816 4817 4818 4819 4820 278 13 4821 4822 4823 4824 4825 4826 4827 
16 4828 2713 4829 4830 4831 4832 4833 13 4834 4835 4836 4837 4838 4839 4840 4841 
16 4842 4843 4844 4845 4846 4847 4848 4849 4850 4851 13 4852 4853 4854 4855 4856 
22 4857 4858 4859 4860 4861 4862 4863 4864 4865 13 4866 3504 4867 4868 4869 4870 4871 4872 4873 4874 4875 4876 
14 4877 4878 179 4879 4880 4881 4882 4883 13 4884 4885 4886 4887 4888 
13 4889 4890 4891 4892 4893 4894 4895 4896 4897 4898 4899 4900 13 
2 4388 13 
1 13 
1 14 
1 14 
2 2432 14 
2 3659 14 
2 14 848 
2 163 14 
3 4758 14 753 
2 14 2622 
3 3601 2918 14 
3 1412 4564 14 
2 404 14 
2 14 2659 
2 14 4038 
3 4577 14 1002 
1 14 
3 15 3166 2966 
1 15 
1 15 
1 15 
3 15 2226 1080 
1 15 
1 15 
2 248 15 
3 15 1366 1174 
4 2914 2937 15 3326 
3 1634 15 2674 
1 15 
3 3637 4108 15 
5 2506 706 461 15 1582 
1 15 
5 1184 3480 15 2659 2643 
2 1464 15 
2 15 2880 
2 4799 15 
2 706 15 
2 1515 15 
3 1764 15 4500 
2 2236 15 
1 15 
1 16 
2 1155 16 
2 2574 16 
1 16 
2 16 3066 
1 16 
1 16 
1 16 
1 16 
2 16 4379 
1 16 
2 2153 16 
2 224 16 
6 4299 3792 2402 16 4377 78 
1 16 
1 16 
2 3319 16 
1 16 
3 3382 1542 16 
2 16 718 
1 16 
3 17 1874 1244 
1 17 
3 4274 2060 17 
1 17 
2 3439 17 
2 884 17 
1 17 
2 1391 17 
3 966 17 1730 
2 514 17 
3 1429 17 3730 
1 17 
2 17 3706 
2 1743 17 
2 942 17 
1 17 
2 4802 17 
2 17 3620 
3 1945 17 448 
4 3912 3435 17 541 
2 17 2679 
1 17 
4 3155 4275 17 1547 
1 17 
2 4197 17 
4 17 2841 2645 1878 
2 2599 17 
3 2093 17 4080 
1 17 
1 17 
2 4433 18 
3 2357 18 1816 
1 18 
1 18 
3 1736 18 1875 
1 18 
6 2773 3823 4741 2855 3212 18 
1 18 
1 18 
4 2232 2329 18 2458 
3 215 3500 18 
3 4003 18 4486 
2 18 911 
1 18 
6 1054 588 2556 18 4581 2940 
1 18 
1 18 
3 4305 4802 18 
1 18 
2 4506 18 
2 18 3869 
1 18 
3 4577 1890 18 
2 121 19 
1 19 
1 19 
2 881 19 
2 19 1121 
2 135 19 
2 19 3142 
2 2338 19 
2 4646 19 
3 1373 2850 20 
2 904 20 
1 20 
2 20 123 
3 1977 20 530 
2 2882 20 
4 2098 4181 415 20 
4 4366 3371 20 3797 
2 585 20 
1 20 
1 20 
2 3031 20 
2 1947 20 
1 20 
2 2913 20 
3 1681 20 2679 
1 20 
1 20 
1 20 
2 95 20 
1 20 
3 3366 2211 20 
2 20 1817 
1 20 
1 20 
3 4234 860 21 
3 266 1706 21 
1 21 
3 4623 21 2942 
1 21 
1 21 
3 3584 21 2879 
1 21 
2 4756 21 
2 3575 21 
1 21 
2 3377 21 
3 1626 384 21 
1 21 
1 21 
2 1161 21 
2 21 4825 
2 4315 21 
2 21 3414 
4 3473 2091 2396 21 
2 1087 22 
1 22 
1 22 
1 22 
1 22 
4 4819 3240 22 1321 
3 93 4100 22 
2 22 4559 
3 145 692 22 
2 22 1323 
2 22 3247 
1 22 
1 22 
4 633 22 1032 607 
1 22 
4 4122 53 1331 22 
2 3953 22 
1 22 
2 3225 22 
2 1028 22 
2 4688 22 
1 22 
2 22 1607 
1 22 
2 108 22 
2 334 22 
1 22 
1 23 
2 2191 23 
1 23 
2 2667 23 
1 23 
1 23 
3 65 912 23 
1 23 
1 23 
2 855 23 
1 23 
3 2656 284 23 
2 2535 23 
2 489 23 
3 970 2774 23 
2 3137 23 
1 23 
2 925 23 
1 24 
1 24 
1 24 
2 936 24 
2 1973 24 
1 24 
1 24 
1 24 
2 1171 24 
1 24 
1 24 
4 1955 4107 2534 24 
1 24 
1 24 
2 4582 25 
3 2179 2550 25 
4 3145 1273 1093 25 
2 2150 25 
3 4236 3878 25 
1 25 
3 4230 1094 25 
4 1500 463 679 25 
1 25 
2 4882 25 
1 25 
3 4063 2651 25 
2 3046 25 
1 25 
3 3280 1322 25 
2 4842 25 
1 25 
3 922 190 26 
1 26 
2 2690 26 
2 890 26 
3 3832 4266 26 
2 581 26 
1 26 
1 26 
3 2378 1455 26 
2 4494 26 
1 26 
1 26 
2 1522 26 
3 3909 2597 26 
3 841 4009 27 
3 325 4132 27 
2 4360 27 
3 3903 4460 27 
2 791 27 
2 4408 27 
2 1970 27 
2 2981 27 
1 27 
1 27 
3 227 2583 27 
2 3135 27 
1 27 
2 3872 27 
2 2024 27 
1 27 
1 27 
2 382 27 
3 998 3204 27 
1 27 
4 243 3198 4016 27 
3 3857 3811 28 
2 4604 28 
2 1705 28 
2 593 28 
2 109 28 
2 2414 28 
2 3932 28 
5 1128 335 1870 898 28 
3 3298 3777 28 
2 1730 28 
2 1565 28 
2 29 2583 
4 29 3176 1720 85 
1 29 
4 29 851 2395 2456 
4 29 4628 4859 1297 
2 29 2488 
2 29 4735 
2 29 2043 
1 29 
1 29 
5 29 2232 38 1185 834 
1 29 
4 29 3849 4452 3317 
3 29 1185 2006 
2 29 4354 
1 29 
1 29 
1 29 
2 29 3654 
2 29 793 
3 30 3096 1447 
4 4537 30 586 100 
2 30 3561 
2 30 1177 
1 30 
2 30 3187 
2 30 3476 
1 30 
1 30 
2 30 2525 
1 30 
2 30 977 
1 30 
1 30 
3 4281 30 3975 
1 30 
3 30 3418 504 
1 30 
4 31 3366 3466 1642 
1 31 
3 31 386 1952 
5 31 566 1783 100 4704 
1 31 
4 31 4860 360 3870 
4 31 2310 1474 1242 
2 31 1498 
2 31 1488 
1 31 
5 2088 31 4367 230 537 
2 31 4151 
1 31 
2 3491 31 
2 1085 31 
2 31 4160 
3 31 4371 4751 
2 31 1181 
2 31 3567 
2 1571 31 
5 31 3126 4088 3531 4874 
2 31 4791 
1 31 
2 31 4144 
4 31 436 3534 922 
2 31 4364 
3 31 4565 144 
2 32 1730 
1 32 
2 32 4469 
1 32 
2 32 239 
5 32 1462 2589 1199 4053 
2 32 1473 
1 32 
2 32 4137 
3 32 3210 4266 
1 32 
1 32 
2 32 2181 
2 32 33 
1 32 
2 32 1065 
2 32 1553 
2 32 4280 
3 33 2454 4762 
1 33 
2 33 2907 
4 1328 33 4662 3427 
3 33 3960 4009 
2 33 436 
3 3735 33 3366 
2 4608 33 
1 33 
1 33 
1 33 
1 33 
1 33 
2 33 1923 
2 33 1170 
1 33 
1 33 
3 4686 33 1799 
3 3821 33 4184 
2 33 3010 
1 33 
2 33 2006 
1 33 
2 33 3091 
1 34 
4 2122 34 1292 2478 
2 1157 34 
1 34 
4 34 2005 4853 4482 
1 34 
3 4364 1679 34 
2 34 4406 
3 1037 34 3393 
5 1156 34 1909 1982 4204 
1 34 
2 1107 34 
3 34 1258 2293 
3 34 953 4765 
2 34 1045 
1 35 
3 4541 35 1658 
1 35 
1 35 
2 35 1906 
2 35 2213 
2 2015 35 
1 35 
1 35 
3 1740 35 4002 
1 35 
3 3910 35 3213 
3 35 489 2106 
2 2033 35 
3 36 1874 2048 
1 36 
2 36 3948 
2 36 39 
1 36 
1 36 
2 36 1303 
1 36 
2 2086 36 
2 36 2215 
2 743 36 
4 431 36 2029 4870 
2 4088 36 
1 36 
2 4162 36 
3 36 3880 107 
2 36 1166 
2 36 1956 
3 2013 36 2678 
1 36 
2 36 203 
1 36 
2 37 3975 
2 37 893 
3 37 183 4658 
3 37 284 290 
2 37 4292 
1 37 
1 37 
3 37 2470 4319 
1 37 
2 37 4376 
1 37 
1 37 
1 37 
1 37 
1 37 
3 37 1701 314 
3 3341 37 1948 
2 37 3392 
2 4254 37 
2 4001 37 
2 38 2063 
2 38 3253 
1 38 
2 3069 38 
3 38 2106 3615 
1 38 
2 2755 38 
3 38 2441 2325 
1 38 
1 38 
1 38 
2 4001 38 
2 164 38 
4 2165 38 4023 1765 
1 38 
2 38 2249 
3 38 2153 2746 
3 39 1309 4701 
1 39 
2 39 2856 
2 39 691 
2 2163 39 
1 39 
5 1629 39 1806 1852 4835 
2 39 796 
2 39 1813 
1 39 
1 39 
2 39 2939 
3 1514 39 4313 
3 262 39 1421 
2 4490 39 
1 39 
3 39 1950 3331 
1 39 
1 40 
1 40 
1 40 
2 2571 40 
3 4284 40 1143 
2 40 3065 
5 40 1662 929 1991 3265 
1 40 
4 1998 40 3791 2622 
2 40 2977 
1 40 
2 40 842 
2 40 4298 
3 40 4819 3752 
3 4896 40 3847 
2 40 4635 
1 40 
3 1071 40 1386 
1 40 
2 41 808 
2 1213 41 
2 41 3293 
1 41 
2 41 2839 
1 41 
1 41 
2 41 4224 
2 41 3573 
1 41 
2 91 41 
1 41 
3 2755 41 3485 
2 41 892 
2 517 41 
2 3248 41 
3 4019 41 564 
1 41 
2 41 3522 
3 41 4631 747 
2 116 42 
1 42 
3 159 42 4454 
1 42 
2 42 3219 
1 42 
2 3054 42 
3 42 4637 4639 
2 42 3832 
1 42 
2 4757 42 
2 777 42 
2 42 4720 
1 42 
3 4814 42 1769 
1 42 
3 2297 42 1498 
1 42 
1 42 
2 42 3969 
2 43 1200 
1 43 
4 2000 43 1357 4359 
1 43 
3 2511 43 3056 
3 4163 43 3745 
1 43 
1 43 
2 1228 43 
1 43 
2 4891 43 
2 2634 43 
1 43 
3 3153 43 1801 
1 43 
1 43 
4 3489 3684 43 1032 
2 43 555 
1 44 
3 2974 44 4053 
3 44 4440 2595 
3 2636 44 2841 
2 2201 44 
2 4061 44 
3 513 44 3307 
3 44 888 769 
1 44 
2 4705 44 
1 44 
1 44 
2 44 3197 
3 260 4401 44 
1 45 
1 45 
2 548 45 
2 3154 45 
1 45 
4 3004 45 1221 4623 
3 1178 45 459 
1 45 
1 45 
1 45 
2 45 4514 
4 403 45 3350 4457 
3 4188 45 2349 
1 45 
1 45 
1 45 
3 3873 45 2809 
2 45 2308 
1 45 
1 45 
2 45 3263 
3 2968 973 45 
1 45 
1 45 
2 4845 46 
2 926 46 
2 2742 46 
1 46 
4 3526 3952 46 2482 
2 1762 46 
2 976 46 
1 46 
2 372 46 
1 46 
4 4614 1272 1939 46 
4 321 46 3307 4078 
1 46 
2 46 2991 
1 46 
2 842 46 
2 46 1042 
3 502 46 3256 
3 4307 46 4839 
2 46 790 
4 704 3388 3478 46 
2 46 3356 
1 46 
2 1685 46 
1 46 
2 46 541 
2 3350 46 
1 46 
3 2333 3522 47 
1 47 
1 47 
5 3786 379 2395 3512 47 
3 67 47 3755 
2 3342 47 
3 1710 47 4612 
2 231 47 
1 47 
2 1563 47 
3 2716 358 47 
3 456 1548 47 
1 47 
2 2406 47 
3 3666 47 2801 
2 4598 47 
2 3195 48 
2 1202 48 
2 2531 48 
1 48 
2 48 1838 
4 499 3187 48 607 
1 48 
1 48 
2 48 467 
2 874 48 
1 48 
1 48 
3 764 48 3356 
1 48 
2 48 4501 
4 2588 4232 1309 48 
2 3857 48 
3 4066 48 4728 
3 1044 48 2231 
3 471 3969 48 
1 49 
1 49 
2 49 2156 
1 49 
1 49 
2 330 49 
1 49 
1 49 
5 2952 4634 3259 49 4379 
3 3550 49 3871 
2 49 3695 
1 49 
2 1704 49 
1 49 
2 3154 49 
2 97 49 
3 1291 49 665 
1 49 
4 3850 3233 4105 49 
2 4581 49 
1 49 
2 49 2536 
1 49 
1 49 
1 49 
4 3855 1253 4171 49 
2 3145 49 
3 4883 2721 49 
1 49 
2 324 50 
3 167 3177 50 
1 50 
2 1040 50 
5 1781 4630 1061 464 50 
1 50 
4 4018 3159 4583 50 
3 1392 50 870 
3 3939 50 3758 
1 50 
2 879 50 
3 4800 576 50 
2 50 4297 
1 50 
4 3900 3479 2267 50 
2 2900 50 
2 50 4767 
4 3431 217 3098 50 
2 3519 50 
1 50 
2 1605 50 
2 2820 51 
1 51 
1 51 
1 51 
1 51 
2 1148 51 
1 51 
2 3298 51 
2 2608 51 
2 2957 51 
1 51 
2 531 51 
1 51 
2 3055 51 
1 51 
2 269 51 
2 4371 51 
1 52 
1 52 
3 4588 52 3130 
2 52 1661 
2 4539 52 
2 52 4822 
1 52 
1 52 
2 52 83 
3 52 2984 3203 
2 2687 52 
2 52 1966 
1 52 
1 52 
2 52 3729 
1 52 
1 52 
2 52 3672 
2 52 2605 
2 52 1604 
2 52 3323 
2 52 4528 
1 52 
2 1326 52 
4 3314 4708 52 442 
2 52 3306 
2 52 214 
1 52 
4 52 436 1751 833 
2 52 1164 
1 52 
3 3996 52 3858 
1 53 
4 53 660 3675 1387 
2 53 1199 
3 53 3106 2679 
2 53 969 
2 53 1787 
2 53 889 
2 53 1545 
2 53 935 
3 53 3787 666 
2 53 2891 
1 53 
1 53 
2 53 3810 
1 53 
1 53 
2 53 3481 
1 54 
4 54 3643 3373 360 
1 54 
2 54 4193 
1 54 
2 54 3193 
3 3655 54 2044 
2 1756 54 
2 54 970 
4 243 54 3958 1147 
4 4590 54 2576 1408 
1 54 
3 54 4834 625 
1 55 
1 55 
2 55 2521 
1 55 
2 55 1421 
4 55 3123 775 124 
2 55 3723 
1 55 
1 55 
1 55 
1 55 
2 55 4271 
2 3281 55 
1 55 
2 275 55 
1 55 
2 3380 55 
1 55 
2 2507 55 
3 56 3809 597 
1 56 
3 423 56 1718 
2 56 1719 
1 56 
2 56 2962 
2 56 3546 
2 56 1121 
3 484 56 3671 
3 488 56 1790 
1 56 
1 56 
1 56 
1 56 
2 56 3095 
1 56 
2 2241 56 
1 56 
2 56 1909 
1 56 
2 56 107 
1 56 
2 57 663 
3 57 1381 3030 
1 57 
3 4539 57 2531 
3 2123 57 1142 
3 3660 118 57 
1 57 
2 2418 57 
1 57 
2 57 1865 
2 57 2230 
1 57 
1 57 
1 57 
3 1092 373 57 
2 4423 57 
3 1518 2260 57 
2 57 4836 
3 1181 57 4200 
1 57 
1 58 
2 541 58 
2 3179 58 
1 58 
1 58 
2 3767 58 
3 1464 1789 58 
2 58 4250 
1 58 
2 58 4429 
3 4842 2635 58 
1 58 
3 3307 4482 58 
1 58 
1 58 
2 1111 58 
2 762 58 
1 58 
3 2968 58 3429 
1 58 
3 1062 58 3654 
2 992 58 
1 58 
1 59 
3 1742 59 3906 
2 1442 59 
2 1924 59 
4 2303 4510 3413 59 
2 296 59 
3 661 59 3680 
3 654 1811 59 
1 59 
2 3872 59 
2 1555 59 
3 3951 418 59 
2 1455 59 
1 59 
2 1033 59 
1 59 
2 697 59 
1 59 
2 2295 59 
1 59 
2 642 59 
3 3215 476 59 
4 96 1558 2767 59 
1 59 
2 279 59 
2 60 2482 
3 2201 60 3564 
3 568 3814 60 
2 855 60 
2 2874 60 
3 4141 2181 60 
5 1413 4851 600 1125 60 
1 60 
1 60 
4 3821 2609 286 60 
3 555 558 60 
2 4896 60 
2 1684 60 
2 1408 60 
3 1634 2005 60 
2 1472 60 
1 60 
2 61 3562 
1 61 
3 61 2710 3512 
2 61 3477 
1 61 
1 61 
3 61 198 3441 
3 61 615 1038 
2 817 61 
1 61 
2 61 918 
1 61 
1 61 
2 61 1522 
1 61 
2 61 4052 
1 61 
2 61 2612 
3 61 4896 2872 
1 61 
1 62 
3 242 62 778 
1 62 
2 62 3791 
2 62 2547 
2 62 1895 
1 62 
2 62 2140 
1 62 
2 62 854 
1 62 
1 62 
1 62 
1 62 
2 62 3104 
3 62 3898 3139 
2 63 825 
1 63 
2 63 2117 
2 63 4668 
1 63 
1 63 
2 63 3384 
2 63 3270 
2 63 3320 
1 63 
3 63 4420 1385 
1 63 
5 2429 63 3341 2558 2943 
1 63 
4 63 3779 589 1717 
1 63 
3 316 63 3794 
2 63 2913 
1 63 
1 63 
2 63 2152 
1 64 
2 64 1702 
3 64 3073 4295 
2 1593 64 
2 64 962 
1 64 
4 2197 64 2972 3604 
1 64 
2 64 2966 
3 64 4100 664 
1 64 
1 64 
1 64 
2 2846 64 
1 64 
1 64 
1 65 
1 65 
1 65 
3 1650 65 3191 
1 65 
2 3778 65 
1 65 
3 65 883 1843 
2 484 65 
2 65 3993 
1 65 
2 65 1309 
1 65 
1 65 
1 65 
1 65 
1 65 
2 66 2722 
2 4191 66 
1 66 
4 3054 66 2722 3142 
2 66 1869 
1 66 
1 66 
3 66 2222 1876 
1 66 
2 66 953 
4 653 1651 66 3711 
4 4168 66 4809 2228 
1 66 
1 66 
2 66 3782 
3 66 549 3706 
2 4607 67 
2 67 2674 
2 1953 67 
1 67 
3 4021 67 1369 
2 67 687 
1 67 
3 67 2694 2872 
1 67 
2 67 1841 
3 67 1714 3585 
4 740 67 1276 932 
1 67 
3 4141 67 2314 
1 67 
1 67 
1 67 
1 67 
3 67 2073 4079 
1 67 
1 67 
2 67 4075 
3 67 2445 4680 
2 428 67 
2 67 496 
2 432 67 
2 67 186 
2 68 4353 
2 68 1027 
2 68 1891 
8 3798 2734 3084 3526 631 68 3483 3223 
1 68 
2 68 4034 
3 68 438 2842 
3 68 2418 2027 
1 68 
4 2162 68 4632 2387 
3 113 68 3370 
1 68 
1 68 
3 3526 68 2269 
1 68 
1 68 
1 68 
2 68 2343 
3 68 2836 4311 
1 68 
3 1821 68 2551 
2 68 4639 
1 69 
1 69 
1 69 
1 69 
3 69 3931 3847 
1 69 
1 69 
2 3937 69 
1 69 
1 69 
3 819 1710 69 
2 69 3633 
2 69 2717 
3 69 3058 2212 
2 69 4099 
2 69 2990 
1 69 
1 69 
2 69 2457 
3 69 4898 279 
1 69 
1 69 
3 1302 69 4752 
1 70 
2 3184 70 
2 70 3976 
2 378 70 
1 70 
2 70 4334 
1 70 
3 1430 70 3167 
1 70 
1 70 
1 70 
4 1108 2427 2180 70 
1 70 
2 70 1601 
1 70 
2 70 1238 
2 70 775 
2 1037 70 
3 70 1904 1510 
1 70 
3 2166 3792 71 
2 323 71 
2 973 71 
1 71 
2 71 3890 
1 71 
2 71 3904 
2 4812 71 
2 4023 71 
1 71 
1 71 
1 71 
3 2550 71 3868 
1 71 
2 71 106 
3 4814 71 4407 
3 1805 71 3712 
2 71 4566 
3 71 1188 1063 
2 72 3756 
1 72 
1 72 
3 265 72 3560 
3 1181 72 3904 
1 72 
1 72 
1 72 
1 72 
1 72 
3 3941 72 1872 
1 72 
3 1070 72 753 
1 72 
2 2833 72 
1 72 
2 4433 72 
1 72 
3 3057 72 3712 
1 72 
5 2019 326 4454 73 3749 
4 1741 1377 4474 73 
2 73 3652 
2 73 4885 
1 73 
1 73 
1 73 
1 73 
2 73 1874 
2 2652 73 
1 73 
1 73 
2 1805 73 
2 1152 73 
3 73 1951 2643 
1 73 
3 150 73 2903 
1 73 
2 565 73 
2 2128 73 
1 73 
2 1530 74 
2 2915 74 
2 2183 74 
2 4432 74 
1 74 
3 1162 507 74 
1 74 
2 74 3618 
1 74 
2 3494 74 
2 1943 74 
3 2196 75 3033 
3 615 2301 75 
2 75 2703 
4 4021 1133 75 287 
2 3769 75 
1 75 
2 3023 75 
1 75 
1 75 
1 75 
1 75 
2 75 1190 
2 616 75 
4 3399 3802 589 75 
3 1872 75 3614 
3 3039 2451 75 
1 75 
2 225 75 
3 4221 2149 75 
1 75 
2 75 2010 
2 1739 75 
2 4404 75 
1 75 
1 75 
1 76 
2 4796 76 
3 3637 591 76 
2 4145 76 
1 76 
1 76 
1 76 
1 76 
1 76 
2 3112 76 
2 76 3547 
2 3831 76 
3 590 813 76 
2 2451 76 
3 489 76 4246 
4 3415 3736 3151 76 
1 76 
2 3235 76 
1 76 
3 3571 76 3714 
1 76 
1 76 
2 1596 76 
2 4315 76 
3 2733 76 1388 
2 76 3277 
1 77 
1 77 
2 752 77 
5 3848 4178 77 4185 291 
3 4822 1869 77 
1 77 
3 2165 77 1123 
1 77 
2 2974 77 
1 77 
4 1635 1205 77 511 
1 77 
2 1972 77 
1 77 
3 4177 4709 77 
2 2333 77 
1 77 
2 4601 77 
2 1450 77 
2 2060 77 
1 77 
1 77 
1 77 
1 77 
1 78 
1 78 
2 2256 78 
1 78 
2 2593 78 
2 78 3991 
3 4443 78 313 
4 4259 3577 78 3992 
2 2709 78 
2 1043 78 
2 3815 78 
3 338 78 3169 
3 1894 78 912 
1 78 
1 78 
2 3753 79 
1 79 
2 79 626 
1 79 
2 1160 79 
1 79 
1 79 
3 79 3170 1172 
1 79 
2 3268 79 
1 79 
1 79 
3 910 79 4729 
1 79 
3 2745 79 544 
1 79 
1 79 
1 79 
1 79 
2 3342 80 
2 602 80 
2 80 1691 
3 3151 3603 80 
1 80 
3 2146 1619 80 
1 80 
1 80 
1 80 
1 80 
3 2311 80 2843 
1 80 
4 3499 284 80 2824 
2 4588 80 
2 80 3524 
2 80 2193 
2 2089 80 
2 3822 80 
1 80 
1 80 
4 3779 3722 3241 80 
1 81 
3 4179 81 2136 
3 1252 81 3038 
3 2925 4268 81 
1 81 
2 1508 81 
3 3482 2343 81 
3 3003 2418 81 
1 81 
2 1967 81 
2 1383 81 
1 81 
1 81 
3 2745 1023 81 
2 81 986 
1 81 
3 3111 445 81 
1 81 
1 81 
1 81 
1 82 
1 82 
1 82 
2 82 2752 
1 82 
3 4169 2404 82 
2 1660 82 
1 82 
2 1575 82 
1 82 
1 82 
2 1823 82 
1 82 
2 2027 82 
2 3821 82 
2 415 83 
2 2491 83 
1 83 
2 746 83 
1 83 
2 2411 83 
2 4451 83 
1 83 
5 246 281 1189 4078 83 
3 3069 1522 83 
2 4239 83 
3 3128 3691 83 
1 83 
1 83 
1 83 
2 2970 83 
2 583 83 
1 83 
1 83 
2 2771 83 
1 84 
2 3252 84 
1 84 
1 84 
2 1268 84 
2 1292 84 
1 84 
1 84 
3 3515 3649 84 
2 3227 84 
1 84 
1 84 
2 668 84 
1 84 
2 1617 84 
2 1007 84 
2 764 84 
1 84 
3 1918 4312 84 
1 84 
4 2013 2776 4409 84 
2 2684 84 
1 84 
1 84 
1 84 
3 4045 84 3430 
1 84 
2 4624 84 
2 2701 85 
2 3012 85 
1 85 
2 1750 85 
1 85 
2 658 85 
1 85 
3 393 1951 85 
1 85 
2 1685 85 
2 1187 85 
4 1683 3464 896 85 
2 2802 85 
2 2555 85 
2 4817 85 
2 4609 85 
1 85 
4 1572 2556 1727 85 
3 4365 2555 85 
2 2397 85 
2 1703 85 
2 192 86 
1 86 
1 86 
1 86 
3 3854 4870 86 
3 2602 3615 86 
2 718 86 
2 1250 86 
3 3363 1694 86 
2 949 86 
2 536 86 
4 404 4444 210 86 
1 86 
1 87 
1 87 
3 1357 907 87 
2 2647 87 
1 87 
3 3424 1925 87 
2 1308 87 
1 87 
2 3990 87 
3 3910 1242 87 
2 1087 87 
2 1088 87 
3 546 2878 87 
1 88 
2 3469 88 
1 88 
1 88 
2 1729 88 
1 88 
2 1691 88 
1 88 
4 2551 1725 3563 88 
5 610 4843 324 543 88 
3 2745 4357 88 
2 89 2121 
3 89 3772 4606 
3 89 2279 4533 
2 89 2145 
3 89 3509 350 
1 89 
1 89 
2 89 1482 
2 89 676 
2 89 1430 
2 89 1151 
2 89 329 
1 89 
2 89 3471 
1 89 
3 89 3287 3195 
3 89 4604 4411 
2 89 4868 
2 89 1677 
2 89 1032 
3 89 3188 2064 
1 89 
3 89 3599 4867 
1 89 
2 90 1060 
2 90 2628 
1 90 
3 90 2434 4456 
1 90 
4 90 1861 4670 3352 
2 90 878 
1 90 
4 3848 90 2133 292 
2 90 736 
1 90 
2 90 3601 
2 90 2219 
3 90 3476 811 
3 90 2031 4389 
1 90 
2 90 2627 
3 90 3939 4132 
1 90 
2 90 3790 
1 90 
1 91 
3 91 3212 133 
2 91 4618 
1 91 
2 91 970 
2 91 4820 
3 91 586 3468 
1 91 
2 91 3364 
4 91 2955 4530 4425 
3 91 1041 1992 
2 91 4859 
2 91 1133 
4 91 4570 1094 1827 
1 91 
1 91 
3 91 4047 3215 
2 91 2906 
2 91 3088 
2 91 4784 
2 91 3159 
2 91 4531 
4 91 3082 2223 645 
1 91 
2 91 830 
1 91 
2 92 2573 
2 92 2442 
4 92 1441 1406 2366 
3 92 746 2621 
1 92 
2 92 2821 
1 92 
2 4490 92 
3 92 1157 4867 
1 92 
3 92 4217 748 
2 92 4604 
2 92 4290 
4 347 92 3153 3221 
3 92 4214 400 
1 92 
1 92 
1 92 
2 93 1345 
1 93 
3 93 3012 1622 
3 93 3979 3708 
2 93 2494 
1 93 
2 93 1790 
2 93 4713 
3 93 2495 4354 
1 93 
1 93 
1 93 
2 93 2441 
1 93 
1 93 
1 93 
2 93 1892 
3 3997 93 921 
3 93 4720 3989 
2 93 4808 
2 93 1307 
1 93 
3 93 1272 1849 
1 94 
1 94 
1 94 
1 94 
1 94 
4 94 1993 4272 1843 
2 94 4373 
1 94 
2 94 746 
2 94 2744 
2 94 4277 
1 94 
1 94 
2 94 3744 
2 2119 94 
1 94 
3 95 2963 2177 
2 1761 95 
1 95 
3 3402 95 4293 
2 95 2965 
3 95 2719 1116 
2 4092 95 
5 3454 95 3076 4783 3118 
1 95 
3 1516 1286 95 
2 95 541 
3 95 4579 2785 
5 95 1419 2209 1475 4486 
1 95 
6 316 681 3362 95 1437 4526 
3 350 95 2341 
2 95 1289 
2 95 4084 
3 2238 95 341 
1 96 
1 96 
1 96 
1 96 
2 96 2133 
1 96 
1 96 
2 126 96 
2 96 2536 
2 96 2052 
2 2022 96 
2 96 368 
3 1327 96 3750 
4 4108 96 1837 2704 
1 96 
3 96 2383 1548 
2 1217 96 
1 96 
2 3408 96 
1 96 
3 4087 4323 97 
2 243 97 
3 4467 4006 97 
2 97 4671 
1 97 
2 97 1388 
3 97 2941 4339 
2 671 97 
2 97 4459 
1 97 
4 97 1103 661 3904 
2 3566 97 
2 97 3709 
2 163 97 
2 97 2898 
2 3528 97 
1 97 
2 4161 97 
1 98 
2 98 1664 
2 4350 98 
2 4439 98 
1 98 
1 98 
2 98 641 
2 1153 98 
2 1713 98 
2 98 4804 
1 98 
2 2787 98 
1 98 
1 98 
5 1976 2804 98 3096 2621 
3 3826 3902 98 
2 4569 99 
2 4025 99 
1 99 
2 99 4626 
1 99 
1 99 
3 883 99 2136 
1 99 
2 3109 99 
2 99 3709 
2 99 1460 
1 99 
4 99 334 2190 3034 
2 4282 99 
2 390 99 
3 2149 99 719 
2 99 2618 
2 99 756 
5 4043 1681 99 1443 2680 
3 585 2519 99 
2 1300 100 
2 100 3862 
2 100 479 
2 100 698 
3 3513 100 2801 
1 100 
1 100 
1 100 
1 100 
2 3736 100 
1 100 
2 2776 100 
2 100 4244 
2 1015 100 
3 100 2264 1600 
1 100 
2 4772 100 
3 4588 519 100 
1 100 
2 1524 101 
2 472 101 
2 3656 101 
1 101 
3 4732 101 1931 
2 382 101 
1 101 
1 101 
3 3190 4698 101 
3 3088 3028 101 
2 661 101 
1 101 
1 101 
2 4176 101 
4 4760 101 155 3995 
1 101 
1 101 
2 3286 101 
2 101 3183 
3 3738 764 101 
2 1787 101 
4 1849 101 3820 3976 
1 101 
2 3641 102 
3 2555 102 4502 
2 102 192 
2 766 102 
1 102 
4 819 2173 102 3226 
3 3348 3159 102 
1 102 
1 102 
2 4611 102 
3 656 1189 102 
5 2760 558 102 4605 649 
2 102 3542 
1 102 
1 102 
3 3798 102 1481 
4 4505 2641 102 4117 
1 102 
3 1666 103 699 
3 4261 2497 103 
2 673 103 
2 103 4872 
2 3487 103 
2 2447 103 
3 1429 2986 103 
1 103 
3 4242 3988 103 
2 1889 103 
1 103 
2 527 103 
1 103 
1 103 
4 1332 4309 103 1624 
3 2692 4391 103 
3 692 2472 103 
2 2912 104 
2 1770 104 
2 2108 104 
2 104 680 
1 104 
1 104 
2 3163 104 
1 104 
2 4229 104 
2 104 4446 
2 4470 104 
1 104 
2 4255 104 
3 552 3243 104 
2 1059 104 
1 104 
1 104 
1 104 
4 681 2911 104 2705 
1 104 
1 104 
1 104 
2 1888 104 
1 104 
1 105 
2 3437 105 
1 105 
1 105 
1 105 
2 3091 105 
3 318 1531 105 
3 2952 4603 105 
1 105 
4 723 4525 4602 105 
3 2414 1752 105 
1 105 
2 4696 105 
2 3621 105 
1 105 
3 2762 105 2644 
2 3916 105 
1 105 
2 2443 106 
3 2792 1316 106 
1 106 
2 4845 106 
1 106 
1 106 
2 4772 106 
2 2418 106 
1 106 
1 106 
4 2153 2267 3427 106 
2 169 106 
2 4202 106 
3 2392 186 106 
3 689 3522 107 
1 107 
3 593 4371 107 
2 1586 107 
2 226 107 
2 422 107 
2 4395 107 
4 4765 343 2369 107 
1 107 
3 4732 117 107 
2 4313 107 
1 107 
2 384 107 
1 107 
3 4381 2802 107 
3 3184 2539 107 
1 108 
2 108 4649 
1 108 
1 108 
3 108 727 679 
1 108 
3 108 2032 4417 
1 108 
1 108 
1 108 
1 108 
2 108 2326 
3 108 2716 3901 
1 108 
2 108 4415 
3 108 1230 4494 
1 109 
3 109 3773 1858 
2 109 161 
3 1732 109 3839 
3 109 653 2316 
3 109 1111 3665 
1 109 
4 109 2710 3959 2617 
2 109 2451 
1 109 
3 109 1448 3015 
1 109 
1 109 
1 109 
3 109 2619 2253 
5 109 2464 1883 1764 4868 
1 109 
1 109 
4 109 1592 4796 1939 
3 109 4263 4408 
2 109 2339 
1 110 
4 110 3854 1219 2479 
1 110 
1 110 
1 110 
2 110 3049 
3 110 1735 3742 
3 110 2687 1575 
1 110 
1 110 
3 110 1479 1948 
3 110 485 150 
3 110 3669 2579 
2 110 1248 
4 110 306 2082 739 
2 110 3671 
2 110 3726 
2 110 939 
1 110 
1 110 
3 110 3054 2538 
3 111 4776 3077 
1 111 
5 111 3433 1334 4375 3507 
3 2196 111 744 
1 111 
3 111 1518 736 
2 1390 111 
1 111 
1 111 
1 111 
2 111 3606 
2 111 3024 
1 111 
4 111 2000 3948 3036 
1 111 
1 111 
1 111 
2 1860 111 
1 112 
3 483 4284 112 
4 112 3160 4153 1381 
4 2631 112 1180 622 
2 112 2189 
2 112 1452 
2 112 4039 
1 112 
1 112 
1 112 
1 112 
2 112 2182 
3 112 2220 1945 
2 451 112 
2 112 3256 
3 112 4227 1585 
1 113 
1 113 
3 2163 1461 113 
5 3698 113 3661 1255 2858 
1 113 
6 145 4815 113 3668 3502 2361 
1 113 
3 1176 839 113 
1 113 
4 2276 113 4111 3138 
1 113 
1 113 
2 113 3706 
1 113 
2 113 3275 
2 113 1872 
2 4607 113 
2 113 399 
3 223 113 1360 
2 113 672 
3 2666 113 3096 
2 113 690 
1 113 
2 4285 114 
3 114 4293 4753 
2 114 1768 
2 114 2190 
2 114 2582 
3 114 1289 4263 
2 114 1799 
2 114 3129 
1 114 
2 275 114 
1 114 
2 114 1293 
2 114 4530 
2 114 1117 
3 114 4371 935 
4 115 355 555 4530 
1 115 
2 115 4458 
1 115 
2 115 293 
1 115 
2 115 1878 
1 115 
1 115 
3 224 115 1101 
2 115 4208 
1 115 
4 115 3094 4598 2364 
2 115 4692 
1 115 
1 115 
1 115 
3 115 3460 738 
1 115 
1 115 
2 115 2915 
3 2663 115 2132 
1 116 
2 4062 116 
3 1538 116 232 
1 116 
1 116 
1 116 
2 116 1123 
1 116 
2 116 211 
2 116 4805 
2 116 1967 
2 3603 116 
1 116 
4 116 2779 2082 980 
1 116 
3 116 1338 4640 
1 116 
2 3073 116 
1 116 
1 116 
2 116 3608 
2 116 3671 
3 2203 117 3329 
1 117 
1 117 
2 1734 117 
3 4857 3683 117 
3 4743 117 4132 
2 4190 117 
3 2693 117 4730 
1 117 
1 117 
2 117 3504 
3 117 2538 4568 
1 117 
4 2431 4126 117 4186 
1 117 
2 117 3746 
2 117 4081 
2 117 664 
1 117 
2 117 1168 
2 2772 117 
2 118 813 
2 118 4037 
4 118 3284 2798 4727 
1 118 
2 1462 118 
1 118 
2 1154 118 
2 118 4824 
4 3299 3937 118 3564 
2 2454 118 
1 118 
2 118 866 
1 118 
3 589 118 3905 
2 118 1580 
2 4344 118 
2 4327 118 
2 118 1311 
2 118 4387 
2 2122 118 
1 118 
1 118 
1 118 
3 118 3135 4485 
1 118 
1 118 
1 118 
1 118 
3 118 3963 730 
3 4688 118 2113 
2 119 3313 
2 4399 119 
3 3622 119 355 
2 119 4275 
2 4323 119 
1 119 
3 901 1527 119 
2 119 4116 
1 119 
2 119 192 
2 2650 119 
2 119 376 
2 119 2138 
3 119 2384 2441 
2 119 1875 
2 2686 119 
4 1597 119 1342 2407 
2 3892 119 
1 119 
1 119 
1 119 
1 119 
2 861 119 
1 119 
2 3150 119 
2 158 119 
1 119 
1 119 
2 120 2475 
2 120 4457 
2 347 120 
1 120 
1 120 
1 120 
2 2199 120 
2 4853 120 
3 2832 3945 120 
2 2244 120 
1 120 
3 1805 2871 120 
1 120 
3 199 3941 120 
2 2093 120 
3 132 120 3243 
1 121 
1 121 
3 3387 121 3444 
1 121 
2 2955 121 
2 4878 121 
1 121 
4 4420 507 4611 121 
1 121 
1 121 
1 121 
3 2589 121 4702 
3 2988 1894 121 
3 4346 2340 121 
3 147 121 123 
1 121 
3 4367 1334 121 
2 2758 121 
2 4404 121 
1 122 
1 122 
3 4834 122 2085 
1 122 
1 122 
3 548 904 122 
2 122 422 
3 122 4825 1693 
2 170 122 
2 4695 122 
1 122 
2 3274 122 
3 4018 308 122 
2 122 3311 
2 1616 122 
1 122 
2 122 914 
3 2343 122 3297 
1 122 
3 3833 3047 122 
1 122 
3 1631 2890 123 
1 123 
2 4418 123 
4 2487 2064 539 123 
2 2580 123 
1 123 
2 4812 123 
6 4401 1332 1114 1598 2079 123 
1 123 
1 123 
1 123 
1 123 
2 2559 123 
1 123 
1 123 
2 2719 124 
2 1381 124 
1 124 
3 1240 3988 124 
2 3341 124 
3 3364 2289 124 
4 258 3729 4841 124 
1 124 
2 1759 124 
3 4771 4838 124 
1 124 
1 124 
1 124 
1 124 
1 124 
6 2775 2340 730 1833 2782 124 
3 1804 3217 124 
3 2072 3513 124 
1 124 
2 1320 124 
1 125 
2 125 2018 
1 125 
1 125 
1 125 
5 125 4020 2126 1499 1476 
2 125 3622 
1 125 
3 628 125 2306 
1 125 
2 125 548 
2 125 1365 
2 125 355 
2 126 2494 
1 126 
1 126 
1 126 
1 126 
2 126 2133 
1 126 
1 126 
2 126 3750 
1 126 
1 126 
2 126 710 
1 126 
5 4121 126 3814 2029 2482 
2 126 3394 
2 126 4581 
2 126 2355 
3 126 3609 3561 
3 126 3762 2653 
3 126 653 2915 
2 126 2140 
1 126 
2 126 3981 
4 126 1175 877 2472 
1 127 
1 127 
1 127 
1 127 
2 127 2414 
3 127 550 3237 
2 127 2641 
2 127 2991 
3 1627 127 4186 
1 127 
2 127 2918 
4 2459 127 2515 1825 
2 127 1829 
2 127 3330 
2 127 2014 
2 127 3532 
2 127 3410 
2 127 4848 
1 127 
3 127 4127 3226 
2 127 3601 
2 127 4391 
1 127 
2 128 284 
2 128 1084 
1 128 
1 128 
1 128 
2 128 821 
2 128 4691 
1 128 
1 128 
3 128 2494 4449 
3 128 2581 3544 
1 128 
1 128 
2 128 1952 
1 128 
2 1068 128 
1 128 
2 128 3414 
2 128 4632 
2 128 574 
1 128 
1 128 
3 128 3058 4875 
1 128 
1 128 
3 1110 128 919 
1 128 
2 128 4543 
2 128 479 
3 128 3272 462 
3 128 1887 958 
2 128 3059 
3 128 2287 2159 
2 128 2101 
1 128 
2 129 2837 
1 129 
1 129 
3 4232 129 3838 
1 129 
2 129 2869 
2 1216 129 
1 129 
2 129 2805 
3 483 129 1402 
4 129 1345 1729 4567 
1 129 
2 4019 129 
1 129 
4 1996 129 1687 1692 
3 129 360 1691 
1 129 
2 129 1240 
2 129 2423 
2 129 2616 
1 129 
1 129 
1 129 
1 129 
2 129 2770 
1 130 
1 130 
1 130 
1 130 
1 130 
3 3907 130 761 
3 3125 4434 130 
2 1803 130 
2 297 130 
1 130 
3 130 3918 1063 
1 130 
2 130 4839 
2 130 2151 
2 2415 130 
2 2516 130 
4 2609 130 2221 3321 
3 545 130 523 
1 130 
1 130 
1 130 
1 131 
2 131 932 
4 615 131 2382 4510 
1 131 
2 3385 131 
1 131 
2 131 1540 
2 131 231 
2 837 131 
1 131 
3 131 3142 512 
1 131 
2 131 342 
2 3086 131 
1 131 
2 131 1700 
1 131 
1 131 
2 131 1022 
1 132 
1 132 
2 132 995 
4 3006 132 1184 2582 
2 132 2762 
1 132 
2 132 1209 
1 132 
1 132 
1 132 
2 132 2560 
2 2125 132 
2 132 1949 
2 132 2132 
1 132 
3 1806 132 1931 
3 263 132 766 
1 132 
1 132 
2 4256 132 
3 132 2960 3414 
2 132 1772 
2 1757 132 
1 133 
1 133 
3 4123 2181 133 
1 133 
2 2771 133 
2 133 828 
2 133 1137 
2 838 133 
1 133 
2 133 3098 
1 133 
2 133 3359 
3 2489 133 2011 
2 133 3522 
3 133 1443 286 
2 133 2069 
2 133 341 
3 2685 134 3611 
2 1711 134 
1 134 
2 226 134 
3 2337 134 4030 
2 134 493 
3 1438 134 3080 
2 134 2477 
1 134 
2 134 3785 
3 134 461 2880 
1 134 
3 4757 3850 134 
6 4648 134 3668 267 286 4730 
1 134 
2 4251 134 
3 135 3178 2696 
3 203 135 2253 
2 4053 135 
1 135 
2 135 2214 
2 453 135 
3 135 4696 3373 
2 135 4080 
2 3531 135 
2 186 135 
1 135 
1 135 
5 1299 135 4331 281 4134 
1 135 
4 3567 3807 135 4787 
1 135 
2 135 699 
4 1039 135 393 336 
2 135 1951 
2 4166 135 
2 135 4155 
1 135 
4 4433 136 1667 4704 
2 2646 136 
4 136 2342 4623 3707 
3 2146 1014 136 
1 136 
1 136 
2 501 136 
1 136 
3 3956 136 2028 
2 2283 136 
3 4792 1305 136 
2 4890 136 
3 2662 136 2875 
1 136 
1 136 
2 3514 136 
1 136 
2 1674 136 
2 4741 136 
2 1463 136 
2 136 1892 
2 136 2048 
3 4124 3155 137 
3 4024 137 2905 
1 137 
2 1544 137 
6 1194 3999 2125 4241 137 3711 
1 137 
3 4508 3536 137 
3 200 249 137 
1 137 
3 4526 4781 137 
3 137 911 2114 
2 1359 137 
1 137 
4 2426 1865 137 2730 
2 4742 137 
2 137 964 
3 1282 1285 137 
2 2886 137 
1 137 
2 3177 137 
1 137 
3 2890 137 4790 
2 3698 137 
2 3434 137 
4 2719 137 188 3929 
1 137 
2 4067 137 
2 138 1510 
2 1328 138 
2 4273 138 
1 138 
2 4167 138 
2 4693 138 
1 138 
2 4444 138 
1 138 
2 875 138 
1 138 
2 138 1853 
5 3537 138 1565 1604 1731 
2 138 739 
1 138 
1 138 
1 138 
1 138 
1 138 
3 1614 168 138 
2 4422 139 
1 139 
3 729 789 139 
1 139 
3 243 2895 139 
5 3421 3515 139 2388 4809 
1 139 
3 2915 2006 139 
1 139 
3 2610 139 2069 
2 2988 139 
2 139 3950 
1 139 
1 139 
3 139 2799 1172 
1 139 
1 139 
2 139 2565 
3 2633 140 1645 
2 140 2296 
3 352 140 4728 
4 4346 3521 464 140 
2 140 2441 
3 1666 1964 140 
1 140 
2 4364 140 
3 4503 2267 140 
1 140 
1 140 
2 140 2441 
1 140 
1 140 
3 1871 3968 140 
1 141 
2 1928 141 
1 141 
1 141 
1 141 
1 141 
2 2073 141 
2 2834 141 
1 141 
1 141 
2 4616 141 
1 141 
2 2299 141 
2 2767 141 
2 3391 141 
3 1957 141 915 
3 2100 1686 141 
2 3999 142 
2 142 1931 
2 2549 142 
1 142 
1 142 
2 4530 142 
3 865 142 3335 
1 142 
2 3809 142 
2 4149 142 
1 142 
2 2853 142 
2 4541 142 
1 142 
1 142 
1 142 
1 142 
2 987 142 
2 1808 142 
2 3707 142 
1 142 
2 1582 142 
2 4695 142 
1 143 
1 143 
2 4819 143 
2 4555 143 
2 3239 143 
1 143 
3 3292 2363 143 
4 3858 1423 3676 143 
3 2793 4184 143 
1 143 
2 1343 143 
2 2541 143 
1 143 
2 781 143 
1 143 
3 838 341 143 
2 1331 143 
3 1580 3034 143 
2 4827 144 
2 4045 144 
2 1262 144 
1 144 
2 3509 144 
2 4076 144 
2 378 144 
1 144 
1 144 
5 4472 3719 2814 4246 144 
3 3872 2869 144 
2 352 144 
2 742 144 
1 144 
2 2197 144 
3 3666 4808 144 
1 144 
1 144 
1 144 
2 3692 144 
1 144 
3 145 4202 4599 
2 145 4022 
1 145 
1 145 
3 145 2546 2854 
1 145 
3 145 3185 2366 
5 145 1305 2962 1210 3429 
2 145 4867 
2 145 1179 
3 215 145 2696 
3 145 232 4670 
1 145 
2 145 1720 
3 4451 145 409 
3 145 2656 288 
1 145 
2 146 383 
1 146 
2 3449 146 
2 4090 146 
4 146 4046 2723 3425 
1 146 
1 146 
2 146 3364 
4 2411 146 4563 2727 
2 146 1046 
1 146 
2 146 3344 
1 146 
2 146 2757 
1 146 
2 3891 146 
2 146 1913 
1 146 
3 146 4400 981 
1 146 
2 146 3275 
2 146 1445 
1 146 
3 2707 146 3880 
4 146 3025 1794 2942 
2 630 146 
2 146 4639 
1 147 
2 4688 147 
2 147 2048 
2 2030 147 
4 147 392 2994 1245 
2 147 280 
5 147 1451 2760 2478 2252 
3 3977 147 2992 
2 147 4187 
3 147 264 2493 
2 4795 147 
2 147 3202 
1 147 
1 147 
1 147 
1 147 
2 147 1594 
1 147 
1 147 
1 147 
2 148 3365 
1 148 
1 148 
2 148 172 
2 148 3256 
2 148 4321 
1 148 
3 148 4562 3465 
2 148 280 
1 148 
3 148 751 4767 
3 4104 148 360 
3 148 1905 4138 
3 148 406 2906 
2 148 1240 
2 149 4004 
1 149 
1 149 
2 149 3328 
1 149 
1 149 
1 149 
2 149 3134 
4 149 945 3917 2061 
1 149 
1 149 
3 2375 149 1786 
1 149 
2 149 996 
1 149 
1 149 
2 149 2626 
1 149 
3 1090 149 2872 
2 1860 149 
1 149 
2 149 1864 
3 271 149 1257 
2 150 4198 
4 150 3751 1145 870 
1 150 
2 150 1641 
2 150 3423 
2 150 1255 
1 150 
4 198 836 1520 150 
1 150 
2 3230 150 
2 150 767 
1 150 
3 3997 150 3665 
1 151 
2 520 151 
1 151 
1 151 
2 1013 151 
1 151 
2 2019 151 
1 151 
3 151 2383 2763 
1 151 
2 151 1362 
4 2490 151 886 4199 
2 2916 151 
1 151 
2 2913 151 
2 151 3928 
1 151 
2 151 238 
1 151 
1 151 
2 3567 151 
1 152 
2 3075 152 
3 1598 152 3165 
3 854 152 4556 
2 3305 152 
3 2609 152 4531 
1 152 
1 152 
1 152 
2 152 647 
1 152 
3 1675 1823 152 
1 152 
1 152 
2 2128 152 
2 4572 152 
2 152 3649 
1 152 
1 152 
3 4151 153 4427 
2 4178 153 
1 153 
3 4143 1467 153 
2 2171 153 
2 2906 153 
1 153 
2 153 3890 
4 4129 1981 153 4568 
1 153 
3 1108 3153 153 
3 389 3782 153 
2 153 4887 
2 1461 153 
3 1945 153 2843 
1 153 
2 2173 153 
2 3943 153 
2 1593 153 
3 4349 1476 154 
2 4329 154 
2 3646 154 
1 154 
1 154 
2 154 3777 
1 154 
2 494 154 
3 4858 2409 154 
1 154 
4 2144 3517 192 154 
2 3647 155 
2 3886 155 
1 155 
2 4539 155 
4 803 1285 155 2159 
2 1000 155 
2 821 155 
2 1427 155 
4 3070 1360 2528 155 
2 2537 155 
2 4806 155 
1 155 
1 155 
1 155 
1 155 
2 763 155 
3 299 3390 155 
1 155 
2 3584 155 
4 1635 726 3411 156 
4 4562 3058 4080 156 
1 156 
1 156 
4 1251 4603 2271 156 
1 156 
3 3002 4787 156 
2 1867 156 
2 2160 156 
2 247 156 
2 4196 156 
2 2652 156 
1 157 
3 3325 1799 157 
2 4391 157 
4 1328 3822 4806 157 
4 3788 3284 4335 157 
2 2600 157 
1 157 
5 1981 1795 3693 4638 157 
1 157 
2 203 157 
5 2059 4699 3180 157 651 
3 210 3245 157 
3 3323 3593 157 
2 2244 157 
2 1099 157 
7 565 4106 3128 4565 2214 1931 157 
1 157 
4 4896 2638 983 157 
2 4885 157 
1 157 
2 158 4815 
1 158 
1 158 
2 158 1226 
1 158 
2 158 1039 
1 158 
2 158 4120 
2 158 1941 
2 158 3519 
3 158 4718 1607 
3 158 1495 4790 
1 158 
1 158 
1 158 
2 158 4069 
1 158 
3 158 3450 1867 
1 158 
3 4537 158 3615 
1 158 
2 158 3725 
2 158 1071 
1 158 
3 159 4493 2572 
2 159 603 
3 159 4690 4375 
3 159 1637 3096 
2 159 2224 
2 159 1006 
1 159 
1 159 
1 159 
2 159 2951 
3 159 524 2320 
2 159 4306 
3 159 245 465 
2 159 2203 
3 159 4149 1227 
2 159 3267 
2 159 3854 
4 159 1285 2597 375 
1 159 
2 160 4259 
3 160 484 963 
1 160 
3 160 4371 4641 
2 160 4512 
2 160 3605 
2 160 2351 
4 1573 160 1501 4532 
2 160 4842 
5 160 3510 830 3030 1816 
3 160 852 951 
3 2706 160 338 
1 160 
2 160 4644 
1 160 
4 160 972 2001 1797 
2 160 2180 
1 160 
1 160 
2 160 2036 
1 160 
3 160 3003 4070 
3 271 160 3167 
4 3314 160 1377 3166 
1 160 
3 160 4129 1547 
2 160 1558 
1 160 
1 160 
1 161 
2 161 3262 
1 161 
2 546 161 
3 967 161 2725 
2 2662 161 
2 161 1129 
2 161 3091 
1 161 
2 161 4558 
2 161 1990 
3 1371 162 2101 
2 162 2871 
1 162 
3 162 570 922 
2 162 1752 
2 162 3504 
3 4755 162 1980 
2 1268 162 
1 162 
2 162 1058 
2 162 3224 
3 162 917 1747 
1 162 
2 162 847 
2 162 533 
1 162 
1 162 
1 162 
3 162 3290 2920 
2 162 1013 
2 162 531 
1 163 
1 163 
1 163 
2 4452 163 
1 163 
3 163 619 4421 
2 163 4565 
3 1778 163 352 
2 163 678 
2 163 4152 
3 163 1793 1171 
1 163 
2 163 2442 
2 163 3631 
2 801 163 
2 4843 163 
2 163 1816 
1 163 
2 1328 163 
3 163 4764 3194 
2 163 441 
3 163 2000 2502 
2 164 1655 
1 164 
1 164 
3 164 3982 2976 
1 164 
1 164 
2 164 955 
1 164 
3 164 1503 4704 
2 164 3898 
2 164 2488 
1 164 
2 2830 164 
2 428 164 
4 164 4402 4668 1590 
1 164 
4 164 2043 3559 2370 
1 164 
2 164 3092 
1 164 
2 164 433 
2 165 792 
1 165 
2 165 3590 
1 165 
3 1647 165 3273 
2 724 165 
1 165 
1 165 
4 165 2933 890 2192 
1 165 
1 165 
2 165 945 
1 165 
1 165 
2 3174 165 
2 165 869 
1 165 
2 165 764 
1 166 
4 166 4117 3140 4461 
2 166 1560 
1 166 
2 166 1235 
1 166 
3 4022 166 2535 
2 3252 166 
2 166 2401 
4 166 2208 2902 3676 
1 166 
2 166 1511 
1 166 
1 167 
2 167 496 
2 167 1078 
1 167 
2 167 4082 
3 3085 2299 167 
1 167 
2 167 1989 
2 167 1747 
1 167 
2 167 4593 
2 167 3202 
1 167 
2 167 2832 
2 779 167 
2 4591 167 
1 167 
2 167 4800 
2 167 2407 
3 167 994 542 
2 2305 168 
1 168 
1 168 
2 168 4017 
2 168 3959 
2 168 3671 
2 3005 168 
2 168 1029 
4 168 884 841 1139 
2 3385 168 
1 168 
1 168 
2 168 2403 
1 168 
3 2327 4007 168 
5 3983 3315 169 1028 3167 
3 3314 4251 169 
1 169 
2 169 557 
2 4420 169 
2 169 311 
2 1236 169 
3 3800 169 2582 
1 169 
3 169 3093 1024 
1 169 
2 3082 169 
2 169 280 
1 169 
2 2947 169 
3 2276 169 3947 
3 2496 169 3989 
2 169 756 
2 4829 169 
1 169 
1 169 
2 2809 169 
1 170 
2 170 4518 
1 170 
1 170 
1 170 
4 2430 170 1240 719 
3 1570 906 170 
1 170 
2 2893 170 
1 170 
1 170 
1 170 
2 2001 170 
1 170 
3 860 170 899 
1 170 
2 1761 170 
1 170 
1 170 
1 170 
3 170 929 894 
1 170 
1 170 
2 170 2640 
1 170 
1 171 
3 3959 171 1874 
2 171 1703 
4 2431 2889 1785 171 
2 2929 171 
4 583 634 171 399 
1 171 
1 171 
1 171 
3 3855 1335 171 
2 385 171 
2 4773 171 
3 1054 2668 171 
2 186 171 
1 171 
1 171 
3 4579 414 171 
1 171 
2 4819 172 
2 172 1082 
1 172 
2 172 313 
2 3454 172 
2 1234 172 
3 2591 172 3308 
1 172 
2 2373 172 
2 172 893 
1 172 
2 172 3066 
2 172 2800 
2 172 720 
3 3951 660 172 
2 172 2473 
2 4491 172 
2 3915 173 
1 173 
1 173 
3 3657 1474 173 
1 173 
1 173 
2 1863 173 
2 173 4319 
2 173 3889 
1 173 
1 173 
1 173 
2 173 1897 
2 3848 173 
2 2499 173 
4 3069 4105 3916 173 
3 4333 4099 173 
2 1154 173 
4 2523 421 173 2626 
3 3958 1501 174 
1 174 
2 4610 174 
3 3709 174 581 
2 4245 174 
2 184 174 
2 2758 174 
3 4682 4007 174 
3 2971 174 4791 
2 1713 174 
2 2886 174 
3 4828 4741 174 
3 631 2082 174 
2 4794 174 
3 2872 1145 174 
2 174 1671 
2 983 175 
1 175 
2 2162 175 
3 3946 2729 175 
2 335 175 
1 175 
2 2055 175 
1 175 
2 320 175 
1 175 
2 1198 175 
1 175 
1 175 
2 2373 175 
3 4439 4864 175 
2 4097 175 
1 175 
2 4031 176 
2 2884 176 
2 3118 176 
1 176 
1 176 
1 176 
3 3383 1867 176 
1 176 
2 4324 176 
1 176 
1 176 
1 176 
3 3908 2249 176 
1 176 
3 4879 4287 176 
2 3763 176 
4 3659 1685 4319 176 
2 2936 176 
2 583 176 
1 176 
2 1783 176 
2 1722 176 
1 176 
3 177 3807 1745 
1 177 
2 177 422 
1 177 
1 177 
4 177 571 4881 1769 
2 177 1195 
2 177 893 
2 177 980 
2 177 286 
2 177 1052 
2 177 1597 
2 177 1328 
1 177 
2 177 789 
1 177 
4 177 2017 3917 4767 
1 177 
2 178 833 
2 178 3682 
3 178 596 4010 
2 178 4548 
1 178 
2 178 1459 
2 178 3844 
1 178 
2 178 4582 
1 178 
2 178 1582 
3 178 4452 356 
1 178 
2 178 2199 
1 178 
5 178 3189 2286 4597 251 
1 178 
1 178 
2 178 2162 
2 178 4495 
4 179 1736 2848 4364 
2 179 3153 
2 179 3605 
3 179 1194 904 
3 179 1957 2443 
2 179 2699 
3 179 2758 1654 
1 179 
2 179 3049 
1 179 
4 179 3110 3960 984 
1 179 
3 179 2774 3941 
5 2086 901 179 2642 795 
1 179 
2 179 1584 
1 180 
5 1328 180 877 1338 3667 
1 180 
2 180 1914 
1 180 
1 180 
3 180 2670 603 
2 180 2498 
1 180 
2 180 607 
1 180 
2 180 2712 
2 180 2745 
2 180 4524 
1 180 
1 180 
2 180 3653 
2 180 2007 
1 180 
2 180 2516 
1 180 
2 180 1091 
2 180 1496 
2 181 4783 
2 181 4630 
2 181 946 
1 181 
1 181 
1 181 
1 181 
1 181 
2 181 4418 
1 181 
1 181 
2 181 3243 
2 1412 181 
3 567 181 2476 
2 1192 181 
2 181 1729 
3 1176 181 2305 
1 182 
2 182 1910 
4 182 601 2676 3000 
1 182 
1 182 
1 182 
2 182 1505 
1 182 
5 221 3622 182 785 3596 
2 182 3809 
2 182 412 
1 182 
2 182 1543 
1 182 
1 182 
1 182 
3 4731 4349 182 
1 182 
1 183 
3 183 409 3068 
2 183 1308 
1 183 
1 183 
1 183 
1 183 
2 3250 183 
1 183 
1 183 
2 183 3093 
1 183 
2 217 183 
2 183 3573 
1 184 
1 184 
2 184 1754 
1 184 
4 264 184 1767 2503 
1 184 
3 1573 184 2265 
3 3824 184 1255 
3 3511 3149 184 
3 4743 2170 184 
1 184 
2 184 2274 
3 184 3691 2476 
1 184 
2 2646 184 
1 184 
1 184 
3 184 1475 3729 
4 1700 184 727 3120 
2 4833 184 
1 184 
3 184 1457 4754 
1 184 
2 184 333 
2 185 2067 
4 2329 2452 3573 185 
2 4068 185 
1 185 
1 185 
1 185 
1 185 
1 185 
1 185 
1 185 
2 185 3218 
1 185 
3 3655 185 1358 
1 185 
1 185 
2 3939 185 
3 1488 186 283 
1 186 
1 186 
2 201 186 
3 1995 3778 186 
1 186 
2 1054 186 
1 186 
1 186 
3 3041 186 4536 
2 3050 186 
1 186 
3 1654 186 3017 
2 186 4115 
2 186 4477 
3 1431 186 4154 
2 186 3541 
3 186 563 1147 
3 1059 187 3633 
2 1974 187 
2 3399 187 
1 187 
3 259 187 3464 
2 1112 187 
2 2197 187 
1 187 
1 187 
1 187 
3 2123 187 2979 
4 4071 2859 187 915 
3 3526 4884 187 
3 2199 187 2659 
2 2151 187 
1 187 
5 1093 3304 187 2154 2275 
3 1021 187 3883 
1 187 
1 187 
4 1037 187 4075 4315 
4 3849 2833 187 3275 
2 4371 187 
1 187 
1 187 
2 1156 187 
1 188 
3 3490 188 4112 
2 2280 188 
2 188 833 
1 188 
1 188 
1 188 
1 188 
1 188 
1 188 
3 1637 188 3609 
2 188 2863 
2 3088 188 
2 4618 188 
2 947 188 
1 188 
1 188 
3 2197 189 2728 
1 189 
1 189 
2 189 4677 
1 189 
1 189 
1 189 
1 189 
4 328 2206 189 1297 
5 4299 2686 4002 189 2822 
2 1824 189 
5 3418 1942 1911 189 4016 
1 189 
3 2710 1292 189 
3 189 1406 1427 
1 189 
2 1505 189 
1 190 
1 190 
1 190 
2 3944 190 
2 2853 190 
1 190 
1 190 
2 190 1590 
2 1072 190 
2 4832 190 
2 190 3122 
3 207 190 2155 
1 190 
1 190 
4 2432 1018 190 3614 
3 326 190 4315 
2 3735 190 
1 190 
2 4718 190 
1 190 
3 634 191 3731 
4 1501 1962 4224 191 
1 191 
2 191 1991 
1 191 
1 191 
1 191 
2 2145 191 
1 191 
2 191 1857 
2 822 191 
2 2291 191 
1 191 
1 191 
3 1429 4000 191 
4 4830 2467 1891 191 
2 2968 191 
2 191 771 
4 1551 4771 4311 191 
2 4326 191 
2 905 191 
3 4734 1409 191 
1 191 
2 974 191 
1 191 
2 4452 192 
1 192 
2 192 2477 
2 3463 192 
2 4477 192 
2 192 4412 
1 192 
2 1132 192 
1 192 
2 1465 192 
1 192 
1 192 
2 1733 192 
2 2119 192 
1 192 
1 192 
1 192 
4 4045 3044 542 192 
3 1270 3641 193 
3 1242 193 1590 
1 193 
1 193 
3 3031 193 1296 
2 4523 193 
1 193 
2 2655 193 
3 904 4762 194 
2 1045 194 
2 3085 194 
1 194 
2 1775 194 
3 1215 766 194 
3 1390 308 194 
2 3799 194 
3 4323 194 1244 
1 194 
1 194 
2 385 194 
3 1328 2010 195 
2 3793 195 
2 3321 195 
2 3968 195 
3 4693 1474 195 
1 195 
1 195 
2 3806 195 
2 3805 195 
3 3471 2676 195 
1 195 
4 1085 3574 2811 195 
3 4206 1049 195 
2 534 195 
1 195 
2 4892 195 
3 1177 2472 195 
2 1546 195 
1 195 
1 195 
1 195 
1 195 
2 195 1993 
4 196 1184 646 1625 
3 196 3084 1587 
2 196 352 
2 196 3604 
1 196 
2 196 1932 
1 196 
2 196 4138 
1 196 
1 196 
3 196 4707 1497 
3 196 805 503 
2 196 2409 
1 196 
1 196 
1 196 
1 196 
3 196 2544 4074 
2 196 2121 
1 196 
2 196 4828 
1 196 
1 196 
3 196 3495 4291 
2 196 4353 
1 196 
3 196 1351 772 
4 197 1515 1764 3409 
3 197 557 3676 
3 197 955 2658 
1 197 
1 197 
1 197 
4 197 2140 1699 3141 
3 197 3370 962 
4 197 4043 4693 238 
3 197 534 933 
4 197 2833 4310 1035 
2 197 4380 
1 197 
1 197 
3 4462 197 1954 
2 197 4207 
1 197 
1 197 
1 197 
1 197 
2 197 1402 
2 197 366 
3 4161 197 588 
2 197 946 
4 198 1159 2854 526 
2 198 865 
1 198 
1 198 
1 198 
1 198 
3 198 486 4453 
1 198 
3 198 2905 696 
1 198 
1 198 
2 198 3672 
1 198 
1 198 
2 3051 198 
1 198 
1 198 
2 198 3404 
3 198 1394 3027 
2 199 2897 
2 199 2344 
1 199 
1 199 
2 199 4111 
1 199 
1 199 
4 199 3236 4442 1227 
1 199 
2 199 980 
2 199 2114 
2 199 1932 
2 199 516 
4 199 1396 1413 1909 
3 199 2310 4669 
2 1151 199 
2 200 2571 
2 200 3460 
2 200 512 
3 200 1717 678 
1 200 
3 4812 200 335 
1 200 
1 200 
3 3396 200 3924 
3 200 3411 2070 
3 200 2952 3487 
2 200 2576 
1 200 
2 200 4719 
1 200 
1 200 
1 200 
3 200 3915 4039 
2 200 4827 
1 200 
1 200 
2 200 2995 
2 200 2730 
2 200 4880 
2 200 1351 
2 200 540 
1 200 
1 200 
1 201 
1 201 
4 4588 201 1354 2305 
1 201 
4 201 974 1773 3636 
1 201 
5 201 1419 3521 4356 2368 
1 201 
2 201 3037 
2 201 3718 
2 201 2363 
2 201 3434 
4 4139 201 4579 3329 
3 683 201 2173 
2 201 4150 
2 201 2764 
3 202 1161 3393 
2 202 877 
2 202 439 
1 202 
1 202 
2 202 2692 
1 202 
3 3415 202 1062 
4 3362 2125 202 3303 
3 202 632 3519 
1 202 
1 202 
2 202 2325 
1 202 
1 202 
1 202 
1 202 
3 3801 202 2785 
3 202 936 816 
1 202 
1 202 
1 202 
1 202 
1 202 
3 703 202 579 
3 1372 202 1993 
2 203 2916 
1 203 
2 203 1824 
1 203 
2 203 2481 
2 3230 203 
4 3314 203 4552 4186 
1 203 
1 203 
2 203 4622 
1 203 
3 2429 203 2021 
3 203 3330 1839 
2 203 1716 
2 203 1541 
3 203 1543 4406 
2 203 1274 
1 203 
2 203 1986 
2 204 1035 
3 204 1838 2979 
1 204 
3 2710 2803 204 
2 204 3749 
3 204 734 722 
3 204 3707 676 
3 204 357 4568 
2 2944 204 
1 204 
2 1901 204 
3 204 3422 3313 
1 204 
4 513 204 632 4412 
2 3491 204 
1 204 
1 204 
2 204 4811 
1 204 
2 204 4743 
3 204 3709 533 
3 3302 204 4833 
3 972 205 2402 
3 205 2553 793 
2 2451 205 
3 1302 1464 205 
3 2866 205 3272 
3 205 1398 736 
2 2707 205 
2 1934 205 
1 205 
1 205 
1 205 
1 205 
2 2650 205 
2 3448 205 
1 205 
1 205 
2 1330 205 
1 205 
1 205 
2 2298 205 
2 205 268 
3 205 2184 3924 
1 205 
1 205 
1 205 
3 3856 206 1951 
1 206 
4 2845 206 1671 3777 
2 2886 206 
3 206 4650 1793 
1 206 
1 206 
1 206 
2 206 207 
2 206 1207 
4 2664 836 615 206 
2 206 4239 
1 206 
1 206 
1 206 
2 4416 206 
1 206 
1 207 
2 840 207 
2 2255 207 
2 207 493 
1 207 
1 207 
2 207 934 
3 4731 207 2732 
2 3623 207 
2 207 3116 
2 207 3165 
2 207 3666 
1 207 
1 207 
2 207 3838 
3 207 1319 3675 
3 2849 4797 207 
1 207 
3 1634 884 207 
2 207 1316 
4 3070 2669 207 343 
2 207 2292 
2 3283 207 
1 207 
2 207 1877 
1 208 
1 208 
2 1899 208 
3 208 693 603 
1 208 
2 2885 208 
1 208 
3 4898 1866 208 
1 208 
1 208 
1 208 
2 208 237 
2 208 3446 
1 208 
3 1361 208 3412 
3 429 1258 208 
1 208 
1 208 
1 208 
2 209 2940 
3 955 209 3411 
2 209 3096 
2 209 479 
3 1892 209 283 
2 4862 209 
1 209 
3 2203 3895 209 
2 3682 209 
1 209 
1 209 
2 209 3650 
3 2334 4633 209 
3 3267 209 2011 
1 209 
1 209 
2 3108 209 
2 210 2472 
2 438 210 
2 2631 210 
2 2706 210 
2 210 4378 
2 2289 210 
2 210 2502 
1 210 
3 3028 210 3169 
1 210 
1 210 
4 514 2281 210 1773 
1 210 
2 2674 210 
1 210 
1 210 
2 618 210 
4 3828 210 4704 2941 
2 211 3947 
1 211 
4 4844 1180 1311 211 
1 211 
2 3023 211 
2 211 606 
3 1489 211 4484 
1 211 
1 211 
1 211 
3 2812 211 3139 
2 211 3949 
3 3020 594 211 
2 3214 211 
2 2180 211 
2 211 3652 
2 211 2682 
1 211 
1 211 
1 211 
1 211 
2 598 211 
4 212 1916 4448 3870 
2 212 695 
2 822 212 
1 212 
1 212 
2 212 2681 
2 2737 212 
2 1293 212 
2 1616 212 
1 212 
2 212 962 
1 212 
1 212 
1 212 
1 212 
2 1985 213 
3 1526 4649 213 
3 1515 3021 213 
2 1592 213 
1 213 
2 384 213 
1 213 
1 213 
3 2834 213 646 
2 1515 213 
5 2491 3983 4194 2289 213 
2 2917 213 
2 861 214 
1 214 
4 4737 2282 4558 214 
2 1283 214 
1 214 
3 1056 214 4642 
2 4186 214 
1 214 
2 3079 214 
2 340 214 
3 2967 4228 214 
2 2991 214 
3 216 1125 214 
1 214 
3 2865 2084 214 
1 214 
2 661 214 
1 214 
2 3810 214 
2 3863 214 
2 2242 214 
1 214 
1 214 
1 215 
1 215 
2 215 4742 
2 215 1817 
2 215 4869 
2 215 4479 
3 215 1813 4558 
1 215 
1 215 
1 215 
2 215 1479 
1 215 
1 215 
3 215 3736 784 
1 215 
1 215 
2 215 2193 
3 215 4198 4811 
3 216 2038 246 
3 216 4589 488 
1 216 
3 216 2544 932 
1 216 
2 403 216 
1 216 
3 216 486 4333 
1 216 
1 216 
3 216 1636 4054 
3 216 234 4567 
2 216 2710 
2 216 2021 
1 216 
2 216 1965 
2 216 3419 
3 216 2853 1500 
1 216 
1 216 
1 216 
2 216 1134 
3 217 3315 2661 
1 217 
1 217 
2 217 721 
2 217 2042 
2 217 2625 
1 217 
1 217 
3 3144 217 1543 
1 217 
2 217 2014 
1 217 
3 217 2222 2137 
1 217 
1 217 
4 217 619 503 4634 
1 217 
2 217 1594 
1 217 
1 217 
2 217 1077 
2 217 1849 
2 2735 218 
2 318 218 
3 218 2330 338 
2 218 4320 
2 218 1854 
1 218 
1 218 
2 218 627 
2 219 579 
2 219 1946 
1 219 
3 2179 219 762 
2 2217 219 
1 219 
2 219 3462 
1 219 
1 219 
2 219 1815 
2 219 3844 
2 219 707 
3 2218 219 1863 
1 219 
2 219 1251 
2 219 224 
2 219 978 
2 219 770 
3 220 308 3707 
1 220 
1 220 
1 220 
1 220 
1 220 
2 220 363 
2 220 3136 
2 220 891 
1 220 
2 220 2027 
2 220 3858 
3 220 1343 3753 
2 220 1664 
4 4731 220 2096 752 
2 220 4404 
5 220 420 1509 3675 3730 
1 220 
1 220 
1 220 
4 220 3403 710 3464 
2 220 4276 
2 220 2934 
1 221 
4 2331 221 1899 3794 
2 221 3456 
1 221 
2 221 3754 
3 221 4469 2313 
1 221 
2 3040 221 
1 221 
2 221 2674 
1 221 
3 221 4236 3412 
2 221 1375 
2 3085 221 
1 221 
1 221 
1 221 
2 221 1905 
1 221 
1 221 
1 222 
1 222 
3 222 2312 4497 
1 222 
3 222 2774 2384 
1 222 
1 222 
3 3039 222 3581 
2 222 1919 
1 222 
1 222 
3 1325 222 3845 
3 222 1829 559 
1 222 
2 222 3941 
2 222 1731 
1 222 
2 819 222 
2 515 222 
1 222 
1 223 
1 223 
5 3509 223 658 2778 608 
2 223 1692 
2 223 385 
3 223 593 2387 
2 223 4410 
1 223 
1 223 
7 2088 3147 223 599 3677 2231 1003 
1 223 
2 223 1850 
1 223 
3 2162 223 3127 
4 223 4862 712 4444 
2 223 308 
2 223 4125 
3 223 945 304 
2 223 3859 
3 224 4632 2100 
1 224 
1 224 
2 224 4592 
1 224 
2 4435 224 
2 224 2315 
3 224 4389 254 
3 224 4388 1770 
1 224 
4 3083 224 2028 2504 
1 224 
1 224 
1 224 
3 2092 225 4800 
1 225 
1 225 
1 225 
2 2328 225 
2 225 2900 
3 225 2418 848 
2 225 3241 
1 225 
4 225 4314 1483 2389 
1 225 
3 225 659 3992 
2 225 1405 
3 518 225 2137 
2 225 1666 
3 4505 225 4368 
2 225 1748 
3 225 3765 4009 
1 226 
2 4686 226 
2 226 2116 
2 226 4058 
2 226 2108 
4 2413 226 3556 4585 
1 226 
4 226 2378 1238 3318 
2 3210 226 
2 2753 226 
2 226 1122 
1 226 
2 226 1786 
1 226 
2 3020 226 
1 226 
2 226 1136 
1 226 
1 227 
2 227 1453 
4 2684 346 227 1425 
2 2572 227 
2 227 4386 
1 227 
1 227 
1 227 
3 227 1920 3445 
2 837 227 
1 227 
2 3898 227 
2 227 1542 
4 2740 227 4376 1706 
1 227 
2 227 2039 
1 227 
2 4161 227 
2 2515 227 
1 227 
3 1632 228 2879 
5 3760 3208 228 3500 557 
2 228 3878 
4 799 1429 228 4622 
1 228 
2 1759 228 
4 2356 228 860 4885 
2 2234 228 
2 228 1907 
2 516 228 
2 3267 228 
2 229 3862 
1 229 
1 229 
1 229 
1 229 
2 1901 229 
1 229 
3 612 4327 229 
2 229 2040 
1 229 
2 2853 229 
1 229 
2 1430 229 
1 229 
1 229 
3 3764 229 3651 
1 229 
2 4216 229 
1 229 
1 229 
3 656 229 1139 
1 229 
2 4145 229 
2 229 2320 
3 229 357 1872 
1 229 
1 229 
1 230 
3 230 1810 754 
2 230 3395 
1 230 
2 3125 230 
3 230 508 2117 
2 230 3508 
1 230 
2 4344 230 
1 230 
1 230 
2 230 292 
2 230 931 
2 1996 230 
2 231 2779 
1 231 
3 231 2011 4410 
2 231 365 
1 231 
2 2712 231 
1 231 
3 1154 2589 231 
1 231 
2 3148 231 
1 231 
2 859 231 
1 231 
1 231 
1 231 
3 3337 4614 231 
1 231 
1 231 
1 231 
1 232 
2 232 3783 
2 232 3538 
2 232 2063 
3 2715 232 1874 
1 232 
2 232 1025 
1 232 
5 2232 1786 2808 232 2229 
3 3006 232 1798 
2 3151 232 
2 1734 232 
1 232 
1 232 
2 232 3646 
3 566 233 3120 
1 233 
4 1110 1008 3053 233 
2 4771 233 
3 668 233 2815 
1 233 
2 233 2533 
1 233 
1 233 
1 233 
1 233 
2 3492 233 
1 233 
1 233 
1 233 
2 3983 233 
1 233 
1 233 
2 2829 233 
2 3004 233 
1 233 
4 4190 4217 233 3182 
2 430 233 
1 233 
1 234 
3 3070 234 2936 
2 2890 234 
3 265 234 4700 
4 3211 234 3096 609 
2 234 1407 
3 2551 234 4240 
4 4003 234 3028 2287 
2 1933 235 
2 1790 235 
1 235 
2 235 3016 
1 235 
1 235 
1 235 
1 235 
3 235 269 368 
1 235 
4 235 1871 3947 3377 
1 235 
4 956 235 360 2474 
3 482 3497 235 
2 972 235 
1 235 
3 4686 4418 235 
1 236 
1 236 
5 3937 1006 1583 236 1970 
2 4230 236 
2 236 1063 
2 3294 236 
2 4384 236 
2 3289 236 
1 236 
1 236 
1 236 
2 3504 236 
3 2244 236 916 
2 2865 236 
1 236 
2 1529 236 
2 2063 236 
3 3073 2061 236 
5 535 4761 1748 1814 236 
2 2006 236 
2 1733 236 
3 1298 2210 237 
2 635 237 
2 237 1689 
3 3417 4782 237 
3 2378 2004 237 
2 907 237 
1 238 
3 883 238 4518 
1 238 
2 2796 238 
1 238 
3 1779 3694 238 
1 238 
1 238 
1 238 
3 4454 3986 238 
4 2686 854 406 238 
2 238 1673 
1 238 
2 1936 238 
1 239 
2 549 239 
1 239 
3 3549 970 239 
2 239 796 
4 4381 1334 2524 239 
2 4116 239 
3 945 4266 239 
2 239 773 
1 239 
2 804 239 
2 3088 239 
4 804 1346 239 2908 
2 2269 239 
2 3147 239 
2 4193 239 
1 240 
2 3157 240 
1 240 
2 377 240 
1 240 
2 2659 240 
3 2103 4177 240 
2 4047 240 
1 240 
1 240 
1 240 
1 240 
1 240 
1 240 
1 240 
2 705 240 
1 240 
1 241 
1 241 
2 631 241 
1 241 
1 241 
1 241 
1 241 
2 4731 241 
3 1231 3241 241 
2 3905 241 
3 1761 2876 241 
2 1902 241 
1 241 
1 241 
1 241 
1 241 
1 241 
2 3701 241 
1 241 
1 241 
2 1320 241 
1 242 
2 242 3422 
1 242 
1 242 
1 242 
4 242 4414 4585 645 
1 242 
4 242 2910 443 2326 
1 242 
2 242 3127 
2 242 2512 
2 242 2245 
4 242 2738 3802 3856 
1 242 
3 242 2399 2825 
3 242 2668 2066 
1 242 
2 242 1980 
2 242 3091 
3 242 4714 4564 
2 242 740 
2 242 2382 
1 242 
5 2684 242 586 3235 4138 
2 243 844 
1 243 
3 243 3831 4835 
2 243 1028 
2 243 1526 
1 243 
1 243 
1 243 
2 243 1828 
2 243 4700 
1 243 
1 243 
1 243 
3 243 3111 3733 
2 243 3920 
3 243 809 1839 
1 243 
1 243 
1 243 
1 243 
1 243 
1 243 
2 243 2299 
3 243 2773 934 
2 243 1563 
3 243 2283 2659 
5 244 4067 4667 4313 3581 
3 244 1976 2095 
1 244 
2 244 3756 
2 244 551 
1 244 
2 244 4190 
1 244 
1 244 
1 244 
4 244 352 3426 2702 
3 244 4213 2720 
4 244 2281 3606 4015 
1 244 
1 244 
2 244 4806 
1 244 
1 244 
1 244 
1 244 
2 244 599 
2 244 1369 
2 2218 244 
2 244 3618 
2 245 3190 
2 245 411 
3 807 245 2658 
2 262 245 
1 245 
2 245 1986 
2 245 4604 
3 628 3786 245 
1 245 
2 245 3224 
3 2093 245 665 
1 245 
4 245 3487 982 2939 
1 245 
1 246 
1 246 
4 4540 246 2435 3753 
3 246 2078 1969 
2 246 3372 
1 246 
1 246 
2 2160 246 
1 246 
1 246 
1 246 
1 246 
2 2715 246 
2 246 4610 
3 3548 246 1867 
2 246 1796 
1 246 
1 246 
3 3075 246 2676 
1 246 
1 246 
3 246 3112 2727 
3 246 3423 604 
2 247 2694 
1 247 
2 247 3428 
2 247 2919 
3 1487 247 2136 
2 247 4076 
1 247 
2 247 289 
4 4395 247 977 3296 
1 247 
3 247 332 363 
1 247 
2 247 1926 
2 247 2263 
4 3084 247 3060 4746 
1 247 
3 247 2859 1840 
3 2758 247 1293 
1 247 
3 247 4228 4013 
4 3912 1397 2417 248 
1 248 
3 248 811 1405 
3 3101 2199 248 
1 248 
2 248 1688 
1 248 
5 3379 2828 428 248 771 
2 1782 248 
1 248 
3 1516 1009 248 
1 248 
2 2304 248 
3 2397 248 419 
1 248 
3 2844 248 3925 
3 249 3426 3841 
2 249 3332 
2 249 3750 
1 249 
2 3724 249 
3 249 3616 4017 
3 2392 249 1065 
3 4707 746 249 
2 249 1124 
1 249 
2 2435 249 
3 249 2578 891 
1 249 
2 2432 249 
4 3152 1137 250 497 
3 250 3220 1730 
2 4141 250 
3 873 2075 250 
1 250 
1 250 
2 250 2500 
1 250 
1 250 
2 1181 250 
1 250 
3 656 250 2362 
1 250 
1 250 
1 250 
2 2280 251 
2 3047 251 
3 549 1788 251 
2 588 251 
1 251 
3 4376 4109 251 
1 251 
2 251 3445 
1 251 
1 251 
4 2873 1811 251 1754 
3 1749 251 2133 
2 4215 251 
3 1699 692 251 
1 251 
2 2016 251 
1 251 
2 251 603 
2 2528 251 
1 251 
1 252 
2 2376 252 
2 3462 252 
2 3930 252 
2 3476 252 
2 491 252 
2 252 964 
2 3667 252 
4 1432 4457 252 3099 
1 252 
2 252 3032 
1 252 
1 253 
2 2695 253 
2 827 253 
2 3813 253 
1 253 
1 253 
1 253 
5 1186 253 3098 1210 772 
1 253 
3 4092 253 1366 
1 253 
1 253 
