22 2 3 4 5 6 7 8 9 10 11 12 13 14 15 16 17 18 19 20 21 22 23 
23 24 25 26 27 28 29 30 31 32 33 34 35 36 37 38 39 40 41 42 43 1 44 45 
16 46 47 48 49 50 51 52 53 54 55 56 57 58 59 60 1 
31 61 62 63 64 65 66 67 68 69 70 71 72 73 74 75 76 77 78 79 80 81 82 83 84 85 86 87 88 89 1 90 
14 91 92 93 94 95 96 97 98 99 100 101 102 103 1 
22 104 105 106 107 108 109 110 111 112 113 114 115 116 117 118 119 120 121 122 123 124 1 
23 125 126 127 128 129 130 131 132 133 134 135 136 137 138 139 140 141 142 143 144 145 1 146 
15 147 148 149 150 151 152 153 154 155 156 157 158 159 1 160 
27 161 162 163 164 165 166 167 168 169 170 171 172 173 174 175 176 177 178 179 180 181 182 183 184 185 1 186 
25 187 188 189 190 191 192 193 194 195 196 197 198 199 200 201 202 203 204 205 206 207 208 209 210 1 
18 211 212 213 214 215 216 217 218 219 220 221 222 223 224 225 226 1 227 
21 228 229 230 231 232 233 234 235 236 237 238 239 240 241 242 243 244 245 1 246 247 
22 248 249 250 251 252 253 254 255 256 257 258 259 260 261 262 263 264 265 266 267 268 1 
20 269 270 271 272 273 274 275 276 277 278 279 280 281 282 283 284 285 1 286 287 
20 288 289 290 291 292 293 294 295 296 297 298 299 300 301 302 303 304 305 306 1 
23 307 308 309 310 311 50 312 313 314 315 316 317 318 319 320 321 322 323 324 325 326 327 1 
20 328 329 330 331 332 333 334 335 336 337 338 339 340 341 342 343 344 345 346 1 
22 347 348 349 350 351 352 353 354 355 356 357 358 359 360 361 362 363 364 365 366 367 1 
19 368 369 370 371 372 373 374 375 376 377 378 379 380 381 382 383 384 385 1 
20 386 387 388 389 390 391 392 393 394 395 396 397 398 399 400 401 402 403 404 1 
17 405 406 407 408 409 410 411 412 413 414 415 416 417 418 419 420 1 
18 421 422 423 424 425 426 427 428 429 430 431 432 433 434 435 436 1 437 
26 438 439 440 441 442 443 444 445 446 447 448 449 450 451 452 453 454 455 456 457 458 459 460 461 462 1 
22 463 464 465 466 467 468 2 469 470 471 472 473 474 475 476 477 478 479 480 481 482 483 
26 484 2 485 486 487 488 489 490 491 492 493 494 495 496 497 498 499 500 501 502 503 504 505 506 507 508 
18 509 2 510 511 512 513 514 515 516 517 518 519 520 521 522 523 524 525 
26 2 526 527 528 529 530 531 532 533 534 535 536 537 538 539 540 541 542 543 544 545 546 547 548 549 550 
29 551 552 553 2 554 555 556 557 558 559 560 561 562 563 564 565 566 567 568 569 570 571 572 573 574 575 576 577 578 
21 2 579 580 581 582 583 584 585 586 587 588 589 590 591 592 593 594 595 596 597 598 
18 599 2 600 601 602 603 604 605 606 607 608 609 610 611 612 613 614 615 
22 2 616 617 618 619 620 621 622 623 624 625 626 627 628 629 630 631 632 633 634 635 636 
24 637 2 638 639 640 641 642 643 644 645 646 647 648 649 650 651 652 653 654 655 656 657 658 659 
19 660 2 661 662 663 664 665 666 667 668 669 670 671 672 673 157 674 675 676 
15 677 678 679 680 2 681 682 683 684 685 686 687 688 689 690 
18 691 692 2 693 694 695 696 697 698 699 700 701 702 703 704 705 706 707 
18 708 2 709 710 711 712 713 714 715 716 717 718 719 720 721 722 723 724 
21 2 725 726 727 728 729 730 731 732 733 734 735 736 737 738 739 740 741 742 743 744 
19 745 746 747 748 2 749 750 751 752 753 754 755 756 757 758 759 760 761 762 
22 763 2 764 765 766 767 768 769 770 771 772 773 774 775 776 777 778 779 780 781 782 783 
16 784 785 2 786 787 788 789 790 791 792 793 794 795 796 797 798 
20 799 800 2 801 802 803 804 805 806 807 808 809 810 811 812 813 814 815 816 817 
9 818 2 819 820 821 822 823 824 825 
22 826 2 827 828 829 830 831 832 833 834 835 836 837 838 839 840 841 842 843 844 845 846 
16 2 847 848 849 850 851 852 853 854 855 856 857 858 859 860 861 
12 862 863 2 864 865 866 867 868 869 870 871 872 
26 873 370 3 874 875 876 877 878 879 880 881 882 883 884 885 886 887 888 889 890 891 892 893 894 895 896 
12 897 898 3 899 900 901 902 903 904 905 906 907 
15 908 909 3 910 911 912 913 914 915 916 917 918 919 920 921 
21 922 923 924 925 3 926 927 928 929 930 931 932 933 934 935 936 937 938 939 940 941 
19 942 943 3 944 945 946 947 948 16 949 950 951 952 953 954 955 956 957 958 
23 959 960 3 961 962 963 964 965 966 967 968 969 970 971 972 973 974 975 976 977 978 979 980 
24 981 982 3 983 984 848 985 986 987 988 989 990 991 992 993 994 995 996 997 998 999 1000 1001 1002 
22 1003 1004 3 1005 1006 1007 1008 1009 1010 1011 1012 1013 1014 1015 1016 1017 1018 1019 1020 1021 1022 1023 
25 1024 3 1025 1026 1027 1028 1029 1030 1031 1032 1033 1034 1035 1036 1037 1038 1039 1040 1041 1042 1043 1044 1045 1046 1047 
20 3 1048 1049 1050 1051 1052 1053 1054 1055 1056 1057 1058 1059 1060 1061 1062 1063 1064 1065 1066 
22 1067 1068 3 1069 1070 1071 1072 1073 1074 1075 1076 948 1077 1078 1079 1080 1081 1082 1083 1084 1085 1086 
23 1087 1088 1089 3 1090 1091 1092 1093 1094 1095 1096 1097 1098 1099 1100 1101 1102 1103 1104 1105 1106 1107 1108 
19 1109 1110 3 1111 1112 1113 1114 1115 1116 1117 1118 1119 1120 1121 1122 1123 1124 1125 1126 
19 1127 1128 3 1129 1130 1131 1132 1133 1134 1135 1136 1137 1138 1139 1140 1141 1142 1143 1144 
20 1145 1146 3 1147 1148 1149 1150 1151 1152 1153 1154 1155 1156 1157 1158 1159 1160 1161 1162 1163 
26 1164 1165 1166 1167 1168 4 1169 1170 1171 1172 1173 1174 1175 1176 1177 1178 1160 1179 1180 1181 1182 1183 1184 1185 1186 1187 
16 1188 1189 1190 1191 4 1192 1193 1194 1195 1196 1197 1198 1199 1200 244 1201 
19 4 1202 1203 1204 1205 1206 1207 1208 1209 1210 1211 1212 1213 1214 1215 1216 1217 1218 1219 
24 1220 1221 1222 4 1223 1224 1225 1226 1227 1228 1229 1230 1231 1232 1233 1234 1235 1236 1237 1238 1239 1240 1241 1242 
18 1243 4 1244 1245 1246 1247 1248 1249 987 1250 1251 1252 1253 1254 1255 1256 1257 1258 
21 1259 4 1260 1261 1262 1263 1264 1265 1266 1267 1268 1269 1270 1271 1272 1273 1274 1275 1276 1277 1278 
24 1279 1280 4 1281 1282 1283 1284 1285 1286 1287 1288 1289 1290 1291 1292 1293 1294 1295 1296 1297 1298 1299 1300 1301 
23 1302 1303 1304 4 1305 1306 1307 1308 1309 1310 1311 1312 1313 1314 1315 1316 1317 1318 1319 1320 1321 1322 1323 
17 1324 1325 1326 4 1327 1328 1329 1330 1331 1332 1333 1334 1335 1336 1337 1338 1339 
26 1340 1341 1342 1343 1344 4 1345 1346 1347 1348 1349 1350 1351 1352 1353 1354 1355 1356 1357 1358 1359 1360 1361 1362 1363 1364 
20 1365 4 1366 1367 1368 1369 1370 1371 1372 1373 1374 1375 1376 1377 1378 1379 1380 1381 1382 1383 
17 1384 4 1385 1386 1387 1388 1389 1390 1391 1392 1393 1394 1395 1396 1397 1398 1399 
30 1400 1401 4 526 1402 1403 1404 1405 1406 1407 1408 1409 1410 1411 1412 1413 1414 1415 1416 1417 1418 1419 1420 1421 1422 1423 1424 1425 1426 1427 
22 1428 1429 1430 1431 555 4 1432 1433 1434 1435 1436 1437 1438 1439 1440 1441 1442 1443 1444 1445 1446 1447 
15 1448 1449 1450 4 1451 1452 1453 1454 1455 1456 1457 1458 1459 1460 1461 
16 1462 4 1463 1464 1465 1466 1467 1468 1469 1470 1471 1472 1473 1474 1475 1476 
20 4 1477 1478 1479 1480 1481 1482 1483 1484 1485 1486 1487 1488 1489 1490 1491 1492 1493 1494 1495 
24 1496 1497 1498 4 1499 1500 1501 1502 1503 1504 1505 1506 1507 1508 1509 1510 1511 1512 1513 1514 1515 1516 1517 1518 
17 4 1519 1520 1521 1522 1523 1524 1525 1526 1527 1528 1529 1530 1531 1532 1533 1534 
18 1535 1536 1537 4 1538 1539 1540 1541 1542 1543 1544 1545 1546 1547 1548 1549 1550 1551 
23 1552 1553 1554 1555 4 1556 1557 1558 1559 1560 1561 1562 1563 1564 1565 1139 1566 1567 1568 1569 1570 1571 1572 
16 1573 1574 1575 4 1576 1577 1578 1579 1580 1581 1582 1583 1584 1585 1586 1587 
22 4 1588 1589 1590 1591 1592 1593 1594 1595 1596 1597 1598 1599 1600 1601 998 1602 1603 1604 1605 1606 1607 
20 1608 1609 1610 1611 4 1612 1613 1614 1615 1616 1617 1618 1619 1620 1621 1622 1623 1624 1625 1626 
18 1627 4 1628 1629 1630 428 1631 1632 841 1633 1634 1635 1636 1637 1638 1639 1640 1641 
15 1642 1643 4 1644 1645 1646 1647 1648 1649 1650 1651 1652 1653 634 1654 
18 1655 1656 1657 4 1658 1659 1660 1661 1662 1663 1664 1665 1666 1667 1668 1669 1670 1671 
27 1672 1673 1674 4 1675 1676 1677 1678 1679 1680 1681 1682 1683 1684 1685 1686 1687 1688 1689 1690 1691 1692 1623 1693 1694 1695 1696 
22 1697 1698 1699 4 1700 835 1701 1702 1703 1704 1705 1706 1707 1708 1709 1710 1711 1712 1713 1714 1715 1716 
23 1717 4 1718 1719 1720 1721 1722 1723 1724 1725 1726 1727 1728 1729 1730 1731 1732 1733 1734 1735 1736 1737 1738 
14 1739 1740 5 1741 1742 1743 1744 1745 1746 1747 1748 1749 1750 1751 
32 1752 1753 1754 1755 1756 1757 5 1758 1759 1760 1761 1762 1763 1764 1765 1766 1767 1768 1769 1770 1771 1772 1773 1774 1775 1776 1777 1778 1779 1780 1781 1782 
21 1783 1784 1785 1786 1787 332 5 1788 1789 1790 1791 1792 1793 1794 1795 1796 1797 1798 1799 1800 1801 
17 1802 438 1803 1804 1805 1806 1807 5 1808 1809 1810 1811 1812 1813 1814 1815 1816 
23 1817 1818 1819 1820 5 1821 1822 1823 1824 1825 1826 1827 1828 1829 1830 1831 1832 1833 1834 1835 1836 1837 1838 
22 1839 1840 1841 1842 5 1843 1844 1845 1846 1847 1848 1849 1850 1851 1852 1853 1854 1855 1856 1857 1858 1859 
21 1860 1861 1862 1863 1864 1865 5 1866 1867 1868 1869 1870 1871 1872 1873 1874 1875 1876 1877 1878 1879 
19 1880 1881 1882 1883 1884 1885 1886 5 1887 1888 1889 1890 1891 1637 1892 1893 1894 1895 1896 
26 1897 1898 1899 1900 1901 5 1902 1903 1904 1905 1906 1907 1908 1909 1910 1911 1912 1913 1914 1915 1916 1917 1918 1919 1920 1921 
12 5 1922 1923 1924 1925 1926 1927 1928 1929 1930 1931 1932 
22 1933 1934 1935 1936 1937 1938 1939 5 1940 1941 1942 1943 1944 1945 1946 1947 1948 400 1949 1950 1951 1952 
24 1953 1954 1955 5 1956 1957 1958 1959 1960 1961 1962 1963 1964 1965 1966 1967 1968 1969 1970 1971 1972 1973 1974 1975 
32 1976 1657 1977 5 1978 1979 1903 1980 1981 1982 1983 1984 1985 1986 1987 1988 1989 1990 1991 1992 1993 1994 1995 1996 1997 1998 1999 2000 2001 2002 2003 2004 
19 2005 2006 2007 2008 6 2009 2010 2011 2012 2013 2014 2015 2016 2017 2018 2019 2020 2021 2022 
23 2023 2024 2025 2026 6 2027 1615 2028 2029 2030 2031 2032 2033 2034 2035 2036 2037 2038 2039 2040 2041 2042 2043 
26 2044 2045 2046 2047 2048 2049 2050 2051 2052 2053 6 2054 2055 2056 2057 2058 2059 2060 2061 2062 2063 2064 2065 705 2066 2067 
23 2068 2069 2070 2071 2072 6 2073 377 2074 2075 2076 2077 2078 2079 2080 2081 2082 2083 2084 2085 2086 2087 2088 
15 2089 2090 2091 6 2092 2093 2094 2095 2096 2097 2098 2099 2100 2101 2102 
16 2103 2104 2105 2106 6 2107 2108 2109 2110 2111 2112 2113 2114 2115 2116 2117 
22 2118 2119 6 2120 2121 2122 2123 2124 2125 2126 2127 2128 2129 1484 2130 2131 2132 2133 2134 2135 2136 2137 
17 2138 2139 2140 2141 6 2142 2143 2144 2145 2146 2147 2148 2149 2150 2151 2152 2153 
21 2154 2155 2156 2157 6 2158 2159 2160 2161 2162 2163 2164 2165 2166 2167 2168 2169 2170 2171 2172 2173 
18 2174 2175 2176 2177 2178 2179 6 2180 2181 1252 2182 2183 2184 2185 2186 2187 2188 2189 
17 2190 2191 2192 6 2193 2194 2195 2196 2197 2198 2199 2200 2201 2202 2203 2204 2205 
20 2206 2207 6 2208 2209 2210 2211 2212 2213 2214 2215 2216 2217 2218 2219 2220 2221 2222 2223 2224 
21 2225 2226 6 2227 2228 2229 2230 2231 2232 2233 2234 2235 2236 2237 2238 2239 2240 2241 2242 2243 2244 
22 897 2245 2246 2247 2248 6 2249 2250 2251 2252 2253 2254 2255 2256 2257 2258 2259 895 2260 2261 2262 2263 
15 2264 2265 2266 6 2267 2268 2269 2270 2271 2272 2273 2274 2275 2276 2277 
27 2278 2279 2280 2281 2282 2283 6 2284 2285 2286 2287 2288 2289 2290 2291 2292 2293 2294 2295 2296 2297 2298 2299 2300 2301 2302 2303 
32 553 2304 2305 2306 2307 2308 6 2309 2310 2311 2312 2313 2314 2315 2316 2317 2318 2319 2320 2321 2322 2323 2324 2325 2326 2327 2328 2329 2330 2331 2332 2333 
21 2334 2335 2336 2337 6 2338 2339 2340 2341 2342 2343 2344 476 2345 2346 2347 2348 2349 2350 2351 2352 
24 2353 2354 2355 2356 2357 2358 2359 2360 6 2361 2362 2363 2364 1578 2365 2366 2367 2368 2369 2370 2371 2372 2373 2374 
20 2375 2376 2377 2378 2379 2380 6 2381 2382 2383 1744 2384 2385 2386 2387 2388 2389 2390 2391 2392 
25 2393 2394 2395 2396 6 2397 2398 2120 2399 2400 2401 2402 2403 2404 2405 2406 2407 2408 2409 2410 2411 2412 2413 2414 2415 
20 2416 2417 2418 2419 2420 2421 2422 7 2423 2424 1034 2425 2426 2427 2428 2429 2430 2431 2432 2433 
27 2434 2435 2436 2437 2438 2439 2440 2441 7 2442 2443 2444 2445 2446 2447 2448 2449 2450 2451 2452 2453 2454 2455 2456 2457 2458 2459 
15 2460 2461 2462 7 2463 2464 2233 2465 2466 2467 2468 2469 1531 2470 1835 
19 2471 2472 2473 2474 2475 7 2476 2477 2478 2479 2480 2481 2482 2483 2484 2485 2486 2487 2488 
20 2489 2490 2491 2492 2493 2494 2495 7 2496 2497 2498 2499 2500 2501 2502 2503 2504 2505 2506 2507 
23 2508 2509 2510 2511 2512 2513 7 2514 2515 2516 884 2517 2518 2519 2520 2521 2522 2523 2524 2525 2526 2527 2528 
18 2529 2530 2531 2532 2533 2534 2535 2536 2537 7 2538 2539 2540 2541 2542 2543 2544 2545 
17 2546 2547 7 2548 2549 2550 2551 2552 2553 2554 2555 2556 2557 2558 2559 2560 2561 
24 2562 2563 2564 2565 2566 2567 2568 2569 7 2570 2571 2572 2573 2574 2575 2576 2577 2578 2579 2580 2581 2582 2583 2584 
27 2585 2586 2587 2588 2589 2590 2591 2592 2593 2594 2595 2596 7 2597 2598 275 2599 2600 2601 2602 2603 2604 2605 2606 297 2607 2608 
19 2609 2610 2611 2612 7 2613 2614 2615 2616 2617 2618 2619 2620 2621 2622 2623 2624 2625 2626 
13 2627 2628 2629 2630 7 2631 2632 2633 2634 2635 2636 2637 2638 
22 2639 2640 2641 2642 2643 2644 2645 2646 2647 7 2648 2649 2650 2651 2652 2653 2654 2655 180 2656 2657 2658 
17 2659 2660 2661 2662 7 2663 2664 2665 2666 2667 2668 2669 2670 2671 2672 2673 2674 
22 2675 1842 7 2676 2677 2678 2679 2680 2681 2682 2683 2684 2685 2686 2687 2688 2689 2690 2691 2692 2693 2694 
26 2695 2696 2697 2698 2699 2700 2701 7 2702 2703 2704 173 2705 2706 2707 2708 2709 2710 2711 2712 2713 2714 2715 2716 2717 2718 
22 2719 2720 2721 2722 2723 2724 2725 2726 2727 2728 7 2729 2730 2731 2732 2733 2734 2735 2736 2737 2738 2739 
20 2740 2741 2742 2743 2744 2745 7 2746 2747 2748 2749 2750 2751 2752 2753 2754 2755 2756 2757 2758 
18 2759 2760 2761 2762 2763 7 2764 2765 2766 2767 2768 2148 2769 2770 2771 2772 2773 2774 
20 2775 2776 2777 2778 2779 7 2780 2781 2782 2783 2784 2785 1120 2786 2787 2788 2789 2790 2791 2792 
30 2793 2794 2795 2796 2797 2798 2799 2800 7 2801 2802 2803 2804 2805 2806 2807 2808 2809 2810 2811 2812 2813 2814 2815 2816 2817 2818 2819 2820 2821 
16 2822 2823 2824 2825 7 2826 2827 2828 2829 2830 2831 2832 2833 2834 2835 2836 
21 2837 2838 2839 2840 2841 8 2842 2843 2844 2845 2846 2847 2848 2849 2850 2851 2852 2853 2854 2855 2856 
22 2857 2858 1026 2859 2860 2861 2862 2863 8 2864 2865 2866 2867 2868 2869 569 2870 2871 2872 2873 2874 2875 
25 2876 2877 2878 2879 2880 2881 2882 2883 2884 2885 8 2886 2887 2888 2889 2890 2891 2892 2893 2894 2895 2896 2897 2898 2899 
18 2900 2901 2902 2903 8 2904 2905 2906 2907 2908 2909 2910 2911 2912 2913 2914 2915 2916 
26 2917 2918 2919 2920 2921 2922 2923 2924 2925 8 2926 2927 493 2928 2929 2930 2931 2932 2933 2934 2935 2936 2937 2938 2939 2940 
24 2941 2942 2943 2944 2945 2946 2947 2948 2949 8 2950 2403 2951 588 2952 2953 2954 2955 2956 2957 2958 2959 2455 2960 
23 2961 677 2962 2963 2964 2965 2966 8 445 2967 2968 2969 2970 2971 2972 2973 2974 2975 2976 2977 2978 306 2979 
22 2980 2981 8 2982 2983 2984 2985 2986 2987 2988 2989 2990 2991 2992 2993 2994 2995 2996 2997 2998 2243 2999 
20 3000 3001 3002 3003 3004 8 3005 3006 3007 3008 3009 3010 3011 3012 3013 3014 3015 3016 3017 3018 
19 3019 3020 3021 3022 3023 8 3024 3025 3026 3027 3028 3029 3030 3031 3032 3033 3034 3035 3036 
24 3037 2659 3038 3039 3040 3041 3042 3043 3044 8 3045 3046 33 3047 3048 3049 3050 3051 3052 3053 3054 3055 3056 3057 
21 3058 3059 3060 3061 3062 8 3063 3064 3065 3066 3067 3068 3069 3070 3071 3072 3073 3074 3075 3076 3077 
26 3078 3079 3080 3081 3082 3083 3084 3085 3086 3087 8 3088 3089 3090 3091 3092 3093 3094 3095 3096 3097 3098 3099 3100 3101 3102 
23 3103 3104 3105 3106 3107 3108 3109 3110 8 3111 3112 3113 3114 3115 3116 3117 3118 3119 3120 3121 3122 3123 3124 
22 3125 3126 3127 3128 1260 3129 3130 3131 3132 3133 9 3134 3135 3136 3137 3138 3139 3140 3141 3142 3143 3144 
15 3145 3146 3147 3148 3149 9 3150 3151 3152 3153 2522 3154 3155 3156 3157 
26 3158 3159 3160 2155 3161 3162 3163 3164 3165 3166 333 3167 3168 9 3169 3170 3171 3172 3173 3174 3175 3176 3177 3178 3179 3180 
22 3181 3182 3183 3184 3185 3186 9 3187 3188 3189 3190 3191 3192 3193 3194 3195 3196 3197 3198 3199 3200 3201 
13 3202 3203 3204 3205 9 3206 3207 3208 3209 3210 3211 3212 3213 
17 3214 3215 2881 3216 3217 3218 3219 3220 9 3221 3222 3223 3224 3225 3226 3227 3228 
25 3229 3230 3231 3232 3233 3234 3235 3236 3237 9 1135 3238 3239 3240 3241 3242 3243 3244 3245 3246 3247 3248 3249 3250 3251 
14 1608 3252 3253 3254 3255 9 3256 3257 3258 3259 3260 3261 3262 3263 
22 3264 3265 3266 3267 3268 3269 3270 3271 3272 9 3273 3274 3275 3276 3277 3278 3279 3280 655 3281 3282 3283 
25 3284 3285 3286 3287 1286 3288 3289 9 3290 3291 3292 3293 3294 3295 3296 3297 3298 3299 3300 3301 3302 3303 3304 3305 3306 
20 3307 3308 3309 3310 3311 3312 3313 3314 3315 3316 9 3317 3318 3319 3320 3321 3322 3323 3324 3325 
38 3326 3327 3328 3329 3330 3331 3332 3333 3334 3335 3336 3337 3338 3339 3340 3341 3342 3343 9 3344 3345 3346 3347 3348 3349 3350 3351 3352 3353 3354 3355 3356 3357 3358 3359 3360 3361 3362 
33 3363 3364 3365 1450 3366 3367 3368 3369 3370 3371 3372 3373 3374 3375 9 3376 3377 3378 3379 3380 3381 140 3382 3383 3384 3385 3386 3387 3388 3389 872 3390 3391 
15 3392 3393 3394 3395 3396 3397 9 3398 3399 3400 3401 3402 3403 3404 3405 
18 3406 3407 3408 3409 3410 3411 3412 3413 9 3414 3415 3416 3417 3418 3419 3420 3421 3422 
26 3423 3424 3425 3426 3427 3428 3429 9 3430 3431 3432 3433 3434 3435 3436 3437 3438 3439 3440 3441 3442 3443 3444 3445 3446 3447 
19 3448 3449 3450 3451 3452 3453 3454 3455 9 3456 3457 3458 3459 3356 3460 3461 3462 3463 3464 
21 3465 3466 3467 3468 3469 3470 2269 3471 9 3472 3473 3474 3475 3476 2017 3477 3478 3479 3480 3481 3482 
25 3483 3484 3485 3486 3487 3488 3489 3490 3491 3492 3493 3494 9 3495 3496 3497 3498 3499 3500 3501 3502 3503 3504 3505 3506 
20 3507 3508 3509 3510 3511 3512 3513 9 3514 3515 137 3516 3517 3518 3519 3520 3521 3522 3523 3524 
29 3525 3526 3527 3528 3529 3530 3531 3532 3533 3534 9 3535 3536 3537 3538 3539 3540 3541 3542 3543 3544 3545 3546 3547 3548 3549 3550 3551 1494 
17 3552 3553 3554 3555 3556 3557 3558 9 3559 3560 3561 3562 3563 3564 3565 3566 3567 
15 3568 3569 9 3570 3571 3572 3573 3574 3575 3576 3577 3578 3579 3580 3581 
20 3582 3583 3584 3585 3586 3587 3588 3589 3590 9 3591 3592 3593 3594 3595 3596 3597 3598 3599 3600 
25 3601 3602 1787 3603 3604 3605 3606 3607 3608 3609 3610 3611 9 3612 3613 3614 3615 3616 3617 3618 3619 3620 3621 3622 3623 
30 3624 3625 3626 3627 3628 3629 3630 3631 3632 3633 3634 3635 3636 3637 3638 3639 9 3640 3641 3642 3643 3644 3645 3646 3647 3648 3649 3650 3651 3652 
18 3653 3654 3655 3656 3657 3658 3659 3660 10 3661 3662 3663 3664 3665 3666 3667 3668 3669 
21 3670 3671 3672 3673 3674 3675 3676 10 3677 3678 3679 3680 3681 3682 3683 3684 3685 3686 3687 3688 895 
26 3689 3690 1221 3691 3692 3693 3694 3695 3696 3697 3698 10 3699 3700 3701 3702 3703 3704 3705 3706 3707 3708 3709 3710 3711 3712 
23 3713 3714 3715 3716 3717 3718 3719 3720 3721 10 3722 3723 3724 3725 3726 3727 3728 3729 3730 3731 3732 3733 3734 
24 3735 3736 3737 3738 3739 3740 3741 3742 3743 3744 10 3745 3746 3747 3748 3749 3750 3751 3752 3753 3754 3755 1715 3756 
22 3757 3758 3759 3760 3761 3762 3763 3764 3765 10 3766 3767 3768 3769 3770 3771 3772 2895 3773 3774 3775 499 
24 3776 3777 3778 3779 3780 3781 3782 10 3783 3784 3785 3786 3787 3788 3789 3790 3791 3792 3793 3794 3795 3650 3796 3797 
17 3798 3799 3800 3801 10 3802 3803 3804 3805 3806 3807 3808 3809 3810 3811 3812 3813 
15 3814 3815 3816 3817 3818 3819 3820 10 3821 3822 3823 3824 3825 3826 3827 
24 3602 3828 3829 3830 3831 3832 3833 10 3834 3835 3836 3837 3838 3839 3840 3841 3842 3843 3844 3845 3846 3847 3848 3849 
20 3850 3851 3852 3853 3854 3855 3856 3857 3858 10 3859 3860 3861 3862 3863 3864 3865 3866 3867 500 
16 3868 3869 3870 3871 3872 3873 3874 10 3875 3876 3877 3878 3879 3880 3881 3882 
34 3883 3884 1261 3885 3886 3887 3888 3889 3890 3891 3892 3893 3894 10 3895 3803 3896 3897 3898 3899 3900 3901 3902 3903 3904 3905 3906 3907 3908 3909 3910 3911 3912 3913 
15 909 3914 3915 3916 3917 3918 10 3919 3920 3921 3922 3923 3924 3925 3926 
23 3927 3928 3929 3930 3931 3932 3933 3934 3935 3936 10 3937 3938 3939 3940 3941 3942 3943 1182 3944 3945 3946 3947 
13 3948 3949 3950 10 3951 3952 3953 1509 3954 3955 3956 3957 3154 
15 3958 3959 3960 3961 3962 3963 3964 10 3965 3966 3967 3968 3969 649 3970 
26 3971 3972 3973 3974 3975 3976 3977 3978 3979 3980 10 3981 3982 3983 3984 3985 3986 3987 3988 3989 3990 3991 3992 3993 3994 3995 
16 1955 3996 3997 3998 3999 4000 4001 4002 10 4003 4004 4005 4006 4007 4008 4009 
24 4010 4011 4012 4013 4014 4015 4016 4017 10 4018 4019 4020 4021 4022 4023 4024 1042 4025 4026 4027 4028 4029 4030 4031 
24 4032 4033 4034 4035 4036 4037 4038 4039 10 4040 4041 4042 4043 4044 4045 4046 4047 4048 4049 547 4050 4051 4052 4053 
18 4054 4055 4056 4057 4058 4059 4060 10 4061 2161 4062 4063 4064 4065 4066 4067 4068 4069 
20 4070 4071 4072 2378 4073 4074 10 4075 4076 4077 4078 4079 4080 4081 4082 4083 4084 4085 4086 2774 
24 4087 4088 4089 4090 4091 4092 4093 4094 4095 4096 4097 4098 10 1619 4099 4100 4101 4102 4103 4104 4105 4106 4107 4108 
18 4109 4110 4111 4112 4113 4114 4115 11 4116 4117 4118 4119 4120 4121 4122 4123 4124 4125 
23 4126 4127 4128 4129 4130 4131 4132 4133 4134 4135 4136 11 4137 3434 4138 4139 4140 4141 4142 4143 4144 4145 4146 
24 4147 4148 4149 4150 4151 4152 4153 4154 4155 11 4156 4157 4158 4159 4160 4161 4162 4163 4164 4165 4166 4167 4168 4169 
20 4170 4171 4172 4173 4174 4175 4176 11 3515 4177 4178 4179 4180 4181 4182 4183 4184 4185 4186 4187 
25 4188 663 4189 4190 4191 4192 4193 4194 11 4195 4196 4197 4198 4199 4200 4201 4202 4203 4204 4205 4206 4207 4208 4209 4210 
23 4211 4212 4213 4214 4215 4216 4217 4218 11 4219 4220 4221 4222 4223 4224 4225 4226 4227 4228 4229 4230 4231 4232 
19 4233 4234 4235 4236 4237 2566 4238 4239 883 11 4240 4241 4242 4243 4244 4245 4246 4247 4248 
22 4249 4250 4251 4252 4253 4254 4255 4256 11 4257 4258 4259 4260 4261 2994 4262 4263 4264 4265 4266 4267 4268 
18 4269 4270 4271 4272 4273 4274 4275 4276 11 4277 4278 4279 4280 4281 4282 4283 4284 4285 
18 4286 4287 4288 4289 4290 4291 4292 11 4293 1890 4294 4295 4296 4297 4298 4299 4300 4301 
16 4302 4126 4303 4304 4305 4306 11 4307 4308 4309 4310 4311 4312 4313 4314 4315 
15 4316 4317 4318 4319 4320 4321 11 4322 4323 4324 4325 4326 4327 4328 4329 
11 4330 4331 4332 4333 4334 4335 4336 4337 11 4338 4339 
25 4340 4341 4342 4343 4344 4345 4346 11 4347 4348 4349 4350 4351 4352 4353 4354 4355 4356 4357 4358 4359 4360 4361 4362 4363 
26 4364 4365 4366 4367 4368 4369 4370 11 4371 4372 4373 4374 4375 4376 4377 4378 4379 2997 4380 575 4381 4382 4383 4384 4385 4386 
24 4387 4388 4389 4390 4391 4392 3108 4393 4394 4395 11 4396 4397 4398 4399 4400 4401 4402 4403 1969 4404 4405 4406 4407 
19 4408 4409 4410 4411 4412 4413 11 4414 4415 4416 4417 4418 4419 4420 4421 4422 4423 4424 4425 
18 4426 4427 4428 4429 4430 4431 12 4432 4433 4434 4435 4436 4437 4438 4439 4440 4441 4442 
22 4443 4444 4445 4446 4447 4448 4449 4450 4451 4452 4453 4454 4455 12 4456 4457 4458 4459 4460 4461 4462 4463 
20 4464 4465 4466 4467 4468 4469 4470 4471 4472 4473 4474 4475 12 4476 4477 4478 4479 4480 4481 4482 
13 4483 4484 4485 4486 4175 4487 4488 12 4489 4490 4491 4492 4493 
19 4494 4495 4496 4497 4498 4499 4500 4501 4502 4136 12 4503 4504 4505 4506 4507 4508 4509 4510 
14 4511 4512 4513 4514 4037 12 4515 4516 4517 3899 4518 4519 4520 4521 
28 4522 4523 4524 4525 4526 4527 4528 4529 4530 4531 2704 4532 12 4533 4534 4535 4536 4537 4538 4539 4540 4541 4542 4441 4543 4544 4545 4546 
21 4547 4548 4549 4550 4551 4552 4553 12 4554 4555 4556 4557 2082 4558 4559 4560 4561 4562 4563 4564 4565 
27 4566 4567 4568 4569 4570 4571 4572 4573 4574 4575 4576 4577 4578 4579 4580 12 4581 4582 4583 4584 2295 4585 4586 4587 4588 4589 4590 
27 4591 4592 4593 4594 4595 4596 4597 4598 4599 4600 4601 12 4602 4603 4604 4605 4606 4607 4608 4609 4610 4611 4612 4613 4614 4615 4616 
23 4617 4618 4619 4620 4621 4622 4623 4624 12 4625 4626 4627 4628 4629 4630 4631 4632 4633 2188 4634 4635 4636 4637 
16 4638 4639 4640 4641 4642 12 4643 4644 4645 4646 4647 4648 4649 4650 4651 4652 
24 4653 4654 4655 4656 4657 4658 4659 4660 4661 4662 4663 4664 4665 12 4666 4667 4668 4669 4670 4671 4672 4673 4674 3505 
19 4675 4676 4677 4678 4679 4680 4681 4682 4683 12 4684 4685 4686 4687 4688 4689 4690 4691 4386 
25 4692 4693 4694 4695 4696 4697 4698 4699 12 4700 4701 4702 4703 4704 4705 4706 4707 4708 4709 2236 4710 4711 4712 4713 4714 
17 4715 4716 4717 4718 4719 4720 4721 4722 4723 4724 4725 12 4726 3344 4727 1000 4728 
26 4729 62 4730 4731 4732 4733 4734 4735 4736 4737 2158 4738 4739 12 4740 4741 4742 4743 4744 4745 4746 4747 4748 4749 4750 4751 
19 4752 4753 4754 4755 4756 1402 4757 4758 1387 4759 4760 4761 12 4762 4763 4764 4765 4766 4767 
15 4768 4769 4770 4771 4772 4773 4774 4775 4776 12 4777 4778 4779 4780 4781 
20 4782 4783 4784 4785 4786 4787 4788 12 4789 4790 4791 4792 4793 4794 4795 4796 4797 4798 4799 482 
22 4800 4801 2646 3164 4802 4803 4804 4805 4806 4807 13 4808 4809 4810 4811 4812 4813 4814 4815 4816 4817 4818 
26 4819 4820 4821 4822 4823 4824 4825 4826 4827 4828 4829 13 4830 4831 4832 4833 4834 4835 3032 4836 4837 4838 4839 4840 4841 4842 
28 4843 4844 4845 4846 4847 4848 4849 4850 4851 4852 4853 4218 4854 4855 4856 13 4857 4858 4859 4860 4861 4862 4863 4864 4865 4866 4867 4868 
22 4869 4870 4871 4872 4873 4874 4875 4876 4877 13 4878 4879 4880 4881 4882 4883 4884 4885 4886 4887 4888 4889 
22 4890 4891 4892 4893 4894 4895 4896 4897 4898 13 4899 4900 4901 4902 4903 4904 4905 4906 4907 4908 4909 4910 
19 4911 4912 4913 4914 4915 4916 4917 4918 4919 4920 13 4921 4922 4923 4924 4925 4926 3989 4927 
25 4928 4929 4930 4931 4932 4933 4934 4935 4936 4937 13 4938 4939 590 4940 4941 4942 4943 4944 4945 4946 4947 4948 4949 4950 
20 4951 4952 4953 4954 4955 4956 4957 4958 4959 4960 1987 4961 13 4962 4963 1545 4964 2136 4965 4966 
13 4967 2721 4968 4969 4970 4971 4972 4973 4974 13 4975 4976 4977 
23 4978 4979 4980 4981 4982 4983 4984 4985 4986 4987 4988 4989 13 4990 4991 4992 4993 4994 4995 4996 4997 4998 4999 
3 5000 2644 13 
2 13 3228 
3 1291 13 3421 
1 13 
2 3410 13 
2 677 13 
2 13 3645 
2 3740 13 
1 13 
1 13 
2 13 1138 
3 2794 14 4083 
2 14 3621 
1 14 
1 14 
1 14 
2 4692 14 
2 134 14 
2 3568 14 
1 14 
1 14 
5 879 4307 14 2604 323 
2 14 3577 
2 3819 14 
2 14 3911 
3 288 444 14 
2 2110 14 
3 2776 14 2910 
3 4820 3413 14 
1 14 
5 3235 15 756 3277 283 
2 15 3116 
2 15 2042 
1 15 
1 15 
1 15 
1 15 
2 1281 15 
2 3453 15 
3 134 15 3260 
1 15 
3 645 15 1782 
2 15 2449 
1 15 
2 15 4226 
1 15 
1 15 
1 15 
4 1976 15 3135 153 
4 16 890 4186 3734 
2 16 4651 
2 4443 16 
2 16 3172 
2 16 3261 
1 16 
2 16 1080 
2 16 4867 
1 16 
2 3631 16 
4 4575 3641 16 1580 
1 16 
1 16 
2 16 4182 
2 16 1711 
2 2191 16 
4 2104 1368 16 279 
2 2570 16 
2 16 4262 
1 16 
5 4920 16 4555 3097 956 
1 17 
3 3342 17 2484 
1 17 
2 3346 17 
3 93 4775 17 
2 163 17 
2 17 3774 
2 565 17 
2 560 17 
1 17 
3 4916 17 2085 
3 4725 17 3810 
2 17 2637 
2 2155 17 
2 17 4313 
2 17 3195 
1 17 
2 1661 17 
2 2882 17 
1 18 
3 4098 18 3016 
3 1502 18 3096 
1 18 
3 1149 18 1415 
2 4834 18 
1 18 
2 2786 18 
2 1010 18 
2 1787 18 
2 4833 18 
3 3670 1281 18 
1 18 
1 18 
1 18 
1 18 
3 4724 18 591 
2 3765 18 
1 18 
4 1761 563 18 1751 
2 18 4353 
1 19 
2 19 4121 
3 46 4179 19 
3 644 19 3482 
1 19 
2 2653 19 
1 19 
1 19 
2 1415 19 
2 107 19 
4 1842 2057 19 3505 
1 19 
2 2289 19 
5 1166 1249 19 2485 3402 
1 19 
1 19 
2 1471 19 
1 19 
2 3343 20 
2 20 3122 
1 20 
1 20 
1 20 
3 3333 410 20 
1 20 
1 20 
1 20 
1 20 
2 3336 20 
4 3472 4857 842 20 
1 20 
1 20 
3 1538 101 20 
1 20 
2 4532 20 
1 20 
1 20 
2 4489 21 
1 21 
3 3855 4645 21 
2 4843 21 
2 3366 21 
2 391 21 
1 21 
5 1344 4955 3557 1136 21 
3 1868 2216 21 
3 3828 1821 21 
2 563 21 
3 3273 3013 21 
5 604 532 21 4067 505 
1 21 
1 21 
3 2069 4276 21 
2 1649 22 
1 22 
3 1003 3264 22 
2 1004 22 
1 22 
1 22 
3 2461 2308 22 
4 3235 3112 85 22 
3 2837 3724 22 
1 22 
1 22 
3 1823 1158 22 
2 2955 22 
2 3766 22 
3 826 4550 22 
1 22 
2 1382 22 
3 94 2259 23 
4 2688 3303 815 23 
3 2830 2411 23 
2 3128 23 
1 23 
2 23 4329 
2 283 23 
3 3515 153 23 
3 2679 2691 23 
5 3166 3959 1707 3546 23 
2 519 23 
1 23 
3 1633 4538 23 
1 23 
2 1320 23 
1 23 
1 23 
3 1067 913 23 
2 4992 23 
1 23 
2 1519 23 
1 23 
2 4123 23 
2 1189 23 
1 23 
2 24 2234 
1 24 
2 24 3441 
2 24 1763 
2 24 1131 
1 24 
1 24 
3 24 914 4710 
2 24 2773 
1 24 
3 24 2197 1105 
1 24 
1 24 
2 24 121 
3 24 4197 2083 
1 24 
2 24 2644 
1 24 
1 24 
2 24 247 
1 24 
2 25 1981 
1 25 
3 25 4294 2168 
2 25 1591 
1 25 
1 25 
2 25 2597 
1 25 
4 25 1206 1581 2262 
2 25 151 
1 25 
2 25 2066 
2 25 3804 
1 25 
4 25 2159 4557 1798 
2 25 192 
2 25 197 
1 25 
2 25 1252 
5 3717 25 1010 2576 2022 
2 25 1988 
4 25 1250 2219 417 
2 25 3227 
2 25 885 
3 25 1703 4866 
4 580 26 1355 2909 
1 26 
3 26 2248 2523 
1 26 
2 26 3391 
1 26 
1 26 
1 26 
2 26 946 
1 26 
5 3000 26 448 1651 3225 
2 4915 26 
1 26 
1 26 
1 26 
2 26 1966 
2 26 2168 
4 27 73 4477 1301 
2 27 2906 
2 27 1046 
1 27 
2 1202 27 
1 27 
3 27 836 417 
1 27 
1 27 
2 27 4381 
2 27 2078 
1 27 
4 1145 27 3631 4358 
2 27 3471 
3 1190 27 4992 
1 27 
1 27 
2 27 668 
2 27 4574 
1 27 
2 27 1870 
3 27 1484 207 
2 4783 27 
2 27 1474 
1 27 
1 28 
2 3394 28 
3 28 1158 120 
3 3972 3974 28 
2 28 74 
4 1455 28 1634 1816 
2 28 2872 
1 28 
1 28 
3 28 336 1604 
1 28 
1 28 
4 28 415 4625 366 
3 28 3610 2167 
4 3740 28 1150 335 
1 28 
5 1190 1025 28 4860 3481 
2 28 2111 
2 148 28 
1 28 
2 28 1389 
2 28 3142 
2 28 3666 
2 1591 28 
3 1168 28 225 
2 1882 28 
2 3606 28 
1 28 
2 29 4777 
2 509 29 
1 29 
3 29 1789 3225 
5 4408 829 1370 29 3949 
3 1402 29 1561 
2 926 29 
3 616 29 2082 
2 29 3442 
2 152 29 
1 29 
3 29 3271 254 
4 4658 29 363 4051 
2 29 2261 
2 1537 29 
1 29 
5 847 29 4576 1968 597 
1 29 
4 1091 29 595 4386 
2 877 29 
1 30 
2 30 4610 
2 30 2851 
3 4333 30 2748 
2 30 666 
2 30 417 
1 30 
2 30 1650 
1 30 
2 30 2871 
1 30 
4 3023 30 3024 1487 
1 30 
2 30 1232 
1 30 
2 30 3518 
2 30 2496 
2 31 586 
1 31 
3 4011 31 1215 
2 31 3838 
2 31 4937 
1 31 
3 2924 31 2713 
1 31 
2 31 2115 
4 31 4041 2624 4814 
3 4527 31 3892 
1 31 
2 3889 31 
2 1554 31 
1 31 
2 31 4866 
1 31 
1 31 
3 31 1888 86 
1 31 
2 31 2169 
2 32 4460 
1 32 
1 32 
3 3469 32 1666 
3 32 2821 2042 
1 32 
3 32 3967 1492 
2 371 32 
2 32 299 
1 32 
1 32 
3 32 4063 1715 
3 2226 32 203 
1 32 
2 1248 32 
3 804 32 4041 
1 32 
2 32 1618 
2 169 32 
2 4215 32 
1 32 
3 32 4960 4708 
1 32 
2 33 1300 
2 33 4489 
4 3962 33 3521 1141 
2 215 33 
3 2902 33 2856 
3 33 3542 4812 
2 603 33 
2 1608 33 
5 4870 33 543 4353 3992 
3 33 1292 972 
2 1030 33 
1 33 
2 33 1693 
2 1056 33 
2 33 4885 
3 33 1315 4927 
1 33 
3 34 153 263 
1 34 
1 34 
2 34 2387 
1 34 
4 2280 34 1852 3391 
3 2966 34 4630 
3 1248 34 1041 
2 34 3497 
2 34 3242 
3 1679 34 1617 
2 34 4202 
3 34 917 2001 
2 728 34 
1 35 
1 35 
2 1802 35 
4 1840 35 4460 4086 
1 35 
1 35 
1 35 
1 35 
3 35 1815 2488 
2 35 3619 
3 3431 2809 35 
2 35 3878 
3 2841 35 3966 
1 35 
3 106 35 1920 
1 35 
1 35 
1 36 
2 1344 36 
2 36 4197 
2 4451 36 
1 36 
1 36 
2 1039 36 
2 36 3499 
2 1279 36 
1 36 
1 36 
2 36 4100 
1 36 
1 36 
4 2627 36 1600 4562 
2 4895 36 
1 36 
2 37 1994 
1 37 
2 3888 37 
2 37 690 
2 37 2455 
1 37 
1 37 
4 4330 2336 1281 37 
3 37 4376 941 
4 37 3349 809 2199 
3 1848 3114 37 
1 37 
1 37 
1 37 
2 37 3016 
2 2601 37 
1 37 
1 37 
1 37 
1 37 
1 38 
1 38 
3 4270 38 3419 
2 2962 38 
1 38 
2 38 3732 
2 38 3910 
1 38 
1 38 
2 1744 38 
2 38 2203 
3 288 1682 38 
2 38 3461 
4 1613 1010 38 3788 
2 38 2958 
2 2675 38 
3 3331 2231 38 
3 1449 2829 38 
3 3038 39 4885 
4 2178 3696 39 2979 
1 39 
1 39 
2 39 1832 
4 981 2256 4629 39 
3 4055 39 1235 
1 39 
3 4134 39 998 
3 2879 4775 39 
1 39 
1 39 
4 2048 4784 2967 39 
1 39 
2 3336 39 
2 39 4123 
1 39 
1 39 
1 39 
2 2256 39 
3 4224 3381 39 
1 40 
4 2462 40 2624 4561 
1 40 
2 1089 40 
1 40 
3 3266 2768 40 
2 40 4230 
1 40 
1 40 
1 40 
2 2317 40 
3 1008 2215 40 
3 1953 40 3599 
4 4074 4536 40 1858 
3 1194 40 4884 
1 41 
2 4873 41 
1 41 
1 41 
2 2106 41 
3 3051 652 41 
3 1943 41 3505 
3 860 41 3551 
2 1345 41 
4 4514 1967 41 4691 
2 734 41 
2 1458 41 
2 847 41 
2 1038 41 
4 4812 2346 2323 41 
2 3971 41 
2 439 41 
1 41 
2 4372 41 
1 42 
3 4732 1027 42 
2 2023 42 
1 42 
4 4254 4699 2400 42 
3 1145 4269 42 
1 42 
3 2127 42 4361 
3 435 3436 43 
1 43 
3 3091 1359 43 
3 583 974 43 
3 2644 4433 43 
4 3584 4200 1185 43 
3 2095 3787 43 
1 43 
3 4592 3705 43 
2 43 89 
3 532 4963 43 
1 43 
3 2483 3436 43 
2 2150 43 
3 1981 2806 43 
2 85 43 
2 397 43 
2 2802 43 
3 4242 1548 43 
1 43 
1 43 
3 811 595 44 
2 52 44 
3 1519 1957 44 
1 44 
1 44 
1 44 
1 44 
2 3384 44 
1 44 
2 1506 44 
1 44 
2 1789 44 
2 1323 44 
3 1986 806 44 
3 2012 2516 44 
4 2547 2401 4630 45 
4 2105 1137 1929 45 
3 2447 1419 45 
2 3944 45 
2 984 45 
2 1898 45 
1 45 
2 4903 45 
1 45 
2 2978 45 
2 173 45 
3 4511 46 1638 
2 46 1667 
1 46 
2 46 1853 
2 46 598 
2 46 1619 
3 3552 46 279 
1 46 
1 46 
2 46 2875 
2 46 217 
2 46 130 
3 46 3841 507 
3 46 3915 3239 
1 46 
2 46 1932 
2 46 4446 
3 46 307 1480 
1 46 
5 46 4512 4858 950 4519 
1 46 
1 46 
4 46 188 117 1491 
4 46 2913 3249 3390 
3 47 117 3049 
2 47 1064 
2 47 2559 
4 47 3110 1436 2129 
2 47 1764 
2 47 4205 
2 47 4559 
2 47 4367 
2 2190 47 
1 47 
2 47 3002 
1 48 
2 48 200 
2 48 1375 
1 48 
2 48 1117 
4 48 3107 2932 455 
2 470 48 
4 48 1823 4860 2916 
1 48 
2 48 689 
2 48 1776 
2 48 1337 
3 48 1213 2066 
1 48 
2 49 3665 
2 49 3947 
1 49 
1 49 
2 49 585 
5 1753 2721 49 3637 1848 
2 49 1364 
1 49 
1 49 
3 2725 49 3077 
2 1783 49 
1 49 
1 49 
2 49 4553 
3 2393 49 2223 
2 49 2194 
1 49 
3 3695 49 2574 
4 49 2040 1917 3946 
3 1804 49 733 
1 50 
3 3584 50 1710 
2 50 2787 
4 3670 3927 50 3836 
2 50 517 
3 50 4634 3324 
3 50 3500 56 
1 50 
2 50 892 
1 50 
3 50 3686 3459 
1 50 
1 50 
1 50 
2 50 327 
1 50 
1 50 
2 51 1276 
5 3181 1500 51 4640 2196 
1 51 
2 51 1797 
1 51 
2 51 1736 
2 2745 51 
1 51 
2 51 3766 
1 51 
2 51 1376 
2 51 1502 
2 51 3614 
3 51 669 2151 
1 51 
2 829 51 
2 51 3945 
1 51 
2 51 3052 
1 51 
1 51 
1 51 
2 768 52 
2 3609 52 
2 2030 52 
3 866 52 1297 
1 52 
2 52 4750 
3 65 52 2931 
2 4336 52 
2 52 4061 
2 52 3560 
1 52 
1 52 
1 52 
1 52 
1 52 
2 52 3912 
2 52 4169 
3 771 52 83 
1 52 
2 52 243 
2 52 2933 
2 52 3662 
2 423 53 
2 424 53 
2 53 4899 
2 2361 53 
1 53 
2 53 795 
2 2311 53 
6 355 53 1411 758 503 4301 
2 53 3056 
5 4410 3699 53 1160 3544 
1 53 
1 53 
1 53 
1 53 
4 53 1037 3788 2657 
1 53 
1 53 
3 4364 53 1157 
1 53 
3 4658 53 3049 
1 53 
1 54 
2 567 54 
3 148 54 4938 
2 819 54 
1 54 
2 3163 54 
3 2490 54 670 
2 54 3500 
1 54 
2 54 3279 
2 125 54 
3 4444 54 2239 
1 54 
3 2278 54 1017 
2 54 812 
5 2531 714 54 2707 2581 
2 4215 54 
3 4824 684 54 
2 54 206 
4 1574 54 4225 1297 
2 4059 54 
2 54 4398 
3 528 54 3941 
2 4483 54 
1 55 
2 2227 55 
2 1898 55 
1 55 
1 55 
1 55 
1 55 
2 3642 55 
2 55 673 
1 55 
2 55 2734 
2 3337 55 
1 55 
1 55 
3 4638 1406 55 
2 55 1163 
3 898 3952 55 
2 4449 55 
2 2438 55 
2 455 56 
4 3317 56 2372 4009 
2 4305 56 
1 56 
2 3407 56 
5 1386 3705 56 2117 2821 
2 1137 56 
2 2190 56 
1 56 
1 56 
2 1795 56 
1 56 
2 3120 56 
3 313 2400 56 
1 56 
2 2294 56 
1 56 
1 56 
2 3929 56 
1 56 
1 57 
1 57 
2 787 57 
1 57 
4 3038 4154 57 597 
2 3454 57 
3 3820 57 2241 
2 1863 57 
1 57 
1 57 
2 4410 57 
1 57 
1 57 
4 2636 1693 57 4965 
1 57 
2 4884 57 
1 57 
2 1723 57 
4 1957 473 57 1586 
1 57 
1 57 
1 57 
2 4703 58 
1 58 
1 58 
1 58 
1 58 
2 2366 58 
2 58 1859 
2 58 1323 
2 912 58 
2 1795 58 
1 58 
3 4367 58 144 
4 4316 2249 1766 58 
2 2779 58 
2 3807 58 
1 58 
5 4954 2590 2947 2167 58 
1 58 
2 1597 59 
1 59 
1 59 
3 3935 1799 59 
4 467 3287 1142 59 
3 1724 2385 59 
1 59 
1 59 
3 3003 167 59 
2 412 59 
4 863 1073 59 1836 
2 59 268 
2 81 59 
2 1719 59 
3 662 1238 59 
3 1131 2101 59 
4 2090 3068 59 3579 
2 4496 59 
3 538 823 60 
1 60 
1 60 
3 1560 2448 60 
4 351 4207 3262 60 
2 565 60 
1 60 
1 60 
1 60 
2 2965 60 
2 2422 60 
2 60 3179 
3 1020 4689 60 
3 553 432 60 
1 60 
4 61 1012 60 1781 
3 3495 4924 60 
1 60 
3 1815 1063 60 
1 61 
2 61 2072 
2 61 381 
1 61 
4 61 1328 4274 575 
1 61 
1 61 
1 61 
1 61 
1 61 
2 61 3834 
2 61 4955 
2 61 2391 
2 61 4934 
4 61 3067 2167 4557 
1 61 
3 61 2787 1361 
1 61 
2 61 201 
2 61 4517 
3 61 3060 3121 
3 61 831 4680 
2 61 1856 
2 3626 61 
3 62 3589 4503 
3 62 3880 461 
5 4249 62 3657 567 540 
2 3159 62 
1 62 
2 62 1856 
4 62 3761 1615 798 
3 62 4775 4896 
1 62 
1 62 
3 62 1866 2414 
1 62 
1 62 
3 62 2054 4121 
6 3214 63 530 4308 4399 3278 
1 63 
3 63 2499 1339 
1 63 
2 63 492 
1 63 
1 63 
1 63 
1 63 
2 63 4320 
2 63 2024 
2 63 920 
1 63 
5 63 618 2631 2133 4585 
2 63 4248 
1 63 
1 63 
2 63 1472 
1 64 
2 64 189 
3 64 2502 3195 
1 64 
1 64 
2 64 3173 
2 64 4755 
3 64 1855 4359 
1 64 
2 2859 64 
2 64 2090 
1 64 
3 3869 64 612 
2 64 4439 
1 64 
4 64 769 3287 1422 
3 64 3217 3141 
1 64 
3 64 3205 1141 
2 64 3259 
3 64 4623 4724 
1 64 
3 64 2408 1551 
2 65 4934 
3 2941 3406 65 
1 65 
2 65 2127 
2 65 3459 
4 65 684 651 1277 
3 65 3130 381 
4 65 3410 1442 505 
2 65 4202 
3 65 113 502 
1 65 
1 65 
1 65 
1 65 
2 65 3804 
1 65 
1 66 
2 161 66 
4 66 199 4309 4996 
2 66 1879 
1 66 
1 66 
3 66 2796 3745 
1 66 
3 66 3397 3923 
1 66 
1 66 
1 66 
3 66 2678 2127 
1 66 
2 2279 66 
1 66 
1 66 
2 959 66 
2 66 1248 
2 66 4811 
3 67 2034 716 
1 67 
4 67 732 295 358 
1 67 
1 67 
1 67 
1 67 
2 67 170 
2 4013 67 
6 4785 67 1890 2370 4813 4636 
3 67 2553 3303 
1 67 
2 67 260 
4 67 1311 669 4508 
1 67 
3 67 2481 3517 
2 67 2647 
1 67 
3 67 984 1043 
1 67 
1 67 
6 660 67 2699 2348 2819 4086 
2 526 67 
2 68 4152 
1 68 
3 68 3009 1396 
2 68 2214 
2 68 3574 
2 68 4718 
1 68 
1 68 
1 68 
3 68 1292 4793 
2 4771 68 
2 68 2678 
1 68 
3 68 2982 675 
2 68 2268 
1 68 
2 2394 68 
2 68 3362 
2 68 452 
2 68 4425 
1 68 
3 68 1116 859 
1 69 
1 69 
3 69 3558 3272 
1 69 
2 1168 69 
3 69 3112 4888 
1 69 
1 69 
1 69 
3 3145 4892 69 
1 69 
1 69 
1 69 
2 69 919 
1 69 
2 1204 69 
3 2354 70 2732 
1 70 
1 70 
3 70 1413 3200 
5 709 70 412 2705 4022 
4 1818 70 807 1475 
1 70 
1 70 
1 70 
1 70 
2 4408 70 
1 70 
1 70 
1 70 
1 70 
3 509 70 2042 
1 70 
2 2838 70 
2 70 2570 
4 828 70 3723 1442 
2 70 3199 
2 70 1180 
1 70 
2 3915 70 
3 928 70 1490 
1 71 
1 71 
1 71 
2 71 323 
1 71 
4 2646 583 71 4404 
2 4720 71 
1 71 
1 71 
1 71 
7 910 4984 71 4371 3221 2083 2821 
3 1839 71 969 
2 71 2302 
2 71 3220 
2 71 3862 
1 71 
2 71 1830 
2 71 437 
1 71 
1 72 
2 72 4003 
2 72 1072 
2 72 245 
1 72 
2 72 571 
3 1499 72 2217 
1 72 
1 72 
1 72 
1 72 
1 72 
4 4800 1304 3512 72 
1 72 
1 72 
2 3528 72 
1 73 
2 73 4910 
3 584 73 245 
2 73 4102 
3 73 3840 4047 
2 73 4827 
2 73 1062 
2 3126 73 
1 73 
1 73 
3 4484 73 3100 
3 3948 1010 73 
4 73 2870 2936 1975 
3 1343 73 2525 
1 73 
4 1976 376 351 73 
1 73 
2 73 1639 
2 73 2849 
3 864 4498 73 
2 4270 73 
3 1960 4660 73 
2 73 1235 
2 2460 73 
1 73 
1 73 
1 73 
1 73 
1 74 
4 2192 4412 74 3380 
3 3469 74 2526 
3 3184 74 2043 
1 74 
2 2728 74 
1 74 
3 74 3955 2555 
2 900 74 
2 74 1544 
3 1455 74 4284 
1 74 
1 74 
3 3410 74 4220 
3 1250 74 1359 
3 4731 74 3995 
2 74 4243 
1 74 
1 74 
2 74 4284 
2 75 2654 
2 75 762 
2 173 75 
1 75 
3 4729 1497 75 
1 75 
2 2946 75 
4 556 1438 75 4029 
2 75 1800 
1 75 
3 75 810 3055 
1 75 
1 75 
2 3374 75 
2 2746 76 
1 76 
1 76 
2 76 2215 
3 2206 76 1748 
1 76 
1 76 
1 76 
1 76 
3 76 384 4904 
4 3872 2314 76 1219 
1 76 
3 4495 76 549 
2 1345 76 
1 76 
2 77 4817 
1 77 
2 77 1529 
3 77 890 3990 
1 77 
1 77 
1 77 
3 110 77 547 
1 77 
1 77 
3 77 3770 610 
2 1991 77 
3 1979 77 1711 
3 77 3594 1364 
3 77 3499 895 
2 643 77 
2 4854 77 
3 77 181 4462 
2 2093 77 
2 2198 78 
2 1452 78 
2 4529 78 
2 1390 78 
2 960 78 
2 78 2166 
3 349 78 970 
2 2360 78 
1 78 
1 78 
3 2945 78 856 
2 4367 78 
2 3758 78 
4 3854 2805 78 202 
2 4970 78 
1 78 
1 78 
4 1956 78 3769 2003 
2 3850 78 
1 78 
1 78 
2 3373 78 
1 78 
5 1977 849 2811 79 458 
2 2232 79 
2 4513 79 
1 79 
1 79 
1 79 
1 79 
2 79 2451 
1 79 
2 79 4649 
2 1479 79 
1 79 
5 4249 127 4772 3979 79 
1 79 
1 79 
2 79 4051 
1 80 
1 80 
2 80 593 
2 80 400 
1 80 
2 3370 80 
1 80 
2 80 4246 
1 80 
3 1437 80 3122 
2 255 80 
1 80 
1 80 
4 4130 80 844 2352 
1 80 
1 80 
2 80 1242 
1 81 
4 4096 4191 2539 81 
2 81 629 
1 81 
2 4211 81 
2 2434 81 
1 81 
2 3931 81 
5 1148 3686 81 3153 2458 
4 584 3681 81 1693 
2 81 2503 
1 81 
1 81 
2 81 3580 
1 81 
1 81 
2 4528 81 
1 81 
1 81 
1 81 
1 81 
2 3415 82 
2 82 1043 
1 82 
3 82 3990 1797 
1 82 
2 82 122 
2 4336 82 
2 317 82 
2 492 82 
1 82 
1 82 
2 4394 82 
2 2101 82 
3 1105 82 3503 
1 82 
3 2596 4239 83 
1 83 
2 1822 83 
4 1657 487 83 574 
1 83 
1 83 
2 83 3419 
2 2175 83 
1 83 
2 1127 83 
1 83 
1 83 
2 83 722 
1 83 
2 83 1733 
2 83 1972 
2 560 83 
1 83 
2 83 1667 
1 83 
4 168 667 84 1625 
2 84 3730 
2 2105 84 
2 84 4947 
1 84 
2 84 758 
3 1963 84 3443 
3 105 1194 84 
4 1773 84 3319 3212 
4 3776 4469 687 84 
2 84 654 
3 878 84 210 
1 84 
1 84 
1 84 
2 84 88 
2 4001 84 
3 1608 3417 84 
2 2445 84 
3 3510 2824 85 
1 85 
1 85 
2 85 2172 
2 85 1693 
2 4181 85 
3 450 2928 85 
2 556 85 
1 85 
4 2316 3240 3225 85 
3 2864 98 85 
3 873 85 2899 
2 85 1417 
1 85 
1 85 
1 86 
1 86 
1 86 
2 3194 86 
3 1880 2747 86 
1 86 
3 4929 86 2333 
3 421 86 4815 
3 4113 606 86 
3 2779 519 86 
2 4661 86 
1 86 
3 2535 86 2624 
1 87 
2 4737 87 
4 1591 2455 87 103 
2 4490 87 
2 2182 87 
2 1845 87 
3 2522 87 345 
1 87 
1 87 
2 4178 87 
1 87 
2 640 87 
3 874 1606 87 
2 4327 87 
2 4578 87 
4 3814 2493 3843 87 
1 87 
1 88 
1 88 
1 88 
2 4356 88 
2 4370 88 
1 88 
1 88 
3 687 2811 88 
1 88 
2 3554 88 
3 2614 756 88 
1 88 
1 88 
2 2210 88 
1 88 
1 88 
1 88 
1 88 
2 4917 88 
1 88 
2 3541 88 
5 1561 1631 1100 672 88 
3 1969 1695 88 
4 3889 1694 2241 88 
1 88 
2 3155 89 
1 89 
1 89 
2 3410 89 
2 89 3580 
2 4819 89 
3 3935 89 508 
2 3518 89 
1 89 
1 89 
2 447 89 
3 3583 3576 89 
1 89 
3 943 2968 89 
3 321 1489 89 
3 3974 2052 89 
1 89 
3 4524 2969 89 
4 4345 191 648 89 
2 2585 89 
2 2799 90 
2 3738 90 
3 4742 1140 90 
2 4706 90 
2 1801 90 
2 90 2433 
2 1104 90 
2 1132 90 
1 90 
2 2564 90 
2 3577 90 
1 90 
3 4598 4622 90 
2 2425 90 
1 90 
1 90 
2 1602 90 
2 90 4108 
3 4472 2733 90 
3 964 2929 90 
1 90 
1 90 
1 91 
1 91 
1 91 
1 91 
1 91 
3 91 754 123 
1 91 
1 91 
1 91 
2 91 1466 
1 91 
3 91 4129 3179 
3 91 1942 366 
2 92 3236 
3 92 927 4895 
3 92 4578 2322 
1 92 
2 92 4789 
1 92 
1 92 
2 92 4784 
2 92 2616 
2 92 366 
4 92 4430 2410 3444 
3 466 92 3659 
2 92 901 
1 92 
3 3215 92 1121 
3 92 4664 2517 
1 92 
1 92 
2 92 2346 
1 92 
2 92 4416 
2 92 1616 
1 92 
2 92 3775 
3 92 3030 918 
2 92 3249 
4 2877 92 4998 3464 
2 2154 92 
1 92 
2 92 1160 
2 92 299 
2 93 932 
3 3107 93 3210 
1 93 
2 93 3770 
6 93 2783 4665 356 3092 185 
4 3735 93 2569 4293 
3 582 93 858 
1 93 
4 93 4850 2077 3014 
3 93 3374 4994 
2 93 1989 
1 93 
4 93 2612 1118 1077 
2 4286 93 
3 93 962 1576 
2 93 498 
2 93 1130 
3 93 1456 4021 
2 93 1721 
2 693 94 
2 94 4239 
3 94 4224 941 
1 94 
2 94 3074 
1 94 
2 94 1966 
1 94 
2 94 3755 
1 94 
2 94 2162 
2 94 4276 
2 94 3938 
4 94 699 4510 1163 
5 556 94 2250 2346 2260 
2 2179 95 
2 1345 95 
1 95 
2 4554 95 
3 95 414 3774 
3 1590 95 2853 
3 915 95 432 
2 95 4042 
1 95 
1 95 
1 95 
2 4240 95 
1 95 
2 95 1381 
1 95 
4 4171 767 95 4688 
2 4273 95 
3 4472 95 2134 
2 127 95 
2 95 1137 
1 95 
1 95 
3 1376 4219 96 
2 694 96 
1 96 
3 378 96 139 
1 96 
2 4627 96 
2 1660 96 
2 4458 96 
1 96 
4 927 2028 735 96 
1 96 
1 96 
3 4627 96 4949 
4 682 96 3824 3140 
2 876 96 
3 96 4559 3303 
2 1227 96 
3 1193 96 1186 
1 96 
3 96 4027 797 
2 1115 96 
1 97 
1 97 
2 2284 97 
2 1094 97 
2 4038 97 
2 97 2236 
2 97 1198 
3 2664 3091 97 
2 413 97 
1 97 
2 97 546 
1 97 
1 97 
4 97 2523 2274 3995 
1 97 
3 97 4421 3791 
2 3330 97 
2 3680 97 
1 97 
2 1262 97 
2 1646 98 
1 98 
3 1922 98 576 
2 98 3421 
2 3703 98 
1 98 
2 98 3847 
1 98 
2 98 634 
1 98 
4 1288 4395 98 220 
1 98 
1 98 
2 3271 98 
3 3637 98 3920 
1 98 
1 98 
2 3190 99 
3 1050 867 99 
1 99 
3 2684 99 3988 
1 99 
1 99 
2 99 103 
1 99 
2 2537 99 
2 99 4813 
1 99 
1 99 
1 99 
1 99 
1 99 
2 99 3460 
1 99 
1 99 
1 99 
2 99 2022 
2 99 940 
1 99 
2 99 4652 
2 99 705 
1 99 
3 1882 2116 100 
2 2479 100 
2 4349 100 
2 4041 100 
1 100 
2 100 2559 
3 3042 100 2432 
2 863 100 
1 100 
2 2238 100 
2 888 100 
2 3039 101 
1 101 
2 4333 101 
2 3436 101 
2 3276 101 
1 101 
2 3032 101 
1 101 
1 101 
2 101 1751 
2 805 101 
2 2877 101 
5 2882 4133 2270 101 4887 
1 101 
2 2138 101 
2 2655 101 
4 3338 101 4405 3018 
1 101 
2 3585 101 
1 101 
3 2412 796 102 
1 102 
2 205 102 
4 4413 3609 1513 102 
3 849 1105 102 
2 4095 102 
2 2145 102 
3 4872 102 1421 
1 102 
1 102 
4 2190 1614 3088 102 
4 3778 4098 102 3551 
1 102 
3 1808 102 524 
3 808 2634 102 
2 595 102 
4 2844 102 226 1694 
2 2360 102 
1 102 
4 2289 4924 102 1603 
2 3998 102 
2 2341 102 
2 1412 102 
3 1415 306 103 
3 1519 4052 103 
1 103 
5 2510 3898 1489 2301 103 
1 103 
3 484 840 103 
2 4043 103 
1 103 
1 103 
2 4435 103 
3 3197 860 103 
4 3185 2633 255 103 
2 504 103 
5 3963 3375 1793 3846 103 
3 3571 3142 103 
2 1488 103 
2 4929 103 
1 103 
2 725 103 
1 103 
1 103 
1 103 
1 103 
1 103 
1 103 
2 689 103 
4 2668 3616 4950 103 
2 1513 103 
2 2842 103 
2 104 2703 
1 104 
2 104 2250 
1 104 
3 104 3586 4738 
2 104 4592 
1 104 
2 104 861 
1 104 
2 104 4236 
2 104 4553 
1 104 
3 104 3657 178 
1 104 
1 104 
1 104 
1 104 
3 104 1916 503 
2 105 820 
2 105 1212 
2 105 3741 
2 105 4216 
1 105 
3 105 4755 1848 
1 105 
3 105 983 2739 
1 105 
1 105 
1 105 
2 1279 105 
2 105 2363 
4 105 3781 3514 4083 
1 105 
2 105 3973 
2 105 4309 
4 105 4783 2947 940 
2 105 3156 
4 105 641 290 1355 
2 105 1431 
5 106 4913 3720 2181 2907 
1 106 
1 106 
2 106 2339 
2 106 775 
2 106 3946 
1 106 
2 106 4725 
2 106 1712 
2 106 3071 
2 106 1201 
1 106 
3 106 4730 2974 
2 106 378 
1 106 
1 106 
1 106 
2 106 4957 
1 106 
1 106 
3 106 3297 4122 
2 106 4831 
5 106 2785 495 4460 920 
2 106 3843 
2 107 4127 
2 107 420 
1 107 
1 107 
2 1165 107 
2 107 2974 
3 107 3914 2094 
1 107 
1 107 
2 107 1791 
3 107 3205 536 
2 107 2707 
1 107 
1 107 
4 107 586 235 4651 
3 107 1375 477 
2 107 4348 
3 107 2700 338 
2 107 3675 
1 107 
3 3582 107 3147 
5 3553 108 3089 2868 2429 
3 108 1230 1143 
1 108 
2 3553 108 
2 108 1495 
2 108 2074 
2 108 832 
2 108 4614 
1 108 
1 108 
1 108 
3 108 2313 3356 
4 108 4434 1585 1142 
1 108 
2 109 2503 
2 109 323 
3 1610 863 109 
2 109 803 
3 4805 2744 109 
2 2380 109 
1 109 
3 3959 109 284 
3 2535 109 568 
1 109 
2 109 3047 
2 2119 109 
5 3158 109 624 3503 4101 
4 1922 109 3700 3401 
2 109 1072 
1 110 
2 110 2114 
4 3371 110 2426 124 
1 110 
1 110 
1 110 
1 110 
1 110 
2 110 3981 
4 1246 110 1271 825 
1 110 
2 110 900 
1 110 
1 110 
1 110 
2 110 1215 
3 110 4433 1834 
3 2592 110 2913 
2 110 255 
1 110 
3 111 2968 1947 
2 111 4958 
2 111 3280 
1 111 
2 2284 111 
2 111 4633 
1 111 
2 1959 111 
1 111 
2 111 2574 
2 111 143 
3 111 4964 4461 
4 111 839 2853 4231 
4 3972 111 4776 972 
1 111 
1 111 
5 112 2164 3260 2275 1779 
3 163 112 341 
3 112 4458 4263 
2 3104 112 
3 112 3355 244 
3 112 498 4998 
2 112 2543 
3 112 4181 208 
2 112 1812 
2 3129 112 
3 2154 2883 112 
1 112 
2 112 1501 
4 112 564 1178 1125 
4 486 112 2342 525 
4 2308 112 2259 636 
1 112 
2 112 2429 
2 112 1630 
1 112 
1 113 
3 113 1595 2786 
2 3716 113 
1 113 
3 764 113 2414 
3 1817 4969 113 
2 3288 113 
3 2044 113 3091 
3 1659 113 2458 
1 113 
1 113 
2 113 2674 
1 113 
3 113 4909 3445 
2 113 238 
1 113 
4 1963 114 1074 905 
2 114 322 
2 1429 114 
2 114 4791 
4 3328 114 937 3992 
2 114 4099 
2 960 114 
3 2840 473 114 
2 1496 114 
2 114 734 
2 2950 114 
1 114 
2 114 4400 
3 3023 114 755 
1 114 
2 3059 114 
3 4869 1466 115 
2 4654 115 
1 115 
3 2857 4695 115 
3 3540 115 1685 
1 115 
1 115 
3 4830 115 4081 
3 4172 1305 115 
3 1465 115 795 
3 4984 413 115 
2 1390 115 
1 115 
2 115 505 
2 115 4909 
1 115 
2 3063 115 
2 936 115 
1 115 
1 116 
2 116 649 
2 1049 116 
1 116 
1 116 
1 116 
2 116 761 
3 1520 2551 116 
3 127 4417 116 
3 463 116 2239 
2 3722 116 
3 1865 116 242 
1 116 
2 116 1931 
3 1035 116 2234 
1 116 
4 1093 116 1695 2431 
1 116 
3 116 154 3867 
1 116 
1 117 
2 117 3709 
2 2615 117 
2 511 117 
2 117 1121 
6 2007 117 3197 4646 4206 1816 
2 3151 117 
2 117 2625 
1 117 
2 117 3051 
1 117 
3 768 117 782 
1 117 
1 117 
3 438 117 2169 
2 117 1816 
2 117 592 
2 492 117 
1 117 
2 3002 118 
3 3295 118 2974 
1 118 
1 118 
2 118 1316 
2 118 178 
2 1945 118 
1 118 
1 118 
2 3962 118 
2 118 1873 
2 2154 118 
1 118 
1 118 
4 3186 1037 119 4208 
2 119 1273 
2 682 119 
1 119 
1 119 
1 119 
3 1862 2142 119 
1 119 
1 119 
3 4772 3272 119 
2 3162 119 
3 380 119 1972 
4 3777 4115 119 4329 
1 119 
2 4412 119 
1 119 
3 1082 119 3991 
2 236 119 
3 2839 2634 119 
2 3131 119 
2 4723 119 
2 3837 119 
1 119 
4 3486 1979 2384 119 
3 2701 1377 119 
1 119 
1 120 
2 4189 120 
1 120 
1 120 
3 427 2169 120 
1 120 
3 3106 120 3881 
3 1009 120 3156 
3 2537 4830 120 
2 2100 120 
3 4856 120 1472 
2 4831 120 
3 120 3921 1636 
2 794 120 
1 120 
1 120 
1 120 
1 120 
3 1754 4270 120 
4 2726 4487 120 813 
1 120 
2 4754 120 
2 3934 120 
2 3297 120 
3 3489 120 4633 
1 120 
2 2649 120 
1 120 
1 120 
2 1648 120 
1 121 
1 121 
3 732 3810 121 
1 121 
1 121 
2 2047 121 
2 3478 121 
2 121 1974 
2 2168 121 
1 121 
1 121 
2 4942 121 
4 1770 813 121 1816 
1 121 
3 4519 121 1300 
1 121 
3 2591 121 4949 
2 121 4385 
3 4603 1548 121 
2 4408 122 
2 1340 122 
1 122 
1 122 
1 122 
2 2670 122 
1 122 
3 1503 1970 122 
2 1006 122 
1 122 
2 2035 122 
2 122 4636 
1 122 
3 1114 3706 122 
1 122 
1 122 
1 122 
2 1288 122 
1 122 
2 1068 122 
3 3936 3701 122 
1 122 
1 123 
1 123 
1 123 
2 209 123 
2 2738 123 
2 2108 123 
1 123 
1 123 
1 123 
2 2301 123 
3 1132 2676 123 
2 4065 123 
4 680 3411 3703 123 
2 2740 123 
1 123 
2 3645 123 
2 1176 123 
2 3541 123 
2 936 124 
2 1318 124 
2 3896 124 
1 124 
2 124 3283 
1 124 
2 2932 124 
4 822 4992 1080 124 
2 862 124 
2 3942 124 
2 152 124 
1 124 
2 4657 124 
2 4988 124 
1 124 
2 1242 124 
1 124 
2 1762 124 
2 440 124 
2 1953 124 
1 124 
3 2178 1198 124 
1 124 
2 125 4101 
1 125 
2 125 4114 
1 125 
1 125 
2 125 3408 
3 125 1155 4542 
2 125 2850 
1 125 
2 125 1730 
2 125 2120 
1 125 
1 125 
3 125 2089 2171 
1 125 
3 125 4750 2241 
3 125 3535 1928 
2 125 1722 
3 126 1557 2470 
2 126 2599 
1 126 
1 126 
2 126 1066 
1 126 
2 126 3796 
1 126 
1 126 
1 126 
1 126 
3 126 3701 1626 
2 126 4356 
2 126 864 
3 126 1148 4788 
4 126 3087 4312 300 
1 126 
4 126 3508 1526 4247 
2 126 4976 
1 126 
2 126 4195 
4 126 1657 729 152 
1 126 
2 126 4404 
4 126 1560 2182 4285 
1 126 
2 127 1423 
2 127 427 
2 785 127 
3 127 4333 4435 
1 127 
3 127 3891 4767 
1 127 
1 127 
1 127 
2 127 3994 
2 2434 127 
1 128 
2 128 2537 
1 128 
3 128 3068 2791 
1 128 
1 128 
1 128 
1 128 
4 128 1923 3935 2528 
1 128 
2 128 1294 
1 128 
4 128 838 3346 4796 
4 329 128 3800 2808 
2 128 381 
1 128 
1 128 
2 128 699 
1 129 
3 3059 129 1030 
2 129 3421 
1 129 
2 129 1670 
1 129 
1 129 
3 3691 129 615 
1 129 
1 129 
3 129 1204 4297 
1 129 
1 129 
2 1222 129 
3 2103 129 1562 
1 129 
3 129 4740 3446 
1 129 
1 129 
1 130 
1 130 
2 130 1979 
1 130 
1 130 
3 130 4682 4516 
2 4111 130 
1 130 
2 130 861 
2 130 1767 
2 4890 130 
1 130 
1 130 
1 130 
3 162 130 1661 
3 130 511 1873 
1 130 
2 130 1413 
2 1430 130 
3 130 3130 3924 
2 130 2479 
1 131 
1 131 
2 131 1039 
3 131 4430 3348 
1 131 
2 131 2731 
3 131 2111 1654 
1 131 
5 2472 131 1905 3397 2312 
1 131 
3 1553 131 4372 
2 131 4359 
1 131 
1 131 
2 131 2160 
1 131 
1 131 
1 132 
2 862 132 
1 132 
2 132 3524 
1 132 
3 132 2232 2774 
3 4129 132 4210 
4 132 1289 3376 2635 
1 132 
2 132 1435 
2 132 4705 
1 132 
1 132 
4 4618 132 899 1927 
1 132 
3 2589 3370 132 
2 3267 133 
2 4872 133 
3 133 1726 4499 
1 133 
2 133 217 
2 133 3577 
1 133 
2 133 1788 
3 133 1358 324 
1 133 
1 133 
2 133 3197 
3 133 2147 939 
2 133 4266 
3 133 3045 503 
2 133 3050 
2 133 3478 
1 133 
3 133 2651 2681 
4 4214 133 1039 3844 
2 133 4608 
2 133 4440 
3 133 4554 3902 
2 134 1716 
1 134 
1 134 
1 134 
3 134 4726 2561 
2 134 1125 
2 134 2350 
2 134 2135 
1 134 
3 3160 134 4598 
2 134 3073 
2 1588 134 
3 3858 134 490 
1 134 
2 2435 134 
2 4341 134 
3 134 3942 740 
1 134 
2 134 4185 
5 3106 134 279 2623 4029 
1 134 
2 134 4589 
1 134 
1 134 
2 135 4296 
1 135 
3 4802 135 3404 
4 3828 135 3749 1795 
1 135 
2 1682 135 
2 2247 135 
2 1760 135 
1 135 
2 3767 135 
1 135 
2 135 4926 
1 135 
1 135 
3 135 3664 2604 
4 785 135 625 1654 
2 2252 135 
2 4825 135 
2 136 722 
2 4412 136 
2 4762 136 
1 136 
2 136 1215 
1 136 
3 1987 136 2654 
3 136 1967 2296 
2 136 2553 
2 136 1100 
2 340 136 
2 4915 136 
1 137 
3 3343 137 4842 
4 4982 137 3026 3926 
1 137 
3 137 2898 4544 
4 830 137 258 479 
1 137 
3 248 1370 137 
2 137 1295 
2 2782 137 
3 3188 137 2330 
1 137 
3 137 2580 4767 
1 137 
3 373 137 4295 
3 1448 2633 137 
2 137 1948 
1 137 
2 1017 137 
1 137 
2 138 157 
2 4240 138 
1 138 
2 4113 138 
2 3852 138 
2 1867 138 
1 138 
1 138 
2 138 4312 
3 4010 138 2002 
1 138 
2 2358 138 
1 138 
2 3483 138 
1 138 
2 138 2185 
2 139 760 
2 139 2385 
1 139 
3 1313 139 1271 
2 446 139 
1 139 
3 4835 139 2580 
2 139 4868 
1 139 
2 1900 139 
1 139 
1 139 
1 139 
3 439 3435 139 
1 139 
1 139 
3 446 3745 139 
1 139 
2 139 3732 
4 4055 3675 139 4540 
1 140 
1 140 
1 140 
1 140 
3 140 1300 4545 
2 140 2085 
2 140 2302 
1 140 
3 2005 2709 140 
2 234 140 
2 1344 140 
3 3672 2802 140 
3 1039 2079 140 
2 3295 140 
3 2703 140 3567 
2 140 3500 
2 3272 140 
1 140 
2 622 140 
1 140 
1 140 
2 140 4266 
1 140 
1 140 
2 3591 141 
2 4428 141 
4 927 256 2996 141 
1 141 
2 4870 141 
1 141 
3 931 3513 141 
2 2323 141 
1 141 
2 1433 141 
1 141 
1 141 
2 2534 141 
4 1340 4286 4039 141 
2 141 1735 
3 4171 1058 141 
1 141 
1 141 
1 141 
3 2379 3475 141 
3 2030 141 4964 
3 3748 2388 142 
2 4049 142 
1 142 
3 3575 4884 142 
3 4364 2107 142 
2 965 142 
4 1462 3034 3793 142 
2 1646 142 
2 602 142 
2 4877 142 
1 142 
1 142 
1 142 
1 142 
2 3269 142 
2 3243 142 
2 2953 142 
1 142 
2 4725 142 
2 4336 143 
3 4134 2890 143 
1 143 
2 4226 143 
1 143 
1 143 
1 143 
3 4455 3438 143 
1 143 
4 2776 789 143 2979 
2 4787 143 
1 143 
2 3474 143 
1 143 
2 471 143 
3 2551 143 209 
1 144 
3 2768 144 285 
1 144 
1 144 
3 1651 1122 144 
1 144 
2 3278 144 
2 2648 144 
2 1787 144 
2 4171 144 
2 2066 144 
3 2175 354 144 
3 944 1180 144 
1 144 
3 4655 4840 144 
1 144 
2 2474 144 
1 144 
2 2874 145 
3 269 3905 145 
2 3947 145 
3 1265 4937 145 
1 145 
2 4440 145 
2 1717 145 
1 145 
2 3322 145 
3 2706 843 145 
1 145 
1 145 
3 1509 3260 145 
2 840 145 
2 3002 145 
2 2484 145 
2 701 145 
2 4851 145 
4 1519 1679 3811 145 
1 145 
2 4460 145 
2 4541 145 
4 3217 4497 145 4910 
2 4070 145 
1 145 
1 145 
2 1300 145 
1 145 
5 641 1375 1072 4633 145 
2 146 3926 
1 146 
2 1627 146 
1 146 
1 146 
2 4538 146 
1 146 
2 146 762 
4 440 3604 3801 146 
1 146 
1 146 
2 4155 146 
2 2882 146 
2 4723 146 
1 146 
2 147 429 
2 147 1357 
4 2980 147 3239 2296 
2 147 2197 
2 147 703 
4 147 4847 3516 2004 
1 147 
2 147 1969 
2 147 3011 
1 147 
1 147 
1 147 
3 147 3637 1418 
3 3285 147 2423 
2 601 147 
1 147 
4 147 1822 2973 2150 
1 147 
1 147 
3 3828 147 664 
2 148 2209 
1 148 
2 148 1229 
1 148 
1 148 
1 148 
1 148 
2 148 1637 
2 148 2930 
1 148 
1 148 
4 2089 148 3086 2950 
1 148 
3 148 2967 1412 
3 148 3744 608 
2 557 148 
1 148 
3 2793 148 4777 
2 148 882 
3 149 4371 4996 
3 149 1944 1778 
2 149 3645 
2 149 772 
1 149 
3 149 4093 166 
4 149 1945 2834 346 
3 149 2164 3877 
1 149 
1 149 
1 149 
1 149 
1 149 
1 149 
2 2760 149 
1 149 
1 149 
2 149 3891 
1 149 
2 149 192 
1 149 
2 149 2984 
2 2643 149 
2 149 1638 
2 150 4314 
1 150 
3 150 4150 664 
3 150 4821 4354 
1 150 
1 150 
3 150 527 3188 
2 2044 150 
2 150 4402 
2 509 150 
2 150 285 
3 4341 3184 150 
3 4967 150 4423 
3 150 2135 896 
2 150 3051 
1 150 
2 150 915 
2 3392 151 
2 151 2972 
1 151 
1 151 
1 151 
1 151 
2 4148 151 
4 151 4622 622 4670 
1 151 
2 151 3499 
1 151 
2 151 1633 
2 151 1736 
3 2963 151 2865 
2 151 987 
3 151 2399 913 
3 151 3433 1001 
2 3854 151 
1 151 
4 151 1412 3824 3190 
1 151 
2 151 3904 
1 151 
2 4892 151 
3 1244 152 3936 
1 152 
1 152 
1 152 
3 152 1506 4067 
2 1454 152 
3 152 2040 1125 
1 152 
1 152 
3 152 2868 2200 
2 152 3866 
1 152 
3 152 3137 2756 
1 152 
2 152 433 
1 152 
1 152 
3 4173 152 759 
2 152 4596 
1 152 
2 4016 153 
2 748 153 
3 3392 153 2930 
1 153 
3 4738 1154 153 
2 683 153 
3 775 153 2870 
3 2138 153 1710 
3 3112 153 1714 
1 153 
1 153 
2 2918 153 
2 153 2853 
4 2265 2073 2056 153 
1 153 
1 153 
2 4062 153 
2 153 871 
4 764 3952 153 2768 
2 2839 154 
2 3643 154 
2 1315 154 
1 154 
3 3680 2897 154 
1 154 
2 3328 154 
1 154 
1 154 
2 4531 154 
1 154 
1 154 
1 154 
1 154 
2 218 154 
2 4757 154 
4 2721 3233 154 4541 
3 3868 154 225 
1 154 
1 154 
2 519 155 
1 155 
5 2264 4666 2807 155 907 
2 1135 155 
2 4517 155 
1 155 
2 4097 155 
1 155 
1 155 
3 1304 4176 155 
2 3726 155 
3 3428 2845 155 
3 4433 4994 155 
2 416 155 
2 1791 155 
1 155 
3 348 155 739 
1 155 
2 155 1949 
1 156 
1 156 
1 156 
2 4700 156 
3 610 156 2203 
2 610 156 
1 156 
2 2641 156 
2 4995 156 
2 156 4863 
1 156 
4 3181 4626 1776 156 
1 156 
3 249 1939 156 
1 156 
3 2746 3770 156 
1 156 
1 156 
3 157 3443 4750 
3 763 1091 157 
2 1933 157 
1 157 
1 157 
3 4469 1928 157 
2 3255 157 
1 157 
2 2576 157 
1 157 
2 2113 157 
1 157 
3 897 157 1022 
4 4696 2577 4669 157 
4 804 2254 157 2914 
3 3640 977 157 
3 4089 4903 157 
2 4287 157 
2 1458 157 
2 1011 157 
1 157 
1 158 
4 2490 3432 158 2205 
2 1184 158 
1 158 
1 158 
2 158 2222 
1 158 
2 158 4266 
1 158 
4 4617 1178 4881 158 
4 2474 3388 158 1143 
2 3997 158 
2 158 4886 
3 2053 4582 158 
1 158 
2 2595 158 
3 1806 4375 158 
1 158 
1 158 
2 931 158 
1 159 
2 4969 159 
1 159 
1 159 
2 4922 159 
1 159 
1 159 
1 159 
2 2868 159 
3 2449 3480 159 
3 4552 1963 159 
2 2089 159 
1 159 
5 828 2181 1867 4943 159 
3 1787 4458 159 
1 159 
2 3212 159 
1 159 
2 349 159 
2 159 327 
1 159 
1 159 
2 1410 159 
3 3202 3264 159 
1 159 
1 160 
3 2157 4044 160 
2 4219 160 
4 4731 2310 2604 160 
4 1784 4551 913 160 
3 226 3846 160 
1 160 
2 900 160 
1 160 
5 428 1329 2969 3169 160 
1 160 
3 735 3866 160 
1 160 
2 289 160 
1 160 
2 3253 160 
1 160 
2 1079 160 
3 4573 1184 160 
4 387 3933 1544 160 
2 4889 160 
1 160 
2 161 4528 
2 161 1407 
1 161 
2 161 441 
2 161 2163 
4 161 1249 4838 2527 
3 161 3852 2297 
2 161 4275 
1 161 
2 161 3428 
4 161 3381 3577 306 
2 161 4686 
2 161 2953 
1 161 
2 161 4022 
3 161 1852 3813 
3 161 1236 4615 
3 161 1990 572 
1 161 
1 161 
2 162 1333 
2 162 4803 
2 162 2088 
1 162 
1 162 
1 162 
3 162 2251 4160 
3 162 4252 3299 
2 162 1560 
2 162 202 
4 1697 162 3488 3837 
3 162 2311 2041 
1 162 
2 163 2115 
3 1191 163 4885 
2 163 2594 
1 163 
2 163 2288 
3 163 4803 1029 
3 248 3308 163 
1 163 
2 163 447 
3 163 4431 4085 
1 163 
2 163 3112 
2 163 3338 
1 163 
4 163 310 4191 4533 
2 163 1225 
1 163 
1 163 
2 163 4021 
2 163 3260 
1 163 
4 163 4485 1156 1750 
1 163 
4 960 164 4582 3030 
1 164 
1 164 
3 1431 164 2911 
2 164 1987 
2 2278 164 
2 164 3571 
4 164 2649 2906 3476 
2 3586 164 
3 1897 164 2936 
2 164 3678 
1 164 
1 164 
2 164 1645 
3 1222 164 343 
1 164 
5 164 2250 1986 2573 4386 
2 164 4925 
2 164 1360 
3 1343 164 3395 
1 164 
2 165 3101 
1 165 
2 165 3296 
5 165 3536 2078 3459 1238 
1 165 
1 165 
1 165 
1 165 
3 1784 165 3708 
2 165 3961 
3 165 1616 3094 
3 165 4350 4024 
5 1202 166 4015 4776 4832 
2 166 1766 
2 166 4632 
3 166 2815 1236 
1 166 
1 166 
3 166 1378 4612 
3 166 3491 1375 
2 166 3414 
2 3798 166 
1 166 
5 166 582 519 1636 4480 
2 166 3643 
2 166 506 
2 166 259 
1 167 
2 167 4517 
1 167 
1 167 
2 167 2996 
1 167 
3 288 167 428 
3 1752 167 3287 
1 167 
2 167 3422 
4 167 2839 3767 886 
2 167 1636 
1 167 
2 167 686 
3 167 4064 2755 
1 167 
1 167 
1 167 
2 167 4040 
1 167 
3 167 1777 896 
2 167 3849 
1 167 
2 168 4706 
2 168 3118 
1 168 
2 3043 168 
2 168 4669 
2 168 4631 
1 168 
3 168 4825 1239 
6 2154 4305 168 2805 297 3177 
3 311 168 4202 
2 1149 168 
2 168 3443 
6 4109 423 169 4133 3313 3101 
1 169 
2 789 169 
2 2562 169 
2 3977 169 
2 169 2754 
1 169 
3 169 590 1893 
4 1326 169 2287 2711 
3 169 4320 416 
1 169 
1 169 
2 1937 169 
2 288 169 
4 1202 169 2781 3725 
2 169 1033 
2 2140 169 
1 169 
2 169 4516 
2 2397 169 
1 170 
2 170 2850 
2 170 3559 
4 1131 3236 170 1235 
2 2180 170 
2 170 4666 
1 170 
1 170 
1 170 
2 170 4864 
2 4695 170 
3 2265 170 2708 
2 3204 170 
4 170 2064 4780 2327 
1 170 
2 170 3152 
2 170 4385 
1 170 
2 170 4868 
5 439 3372 170 1289 1854 
1 170 
2 3757 170 
2 4873 170 
1 171 
3 3164 171 4539 
1 171 
1 171 
1 171 
1 171 
2 3264 171 
1 171 
1 171 
1 171 
2 1068 171 
1 171 
3 3963 171 1616 
1 171 
3 4734 171 3767 
2 2801 171 
3 4569 171 4816 
2 171 947 
1 171 
2 172 4085 
1 172 
3 2194 172 2986 
1 172 
3 172 3399 1876 
2 172 761 
1 172 
2 391 172 
1 172 
1 172 
4 172 4490 777 396 
2 172 1059 
3 172 3170 1949 
1 172 
2 3959 172 
2 172 3560 
2 329 172 
3 386 2640 172 
2 172 243 
1 172 
3 331 172 2483 
2 172 4603 
2 2532 172 
2 172 734 
1 172 
1 172 
1 172 
1 172 
1 172 
3 2158 172 3679 
3 172 177 2100 
1 172 
1 172 
1 172 
1 172 
3 172 4702 4416 
3 172 1319 3792 
1 173 
2 4871 173 
2 173 4714 
3 409 173 4223 
1 173 
2 3513 173 
1 173 
3 1540 173 2561 
2 2120 173 
3 4128 173 3303 
2 173 1517 
3 173 1792 1461 
2 173 1989 
2 173 2553 
1 173 
1 173 
1 173 
3 1429 173 3939 
3 173 3135 783 
1 173 
1 173 
3 4387 173 854 
1 173 
1 173 
2 3607 173 
2 173 3068 
1 173 
2 173 896 
4 682 173 513 4267 
3 2917 2963 174 
1 174 
3 552 174 4068 
2 174 3200 
1 174 
3 2537 1267 174 
2 174 4839 
3 3330 174 4534 
1 174 
2 174 2116 
2 174 381 
1 174 
2 2611 174 
2 174 4424 
2 1244 175 
2 1071 175 
2 2421 175 
1 175 
5 1700 1250 175 1441 262 
2 175 2387 
2 3695 175 
2 175 286 
2 175 3222 
3 1573 175 4166 
1 175 
2 175 1625 
1 175 
3 747 1594 175 
1 175 
4 1883 2491 175 260 
3 175 4990 3238 
1 176 
1 176 
1 176 
1 176 
2 3430 176 
4 3870 3134 176 3011 
1 176 
2 3427 176 
2 176 701 
2 3059 176 
2 176 2933 
2 212 176 
2 176 2688 
5 826 4387 1936 838 176 
1 176 
2 2766 176 
1 176 
1 176 
2 465 176 
3 587 176 3990 
4 3037 1614 176 3263 
2 1762 176 
2 176 2187 
3 4451 176 2505 
1 176 
1 177 
2 177 3732 
1 177 
1 177 
1 177 
2 177 296 
2 1092 177 
2 177 4746 
1 177 
1 177 
1 177 
5 1247 3205 177 4400 952 
2 177 1912 
2 177 757 
2 3689 177 
1 177 
2 177 1778 
1 178 
1 178 
1 178 
1 178 
3 1430 640 178 
1 178 
2 539 178 
2 178 397 
1 178 
2 178 2771 
2 178 2738 
2 3188 178 
1 178 
5 3637 2340 2578 178 3921 
1 178 
3 3763 3087 178 
2 567 178 
2 371 178 
2 179 2672 
2 4311 179 
1 179 
2 179 2301 
1 179 
2 179 3155 
2 179 2328 
1 179 
2 3221 179 
1 179 
2 179 4838 
2 4497 179 
2 179 1161 
2 4449 179 
2 685 179 
2 179 4863 
4 2926 715 179 1491 
4 1031 948 2710 179 
1 179 
1 179 
3 179 2115 1586 
1 179 
4 378 805 179 240 
1 179 
1 180 
2 2451 180 
1 180 
2 1627 180 
2 3646 180 
2 1396 180 
3 3368 2725 180 
2 2036 180 
4 214 445 3746 180 
2 2842 180 
2 1294 180 
3 1704 180 614 
1 180 
2 3548 180 
2 662 180 
1 180 
1 180 
3 4891 2549 180 
1 181 
2 181 4301 
2 181 3909 
3 3803 181 1399 
2 4160 181 
1 181 
1 181 
1 181 
1 181 
2 4256 181 
2 181 2432 
2 3205 181 
1 181 
1 181 
1 181 
2 2210 181 
3 1692 181 2392 
4 4340 665 181 3578 
1 181 
3 4464 1012 181 
1 181 
3 4912 447 181 
2 181 4299 
2 3520 181 
1 181 
3 3858 3823 181 
3 1964 806 181 
2 879 182 
4 2089 4931 2092 182 
2 1681 182 
1 182 
3 4855 3880 182 
2 412 182 
2 1326 182 
2 3286 182 
3 3341 990 182 
2 4314 182 
1 182 
1 182 
2 4459 182 
1 182 
1 182 
2 2709 182 
3 4250 276 183 
3 4768 4085 183 
1 183 
4 4514 3187 1990 183 
1 183 
2 4822 183 
2 1306 183 
2 2743 183 
2 1708 183 
5 2567 1727 3135 280 183 
4 4732 3747 3542 183 
2 183 1143 
4 1701 4135 1565 183 
2 183 4267 
2 184 2088 
2 1708 184 
3 943 831 184 
2 1951 184 
4 4914 2009 3189 184 
2 3815 184 
2 4691 184 
2 1188 184 
1 184 
3 2719 4780 184 
1 184 
1 184 
2 1490 184 
4 4005 4080 4684 184 
2 3678 184 
2 4038 184 
2 3704 184 
2 796 184 
1 184 
1 185 
2 196 185 
1 185 
2 2830 185 
1 185 
2 577 185 
2 3387 185 
1 185 
3 982 1956 185 
3 564 4876 185 
1 185 
1 185 
1 185 
2 971 185 
2 3848 185 
2 2002 185 
2 4884 185 
1 185 
2 700 185 
2 4635 185 
2 270 185 
2 3731 185 
1 185 
2 4977 186 
1 186 
2 1187 186 
1 186 
1 186 
1 186 
1 186 
3 316 538 186 
1 186 
2 4947 186 
1 186 
1 186 
3 4017 4885 186 
5 927 3478 2849 1894 186 
1 186 
1 186 
2 3052 186 
2 317 186 
2 1055 186 
4 2981 4311 3226 186 
2 4646 186 
4 2878 2390 264 186 
3 3511 4099 186 
1 186 
1 186 
1 186 
3 4721 193 186 
1 186 
1 186 
1 187 
1 187 
1 187 
1 187 
3 1190 187 2017 
1 187 
2 187 1763 
1 187 
1 187 
2 187 1002 
1 187 
2 187 2623 
2 922 187 
2 187 573 
1 187 
1 187 
1 187 
3 188 945 358 
1 188 
2 188 2706 
1 188 
1 188 
4 188 4840 2086 2694 
1 188 
1 188 
4 188 4222 3191 3596 
2 188 3355 
3 188 2984 1877 
3 188 1561 4889 
1 188 
1 188 
1 188 
2 188 4393 
3 188 1560 952 
1 188 
1 188 
3 189 4460 3462 
2 3852 189 
2 189 2496 
1 189 
1 189 
1 189 
3 189 3412 939 
2 764 189 
1 189 
1 189 
2 189 1012 
2 189 2116 
3 189 2445 2373 
3 3871 189 4622 
3 1884 189 2387 
2 189 3598 
3 834 189 1072 
2 189 2366 
1 189 
4 4495 189 4307 3210 
2 2246 189 
1 189 
1 189 
1 189 
1 190 
1 190 
1 190 
3 2176 190 4624 
3 190 3806 503 
1 190 
1 190 
2 2044 190 
1 190 
2 190 2235 
2 190 1359 
2 190 429 
3 190 4920 3278 
2 190 3010 
2 190 4159 
1 190 
1 190 
2 1609 190 
3 190 4673 3622 
4 3449 750 190 2693 
1 190 
3 307 190 4029 
2 1788 191 
2 4093 191 
1 191 
2 1718 191 
1 191 
4 191 565 3881 265 
2 2025 191 
2 191 4713 
1 191 
2 191 2871 
3 1265 191 2691 
3 3890 191 3515 
3 4270 191 3578 
2 2740 191 
2 2612 191 
1 191 
1 191 
1 191 
1 191 
1 191 
2 1810 191 
1 191 
2 192 3305 
2 192 1508 
1 192 
1 192 
2 1194 192 
1 192 
3 192 4776 3480 
2 192 4374 
2 192 364 
4 3832 967 192 434 
4 192 2618 3239 3321 
2 192 4386 
3 4095 192 1513 
5 4172 1786 192 1487 3034 
2 192 4995 
1 192 
1 192 
4 1821 334 192 3840 
2 192 1775 
2 193 1617 
2 193 2290 
2 193 1964 
2 193 4457 
1 193 
2 193 2036 
1 193 
1 193 
1 193 
1 193 
1 193 
3 832 193 4650 
3 193 1017 758 
1 193 
2 193 4455 
2 193 1875 
2 193 3362 
2 2746 193 
1 193 
1 193 
2 2440 193 
2 193 4836 
2 194 3223 
1 194 
2 194 2484 
3 4189 194 2830 
2 4891 194 
3 3528 194 199 
3 194 496 1257 
1 194 
2 3717 194 
2 194 1123 
2 3962 194 
1 194 
3 2336 194 339 
3 4074 194 2811 
1 194 
2 194 3140 
2 195 1670 
2 3587 195 
1 195 
1 195 
2 195 4439 
2 195 281 
3 1093 195 3911 
1 195 
2 195 4565 
2 195 3550 
3 195 1852 2936 
1 195 
1 195 
1 195 
4 2612 196 414 2856 
1 196 
1 196 
1 196 
3 196 3766 3957 
1 196 
3 1174 3894 196 
1 196 
3 4783 945 196 
3 196 2299 3155 
2 619 196 
1 196 
3 1404 196 3774 
2 196 885 
1 196 
3 196 2067 1670 
2 196 2581 
1 196 
4 4426 3108 196 1989 
2 1886 196 
2 196 3615 
2 196 3250 
3 197 4400 1514 
3 197 4533 3941 
5 3690 2663 3131 197 4635 
2 197 4864 
3 197 1509 2934 
2 407 197 
1 197 
2 4475 197 
3 2597 197 3550 
1 197 
1 197 
2 4591 197 
2 197 1379 
1 197 
1 197 
2 197 4169 
3 2951 3114 197 
2 197 2243 
2 198 2997 
2 198 1232 
2 3428 198 
2 3702 198 
2 198 1472 
1 198 
1 198 
2 198 4104 
2 198 4508 
2 2883 198 
2 198 702 
1 198 
4 1189 3556 198 4080 
3 3740 2310 198 
1 198 
2 199 4838 
2 4828 199 
1 199 
2 199 4863 
1 199 
2 727 199 
4 199 628 4441 1695 
2 3746 199 
4 199 2893 3940 2465 
2 199 626 
2 199 4635 
2 3834 199 
1 199 
2 2395 199 
1 199 
2 1979 199 
2 233 199 
1 199 
1 199 
2 199 2584 
1 199 
2 199 2938 
2 2794 199 
1 199 
1 199 
1 199 
2 3527 199 
2 751 199 
3 3820 199 282 
2 199 996 
1 199 
3 4342 2074 200 
3 886 200 1363 
1 200 
1 200 
2 4287 200 
1 200 
3 200 1894 4266 
3 2316 200 3478 
1 200 
2 1267 200 
2 200 2527 
2 4679 200 
3 2641 2822 200 
2 945 201 
1 201 
3 4529 201 1085 
2 4137 201 
2 1559 201 
1 201 
2 201 3122 
2 201 2326 
4 1130 1703 2479 201 
3 2941 201 2373 
1 201 
2 201 1814 
2 3380 201 
3 3891 201 4842 
4 3851 201 1046 4910 
3 2402 2601 201 
2 201 4105 
2 865 201 
2 201 975 
3 2049 201 940 
3 923 2795 201 
2 1411 202 
3 4820 583 202 
1 202 
1 202 
3 202 1064 2979 
1 202 
1 202 
3 1435 4487 202 
1 202 
2 3832 202 
1 203 
5 447 3340 2110 4536 203 
1 203 
2 203 3211 
4 662 3808 2273 203 
3 1989 203 3319 
1 203 
1 203 
2 703 203 
2 643 203 
1 203 
1 203 
1 203 
2 204 814 
3 554 204 2151 
3 4087 2038 204 
3 554 204 1712 
1 204 
1 204 
2 3268 204 
1 204 
2 204 1531 
1 204 
4 4237 4472 2126 204 
1 204 
2 4375 204 
3 4094 4502 204 
1 204 
1 204 
2 4552 204 
2 1900 204 
2 253 204 
4 1576 1480 204 3442 
2 2294 204 
3 2194 668 204 
1 204 
2 204 2469 
4 4158 1873 1443 204 
2 4351 205 
2 3069 205 
2 205 1973 
2 205 4646 
1 205 
3 4130 205 1624 
1 205 
2 1385 205 
1 205 
2 205 3595 
1 205 
1 205 
1 205 
3 1068 205 4386 
2 2668 206 
2 618 206 
1 206 
2 1287 206 
1 206 
2 3214 206 
2 2961 206 
3 3636 4903 206 
1 206 
1 206 
1 206 
3 206 3176 1800 
3 1344 3139 206 
1 206 
3 206 4282 3213 
1 206 
1 206 
2 206 1858 
1 206 
4 1455 2604 206 3734 
1 206 
1 206 
1 207 
1 207 
1 207 
1 207 
1 207 
2 233 207 
3 1864 207 3597 
2 2732 207 
2 3247 207 
4 1925 625 652 207 
2 1824 207 
2 1982 207 
2 3104 207 
2 4374 207 
1 207 
3 1404 4515 207 
1 207 
4 2741 4602 4791 207 
1 207 
3 591 207 1534 
2 1977 207 
1 207 
1 208 
3 769 208 2694 
2 4484 208 
1 208 
1 208 
2 208 1044 
1 208 
2 989 208 
2 208 2977 
2 648 208 
2 3243 208 
2 2386 208 
1 208 
3 2945 417 208 
4 3394 4366 4453 208 
1 208 
2 2816 209 
1 209 
1 209 
1 209 
3 3811 209 797 
1 209 
1 209 
1 209 
1 209 
2 4681 209 
3 3595 3880 209 
4 4526 2213 4602 209 
1 209 
3 269 2036 209 
1 209 
4 3326 3167 3569 209 
3 694 209 1300 
2 3973 210 
1 210 
2 3053 210 
1 210 
1 210 
1 210 
3 3736 2881 210 
2 3984 210 
3 1958 3769 210 
2 1553 210 
3 3006 4561 210 
3 348 1964 210 
3 2195 3646 210 
2 719 210 
3 2416 2115 210 
2 1403 210 
1 210 
2 3875 210 
2 3943 210 
1 210 
1 210 
2 1734 210 
2 211 3264 
1 211 
2 211 2514 
1 211 
3 211 2662 1650 
2 211 2418 
2 211 2290 
1 211 
1 211 
1 211 
1 211 
1 211 
3 211 369 1201 
2 211 2064 
4 211 4402 778 460 
1 211 
1 211 
2 212 221 
2 2068 212 
2 212 3372 
3 212 2552 1750 
3 212 4001 1548 
2 212 4605 
1 212 
3 212 3264 1945 
3 212 2760 771 
3 212 4556 3580 
2 212 232 
2 212 3930 
2 212 4949 
1 212 
1 212 
1 212 
1 212 
1 212 
1 212 
1 212 
1 212 
1 213 
3 213 2923 4838 
1 213 
2 213 2902 
1 213 
2 1302 213 
1 213 
2 1091 213 
4 213 4660 2833 4649 
1 213 
2 4236 213 
2 213 3995 
2 213 3727 
3 213 3529 3151 
1 213 
1 213 
1 213 
1 213 
1 213 
3 213 4971 3415 
1 213 
1 213 
5 4911 213 4832 3865 997 
2 214 4829 
4 214 2784 2734 1832 
3 214 2214 3770 
3 214 2958 4689 
1 214 
2 231 214 
2 214 3009 
1 214 
2 214 1664 
2 370 214 
1 214 
4 214 1632 2161 4877 
2 214 320 
1 214 
1 214 
2 214 2603 
3 307 214 4281 
1 214 
2 4735 215 
3 2305 215 3801 
2 215 4672 
4 1553 215 3172 4780 
1 215 
1 215 
2 215 4682 
2 215 2454 
1 215 
3 710 215 477 
1 215 
1 215 
2 831 215 
1 215 
4 215 1251 688 3261 
2 215 4633 
1 215 
2 215 902 
2 2250 215 
2 1149 215 
2 2278 215 
1 215 
2 215 2552 
2 1556 216 
1 216 
1 216 
2 216 2581 
3 216 1040 656 
2 2026 216 
1 216 
2 250 216 
5 1839 3105 216 4537 4674 
2 216 1441 
1 216 
3 3678 216 4515 
2 3366 216 
4 1804 4466 216 783 
2 216 1043 
4 2762 4577 216 302 
1 216 
1 216 
1 216 
2 790 216 
2 216 2150 
1 216 
1 217 
1 217 
2 4344 217 
3 2014 4157 217 
2 3981 217 
1 217 
3 1803 1588 217 
3 2660 217 1828 
1 217 
3 217 844 4357 
2 217 1444 
1 217 
1 217 
2 1542 217 
2 217 2451 
2 217 1216 
3 1190 218 1531 
2 3568 218 
2 218 4927 
3 4549 3152 218 
1 218 
3 822 4504 218 
1 218 
2 3534 218 
2 4698 218 
1 218 
1 218 
1 218 
1 218 
2 218 325 
2 2156 218 
1 218 
1 218 
5 3065 2575 218 3920 2716 
3 218 3391 3581 
1 218 
4 823 219 4353 4750 
5 747 3747 2322 219 1420 
1 219 
1 219 
2 219 1833 
2 1168 219 
4 3132 4807 4703 219 
3 1813 219 420 
1 219 
1 219 
1 219 
1 219 
2 219 4186 
2 219 4024 
1 219 
3 1438 219 1447 
2 219 2458 
3 2732 220 1796 
3 3918 220 3054 
1 220 
1 220 
1 220 
1 220 
2 4487 220 
2 1788 220 
2 486 220 
2 2653 220 
2 2609 220 
2 2499 220 
1 220 
2 220 3547 
1 220 
3 3526 1010 220 
2 221 4781 
1 221 
1 221 
3 1069 221 3260 
1 221 
3 279 221 3708 
2 1202 221 
3 1261 2039 221 
1 221 
3 3484 3643 221 
3 2667 2449 221 
2 342 221 
3 2900 221 3561 
1 221 
2 1121 222 
2 222 4799 
1 222 
1 222 
3 3273 1211 222 
1 222 
1 222 
2 4522 222 
2 222 4519 
1 222 
1 222 
2 222 1668 
1 222 
3 443 2290 222 
2 732 223 
1 223 
1 223 
4 1935 602 2463 223 
1 223 
1 223 
4 2759 988 1579 223 
1 223 
1 223 
2 4786 223 
2 3542 224 
3 2600 2911 224 
2 3914 224 
1 224 
2 4235 224 
2 224 1715 
2 4599 224 
1 224 
2 2084 224 
2 1924 224 
2 224 3213 
2 3996 224 
1 224 
4 4269 668 224 367 
2 2903 224 
1 224 
3 1675 2446 224 
2 4242 224 
2 538 224 
3 1227 2540 224 
1 224 
2 224 825 
1 224 
1 224 
3 2744 225 1020 
1 225 
2 225 4068 
4 1507 1120 225 904 
1 225 
1 225 
3 1676 4896 225 
4 2876 4570 1375 225 
4 2539 225 4442 817 
1 225 
3 3764 4045 225 
3 3983 3074 225 
2 733 225 
1 225 
1 225 
1 225 
1 225 
2 535 225 
1 225 
1 225 
1 225 
5 3300 225 4908 4543 2351 
6 3768 3197 241 225 597 4009 
3 3436 3384 226 
1 226 
1 226 
2 4773 226 
1 226 
2 4605 226 
2 3685 226 
2 1584 226 
2 1890 226 
1 226 
1 226 
2 226 1045 
3 1202 4461 226 
4 3850 3459 2202 226 
2 4432 226 
3 2908 226 4123 
1 226 
3 1370 226 2457 
2 1949 226 
1 226 
1 226 
4 2353 583 1350 227 
1 227 
3 1012 1097 227 
1 227 
4 1429 2628 2292 227 
2 1956 227 
1 227 
1 227 
3 1772 3361 227 
2 2233 227 
1 227 
1 227 
1 227 
2 1875 227 
1 227 
2 2912 227 
2 3405 227 
2 1321 227 
2 228 3846 
2 228 4706 
2 2720 228 
1 228 
3 2532 228 1762 
2 228 3167 
2 228 4401 
4 228 830 3012 2134 
2 228 2101 
3 228 1985 2463 
2 228 4805 
1 228 
1 228 
3 228 3818 1233 
3 228 2798 2583 
4 228 3889 4597 234 
2 228 4372 
2 229 309 
2 229 1035 
3 229 4852 4477 
2 229 889 
1 229 
2 229 4634 
3 229 3496 1065 
2 229 4714 
3 229 711 3446 
1 229 
2 229 4068 
1 229 
3 229 2766 3790 
1 229 
2 229 3779 
4 229 2156 1846 3092 
2 229 3564 
6 3689 637 229 694 2813 2066 
3 229 4399 2149 
2 229 1494 
1 229 
2 230 3544 
1 230 
2 230 4224 
1 230 
1 230 
3 230 3042 1617 
1 230 
1 230 
4 230 3981 1735 1834 
1 230 
2 230 4652 
2 230 3857 
1 230 
4 4445 230 526 4517 
1 230 
1 230 
2 230 3225 
2 230 4604 
1 230 
2 231 1047 
3 231 4056 1410 
3 4968 231 3179 
1 231 
5 231 4292 3955 2323 4780 
1 231 
3 405 661 231 
3 1658 231 3336 
1 231 
1 231 
1 231 
1 232 
3 232 3708 1474 
2 232 1144 
3 232 3494 2815 
2 232 1419 
2 2564 232 
1 232 
2 232 4833 
2 232 3984 
2 1188 232 
2 4254 232 
1 232 
2 232 4781 
1 232 
3 232 1292 3876 
1 232 
2 232 1815 
2 873 233 
2 233 892 
2 1521 233 
3 233 3571 808 
4 233 4961 4222 4047 
4 233 2513 4584 3282 
5 3230 3004 233 4477 1183 
1 233 
4 233 4324 892 2348 
1 233 
1 233 
2 234 4323 
1 234 
2 234 1714 
1 234 
2 234 4081 
2 234 626 
3 3125 234 1568 
4 3929 1498 234 4938 
1 234 
2 234 2989 
2 234 402 
3 3851 234 3172 
2 234 3399 
1 234 
4 3959 234 4829 797 
2 234 4219 
3 234 2827 450 
2 3308 234 
2 234 2694 
3 234 2814 2996 
2 2422 234 
2 234 4385 
3 2643 4639 234 
2 2699 234 
1 234 
1 235 
1 235 
2 4252 235 
2 235 435 
2 3107 235 
3 3088 235 3987 
3 235 935 2015 
3 1820 235 2584 
2 235 327 
2 4135 235 
3 235 1178 498 
1 235 
3 235 1854 903 
1 235 
3 785 4097 235 
2 235 722 
1 235 
1 235 
2 235 3822 
1 236 
1 236 
1 236 
2 236 3323 
2 236 4371 
1 236 
1 236 
3 236 4922 3121 
2 236 544 
2 317 236 
2 236 595 
2 236 4226 
3 1754 236 1669 
1 236 
1 236 
1 236 
3 3181 236 3071 
1 236 
2 236 4516 
2 236 1215 
1 236 
1 236 
1 236 
3 4784 236 2606 
2 4694 236 
2 237 3861 
3 834 2010 237 
1 237 
1 237 
1 237 
2 237 2959 
2 237 4441 
3 2594 1729 237 
2 4346 237 
2 4718 237 
1 237 
3 237 4081 4049 
3 237 3347 2352 
2 237 4481 
3 4392 4131 237 
1 237 
1 237 
2 237 2582 
1 237 
2 600 237 
1 237 
2 3220 237 
2 4625 237 
2 2096 237 
2 237 3141 
1 237 
2 3067 238 
2 238 2559 
1 238 
1 238 
1 238 
4 2924 3702 1729 238 
2 238 1240 
3 3716 4735 238 
3 563 238 4613 
2 238 3030 
3 1844 1851 238 
1 238 
2 768 238 
3 862 683 238 
2 238 3257 
2 3216 238 
5 2143 238 4203 2328 2821 
3 4448 947 238 
4 3852 3893 238 3620 
3 1288 2364 238 
2 238 4714 
2 239 1062 
2 239 4544 
2 960 239 
1 239 
1 239 
1 239 
1 239 
2 407 239 
4 2250 3999 3644 239 
2 4768 239 
1 239 
3 4155 239 1528 
2 239 3787 
3 308 239 2082 
3 4474 239 1919 
1 240 
2 2207 240 
3 2789 240 4767 
1 240 
2 2405 240 
3 591 240 1022 
1 240 
3 4155 240 1421 
2 1652 240 
1 240 
1 240 
2 1767 240 
2 1787 240 
3 3002 3289 240 
1 240 
1 240 
3 3256 3050 240 
2 2924 240 
1 240 
2 4190 240 
2 240 3731 
2 4219 240 
1 241 
1 241 
1 241 
1 241 
2 241 3925 
2 241 1185 
2 4079 241 
3 2513 4194 241 
1 241 
2 241 3595 
1 241 
2 3136 241 
2 241 4889 
2 241 1832 
3 4173 1157 241 
1 241 
3 3588 808 241 
2 274 242 
1 242 
2 242 4590 
3 2209 3294 242 
2 3050 242 
1 242 
2 4257 242 
2 822 242 
2 3022 242 
1 242 
2 242 3361 
3 1109 4275 242 
1 242 
2 242 2556 
4 3252 4427 1720 242 
1 242 
2 242 658 
1 242 
2 470 242 
1 242 
1 242 
2 3742 242 
4 3365 4450 242 4637 
1 243 
1 243 
1 243 
4 1307 4600 4943 243 
2 4958 243 
2 1371 243 
2 243 3650 
1 243 
3 2298 243 2835 
3 363 243 1240 
4 2051 339 243 2758 
2 2589 243 
1 243 
1 243 
2 1452 244 
2 2056 244 
3 3106 1443 244 
3 819 3578 244 
1 244 
2 3321 244 
3 4188 4624 244 
1 244 
3 1656 4849 244 
3 2965 2009 244 
1 244 
2 2505 244 
2 4931 244 
2 1719 244 
1 244 
1 244 
1 244 
2 3455 244 
1 244 
1 244 
1 244 
5 3037 4269 986 2431 244 
1 244 
1 245 
1 245 
2 2325 245 
4 2028 1226 4940 245 
1 245 
2 2995 245 
1 245 
1 245 
1 245 
1 245 
2 2629 245 
1 245 
1 245 
1 245 
1 245 
4 4655 2651 2465 245 
4 3569 4647 4886 246 
1 246 
1 246 
2 1312 246 
4 2287 1531 4999 246 
2 4390 246 
2 4855 246 
4 332 772 1195 246 
4 3214 3763 2151 246 
3 579 2874 246 
1 246 
1 246 
5 4191 4487 3591 3297 246 
3 4302 4506 246 
1 247 
4 3836 548 2040 247 
4 1759 775 4589 247 
2 1288 247 
2 4339 247 
2 2769 247 
2 2448 247 
2 1756 247 
1 247 
3 2193 4049 247 
1 247 
2 1311 247 
1 247 
1 247 
2 2483 247 
1 247 
1 247 
2 4317 247 
2 248 1396 
1 248 
2 248 2611 
3 3146 248 3163 
1 248 
3 248 2107 4436 
1 248 
2 248 4275 
1 248 
1 248 
1 248 
2 248 1278 
3 248 665 813 
3 248 1288 1906 
2 248 625 
2 248 1649 
2 248 3323 
2 248 1477 
1 248 
2 249 1702 
3 249 3949 286 
2 249 2903 
2 249 3573 
1 249 
2 249 1041 
3 249 3259 2626 
1 249 
2 249 1405 
2 3884 249 
3 4170 249 4536 
3 249 2312 2213 
3 249 2315 2065 
3 3214 249 4169 
3 249 4501 357 
2 249 352 
2 249 2681 
2 249 3797 
1 249 
5 3883 4148 249 3130 3493 
2 249 3398 
3 249 3675 2789 
1 249 
3 2640 249 3940 
2 408 250 
1 250 
1 250 
1 250 
2 250 2842 
1 250 
2 4737 250 
2 250 1791 
2 250 2810 
2 4445 250 
1 250 
2 250 1493 
3 3556 250 4774 
2 250 2314 
2 250 397 
2 250 892 
1 250 
3 250 567 915 
1 250 
1 250 
4 3886 250 3028 3498 
3 3853 250 3293 
1 250 
3 250 631 508 
2 250 314 
3 250 2682 3302 
2 2206 251 
3 2723 251 668 
2 3364 251 
3 2563 1960 251 
3 800 251 3306 
1 251 
1 251 
2 251 3610 
3 251 2749 4181 
1 251 
1 251 
1 251 
2 251 3067 
1 251 
1 251 
5 2743 251 1102 3617 798 
5 3159 763 251 3636 674 
3 4768 251 3070 
2 251 1945 
2 251 1329 
4 251 3681 4687 3123 
2 252 2518 
3 252 3802 3524 
3 252 1333 2940 
1 252 
1 252 
3 1753 252 723 
3 252 1195 4370 
1 252 
1 252 
2 1005 252 
1 252 
1 252 
1 252 
4 252 4017 869 3053 
2 252 1471 
1 252 
1 252 
1 252 
2 252 4385 
3 252 2220 2187 
4 1401 252 3941 2815 
2 253 4169 
2 253 3546 
2 2044 253 
2 3586 253 
3 253 520 2638 
2 338 253 
2 253 1690 
1 253 
1 253 
3 253 3725 327 
1 253 
3 3082 4573 253 
1 253 
3 253 1161 1972 
2 253 3198 
2 253 2620 
3 4251 253 675 
1 254 
3 1648 254 1992 
1 254 
3 3553 254 4741 
1 254 
1 254 
3 1243 1177 254 
2 254 4997 
1 254 
3 2796 620 254 
3 1026 4529 254 
1 254 
2 4755 254 
1 254 
2 254 2345 
3 4718 3091 254 
1 254 
1 254 
1 254 
3 1611 3633 254 
1 254 
4 1851 254 4138 2350 
2 254 2002 
1 255 
1 255 
1 255 
2 255 1125 
3 1175 412 255 
1 255 
2 2061 255 
3 2139 4719 255 
1 255 
2 255 658 
2 4515 255 
1 255 
2 836 255 
3 255 2149 2739 
2 255 1100 
1 255 
2 256 2912 
2 4485 256 
3 3079 2179 256 
2 256 1510 
2 256 4166 
1 256 
1 256 
1 256 
1 256 
2 256 2452 
2 3624 256 
1 257 
1 257 
1 257 
1 257 
2 2641 257 
1 257 
3 1375 2216 257 
1 257 
1 257 
1 257 
2 2406 257 
1 257 
2 257 3422 
1 257 
4 2400 540 257 456 
1 257 
3 1792 257 3012 
3 3027 257 3771 
3 2876 1261 257 
2 4935 257 
3 2159 257 1778 
2 4772 257 
1 258 
