13 2 3 4 5 6 7 8 9 10 11 12 13 14 
17 15 16 17 18 19 20 21 22 23 1 24 25 26 27 28 29 30 
20 31 32 33 34 35 36 37 38 1 39 40 41 42 43 44 45 46 47 48 49 
16 50 51 52 53 54 55 1 56 57 58 59 60 61 62 63 64 
18 65 66 67 68 69 1 70 71 72 73 74 75 76 77 78 79 80 81 
20 82 83 84 85 86 87 88 1 89 90 91 92 93 94 95 96 97 98 99 100 
25 101 102 103 104 105 106 107 108 109 110 1 111 112 113 114 115 116 117 118 119 120 121 122 123 124 
19 125 126 1 127 128 129 130 131 132 133 134 135 136 137 138 139 140 141 142 
11 143 144 1 145 146 147 148 149 150 151 152 
20 153 154 155 156 157 158 159 160 1 161 162 163 164 165 166 167 168 169 170 171 
24 172 173 174 175 176 177 178 179 180 1 181 182 183 184 185 186 187 188 189 60 190 191 192 193 
17 194 195 196 197 198 199 1 200 201 202 203 204 205 206 207 208 209 
21 210 211 212 213 214 215 216 1 217 218 219 220 221 222 223 224 225 226 227 228 229 
23 230 231 232 233 1 234 235 236 237 238 239 240 241 242 243 244 245 246 247 248 249 250 251 
22 252 2 253 254 255 256 257 258 259 260 261 262 263 264 265 266 267 268 269 270 271 272 
35 2 273 274 275 276 277 278 279 280 281 282 283 284 285 286 287 288 289 290 291 292 293 294 295 296 297 298 299 300 301 302 303 304 305 306 
22 2 307 308 309 310 311 312 313 314 315 316 317 318 319 320 321 322 323 324 325 326 327 
20 2 328 329 330 331 332 333 334 335 336 337 338 339 340 341 342 343 344 345 346 
27 2 347 348 349 350 351 352 353 354 355 356 357 358 359 360 361 362 363 364 365 366 367 368 369 370 371 372 
26 2 373 374 375 376 377 378 379 380 381 382 383 384 385 386 387 388 389 390 391 392 393 394 395 396 397 
23 2 398 399 400 401 402 403 404 405 406 407 408 409 410 411 412 413 414 415 416 417 418 419 
14 2 420 421 422 423 424 425 426 427 428 429 430 431 432 
26 2 433 434 435 436 437 438 439 440 441 442 443 444 445 446 447 448 449 450 451 452 453 454 455 456 457 
20 2 458 459 460 461 462 463 464 465 466 467 468 469 470 471 472 473 474 475 476 
12 2 477 478 479 480 481 482 483 484 485 486 487 
17 2 488 489 490 491 492 493 494 495 496 497 498 499 500 501 502 503 
16 504 2 505 506 507 508 509 510 511 512 513 514 515 516 517 518 
18 519 2 520 521 522 523 524 525 526 527 528 529 530 531 532 533 534 535 
23 2 536 537 538 539 540 541 542 543 544 545 546 547 548 549 550 551 552 553 554 555 556 557 
29 2 558 559 560 561 562 563 564 565 566 567 568 569 570 571 572 573 574 575 576 577 578 579 580 581 582 583 584 585 
22 3 586 587 588 589 590 591 592 593 594 595 596 597 598 599 600 601 602 603 604 605 606 
25 3 607 608 609 610 611 612 613 614 615 616 617 618 619 620 621 622 623 624 625 626 627 628 629 630 
17 3 631 632 633 634 405 635 636 637 638 639 640 641 642 643 644 645 
22 3 646 647 648 649 650 651 652 653 654 655 656 657 658 659 660 661 662 663 664 665 666 
22 3 667 668 669 670 671 672 673 674 675 676 677 333 678 679 680 681 682 683 684 685 686 
27 3 687 688 689 690 691 692 693 694 695 696 697 698 699 700 701 702 703 704 705 706 707 708 709 710 711 712 
21 3 713 714 715 716 717 718 719 720 721 722 723 724 725 726 727 728 729 730 731 732 
15 3 733 734 735 736 737 738 739 740 741 742 743 744 745 746 
22 3 747 748 749 750 751 752 753 754 755 756 757 758 759 760 761 762 763 764 765 766 767 
17 3 768 769 770 771 772 773 774 775 776 777 778 779 780 781 782 783 
15 3 784 785 786 787 788 789 790 791 792 793 794 795 796 797 
21 3 798 799 800 801 802 803 804 805 806 807 808 809 810 811 812 813 814 815 816 817 
12 3 818 819 820 821 822 823 824 825 826 827 828 
25 3 829 830 831 832 833 834 835 836 837 838 839 840 841 842 843 844 845 846 847 848 849 850 851 852 
21 3 853 854 855 856 857 858 859 860 861 862 863 864 865 866 867 868 869 780 870 871 
25 3 872 873 874 875 876 877 878 879 880 881 882 883 884 885 886 887 888 889 890 891 892 893 894 895 
16 3 896 897 898 899 900 901 902 903 904 905 906 907 908 909 910 
14 3 911 912 913 914 915 916 917 918 919 920 921 922 923 
23 924 3 925 926 927 928 929 930 931 932 933 934 935 936 937 938 939 940 941 942 943 944 945 
26 946 947 948 4 949 950 951 952 953 954 955 956 957 958 959 960 961 962 963 964 965 966 967 968 969 970 
15 971 4 972 973 974 975 976 977 978 979 980 981 982 983 984 
13 4 985 986 987 988 989 990 991 992 993 994 995 996 
22 997 998 4 999 1000 1001 1002 1003 1004 1005 1006 1007 1008 1009 1010 1011 1012 1013 1014 1015 1016 1017 
17 1018 1019 4 1020 1021 1022 1023 1024 1025 1026 1027 1028 1029 1030 1031 1032 1033 
28 1034 1035 4 1036 1037 1038 1039 1040 1041 1042 1043 1044 1045 1046 1047 1048 1049 1050 1051 1052 1053 1054 1055 1056 1057 1058 1059 1060 
26 1061 4 1062 1063 1064 1065 1066 1067 1068 1069 1070 1071 1072 1073 1074 1075 1076 1077 1078 1079 1080 1081 1082 1083 1084 1085 
23 1086 4 1087 1088 1089 1090 1091 1092 1093 1094 1095 1096 1097 1098 1099 1100 1101 1102 1103 1104 1105 1106 1107 
36 1108 1109 1110 1111 4 1112 1113 1114 1115 1116 1117 1118 1119 1120 1121 1122 1123 1124 1125 1126 1127 1128 1129 1130 1131 1132 1133 1134 1135 1136 1137 1138 1139 1140 1141 1142 
21 1143 1144 4 1145 1146 1147 1148 1149 1150 1151 1152 1153 1154 1155 1156 1157 1158 1159 1160 1161 1162 
21 1163 1164 1165 4 1166 1167 1168 1169 1170 1171 1172 1173 1174 1175 11 1176 1177 1178 1179 1180 1181 
17 1182 4 1183 1184 1185 1186 1187 1188 1189 1190 1191 1192 1193 1194 1195 1196 1197 
20 1198 1199 4 1200 1201 1202 1203 1204 1205 1206 1207 1208 988 1209 1210 1211 1212 1213 1214 1215 
17 4 1216 1217 1218 1219 1220 1221 1222 1223 1224 1225 1226 1227 1228 1229 1230 1231 
17 4 1232 1233 1234 1235 1236 1237 1238 1239 1240 1241 1242 1243 1244 1245 1246 1247 
23 1248 1249 5 1250 1251 1252 1253 1254 1255 1256 1257 1258 1259 1260 1261 1262 1263 1264 1265 1266 1267 1268 1269 
18 1270 1271 5 1272 1273 1274 1275 1276 1277 1278 1279 1280 1281 1282 1283 1284 1285 1286 
18 5 1287 1288 1289 1290 1291 1292 1293 1294 1295 1296 1297 1298 1299 1300 1301 1302 1303 
25 1304 1305 1306 5 1307 1308 1309 1310 1311 1312 1313 1314 1315 1316 1317 1318 1319 1320 1321 1322 1323 1324 1325 1326 1327 
25 1328 5 1329 1330 1331 1332 1333 1334 1335 1336 1337 1338 1339 1340 1341 1342 1343 1344 1345 1346 1347 1348 1349 1350 1351 
25 1352 1353 5 1354 1355 1356 1357 1358 1359 1360 1361 1362 1363 1364 1365 1366 1367 1368 1369 1370 1371 1372 1373 1374 1375 
19 1376 5 1377 1378 1379 1380 1381 1382 1383 1384 1385 1386 1387 1388 1389 1390 1391 1392 1393 
23 1394 5 1395 1396 1397 1398 1399 1400 1401 1402 1403 1404 1405 1406 1407 1408 1409 1410 1411 1412 1413 1414 1415 
25 1416 5 1417 1418 155 1419 1420 1421 1422 1423 1424 1425 1426 1427 1428 1429 1430 1431 1432 1433 1434 1435 1436 1437 1438 
19 1439 1440 5 1441 1442 1443 1444 1445 1446 1447 1448 1449 1450 1451 1452 1453 1454 1455 1456 
19 1457 1458 5 1459 1460 1461 1462 1463 1464 1465 1466 1467 1468 1469 1470 1471 1472 1473 1474 
24 1475 1476 1477 5 1478 1479 1480 1481 1482 1483 1484 1485 1486 1487 1488 1489 1490 1491 1451 1492 1493 1494 1495 1496 
14 1497 5 1498 1499 1500 1501 1502 1503 1504 1505 1506 1507 1508 1509 
19 1510 1511 5 1512 1513 1514 1515 1516 1517 1518 1519 1520 1521 1522 1523 1524 1525 1526 1527 
16 1528 1529 5 1530 1531 1532 1533 1534 1535 1536 1537 1538 1539 1540 1541 1542 
23 5 1543 1544 1545 1546 1547 1548 1549 1550 1551 1552 1553 1554 1555 1556 1557 1558 1559 1560 1561 1562 1563 1564 
25 1565 1566 5 1567 1568 1569 1570 1571 1572 1573 1574 1575 1576 1577 1578 1579 1580 1581 1582 1583 1584 1585 1586 1587 1588 
21 1589 1590 912 6 1591 1592 1593 1594 1595 1596 1597 1598 1599 1600 1601 1602 1603 1604 1605 1606 1607 
20 1608 1609 1610 6 1611 1612 1613 1614 281 1615 1616 1617 1618 1619 1620 1621 1622 1623 1624 1625 
13 6 1626 1627 1628 1629 1630 1631 1632 1633 1634 1635 1636 1637 
18 1638 6 1639 1640 1641 1642 1643 1644 1645 1554 1646 1647 1648 1649 1650 1651 1652 1653 
18 1654 6 1655 1656 1657 1658 1659 1660 1661 1662 1663 1664 1665 1666 1667 1668 909 1669 
14 6 1670 1671 1672 1673 1674 1675 1676 1677 1678 1679 1680 1681 1682 
23 1683 1684 1685 1686 6 1687 1688 1689 1690 1691 1692 1693 1694 1695 1696 1697 1698 1699 1700 1701 1702 1703 1704 
26 1705 1706 6 1707 1708 1709 1710 1711 1712 1713 1714 1715 1716 1717 1718 1719 1720 1721 1722 1723 1724 1725 1726 1727 1728 1729 
32 1730 6 1731 1732 1733 1734 1735 1310 1736 1737 1738 1739 1740 1741 1742 1743 1744 1745 1746 1747 1748 1749 1750 1751 1752 1753 1754 1755 1756 1757 1758 1759 
23 6 1760 1761 1762 1763 1764 1765 1766 1767 1768 1769 1770 1771 1772 1773 1774 1775 1776 1777 1778 1779 1780 1781 
20 1782 1783 1784 6 1785 1786 1787 1788 1789 1790 1791 1792 1793 1794 1795 1796 1797 1798 1799 1800 
24 1801 1802 1803 1804 6 1805 1806 1807 1808 1809 1810 1811 1812 1813 1814 1815 1816 1817 1818 1819 1820 1821 1822 1823 
18 1824 6 1825 1826 1827 1828 1829 1830 1831 1832 1833 1834 1835 1836 1837 1838 1839 1840 
15 1841 1842 1843 6 1844 1845 1846 1847 1848 1849 1850 1851 1852 1853 1854 
20 1855 6 608 1856 1857 1858 1859 1860 1861 1862 1863 1864 1865 1866 1867 1868 1869 1870 1871 1872 
32 1873 1874 1875 6 1876 1877 1878 1879 1880 1881 1882 1883 1884 1885 1886 1887 1888 1889 1890 1891 1892 1893 1894 1895 1896 1897 1898 1899 1900 1901 1902 1903 
15 1904 6 1905 1906 1907 1908 1909 1910 1911 1912 1913 1914 1915 1916 1917 
18 1918 6 1919 1920 1921 1922 1923 1924 1925 1926 1927 1928 1929 1930 1931 1932 1933 1934 
23 1935 6 1936 1937 1938 1939 1940 1941 1942 1943 1944 1945 1946 1947 1948 1949 1950 1951 1952 1953 1954 1955 1956 
26 1957 1958 7 1959 1960 1961 1962 1963 1964 1965 1966 1967 1968 1969 1970 1971 1972 1973 1974 1975 1976 1977 1978 1979 1980 1981 
33 1982 872 1983 1984 7 1985 1986 1987 1988 1989 1990 1991 1992 1993 1994 1995 1996 1997 1998 1999 2000 2001 2002 2003 2004 2005 2006 2007 2008 1348 2009 1178 2010 
10 7 2011 2012 2013 2014 2015 2016 2017 2018 2019 
19 2020 2021 7 2022 2023 2024 2025 2026 2027 2028 2029 2030 2031 2032 2033 2034 2035 2036 2037 
15 2038 7 2039 2040 2041 2042 2043 1615 2044 2045 2046 2047 2048 2049 2050 
13 2051 7 2052 2053 2054 2055 1883 2056 2057 2058 2059 2060 2061 
22 2062 2063 7 2064 2065 2066 2067 2068 2069 2070 2071 2072 2073 2074 2075 2076 2077 2078 2079 2080 2081 2082 
29 2083 2084 2085 2086 2087 7 2088 2089 2090 2091 2092 2093 2094 2095 2096 2097 2098 2099 2100 2101 2102 2103 2104 2105 2106 2107 2108 2109 2110 
21 2111 2112 2113 7 2114 2115 2116 2117 2118 2119 2120 2121 2122 2123 2124 2125 2126 2127 2128 2129 2130 
19 2131 2132 7 2133 2134 2135 2136 2137 2138 2139 2140 2141 2142 2143 2144 2145 2146 2147 2148 
26 2149 2150 7 2151 2152 2153 2154 2155 2156 2157 2158 2159 2160 2161 2162 2163 2164 2165 2166 2167 2168 2169 2170 2171 2172 2173 
18 7 2174 2175 2176 2177 2178 2179 2180 2181 2182 1124 2183 2184 2185 2186 2187 2188 2189 
18 2190 2191 7 2192 2193 2194 2195 2196 2197 2198 2199 2200 2201 2202 2203 2204 2205 2206 
22 7 2207 2208 2209 2210 2211 2212 2213 2214 2215 2216 2217 2218 2219 2220 2221 2222 2223 2224 2225 2226 2227 
26 2228 2229 2230 7 2231 2232 2233 2234 2235 2236 2237 2238 2239 2240 2241 2242 2243 2244 2245 2246 2247 2248 2249 2250 2251 2252 
15 2253 7 2254 2255 1207 2256 2257 2258 2259 2260 2261 2262 2263 487 2264 
23 2265 7 2266 2267 1826 2268 2269 2270 2271 2272 2273 2274 2275 2276 2277 2278 2279 2280 2281 2282 2283 2284 2285 
18 2286 7 2287 2288 2289 2290 2291 2292 2293 2294 2295 2296 2297 2298 2299 2300 2301 2302 
20 7 2303 2304 2305 2306 2307 2308 2309 2310 2311 2312 2313 2314 2315 2316 2317 2318 2319 2320 2321 
20 2322 2323 2324 2325 7 2326 2327 2328 2329 2330 2331 2332 2333 2334 2335 760 2336 2337 2338 2339 
17 7 2340 2341 2342 2343 2344 2345 2346 2347 2348 2349 2350 2351 2352 2353 2354 2355 
18 2356 2357 7 2358 2359 2360 2361 2362 2363 2364 2365 2366 2367 2368 2369 2370 2371 2372 
21 2373 7 2374 2375 2376 2377 2378 2379 2380 2381 2382 2383 2384 2385 2386 2387 2277 2388 2389 342 2390 
11 2391 2392 2393 7 2394 2395 2396 2397 2398 2399 2400 
21 2401 2402 2403 2404 8 2405 2406 2407 2408 2409 2410 2411 2412 2413 2414 574 2415 2416 2417 2418 2419 
29 2420 2421 2422 2423 8 2424 2425 2426 2427 2428 2429 2430 2431 615 2432 2433 2434 2435 2436 2437 2438 2439 2440 2441 2442 2443 2444 2445 2446 
18 1843 2447 8 2448 2449 2450 2451 2452 2453 2454 2455 2456 2457 2458 2459 2460 2461 2462 
22 2463 2464 2465 8 2466 2467 2468 2469 2470 2471 2472 2473 2474 2475 2476 2477 2478 2479 2480 2481 2482 2483 
20 2484 2485 2486 8 2487 2488 2489 2490 2491 2492 2493 2494 2495 2496 2497 2498 2499 2500 706 2501 
24 2502 2373 2503 8 2504 2505 2506 2507 2508 2509 2510 2511 2512 2513 2514 2515 2516 2517 2518 2519 2520 2521 2522 2523 
22 2524 2525 2526 2527 8 2528 2529 2530 2531 2532 2533 2534 2535 2536 935 2537 2538 2539 2540 322 2541 2542 
17 8 2543 2544 2545 2546 2547 2548 2549 2550 2551 2552 2553 2554 2555 2556 2557 2558 
19 2559 2560 2561 2562 8 2563 2564 2565 2566 2567 2568 2569 2570 2571 2572 2573 2574 2575 2576 
27 2577 2578 2579 2580 8 2581 2582 2583 2584 2585 2586 2587 2588 2589 2590 2591 1712 2592 2593 2594 2595 2596 2597 2598 2599 2600 2601 
17 1416 8 2602 2603 2604 2605 2606 2607 2608 2609 2610 2611 2612 2613 2614 2615 2616 
16 2617 2618 802 2619 8 2620 2621 2622 2623 2624 2625 2626 780 2627 2628 2629 
19 2630 2631 2632 8 2633 2634 2635 2636 2637 2638 2639 2640 2641 2642 1388 2643 2644 2645 2646 
21 2647 2648 8 2649 2650 2651 2652 2653 2654 2655 2656 2657 2658 2659 2660 2661 2662 502 2663 2664 2665 
18 2666 8 2667 2668 2669 2670 2671 2672 2673 2674 2675 2676 2677 2678 2679 2680 2681 2682 
11 2683 2684 8 2685 2686 2687 2688 2689 2690 2691 2692 
19 2693 2694 2695 2696 8 2697 2698 2699 2700 2701 2702 2703 2704 2705 2706 2707 2708 2709 2710 
16 2711 800 2712 8 2713 2714 2715 2716 2717 2718 2719 2720 2721 2722 2723 2724 
21 2725 2286 2726 2727 2728 2729 2730 2731 2732 9 2733 2734 2735 2736 2737 2738 2739 2740 2741 2742 2743 
18 2744 2745 2746 2747 2748 2749 2750 2751 2752 9 2753 2754 2755 498 2756 2757 2758 2759 
17 2760 2761 2762 2763 2764 2765 2766 9 2767 2768 2769 2770 2771 2772 2773 2774 2775 
27 2776 1457 2777 175 2778 2779 2780 2781 2782 9 2783 2784 2785 2786 2787 2788 2789 2790 2791 2792 2793 2794 2795 2796 2797 2798 2799 
22 2800 2801 2802 2803 2804 2805 2806 2807 9 2808 2809 2810 2811 2812 2813 2814 2815 2816 2817 2818 2819 2820 
22 2821 2822 2823 2824 2825 2826 2827 9 2828 2829 2830 2831 2832 2833 2834 2205 2835 2836 2837 2838 2839 2840 
23 2841 2842 2843 2844 2845 2846 2847 2848 2849 9 2850 2851 2852 2853 2854 2855 2856 2857 2858 2859 2860 2861 2862 
21 2863 2864 2865 2866 1657 2867 2868 9 2869 2870 2871 2872 2873 2874 2875 2876 2877 2878 2879 2880 2881 
35 2882 2883 2884 2885 2886 2887 2888 2889 2890 2891 2892 2893 2330 2894 2895 2896 2897 2898 2899 9 1908 2900 2901 2902 2903 2904 2905 2906 2907 2908 2909 2910 2911 2912 2913 
22 2914 1270 2915 2916 2917 2918 2919 2920 2921 9 2922 2923 2924 2925 2926 2927 2928 2929 2930 2931 2932 2933 
22 2934 2935 2936 2937 2938 2939 2940 1551 2941 2942 2943 10 2944 2945 2946 2947 2948 2949 2950 2951 2952 2953 
18 2954 2955 2956 2957 2958 2959 2960 2961 2962 2963 10 2964 2965 2966 2967 2968 2969 2970 
18 2971 2972 2973 2974 2975 2976 2977 2978 2979 2980 2981 73 10 2982 2983 2984 2985 2986 
24 2987 2988 2989 2990 2991 2992 2993 2994 2995 2996 2997 2998 2999 1334 3000 3001 10 3002 3003 3004 3005 3006 3007 3008 
18 3009 3010 3011 3012 3013 2039 3014 3015 3016 10 3017 638 3018 3019 3020 3021 3022 3023 
17 3024 3025 3026 3027 3028 3029 3030 3031 3032 3033 10 3034 3035 3036 3037 3038 3039 
18 3040 3041 3042 3043 3044 3045 3046 3047 10 3048 3049 3050 3051 3052 3053 3054 3055 3056 
18 3057 3058 3059 3060 3061 3062 3063 3064 10 3065 3066 3067 3068 3069 3070 3071 3072 3073 
35 3074 3075 3076 3077 3078 3079 3080 3081 3082 3083 3084 3085 3086 3087 3088 3089 3090 3091 10 3092 3093 3094 3095 3096 3097 3098 3099 3100 3101 3102 3103 3104 3105 3106 3107 
11 3108 3109 10 1277 3110 3111 3112 3113 3114 3115 3116 
20 3117 3118 3119 3120 3121 3122 3123 3124 3125 3126 10 3127 3128 3129 3130 3131 3132 3133 3134 3135 
17 3136 3137 3138 3139 3140 3141 3142 10 593 3143 3144 3145 3146 3147 3148 3149 3150 
16 3151 3152 3153 3154 3155 3156 10 3157 3158 3159 921 3160 3161 3162 3163 3164 
26 3165 3166 3167 3168 3169 3170 3171 3172 3173 3174 3175 3176 3177 10 3178 2239 3179 3180 3181 3182 2297 3183 3184 3185 3186 3187 
26 3188 3189 3190 3191 3192 3193 3194 3195 3196 3197 3198 10 3199 3200 3201 3202 3203 3204 3205 3206 3207 3208 3209 3210 3211 1527 
16 3212 3213 3214 3215 3216 10 3217 3218 3219 3220 3221 3222 3223 3224 3225 3226 
23 3227 3228 3229 3230 3231 3232 3233 3234 3235 3236 3237 3238 3239 3240 10 3241 3242 3243 3244 3245 3246 3247 3248 
23 3249 3250 3251 3252 3253 3254 3255 3256 3257 3258 3259 3260 10 3261 3262 3263 3264 3265 3266 3267 3268 3269 3270 
28 3271 3272 3273 3274 3275 3276 3277 3278 3279 3280 3281 10 3282 3283 3284 3285 205 3286 3287 3288 3289 3290 3291 3292 3293 3294 3295 3296 
30 3297 2975 716 3298 3299 3300 3301 3302 3303 3304 3305 3306 3307 2654 3308 3309 3310 3311 3312 11 3313 3314 3315 3316 3317 3318 2794 3319 3320 3321 
21 3322 3323 3324 3325 3326 3327 3328 3329 3330 3331 2809 11 3332 3333 3334 3335 3336 3337 3338 683 3339 
21 3340 3341 3342 3343 3344 3345 3346 3347 3348 3349 3350 3351 11 3352 3353 3354 3355 3356 3357 3358 3359 
27 3360 3361 3362 3363 3364 3365 3366 3367 3368 3369 3370 3371 3372 146 3373 3374 11 3375 3376 3377 3378 3379 3380 1822 3381 3382 3383 
18 3384 3385 3386 3387 3388 3389 3390 3391 3392 11 3393 3394 3395 3396 3397 3398 3399 3400 
23 3401 3402 3403 3404 3405 3406 3407 3408 3409 3410 3411 11 3412 3413 3414 3415 3416 3417 3418 3419 3420 3421 3422 
25 3423 3424 3425 3426 3427 3428 3429 3430 3431 3432 3433 3434 3435 1813 3436 11 3437 3438 3439 3440 3441 3442 3443 3444 3445 
16 3446 3447 3448 3449 3450 3451 11 3452 3453 3454 3455 3456 3457 3458 3459 3460 
17 3461 3462 3463 3464 3465 3466 3467 3468 3469 3470 11 3471 3472 3473 3474 3475 3476 
16 3477 3478 3479 3480 3481 3482 3483 3484 11 3485 3486 3487 3488 3489 3490 3491 
27 3492 3493 3494 3495 3496 3497 3498 3499 3500 3501 11 3502 1296 3503 3504 3505 3506 3507 3508 3509 3510 3511 3512 3513 3514 3515 3516 
24 3517 3518 3519 3520 3521 3522 3523 3524 3525 3526 3527 3528 3529 11 3530 3531 3532 3533 3534 3535 3536 3537 3538 3539 
20 3540 3541 3542 3543 3544 3545 3546 3547 3548 11 3549 3550 3551 3552 3553 3554 3555 3556 3557 3558 
26 3559 3560 3561 3562 3563 3564 3565 3566 3567 3568 3569 3570 3571 3572 3573 3574 3575 3576 11 3577 3578 3579 1411 3580 3581 1438 
21 3582 3583 3584 3585 3586 3587 3588 3589 3590 3591 11 3592 2968 3593 3594 3595 3596 3597 3598 3599 3600 
24 3601 3602 3603 3604 3605 3606 3607 3608 3609 3610 3611 3612 3613 3614 11 3615 3616 3617 3618 3619 3620 3621 3622 3623 
18 3624 3625 3626 3627 3628 3629 3630 3631 3632 3633 3634 3635 3636 3637 11 3638 3639 3640 
15 3641 3642 3643 3644 3645 3646 3647 3648 11 3649 3650 3651 3652 3653 3654 
29 3655 3656 3657 3658 3659 3660 3661 3662 3663 3664 3665 3666 3667 3668 3669 3670 11 3671 3672 3673 3674 3675 3676 3677 3678 3679 3680 3681 3682 
27 3683 3684 3685 3686 3687 3688 3689 3690 3691 3692 3693 3694 3695 3696 3697 3698 11 3699 3700 3701 3702 3703 3704 3705 3706 3707 3708 
31 3709 3710 3711 3712 3713 3714 3715 3716 3717 3718 3719 3720 3721 3722 3723 3724 3199 3725 11 3726 3727 3728 3729 3730 3731 3732 3733 3734 3735 3736 3737 
17 3738 3739 3740 3741 3742 3743 3744 3745 3746 3747 3748 1157 3749 11 3750 3751 3752 
23 3753 3754 3755 3756 379 3757 3758 3759 3760 3761 3762 3763 3764 3765 3766 3767 3768 3769 3770 3771 3772 12 3056 
23 3773 3774 3775 3776 3777 3778 3779 3780 3781 3782 3783 3784 3785 3786 3787 3788 3789 3790 3791 3792 3793 3794 12 
20 3795 3796 3797 3798 3799 3800 3801 3802 391 3803 3804 3805 3806 3807 3808 3809 3810 3811 12 3812 
15 3813 670 3814 3815 3816 1924 3817 3818 3819 3820 3821 3822 3823 12 3824 
14 3825 3826 3827 3828 3829 3830 3831 3832 3833 3834 3835 3836 12 3837 
23 3838 3839 3840 3841 3842 3843 3844 3845 3846 3847 3848 3849 3850 3851 3852 3853 3854 3855 3856 3857 3858 3859 12 
28 3860 3861 3862 3863 3864 3865 3866 3867 3868 3869 3870 3871 3872 3873 3874 3875 3876 3877 3878 3879 3880 3881 3882 3883 3884 12 2251 3885 
19 3886 3887 3888 3889 3890 3891 3892 3893 3894 3895 1449 3896 3897 3898 3899 3900 3901 3902 12 
27 3903 3904 3905 3906 3907 3908 3909 3910 2196 3911 3912 3913 3914 3915 887 3916 3917 3918 3919 3920 3921 3922 3923 3924 12 3925 3926 
14 3927 3928 3929 3930 3931 3932 3933 3934 3935 3936 3937 3938 12 3939 
29 1248 3940 3941 3942 3943 3944 3945 3946 3947 3948 3949 3950 3951 3952 3953 3954 3955 3956 3957 3958 3959 3960 1836 3961 12 3962 3963 2743 3964 
22 3965 3966 3967 3968 3969 3970 3971 3972 3973 3974 3975 3976 3977 3978 3979 3980 3981 12 3557 3982 171 3983 
14 3984 3985 3986 3987 3988 3989 3990 3991 3992 3993 3994 12 3995 3996 
15 3997 3998 3999 4000 4001 4002 4003 4004 2300 4005 4006 12 4007 4008 4009 
14 4010 4011 4012 4013 4014 4015 4016 4017 4018 4019 4020 4021 4022 12 
15 4023 4024 4025 233 4026 4027 4028 4029 4030 4031 4032 4033 12 4034 1231 
23 4035 4036 4037 4038 4039 4040 4041 4042 4043 4044 4045 4046 810 4047 4048 4049 4050 4051 4052 4053 13 4054 4055 
20 4056 4057 4058 4059 4060 4061 4062 4063 4064 4065 4066 4067 4068 4069 4070 4071 4072 13 4073 4074 
25 4075 4076 4077 4078 4079 4080 4081 4082 4083 4084 4085 4086 4087 4088 4089 4090 4091 4092 4093 4094 4095 4096 4097 4098 13 
16 4099 4100 4101 4102 4103 4104 4105 4106 4107 4108 4109 4110 4111 4112 4113 13 
21 4114 4115 4116 4117 4118 4119 4120 4121 4122 4123 4124 4125 4126 4127 4128 4129 4130 4131 13 4132 4133 
24 4134 4135 4136 4137 4138 4139 4140 4141 4142 4143 4144 4145 4146 4147 4148 4149 4150 4151 2739 4152 13 4153 4154 4155 
22 4156 4157 4158 4159 4160 4161 4162 4163 4164 4165 4166 4167 4168 4169 4170 4171 4172 3334 4173 1913 13 4174 
30 4175 4176 4177 4178 4179 4180 4181 4182 4183 4184 4185 885 4186 4187 4188 4189 4190 4191 4192 4193 4194 4195 4196 4197 4198 4199 272 4200 4201 13 
23 4202 4203 4204 4205 4206 4207 4208 4209 4210 4211 4212 4213 4214 4215 4216 4217 4218 4219 4220 4221 13 4222 4223 
24 4224 4225 4226 4227 4228 4229 4230 4231 4232 4233 4234 4235 4236 4237 4238 4239 4240 4241 4242 4243 13 4244 4245 4246 
18 4247 4248 4249 4250 4251 4252 4253 4254 4255 4256 4257 4258 4259 4260 4261 4262 4263 13 
16 4264 3120 4265 4266 4267 4268 2594 4269 4270 4271 4272 4273 4274 4275 13 4276 
23 4277 4278 4279 4280 4281 4282 4283 4284 4285 4286 4287 4288 4289 4290 4291 4292 4293 4294 4295 4296 4297 13 4298 
19 4299 4300 4301 4302 4303 4304 4305 4306 4307 4308 4309 4310 4311 4312 4313 4314 4315 4316 13 
15 4317 4318 4319 4320 1628 4321 4322 4323 1481 4324 4325 4326 4327 4328 13 
15 4329 4330 4331 4332 4333 4334 4335 4336 4337 4338 13 4339 1587 4340 4341 
19 4342 4343 4344 4345 4346 4347 4348 4349 4350 4351 4352 4353 4354 4355 4356 13 4357 4358 4359 
21 4360 4361 4362 4363 4364 4365 4366 4367 4368 4369 4370 4371 4372 4373 3099 4374 4375 4376 4377 4378 13 
20 4379 4380 4381 4382 4383 4384 4385 4386 4387 4388 4389 4390 4391 4392 4393 4394 4395 4396 13 4397 
25 4398 4399 4400 4401 4402 4403 4404 4405 4406 4407 4408 4409 4410 4411 4412 4413 4414 4415 4416 4417 4418 4419 13 4420 4421 
15 4422 4423 4424 4425 4426 4427 4428 4429 4430 4431 4432 4433 4434 4435 14 
20 4436 799 4437 4438 4439 4440 4441 4442 4443 4444 4445 4446 4447 4448 4449 4450 4451 4452 4453 14 
23 4454 2420 4455 4456 4457 4458 4459 4460 4461 1124 4462 4463 4464 4465 4466 4467 4468 4469 4470 4471 4472 14 3708 
16 4473 4474 4475 4476 4477 4478 4479 4480 2121 4481 4482 4483 4484 4485 14 209 
17 4486 4487 4488 4489 4490 4491 4492 4493 4494 4495 4496 4497 4498 4499 4500 4501 14 
21 4502 4503 4504 2802 4505 2585 4506 4507 4508 4509 4510 4511 4512 4513 4514 4515 4516 4517 4518 4519 14 
20 4520 4521 4522 4523 4524 4525 4526 4527 4528 4529 4530 4531 4532 4533 4534 4535 14 4536 4537 4538 
15 4539 4540 4541 4542 4543 4544 4545 4546 4547 4548 1677 4549 4550 4551 14 
17 4552 4553 4554 4555 4556 4557 4558 4559 4560 3053 4561 4562 4563 4564 4565 4566 14 
16 4567 4568 4569 4570 4571 4572 4573 4574 4575 4576 4577 4578 4579 14 4580 4581 
19 4582 4583 4584 4585 4586 4587 4588 4589 4590 3725 2311 4591 4592 2930 4593 4594 14 4595 4596 
21 4597 4598 4599 4600 4601 4602 4603 4604 4605 4606 4607 4608 4609 4610 4611 4612 4613 4614 4615 14 4616 
24 4617 4618 4619 4620 4621 4622 4623 4624 4625 1319 4626 4627 4628 4629 4630 4430 4631 4632 4633 4634 4635 2301 14 4636 
19 4637 4638 4639 4640 4641 4642 4643 4644 4645 4646 4647 4648 4649 4650 4651 4652 4653 4654 14 
30 4655 4656 4657 4658 4659 4660 4661 4662 4663 4664 4665 4666 4667 4668 4669 4670 4671 4672 2004 4673 4674 4675 4676 4677 4678 4679 4680 14 4681 4682 
20 4683 4684 4685 4686 4687 4688 4689 4690 4691 4692 4693 4694 4695 1715 4696 4697 4698 4699 4700 14 
19 4701 4702 4703 2919 4704 4705 4706 4707 4708 4709 4710 4711 4712 4713 4714 4715 4716 14 4717 
20 4718 4719 4720 4721 4722 4723 4724 4725 4726 4727 4728 4729 4730 4731 4732 4733 4734 14 4735 4736 
27 4737 4738 4739 4740 4741 4742 4743 4744 4745 4746 4747 4748 4749 4750 4751 4752 1849 4753 4754 4755 4756 4757 4758 4759 14 4760 4761 
17 4762 4763 4764 4765 4766 4767 4768 4769 4770 4771 4772 4773 4774 4775 4776 14 4777 
17 4778 4779 4780 4781 4782 4783 4784 4785 4786 4787 4788 4789 4790 4791 4792 4793 14 
19 4794 4795 4796 4797 4798 4799 4800 4801 4802 4803 4804 4805 4806 4807 4808 4809 4810 14 4811 
17 15 4812 4813 4814 4815 4816 4817 4818 4819 4820 4821 4822 4823 4824 4825 4826 4827 
25 15 4828 4829 4830 4831 1532 4832 4120 4833 1361 4834 4835 4836 4837 4838 4839 4840 4841 4842 4843 4844 4845 4846 4847 4848 
20 15 4849 4850 4851 4852 4853 4854 4855 4856 2491 4857 4858 4859 4860 4861 4862 4863 4864 4865 4866 
19 4867 15 4868 4869 4870 4871 4872 1880 4873 4874 4875 4876 4877 4878 4879 4880 4881 4882 4883 
27 4884 15 4885 4886 4887 4888 4889 4890 4891 4892 4893 4894 4895 4896 4897 4898 4899 4900 4901 4902 4903 4904 4905 4906 4907 4908 4909 
26 15 4910 4911 4912 4913 4914 4915 4916 4917 4918 4919 4920 4921 4922 4923 4924 4925 4926 4927 4928 4929 2541 4350 4930 4931 4932 
16 15 4933 4934 4935 4896 4936 4937 4938 4939 4148 4940 4941 4942 4943 4944 4945 
19 15 4946 4947 4948 4949 4950 4951 4952 4953 4954 4955 4956 4957 3021 4958 4959 4960 4961 4962 
21 4963 4964 15 4965 4966 4967 4968 4969 4970 4971 4972 4973 4974 4975 4976 4977 3147 4978 4979 4980 4981 
22 15 4982 4983 3716 1399 4984 3028 4985 4986 4987 4988 4989 4990 4991 4992 4993 4994 4995 4996 4997 4998 4999 
20 5000 15 5001 5002 5003 5004 5005 5006 5007 5008 5009 5010 5011 5012 5013 5014 5015 5016 5017 5018 
15 15 5019 5020 5021 5022 5023 5024 5025 5026 5027 5028 5029 5030 5031 5032 
15 15 5033 5034 5035 5036 5037 5038 5039 5040 5041 5042 5043 5044 5045 1474 
21 5046 15 5047 5048 5049 5050 5051 5052 5053 5054 5055 5056 5057 5058 5059 5060 5061 5062 5063 5064 5065 
21 15 5066 5067 5068 5069 4896 5070 5071 5072 5073 5074 5075 5076 5077 780 5078 5079 4006 5080 5081 5082 
31 5083 15 5084 5085 5086 5087 5088 5089 5090 5091 5092 5093 5094 5095 5096 5097 5098 5099 5100 5101 5102 5103 5104 5105 4592 5106 5107 5108 5109 3294 5110 
17 15 5111 5112 5113 5114 5115 5116 5117 5118 5119 5120 5121 5122 5123 5124 5125 5126 
25 15 1164 5127 5128 5129 5130 5131 5132 5133 5134 5135 5136 5137 5138 5139 5140 5141 5142 5143 5144 5145 5146 5147 5148 5149 
15 15 5150 5151 5152 5153 5154 5155 5156 5157 5158 5159 5160 5161 5162 5163 
18 15 5164 5165 5166 5167 5168 5169 5170 5171 5172 5173 5174 5175 5176 5177 5178 5179 5180 
16 15 5181 5182 5183 217 5184 5185 5186 5187 5188 5189 5190 5191 5192 5193 5194 
18 16 5195 5196 5197 5198 5199 5200 5201 5202 5203 5204 5205 5206 5207 5208 5209 5210 5211 
18 5212 16 5213 5214 5215 5216 5217 5218 5219 5220 5221 5222 5223 5224 5225 5226 5227 5228 
24 5229 16 5230 5231 5232 5233 5234 5235 5236 3933 5237 443 884 5238 5239 2313 5240 5241 5242 5243 5244 5245 5246 5247 
21 5248 5249 5250 16 1762 5251 5252 5253 5254 5255 5256 5257 5258 5259 5260 5261 5262 5263 5264 5265 1729 
19 5266 16 5267 5268 5269 5270 5271 5272 5273 5274 5275 5276 5277 5278 5279 5280 5281 5282 5283 
22 16 5284 5285 5286 5287 5288 5289 5290 5291 5292 5293 5294 5295 5296 5297 3377 5298 5299 5300 5301 5302 5303 
18 5304 16 2887 5305 5306 5307 5308 5309 5310 5311 5312 5313 5314 5315 5316 5317 5318 5319 
19 16 5320 5321 5322 5323 5324 5325 5326 5327 5328 5329 5330 5331 5332 5333 5334 5335 5336 5337 
22 5338 83 16 5339 5340 5341 5342 5343 5344 5345 5346 5347 5348 5349 5350 5351 5352 5353 5354 5355 5356 5357 
20 16 5358 5359 5360 5361 5362 5363 5364 5365 5366 5367 5368 5369 5370 5371 5372 5373 5374 5375 5376 
22 5377 16 5378 5379 5380 5381 5382 5383 5384 1362 5385 5386 5387 5388 5389 5390 5391 5392 5393 5394 5395 5396 
27 5397 5398 16 5399 669 5400 5401 3797 5402 5403 5404 5405 5406 5407 5408 5409 5410 5411 5412 5413 5414 5415 4862 5416 5417 5418 4298 
27 5419 16 5420 5421 5422 5423 5424 5425 5426 5427 5428 5429 5430 5431 5432 5433 5434 5435 5436 5437 5438 5149 5439 5440 5441 3995 5442 
16 16 5443 5444 5445 5446 5447 5448 5449 5450 5451 5452 5453 5454 5455 5456 1326 
19 16 5457 5458 3561 5459 5460 5461 3565 5462 5463 5464 1581 5465 5466 5467 5468 5469 5470 5471 
21 5472 5473 5474 5475 5476 16 4477 5477 5478 5479 315 318 5480 5481 5482 5483 5484 5485 5486 5487 5488 
16 16 5489 5490 5491 5492 5493 5494 5495 5496 5497 5498 5499 5500 5501 5502 5503 
17 5504 16 5505 5506 5507 5508 5509 5425 5510 5511 5512 5513 5514 5515 5516 5517 5518 
11 5519 16 5520 5521 5522 5523 5524 5525 5526 5527 5528 
14 4795 16 5529 5530 5531 5532 5533 5534 5535 5536 5537 5538 5539 5540 
30 5541 5542 5543 16 5544 5545 5546 5547 5548 5549 5550 5551 5552 5553 5554 5555 5556 5557 5558 5559 5560 5561 5562 5563 5564 5565 5566 5567 5568 5569 
29 5570 16 5571 5572 5573 5574 5575 5576 5577 5578 5579 5580 5581 5582 5583 5584 5585 5586 5587 5588 5589 5590 5591 5592 5593 5594 5595 5596 5597 
8 16 4552 5598 3153 1255 5599 5600 2123 
3 16 3273 3609 
2 16 3400 
2 5419 16 
1 16 
2 16 2287 
2 16 580 
3 16 4382 5367 
1 16 
1 16 
3 16 2052 3735 
3 16 2565 5387 
2 17 4372 
2 17 4218 
2 17 5435 
1 17 
2 17 4731 
4 17 4403 611 891 
2 17 5014 
3 17 4997 1781 
3 17 288 457 
2 17 4652 
5 17 3760 2640 1556 1229 
4 17 288 1281 1453 
3 5230 17 3689 
1 17 
3 1611 17 1588 
3 17 2999 131 
2 17 4544 
3 3540 17 3175 
1 17 
1 17 
1 17 
3 3010 18 1932 
2 1982 18 
2 18 2170 
2 18 4942 
2 18 1213 
3 35 18 2027 
2 18 5563 
3 5320 1985 18 
2 18 1460 
2 18 1486 
1 18 
2 18 3453 
1 18 
3 18 3276 811 
2 18 123 
3 18 1549 3619 
3 18 3155 1437 
2 398 18 
3 18 2012 5176 
1 19 
2 19 1587 
3 19 1994 1978 
1 19 
2 19 4877 
3 4364 19 915 
2 19 2358 
1 19 
1 19 
2 19 2220 
5 4850 19 5005 573 4957 
3 19 4495 4349 
1 19 
1 19 
3 2112 19 2946 
2 19 2848 
1 19 
2 5233 19 
3 19 4835 5061 
2 19 4573 
1 19 
2 19 2701 
5 1825 3521 19 4418 3269 
3 19 1134 1494 
3 19 5059 1774 
2 19 534 
2 20 1045 
2 20 407 
2 20 2558 
2 20 2250 
2 540 20 
2 20 3280 
3 194 20 3515 
6 5083 5544 20 1121 3035 2773 
3 20 3369 989 
2 20 3592 
4 2067 20 5549 3159 
2 20 1029 
1 20 
2 1804 20 
3 2938 20 2912 
2 20 3449 
3 4850 4302 20 
3 20 4461 5299 
3 196 20 5453 
2 20 4411 
3 20 3000 3772 
3 20 677 2225 
1 20 
1 20 
2 20 945 
3 21 345 4717 
2 21 4120 
2 21 4392 
3 3075 21 4943 
4 1357 21 3406 4874 
1 21 
4 505 21 1039 3855 
2 33 21 
3 3151 21 4614 
2 374 21 
1 21 
3 21 1500 5405 
3 4011 21 611 
3 21 3174 457 
1 21 
2 21 2479 
1 21 
1 21 
2 21 1191 
2 1985 21 
2 1529 21 
2 21 5428 
1 22 
1 22 
1 22 
2 2955 22 
2 22 1520 
2 2886 22 
2 22 1747 
2 22 2555 
1 22 
1 22 
1 22 
1 22 
2 22 2642 
3 23 1340 4289 
1 23 
1 23 
2 23 1071 
3 1499 23 2942 
2 23 814 
1 23 
1 23 
4 1843 1333 23 2048 
1 23 
3 275 23 1703 
1 23 
3 23 4625 2820 
2 23 1122 
3 4911 23 783 
1 23 
1 23 
1 23 
1 23 
1 23 
2 23 3665 
3 2089 23 4960 
1 23 
1 23 
4 5576 23 411 315 
2 24 5141 
2 24 2058 
3 24 3620 5246 
3 2089 24 1893 
2 24 3874 
4 609 24 2590 1277 
1 24 
1 24 
2 24 5464 
1 24 
2 2133 24 
2 24 5060 
1 24 
2 24 3265 
4 24 2676 3221 628 
1 24 
1 24 
1 24 
1 24 
1 25 
2 25 516 
1 25 
2 25 1325 
1 25 
1 25 
1 25 
4 1764 25 2349 846 
1 25 
1 25 
6 2683 2672 25 116 5353 2301 
6 1039 3691 3801 26 3533 3422 
1 26 
1 26 
2 3624 26 
2 26 5393 
2 26 1815 
1 26 
1 26 
1 26 
5 3867 4141 26 1466 1727 
2 144 26 
1 26 
3 787 26 3616 
3 2122 26 3098 
4 5362 26 138 2354 
5 4140 26 617 5539 2799 
1 27 
4 404 27 4350 5484 
2 27 4347 
3 27 662 2354 
2 27 4905 
3 3118 5170 27 
2 27 2415 
1 27 
2 27 1652 
3 1575 27 2834 
1 27 
2 4627 27 
3 478 5251 27 
2 1892 27 
1 27 
1 28 
3 1225 28 812 
2 1793 28 
3 2670 28 3511 
2 28 5247 
2 1209 28 
5 2303 28 4051 4633 4128 
2 4966 28 
2 3091 28 
2 3406 28 
2 3695 28 
3 1153 2655 28 
2 3968 28 
2 28 3242 
1 28 
4 28 1679 1032 372 
1 28 
1 29 
2 29 5013 
3 3615 4049 29 
1 29 
4 377 3049 4233 29 
2 4878 29 
1 29 
1 29 
2 4683 29 
2 3272 29 
2 1190 29 
2 5388 29 
2 2830 29 
1 29 
2 2510 29 
1 29 
4 3011 29 893 4596 
2 29 2224 
3 5140 4903 29 
4 3839 1273 4509 29 
2 715 29 
3 3153 1273 29 
2 30 1780 
2 2223 30 
3 2764 1314 30 
1 30 
3 2393 990 30 
2 1839 30 
1 30 
1 30 
1 30 
4 3203 1770 3022 30 
1 30 
2 1940 30 
4 3834 1299 30 1229 
3 2387 30 4054 
3 1847 4106 30 
4 4322 3304 357 30 
3 125 4236 30 
1 30 
2 3363 30 
3 1020 2715 30 
2 5352 30 
2 4391 30 
3 301 907 30 
1 30 
1 30 
1 30 
4 4797 4802 2500 30 
2 1548 30 
1 31 
1 31 
2 31 1514 
1 31 
4 31 5217 882 4067 
3 31 2516 4907 
2 31 2250 
3 31 164 1160 
1 31 
1 31 
3 31 2412 2736 
1 31 
2 31 3366 
1 31 
2 31 5072 
2 31 5014 
2 31 4973 
2 3384 31 
2 31 3519 
2 31 730 
2 31 4302 
2 32 5284 
3 32 96 4907 
5 32 463 4558 1082 3490 
2 32 2647 
3 32 312 410 
4 4277 32 3670 2458 
2 1873 32 
1 32 
2 32 126 
1 32 
2 32 503 
2 32 3297 
2 32 3033 
4 32 5033 5492 889 
1 32 
4 32 3912 4594 3421 
2 32 5295 
1 32 
2 3166 32 
1 32 
3 32 2495 1754 
3 32 1624 472 
2 32 2482 
2 32 3300 
2 33 5088 
1 33 
1 33 
2 33 4266 
4 33 3137 3614 2188 
1 33 
2 33 2853 
2 33 157 
1 33 
3 1304 33 5395 
2 33 3907 
1 33 
1 33 
2 33 2870 
1 33 
2 34 5322 
2 34 4871 
1 34 
2 34 789 
2 34 675 
2 34 3874 
1 34 
1 34 
2 34 4866 
1 34 
2 34 1869 
2 2577 34 
3 34 2015 2005 
1 34 
3 2975 34 1024 
2 34 2134 
4 34 507 4137 2430 
2 1111 34 
2 34 930 
2 34 693 
2 34 2188 
2 35 2427 
1 35 
2 35 284 
2 35 197 
3 4278 35 1682 
4 35 3989 5299 3708 
2 35 3759 
2 35 3949 
3 35 650 4373 
2 3387 35 
3 35 1073 394 
1 35 
3 3753 35 5370 
1 35 
2 35 2202 
1 35 
2 173 35 
1 35 
2 35 3159 
1 35 
4 4204 36 2900 2105 
3 36 1692 3551 
2 36 3546 
1 36 
2 36 2386 
3 36 1125 3549 
4 36 4069 665 1799 
2 36 767 
4 36 3698 1298 3038 
1 36 
1 36 
2 4718 36 
1 36 
1 36 
1 36 
1 36 
2 36 3202 
1 36 
2 3298 36 
3 36 129 3512 
2 36 4893 
5 36 899 1692 5255 2830 
3 36 1065 750 
1 36 
2 36 2889 
2 36 4188 
1 37 
1 37 
2 37 556 
3 172 37 1283 
3 1543 37 1925 
3 37 2653 5467 
2 37 4084 
1 37 
2 37 1954 
3 37 3043 4007 
1 37 
1 37 
3 37 3634 1162 
1 37 
1 37 
2 37 5428 
2 4741 37 
3 37 605 2795 
2 37 4465 
2 37 3486 
4 38 5170 1102 1727 
2 38 1747 
1 38 
2 38 5081 
2 38 5353 
2 38 4110 
4 38 5004 2643 4223 
2 38 981 
2 38 3043 
2 38 3590 
2 1807 38 
3 3561 38 5253 
2 38 4129 
2 38 2256 
2 39 2123 
3 39 2003 2252 
2 39 2348 
4 2330 39 3837 709 
2 39 2522 
2 39 4676 
1 39 
2 39 2629 
2 3028 39 
2 39 3021 
2 4952 39 
1 39 
2 1352 39 
3 39 2369 120 
1 39 
1 39 
1 39 
2 3630 39 
3 3171 39 4074 
1 39 
2 694 39 
3 1706 40 4470 
1 40 
2 40 1451 
1 40 
2 40 1647 
4 4136 4183 40 3569 
2 40 4897 
1 40 
2 40 4706 
1 40 
1 40 
1 40 
5 1848 40 266 136 45 
3 40 2456 4449 
2 40 3736 
3 40 3609 447 
5 4690 41 3159 1634 3729 
1 41 
2 41 2692 
2 41 500 
1 41 
2 649 41 
1 41 
1 41 
1 41 
4 4949 41 4421 1872 
1 41 
2 41 4698 
1 41 
2 41 4133 
1 42 
3 231 5556 42 
2 42 142 
1 42 
4 3662 5432 42 136 
1 42 
1 42 
2 42 3378 
1 42 
3 4950 42 2047 
1 42 
5 931 42 3185 4906 4340 
3 210 42 2480 
3 42 341 2248 
2 520 42 
2 2191 42 
2 438 42 
1 42 
1 42 
1 42 
1 43 
4 1066 3408 43 4111 
1 43 
5 3643 902 43 3021 4905 
1 43 
2 43 2912 
3 2734 43 2440 
1 43 
3 3195 43 3290 
1 43 
5 4300 3933 43 5370 5159 
3 44 4550 1840 
1 44 
3 4478 44 1527 
2 4175 44 
1 44 
2 4084 44 
4 5033 5583 44 1368 
2 3843 44 
2 4349 44 
4 4366 44 4941 3836 
1 44 
2 1631 44 
1 44 
1 44 
1 44 
1 44 
2 44 3921 
2 484 44 
3 1538 44 4127 
2 2374 44 
2 44 3150 
3 2635 44 4351 
1 44 
1 44 
2 5027 45 
2 1400 45 
3 45 3534 4808 
2 5132 45 
1 45 
1 45 
2 4321 45 
1 45 
3 5139 2350 45 
1 45 
3 5190 45 3221 
1 45 
5 1093 2532 918 45 2173 
1 45 
4 5237 45 2836 4775 
1 45 
1 45 
1 45 
1 45 
4 102 1204 3747 46 
1 46 
3 3639 4022 46 
2 1511 46 
2 46 2173 
1 46 
1 46 
1 46 
1 46 
3 4783 5257 46 
3 590 5329 46 
2 3779 46 
3 275 1556 46 
2 217 46 
1 46 
3 202 46 3772 
2 2641 46 
3 2863 620 46 
3 5269 4031 46 
2 312 46 
1 46 
3 4446 552 46 
1 46 
2 4288 46 
1 47 
2 4323 47 
2 1276 47 
3 3190 708 47 
1 47 
1 47 
3 821 1236 47 
3 5022 47 5265 
3 1339 5412 47 
2 1280 47 
1 47 
4 2807 4015 580 47 
2 1196 47 
2 86 47 
1 47 
1 48 
4 82 3700 48 4007 
2 3612 48 
1 48 
2 352 48 
2 3504 48 
1 48 
3 2841 865 48 
3 5494 3896 48 
2 1776 48 
4 3307 2640 165 48 
6 3712 3280 2906 4199 5015 48 
1 48 
2 3448 49 
2 1764 49 
1 49 
2 3602 49 
1 49 
2 1568 49 
2 664 49 
2 809 49 
3 3756 1937 49 
3 4023 2342 49 
2 971 49 
3 2380 131 49 
1 49 
2 3362 49 
1 49 
2 3074 49 
2 3998 49 
1 49 
1 49 
2 2896 49 
2 3617 49 
3 3958 397 49 
1 50 
1 50 
2 50 1209 
1 50 
1 50 
2 50 1192 
2 50 3706 
1 50 
1 50 
2 50 3687 
2 50 3105 
1 50 
4 50 5066 2027 2912 
2 50 4197 
1 50 
2 50 3979 
2 50 3993 
3 50 3363 3268 
2 50 4250 
1 50 
3 50 3940 988 
6 50 3122 1334 1828 981 4242 
1 50 
2 50 1932 
3 50 3814 2641 
2 51 934 
2 51 3639 
2 51 5510 
2 51 1098 
3 51 5326 5463 
2 51 4140 
5 51 3813 3842 2353 5017 
1 51 
2 51 3001 
1 51 
3 51 740 967 
2 51 5340 
2 51 4917 
1 51 
4 52 3014 2480 4376 
1 52 
3 52 5443 4429 
4 52 4837 966 62 
2 52 381 
3 52 562 1227 
3 52 2328 3599 
1 52 
2 52 2244 
1 52 
1 52 
3 52 1092 1524 
1 53 
2 53 1677 
2 53 1902 
1 53 
1 53 
1 53 
2 53 3516 
2 2955 53 
2 53 3435 
1 53 
1 53 
2 53 3989 
1 53 
3 2395 53 3403 
2 53 4993 
3 53 2894 1095 
2 53 3141 
2 53 3649 
2 53 4312 
3 4076 53 5180 
2 1144 53 
2 54 3095 
2 54 1104 
4 3137 54 2567 577 
1 54 
1 54 
2 54 4529 
3 54 660 4031 
1 54 
1 54 
3 1843 54 1138 
2 54 1434 
4 54 384 3992 5225 
1 54 
1 54 
3 54 1294 534 
3 54 4067 4676 
2 55 2339 
4 55 3849 2301 5283 
1 55 
1 55 
1 55 
4 488 5545 404 55 
1 55 
3 3779 55 4645 
3 55 3808 3513 
1 55 
3 55 2716 1408 
2 373 55 
2 55 4030 
1 55 
1 55 
1 55 
3 55 4351 4128 
2 4586 55 
3 55 4578 4199 
2 55 3804 
1 55 
2 55 3444 
1 55 
1 55 
1 55 
1 55 
3 4966 55 3696 
1 56 
3 4040 56 5192 
1 56 
3 56 4532 3596 
4 56 3725 1103 709 
3 819 56 5429 
3 56 4724 3439 
3 1153 56 1752 
2 56 2533 
1 56 
2 436 56 
1 56 
5 2801 5284 56 677 4858 
2 56 2797 
2 56 1327 
2 56 5415 
1 56 
2 56 5095 
1 56 
3 1788 4506 56 
2 56 2772 
2 609 56 
1 56 
1 56 
1 56 
2 2579 57 
1 57 
2 57 1557 
1 57 
2 57 4924 
2 57 1797 
2 57 996 
2 57 865 
2 57 3576 
2 57 1012 
1 57 
2 2974 57 
2 974 57 
4 3117 5578 3743 57 
1 57 
2 2086 57 
2 733 57 
3 1065 4985 57 
4 1019 3279 57 2923 
1 57 
3 3326 57 4811 
3 57 1739 2516 
1 58 
1 58 
1 58 
2 58 663 
1 58 
3 3976 58 4716 
1 58 
2 58 4357 
1 58 
2 3754 58 
2 58 4008 
3 5447 58 4191 
2 1906 58 
2 380 58 
3 1630 58 446 
2 3347 58 
3 232 112 58 
2 692 58 
3 5401 58 4565 
1 58 
2 58 2239 
1 58 
3 58 3550 4757 
1 58 
1 58 
1 58 
6 5130 1658 58 3960 4535 370 
1 58 
1 58 
1 58 
3 1027 58 5014 
2 4954 58 
1 58 
1 58 
3 1353 1887 58 
1 59 
2 59 1017 
2 4179 59 
1 59 
2 59 2223 
2 2380 59 
2 59 3938 
3 4849 4478 59 
1 59 
4 2702 5310 3156 59 
4 1655 1068 59 530 
1 59 
2 4084 59 
1 59 
5 3059 4267 59 1930 193 
2 3827 59 
1 59 
3 3077 593 59 
1 59 
4 2915 725 59 4725 
2 3393 60 
4 4141 60 269 4261 
2 2112 60 
2 60 1972 
2 60 5162 
3 60 3768 3598 
2 5152 60 
1 60 
3 1786 3276 60 
2 1353 60 
2 3083 60 
3 2341 60 1409 
2 5443 60 
3 2701 1260 60 
2 3194 60 
3 102 60 1213 
3 5553 1366 60 
1 60 
1 60 
1 61 
1 61 
3 3340 4321 61 
1 61 
2 3313 61 
1 61 
1 61 
3 5088 4018 61 
2 546 61 
2 416 61 
2 951 61 
3 3495 3922 61 
3 1734 3002 61 
3 3277 61 3474 
2 61 908 
1 61 
1 62 
2 5078 62 
2 62 3115 
1 62 
2 3774 62 
1 62 
2 872 62 
3 3750 3131 62 
1 62 
3 2152 116 62 
1 62 
3 948 524 62 
3 1732 62 5355 
2 1844 62 
3 4957 2573 62 
4 332 5296 1178 62 
1 62 
1 62 
2 3078 63 
1 63 
1 63 
2 5129 63 
2 1460 63 
3 3347 2638 63 
3 2286 4691 63 
2 3700 63 
1 63 
2 520 63 
1 63 
3 2304 990 63 
3 2207 5139 63 
4 3802 317 570 63 
1 63 
2 63 209 
1 64 
1 64 
1 64 
2 4025 64 
4 4329 2565 902 64 
1 64 
3 2176 2657 64 
2 1442 64 
2 2393 64 
2 1366 64 
1 64 
2 2583 64 
1 64 
3 2537 64 1955 
1 64 
2 2092 64 
2 65 204 
2 65 4547 
2 65 2302 
1 65 
1 65 
1 65 
1 65 
2 65 295 
2 65 3343 
1 65 
3 65 3830 5442 
2 65 3578 
2 65 1176 
1 65 
2 65 5228 
1 65 
1 65 
2 65 2030 
1 65 
1 65 
3 65 1319 3336 
1 65 
3 66 3920 152 
3 66 3080 1406 
2 66 2959 
4 66 5388 555 557 
2 66 4207 
2 66 3658 
3 898 66 5516 
4 66 2979 162 463 
2 66 5233 
1 66 
2 66 905 
4 66 318 3421 4340 
2 66 1796 
3 716 66 1892 
2 66 3221 
3 3118 66 1526 
1 66 
2 67 5207 
1 67 
2 67 1430 
1 67 
1 67 
1 67 
4 1846 67 3956 1678 
2 67 1032 
1 67 
2 67 182 
1 67 
4 67 2210 695 3390 
2 67 570 
2 67 2049 
4 2422 67 3561 2037 
2 67 2031 
2 3521 67 
2 68 640 
4 2972 68 4911 5027 
2 2760 68 
1 68 
2 3042 68 
3 68 3693 2756 
3 68 90 4112 
1 68 
2 68 4538 
1 68 
2 68 560 
3 1845 68 4905 
1 68 
4 68 3998 4163 1465 
2 68 5109 
4 3477 68 242 1268 
1 68 
1 68 
2 68 1767 
1 68 
1 68 
3 2229 68 480 
3 68 4781 286 
2 68 1075 
3 69 1635 3489 
2 69 4052 
4 69 5269 5368 3734 
1 69 
3 3813 69 1672 
2 69 441 
5 69 156 1716 967 4094 
2 69 2072 
3 69 1849 5012 
2 69 4777 
2 69 1737 
3 69 904 3352 
4 433 3168 69 5578 
2 69 2743 
2 69 3652 
1 69 
1 69 
1 69 
3 4585 69 4993 
1 69 
4 102 69 2061 4055 
2 69 4439 
1 69 
1 69 
2 70 759 
3 70 1172 1142 
2 70 5065 
4 1569 70 3468 3707 
2 4252 70 
2 402 70 
2 5423 70 
2 4080 70 
3 70 2627 3398 
4 253 4457 70 4311 
3 2068 70 283 
1 70 
2 70 2642 
2 4851 70 
3 70 1241 1179 
1 70 
3 835 70 1692 
1 70 
2 2893 70 
3 70 4862 2418 
1 70 
1 70 
2 1590 70 
3 4488 70 1667 
4 71 5385 3066 4415 
1 71 
3 71 2312 4219 
2 2043 71 
2 5290 71 
1 71 
3 2632 5444 71 
3 71 5390 1749 
3 71 5480 3707 
1 71 
1 71 
2 71 3456 
2 71 137 
1 71 
1 71 
1 71 
3 2727 3689 71 
1 71 
1 72 
1 72 
1 72 
2 1831 72 
1 72 
2 261 72 
3 854 72 3241 
2 2024 72 
1 72 
2 72 2597 
2 72 5319 
1 72 
2 1271 72 
3 1922 72 1524 
2 72 1044 
2 72 1174 
1 72 
2 72 185 
1 72 
3 5385 72 3957 
1 72 
4 72 2351 2318 5441 
2 73 135 
3 2651 73 5058 
1 73 
2 2087 73 
1 73 
4 3999 73 4500 4533 
2 73 3729 
2 73 2163 
1 73 
2 73 3209 
3 73 1584 4533 
2 73 5528 
3 1533 3155 73 
3 73 1486 4563 
3 1289 73 5312 
3 2470 73 3558 
4 4120 73 2100 3356 
2 3465 73 
2 73 1028 
2 73 3337 
1 73 
2 73 344 
3 3843 73 185 
3 3213 5411 74 
1 74 
1 74 
3 3927 1239 74 
1 74 
2 3431 74 
1 74 
1 74 
1 74 
1 74 
3 201 74 3789 
1 74 
5 770 2568 3154 74 76 
1 74 
2 318 74 
2 4684 74 
3 2588 74 3293 
1 74 
3 4606 146 75 
2 75 3037 
3 2054 4494 75 
3 1220 75 336 
6 1706 1654 2763 2847 5251 75 
1 75 
3 1659 75 1637 
1 75 
4 1317 4723 75 1679 
3 75 497 1496 
1 75 
1 75 
1 75 
1 75 
3 3669 75 3502 
2 3175 75 
1 75 
4 4984 264 3546 75 
2 1804 76 
2 5267 76 
2 76 3020 
2 2394 76 
2 76 5440 
4 4661 1768 76 4349 
3 76 224 5334 
1 76 
1 76 
2 76 3902 
1 76 
6 2305 2024 76 4089 1429 337 
1 76 
2 2581 76 
2 2642 76 
2 2042 76 
2 1859 76 
2 2640 76 
1 76 
2 76 370 
1 76 
2 1466 76 
1 77 
2 3984 77 
3 437 77 1780 
3 3988 409 77 
2 4555 77 
2 2780 77 
2 2566 77 
1 77 
1 77 
2 3032 77 
1 77 
2 2229 77 
1 77 
3 3828 3368 78 
3 875 78 4844 
3 3242 1646 78 
1 78 
4 588 78 4774 1605 
2 4235 78 
2 1970 78 
1 78 
1 78 
1 78 
3 424 3097 78 
2 5200 78 
3 4602 78 3960 
2 4805 78 
4 1656 1407 78 996 
3 2809 3207 78 
2 78 1285 
3 831 167 78 
3 2727 1578 79 
4 2581 5135 79 418 
1 79 
2 79 2483 
3 253 4362 79 
3 4567 1428 79 
2 2769 79 
2 5429 79 
1 79 
3 1982 2242 79 
2 847 79 
1 79 
1 79 
3 3092 2162 79 
2 4326 79 
2 717 80 
2 4606 80 
2 4985 80 
3 1608 4938 80 
1 80 
3 3845 80 585 
2 80 343 
3 4041 4677 80 
2 153 80 
1 80 
2 1818 80 
3 85 4127 80 
1 80 
4 884 317 2876 80 
2 1088 80 
3 1996 4016 80 
4 4228 3479 3952 80 
1 80 
1 80 
3 2870 80 3269 
1 80 
1 80 
3 2777 3572 81 
4 1659 5188 3377 81 
4 4065 5256 2675 81 
2 929 81 
2 1355 81 
1 81 
2 2731 81 
2 1744 81 
2 3404 81 
2 81 4034 
2 513 81 
2 4644 81 
3 4308 1932 81 
2 1528 81 
1 81 
2 1609 81 
3 287 5556 81 
1 81 
2 81 3793 
3 1948 1426 81 
1 81 
2 2986 81 
4 348 3758 225 81 
3 321 5261 81 
2 82 4381 
5 2229 82 2119 1374 2338 
6 82 2193 2919 3279 2929 4449 
2 82 3787 
1 82 
2 82 2082 
2 82 2389 
1 82 
2 82 4813 
2 82 4457 
2 82 4028 
1 82 
1 82 
1 82 
1 82 
1 82 
2 82 1514 
3 82 2407 2681 
2 82 3746 
2 83 1546 
2 83 1580 
3 83 1989 1819 
2 83 321 
2 83 2804 
2 83 1624 
4 83 2414 2435 4551 
3 83 105 1992 
1 83 
3 83 2488 5007 
1 83 
2 83 2121 
2 83 3291 
2 83 1876 
2 83 2237 
3 83 4965 2339 
3 83 1613 628 
2 83 4069 
1 84 
2 84 3720 
4 84 224 3880 4243 
2 84 2767 
3 84 1122 1998 
2 84 840 
1 84 
2 84 3917 
3 784 84 3884 
3 1328 84 2235 
2 84 5416 
4 84 2423 1463 2773 
1 85 
2 85 4120 
3 2191 85 5388 
2 85 2652 
2 85 5371 
2 85 4749 
1 85 
2 85 3749 
3 1512 85 5467 
2 85 772 
1 85 
2 85 4818 
1 85 
1 85 
2 85 512 
1 85 
3 86 1461 4669 
4 86 1153 1827 3856 
3 86 3301 1524 
3 86 150 4293 
4 86 5148 1134 4133 
5 1566 86 1463 2199 4929 
1 86 
3 86 1679 4007 
1 86 
2 86 1727 
1 86 
2 86 2200 
3 86 2823 2859 
4 86 2889 1853 1375 
1 86 
3 86 3627 1810 
4 3626 3429 87 2014 
2 87 2026 
2 1332 87 
2 3062 87 
1 87 
2 1761 87 
1 87 
3 998 87 237 
2 87 1293 
5 87 1661 1465 4107 534 
1 87 
3 87 2381 3878 
3 87 671 2157 
1 88 
1 88 
2 4982 88 
2 88 1778 
2 88 3420 
1 88 
4 3229 5545 88 1999 
1 88 
2 4202 88 
6 688 88 5239 4068 1368 708 
1 88 
1 88 
2 88 3593 
2 88 3580 
2 88 2430 
1 88 
2 88 1704 
4 2954 5574 88 5332 
2 1846 88 
1 88 
2 88 443 
2 88 1699 
1 89 
4 768 1461 2451 89 
2 89 2720 
1 89 
2 5135 89 
2 89 1772 
3 2287 5430 89 
3 3524 89 134 
1 89 
1 89 
2 89 245 
3 1334 89 5351 
1 89 
3 5197 89 4731 
4 3249 2064 89 3752 
4 5338 1737 89 4537 
2 3373 89 
2 4555 89 
3 2577 89 5464 
2 5580 89 
1 89 
1 89 
5 733 1849 89 1663 497 
3 3844 5408 89 
6 276 5051 89 2101 4004 2759 
1 90 
2 4969 90 
3 4741 1210 90 
1 90 
5 3888 5427 4326 90 1194 
2 4625 90 
1 90 
4 1338 90 2738 1720 
1 90 
6 2420 5475 90 4147 3355 1107 
1 90 
2 90 5374 
1 90 
1 90 
3 1572 2898 90 
2 90 3878 
2 3151 90 
3 734 426 90 
1 90 
4 5251 1383 90 4430 
1 90 
3 4918 3748 90 
2 1068 90 
3 2270 90 3056 
3 5475 90 627 
4 4617 90 2166 2790 
2 3024 90 
1 90 
2 3030 90 
2 90 2860 
1 91 
2 1675 91 
2 276 91 
1 91 
3 925 484 91 
1 91 
1 91 
3 91 4048 1322 
3 1480 3974 91 
1 91 
2 567 91 
1 91 
4 3717 1710 4235 91 
1 91 
3 4994 91 371 
2 3180 91 
4 2332 91 920 4052 
2 91 2171 
3 1686 91 5569 
1 91 
4 558 1499 3748 91 
2 314 91 
3 4568 4895 92 
2 4400 92 
3 1878 92 2439 
1 92 
3 1171 5239 92 
1 92 
3 3750 92 1080 
2 92 2436 
1 92 
2 92 2476 
1 92 
2 521 92 
2 5073 92 
3 4748 92 3508 
3 3800 92 1282 
3 1091 92 2877 
2 92 4375 
3 3739 693 92 
1 92 
2 2391 93 
3 2564 4764 93 
1 93 
4 1475 386 93 4825 
1 93 
1 93 
2 93 743 
1 93 
2 3412 93 
2 93 1669 
1 93 
1 93 
3 178 3854 93 
1 93 
2 493 93 
2 5150 93 
2 93 4581 
2 1553 93 
2 1610 93 
1 93 
2 93 2522 
3 175 2410 93 
2 2256 93 
2 94 2336 
4 5037 94 369 2418 
2 117 94 
3 1655 94 5395 
3 94 2102 967 
1 94 
4 5379 5360 1883 94 
2 1397 94 
1 94 
1 94 
1 94 
1 94 
3 204 3069 94 
2 5132 94 
1 94 
3 563 3482 94 
2 829 94 
2 95 4682 
2 4402 95 
4 127 441 1027 95 
2 1211 95 
3 1315 95 2459 
3 1293 95 1701 
5 4248 5290 572 95 4154 
3 780 95 3512 
4 1336 95 248 1727 
1 95 
1 95 
2 3895 95 
2 95 1667 
1 95 
1 96 
1 96 
1 96 
4 2504 3063 2433 96 
3 96 1491 2204 
5 3393 4803 96 2127 3824 
1 96 
2 3802 96 
3 4660 96 3812 
1 96 
1 96 
1 96 
2 2277 96 
1 96 
4 4867 5049 656 96 
4 2070 3433 96 4534 
1 96 
3 3204 793 96 
2 613 97 
2 3401 97 
2 97 3702 
3 3931 97 1621 
2 97 2643 
3 1784 3761 97 
1 97 
4 255 2424 2143 97 
1 97 
1 97 
3 106 1830 97 
2 97 2597 
2 2002 97 
1 97 
3 2923 97 1142 
3 4921 3019 97 
2 97 3223 
2 97 3509 
1 97 
3 97 517 1283 
3 461 5041 97 
2 2850 97 
2 5055 97 
1 97 
2 4028 97 
1 97 
3 5382 4578 97 
2 97 2554 
1 97 
3 999 97 3534 
1 97 
1 98 
2 4461 98 
2 1120 98 
2 2738 98 
3 5054 98 151 
2 2972 98 
1 98 
1 98 
1 98 
2 216 98 
2 98 3596 
1 98 
1 98 
3 1970 3067 98 
1 99 
1 99 
3 4718 4014 99 
2 99 3708 
3 2668 1407 99 
1 99 
2 197 99 
2 717 99 
2 99 3226 
2 5195 99 
1 99 
2 2714 99 
4 1157 4498 2478 99 
2 3406 99 
6 328 2826 4722 1577 99 969 
1 99 
1 99 
2 3113 100 
2 5008 100 
3 2256 932 100 
3 2191 4765 100 
4 3275 2119 5564 100 
4 569 4957 5261 100 
1 100 
2 3384 100 
2 2162 100 
1 100 
2 3181 100 
2 2584 100 
2 4023 100 
2 1584 100 
1 100 
1 100 
1 100 
2 2594 100 
1 100 
5 721 2539 2775 4098 100 
3 2076 1245 100 
2 3823 100 
2 101 3674 
2 101 4530 
2 101 4700 
3 101 3175 2006 
2 101 3572 
2 101 3528 
2 101 2397 
1 101 
2 101 4063 
1 101 
2 101 4010 
1 101 
4 101 4579 3729 2840 
3 101 1516 1917 
1 101 
3 101 1166 3958 
1 101 
2 101 3236 
1 101 
1 101 
2 101 3046 
2 101 349 
2 101 2460 
2 101 2221 
2 101 5395 
3 102 329 1537 
1 102 
1 102 
3 102 335 417 
1 102 
1 102 
2 102 4554 
2 102 1610 
1 102 
2 102 2939 
3 102 1615 4840 
1 102 
3 102 349 3956 
1 102 
6 102 3250 4266 4916 1558 2912 
3 102 4569 3869 
3 102 1630 3375 
2 102 1689 
2 102 5368 
3 102 3335 4484 
3 2083 102 1885 
3 102 748 3173 
2 102 244 
3 102 5038 658 
2 102 1960 
1 102 
3 102 2955 4839 
1 102 
2 102 3144 
2 103 3767 
3 103 3737 346 
2 103 3879 
2 103 1670 
2 103 658 
3 103 5572 5560 
2 103 2059 
1 103 
1 103 
2 2039 104 
1 104 
5 104 4382 5115 4990 2033 
1 104 
3 104 1401 1486 
1 104 
2 104 1671 
3 104 958 333 
2 104 4499 
2 104 4191 
4 104 5133 1265 3072 
3 104 2183 1302 
1 104 
3 104 2022 3678 
1 104 
1 104 
2 104 5270 
3 104 3286 1301 
1 105 
3 2020 105 157 
3 2883 105 2159 
4 105 2428 4044 4939 
2 105 1490 
2 105 1379 
2 105 4930 
1 105 
2 105 2185 
4 105 807 4879 5241 
2 105 441 
2 105 1300 
1 105 
1 106 
2 106 305 
4 106 4547 5138 4113 
2 106 1459 
1 106 
3 2190 2885 106 
2 106 4407 
3 106 459 4978 
3 106 2017 2664 
3 2988 106 2314 
3 2403 106 1348 
3 107 2620 5016 
1 107 
2 107 1719 
2 107 3444 
1 107 
2 107 383 
4 107 1362 3580 4580 
1 107 
2 107 1870 
1 107 
3 107 2584 1335 
1 107 
3 107 2512 3533 
1 107 
3 4250 107 1955 
2 107 3450 
2 4368 107 
2 5000 107 
1 107 
2 107 2143 
2 107 1594 
3 108 2002 3266 
3 108 5168 5190 
3 2697 108 3938 
4 4281 108 4483 1101 
3 1419 108 5223 
2 3862 108 
6 2801 2727 108 461 2909 454 
5 2524 108 4188 3100 2480 
1 108 
3 3194 108 1247 
2 108 2809 
1 108 
1 108 
1 108 
1 108 
1 108 
1 108 
3 5378 108 1432 
3 108 4143 1729 
3 108 1828 4324 
1 108 
2 108 3292 
2 687 108 
1 108 
2 108 4190 
1 108 
1 108 
1 108 
2 109 3835 
4 1165 109 361 5453 
1 109 
2 109 3349 
1 109 
2 109 2122 
1 109 
2 4300 109 
5 1590 4158 1939 109 3065 
4 109 3575 4531 4732 
6 4702 109 233 4085 1619 4030 
3 2116 109 501 
3 747 109 295 
1 109 
2 4742 109 
1 109 
3 109 2529 1860 
5 4598 3231 109 5465 4377 
2 109 2718 
1 109 
2 110 3961 
1 110 
2 110 468 
5 4816 110 3311 661 4112 
1 110 
3 110 2754 5591 
1 110 
1 110 
1 110 
2 5443 110 
4 3718 3628 110 2755 
1 110 
3 1880 110 2081 
2 110 3623 
1 110 
2 110 3240 
2 110 4995 
2 110 2474 
1 111 
2 4077 111 
1 111 
2 1207 111 
2 111 4198 
1 111 
2 111 2708 
2 111 2856 
2 111 1682 
2 2341 111 
2 2040 111 
2 2394 111 
1 111 
3 111 1943 1541 
4 3168 3014 111 1423 
1 111 
1 111 
4 111 3616 1755 2521 
2 2468 111 
1 111 
3 5320 111 5064 
3 330 111 3179 
4 4966 111 3283 1777 
2 111 2205 
3 876 111 865 
2 112 3036 
1 112 
2 112 1238 
1 112 
1 112 
4 5153 112 5559 2312 
2 112 5279 
1 112 
4 2865 112 4240 2281 
3 112 2031 4516 
2 112 3267 
2 112 2046 
2 112 4955 
1 112 
4 635 112 4152 666 
2 112 3022 
3 3109 113 2056 
4 1640 1938 113 813 
1 113 
4 1591 113 3034 3812 
1 113 
4 2684 4586 3305 113 
2 113 202 
2 113 3533 
2 4323 113 
2 1659 113 
4 3838 113 3802 1665 
1 113 
3 3645 113 681 
1 113 
3 4385 1859 113 
3 113 148 2172 
2 113 5394 
2 114 1228 
2 3986 114 
1 114 
3 114 1298 5079 
4 2977 3063 114 2338 
1 114 
4 5496 114 3980 3101 
1 114 
2 3872 114 
2 114 5441 
1 114 
2 5066 114 
1 114 
3 356 114 4594 
3 5550 114 1980 
2 4885 114 
4 559 1147 114 3285 
2 114 553 
4 3342 114 394 5502 
1 114 
2 5151 114 
1 115 
5 1590 3408 115 1325 1508 
2 3461 115 
1 115 
1 115 
1 115 
4 3344 5556 115 2659 
2 115 1635 
2 4458 115 
3 3613 115 1622 
3 115 4774 4581 
3 115 1128 166 
1 115 
1 115 
5 3365 2699 115 1537 4518 
3 115 5590 5370 
4 3389 5408 115 993 
3 3328 115 4793 
3 2670 3747 115 
2 5066 115 
3 115 811 4805 
1 115 
3 376 592 115 
2 200 115 
6 5248 748 4406 4143 115 3836 
1 116 
4 3607 4859 116 2665 
1 116 
4 1937 116 1823 746 
1 116 
1 116 
2 4747 116 
2 4492 116 
2 2397 116 
1 116 
3 116 3111 4152 
2 4474 116 
2 4954 117 
2 117 2738 
4 117 5009 2613 3459 
1 117 
2 3174 117 
4 117 1753 3185 2597 
2 117 4434 
1 117 
3 5383 117 2720 
3 5195 117 4698 
2 2778 117 
1 117 
3 1867 117 123 
3 4229 2455 117 
1 117 
2 117 5297 
3 5311 2182 117 
2 117 5540 
1 117 
1 117 
1 117 
5 3322 143 1222 118 5191 
3 1711 118 300 
3 5083 118 4943 
1 118 
1 118 
1 118 
1 118 
2 4064 118 
3 4572 2941 118 
1 118 
1 118 
2 118 166 
2 2543 118 
1 118 
2 118 207 
4 1035 242 118 487 
2 1250 118 
3 4398 525 119 
2 1227 119 
3 4762 1486 119 
1 119 
1 119 
1 119 
2 3036 119 
1 119 
2 240 119 
4 1378 2179 4575 119 
2 275 119 
2 119 2060 
1 119 
2 119 3926 
2 5407 119 
2 119 1415 
2 4265 119 
1 119 
2 119 3460 
2 4951 120 
3 120 3514 3515 
2 4521 120 
1 120 
2 2349 120 
1 120 
4 4762 991 120 3558 
1 120 
3 750 151 120 
1 120 
2 1776 120 
1 120 
1 120 
1 120 
2 1824 120 
2 4976 120 
4 1590 2211 4191 120 
3 1034 1623 120 
2 3904 121 
3 2158 1174 121 
4 4540 933 3977 121 
1 121 
2 2777 121 
1 121 
1 121 
3 2621 121 2599 
3 749 5137 121 
4 2326 484 3916 121 
2 861 121 
2 121 1415 
1 121 
3 4985 977 121 
3 507 502 121 
1 121 
2 3286 122 
3 4076 3951 122 
2 353 122 
1 122 
1 122 
3 3048 122 2681 
3 2824 122 5300 
1 122 
2 2489 122 
2 3822 122 
4 5530 4211 5366 122 
1 122 
1 122 
3 4282 760 122 
2 3474 122 
2 3440 122 
2 3222 122 
4 130 4373 123 4776 
5 4689 2414 848 2709 123 
1 123 
1 123 
1 123 
3 4379 3048 123 
3 4460 123 2522 
3 1148 935 123 
2 1681 123 
1 123 
1 123 
2 3272 123 
2 4976 123 
3 691 3938 123 
4 3795 4543 571 123 
1 123 
2 1595 123 
1 123 
3 1801 4185 124 
1 124 
3 562 1240 124 
5 2617 1478 4303 2160 124 
3 5266 1010 124 
1 124 
3 1963 2261 124 
2 5151 124 
1 124 
1 124 
2 125 4935 
1 125 
2 125 2061 
3 4247 125 3645 
1 125 
2 4583 125 
3 125 4105 1606 
4 125 5521 3638 2665 
2 3041 125 
2 125 1822 
1 125 
2 125 596 
2 125 2779 
3 125 2374 1614 
3 125 510 5416 
2 125 3977 
2 4795 125 
4 4362 125 1825 1371 
1 125 
3 232 126 1739 
3 3271 3029 126 
2 126 1301 
3 126 4021 1637 
2 126 1880 
2 5361 126 
1 126 
2 667 126 
3 4779 2041 126 
2 126 5070 
4 126 1697 662 4218 
2 3795 126 
1 126 
3 1858 126 2689 
1 126 
3 4892 126 1614 
2 1789 126 
1 126 
2 126 5467 
2 1784 126 
3 126 824 2722 
3 126 4993 3669 
2 126 2637 
2 126 3241 
1 126 
1 126 
1 126 
1 127 
1 127 
1 127 
1 127 
2 1706 127 
1 127 
1 127 
1 127 
3 127 4305 2278 
3 127 4769 781 
1 127 
2 612 127 
3 1845 127 2663 
2 127 1979 
2 127 5174 
1 127 
1 128 
1 128 
1 128 
2 128 5045 
1 128 
2 128 2167 
2 128 2742 
2 128 1431 
3 4458 128 3817 
1 128 
1 128 
2 128 2148 
2 128 4413 
3 2866 1791 128 
2 3755 128 
3 2526 128 1930 
2 128 413 
7 4176 2727 985 4489 2090 128 810 
2 3967 128 
4 2526 2651 128 629 
3 1531 128 4714 
1 129 
2 2844 129 
1 129 
1 129 
2 1617 129 
2 129 2364 
2 5573 129 
2 254 129 
1 129 
3 2631 129 4255 
2 5003 129 
4 2938 4424 129 627 
2 129 5281 
1 129 
1 129 
2 129 3653 
4 3603 129 4460 584 
1 129 
2 2507 130 
2 130 5265 
3 4057 1858 130 
2 130 4070 
2 4588 130 
2 2502 130 
1 130 
1 130 
2 130 550 
1 130 
2 130 2074 
3 130 2660 5354 
1 130 
2 130 3640 
4 591 130 4806 1107 
2 130 4243 
2 130 3022 
1 130 
2 130 2945 
3 130 2166 5108 
6 2379 751 5006 130 1821 3248 
1 130 
3 2090 5424 131 
1 131 
3 131 2478 2482 
2 2991 131 
1 131 
3 131 2721 2127 
2 3140 131 
1 131 
2 865 131 
3 1069 131 3179 
3 4816 131 4222 
2 3634 131 
2 131 5388 
2 131 1245 
1 131 
3 5234 131 1954 
1 131 
2 257 131 
1 131 
2 132 2298 
1 132 
1 132 
5 4946 3693 4515 132 3579 
2 5120 132 
1 132 
1 132 
1 132 
1 132 
4 132 2659 2926 5437 
1 132 
2 132 1900 
3 427 3451 132 
1 132 
1 132 
2 375 132 
2 133 3508 
1 133 
1 133 
1 133 
2 4638 133 
2 1802 133 
5 1236 133 3895 2774 306 
3 4922 1503 133 
3 1020 3304 133 
2 133 1451 
1 133 
2 2578 133 
1 133 
1 133 
2 133 1212 
2 5092 133 
2 3194 133 
1 133 
3 657 134 1723 
2 2570 134 
3 1086 2703 134 
3 5183 134 4650 
4 1529 4265 134 1488 
1 134 
3 3373 134 1243 
4 1946 134 2705 2072 
2 235 134 
2 4459 134 
1 134 
2 134 1455 
3 5555 4428 134 
2 463 134 
1 134 
1 134 
2 4361 134 
4 134 221 1952 3459 
2 134 4005 
2 3745 134 
4 1884 2270 134 1403 
3 3875 5585 134 
3 3448 2347 134 
1 134 
2 3987 134 
2 135 4804 
3 3692 135 5259 
2 3874 135 
2 135 5469 
1 135 
1 135 
1 135 
2 2883 135 
2 3572 135 
2 3689 135 
1 135 
2 2267 135 
1 135 
2 135 4311 
4 3888 3891 135 4050 
2 2394 136 
1 136 
1 136 
4 2062 3575 136 3454 
2 2347 136 
2 3952 136 
3 136 5174 3487 
2 5232 136 
1 136 
1 136 
3 1360 136 3339 
3 4671 136 5257 
5 3302 754 136 3551 5259 
1 137 
3 2493 2855 137 
2 1382 137 
3 4266 3699 137 
1 137 
2 137 850 
1 137 
2 137 2442 
3 1221 137 4699 
1 137 
5 317 137 921 1492 5540 
4 2666 888 137 970 
4 1364 137 1489 432 
3 1877 739 137 
1 137 
2 4540 137 
1 137 
4 5000 610 3262 138 
1 138 
2 138 4094 
1 138 
5 3713 1417 4986 138 2482 
2 1641 138 
2 718 138 
2 172 138 
2 530 138 
1 138 
2 1238 138 
3 4785 5142 138 
3 2234 138 2552 
2 2513 138 
1 138 
2 3342 138 
3 4765 2459 138 
4 4266 5076 138 2059 
4 2254 2408 138 3105 
2 2641 139 
1 139 
2 1922 139 
2 4426 139 
3 522 139 2246 
2 5589 139 
2 139 487 
1 139 
1 139 
3 3424 1567 139 
4 5529 4929 139 472 
1 139 
2 3797 139 
1 139 
1 139 
3 2361 139 1606 
1 139 
2 140 487 
5 3403 2195 140 4883 5301 
1 140 
2 5253 140 
1 140 
2 140 3516 
2 2433 140 
2 2746 140 
1 140 
2 786 140 
1 141 
1 141 
1 141 
1 141 
2 2085 141 
1 141 
3 5097 2242 141 
4 4400 4648 4337 141 
4 4177 1176 368 141 
3 1152 4080 141 
2 2579 141 
1 141 
4 2973 2584 4170 141 
3 3835 141 3444 
2 4793 141 
2 2155 141 
2 2374 141 
1 141 
1 142 
3 4492 4924 142 
1 142 
3 1929 5163 142 
5 5217 577 2836 4700 142 
3 4402 1044 142 
1 142 
3 5447 2129 142 
1 142 
3 1707 2273 142 
2 2529 142 
2 2440 142 
4 3984 3744 3055 142 
1 142 
2 3151 143 
3 5019 143 4483 
6 1528 143 2089 4120 2480 1392 
1 143 
2 143 3471 
2 143 4244 
3 143 1571 4442 
1 143 
3 3151 143 5328 
2 143 824 
1 143 
2 143 596 
2 143 4209 
4 143 2266 1907 1737 
2 143 215 
1 143 
1 143 
2 143 2469 
3 143 1341 204 
1 144 
1 144 
2 144 2690 
1 144 
1 144 
2 144 2872 
2 144 5460 
1 144 
1 144 
2 144 3132 
3 144 2136 4064 
2 144 2141 
3 144 1309 5134 
1 144 
2 144 4496 
3 3118 144 1729 
2 1306 145 
2 145 4448 
1 145 
2 1461 145 
3 2803 560 145 
1 145 
2 145 5450 
2 1629 145 
2 2894 145 
2 1534 145 
1 145 
1 145 
3 2991 145 1081 
4 380 3606 145 1637 
2 2565 145 
3 145 4350 1954 
1 146 
4 1565 2344 3405 146 
3 146 4801 2275 
2 146 2413 
3 4950 1502 146 
1 146 
2 146 3920 
1 146 
2 146 5453 
1 146 
5 5131 4829 146 3095 3056 
3 3625 146 3218 
1 146 
2 2996 146 
3 146 1755 3653 
3 2897 146 4725 
3 2821 146 5312 
1 146 
3 172 3343 146 
3 146 730 4341 
1 146 
3 146 1074 5283 
2 3927 146 
2 146 503 
3 5421 4183 147 
3 2089 1073 147 
2 235 147 
3 4568 2764 147 
2 1612 147 
2 4889 147 
1 147 
4 4795 147 907 2861 
1 147 
6 173 2093 4575 147 1525 4996 
1 147 
1 147 
1 147 
1 147 
1 147 
1 147 
1 147 
3 3759 5389 147 
2 3888 147 
1 147 
2 445 147 
2 148 2792 
2 148 5525 
2 148 1666 
2 2362 148 
1 148 
3 3798 148 1932 
1 148 
1 148 
2 148 3958 
3 548 148 708 
1 148 
1 148 
4 5248 5464 148 5189 
3 513 4460 148 
2 4117 148 
3 2715 867 148 
1 148 
2 4305 148 
1 148 
3 4075 1969 148 
2 918 149 
3 5276 4802 149 
1 149 
2 2485 149 
1 149 
1 149 
2 1461 149 
2 362 149 
1 149 
5 3845 3275 1894 149 5043 
1 149 
1 149 
2 637 149 
1 149 
2 2631 149 
5 3402 3799 2156 4441 149 
1 149 
1 149 
2 1666 149 
2 149 1759 
3 3360 2807 149 
1 149 
2 889 150 
1 150 
2 2182 150 
2 2476 150 
2 3892 150 
1 150 
1 150 
5 4686 3393 150 644 1562 
1 150 
2 2749 150 
1 150 
2 5363 150 
1 150 
2 1556 150 
3 4746 150 1797 
2 5218 150 
1 150 
1 150 
2 4539 150 
2 2971 151 
3 2040 2609 151 
2 4713 151 
4 4946 2056 3731 151 
3 425 5060 151 
2 279 151 
2 5120 151 
3 1667 151 711 
1 151 
2 5284 151 
1 151 
2 1370 151 
3 1012 2768 151 
1 151 
2 151 943 
2 2791 151 
3 1744 151 5246 
1 151 
3 687 3528 151 
3 4010 5507 151 
2 151 5456 
2 3530 151 
1 151 
1 151 
3 4946 151 922 
2 3571 151 
2 4324 151 
2 2089 151 
1 151 
1 151 
5 823 958 1996 387 151 
2 5172 151 
1 152 
4 4003 152 3319 1162 
3 5248 5556 152 
2 4061 152 
2 3618 152 
4 1591 4939 246 152 
4 5286 3762 152 5518 
2 4468 152 
1 152 
3 1887 1104 152 
2 4552 152 
1 152 
3 3805 2552 152 
1 152 
1 152 
2 1591 152 
3 3585 240 152 
1 152 
3 3411 152 4736 
1 152 
2 153 3211 
1 153 
2 153 4739 
1 153 
4 153 4041 387 2495 
3 153 3028 1991 
1 153 
2 153 2294 
4 153 437 3999 3572 
2 153 4055 
2 153 3463 
3 153 5202 2520 
2 153 361 
2 153 3955 
1 153 
1 153 
1 153 
1 153 
1 153 
1 153 
2 154 1700 
4 154 423 1004 2008 
1 154 
3 154 3300 3909 
1 154 
2 1272 154 
1 154 
3 4398 3384 154 
1 154 
1 154 
2 154 4972 
3 154 5005 3729 
1 154 
1 154 
3 154 5253 186 
1 154 
1 154 
2 2882 155 
4 1305 2977 155 1909 
2 155 2705 
2 155 1097 
3 172 155 660 
2 155 5383 
4 2972 155 2211 4069 
3 155 4410 4787 
2 155 1277 
1 155 
4 155 5409 5277 4449 
1 155 
1 155 
1 155 
2 4177 155 
2 155 1586 
1 156 
2 156 2060 
1 156 
1 156 
3 2527 156 2772 
1 156 
1 156 
1 156 
1 156 
2 156 2789 
1 156 
1 156 
3 3028 156 322 
2 156 393 
3 156 979 5567 
2 156 1194 
1 156 
2 156 4050 
1 156 
1 156 
1 156 
2 156 3354 
2 157 3885 
2 328 157 
2 157 552 
2 157 3636 
2 4459 157 
3 985 157 2163 
2 157 5237 
2 5545 157 
1 157 
2 157 5260 
5 4965 3645 157 1888 4110 
2 1477 157 
4 821 259 157 756 
6 157 567 4268 3393 2518 2189 
2 157 3960 
2 158 1756 
3 158 5408 5592 
2 158 5241 
1 158 
7 3139 2939 2999 158 261 4525 755 
3 2421 3712 158 
2 158 1758 
1 158 
2 158 1506 
3 158 3875 619 
3 2193 158 3934 
2 380 158 
3 2174 158 2309 
2 1458 158 
3 158 695 4859 
1 158 
1 159 
2 159 2409 
2 1308 159 
3 722 159 741 
2 5492 159 
2 159 3973 
3 4621 159 1977 
1 159 
4 2378 159 2361 4844 
2 540 159 
2 159 3894 
1 159 
1 159 
2 159 238 
2 159 4066 
2 159 2723 
4 194 159 2786 1753 
2 160 4777 
1 160 
2 160 1157 
2 160 4127 
1 160 
2 160 1673 
3 2211 1858 160 
2 3121 160 
2 2119 160 
3 1376 5269 160 
3 5573 160 1917 
1 160 
3 160 1836 3654 
1 160 
1 160 
3 160 2030 4677 
1 160 
2 161 939 
2 401 161 
1 161 
2 161 1160 
3 1216 161 3267 
1 161 
2 1271 161 
1 161 
1 161 
2 161 1173 
1 161 
2 161 4875 
1 161 
2 4522 161 
2 4231 161 
2 5112 161 
1 161 
2 161 527 
3 161 4411 1541 
2 5236 161 
1 161 
3 1018 161 2786 
1 161 
3 5427 161 1520 
3 4916 161 501 
2 161 227 
2 2090 161 
2 2213 161 
2 3346 161 
2 161 4006 
1 161 
3 956 161 2665 
1 161 
1 161 
3 4228 162 4009 
2 2190 162 
1 162 
3 162 4018 2263 
2 162 5121 
3 1935 3561 162 
3 4184 162 5220 
3 1200 162 3454 
1 162 
2 163 1099 
6 4116 509 163 3978 2759 1285 
3 4105 163 4153 
2 163 221 
2 3064 163 
3 163 3917 967 
2 3282 163 
1 163 
1 163 
1 163 
2 4567 163 
1 163 
1 163 
1 163 
2 1205 163 
3 4511 2753 163 
2 163 3266 
1 163 
2 163 5375 
2 164 4927 
4 1020 635 4976 164 
1 164 
3 3709 3028 164 
3 2530 164 3225 
2 164 1013 
1 164 
2 164 4771 
2 164 2010 
1 164 
1 164 
2 260 164 
2 3844 164 
1 164 
2 164 849 
5 2725 406 2733 1746 165 
1 165 
4 5576 295 165 557 
2 165 1451 
3 1428 165 344 
3 1152 165 3734 
1 165 
2 165 3531 
4 784 383 165 685 
1 165 
2 3867 165 
1 165 
2 5152 165 
2 4384 165 
3 3841 4721 166 
2 166 625 
2 166 3679 
3 1340 2163 166 
2 3689 166 
2 5040 166 
2 166 765 
2 3606 166 
2 2003 166 
3 2269 411 166 
5 1960 166 4125 324 1472 
1 166 
1 166 
2 4266 166 
3 2533 166 2170 
2 166 1775 
3 1945 5172 166 
1 166 
2 4946 166 
3 4114 166 4612 
3 809 2270 166 
2 166 5110 
1 166 
1 167 
1 167 
2 899 167 
1 167 
1 167 
1 167 
4 2092 167 1177 2575 
2 167 826 
2 3956 167 
3 3257 167 4790 
1 167 
2 167 192 
1 167 
1 167 
2 167 703 
3 567 167 3270 
3 3608 167 1872 
1 167 
1 167 
2 1525 167 
1 167 
2 1425 167 
1 167 
3 2934 4428 167 
1 168 
2 1439 168 
2 4561 168 
1 168 
1 168 
2 3507 168 
2 2787 168 
1 168 
1 168 
5 4797 863 472 1284 168 
2 168 2372 
2 1889 168 
1 168 
3 3140 3482 168 
2 1926 168 
1 169 
1 169 
2 1689 169 
1 169 
2 2128 169 
1 169 
2 5421 169 
2 169 4340 
1 169 
2 1974 169 
1 169 
1 169 
1 169 
2 2146 169 
3 1400 2443 169 
3 1512 532 169 
1 169 
1 169 
1 169 
1 169 
1 169 
2 169 2522 
3 3605 1719 170 
3 4642 1996 170 
2 3571 170 
2 4692 170 
1 170 
1 170 
4 4590 4723 5482 170 
1 170 
2 3197 170 
3 5340 3994 170 
2 3316 170 
1 170 
1 170 
4 2647 4745 4674 170 
1 170 
1 170 
2 471 170 
4 2083 3743 3133 170 
4 4568 3078 2184 170 
2 963 170 
3 369 1562 170 
2 3203 170 
3 2421 4123 171 
3 545 2384 171 
2 296 171 
2 5329 171 
3 1939 2850 171 
3 1171 341 171 
2 1195 171 
2 4740 171 
3 1591 1104 171 
4 3838 378 922 171 
1 171 
2 3123 171 
2 2171 171 
1 171 
3 4609 2223 171 
3 2356 2037 171 
1 171 
1 171 
1 171 
3 5407 826 171 
3 4425 1620 171 
2 2104 171 
2 171 1455 
3 267 3532 171 
1 171 
1 171 
3 172 4119 618 
2 172 705 
1 172 
4 172 2957 5271 630 
3 172 1656 5561 
2 172 2629 
2 172 5137 
3 172 2567 573 
3 172 4010 2195 
1 172 
4 172 5342 921 4653 
3 172 4124 4241 
2 172 4863 
3 172 3890 4536 
2 172 2134 
2 172 3415 
2 172 1186 
1 172 
1 172 
3 172 4851 3259 
1 172 
1 172 
2 172 2915 
1 172 
2 172 3724 
2 2286 173 
3 173 4044 3515 
1 173 
1 173 
2 173 1106 
1 173 
2 173 2245 
3 173 5478 4561 
3 173 3907 3528 
1 173 
1 173 
2 173 3513 
2 173 216 
2 173 2001 
2 173 1268 
3 173 3393 1435 
1 173 
2 173 2627 
2 174 1184 
1 174 
5 174 3348 3979 2662 2225 
4 174 1256 4547 2794 
3 174 2234 5210 
2 174 5051 
3 174 4147 3102 
4 174 1221 4858 1123 
2 3342 174 
2 174 2114 
1 174 
1 174 
2 174 1339 
1 174 
2 174 3008 
2 174 1739 
3 174 1432 3679 
2 174 4138 
2 174 5378 
2 174 5278 
2 175 2861 
2 175 3950 
2 175 937 
4 175 963 576 4378 
2 175 4532 
3 175 2242 3790 
2 175 598 
1 175 
3 1510 175 5003 
2 175 381 
3 175 5434 4809 
2 175 4284 
2 175 3556 
3 175 2583 1721 
2 175 3524 
2 175 1998 
1 175 
5 1566 175 278 3920 4774 
2 175 805 
2 3683 175 
1 175 
2 175 5597 
1 175 
1 175 
5 4160 176 2961 1942 603 
1 176 
2 176 3854 
2 176 676 
1 176 
3 3627 176 2244 
5 3582 176 3505 1298 5124 
2 3930 176 
2 4544 176 
8 1163 176 4343 5510 1860 2870 3022 3337 
2 176 4894 
1 176 
1 176 
1 176 
2 176 1360 
2 5087 176 
2 176 297 
3 1874 177 5290 
2 177 2856 
3 2684 177 1010 
2 177 1573 
2 2777 177 
5 402 177 528 3994 1931 
1 177 
3 2229 819 177 
1 177 
1 177 
3 5544 177 2932 
2 177 1809 
1 177 
2 177 5510 
2 177 3312 
2 5285 177 
2 177 4992 
2 177 3810 
3 4486 5088 177 
2 1687 177 
4 177 622 1281 3898 
2 488 177 
4 3796 178 5328 3854 
2 178 2675 
2 3657 178 
1 178 
2 4569 178 
1 178 
3 1670 178 4047 
1 178 
2 178 1444 
1 178 
2 178 1870 
1 178 
5 178 1005 3763 4146 4469 
1 178 
2 178 3881 
1 178 
2 178 1067 
4 4224 4568 178 2371 
1 178 
1 178 
1 178 
4 2065 178 2706 1055 
1 178 
1 179 
1 179 
3 924 179 2599 
2 179 388 
2 179 2077 
2 179 2555 
1 179 
3 179 5406 339 
3 2620 179 3115 
2 179 4288 
2 179 1387 
1 179 
3 179 4755 4294 
3 2267 179 2594 
3 179 5091 2321 
2 2230 180 
2 180 4574 
4 180 4028 2944 4994 
2 4103 180 
2 180 1433 
2 180 3980 
1 180 
2 1355 180 
1 180 
1 180 
3 2729 180 4004 
1 180 
1 180 
3 180 1195 2370 
3 180 4673 4562 
1 180 
3 3828 181 1319 
1 181 
2 181 1559 
1 181 
1 181 
4 181 5435 1839 3225 
1 181 
1 181 
1 181 
2 181 732 
3 181 2623 5335 
1 181 
3 1328 3782 181 
2 609 181 
1 181 
2 182 3696 
1 182 
1 182 
2 182 1193 
2 182 5012 
1 182 
2 182 3983 
3 182 5523 3532 
1 182 
2 182 4172 
4 4118 3844 182 1471 
2 4228 182 
2 182 916 
3 182 3390 4357 
2 182 4339 
2 182 3217 
3 2559 182 1795 
3 4159 182 1890 
1 182 
3 522 182 5385 
3 1848 182 706 
3 182 1042 3333 
2 2323 182 
5 2323 379 3323 5491 182 
3 1003 182 2688 
3 4795 3686 183 
1 183 
2 183 604 
1 183 
3 183 369 1303 
1 183 
2 183 4905 
3 183 1712 3374 
1 183 
2 4330 183 
1 183 
4 1962 183 3330 2900 
2 183 5008 
2 183 2903 
2 183 3158 
4 3499 183 5524 3294 
5 488 183 3764 2197 2074 
3 855 183 1902 
2 4176 183 
1 183 
2 183 4289 
2 183 5237 
1 183 
3 3850 184 324 
1 184 
1 184 
2 4229 184 
2 4659 184 
1 184 
3 689 184 1474 
1 184 
3 3563 5387 184 
2 692 184 
2 184 1130 
3 688 184 2629 
2 184 4821 
4 5217 184 4728 4616 
2 4853 184 
1 184 
2 3372 184 
2 184 205 
3 2328 184 1431 
1 185 
2 3667 185 
5 287 185 1301 744 3113 
1 185 
2 185 3548 
1 185 
2 287 185 
1 185 
1 185 
2 185 5596 
3 773 185 4339 
1 185 
3 3251 185 2907 
6 1565 3658 1961 2942 185 2610 
2 5046 185 
3 185 3698 4188 
3 2620 2120 185 
2 185 1094 
2 185 4245 
2 185 1259 
3 2546 185 5013 
3 2068 185 1696 
2 3797 185 
2 3390 186 
2 186 5173 
1 186 
3 3716 186 2930 
1 186 
1 186 
1 186 
2 4399 186 
2 186 742 
1 186 
2 382 186 
2 1695 186 
1 186 
2 186 5028 
3 1064 186 1914 
1 186 
2 1168 186 
2 186 991 
2 186 4242 
1 187 
2 927 187 
4 187 5483 4930 2500 
2 5167 187 
2 3249 187 
4 3172 187 2773 5045 
2 2254 187 
2 3204 187 
4 4587 187 296 783 
1 187 
2 5288 187 
2 913 187 
2 2237 187 
3 4586 635 187 
2 538 187 
3 187 2166 500 
2 187 944 
2 2918 187 
3 187 4881 343 
2 460 187 
1 187 
1 187 
3 2144 187 3793 
2 491 188 
2 188 2787 
3 4102 1670 188 
3 3389 188 1669 
2 2141 188 
1 188 
2 188 764 
2 5457 188 
3 3869 188 4997 
1 188 
3 725 2535 188 
1 188 
2 3012 188 
2 4348 188 
2 2408 188 
3 972 874 188 
2 2515 188 
1 189 
1 189 
3 821 5155 189 
1 189 
4 2404 3019 189 2202 
3 4646 189 4789 
1 189 
2 4454 189 
3 189 4633 1014 
2 4966 189 
3 4121 189 3704 
2 189 1342 
4 4583 189 2790 2499 
2 189 3069 
1 190 
1 190 
3 3425 4038 190 
3 1275 3572 190 
3 5478 4071 190 
1 190 
2 5181 190 
2 802 190 
1 190 
1 190 
3 3765 190 453 
1 190 
2 3560 190 
1 190 
3 190 1471 2441 
2 612 190 
1 190 
1 190 
1 190 
2 1957 190 
1 190 
1 190 
3 4178 190 5180 
2 2033 190 
3 3167 190 3356 
1 190 
2 4569 190 
1 190 
2 191 3379 
1 191 
2 4645 191 
2 3517 191 
3 955 5599 191 
1 191 
5 3169 319 191 1392 2611 
1 191 
2 488 191 
2 2603 191 
3 1309 2546 191 
2 4248 191 
3 3717 529 191 
3 3492 191 1060 
1 191 
3 695 3574 191 
2 2633 191 
3 912 1223 191 
1 191 
2 1875 191 
1 191 
3 5214 191 3651 
1 191 
2 952 191 
4 1355 1384 5059 191 
4 232 672 1921 191 
2 3139 192 
2 3829 192 
1 192 
3 3029 192 922 
2 2651 192 
1 192 
1 192 
3 3585 261 192 
3 3695 1772 192 
2 2141 192 
2 4973 192 
2 1627 192 
1 192 
2 4994 192 
1 192 
2 192 3321 
3 1065 240 192 
1 192 
1 192 
2 4923 192 
5 784 1422 1969 2965 192 
1 192 
2 2885 192 
1 192 
1 192 
3 1330 3156 192 
2 192 305 
2 782 192 
3 2012 4549 192 
2 3811 193 
2 193 1799 
1 193 
2 4239 193 
1 193 
4 5154 1099 3266 193 
3 3928 2723 193 
2 193 2596 
3 4366 193 1607 
3 872 2246 193 
3 1751 193 1780 
2 1645 193 
3 1788 1205 193 
1 193 
2 1719 193 
3 194 4726 679 
2 194 1117 
2 194 2477 
3 194 932 4793 
1 194 
3 194 4470 1587 
3 194 673 2817 
3 194 317 3858 
2 194 1878 
3 194 2920 4314 
3 194 5138 3435 
2 194 3533 
2 194 3665 
2 194 5451 
3 194 2011 5171 
2 194 1168 
1 194 
1 194 
1 194 
4 194 4506 887 393 
1 195 
2 195 1202 
2 195 5413 
1 195 
3 195 5551 4906 
1 195 
3 195 1041 883 
1 195 
1 195 
3 195 3489 4847 
2 195 4724 
2 195 5331 
1 195 
1 195 
3 195 1592 5148 
2 195 4092 
3 195 1449 5488 
3 195 3365 4673 
1 195 
1 195 
3 195 1583 3623 
1 195 
3 196 2431 2387 
2 3423 196 
6 196 5599 284 2678 5563 3581 
2 196 2826 
3 4366 196 2856 
3 196 4587 1796 
3 488 196 4894 
4 196 1862 2200 1229 
1 196 
2 196 1053 
2 196 2926 
1 196 
1 196 
2 196 1042 
1 196 
3 196 4704 3418 
2 3738 196 
3 196 2193 1863 
4 1332 197 4747 977 
2 197 970 
2 197 5417 
1 197 
2 197 2471 
1 197 
1 197 
1 197 
2 4058 197 
3 197 4490 2365 
3 197 4339 1956 
2 197 1860 
2 198 3851 
1 198 
3 198 4670 1158 
4 1510 3477 198 5260 
2 3710 198 
2 198 1258 
1 198 
1 198 
3 4744 198 4986 
2 198 570 
3 2111 198 2706 
4 198 838 4955 2252 
2 198 750 
3 199 3280 2200 
2 199 555 
1 199 
2 3165 199 
2 199 977 
3 199 836 1438 
4 199 3502 3148 1728 
4 1548 4208 199 2850 
1 199 
1 199 
2 199 3856 
3 1035 199 3971 
5 3540 4364 199 4902 4883 
3 3825 199 4681 
1 199 
1 199 
4 3423 3386 199 1813 
4 5307 404 199 4021 
5 1655 4659 4117 3848 199 
1 199 
2 199 3760 
3 199 4385 4790 
1 200 
1 200 
2 2088 200 
2 4856 200 
1 200 
1 200 
1 200 
3 200 497 3161 
1 200 
3 3632 200 1997 
2 200 4864 
2 200 4340 
2 2215 200 
1 200 
4 651 2604 200 462 
3 200 3033 2598 
2 200 5120 
3 200 4897 5100 
3 200 1745 1681 
2 200 2013 
2 1628 200 
4 4661 4477 200 3437 
1 200 
1 200 
2 200 1634 
2 3009 200 
1 201 
1 201 
4 1734 201 2818 2616 
1 201 
2 201 3310 
2 201 2616 
2 2867 201 
1 201 
3 4061 201 3050 
3 2565 201 1852 
3 201 919 4174 
2 4365 201 
3 201 4956 3421 
2 3966 201 
1 201 
2 5087 201 
2 201 1484 
1 202 
2 2340 202 
1 202 
1 202 
3 202 3330 641 
2 202 4997 
2 2957 202 
1 202 
1 202 
4 4765 202 5480 622 
2 5321 202 
1 202 
3 202 4561 5125 
2 202 2349 
4 3122 5578 202 1633 
1 202 
2 202 5044 
5 1270 2782 202 4726 3377 
4 202 5313 845 4242 
3 4689 202 1193 
2 3946 202 
1 202 
2 202 5148 
3 5381 202 2316 
3 1442 203 2798 
3 4967 3744 203 
1 203 
2 3391 203 
2 1876 203 
1 203 
4 275 203 5157 828 
3 203 3034 5332 
1 203 
1 203 
1 203 
4 2085 1149 203 2386 
2 4140 203 
3 4139 204 966 
1 204 
1 204 
1 204 
2 204 4190 
1 204 
2 204 3923 
1 204 
1 204 
2 674 204 
2 3361 204 
2 2357 204 
3 2622 204 1559 
1 204 
1 204 
2 204 2947 
4 3196 1994 204 1293 
3 4225 204 1413 
4 2829 204 1972 945 
3 4360 204 4801 
4 204 1522 1134 3023 
2 2131 204 
1 204 
1 204 
1 204 
2 4509 205 
2 205 3899 
2 205 2481 
2 205 531 
1 205 
2 205 4270 
2 3849 205 
1 205 
2 3045 205 
6 1768 3993 205 5102 4394 4111 
2 205 4560 
2 1113 205 
3 2342 205 2416 
3 3118 205 4237 
3 3342 961 205 
3 2213 3466 205 
2 4686 205 
2 5344 205 
3 3498 5041 205 
3 1498 206 2723 
1 206 
3 5165 2208 206 
2 206 2601 
2 1500 206 
4 672 1008 4084 206 
1 206 
1 206 
3 206 1029 5528 
4 962 3974 206 4713 
3 3406 3258 206 
2 285 206 
1 206 
1 207 
3 1317 207 940 
3 1421 2942 207 
1 207 
1 207 
1 207 
3 2915 207 4595 
3 3471 207 1729 
3 5554 207 2595 
3 266 207 3103 
5 912 4523 722 1661 207 
2 1118 207 
2 3108 207 
4 3305 1967 2901 208 
2 410 208 
1 208 
1 208 
2 1920 208 
2 907 208 
3 5306 1558 208 
1 208 
4 4495 1189 3111 208 
2 4740 208 
1 208 
3 2423 3855 208 
2 874 208 
5 5404 933 1947 4149 209 
1 209 
2 1235 209 
1 209 
1 209 
4 3463 1599 1897 209 
1 209 
4 5129 2121 1046 209 
5 1024 890 5564 209 4909 
1 209 
1 209 
2 1574 209 
1 210 
1 210 
1 210 
3 210 3657 4316 
1 210 
2 210 1062 
3 210 2938 1550 
1 210 
2 4655 210 
3 210 3323 2041 
1 210 
1 210 
2 210 3429 
2 210 1767 
3 538 210 4603 
4 210 4121 3004 2616 
2 210 525 
3 210 1329 1776 
1 210 
3 210 4921 571 
3 210 2943 1348 
1 211 
2 211 2504 
2 211 3821 
2 211 4132 
1 211 
4 211 2917 3894 4414 
2 211 4562 
2 211 1965 
3 211 2293 2754 
2 211 1567 
3 211 5536 3054 
3 211 590 1033 
2 211 1692 
5 211 2977 693 5366 1625 
3 211 2505 4857 
2 211 3659 
1 211 
2 211 5048 
2 211 765 
2 212 2840 
4 2357 212 4587 1016 
2 2150 212 
1 212 
1 212 
3 212 1359 2702 
1 212 
1 212 
1 212 
6 212 719 3989 834 5169 1155 
2 212 2121 
1 212 
1 212 
1 212 
2 212 1486 
1 212 
1 212 
2 212 3788 
1 212 
4 4278 212 2649 1334 
1 212 
1 212 
1 212 
2 212 1954 
1 213 
1 213 
1 213 
2 213 3626 
3 213 3464 4723 
1 213 
3 3119 213 2407 
2 213 572 
2 213 1679 
1 213 
1 213 
3 213 738 3019 
3 213 819 3974 
6 213 1310 2134 5176 4128 4775 
3 2053 213 4777 
2 214 3184 
2 214 4372 
2 3118 214 
3 214 3856 2835 
2 214 3502 
2 3297 214 
6 253 399 2727 1639 214 1432 
3 214 4050 3651 
1 214 
2 3271 214 
3 214 3308 4146 
3 214 3175 4418 
1 214 
5 3060 214 4574 1554 847 
5 214 525 1050 5148 4112 
2 214 745 
1 214 
1 214 
3 214 4059 4384 
3 214 1658 797 
1 215 
2 215 5393 
3 215 773 5011 
2 215 662 
3 215 4191 3357 
3 3940 215 5217 
4 215 976 3939 503 
4 1164 215 4390 497 
1 215 
3 215 2101 2252 
2 4745 215 
1 215 
3 215 3435 4124 
3 3346 215 1739 
2 258 215 
2 4023 215 
2 215 5300 
1 215 
3 215 2263 2188 
2 3119 215 
3 1847 215 4214 
1 215 
1 216 
1 216 
2 2119 216 
2 216 3509 
3 3384 5520 216 
1 216 
1 216 
2 216 1317 
1 216 
2 216 4592 
1 216 
1 216 
1 216 
1 216 
2 216 2705 
1 216 
2 216 3501 
1 216 
3 5545 216 3896 
3 832 217 4700 
3 217 2480 3535 
4 217 2701 5298 2985 
2 217 3677 
2 1145 217 
1 217 
1 217 
2 4588 217 
3 2800 773 217 
2 217 3114 
2 2391 217 
1 217 
1 217 
6 2090 217 4820 3574 5276 712 
2 217 4287 
3 3944 217 2107 
5 4138 217 2029 1119 2338 
1 217 
1 217 
2 217 4626 
1 217 
1 217 
2 959 217 
2 2153 217 
3 217 1052 922 
2 217 4962 
1 217 
3 4683 1691 218 
1 218 
3 687 218 5139 
1 218 
1 218 
3 4795 1274 218 
2 3845 218 
3 218 4857 2737 
1 218 
2 218 2366 
1 218 
1 218 
2 218 4154 
1 218 
1 218 
1 218 
3 308 218 2430 
2 1378 218 
1 218 
1 218 
2 218 2534 
3 4383 218 739 
2 219 3440 
4 5457 219 3957 4682 
1 219 
1 219 
4 3108 219 3503 1559 
3 3543 219 2278 
1 219 
3 3088 219 4633 
2 4856 219 
2 540 219 
1 219 
4 1515 4511 219 1772 
2 219 574 
2 219 3978 
1 219 
2 3741 219 
2 2182 219 
2 3308 219 
4 219 3921 967 3600 
3 1628 219 2517 
2 2730 219 
2 219 3577 
1 219 
2 2404 220 
4 1847 3694 220 4472 
1 220 
3 220 964 2076 
1 220 
2 1356 220 
1 220 
1 220 
2 2493 220 
1 220 
2 220 5316 
1 220 
1 220 
1 220 
2 1164 220 
1 220 
2 220 5595 
1 221 
3 2581 221 2319 
7 634 2633 1996 3178 5589 221 2664 
2 1157 221 
2 221 3022 
3 5459 221 5160 
2 3970 221 
1 221 
1 221 
1 221 
1 221 
1 221 
1 221 
2 612 222 
4 5342 671 222 4094 
1 222 
1 222 
2 2086 222 
2 222 2369 
3 4868 4982 222 
2 3371 222 
2 222 4959 
1 222 
3 4303 4189 222 
3 222 3455 895 
4 433 5476 222 3537 
1 222 
1 222 
1 222 
2 1657 222 
3 4302 222 3458 
1 222 
1 222 
1 222 
2 284 222 
1 223 
3 2118 223 828 
1 223 
4 389 223 4294 606 
3 2394 4287 223 
1 223 
3 2455 223 2838 
1 223 
2 4745 223 
2 1577 223 
2 4895 223 
2 5235 223 
4 1361 223 4413 2615 
2 223 1015 
1 223 
3 3762 223 4357 
1 223 
2 4038 223 
1 224 
1 224 
1 224 
1 224 
3 1184 859 224 
2 573 224 
4 897 2198 224 4731 
3 224 2102 2908 
1 224 
4 1734 224 4612 1542 
1 224 
2 4590 224 
2 1236 225 
2 3526 225 
1 225 
1 225 
1 225 
1 225 
1 225 
1 225 
3 2700 4955 225 
2 4704 225 
4 3569 225 3506 3823 
5 3234 3871 809 1281 225 
2 225 2795 
1 226 
2 3393 226 
1 226 
1 226 
1 226 
2 506 226 
2 3637 226 
4 1480 837 358 226 
4 505 257 226 2775 
3 1050 226 850 
1 226 
1 226 
2 4404 226 
1 226 
1 226 
4 1115 3505 4314 226 
2 5285 226 
1 226 
2 3959 227 
2 2593 227 
4 1532 5050 227 2418 
1 227 
3 352 3850 227 
2 3897 227 
5 3799 4492 838 3746 227 
1 227 
2 2078 227 
1 227 
1 227 
1 227 
4 307 4115 227 4979 
3 2373 675 227 
1 227 
2 227 1798 
2 985 227 
2 227 2128 
3 3363 227 4842 
2 2378 228 
1 228 
2 1589 228 
3 2022 302 228 
2 228 4223 
3 228 4132 3164 
3 2204 3859 228 
3 5205 228 4760 
1 228 
1 228 
1 228 
2 4141 228 
2 579 228 
3 400 4654 228 
1 228 
3 3974 228 4518 
1 228 
2 5507 228 
1 228 
3 2303 2961 229 
3 3589 4957 229 
3 1783 2700 229 
1 229 
3 1842 2716 229 
4 312 5137 4801 229 
2 4354 229 
2 5049 229 
3 5012 229 2252 
2 2057 229 
1 229 
1 229 
3 4851 2978 229 
3 3092 392 229 
1 229 
3 2475 4311 229 
2 4061 229 
2 1376 229 
1 229 
1 229 
4 5535 4125 369 229 
1 229 
1 229 
2 793 229 
1 230 
2 230 5162 
2 230 2495 
2 230 3291 
2 230 2669 
1 230 
4 230 2589 5119 3211 
2 230 987 
3 230 242 1749 
1 230 
1 230 
1 230 
2 230 2271 
2 230 4905 
1 231 
1 231 
1 231 
2 231 1349 
2 231 5421 
2 231 2856 
2 231 2731 
1 231 
1 231 
1 231 
3 231 4508 893 
1 231 
2 231 2761 
5 5111 1591 231 2981 781 
1 231 
1 231 
2 231 4898 
3 231 4659 4696 
2 232 3648 
1 232 
2 4658 232 
3 232 1361 1598 
3 232 2236 2471 
3 3013 232 2586 
4 232 2379 2834 2500 
3 232 1905 390 
1 232 
2 232 4593 
3 232 5499 4468 
2 232 731 
2 4763 232 
1 232 
3 232 2921 4464 
2 232 3435 
3 768 232 3758 
1 232 
2 4248 232 
2 233 5092 
2 233 2264 
2 4586 233 
1 233 
3 233 288 3881 
3 831 1150 233 
2 233 4607 
2 5321 233 
1 233 
1 233 
3 2726 2086 233 
3 4849 233 2001 
1 233 
2 234 3419 
1 234 
2 234 1375 
2 234 2480 
2 234 3822 
1 234 
5 2712 4366 4854 234 2260 
1 234 
2 1459 234 
3 234 358 4018 
2 234 2758 
1 234 
3 234 5184 1930 
2 2028 234 
2 234 1421 
1 234 
1 235 
1 235 
2 235 4698 
1 235 
3 235 1080 3772 
1 235 
2 235 4446 
4 5570 3965 235 555 
1 235 
5 5323 235 4235 3132 5484 
1 235 
1 235 
2 5049 235 
2 2546 235 
2 235 2183 
1 235 
3 235 2242 4394 
1 235 
1 236 
3 2324 5285 236 
2 3087 236 
4 236 5273 4788 4007 
1 236 
2 3028 236 
1 236 
1 236 
3 236 4693 5390 
2 1023 236 
2 1958 236 
2 2120 236 
3 1064 3364 236 
4 1421 236 1426 4594 
2 236 1870 
2 236 1134 
2 236 3310 
3 236 1720 4594 
3 1312 236 4645 
3 237 5052 2881 
3 2342 237 2645 
1 237 
1 237 
2 237 2387 
3 237 3392 323 
1 237 
1 237 
4 1249 2053 3343 237 
1 237 
2 237 3737 
2 829 237 
4 1614 237 5462 5279 
3 238 2924 295 
1 238 
2 1988 238 
3 1501 238 1722 
1 238 
1 238 
2 609 238 
1 238 
2 238 3975 
4 3214 3329 238 3915 
3 4062 238 3475 
2 238 1429 
1 238 
2 238 1126 
1 238 
3 1533 239 3127 
5 1782 2803 239 3440 3267 
4 3427 1997 239 3681 
1 239 
1 239 
3 2294 239 4676 
2 239 366 
5 3462 4875 239 4127 5246 
4 239 4919 2809 2312 
1 239 
1 239 
3 239 1052 1899 
2 1969 239 
2 2068 239 
4 5510 2238 239 1817 
1 240 
3 2406 240 3653 
1 240 
2 240 1346 
6 4475 2195 240 3614 1051 5355 
4 4076 3800 3609 240 
3 4182 2506 240 
1 240 
3 3255 240 4328 
1 240 
3 4165 240 267 
3 5504 240 4463 
5 240 2220 622 4533 4537 
3 5341 240 4003 
2 240 552 
2 4815 241 
2 241 2128 
1 241 
1 241 
1 241 
2 241 1522 
2 241 4049 
1 241 
1 241 
3 1457 1544 241 
2 4479 241 
1 241 
3 4656 3285 241 
1 241 
2 5306 241 
3 4326 241 3184 
2 241 4792 
3 406 5167 241 
1 241 
2 241 3553 
2 242 1755 
1 242 
2 242 5319 
1 242 
2 3046 242 
2 242 5030 
2 242 4823 
1 242 
3 1735 445 242 
2 242 4194 
2 242 515 
1 242 
1 242 
1 242 
1 242 
1 242 
5 4688 525 4231 242 3649 
1 242 
1 242 
1 242 
1 243 
2 2563 243 
2 4918 243 
1 243 
1 243 
2 3250 243 
1 243 
3 5214 1576 243 
5 3685 1041 243 4757 4538 
2 3646 243 
1 243 
2 2700 243 
2 5314 243 
2 2580 243 
2 243 5369 
2 316 243 
2 3307 243 
2 4392 243 
2 4043 244 
2 4609 244 
2 244 5178 
3 4456 244 5351 
4 3544 244 3856 4453 
2 1863 244 
3 1480 244 3881 
1 244 
2 5321 244 
1 244 
1 244 
1 244 
1 244 
1 244 
2 1654 244 
2 3827 244 
2 244 2628 
1 244 
3 3790 244 3475 
2 244 3262 
1 244 
4 4572 752 244 1033 
3 1550 244 3072 
2 244 5148 
1 244 
2 4989 244 
2 3851 244 
3 1841 4225 244 
3 4202 544 245 
2 245 1454 
1 245 
3 2870 245 3981 
1 245 
3 245 4633 5455 
3 2374 245 3922 
2 784 245 
3 1222 4788 245 
2 3252 245 
2 4528 245 
1 245 
1 245 
3 4819 245 4453 
1 245 
4 4504 2274 245 795 
2 2638 245 
4 4175 1959 2715 245 
1 246 
2 2121 246 
1 246 
3 246 4338 3810 
1 246 
2 776 246 
1 246 
2 246 4846 
1 246 
1 246 
1 246 
1 246 
3 2884 3993 246 
2 246 2483 
1 246 
2 1113 246 
2 398 246 
4 1920 698 5594 247 
1 247 
1 247 
2 3165 247 
3 247 5565 1932 
4 4103 3255 1465 247 
3 1067 3783 247 
3 2791 247 1162 
3 3753 247 3920 
1 247 
2 247 3553 
1 247 
1 247 
4 311 4323 247 1718 
2 2120 247 
1 247 
2 247 5061 
1 247 
2 247 2932 
1 248 
1 248 
2 2936 248 
3 3278 248 4019 
4 1732 729 5145 248 
2 2125 248 
1 248 
2 3833 248 
4 4144 4307 3262 248 
2 248 2877 
3 3813 2259 248 
2 1795 248 
2 1643 248 
1 248 
1 248 
1 248 
1 248 
1 248 
2 248 3458 
2 5235 248 
3 4645 1130 248 
1 248 
2 4833 248 
2 4386 248 
1 248 
3 2305 2328 249 
2 4466 249 
2 1802 249 
4 1938 3912 249 2663 
1 249 
1 249 
1 249 
4 2456 4929 249 4826 
1 249 
2 3143 249 
1 249 
1 249 
4 1514 2238 3377 249 
3 867 249 4112 
2 2373 249 
5 3057 1337 5056 249 4113 
1 250 
2 2428 250 
1 250 
2 250 1326 
1 250 
2 881 250 
1 250 
2 2658 250 
1 250 
2 2978 250 
3 4523 4691 250 
2 3646 250 
3 3197 3859 250 
2 4840 250 
2 4613 250 
4 3756 2245 2707 250 
1 251 
6 3517 4207 2807 292 2417 251 
2 5210 251 
3 3221 584 251 
1 251 
1 251 
1 251 
5 2778 4403 5274 3959 251 
3 2842 584 251 
2 1860 251 
2 2602 251 
3 1523 2248 251 
2 2516 251 
1 251 
2 855 251 
3 3370 5281 251 
1 251 
2 1106 251 
2 252 5201 
3 252 4856 1597 
1 252 
3 252 4597 5199 
3 252 2134 2534 
1 252 
2 252 1649 
3 252 4696 5540 
2 252 4188 
2 252 3552 
1 252 
2 252 4623 
1 252 
2 252 1804 
2 252 4769 
1 252 
2 253 5066 
2 253 2786 
1 253 
1 253 
1 253 
2 253 4759 
1 253 
3 253 5132 365 
1 253 
2 253 988 
1 253 
2 253 2008 
3 253 1992 4791 
1 253 
2 253 4378 
1 253 
3 253 1511 3048 
1 253 
2 253 4708 
2 253 3782 
2 253 5028 
3 254 1150 4484 
3 254 357 389 
4 254 4410 1365 3316 
1 254 
2 254 3554 
2 254 4492 
1 254 
4 254 4813 3863 4232 
3 254 4209 4070 
3 254 3347 1073 
3 254 2254 3038 
1 254 
1 254 
3 254 284 1371 
2 254 3309 
2 254 3870 
1 254 
2 254 654 
2 255 1869 
2 255 4283 
1 255 
1 255 
2 255 647 
1 255 
1 255 
2 255 402 
3 255 3085 4574 
2 255 5131 
2 255 351 
2 255 541 
2 255 2047 
1 255 
2 255 3619 
1 255 
4 255 2684 3850 5412 
1 256 
2 256 2222 
1 256 
1 256 
1 256 
2 256 2805 
1 256 
1 256 
2 256 2435 
2 256 707 
3 256 3801 3394 
4 1782 256 4309 5149 
3 256 258 266 
3 256 774 3877 
2 256 4452 
1 256 
1 256 
1 256 
2 256 3850 
2 256 554 
1 256 
6 256 3523 508 821 1315 4435 
3 3777 256 809 
3 608 256 591 
1 256 
2 256 4031 
1 257 
3 1305 257 447 
1 257 
1 257 
1 257 
1 257 
3 257 1996 3098 
2 257 983 
3 257 4639 1751 
3 5231 257 4575 
1 257 
3 257 1888 4054 
2 257 2566 
2 257 3728 
3 2712 257 1090 
1 257 
1 257 
2 3136 257 
1 257 
4 257 1659 4769 2676 
3 3603 257 2044 
1 257 
1 257 
1 258 
1 258 
3 2401 258 5426 
1 258 
1 258 
2 258 1546 
3 2041 258 2919 
1 258 
2 258 838 
2 258 331 
3 2288 401 258 
1 258 
1 258 
5 2885 259 2546 3183 2906 
1 259 
1 259 
2 259 793 
3 259 807 2780 
2 2322 259 
2 259 757 
1 259 
3 2265 259 1139 
4 259 3836 4337 2186 
2 259 3898 
5 4399 1940 259 357 1212 
3 5086 259 5418 
2 259 4285 
2 259 454 
1 259 
2 259 4200 
2 260 5161 
1 260 
4 5341 260 3019 1623 
5 260 526 3650 2171 1060 
2 3928 260 
1 260 
2 1731 260 
1 260 
1 260 
2 260 2964 
3 3719 260 602 
1 260 
1 260 
4 3137 260 2385 2337 
1 260 
2 260 2058 
2 260 4372 
1 260 
1 260 
3 1685 4283 261 
1 261 
2 261 1474 
4 1545 261 1103 2353 
3 2651 261 3833 
1 261 
2 261 5185 
2 261 4680 
2 2022 261 
1 261 
2 261 3417 
4 261 1011 1346 2441 
4 3722 261 3463 1774 
2 261 2147 
2 261 2809 
4 3908 261 3632 314 
2 261 5483 
1 261 
3 2647 262 2079 
1 262 
1 262 
3 3368 262 2494 
2 262 739 
3 357 262 2965 
2 262 2522 
2 262 1617 
3 1936 262 3529 
2 2267 262 
1 262 
3 4136 262 5518 
4 3496 4406 1336 262 
3 537 262 3579 
4 313 262 601 1138 
2 262 922 
2 2062 262 
2 262 977 
1 262 
2 2726 263 
2 5196 263 
1 263 
2 263 903 
1 263 
1 263 
1 263 
1 263 
3 853 1305 263 
3 263 3595 4848 
2 263 5120 
2 4622 263 
1 263 
1 263 
3 835 264 620 
1 264 
1 264 
1 264 
2 1825 264 
2 264 2005 
1 264 
2 3170 264 
3 264 1893 3983 
1 264 
2 264 2850 
2 264 3919 
3 2466 3606 264 
2 3573 265 
1 265 
2 265 4073 
4 4405 4514 265 1869 
2 4362 265 
3 3345 265 1729 
2 4539 265 
1 265 
3 1908 265 5247 
2 265 1895 
2 265 4777 
1 265 
2 1417 265 
3 265 3707 371 
3 2886 265 469 
3 265 365 4734 
1 265 
1 265 
2 265 2169 
2 1354 265 
5 4828 958 2218 266 2247 
2 5306 266 
2 5409 266 
2 5195 266 
3 2429 266 5595 
1 266 
2 266 600 
2 1794 266 
1 266 
2 5286 266 
2 266 2664 
1 266 
2 1199 266 
2 2210 266 
1 266 
2 736 266 
1 266 
3 380 2288 267 
1 267 
1 267 
2 267 4958 
3 267 3901 3399 
5 631 1189 267 5392 3419 
1 267 
1 267 
3 5541 267 3460 
3 4473 267 2574 
1 267 
1 267 
2 267 1078 
1 267 
2 2699 267 
1 267 
1 267 
2 3877 267 
1 267 
2 3974 267 
1 267 
2 267 5485 
1 267 
1 267 
1 267 
2 267 2521 
2 1318 267 
3 267 5592 3186 
2 268 4449 
2 3089 268 
1 268 
2 5312 268 
2 2022 268 
1 268 
1 268 
1 268 
2 4428 268 
5 2888 2547 3876 268 5029 
2 268 3112 
1 268 
1 268 
2 3390 268 
2 3915 268 
1 268 
1 269 
1 269 
3 1219 4030 269 
2 269 1134 
4 5186 4876 2786 269 
4 856 4835 269 1837 
2 2030 269 
2 2756 269 
3 1529 1709 269 
2 5266 269 
5 4403 3303 2348 269 5502 
3 2053 3763 269 
4 4204 861 269 1228 
2 269 554 
2 458 269 
2 2658 269 
1 269 
1 269 
2 4741 269 
1 269 
1 269 
6 1658 3787 269 4678 4128 3925 
4 4895 285 269 5486 
2 1816 270 
3 2398 270 2227 
3 1169 270 3163 
2 2179 270 
3 3743 5414 270 
2 3643 270 
1 270 
2 3933 270 
1 270 
2 270 828 
2 4269 270 
4 4963 5324 5414 270 
3 1167 4423 270 
2 2714 270 
1 271 
2 3986 271 
1 271 
3 3604 271 4614 
2 2084 271 
2 4084 271 
3 733 509 271 
2 3767 271 
3 3181 271 2913 
2 3583 271 
3 2623 271 2461 
2 5229 271 
3 271 4112 346 
2 5402 271 
2 4657 271 
1 271 
3 271 1016 3677 
2 3661 272 
1 272 
2 2580 272 
2 4498 272 
2 4988 272 
2 5131 272 
1 272 
2 1566 272 
3 5218 2833 272 
3 2084 863 272 
2 2286 272 
2 1062 272 
1 272 
1 272 
4 273 5069 1927 2274 
2 273 5020 
2 273 1718 
2 273 5377 
2 273 4815 
2 273 1521 
2 273 4812 
2 273 2945 
1 273 
1 273 
2 273 4386 
1 273 
2 273 1287 
1 273 
1 273 
3 273 4796 3344 
1 273 
1 274 
1 274 
3 274 4644 3704 
1 274 
1 274 
6 274 4139 590 2715 3553 5471 
3 274 5189 2878 
1 274 
2 274 3114 
2 274 5517 
1 274 
3 2087 274 5444 
2 274 5437 
2 274 1029 
1 274 
1 274 
2 274 1262 
2 275 5175 
2 275 319 
2 275 4919 
2 275 2624 
3 275 364 1278 
2 275 2539 
3 275 4756 4310 
2 275 3093 
4 275 3015 867 3538 
2 275 5328 
3 275 1786 1692 
1 275 
3 275 3026 2047 
1 275 
1 275 
1 275 
1 275 
4 275 460 4574 2898 
3 275 523 5054 
4 276 2916 2833 2252 
1 276 
1 276 
4 276 1461 516 1749 
1 276 
4 276 2686 2968 744 
1 276 
2 276 708 
2 1567 276 
3 276 881 2628 
1 276 
3 276 2603 2629 
3 3828 276 3018 
3 276 1940 1588 
1 276 
1 276 
1 276 
3 2503 276 903 
4 5444 2395 277 5136 
2 1476 277 
2 277 5521 
4 1330 277 3066 890 
2 277 2036 
2 277 3300 
1 277 
2 4523 277 
2 277 4801 
2 5397 277 
3 2842 277 4188 
2 277 2981 
3 5306 277 3359 
3 277 2180 4551 
1 277 
3 277 2496 4809 
1 277 
3 1035 277 2797 
4 607 2891 278 1073 
4 4521 278 3416 4358 
3 278 2920 5075 
1 278 
2 278 3611 
1 278 
4 3401 278 1847 1380 
2 5572 278 
1 278 
1 278 
1 278 
3 278 5343 623 
2 278 1213 
2 278 2280 
2 4177 278 
3 278 672 390 
3 278 2362 4150 
2 2684 278 
1 278 
1 278 
1 279 
1 279 
5 5067 279 4016 4611 5278 
2 279 3855 
2 279 5486 
1 279 
2 279 1152 
2 279 2281 
4 279 5114 1430 2792 
2 279 3921 
2 279 4649 
1 279 
2 279 4257 
1 279 
1 279 
3 4619 279 1404 
3 280 335 2169 
4 4663 280 4480 3913 
2 646 280 
2 280 4511 
2 280 5161 
1 280 
2 280 975 
1 280 
4 3423 280 2733 5238 
3 3274 280 882 
1 280 
2 280 3784 
3 280 3934 1700 
1 280 
2 280 1481 
2 280 3487 
1 280 
1 280 
2 281 1720 
1 281 
4 281 3258 5390 982 
4 4965 281 5374 4595 
3 4278 281 3307 
2 281 5295 
2 281 3982 
1 281 
1 281 
1 281 
1 281 
1 281 
1 281 
3 4658 281 1716 
2 281 578 
3 281 737 487 
2 281 2513 
3 4586 281 1210 
1 281 
1 281 
1 282 
1 282 
2 282 1830 
2 2425 282 
3 282 5367 502 
2 282 2874 
1 282 
1 282 
3 282 4069 2366 
3 5362 282 302 
3 1330 282 2000 
2 282 4651 
4 282 2243 679 828 
2 1642 282 
1 282 
1 282 
3 5341 282 1741 
2 282 3135 
1 282 
2 5198 283 
3 283 2100 3358 
2 283 1830 
1 283 
2 283 3926 
2 283 1899 
3 2976 283 2273 
1 283 
4 1376 283 1413 3511 
1 283 
3 283 3548 306 
5 1640 1273 283 2536 547 
2 283 2817 
4 5340 1383 283 4528 
1 283 
2 5088 283 
3 4135 283 492 
2 283 2206 
6 5549 1827 283 640 5441 1981 
1 283 
2 284 5275 
1 284 
1 284 
1 284 
2 284 1126 
2 284 5177 
1 284 
2 4023 284 
2 409 284 
2 284 3453 
3 284 3290 2317 
4 3025 284 2244 1728 
3 5068 284 2981 
1 284 
2 1439 284 
3 284 904 4883 
2 3775 284 
3 5154 284 5161 
2 284 1076 
3 284 2415 1636 
2 3815 284 
2 284 4958 
2 285 298 
1 285 
4 2800 3233 4440 285 
1 285 
2 1358 285 
2 2524 285 
2 285 290 
2 4935 285 
3 1734 285 3097 
3 285 728 419 
3 1066 285 1535 
2 285 1711 
1 285 
2 802 285 
1 285 
2 3370 285 
3 309 3482 285 
2 285 5517 
3 285 5224 2552 
1 285 
1 285 
3 1479 5550 285 
5 5476 2216 285 5395 1415 
2 285 1258 
4 987 286 2140 1175 
4 5266 1382 286 5223 
1 286 
1 286 
3 1119 286 2718 
1 286 
1 286 
2 2766 286 
2 286 3766 
1 286 
5 5542 2112 286 2784 391 
1 286 
2 4688 286 
2 286 2902 
3 4225 3631 287 
2 287 5499 
2 287 4269 
2 2750 287 
1 287 
2 287 4551 
2 975 287 
4 287 466 2833 1723 
2 287 2128 
1 287 
4 718 287 1646 2438 
1 287 
2 287 2605 
1 287 
2 5217 287 
1 288 
1 288 
2 288 5597 
3 1739 288 1754 
3 4289 288 5441 
1 288 
3 3659 3329 288 
1 288 
3 1384 3912 288 
1 288 
2 3255 288 
3 3603 288 4998 
3 505 4511 288 
2 288 5104 
3 5308 288 5149 
1 288 
2 288 3789 
1 289 
1 289 
2 289 3515 
3 3044 289 620 
1 289 
2 289 919 
1 289 
2 2213 289 
1 289 
1 289 
3 5458 289 4464 
1 289 
1 289 
3 5137 289 2225 
1 289 
2 290 4593 
1 290 
1 290 
3 290 2901 4396 
1 290 
1 290 
5 973 290 3393 3414 4581 
1 290 
1 290 
1 290 
1 290 
1 290 
2 1276 290 
3 290 5221 5436 
3 2920 290 5011 
1 291 
2 4160 291 
3 5268 2408 291 
1 291 
2 3499 291 
2 291 3532 
2 2822 291 
1 291 
1 291 
3 3992 291 1427 
2 292 2676 
2 292 2366 
1 292 
1 292 
1 292 
1 292 
2 292 4418 
2 4066 292 
1 292 
1 292 
2 292 503 
4 4819 2640 292 2282 
2 5091 293 
2 293 5453 
1 293 
3 380 3411 293 
5 1689 3016 1039 293 4174 
1 293 
1 293 
1 293 
3 383 293 5395 
3 2221 293 5440 
3 3777 5558 293 
1 293 
2 293 1179 
2 293 4005 
2 2589 293 
5 799 2916 2234 293 1581 
1 293 
2 5551 293 
2 2179 293 
2 293 2016 
2 3301 293 
1 293 
3 3797 334 293 
3 1939 293 4031 
2 4722 293 
1 293 
2 3001 293 
1 293 
2 293 1778 
2 4509 294 
1 294 
3 5291 294 2016 
3 2490 294 3067 
2 294 1700 
1 294 
3 3153 294 457 
1 294 
4 1340 3917 294 1099 
1 294 
2 294 1724 
1 294 
1 294 
2 835 294 
1 294 
2 294 2598 
1 294 
1 294 
1 294 
3 2671 4266 294 
2 2243 294 
2 2136 294 
3 3025 294 5110 
1 294 
2 4718 294 
3 5070 294 4263 
2 3568 294 
3 5474 294 3381 
1 295 
3 3687 3797 295 
1 295 
