16 2 3 4 5 6 7 8 9 10 11 12 13 14 15 16 17 
19 18 19 20 21 1 22 23 24 25 26 27 28 29 30 31 32 33 34 35 
19 36 37 38 39 40 41 42 1 43 44 45 46 47 48 49 50 51 52 53 
23 54 55 56 57 58 1 59 60 61 62 63 64 65 66 67 68 69 70 71 72 73 74 75 
18 76 77 78 1 79 80 81 82 83 84 85 86 87 88 89 90 91 92 
21 93 94 1 95 96 97 98 99 100 101 102 103 104 105 106 107 108 109 110 111 112 
22 113 114 115 116 1 117 118 119 120 121 122 123 124 125 126 127 128 129 130 131 132 133 
26 134 135 136 137 1 138 139 140 141 142 143 144 145 146 147 148 149 150 151 152 153 154 155 156 157 158 
17 159 160 1 161 162 163 164 165 166 167 168 169 170 171 172 173 174 
22 175 176 177 178 179 1 180 181 182 183 184 185 186 187 188 189 190 191 192 193 194 195 
25 196 197 198 1 199 200 201 202 203 204 205 206 207 208 209 210 211 212 213 214 215 216 217 218 219 
19 220 221 222 223 224 1 225 226 227 228 229 230 231 232 233 234 235 236 237 
13 238 239 240 1 241 242 243 244 245 246 247 248 249 
20 250 251 252 253 254 1 255 256 257 258 259 260 261 262 263 264 265 266 267 268 
13 269 1 270 271 272 273 274 275 276 277 278 279 280 
20 281 282 283 284 1 285 286 287 288 289 290 291 292 293 294 295 296 297 298 299 
22 300 301 302 303 304 305 1 306 307 308 309 310 311 312 313 314 315 316 317 318 319 320 
16 2 321 322 323 324 325 326 327 328 329 330 331 332 333 334 335 
17 2 336 337 338 339 340 341 342 343 344 345 346 347 348 349 350 351 
23 2 352 353 354 355 356 357 358 359 360 361 362 363 364 365 366 367 368 369 370 371 372 373 
17 2 374 375 376 377 378 379 380 381 382 383 384 385 386 387 388 389 
25 2 390 391 392 393 394 395 396 397 398 399 400 401 402 403 404 405 406 407 408 409 410 411 412 413 
27 2 414 415 416 417 418 419 420 421 422 423 424 425 426 427 428 429 430 431 432 433 434 435 436 437 438 439 
24 2 440 441 442 443 444 445 446 447 448 449 450 451 452 453 454 455 456 457 458 459 460 461 462 
16 2 463 464 465 466 467 468 469 470 471 472 473 474 475 476 477 
17 2 478 479 480 481 482 483 484 485 486 487 488 489 490 491 492 493 
23 2 494 495 496 497 498 499 500 501 502 503 504 505 506 507 508 509 510 511 512 513 514 515 
22 2 516 517 518 519 520 521 522 523 524 525 526 527 528 529 530 531 532 533 534 535 536 
17 2 537 538 539 540 541 542 543 544 545 546 547 548 549 550 551 552 
24 2 553 554 555 556 557 558 559 560 561 562 563 564 565 566 567 568 569 570 571 572 573 574 575 
26 2 576 577 578 579 580 581 582 583 584 585 586 587 588 589 590 591 592 593 594 595 596 597 598 599 600 
27 2 601 602 603 604 605 606 607 608 609 610 611 612 613 614 615 616 617 618 619 620 621 622 623 624 625 626 
14 2 627 628 629 630 631 632 633 634 635 636 637 638 639 
30 2 640 641 642 643 644 645 646 647 648 649 650 651 652 653 654 655 656 657 658 659 660 661 662 663 664 665 666 667 668 
24 2 669 670 671 672 673 674 675 676 677 678 679 680 681 682 683 684 685 686 687 688 689 690 691 
18 3 692 693 694 308 695 696 697 698 699 700 701 702 703 704 705 706 707 
17 3 708 709 710 711 712 713 714 715 716 717 718 719 720 721 722 723 
18 724 3 725 726 727 728 729 730 731 732 733 734 735 736 737 738 739 740 
21 741 3 742 743 744 745 746 747 748 749 750 751 752 753 754 755 756 757 758 759 760 
31 3 761 762 763 764 765 766 767 768 769 770 771 772 773 774 775 776 777 778 779 780 781 782 783 784 785 786 787 788 789 790 
25 3 791 792 793 794 795 796 797 798 799 800 801 802 803 804 805 806 807 808 809 810 811 812 813 814 
16 3 815 816 817 818 819 820 821 822 823 824 825 826 827 828 829 
29 830 3 831 832 833 834 835 836 837 838 839 840 841 842 843 844 845 846 847 848 849 850 851 852 853 854 855 856 857 
22 3 858 859 860 861 862 863 864 865 866 867 868 869 870 871 872 873 874 875 876 877 878 
26 3 879 880 881 882 883 884 885 886 887 888 889 890 891 892 893 894 895 896 897 898 899 900 901 902 903 
18 3 904 905 906 907 908 909 910 911 912 913 914 915 916 917 918 919 920 
25 3 921 390 922 923 924 925 926 927 928 929 930 931 932 933 934 935 936 937 938 939 940 941 942 943 
26 3 944 945 946 947 948 949 950 951 952 953 954 955 956 957 958 959 960 961 962 963 964 965 966 967 968 
26 3 969 970 971 972 973 974 975 976 977 978 979 980 981 982 983 984 985 986 987 988 989 990 991 992 993 
8 3 994 995 996 997 998 999 1000 
1 3 
1 3 
1 3 
2 4 143 
1 4 
1 4 
1 4 
1 4 
2 4 68 
1 4 
1 4 
1 4 
1 4 
1 4 
1 4 
1 4 
2 4 351 
3 4 59 721 
1 4 
1 4 
1 4 
1 4 
1 4 
1 4 
2 4 895 
1 5 
1 5 
1 5 
2 945 5 
1 5 
1 5 
1 5 
1 5 
2 5 965 
1 5 
1 5 
2 5 490 
3 944 5 225 
1 5 
1 5 
1 5 
3 5 286 663 
1 6 
1 6 
1 6 
1 6 
1 6 
1 6 
1 6 
1 6 
1 6 
1 6 
1 6 
2 6 275 
1 6 
2 6 997 
1 6 
1 6 
1 6 
1 6 
1 6 
1 6 
1 7 
1 7 
1 7 
1 7 
1 7 
1 7 
1 7 
1 7 
1 7 
1 7 
2 7 293 
2 7 958 
1 7 
1 7 
1 7 
2 7 278 
1 7 
1 7 
1 7 
1 7 
1 7 
2 884 8 
1 8 
1 8 
1 8 
2 882 8 
1 8 
1 8 
1 8 
1 8 
2 54 8 
1 8 
1 8 
2 8 930 
1 8 
2 398 8 
1 8 
1 8 
1 8 
1 8 
1 8 
1 8 
1 8 
1 8 
1 8 
1 8 
1 9 
1 9 
1 9 
1 9 
1 9 
1 9 
1 9 
1 9 
1 9 
2 841 9 
1 9 
1 9 
1 9 
1 9 
2 419 9 
1 9 
1 10 
1 10 
2 907 10 
3 181 245 10 
1 10 
1 10 
2 178 10 
1 10 
1 10 
1 10 
1 10 
1 10 
1 10 
1 10 
1 10 
1 10 
1 10 
1 10 
1 10 
1 10 
1 10 
2 253 11 
1 11 
1 11 
1 11 
1 11 
1 11 
1 11 
1 11 
1 11 
1 11 
1 11 
1 11 
1 11 
1 11 
1 11 
1 11 
2 729 11 
1 11 
1 11 
1 11 
1 11 
1 11 
1 11 
2 779 11 
1 12 
1 12 
1 12 
1 12 
1 12 
2 12 88 
1 12 
1 12 
1 12 
1 12 
2 12 248 
1 12 
1 12 
1 12 
2 768 12 
1 12 
2 927 12 
2 745 12 
1 13 
1 13 
1 13 
1 13 
1 13 
1 13 
1 13 
2 178 13 
1 13 
1 13 
2 230 13 
2 13 877 
1 14 
1 14 
1 14 
2 196 14 
1 14 
1 14 
1 14 
2 778 14 
1 14 
1 14 
2 352 14 
2 981 14 
1 14 
1 14 
1 14 
1 14 
1 14 
1 14 
1 14 
1 15 
1 15 
1 15 
1 15 
1 15 
1 15 
2 104 15 
1 15 
1 15 
2 128 15 
1 15 
1 15 
1 16 
1 16 
1 16 
1 16 
1 16 
2 16 92 
1 16 
1 16 
1 16 
1 16 
1 16 
1 16 
2 123 16 
1 16 
1 16 
1 16 
1 16 
1 16 
1 16 
1 17 
1 17 
1 17 
1 17 
1 17 
1 17 
1 17 
1 17 
3 36 592 17 
2 384 17 
1 17 
1 17 
1 17 
1 17 
1 17 
1 17 
1 17 
1 17 
1 17 
2 913 17 
2 990 17 
1 18 
1 18 
1 18 
1 18 
2 18 697 
1 18 
1 18 
1 18 
1 18 
1 18 
1 18 
1 18 
2 18 688 
1 18 
1 18 
1 19 
1 19 
1 19 
1 19 
1 19 
1 19 
2 19 725 
1 19 
1 19 
1 19 
1 19 
1 19 
1 19 
1 19 
1 19 
2 19 67 
2 20 260 
1 20 
3 860 20 838 
2 20 737 
1 20 
1 20 
1 20 
1 20 
1 20 
1 20 
1 20 
1 20 
1 20 
1 20 
1 20 
1 20 
1 20 
1 20 
1 20 
1 20 
1 20 
1 20 
1 21 
1 21 
1 21 
2 21 408 
1 21 
1 21 
1 21 
2 21 838 
1 21 
1 21 
2 21 309 
1 21 
1 21 
2 21 449 
1 21 
1 21 
2 22 47 
1 22 
1 22 
2 22 938 
1 22 
1 22 
1 22 
1 22 
2 22 148 
2 22 916 
1 22 
1 22 
1 22 
1 22 
1 22 
1 22 
1 22 
1 22 
2 377 22 
1 22 
1 22 
2 22 718 
1 22 
1 22 
1 23 
1 23 
2 23 803 
1 23 
2 23 551 
2 23 173 
2 23 989 
1 23 
1 23 
1 23 
1 23 
1 23 
1 23 
1 23 
1 23 
1 23 
1 23 
2 23 776 
1 23 
1 23 
1 23 
1 23 
1 23 
2 23 962 
1 23 
1 23 
1 24 
1 24 
1 24 
1 24 
1 24 
1 24 
1 24 
2 24 876 
1 24 
2 24 387 
1 24 
1 24 
1 24 
1 24 
1 24 
1 24 
1 24 
1 24 
1 24 
1 24 
1 24 
1 24 
2 645 24 
2 25 476 
1 25 
1 25 
1 25 
1 25 
1 25 
1 25 
1 25 
2 25 752 
1 25 
1 25 
1 25 
1 25 
2 463 25 
1 25 
1 26 
1 26 
1 26 
1 26 
1 26 
1 26 
1 26 
1 26 
1 26 
1 26 
1 26 
1 26 
2 26 87 
2 576 26 
2 26 760 
1 26 
1 27 
1 27 
1 27 
1 27 
1 27 
1 27 
1 27 
1 27 
1 27 
1 27 
1 27 
1 27 
1 27 
1 27 
1 27 
1 27 
1 27 
1 27 
2 27 776 
1 27 
1 27 
1 27 
1 28 
2 28 780 
2 28 620 
1 28 
2 28 871 
1 28 
1 28 
2 28 827 
2 708 28 
1 28 
1 28 
1 28 
1 28 
1 28 
1 28 
1 28 
1 28 
1 28 
2 28 782 
1 28 
1 28 
1 29 
1 29 
1 29 
1 29 
1 29 
1 29 
1 29 
1 29 
1 29 
1 29 
1 29 
1 29 
1 29 
1 29 
2 418 29 
1 29 
1 30 
1 30 
1 30 
1 30 
1 30 
1 30 
1 30 
1 30 
1 30 
1 30 
1 30 
1 30 
1 30 
1 30 
1 30 
1 30 
1 30 
1 30 
1 30 
1 30 
1 30 
2 30 663 
1 30 
2 31 491 
1 31 
1 31 
2 848 31 
1 31 
1 31 
1 31 
1 31 
1 31 
1 31 
1 31 
1 31 
1 31 
1 31 
1 31 
1 31 
2 308 31 
1 31 
1 31 
1 31 
1 31 
1 31 
1 31 
1 31 
1 31 
1 32 
1 32 
1 32 
1 32 
2 32 740 
1 32 
2 944 32 
1 32 
2 32 968 
1 32 
1 32 
1 32 
1 32 
1 32 
1 32 
1 32 
1 32 
1 32 
1 32 
2 518 32 
1 32 
1 32 
1 32 
1 32 
1 32 
1 32 
1 33 
1 33 
1 33 
1 33 
1 33 
2 709 33 
1 33 
1 33 
1 33 
1 33 
1 33 
1 33 
1 33 
2 660 34 
1 34 
1 34 
1 34 
1 34 
2 34 462 
1 34 
1 34 
1 34 
1 34 
1 34 
1 34 
1 34 
1 34 
1 34 
1 34 
2 769 34 
1 34 
1 34 
1 34 
2 640 34 
1 34 
1 34 
3 574 34 92 
1 34 
1 34 
1 34 
1 34 
1 34 
2 761 35 
1 35 
1 35 
1 35 
1 35 
1 35 
1 35 
1 35 
1 35 
1 35 
1 35 
1 35 
1 35 
2 903 35 
1 35 
1 35 
1 35 
1 35 
1 35 
2 333 35 
1 35 
1 35 
1 35 
1 36 
2 36 864 
1 36 
1 36 
1 36 
2 36 325 
1 36 
1 36 
1 36 
1 36 
1 36 
1 36 
2 36 931 
1 36 
1 36 
1 36 
2 37 524 
2 37 632 
1 37 
1 37 
1 37 
1 37 
1 37 
1 37 
2 37 899 
1 37 
2 37 411 
1 37 
1 37 
2 37 68 
1 37 
1 37 
1 38 
2 38 342 
1 38 
1 38 
1 38 
3 38 212 963 
1 38 
1 38 
1 38 
1 38 
1 38 
1 38 
1 38 
2 38 355 
1 38 
1 38 
2 605 38 
1 39 
1 39 
1 39 
1 39 
2 39 237 
1 39 
1 39 
1 39 
1 39 
1 39 
2 39 932 
2 39 471 
1 39 
1 39 
1 39 
1 39 
1 39 
1 39 
2 39 871 
2 39 492 
2 669 40 
1 40 
1 40 
1 40 
1 40 
1 40 
1 40 
2 40 234 
2 40 656 
1 40 
1 40 
1 40 
1 40 
1 40 
1 40 
3 40 431 512 
1 40 
2 40 257 
2 40 219 
2 40 517 
1 40 
2 40 534 
1 40 
1 40 
1 40 
1 40 
1 40 
1 40 
1 40 
1 40 
1 41 
1 41 
1 41 
1 41 
1 41 
1 41 
1 41 
1 41 
1 41 
1 41 
1 41 
1 41 
2 416 41 
1 41 
1 41 
1 41 
1 41 
1 41 
1 41 
1 41 
1 41 
1 41 
1 41 
1 41 
1 42 
1 42 
1 42 
1 42 
1 42 
1 42 
1 42 
1 42 
1 42 
1 42 
2 42 849 
1 42 
2 42 523 
1 42 
1 42 
1 43 
1 43 
2 858 43 
1 43 
1 43 
1 43 
1 43 
1 43 
3 354 43 381 
1 43 
1 43 
2 43 168 
1 43 
1 43 
1 43 
1 43 
1 43 
1 43 
2 579 43 
2 43 825 
1 43 
1 43 
1 43 
1 43 
1 43 
1 43 
1 43 
1 43 
2 832 44 
1 44 
2 354 44 
1 44 
1 44 
1 44 
2 44 693 
1 44 
1 44 
1 44 
1 44 
1 44 
1 44 
3 44 520 759 
1 44 
1 44 
1 44 
1 44 
2 44 447 
2 44 249 
1 44 
1 45 
1 45 
2 971 45 
2 138 45 
1 45 
2 134 45 
1 45 
1 45 
1 45 
1 45 
1 45 
1 45 
1 45 
1 45 
1 45 
1 45 
2 45 75 
1 45 
1 45 
1 45 
2 45 716 
1 45 
1 45 
1 45 
2 45 682 
1 46 
1 46 
1 46 
2 177 46 
1 46 
1 46 
1 46 
1 46 
1 46 
2 46 319 
1 46 
1 46 
2 46 399 
1 46 
1 46 
1 46 
1 46 
1 47 
1 47 
1 47 
1 47 
1 47 
1 47 
2 47 236 
1 47 
1 47 
2 47 146 
2 47 704 
2 47 751 
1 47 
1 47 
1 47 
1 47 
1 47 
2 393 47 
1 47 
1 47 
1 47 
1 47 
1 47 
3 607 48 88 
2 79 48 
1 48 
1 48 
1 48 
1 48 
1 48 
1 48 
1 48 
1 48 
1 48 
1 48 
1 48 
1 48 
2 124 48 
1 48 
1 48 
1 48 
2 48 437 
2 729 48 
1 48 
2 84 48 
1 48 
1 48 
2 609 48 
1 49 
1 49 
2 881 49 
1 49 
1 49 
1 49 
1 49 
1 49 
1 49 
1 49 
1 49 
1 49 
2 261 49 
1 49 
1 49 
1 49 
1 49 
1 49 
1 49 
1 49 
2 420 49 
2 49 320 
1 49 
1 49 
1 49 
1 50 
1 50 
1 50 
2 106 50 
1 50 
1 50 
1 50 
