15 2 3 4 5 6 7 8 9 10 11 12 13 14 15 16 
25 17 18 19 20 1 21 22 23 24 25 26 27 28 29 30 31 32 33 34 35 36 37 38 39 40 
25 41 42 43 44 1 45 46 47 48 49 50 51 52 53 54 55 56 57 58 59 60 61 62 63 64 
15 65 1 66 67 68 69 70 71 72 73 74 75 76 77 78 
19 79 80 81 1 82 83 84 85 86 87 88 89 90 91 92 93 94 95 96 
22 97 98 1 99 100 101 102 103 104 105 106 107 108 109 110 111 112 113 114 115 116 117 
25 118 1 119 120 121 122 123 124 125 126 127 128 129 130 131 132 133 134 135 136 137 138 139 140 141 
16 142 1 143 144 145 146 147 148 149 150 151 152 153 154 155 156 
18 1 157 158 159 160 161 162 163 164 165 166 167 168 169 170 171 172 173 
29 174 175 176 177 1 178 100 179 180 181 182 183 184 185 186 187 188 189 190 191 192 193 194 195 196 197 198 199 200 
21 201 1 202 203 204 205 206 207 208 209 210 211 212 213 214 215 216 217 218 219 220 
15 221 1 222 223 224 225 226 227 228 229 230 231 232 233 234 
23 235 236 237 238 1 239 240 241 242 243 244 245 246 247 248 249 250 251 252 253 254 255 256 
17 257 1 258 101 259 260 261 262 263 264 265 266 267 268 269 270 271 
21 272 273 1 274 275 276 277 278 279 280 281 282 283 284 285 286 287 288 289 290 291 
15 1 292 293 294 295 296 297 298 299 300 301 302 303 304 305 
28 306 2 307 308 309 310 311 312 313 314 315 316 317 318 319 320 321 322 323 324 325 326 327 328 329 330 331 332 
21 333 334 2 335 336 337 338 339 340 341 342 343 344 345 346 347 348 349 350 351 352 
25 353 2 354 355 356 357 358 359 360 361 362 363 364 365 366 367 368 369 370 371 372 373 374 375 376 
25 377 378 2 379 380 381 382 383 384 385 386 387 388 389 390 391 392 393 394 395 396 397 398 399 400 
17 401 402 2 403 404 405 406 407 408 409 410 411 412 413 414 415 416 
20 417 418 2 419 420 421 422 423 424 425 426 427 428 429 430 431 432 433 434 435 
16 2 436 437 438 439 440 441 442 443 444 445 446 447 448 449 450 
20 451 2 452 453 454 455 456 457 458 459 460 461 462 463 464 465 466 467 468 469 
22 470 471 2 472 473 474 475 476 477 478 479 480 481 482 483 484 485 486 487 488 489 490 
15 491 492 2 493 494 495 496 497 498 499 500 501 502 503 504 
20 505 506 2 507 508 509 510 511 512 513 514 515 516 517 518 519 520 521 522 523 
20 524 2 525 526 527 528 529 530 531 532 533 534 535 536 537 538 539 540 541 542 
18 543 2 544 545 546 547 548 549 550 551 552 553 554 555 556 557 558 559 
17 560 2 561 493 562 563 564 565 566 567 568 569 570 571 572 573 574 
24 575 576 2 577 578 579 580 581 582 583 584 585 586 587 588 589 590 591 592 593 594 595 596 597 
26 598 2 599 600 601 602 603 604 605 606 607 608 609 610 611 612 613 614 615 616 617 618 619 620 621 622 
20 2 623 624 625 626 627 628 629 630 631 632 633 634 635 636 637 638 639 640 641 
17 642 2 643 644 645 646 647 648 649 650 651 652 653 654 655 656 657 
22 658 659 2 660 661 662 663 664 665 666 667 668 669 670 671 672 673 674 675 676 677 678 
21 679 2 680 681 682 683 684 685 686 687 688 689 690 691 692 693 694 695 696 697 698 
16 2 699 700 701 702 703 704 705 706 707 708 709 710 711 712 713 
26 714 715 716 2 717 718 719 720 721 722 723 724 725 726 727 728 392 729 730 731 732 733 734 735 736 737 
20 2 738 739 740 682 741 742 743 744 745 746 747 748 749 750 751 752 753 754 755 
15 2 756 757 758 759 760 761 762 763 764 765 766 767 768 769 
24 770 3 771 772 773 774 775 776 777 778 779 780 781 782 783 784 785 786 787 788 789 790 791 792 
19 793 3 794 795 796 797 798 799 800 801 802 803 804 805 806 807 808 809 810 
19 811 812 3 813 814 815 816 817 818 819 820 821 822 823 824 825 826 827 828 
26 829 830 3 831 832 833 834 835 836 837 838 839 840 841 842 843 844 845 846 847 848 849 850 851 852 853 
17 854 3 855 856 857 858 859 860 861 862 863 864 865 866 867 868 869 
16 870 871 3 872 873 874 875 876 877 878 879 880 881 882 883 884 
13 885 3 886 508 887 888 889 890 891 892 893 894 895 
17 896 897 898 3 899 900 901 902 903 904 905 906 907 908 909 910 911 
26 912 913 3 914 915 916 917 918 919 920 921 922 923 924 925 926 927 928 929 930 931 932 933 934 935 936 
16 937 938 939 3 940 941 942 943 944 945 946 947 948 949 950 951 
20 952 953 954 955 3 956 957 958 959 960 961 962 963 964 965 966 967 968 969 970 
21 971 972 3 973 974 975 976 977 978 979 980 981 982 983 984 985 986 987 988 989 990 
19 991 3 992 993 994 995 996 997 998 999 1000 1001 1002 1003 1004 1005 1006 1007 1008 
20 1009 3 1010 1011 1012 1013 1014 1015 1016 1017 1018 1019 1020 1021 1022 1023 1024 1025 1026 1027 
22 1028 1029 3 1030 1031 1032 1033 1034 1035 1036 1037 1038 1039 1040 1041 1042 1043 1044 1045 1046 1047 1048 
26 1049 1050 1051 1052 3 1053 1054 1055 1056 1057 1058 1059 1060 1061 1062 1063 1064 1065 1066 1067 1068 1069 1070 1071 1072 1073 
23 1074 1075 1076 1077 3 1078 1079 1080 1081 1082 1083 1084 1085 1086 1087 1088 1089 1090 1091 1092 1093 1094 1095 
19 3 1096 1097 406 1098 1099 1100 1101 1102 1103 1104 1105 1106 1107 1108 1109 1110 1111 1112 
16 1113 3 1114 1115 1116 1117 1118 1119 1120 1121 1122 1123 1124 1125 1126 1127 
15 1128 1129 3 1130 1131 1132 1133 1134 1135 1136 1137 1138 1139 1140 1141 
19 1142 1143 1144 3 1145 1146 1147 1148 1149 1150 1151 1152 1153 1154 1155 1156 1157 1158 1159 
29 1160 1161 1162 3 1163 1164 1165 1166 1167 1168 1169 1170 1171 1172 1173 1174 1175 1176 1177 1178 1179 1180 1181 1182 1042 1183 1184 1185 1186 
22 3 1187 1188 1189 1190 1191 1192 1193 1194 1195 1196 1197 1198 1199 1200 1201 1202 1203 1204 1205 1206 1207 
16 543 3 1208 1209 1210 1211 1212 1213 1214 1215 1216 1217 1218 1219 1220 1221 
22 1222 1223 1224 1225 4 1226 1227 1228 1229 1230 1231 1232 1233 1234 1235 1236 1237 1238 1239 1240 1241 1242 
17 1243 1244 4 1245 1246 1247 1248 1249 1250 1251 1252 1253 1254 1255 1256 1257 1258 
27 1259 1260 1261 1262 4 1263 1264 1265 1266 1267 1268 1269 1270 1271 1272 1273 1274 1275 1276 1277 1278 1279 1280 1281 1282 1283 1284 
24 1285 1286 4 1287 1288 1289 1290 1291 1292 1293 1294 1295 1296 1297 1298 1299 1300 1301 1302 1303 1304 1305 1306 1307 
26 1308 1309 1310 4 1311 1312 1313 1314 1315 1316 1317 1318 1319 1320 1321 1322 1323 1324 1325 1326 1327 1328 1329 1330 1331 1332 
23 1333 1334 1335 4 1336 1337 1338 1339 1340 1341 1342 1343 1344 1345 1346 1347 1348 1349 1350 1351 1352 1353 1354 
17 1355 1356 1357 1358 4 1359 1360 1361 1362 1363 1364 1365 1366 1367 1368 1369 1370 
19 1371 1372 1373 1374 4 1375 944 1376 1377 1378 1379 1380 1381 1382 1383 1384 1385 1386 1387 
29 1388 1389 1390 1391 1392 4 1393 1394 1395 1396 1397 1398 1399 1400 1401 1402 1403 1404 1405 136 1406 1407 1408 1409 1410 1411 1412 1413 1414 
20 1415 1416 1417 4 1418 1419 1420 1421 1422 1423 1424 1425 1426 1427 1428 1429 1430 1431 1432 1433 
17 1434 1435 1436 1437 1438 1439 4 1440 1441 1442 1443 1444 1445 1446 1447 1448 1449 
23 1450 1451 1452 4 1453 1454 1455 1456 1457 1458 1459 1460 1461 1462 1463 1464 1465 1466 1467 1468 1469 1470 1471 
17 1472 1473 4 1474 1475 1476 1477 1478 1479 1480 1481 1482 1483 1484 1485 1486 1487 
23 1488 1489 1490 1491 1492 1493 4 1494 1495 1496 1497 1498 1499 1500 1501 1502 1503 1504 1505 1506 1507 1508 1509 
29 1510 1511 1512 1513 5 1514 1515 1516 1517 1518 1519 1520 1521 1522 1523 1524 1525 1526 1527 1528 1529 1530 1531 1532 1533 1534 1535 1536 1537 
21 1538 1539 1540 1541 1542 5 1543 1544 1545 1546 1547 1548 1549 1550 1551 1552 1553 1554 1555 1556 1557 
21 1558 1559 1560 1561 1562 1563 1564 5 1565 1566 1567 1568 1569 1570 1571 1572 1573 1574 1575 1576 1577 
17 1578 1579 1580 1581 1582 5 1583 1584 1585 1586 1587 1588 1589 1590 1591 1592 1593 
23 1594 1595 1596 1597 1598 5 1599 1600 1601 1602 1603 1604 1605 1606 1607 1608 1609 1610 1611 1612 1613 1614 1615 
15 1616 1617 1618 1619 1620 5 1621 1622 1623 1624 1625 1626 1627 1628 1629 
18 1630 1631 1632 1633 1634 1635 5 1636 1637 1638 1639 1640 1641 1642 1643 1644 1645 1646 
19 1647 1648 5 1649 1650 1651 1652 1653 1654 1655 1656 1657 1658 1659 1660 1661 1662 1663 1664 
20 1665 1666 5 1667 1668 1669 1670 1671 1672 1673 1674 1675 1676 1677 1678 1679 1680 1681 1682 1683 
20 1684 1685 1686 1687 1688 5 1689 1690 1691 1692 1693 1694 1695 1696 1697 1698 1699 1700 1701 1702 
20 1703 1704 1705 1706 1707 5 1708 1709 1710 1711 1712 1713 1714 1715 1716 1717 693 1718 1719 1720 
15 1721 1722 5 311 1723 1724 1725 1726 1727 1728 1729 1730 1731 1732 1733 
22 1734 1735 1736 5 1737 1738 1739 1740 1741 1742 1743 1744 1745 1746 1747 1748 1749 1750 1751 1752 1753 1754 
17 1755 1756 5 1757 1758 1759 1760 1761 1762 1763 1764 1765 1766 1767 1768 1769 1770 
17 1771 1772 1773 1774 1775 5 1776 1777 1778 1779 1780 1781 1782 1783 1784 1785 1786 
20 1787 1788 1789 1790 5 1791 1792 1793 1794 1795 1796 1797 1798 1799 1800 1801 1802 1803 1804 1805 
20 1806 1807 1808 1809 1810 1811 5 1812 1813 1814 1815 1816 1152 1817 1818 1819 1820 1821 1822 1823 
25 1824 5 1825 1826 1827 1828 1829 1830 1831 1832 1833 1834 1835 1836 1837 1838 1839 1840 1841 1842 1843 1844 1845 1846 1847 
16 1848 1849 1850 1851 6 1852 1853 1854 1855 1856 1857 1858 1859 1860 1861 568 
23 1862 1863 1864 1865 1866 1867 6 1868 1869 1870 1871 1872 1873 1874 926 1875 1876 1877 1878 1879 1880 1881 1882 
21 1883 1884 1885 1886 406 1887 1888 1889 1890 6 1891 1892 1893 1894 1895 1896 1897 1898 1899 1900 1901 
20 1902 1903 1904 1905 1906 1907 1908 1909 6 1910 1911 1912 1913 10 1914 1915 1916 1917 1918 1919 
23 1920 1921 1922 1923 1924 1925 1926 1927 1928 6 1929 1930 1931 1932 1933 1934 1935 1936 14 1937 1938 1939 1940 
21 1941 1942 1943 1944 1945 1946 1947 1948 1949 6 1950 1951 1952 1953 1954 1955 1956 1957 1958 1959 1960 
28 1961 1962 1963 1964 1965 1966 1967 1968 1969 6 1970 1971 1972 1973 1974 1975 1976 1977 1978 1979 1980 1981 303 1982 1983 1984 1985 1986 
19 1987 1988 1989 1990 207 6 1991 1992 1993 1994 1995 1996 1997 1998 1999 2000 2001 2002 2003 
20 2004 2005 2006 2007 2008 2009 2010 6 2011 2012 2013 2014 2015 2016 2017 2018 2019 2020 2021 2022 
25 2023 2024 2025 2026 2027 2028 2029 2030 2031 2032 2033 2034 6 2035 2036 2037 2038 2039 2040 2041 2042 2043 2044 2045 2046 
26 2047 2048 2049 2050 2051 2052 2053 2054 2055 6 2056 2057 2058 2059 2060 2061 2062 2063 2064 2065 2066 2067 2068 2069 2070 2071 
16 2072 6 2073 2074 2075 2076 2077 2078 2079 2080 2081 2082 2083 2084 2085 2086 
19 2087 2088 2089 2090 2091 2092 2093 2094 6 2095 2096 2097 2098 2099 2100 2101 2102 2103 2104 
22 2105 2106 2107 2108 2109 2110 2111 6 2112 2113 2114 2115 2116 2117 2118 2119 2120 2121 2122 2123 2124 2125 
22 2126 2127 2128 2129 2130 2131 2132 6 2133 2134 2135 2136 2137 2138 2139 2140 2141 2142 2143 2144 2145 2146 
21 2147 2148 2149 2150 2151 2152 2153 2154 6 2155 2156 2157 2158 2159 2160 2161 2162 2163 2164 2165 2166 
18 2167 2168 2169 2170 2171 2172 2173 6 2174 2175 2176 2177 2178 2179 2180 2181 2182 2183 
15 2184 2185 2186 2187 6 2188 2189 2190 2191 2192 2193 2194 2195 2196 2197 
20 2198 2199 2200 2201 2202 2203 6 2204 2205 2206 2207 2208 2209 2210 2211 2212 2213 2214 2215 2216 
21 2217 2218 2219 2220 6 2221 2222 2223 2224 2225 2226 2227 2228 2229 2230 2231 2232 2233 2234 2235 2236 
19 1962 2237 2238 2239 2240 2241 2242 2243 2244 2245 6 2246 2247 2248 2249 2250 2251 2252 2253 
20 2254 2255 2256 2257 2258 2259 2260 2261 7 2262 2263 2264 2265 2266 2267 2268 2269 2270 2271 2272 
17 2273 2274 2275 2276 2034 2277 2278 2279 2280 7 2281 2282 2283 2284 2285 2286 2287 
19 2288 2289 2290 2291 2292 7 2293 2294 2295 2296 2297 2298 1730 2299 2300 2301 2302 2303 2304 
21 2305 2306 2307 2308 2309 2310 7 2311 2312 2313 2314 2315 2316 2317 2318 2319 2320 2321 2322 2323 2324 
31 2325 2326 2327 2328 2329 2330 2331 2332 1290 2333 2334 2335 2336 2337 2338 2339 7 2340 2341 2342 2343 2344 2345 2346 2347 1182 2348 2349 2350 2351 2352 
20 2353 2354 2355 2356 7 2357 2358 2359 2360 2361 2362 2363 2364 2365 2366 2367 2368 2369 2370 2371 
26 2372 2373 2374 2375 2376 2377 2378 2379 2380 2381 7 2382 2383 2384 2385 2386 2387 2388 2389 2390 2391 2392 2393 2394 2395 2396 
19 2397 2398 2399 2400 2401 7 2402 2403 2404 2405 2406 2407 2408 2409 2410 2411 2412 2413 2414 
32 2415 2416 2417 2418 2419 2420 2421 2422 2423 2424 2425 2426 2427 2428 2429 7 2430 2431 2432 2433 2434 2435 2436 2437 2438 2121 2439 2440 2441 2442 2443 2444 
19 2445 2446 2447 2448 7 2449 2450 2451 2452 2453 2454 2455 2456 2457 2458 2459 2460 2461 2462 
21 2463 2464 2465 2466 2467 2468 2469 2470 7 2471 2472 2473 2474 2475 2476 2477 2478 2479 2480 2481 2482 
20 2483 2484 2485 2486 2487 2488 7 2489 2490 2491 2492 2493 2494 2495 2496 2497 692 2498 2499 2500 
12 2501 2502 2503 7 2504 2505 2506 2507 2508 2509 2510 2511 
25 2512 2513 2514 2515 2516 2517 2518 7 2519 2520 2521 2522 2523 2524 2525 2526 2527 2528 2529 2530 2531 2532 2533 2534 2535 
21 2536 2537 2538 7 2539 2540 2541 2542 2543 2544 2545 2546 2547 2548 2549 2550 2551 2552 2553 2554 2555 
18 2556 2557 2558 2559 2560 2561 7 2562 2563 2564 2565 2566 2567 2568 2569 2570 2571 2572 
18 2573 2574 2575 2576 2577 2578 2579 2580 2581 7 2582 2583 2584 2585 2586 2587 2588 2589 
21 2590 2591 2592 2593 2594 2595 2596 7 2597 2598 2599 2600 2601 2602 2603 2604 2605 2606 2607 2608 2609 
25 2610 2611 2612 2613 2614 2615 2616 2617 2618 7 2619 2620 2621 2622 2623 2624 2625 73 2626 2627 2628 2629 2630 2631 2632 
13 2633 2634 2635 2636 7 2637 2638 2639 2640 2341 2641 2642 2643 
21 2644 2645 2646 2261 2647 2648 2649 7 2650 2651 2652 2653 2654 2655 2656 2657 2658 2659 2660 2661 2662 
14 2663 2664 7 2665 2666 2667 2668 2669 2670 2671 2672 2673 2674 2675 
18 2676 2677 2088 2678 2679 2680 2681 2682 7 2683 979 2684 2685 2686 2687 2688 2689 2690 
24 2691 2692 2693 2694 2695 2696 7 2697 2698 2699 2700 2701 2702 2703 2704 2705 2706 2707 2708 2709 2710 2711 2712 2713 
20 2714 2715 2716 2717 2718 2719 2720 2721 2722 2723 8 2724 2725 2726 2727 2728 2729 2730 2731 2732 
23 2733 2734 2735 2736 2737 1418 2738 2739 2740 2741 2742 8 2743 2744 2745 2746 2747 2748 2749 2750 2751 2752 2753 
19 2754 2755 2756 2757 2758 2759 2760 2761 2762 2763 8 2764 2765 2766 2767 2768 2769 2770 2771 
15 2772 2773 2774 2775 2776 2777 2778 8 2779 2780 2781 2782 2783 2784 2785 
19 2786 2787 2788 2789 2790 2791 2792 2793 2794 2795 8 2796 2797 2798 2799 2800 1184 2554 2801 
14 2802 2803 2804 2805 2806 2807 2808 8 2809 2810 2811 2812 2813 2814 
20 2815 2816 2817 2818 2819 2820 2821 2822 2823 8 2824 2825 2826 2827 2828 2829 2830 2831 2832 2833 
21 2834 2835 2836 2837 2838 2839 2840 2841 8 2842 2843 2844 2845 2846 2847 2848 2849 2850 2851 2852 2853 
30 2854 2855 2856 2857 2858 2859 2860 2861 2862 2863 2864 2865 2866 2867 2868 2869 8 2870 2871 2872 2873 2874 2875 2876 2877 2878 2879 2880 2881 2882 
24 2883 2884 2885 2886 2887 2888 2889 2890 2891 2892 8 2893 2894 2895 2896 2897 2898 2899 2900 2901 2902 2903 2904 2905 
24 2906 2907 2908 2909 2910 2911 2912 2913 2914 2915 2916 2917 2918 8 2919 2920 2921 2922 2923 2924 2925 2926 2927 2928 
17 2929 2930 2931 2932 2933 2934 2935 2936 2937 8 2938 2939 2940 2941 2942 2943 2944 
13 2945 2946 2947 2948 2949 2950 2951 8 2952 2953 2954 2955 2956 
23 2957 2958 2959 2960 2961 2962 2963 2964 2965 8 671 2966 2967 2968 2969 2970 2971 2972 2973 2974 2975 2976 2977 
22 2978 2979 2980 2981 2982 2983 2984 8 2985 2986 2987 2988 2989 2990 2991 2992 2993 2994 2995 2996 2997 2998 
21 2999 645 3000 3001 3002 3003 3004 3005 3006 3007 3008 9 3009 3010 3011 3012 3013 3014 3015 3016 3017 
37 3018 3019 3020 3021 3022 3023 3024 3025 3026 3027 3028 3029 3030 3031 3032 3033 3034 3035 9 3036 3037 3038 1818 3039 3040 3041 3042 3043 3044 3045 3046 3047 3048 2749 3049 3050 3051 
23 829 3052 3053 2959 3054 3055 3056 3057 3058 3059 3060 3061 3062 3063 3064 9 3065 3066 3067 3068 3069 3048 3070 
18 3071 3072 3073 3074 3075 3076 2636 3077 3078 3079 3080 9 3081 3082 3083 3084 3085 3086 
25 3087 3088 3089 3090 3091 3092 3093 3094 3095 3096 3097 3098 3099 3100 3101 9 3102 3103 3104 3105 3106 3107 3108 3109 3110 
19 3111 3112 3113 3114 3115 3116 3117 3118 3119 3120 9 3121 3122 3123 3124 3125 3126 3127 3128 
22 1631 3129 3130 3131 3132 3133 3134 3135 3136 3137 3138 9 3139 3140 3141 3142 3143 3144 3145 3146 3147 3148 
13 3149 3150 3151 3152 3153 3154 3155 3156 9 3157 3158 3159 3160 
17 3161 3162 1722 3163 3164 3165 3166 9 3167 3168 3169 3170 3171 3172 3173 3174 3175 
16 3176 3177 3178 3179 3180 3181 3182 3183 9 3184 3185 3186 3187 3188 3189 3190 
22 3191 3192 3193 3194 3195 3196 3197 3198 3199 9 3200 3201 3202 3203 3204 3205 3206 3207 3208 3209 398 3210 
17 3211 3212 3213 3214 3215 3216 3217 3218 3219 9 3220 3221 3222 3223 3224 3225 3226 
21 3227 3228 3229 3230 3231 3232 3233 3234 3235 9 3236 3237 3238 3239 2370 3240 3241 3242 3243 3244 3245 
23 3246 3247 3248 3249 3250 3251 3252 3253 3254 3255 3256 3257 3258 9 3259 3260 3261 3262 3263 3264 3265 2848 3266 
23 3267 3268 3269 3270 3271 3272 3273 3274 3275 3276 3277 3278 9 3279 3280 3281 3282 3283 3284 3285 3286 3287 3288 
23 3289 3290 3291 3292 3293 3294 3295 3296 3297 3298 3299 2866 3300 3301 9 3302 3303 3304 1680 3305 3306 3307 3308 
21 3309 3310 3311 3312 3313 3314 3315 3316 3317 3318 3319 9 3320 3321 3322 3323 3324 3325 3326 3327 3328 
20 3329 3330 3331 3332 3333 3334 3335 3336 3337 3338 3339 10 3340 3341 3342 3343 3344 3345 3346 3347 
15 3348 3349 3350 3351 3352 3353 10 3354 3355 3356 3357 3358 3359 3360 3361 
15 3362 3363 3364 3365 3366 3367 3368 3369 10 3370 3371 3372 3373 1257 3374 
23 3375 3376 3377 3378 3379 3380 3381 3382 2563 3383 1744 3384 3385 3386 10 3387 3388 3389 3390 3391 3392 3393 3394 
19 3395 3396 3397 3398 3399 3400 10 3401 3402 3403 3404 3405 3406 3407 3408 3409 3410 3411 3412 
14 2958 3413 3414 3415 3416 3417 3418 3419 3420 3421 10 3422 3423 3424 
18 3425 3426 3427 3428 3429 3430 10 3431 3432 2228 3433 3434 3435 3436 3437 3438 249 3439 
22 3440 3441 3442 3443 3444 3445 3446 3447 3448 3449 3450 3451 3452 3453 10 3454 3455 3456 3457 3458 3459 3460 
25 3461 3462 3463 3464 3465 3466 3467 3468 3469 3470 3471 3472 3473 3474 3475 3476 10 3477 3478 3479 3480 3481 3482 3483 3484 
22 3485 3486 3487 3488 3489 3490 3491 3492 3493 3494 3495 3496 3497 10 3498 3499 3500 3501 3502 3503 3504 3505 
19 3506 3507 3508 3509 3510 3511 3512 3513 3514 3515 3516 3517 10 3518 3519 3520 3521 3522 3523 
24 3524 3525 3526 3527 3528 3529 3530 3531 3532 3533 3534 3535 3536 3537 3538 3539 10 3540 3541 3542 3543 3544 3545 3546 
26 3547 3548 3549 3550 3551 3552 3553 3554 3555 3556 3557 3558 3559 3560 3561 3562 3563 10 3564 3565 3566 3567 3568 3569 3570 3571 
22 3572 3573 3574 3575 3576 3577 3578 3579 3580 3581 3582 3583 3584 3585 3586 10 3587 3588 3589 2351 3590 3591 
19 3592 3593 3594 3595 3596 3597 3598 3599 3600 1321 10 3601 3602 3603 3604 3605 3606 3607 3608 
25 3609 3610 3611 3612 3613 3614 3615 3616 3617 3618 3619 3620 3621 3622 3623 3624 10 3625 3626 3627 3628 3629 3630 3631 3632 
25 3633 3634 3635 3636 3637 3638 3639 3640 3641 3642 3643 3644 3645 3646 3647 3648 3649 3650 10 3651 3652 3653 3654 3655 3656 
17 3657 3658 3659 3660 3661 3662 3663 3664 10 3665 3666 3667 3668 3669 3670 3671 3672 
18 3673 3674 3675 3676 3677 3678 3679 3680 3182 3681 3682 10 3683 3684 3685 3686 3687 3688 
10 3689 3690 3691 3692 3693 10 3694 3695 3696 3697 
7 3698 3699 3700 1792 1343 427 10 
3 1988 10 2567 
3 1013 279 10 
2 1472 10 
1 10 
1 10 
2 2755 10 
1 11 
2 1703 11 
1 11 
1 11 
1 11 
2 11 558 
2 104 11 
1 11 
1 11 
2 2907 11 
2 511 11 
1 11 
2 3425 11 
1 11 
3 506 474 11 
1 11 
1 11 
2 2740 11 
2 2138 11 
1 11 
2 1559 12 
3 493 707 12 
3 1490 3644 12 
2 296 12 
1 12 
3 1838 12 2177 
2 2339 12 
3 3621 12 3405 
2 12 748 
1 12 
1 12 
1 12 
2 316 12 
2 12 3544 
1 13 
1 13 
1 13 
2 561 13 
1 13 
1 13 
1 13 
2 461 13 
2 13 2899 
1 13 
1 13 
1 13 
1 13 
2 2047 13 
2 180 13 
1 13 
3 605 2829 13 
3 762 2113 13 
2 1928 13 
2 1365 13 
1 13 
2 2431 13 
3 1377 790 14 
2 2137 14 
1 14 
3 3555 3118 14 
4 3338 14 2771 2928 
1 14 
2 14 469 
1 14 
3 2541 3235 14 
1 14 
1 14 
1 14 
2 898 14 
1 14 
1 14 
2 2419 15 
4 476 3083 3405 15 
1 15 
3 2958 2945 15 
1 15 
3 3455 15 2214 
1 15 
2 196 15 
1 15 
1 15 
2 453 15 
2 3453 15 
1 15 
1 15 
3 1708 1004 15 
1 15 
2 2042 15 
2 3270 15 
2 3519 15 
1 15 
1 16 
1 16 
3 1029 16 2752 
1 16 
2 224 16 
1 16 
2 3688 16 
1 16 
2 16 2632 
1 16 
1 16 
2 103 16 
2 2323 16 
1 16 
2 17 532 
2 17 2374 
2 17 1768 
2 17 2074 
1 17 
3 17 686 90 
1 17 
1 17 
1 17 
2 17 2842 
2 17 233 
1 17 
1 17 
2 17 1983 
3 17 1014 906 
1 17 
2 575 17 
2 17 2209 
2 17 2877 
1 17 
1 17 
5 1049 17 1541 3119 1935 
3 17 550 1021 
1 17 
1 17 
2 17 3254 
1 17 
1 18 
2 18 836 
1 18 
2 18 2920 
1 18 
2 18 1066 
2 18 2398 
3 18 439 2440 
2 18 1436 
1 18 
2 18 2210 
1 18 
2 18 1547 
2 18 1515 
2 18 2778 
1 18 
1 18 
2 18 2753 
2 18 3615 
1 18 
1 19 
2 19 3129 
1 19 
3 19 2466 804 
2 19 1604 
1 19 
1 19 
1 19 
2 19 3218 
1 19 
3 19 767 2533 
1 19 
2 19 1036 
3 19 3509 2708 
3 19 3292 3557 
1 19 
1 19 
2 953 19 
1 19 
2 1372 19 
1 19 
1 19 
1 19 
1 19 
1 20 
2 20 1995 
1 20 
1 20 
2 20 1694 
1 20 
1 20 
1 20 
2 1260 20 
1 20 
1 20 
1 20 
3 3018 20 1114 
1 20 
1 20 
2 20 38 
1 20 
1 20 
3 20 919 1035 
2 20 3069 
1 20 
2 20 167 
1 20 
1 20 
1 21 
2 21 3474 
3 2714 21 1374 
1 21 
2 2633 21 
3 99 21 58 
1 21 
1 21 
1 21 
2 21 983 
1 21 
3 21 438 1424 
1 21 
2 21 1548 
1 21 
2 21 2428 
1 22 
1 22 
1 22 
1 22 
2 22 1782 
3 22 2876 519 
4 2834 22 2035 2077 
2 22 2579 
1 22 
1 22 
2 22 194 
1 22 
1 22 
3 22 1182 847 
1 22 
2 22 1821 
1 22 
3 1962 22 1552 
1 22 
1 23 
1 23 
2 23 412 
2 23 340 
3 23 2380 2144 
1 23 
2 23 609 
3 23 1056 2689 
2 23 2250 
1 23 
1 23 
2 23 3664 
3 3093 23 1103 
1 23 
2 23 2694 
1 24 
1 24 
2 24 282 
1 24 
2 24 3031 
4 2372 2536 24 936 
1 24 
3 24 1819 2629 
2 995 24 
2 24 3272 
2 24 242 
3 1560 24 2109 
1 24 
1 24 
1 24 
1 24 
2 24 2587 
1 24 
2 24 263 
3 25 1739 2585 
1 25 
2 25 997 
1 25 
2 25 215 
2 1619 25 
2 273 25 
2 1096 25 
1 25 
2 25 1978 
1 25 
2 3312 25 
1 25 
1 25 
3 25 1188 3146 
1 25 
1 25 
1 25 
2 1962 25 
1 25 
3 1647 25 3214 
2 1080 26 
2 26 2943 
4 222 26 30 1603 
2 626 26 
1 26 
1 26 
2 1666 26 
1 26 
1 26 
1 26 
2 26 1663 
2 26 1893 
2 26 2741 
1 26 
2 27 2731 
2 27 215 
4 2129 27 839 732 
2 47 27 
1 27 
1 27 
3 27 2935 211 
2 27 3477 
1 27 
2 27 920 
1 27 
2 27 2208 
1 27 
2 1243 27 
3 422 2334 27 
1 27 
1 27 
2 2862 27 
1 27 
1 28 
2 28 950 
1 28 
1 28 
2 28 3458 
2 28 856 
2 1260 28 
1 28 
2 306 28 
1 28 
3 2804 28 1462 
2 3639 28 
1 28 
2 28 2842 
1 28 
1 28 
1 28 
1 28 
1 28 
3 1359 29 64 
4 3093 29 1854 3545 
4 771 29 2408 1156 
1 29 
1 29 
2 29 1106 
1 29 
2 29 328 
1 29 
2 29 2454 
1 29 
1 29 
2 1226 29 
3 2557 29 927 
2 29 1702 
4 1309 206 29 1199 
1 29 
1 30 
2 238 30 
2 30 2472 
1 30 
1 30 
1 30 
4 3096 30 1480 2826 
2 30 1986 
3 97 30 1247 
2 30 1508 
1 30 
1 30 
3 30 3217 3603 
1 30 
2 813 30 
2 31 322 
1 31 
1 31 
3 2512 31 2494 
1 31 
1 31 
2 2198 31 
2 2612 31 
1 31 
1 31 
3 1190 1419 31 
2 602 31 
1 31 
1 31 
2 31 2074 
2 1259 31 
2 2562 31 
1 31 
1 31 
2 31 769 
4 2862 31 3136 1175 
2 31 883 
3 3578 1568 31 
1 32 
1 32 
1 32 
1 32 
3 32 586 641 
3 2199 32 1507 
1 32 
2 32 251 
2 3596 32 
1 32 
2 1926 32 
2 442 32 
2 32 1403 
1 32 
2 3182 32 
1 32 
1 32 
1 32 
1 32 
2 32 2437 
1 32 
1 32 
1 32 
1 32 
2 32 2125 
1 33 
1 33 
1 33 
2 494 33 
1 33 
1 33 
1 33 
1 33 
1 33 
1 33 
1 33 
2 33 1410 
1 33 
1 33 
1 33 
1 33 
2 1086 33 
1 33 
3 3018 602 33 
1 34 
3 700 34 3050 
2 1965 34 
2 157 34 
2 3494 34 
2 34 3240 
4 952 1789 2310 34 
2 2634 34 
1 34 
1 34 
1 34 
1 34 
2 3420 34 
2 34 1443 
1 34 
2 1546 34 
1 35 
1 35 
1 35 
1 35 
1 35 
1 35 
2 2277 35 
1 35 
1 35 
2 35 3321 
1 35 
2 35 1324 
1 35 
2 35 155 
2 1602 35 
2 1516 35 
1 35 
1 35 
1 35 
1 35 
2 3080 35 
2 1594 36 
3 3548 2112 36 
1 36 
2 36 39 
2 36 2214 
2 36 3321 
2 1300 36 
3 311 2638 36 
1 36 
2 36 2527 
2 36 1238 
1 36 
1 36 
2 129 36 
2 89 36 
1 36 
1 36 
1 36 
2 1714 36 
4 2945 3076 1193 36 
2 37 1469 
2 643 37 
1 37 
2 1549 37 
2 3430 37 
1 37 
1 37 
1 37 
2 222 37 
2 817 37 
4 3547 3456 37 2899 
1 37 
1 37 
2 37 3654 
3 3362 37 3286 
2 38 1008 
2 2446 38 
3 2577 38 2086 
3 1773 2387 38 
1 38 
1 38 
2 38 1769 
3 2333 38 3210 
1 38 
2 3650 38 
4 3416 2377 38 2728 
2 3184 38 
2 1511 38 
1 38 
1 38 
2 38 2731 
2 2251 38 
1 38 
2 507 38 
1 38 
1 38 
1 38 
1 38 
1 38 
1 39 
1 39 
3 1098 1341 39 
1 39 
2 2981 39 
1 39 
2 1217 39 
1 39 
1 39 
1 39 
3 1852 229 39 
2 764 39 
2 2487 39 
1 39 
2 39 3210 
2 3253 39 
2 1259 39 
2 1389 39 
1 40 
2 1840 40 
3 2834 1473 40 
2 40 2100 
1 40 
1 40 
2 40 252 
1 40 
4 3528 2344 749 40 
1 40 
1 40 
2 363 40 
2 1306 40 
2 594 40 
1 41 
2 41 545 
1 41 
2 41 3459 
1 41 
2 41 1062 
1 41 
2 41 3514 
1 41 
1 41 
2 41 2191 
2 41 3613 
2 41 2650 
2 41 3506 
1 41 
1 41 
1 41 
5 2023 41 3330 3272 3540 
1 41 
2 41 2295 
3 41 257 1972 
1 41 
3 1883 41 2732 
1 42 
3 42 3450 2882 
2 42 1397 
3 42 2242 1801 
2 42 3001 
1 42 
1 42 
1 42 
1 42 
2 42 2271 
3 42 2092 2021 
4 42 356 1234 2318 
1 42 
1 42 
3 42 1942 1544 
1 42 
1 42 
1 42 
1 43 
1 43 
3 43 2312 574 
1 43 
1 43 
1 43 
2 43 708 
2 43 1482 
1 43 
3 43 2094 1692 
1 43 
2 43 3307 
2 43 2979 
1 43 
1 43 
1 43 
2 43 1505 
1 43 
3 44 159 1381 
1 44 
1 44 
3 44 2448 2271 
1 44 
1 44 
3 1703 44 1966 
2 334 44 
2 44 1095 
3 1285 44 2812 
2 44 507 
1 44 
2 44 1547 
1 44 
1 44 
1 44 
1 44 
2 44 2116 
2 44 430 
2 44 3666 
1 44 
1 44 
2 44 1817 
1 44 
1 44 
1 45 
1 45 
2 45 529 
2 939 45 
1 45 
1 45 
2 45 1276 
1 45 
1 45 
1 45 
1 45 
1 45 
1 45 
2 45 1988 
2 45 1147 
1 45 
2 46 1337 
2 1436 46 
2 46 3422 
1 46 
3 46 2518 888 
2 46 1468 
1 46 
2 46 3280 
1 46 
2 46 3057 
4 46 2108 2367 2671 
3 46 1913 3046 
3 46 1562 3591 
2 46 596 
3 46 2218 2516 
2 47 2606 
2 47 2708 
3 47 3196 2073 
4 1581 47 874 2567 
3 47 1108 2482 
2 47 3032 
2 47 1678 
1 47 
2 47 1044 
2 47 1747 
1 47 
3 3464 48 1257 
2 3463 48 
2 48 269 
1 48 
2 2736 48 
2 48 2412 
2 48 1546 
2 48 1157 
2 48 2990 
1 48 
2 48 320 
2 48 3035 
1 48 
1 48 
1 48 
1 48 
2 49 2738 
2 49 2880 
2 49 1216 
1 49 
1 49 
1 49 
1 49 
4 49 1290 2747 395 
2 49 514 
2 49 2009 
2 49 3385 
3 49 1180 2081 
1 49 
3 2502 49 1376 
2 98 49 
2 49 556 
1 49 
2 49 1059 
1 49 
2 49 1487 
1 49 
2 1941 49 
1 49 
1 49 
5 49 1268 456 1820 1957 
3 50 2472 3588 
1 50 
2 50 857 
1 50 
2 50 2394 
1 50 
2 50 3677 
3 2276 50 72 
2 50 2136 
2 50 1194 
1 50 
2 50 3082 
1 50 
2 525 50 
1 50 
2 648 51 
3 51 2037 370 
1 51 
1 51 
3 3111 51 1995 
1 51 
1 51 
2 51 1184 
1 51 
2 51 3337 
1 51 
1 51 
1 51 
1 51 
1 51 
1 51 
1 51 
1 51 
2 2465 51 
2 52 3205 
1 52 
1 52 
1 52 
2 52 1533 
1 52 
1 52 
1 52 
2 52 140 
1 52 
2 2110 52 
3 52 2916 1182 
3 52 1911 410 
1 52 
1 52 
2 2198 52 
1 52 
1 52 
1 52 
2 52 3084 
2 53 1467 
2 2259 53 
1 53 
1 53 
2 53 459 
2 2816 53 
4 1920 472 3642 53 
1 53 
1 53 
1 53 
1 53 
1 53 
2 53 1993 
2 53 286 
2 53 2656 
4 53 1102 3140 2197 
2 53 3685 
3 714 53 2538 
1 54 
1 54 
1 54 
1 54 
5 2398 54 1518 3564 196 
3 54 1360 320 
1 54 
1 54 
2 54 1279 
2 54 1183 
1 54 
2 1074 54 
2 54 328 
2 54 1776 
1 54 
2 54 1603 
1 54 
1 54 
1 54 
2 1772 55 
2 294 55 
2 55 1181 
3 3463 3525 55 
2 55 1447 
2 55 3045 
2 2516 55 
4 55 395 3305 1765 
2 55 365 
1 55 
1 55 
3 2399 55 3079 
1 55 
3 3572 55 2871 
2 55 62 
1 55 
3 3180 55 893 
1 55 
1 55 
2 55 1716 
1 55 
2 56 327 
1 56 
1 56 
1 56 
3 56 1424 2685 
1 56 
2 3507 56 
2 443 56 
1 56 
1 56 
3 56 2268 929 
2 56 2019 
1 56 
3 775 56 2070 
1 56 
1 56 
2 2240 56 
2 338 56 
2 1779 56 
2 1578 56 
2 56 3208 
1 56 
2 1862 56 
1 56 
1 56 
2 57 1020 
2 57 3238 
1 57 
1 57 
2 3348 57 
1 57 
3 491 57 2671 
1 57 
1 57 
1 57 
2 1291 57 
1 57 
2 57 639 
1 57 
2 57 3190 
4 1648 1757 2892 57 
1 57 
2 57 1242 
1 57 
1 57 
2 2051 57 
2 837 57 
3 2152 477 58 
3 3465 1251 58 
3 740 58 1935 
1 58 
3 2894 1135 58 
1 58 
3 58 3696 1006 
2 58 448 
2 3494 58 
1 58 
2 548 58 
1 58 
2 889 58 
2 2682 58 
1 58 
2 58 2041 
1 58 
1 59 
5 1389 2378 389 59 2301 
2 3113 59 
1 59 
2 3534 59 
1 59 
4 2602 59 3014 3048 
1 59 
1 59 
2 2317 59 
1 59 
2 2981 59 
3 59 3625 2661 
1 59 
1 59 
1 60 
1 60 
2 3350 60 
1 60 
1 60 
1 60 
2 1376 60 
3 1359 1100 60 
2 2983 60 
1 60 
4 2856 1738 1730 60 
1 60 
1 60 
2 3011 60 
1 61 
1 61 
1 61 
3 1497 61 1937 
2 1705 61 
2 61 868 
1 61 
2 61 2785 
2 3038 61 
3 3430 2639 61 
3 61 95 1664 
2 3678 61 
1 61 
1 61 
3 545 61 1881 
2 903 61 
1 61 
2 3008 61 
1 62 
1 62 
1 62 
1 62 
1 62 
2 1616 62 
1 62 
1 62 
2 1247 62 
1 62 
1 62 
1 62 
1 62 
1 62 
1 62 
2 62 595 
1 62 
1 62 
2 3294 62 
3 1688 2921 62 
2 923 62 
2 1030 62 
4 122 982 430 62 
2 1018 62 
3 146 959 62 
1 62 
2 3448 62 
1 63 
2 484 63 
1 63 
2 585 63 
2 2961 63 
1 63 
3 2855 63 698 
6 1510 2591 946 2347 2367 63 
1 63 
1 63 
1 63 
2 3689 63 
2 558 63 
2 2099 63 
2 1477 63 
1 63 
1 63 
2 3130 63 
1 63 
1 63 
1 63 
2 1223 64 
1 64 
2 3501 64 
1 64 
3 3461 2898 64 
1 64 
1 64 
1 64 
2 914 64 
2 744 64 
1 64 
1 64 
1 64 
1 64 
1 65 
3 65 1208 1836 
3 65 1313 2608 
2 65 1838 
2 65 555 
2 65 3370 
2 65 2940 
1 65 
1 65 
1 65 
2 65 3450 
1 65 
3 65 3057 804 
1 65 
2 65 1757 
1 65 
2 65 689 
3 65 2515 3682 
1 65 
1 65 
2 65 1091 
3 66 2209 518 
1 66 
1 66 
1 66 
3 66 1168 568 
2 66 1380 
1 66 
3 66 3692 2162 
2 66 1097 
1 66 
1 66 
2 66 2076 
1 66 
1 66 
3 896 176 66 
1 66 
3 67 590 754 
3 67 385 530 
3 67 3256 1479 
1 67 
1 67 
2 67 1706 
1 67 
1 67 
1 67 
4 67 1341 1912 936 
2 67 2924 
1 67 
2 3506 67 
1 67 
1 67 
1 67 
1 67 
2 67 860 
1 67 
1 67 
2 67 1017 
1 67 
2 67 3664 
1 67 
1 67 
2 67 2414 
3 838 2338 68 
1 68 
1 68 
1 68 
1 68 
4 122 919 68 3566 
3 1084 68 2894 
1 68 
2 68 2233 
2 68 2939 
1 68 
1 68 
2 68 2144 
1 68 
1 68 
2 685 68 
1 68 
1 68 
1 68 
1 68 
2 3440 68 
2 68 768 
1 68 
1 69 
2 69 558 
1 69 
1 69 
1 69 
2 1224 69 
1 69 
2 1807 69 
1 69 
1 69 
1 69 
1 69 
1 69 
2 69 188 
1 69 
1 69 
2 69 669 
1 69 
1 69 
3 3020 69 1897 
4 1489 69 3536 3067 
1 69 
2 69 3143 
1 69 
1 69 
2 3097 70 
3 70 1504 1784 
1 70 
3 3292 3097 70 
2 870 70 
1 70 
1 70 
1 70 
3 740 1268 70 
2 70 1822 
2 70 194 
2 3024 70 
1 70 
2 3301 70 
2 3678 70 
1 70 
1 70 
2 70 2018 
2 70 3600 
2 70 1402 
1 70 
3 3466 2113 70 
1 71 
2 71 2833 
2 1454 71 
1 71 
3 543 71 1135 
6 2612 2309 1014 2787 2637 71 
2 2149 71 
2 3474 71 
4 1685 71 2706 1432 
1 71 
2 71 254 
3 3638 1653 71 
1 71 
1 71 
1 71 
1 71 
1 72 
2 72 372 
1 72 
3 403 72 1683 
3 2516 1835 72 
3 72 1134 925 
2 257 72 
2 72 1464 
1 72 
2 1248 72 
3 829 3136 72 
2 1648 72 
2 1712 72 
1 72 
1 72 
1 72 
2 2935 72 
3 1811 73 2974 
4 2465 1114 73 755 
2 73 2103 
1 73 
2 73 3542 
1 73 
1 73 
2 73 2181 
1 73 
3 795 2478 73 
1 73 
2 73 3341 
1 73 
1 73 
3 73 1352 1508 
2 610 73 
1 73 
1 73 
1 73 
2 73 3374 
1 73 
1 73 
2 634 73 
1 73 
2 2719 73 
1 73 
1 73 
2 1500 74 
1 74 
1 74 
3 143 1713 74 
2 585 74 
1 74 
2 1688 74 
1 74 
1 74 
3 1053 74 412 
2 2616 74 
1 74 
2 3562 74 
1 74 
1 74 
1 74 
1 74 
2 1363 74 
2 2957 74 
2 1672 75 
2 3566 75 
4 871 3698 341 75 
1 75 
1 75 
1 75 
1 75 
2 2565 75 
2 2076 75 
2 75 655 
1 75 
3 3163 75 1465 
1 75 
3 1032 3156 75 
1 75 
1 75 
2 2838 76 
1 76 
2 2110 76 
2 1987 76 
2 1357 76 
1 76 
1 76 
1 76 
4 1775 76 2499 2848 
1 76 
2 2385 76 
1 76 
3 1925 534 76 
3 2694 3119 76 
2 1378 76 
2 1445 76 
2 2421 76 
2 991 76 
3 875 1875 76 
2 699 76 
2 2782 76 
1 76 
3 2151 77 197 
3 758 2891 77 
1 77 
1 77 
1 77 
2 77 1201 
1 77 
5 1261 3381 3218 1501 77 
2 566 77 
1 77 
2 818 77 
1 77 
1 77 
2 2035 77 
1 77 
2 931 77 
1 78 
2 1328 78 
3 2072 223 78 
1 78 
2 1836 78 
2 2901 78 
1 78 
2 3551 78 
1 78 
3 1145 3258 78 
2 1510 78 
1 78 
2 1415 78 
2 1479 78 
2 78 1880 
2 1684 78 
2 1334 78 
2 827 78 
1 78 
2 603 78 
3 1402 569 78 
2 3575 78 
4 2023 79 1498 1194 
3 79 726 2705 
2 79 2358 
1 79 
1 79 
3 79 1745 346 
2 79 673 
1 79 
3 79 1013 2846 
3 79 3609 3200 
1 79 
1 79 
3 79 3517 1533 
2 79 1683 
2 79 3451 
3 79 3529 3653 
2 79 2706 
1 79 
1 79 
1 79 
2 79 2031 
2 79 3177 
1 79 
4 79 1581 975 1522 
1 79 
1 79 
1 79 
1 79 
2 80 1914 
2 80 2608 
1 80 
2 80 327 
2 80 2779 
1 80 
2 80 807 
1 80 
4 80 902 2492 657 
3 80 841 345 
4 80 3624 3423 414 
2 80 702 
1 80 
3 80 3335 2071 
3 80 1693 434 
1 80 
1 80 
1 80 
1 80 
2 80 1607 
1 81 
2 221 81 
2 81 462 
3 81 1847 2215 
3 81 882 2688 
1 81 
2 81 1833 
2 2167 81 
2 81 2432 
2 81 1840 
2 81 597 
2 81 1752 
1 81 
2 81 1596 
1 81 
1 81 
1 81 
1 81 
1 81 
1 81 
3 82 1970 1068 
1 82 
1 82 
4 82 888 1846 1533 
1 82 
1 82 
1 82 
1 82 
1 82 
1 82 
2 2087 82 
1 82 
2 82 1724 
1 82 
2 82 3578 
1 82 
2 679 83 
1 83 
2 83 1571 
2 83 1933 
4 83 2647 1678 2124 
2 3087 83 
1 83 
2 83 2766 
2 83 672 
3 493 83 1024 
3 83 357 3172 
1 83 
1 83 
2 83 1557 
2 83 3429 
1 83 
3 83 1619 3213 
1 83 
1 83 
1 83 
1 83 
2 83 2050 
4 84 1165 2624 2798 
1 84 
1 84 
3 84 475 1610 
1 84 
1 84 
1 84 
1 84 
1 84 
1 84 
1 84 
1 84 
2 84 3477 
2 84 3143 
1 85 
2 85 163 
2 85 2174 
1 85 
1 85 
2 85 2888 
1 85 
1 85 
1 85 
2 2611 85 
2 2127 85 
2 85 2225 
1 85 
1 85 
1 85 
2 85 1768 
1 85 
3 86 2905 490 
3 86 1089 1382 
3 86 2498 3306 
1 86 
1 86 
1 86 
2 86 1366 
2 86 1913 
1 86 
1 86 
1 86 
1 86 
2 2465 86 
2 1943 86 
2 86 2897 
2 86 1732 
3 86 2774 501 
2 86 1152 
1 87 
2 87 497 
1 87 
4 2836 87 2002 2690 
2 2420 87 
2 87 2840 
2 87 2385 
2 1434 87 
2 87 3077 
1 87 
1 87 
1 87 
1 87 
3 1598 87 891 
3 87 2808 2794 
2 87 172 
1 87 
2 87 2657 
3 1374 87 1523 
3 88 1976 1503 
4 88 1363 3667 1720 
1 88 
1 88 
3 88 1421 1179 
1 88 
1 88 
1 88 
2 88 820 
2 88 1552 
2 381 88 
2 88 2621 
3 88 2937 2117 
1 88 
1 88 
2 88 3484 
2 2573 88 
1 88 
2 88 557 
3 202 835 89 
1 89 
2 89 1146 
2 1264 89 
1 89 
2 89 286 
1 89 
1 89 
1 89 
4 89 2641 1383 2462 
4 1987 1418 89 2673 
3 89 3407 697 
4 2837 3639 3678 89 
3 1968 89 1047 
2 89 2829 
2 89 3006 
2 3092 89 
2 1685 89 
1 90 
2 90 165 
2 2883 90 
2 90 1590 
1 90 
1 90 
1 90 
1 90 
1 90 
4 120 3256 90 1138 
1 90 
4 90 2298 2940 1662 
3 2204 2917 90 
1 91 
1 91 
1 91 
1 91 
3 2610 91 1138 
2 470 91 
1 91 
1 91 
1 91 
2 91 2626 
2 177 91 
2 1515 91 
2 91 3360 
2 91 894 
1 91 
1 91 
2 3089 91 
1 91 
2 1569 91 
1 91 
1 91 
2 1826 92 
1 92 
3 1236 92 1089 
4 3551 92 2441 2085 
2 2478 92 
1 92 
1 92 
1 92 
3 92 2942 2752 
1 92 
2 1035 92 
1 92 
1 92 
3 308 92 1645 
2 720 92 
2 3661 92 
1 93 
2 1028 93 
2 717 93 
1 93 
3 1458 2953 93 
2 1022 93 
2 3575 93 
1 93 
4 3674 1067 93 3688 
1 93 
1 93 
2 421 93 
2 3404 93 
2 1334 93 
2 93 1898 
1 93 
1 94 
1 94 
3 648 94 1919 
1 94 
2 94 1823 
2 194 94 
1 94 
1 94 
1 94 
2 2818 94 
1 94 
1 94 
1 94 
1 94 
3 796 2038 94 
1 94 
1 94 
1 94 
3 2307 1860 94 
2 3170 95 
2 1315 95 
1 95 
1 95 
2 2162 95 
3 1388 2932 95 
2 2433 95 
1 95 
1 95 
1 95 
1 95 
3 3640 851 95 
3 158 3314 95 
3 3560 458 95 
3 3400 95 936 
2 432 95 
2 1342 95 
2 1791 95 
2 2434 96 
1 96 
3 1755 2036 96 
1 96 
1 96 
2 3295 96 
1 96 
1 96 
1 96 
3 1564 2905 96 
1 96 
2 1375 96 
3 1223 1492 96 
1 96 
4 1225 226 3121 96 
1 96 
3 757 1567 96 
1 96 
2 2151 96 
1 96 
1 96 
1 96 
2 1581 96 
4 1561 3143 2322 96 
1 97 
2 97 3246 
2 97 2899 
2 97 2607 
2 97 748 
2 97 2598 
3 97 544 2097 
1 97 
1 97 
2 97 2212 
1 97 
3 97 3604 2160 
2 97 1805 
1 97 
3 98 1899 1071 
1 98 
1 98 
2 98 2139 
1 98 
1 98 
1 98 
1 98 
1 98 
1 98 
4 98 1946 2671 3240 
1 98 
1 98 
2 98 1468 
1 98 
2 98 2330 
1 98 
1 98 
3 98 1502 2729 
2 98 1156 
1 98 
2 99 792 
1 99 
2 99 3331 
2 99 3551 
1 99 
1 99 
1 99 
1 99 
1 99 
1 99 
2 99 502 
1 99 
2 99 2552 
1 99 
3 99 2497 1327 
2 99 1785 
2 1862 99 
1 99 
3 99 2262 1954 
1 100 
1 100 
2 100 2577 
1 100 
2 100 2838 
1 100 
3 1941 100 2988 
1 100 
1 100 
2 100 983 
2 100 1268 
3 100 1654 881 
2 1538 100 
1 100 
1 100 
1 100 
3 100 2838 3245 
2 100 1789 
2 101 997 
1 101 
2 101 3128 
1 101 
2 101 3538 
2 101 1462 
3 101 608 2156 
1 101 
4 101 2798 3391 253 
1 101 
2 101 2231 
1 101 
2 101 2636 
2 101 1597 
1 101 
4 101 2446 1098 327 
1 101 
2 101 1145 
1 101 
1 101 
1 101 
4 102 1908 3078 933 
2 102 807 
2 102 1660 
2 1962 102 
1 102 
3 102 1872 3157 
1 102 
1 102 
1 102 
2 102 3231 
1 102 
1 102 
2 3191 102 
2 102 1901 
1 102 
1 102 
2 102 936 
1 102 
1 102 
2 102 3475 
1 103 
5 1944 103 488 434 117 
1 103 
1 103 
2 644 103 
3 103 835 2969 
1 103 
2 103 1716 
1 103 
2 1578 103 
2 103 2302 
2 103 790 
1 103 
1 103 
1 103 
3 1684 103 3600 
1 103 
2 103 479 
2 3610 103 
1 103 
2 103 2966 
2 103 2423 
2 103 319 
1 103 
2 103 2793 
2 103 567 
4 2755 1453 104 1713 
3 104 195 867 
2 104 2621 
1 104 
1 104 
1 104 
2 104 1003 
1 104 
3 378 956 104 
1 104 
1 104 
1 104 
2 104 2045 
2 3366 104 
1 104 
2 1668 104 
1 104 
1 105 
1 105 
1 105 
1 105 
1 105 
2 105 921 
2 105 3533 
1 105 
1 105 
1 105 
3 3161 2153 105 
1 105 
1 105 
1 105 
2 105 1350 
3 105 1060 3108 
1 105 
4 3000 105 803 2629 
1 105 
3 1510 106 787 
2 106 2659 
1 106 
1 106 
1 106 
1 106 
2 3314 106 
1 106 
2 106 1530 
1 106 
1 106 
2 119 106 
4 106 423 3125 1485 
2 1826 106 
2 953 106 
2 106 1801 
1 106 
2 106 2098 
2 106 1111 
2 106 288 
2 2217 106 
1 106 
2 106 1999 
1 106 
3 2423 107 248 
1 107 
1 107 
3 2501 107 1615 
2 107 1094 
2 3698 107 
1 107 
2 107 3400 
1 107 
2 3699 107 
1 107 
1 107 
1 107 
2 3449 107 
1 107 
1 107 
3 3420 107 3359 
1 107 
1 107 
1 107 
2 107 3124 
1 107 
1 107 
3 107 1062 2781 
2 107 1551 
2 1490 108 
3 887 108 2209 
3 309 108 589 
1 108 
3 1442 108 1254 
3 423 108 2684 
1 108 
1 108 
2 3527 108 
2 923 108 
1 108 
1 108 
1 108 
2 1758 108 
2 716 108 
3 2172 109 1588 
3 3335 109 140 
1 109 
2 3032 109 
1 109 
2 803 109 
1 109 
3 3191 820 109 
1 109 
1 109 
4 2738 1854 109 2922 
3 2245 109 2040 
2 109 1200 
2 759 109 
2 3080 109 
1 109 
2 1390 109 
2 109 2191 
1 110 
1 110 
1 110 
2 880 110 
2 462 110 
3 1452 981 110 
2 3269 110 
2 680 110 
4 110 3346 252 1354 
1 110 
1 110 
2 110 846 
2 1696 110 
2 2400 110 
2 110 3668 
1 110 
2 126 110 
1 110 
3 3318 110 2191 
2 1598 110 
3 2207 110 622 
1 111 
2 1640 111 
1 111 
2 507 111 
1 111 
1 111 
1 111 
1 111 
1 111 
1 111 
2 945 111 
2 258 111 
2 111 219 
2 1865 111 
1 111 
1 111 
2 2803 111 
1 111 
3 440 1297 111 
1 111 
2 2188 111 
1 112 
1 112 
3 2633 1361 112 
1 112 
4 1472 3192 1842 112 
2 1096 112 
2 2014 112 
2 3461 112 
1 112 
4 3488 1926 3079 112 
1 112 
1 112 
1 112 
2 1859 112 
1 112 
4 1810 1250 2671 112 
2 2577 112 
2 2544 112 
1 112 
1 112 
2 1565 113 
1 113 
1 113 
1 113 
1 113 
3 2087 2529 113 
2 2950 113 
2 1632 113 
1 113 
1 113 
2 226 113 
1 113 
1 113 
1 113 
2 1395 113 
1 113 
3 3418 3627 113 
1 114 
1 114 
1 114 
1 114 
2 114 2146 
1 114 
1 114 
5 780 3065 2123 114 2104 
1 114 
2 3575 114 
1 114 
1 114 
1 114 
3 2677 114 1006 
5 2839 2338 581 986 115 
2 603 115 
1 115 
1 115 
2 2624 115 
1 115 
2 115 1733 
2 2407 115 
1 115 
3 2418 115 2125 
2 516 115 
4 1243 2073 323 115 
4 343 2637 3522 115 
2 2702 115 
2 1857 115 
1 115 
3 683 277 115 
2 1561 115 
1 115 
4 2514 2492 2043 116 
2 884 116 
1 116 
1 116 
1 116 
2 2256 116 
1 116 
2 3033 116 
3 2291 1641 116 
1 116 
1 116 
3 180 2451 116 
2 2978 116 
1 116 
2 1930 116 
1 116 
2 1293 116 
1 116 
2 2717 116 
1 116 
1 117 
1 117 
1 117 
2 1065 117 
1 117 
2 796 117 
2 2598 117 
1 117 
2 2098 117 
3 3122 2727 117 
1 117 
1 117 
1 117 
3 2278 444 117 
2 730 117 
1 117 
1 117 
1 118 
1 118 
2 118 2222 
1 118 
2 118 2340 
3 118 992 3495 
1 118 
2 118 138 
3 118 3692 1901 
2 118 2445 
2 118 2417 
1 118 
2 118 2607 
1 118 
2 118 1059 
1 118 
1 118 
3 118 832 802 
1 118 
1 119 
1 119 
1 119 
2 119 944 
2 119 664 
2 119 2250 
1 119 
1 119 
1 119 
1 119 
1 119 
1 119 
1 119 
1 119 
2 119 3184 
1 120 
2 120 3182 
1 120 
2 120 2225 
1 120 
1 120 
1 120 
2 120 789 
1 120 
1 120 
2 120 1732 
1 120 
2 120 2890 
2 1114 120 
2 120 1971 
1 120 
1 120 
1 121 
1 121 
2 121 1805 
1 121 
2 121 1360 
2 648 121 
1 121 
2 813 121 
2 121 3340 
1 121 
2 2737 121 
1 121 
4 121 3560 1122 2690 
3 121 2916 804 
1 121 
1 121 
2 121 3430 
2 121 1847 
2 121 304 
1 121 
1 122 
2 122 3570 
2 122 2845 
1 122 
1 122 
2 122 1877 
2 122 2771 
1 122 
2 721 122 
5 122 3122 2500 519 3697 
2 122 3209 
1 122 
2 122 2744 
3 2198 1285 122 
3 2415 122 227 
2 2258 122 
3 122 3058 137 
1 122 
2 122 3105 
2 122 764 
2 122 3084 
2 122 2479 
2 122 1194 
1 122 
2 122 3245 
1 122 
2 122 187 
1 122 
1 123 
1 123 
1 123 
1 123 
1 123 
2 1512 123 
2 123 2656 
1 123 
1 123 
1 123 
1 123 
1 123 
2 3641 123 
2 123 3536 
3 123 880 1194 
1 123 
1 123 
2 123 169 
1 123 
2 124 456 
1 124 
2 307 124 
1 124 
1 124 
2 724 124 
2 1114 124 
2 124 2850 
3 440 124 3632 
1 124 
1 124 
2 2502 124 
1 124 
4 124 1671 1460 3669 
3 124 3080 3047 
2 717 124 
1 124 
2 3074 124 
1 124 
1 124 
2 124 2869 
1 124 
2 941 124 
1 124 
1 124 
2 2421 125 
3 339 1013 125 
2 125 1039 
2 125 2118 
1 125 
1 125 
1 125 
1 125 
2 125 3065 
2 3491 125 
3 3580 125 2205 
2 545 125 
1 125 
1 125 
4 3054 125 3695 3360 
3 901 125 3505 
2 125 2439 
4 3693 125 2919 1284 
2 2339 126 
1 126 
2 126 2264 
2 126 2207 
2 272 126 
2 1669 126 
3 2397 126 1466 
1 126 
4 2047 3487 126 1982 
1 126 
1 126 
1 126 
2 126 2989 
2 126 416 
1 126 
2 3679 126 
4 2787 2889 126 256 
3 1566 126 2667 
2 1812 126 
2 1824 126 
1 126 
1 126 
2 126 617 
1 126 
2 126 2413 
2 340 126 
2 1758 126 
1 126 
2 3597 126 
1 126 
2 127 2263 
3 715 127 1935 
1 127 
2 832 127 
1 127 
2 127 3340 
3 3291 127 2228 
2 127 2551 
1 127 
2 127 552 
1 127 
1 127 
1 127 
2 2795 127 
2 3592 127 
1 127 
2 127 2732 
2 127 1712 
1 128 
1 128 
4 1389 128 1659 970 
2 356 128 
1 128 
1 128 
2 2504 128 
1 128 
2 128 3148 
3 937 562 128 
1 128 
2 3611 128 
2 128 2799 
1 128 
1 128 
3 1759 1397 128 
2 128 2346 
1 128 
1 128 
3 128 2764 889 
1 129 
1 129 
1 129 
2 2960 129 
2 129 750 
1 129 
1 129 
2 2542 129 
1 129 
3 2217 1546 129 
1 129 
2 578 129 
1 129 
1 129 
2 129 1897 
2 1649 129 
2 1458 129 
3 2334 3473 129 
2 2050 130 
3 2383 130 925 
2 2663 130 
2 2469 130 
1 130 
1 130 
1 130 
1 130 
1 130 
1 130 
1 130 
2 578 131 
1 131 
2 2217 131 
3 131 3542 1239 
4 1375 1034 131 884 
2 131 2828 
2 874 131 
1 131 
2 3185 131 
1 131 
2 3100 131 
1 131 
1 131 
1 131 
1 131 
2 688 131 
1 131 
2 2172 131 
2 131 3571 
2 3572 131 
1 131 
2 363 131 
1 131 
1 131 
3 456 3623 132 
1 132 
2 132 1008 
1 132 
1 132 
2 132 265 
2 2490 132 
1 132 
2 132 2164 
3 3294 2775 132 
1 132 
1 132 
1 132 
1 132 
1 132 
2 2452 132 
2 132 1895 
1 132 
2 146 132 
1 132 
2 3140 133 
3 2638 133 556 
1 133 
1 133 
1 133 
1 133 
3 133 591 3520 
3 177 2835 133 
2 3473 133 
2 1441 133 
1 133 
4 3076 888 133 195 
2 133 2975 
1 133 
1 133 
1 133 
1 133 
2 134 1700 
1 134 
1 134 
2 3490 134 
4 716 1904 134 2163 
1 134 
3 3079 424 134 
1 134 
1 134 
1 134 
1 134 
1 134 
2 470 134 
2 134 2710 
2 134 467 
2 2986 134 
1 134 
1 135 
2 1194 135 
1 135 
2 135 2848 
2 3420 135 
1 135 
1 135 
1 135 
3 2243 1853 135 
1 135 
1 135 
1 135 
2 1119 135 
1 135 
2 135 3685 
1 135 
3 885 3025 135 
3 1851 2266 135 
3 1539 1224 135 
1 135 
2 1738 136 
2 1639 136 
3 1360 582 136 
1 136 
1 136 
1 136 
3 2824 1425 136 
1 136 
1 136 
1 136 
1 136 
3 1989 1695 136 
1 136 
1 136 
3 1616 2202 136 
1 136 
2 1743 136 
1 136 
1 136 
3 458 136 2021 
1 136 
2 3622 136 
2 300 136 
3 2149 405 137 
2 649 137 
2 3295 137 
3 160 1932 137 
3 1360 2210 137 
4 2557 686 137 2659 
2 1151 137 
2 3496 137 
2 1712 137 
1 137 
1 137 
1 138 
1 138 
1 138 
2 1598 138 
1 138 
1 138 
2 782 138 
1 138 
1 138 
2 3186 138 
1 138 
1 138 
4 2359 2953 138 1005 
2 138 1682 
1 138 
3 2024 2638 138 
1 138 
2 138 1125 
1 138 
2 2503 139 
1 139 
1 139 
1 139 
2 2432 139 
1 139 
1 139 
1 139 
5 1080 1872 880 2162 139 
1 139 
2 1713 139 
1 139 
1 139 
1 140 
2 140 2197 
1 140 
1 140 
1 140 
2 3495 140 
2 1109 140 
1 140 
2 2077 140 
3 1053 2799 140 
1 140 
1 140 
2 1562 140 
2 443 140 
4 1668 3098 2317 140 
2 3637 141 
1 141 
1 141 
4 2962 1463 450 141 
1 141 
1 141 
1 141 
1 141 
1 141 
1 141 
2 3605 141 
2 2211 141 
1 141 
2 3618 141 
3 1511 3422 141 
3 1363 1526 141 
1 141 
3 886 366 141 
1 141 
2 2586 141 
1 141 
1 141 
1 141 
4 2735 142 403 2941 
1 142 
1 142 
2 142 2235 
1 142 
2 142 1412 
1 142 
1 142 
1 142 
1 142 
1 142 
1 142 
1 142 
2 142 2246 
3 142 3555 724 
3 142 3335 1880 
1 142 
3 505 142 729 
3 142 2461 792 
1 143 
2 143 3667 
2 2714 143 
2 143 900 
2 143 2315 
3 912 143 2097 
1 143 
2 143 218 
2 143 503 
3 143 3103 3174 
1 143 
2 143 2337 
1 143 
1 143 
2 143 919 
1 143 
2 143 158 
1 143 
1 143 
3 143 294 1763 
2 143 350 
1 144 
3 144 1987 200 
2 144 2962 
1 144 
1 144 
1 144 
1 144 
2 144 3156 
1 144 
3 144 2898 2973 
2 144 2482 
1 144 
2 144 1601 
1 144 
1 144 
1 144 
2 144 3387 
3 144 2331 261 
1 145 
1 145 
2 145 1663 
2 145 2545 
1 145 
2 145 3372 
2 145 347 
2 145 1542 
1 145 
2 145 2070 
2 145 1470 
1 145 
1 145 
3 145 1149 3063 
1 146 
3 146 1360 2431 
2 146 3694 
1 146 
1 146 
2 146 3695 
1 146 
2 146 1985 
2 146 1679 
2 146 2458 
1 146 
2 146 3521 
3 1616 146 1928 
4 146 2475 2685 3305 
2 146 3047 
1 146 
1 147 
3 147 2986 2142 
2 147 534 
1 147 
3 147 2916 3107 
1 147 
2 147 1679 
1 147 
1 147 
1 147 
4 147 3094 838 3692 
1 147 
1 147 
1 148 
2 996 148 
2 148 3306 
2 148 1796 
1 148 
1 148 
2 148 2974 
1 148 
1 148 
2 2616 148 
1 148 
2 148 566 
2 148 3571 
3 2517 148 3069 
3 148 1717 251 
2 148 3141 
1 148 
1 148 
2 1356 148 
3 758 423 149 
2 2563 149 
2 1668 149 
2 149 1715 
5 1450 1906 3166 149 1918 
2 2198 149 
2 1670 149 
1 149 
3 315 149 537 
1 149 
1 149 
2 2327 149 
3 3597 149 1518 
1 149 
4 2593 1458 149 170 
1 149 
2 2379 149 
2 149 3008 
1 149 
1 149 
1 150 
2 1193 150 
2 150 1138 
1 150 
2 150 3523 
1 150 
2 3079 150 
1 150 
3 150 595 522 
1 150 
2 150 3438 
1 150 
2 150 172 
1 150 
1 150 
2 150 2392 
1 150 
3 150 1041 3439 
1 150 
2 150 3484 
2 3362 150 
1 150 
2 422 150 
3 3468 324 150 
1 150 
1 150 
2 913 150 
1 150 
2 794 150 
3 3527 1723 151 
1 151 
1 151 
1 151 
1 151 
2 1635 151 
2 2431 151 
2 151 2300 
2 1473 151 
2 151 1089 
1 151 
3 1291 1100 151 
1 151 
1 151 
2 151 1661 
3 2763 1212 151 
4 1850 243 709 151 
1 151 
2 1493 151 
1 151 
1 151 
1 151 
3 1647 1833 151 
1 152 
2 210 152 
1 152 
1 152 
2 3096 152 
1 152 
1 152 
1 152 
1 152 
1 152 
4 2806 2318 982 152 
2 152 1733 
1 152 
4 3364 3275 152 2414 
2 336 152 
2 152 1179 
2 2097 152 
1 152 
3 3250 1269 152 
1 152 
1 152 
1 152 
2 261 152 
1 153 
2 3187 153 
1 153 
2 1811 153 
2 3035 153 
1 153 
3 511 153 1387 
1 153 
3 1696 3321 153 
1 153 
2 1294 153 
3 1228 153 1732 
2 2714 153 
2 1763 153 
2 492 153 
1 153 
3 275 154 698 
1 154 
1 154 
1 154 
1 154 
2 2173 154 
1 154 
1 154 
3 1775 2656 154 
1 154 
2 2980 154 
1 154 
2 155 1433 
3 275 179 155 
2 159 155 
2 2486 155 
2 1191 155 
3 2756 2694 155 
1 155 
1 155 
1 155 
2 1981 155 
1 155 
1 155 
2 1966 155 
1 155 
1 155 
2 3598 155 
2 2763 155 
3 1388 2821 155 
2 2568 155 
1 155 
1 155 
2 2229 156 
3 3334 823 156 
2 2955 156 
3 742 1124 156 
1 156 
2 1136 156 
1 156 
1 156 
3 2803 156 2588 
1 156 
2 1908 156 
2 2427 156 
2 904 156 
1 156 
1 156 
2 3129 156 
1 156 
1 156 
1 156 
1 156 
1 156 
1 157 
2 157 2021 
2 157 797 
1 157 
1 157 
1 157 
2 157 3679 
3 157 3039 1718 
1 157 
3 157 1159 2851 
1 157 
1 157 
2 157 1141 
1 157 
2 157 3412 
4 157 3417 3215 1119 
1 157 
1 157 
1 157 
3 158 389 641 
1 158 
2 158 1327 
1 158 
2 158 3109 
1 158 
2 158 1344 
2 158 2606 
1 158 
1 158 
1 158 
1 158 
1 158 
2 158 455 
3 2090 158 890 
3 158 2224 3684 
1 158 
4 158 2933 3683 907 
1 158 
1 158 
2 158 1150 
2 158 3006 
1 158 
1 158 
1 158 
1 158 
1 158 
2 158 1033 
3 158 3312 881 
3 158 2386 2800 
3 158 159 1119 
1 158 
2 643 158 
2 158 3335 
2 159 3166 
2 159 3282 
2 159 2411 
1 159 
1 159 
3 159 1234 879 
2 159 2341 
1 159 
2 159 3522 
2 3087 159 
2 3613 159 
2 159 2785 
1 159 
3 159 2405 2191 
1 159 
3 159 3642 1328 
1 159 
3 159 2828 396 
1 159 
1 160 
2 160 3119 
1 160 
2 160 2389 
1 160 
3 160 2567 698 
2 160 1673 
3 1941 160 3495 
5 2860 160 2579 2156 1039 
4 160 2386 2101 678 
1 160 
2 160 948 
2 273 160 
3 160 2345 990 
1 160 
1 160 
3 1599 3061 161 
1 161 
2 161 1750 
1 161 
1 161 
2 161 1719 
3 544 161 448 
3 161 3185 2812 
2 161 3606 
3 2910 161 566 
3 1333 1336 161 
2 161 2690 
2 3335 161 
2 2522 161 
1 161 
1 161 
2 161 2742 
1 161 
2 161 2343 
1 161 
2 2806 161 
2 161 2019 
2 3022 161 
1 161 
2 956 162 
3 162 3402 3591 
2 1115 162 
1 162 
1 162 
1 162 
2 3215 162 
3 260 162 3460 
4 3072 162 1463 327 
2 3511 162 
2 162 1838 
3 2334 2246 162 
1 162 
2 162 2067 
4 3636 2035 162 3664 
1 162 
1 162 
2 1922 162 
3 354 163 2993 
4 3136 163 3668 1204 
1 163 
1 163 
2 3417 163 
1 163 
1 163 
4 3130 163 1381 595 
1 163 
1 163 
1 163 
3 2556 163 1006 
2 163 2830 
1 163 
4 163 1330 1847 1629 
1 163 
1 163 
2 163 484 
1 163 
2 2471 163 
1 164 
1 164 
3 3581 164 3628 
1 164 
1 164 
1 164 
1 164 
3 2761 164 1447 
2 1946 164 
1 164 
1 164 
1 164 
2 165 2014 
1 165 
2 165 1445 
1 165 
2 3193 165 
3 3052 2838 165 
1 165 
2 3426 165 
1 165 
2 1806 165 
1 165 
3 1604 165 3394 
1 165 
2 2742 165 
1 165 
1 166 
2 166 1531 
1 166 
2 166 3226 
2 166 1044 
1 166 
4 2289 166 612 192 
1 166 
3 725 166 2287 
3 3094 2520 166 
2 166 2653 
3 2930 3216 166 
1 166 
1 166 
3 166 1088 3540 
3 2094 167 1953 
2 2151 167 
3 3165 3370 167 
1 167 
1 167 
2 887 167 
1 167 
1 167 
1 167 
2 1519 167 
1 167 
1 167 
1 167 
1 167 
2 971 167 
3 3599 167 3356 
1 167 
2 167 1069 
2 2335 167 
3 721 167 752 
1 168 
1 168 
2 168 1610 
2 168 490 
3 3117 168 3014 
2 168 3187 
2 168 572 
4 3489 361 1479 168 
1 168 
1 168 
1 168 
2 3448 168 
2 3527 168 
2 3674 168 
1 168 
2 3179 168 
1 169 
2 3252 169 
1 169 
1 169 
2 1950 169 
1 169 
1 169 
1 169 
3 3617 265 169 
2 3414 169 
1 169 
2 1075 169 
1 169 
3 647 1872 169 
1 169 
1 169 
1 169 
1 169 
3 169 1918 2349 
2 1849 170 
1 170 
1 170 
1 170 
2 170 2924 
1 170 
2 3228 170 
2 170 753 
2 170 331 
1 170 
3 1261 1730 170 
2 3539 170 
2 1497 170 
1 170 
1 170 
1 170 
1 170 
1 170 
1 170 
2 3583 170 
2 3420 170 
1 171 
1 171 
2 2111 171 
2 289 171 
1 171 
3 460 787 171 
1 171 
1 171 
2 2919 171 
1 171 
1 171 
1 171 
1 171 
2 877 171 
1 171 
2 3053 171 
1 171 
1 171 
1 171 
2 171 713 
1 171 
1 171 
1 172 
1 172 
2 2451 172 
3 1336 367 172 
1 172 
3 2545 1178 172 
3 2635 1829 172 
1 172 
2 3301 172 
1 172 
1 172 
1 172 
3 3297 1346 172 
1 172 
1 172 
1 172 
3 1035 2799 172 
3 2817 1649 172 
2 822 172 
1 172 
1 173 
1 173 
1 173 
4 3425 481 3046 173 
1 173 
3 2029 1818 173 
1 173 
1 173 
1 173 
2 2123 173 
1 173 
2 3342 173 
4 684 667 2937 173 
1 173 
1 173 
1 173 
3 3464 3664 173 
2 3664 173 
1 173 
1 173 
2 174 3644 
2 174 787 
2 174 1885 
1 174 
1 174 
2 2979 174 
6 174 2088 3099 1551 2729 3051 
1 174 
2 174 961 
2 174 261 
1 174 
3 174 2313 2450 
2 174 1399 
2 174 3320 
1 174 
1 174 
1 174 
2 174 2113 
1 174 
2 175 1078 
1 175 
2 175 1130 
1 175 
1 175 
1 175 
1 175 
1 175 
3 175 3206 3411 
1 175 
1 175 
2 175 2063 
3 175 1746 2411 
1 175 
3 176 2874 713 
1 176 
2 176 2919 
1 176 
2 176 2000 
1 176 
1 176 
1 176 
3 176 3193 1227 
1 176 
2 176 2777 
1 176 
2 176 1407 
2 3461 177 
1 177 
1 177 
1 177 
1 177 
2 177 3535 
2 177 1479 
1 177 
1 177 
1 177 
2 177 922 
1 177 
2 177 2770 
1 177 
1 177 
1 177 
2 177 1928 
1 177 
1 177 
2 177 3172 
1 178 
1 178 
1 178 
1 178 
1 178 
3 178 2054 1820 
1 178 
2 178 3112 
1 178 
2 178 1783 
3 273 178 228 
1 178 
2 178 1714 
1 178 
1 178 
1 178 
2 178 3356 
2 178 3013 
1 179 
2 179 3236 
1 179 
2 179 724 
3 179 3133 3014 
2 179 2183 
1 179 
5 179 2594 2063 654 3266 
1 179 
3 179 872 2705 
2 179 1548 
1 179 
3 180 3312 213 
2 180 3168 
1 180 
1 180 
2 180 1608 
4 180 703 1151 2321 
1 180 
1 180 
1 180 
1 180 
1 180 
1 180 
1 180 
2 180 2864 
2 180 2871 
2 181 1305 
1 181 
1 181 
1 181 
1 181 
1 181 
1 181 
2 181 3586 
4 181 3660 3222 1186 
2 181 2060 
3 794 181 1232 
2 181 1524 
1 181 
3 181 283 3623 
1 181 
2 181 277 
2 181 709 
2 3635 181 
2 181 528 
2 773 181 
2 181 3118 
4 3375 182 2154 1212 
1 182 
3 897 1031 182 
3 896 182 3325 
2 1097 182 
2 182 1354 
1 182 
2 182 2877 
1 182 
2 182 3618 
1 182 
1 182 
3 182 2564 2500 
3 402 182 1362 
2 182 1960 
1 182 
3 182 512 1628 
1 182 
1 182 
1 182 
1 182 
1 182 
1 182 
3 182 2873 1699 
1 183 
1 183 
2 183 2423 
2 183 2156 
2 183 3218 
2 2576 183 
2 183 2406 
1 183 
1 183 
3 646 183 1104 
4 2259 183 2681 3078 
2 183 2640 
1 183 
1 183 
1 183 
1 183 
2 183 1210 
1 183 
1 183 
1 183 
2 183 2412 
3 184 1271 783 
3 3633 1055 184 
1 184 
2 184 366 
1 184 
2 184 3120 
1 184 
1 184 
2 777 184 
1 184 
1 184 
2 184 1522 
1 184 
2 184 290 
2 184 2562 
2 184 2797 
3 184 3060 2210 
2 2858 184 
1 185 
2 1031 185 
1 185 
4 2883 185 2080 3223 
2 185 764 
2 185 1525 
1 185 
1 185 
1 185 
2 2010 185 
2 185 1117 
2 3380 185 
3 185 2366 1328 
1 185 
2 1924 185 
2 185 3257 
3 185 787 3190 
1 185 
3 2515 1392 185 
1 185 
3 3678 185 234 
2 544 185 
2 3593 185 
2 186 709 
2 680 186 
1 186 
1 186 
4 1886 1495 1758 186 
1 186 
1 186 
1 186 
3 260 186 2728 
1 186 
2 186 367 
1 186 
1 186 
3 186 2317 1819 
1 186 
2 186 1427 
1 186 
2 1013 186 
1 186 
3 1435 1290 186 
1 186 
1 186 
1 186 
2 2326 186 
3 186 2827 2530 
3 187 1041 2531 
1 187 
1 187 
4 1777 187 2193 1509 
1 187 
1 187 
3 187 1592 597 
1 187 
2 187 2407 
2 3151 187 
1 187 
2 187 3265 
1 187 
1 187 
2 3447 187 
1 187 
2 937 187 
1 187 
2 3673 187 
3 3112 187 882 
2 188 2459 
2 188 3546 
1 188 
1 188 
2 606 188 
3 188 2846 2443 
2 188 2972 
2 188 3206 
3 1976 188 1351 
1 188 
1 188 
2 188 572 
2 188 1859 
2 2701 188 
2 3095 188 
1 188 
1 188 
2 1519 189 
2 1979 189 
2 2474 189 
1 189 
3 3062 781 189 
1 189 
3 189 351 3671 
1 189 
2 3235 189 
3 3470 2704 189 
1 189 
1 189 
2 189 228 
2 189 2631 
3 2536 3453 189 
2 1548 189 
2 189 1125 
1 189 
2 189 2183 
2 3151 189 
1 189 
1 189 
1 189 
2 2380 189 
2 3507 190 
1 190 
2 190 3457 
2 3125 190 
2 2691 190 
2 1366 190 
3 535 190 1715 
2 1817 190 
2 190 2365 
3 997 190 3067 
1 190 
3 3329 223 190 
1 190 
1 190 
1 190 
1 190 
2 3674 190 
2 723 190 
1 190 
1 190 
2 190 1525 
2 190 712 
1 190 
1 190 
1 191 
1 191 
1 191 
2 3448 191 
2 191 1770 
1 191 
1 191 
6 3125 191 1281 447 3325 3326 
1 191 
2 191 848 
3 2734 1685 191 
3 3130 191 2119 
2 2385 191 
1 191 
2 3615 191 
1 191 
2 192 3590 
4 1779 3649 192 3224 
1 192 
1 192 
2 943 192 
5 1347 1715 1153 192 3544 
3 3005 2430 192 
1 192 
1 192 
2 192 1239 
2 3035 192 
2 3033 192 
3 2604 192 1007 
1 192 
1 192 
3 298 1779 192 
2 1198 193 
1 193 
1 193 
4 2262 1250 2812 193 
2 193 2414 
2 2788 193 
3 2791 193 2411 
2 1102 193 
2 2334 193 
3 1436 2052 194 
2 2056 194 
1 194 
