23 2 3 4 5 6 7 8 9 10 11 12 13 14 15 16 17 18 19 20 21 22 23 24 
27 25 26 27 28 29 1 30 31 32 33 34 35 36 37 38 39 40 41 42 43 44 45 46 47 48 49 50 
20 51 52 53 54 1 55 56 57 58 59 60 61 62 63 64 65 66 67 68 69 
15 70 71 1 72 73 74 75 76 77 78 79 80 81 82 83 
13 84 85 86 1 87 88 89 90 91 92 93 94 95 
24 96 97 98 99 100 101 1 102 103 104 105 106 107 108 109 110 111 112 113 114 115 116 117 118 
21 119 120 121 1 122 123 124 125 126 127 128 129 130 131 132 133 134 135 136 137 138 
24 139 140 1 141 142 143 144 145 146 147 148 149 150 151 152 153 154 155 156 157 158 159 160 161 
33 162 163 164 165 166 167 168 1 169 170 171 172 173 174 175 176 177 178 179 180 181 182 183 184 185 186 187 188 189 190 191 192 193 
21 194 195 196 1 197 198 199 200 201 202 203 204 205 206 207 208 209 210 211 212 213 
17 214 215 216 217 1 218 219 220 221 222 223 224 225 226 227 228 229 
22 230 1 231 232 233 234 235 236 237 238 239 240 241 242 243 244 245 246 247 248 249 250 
16 251 252 253 254 1 255 256 257 258 259 260 261 262 263 264 265 
18 266 267 268 269 1 270 271 272 273 274 275 276 277 278 279 280 281 282 
22 283 284 285 286 1 287 288 289 290 291 292 293 294 295 296 297 298 299 300 301 302 303 
16 304 305 1 306 307 308 309 310 311 312 313 314 315 316 317 318 
26 319 320 321 322 323 324 1 325 326 327 328 329 330 331 332 333 334 335 336 337 338 339 340 341 342 343 
32 344 345 346 347 348 349 1 350 351 352 353 354 355 356 357 358 359 360 361 362 363 364 365 366 367 368 369 370 371 372 373 374 
23 375 376 377 378 379 380 1 381 382 383 384 385 386 387 388 389 390 391 392 393 394 395 396 
18 397 398 1 399 400 401 402 403 404 405 406 407 408 409 410 411 412 413 
21 414 415 416 417 418 419 1 420 421 422 423 424 425 426 427 428 429 430 431 432 433 
16 434 435 436 437 438 1 439 440 441 442 443 444 445 446 447 448 
17 449 450 451 452 1 453 454 455 456 457 458 459 460 461 462 463 464 
21 465 466 467 468 469 470 1 471 472 473 474 475 476 477 478 479 480 481 482 483 484 
19 485 486 2 487 488 489 490 491 492 493 494 495 496 497 498 499 500 501 502 
16 503 2 504 505 506 507 508 81 509 510 511 512 513 514 515 516 
23 517 518 519 520 521 2 522 523 524 525 526 527 528 529 530 531 532 533 534 535 536 537 538 
26 539 540 541 2 542 543 544 545 546 547 548 549 550 551 552 112 553 554 555 556 557 558 559 560 561 562 
18 563 564 565 566 2 567 568 569 570 571 572 573 574 575 576 577 578 579 
18 580 581 582 583 2 584 585 586 587 588 589 590 591 592 593 594 595 596 
19 597 598 599 600 601 2 602 603 604 605 606 607 608 609 610 611 612 613 614 
18 615 616 2 617 618 619 620 621 622 623 624 625 626 627 628 629 630 631 
19 632 633 2 634 635 636 637 638 639 640 641 642 643 644 645 646 647 648 649 
21 650 651 652 653 654 2 655 656 657 658 659 660 661 662 663 664 665 666 250 667 668 
20 669 670 2 671 672 673 674 675 676 677 678 679 680 681 682 683 684 685 686 687 
20 688 689 690 691 2 692 693 694 695 696 697 698 699 700 701 702 703 704 705 706 
29 707 708 709 710 711 2 712 713 714 715 716 717 718 719 720 721 722 723 724 725 726 727 728 729 730 731 732 733 734 
15 735 736 737 2 738 739 740 741 742 743 744 745 746 747 748 
22 749 750 751 752 2 753 754 755 756 757 758 759 760 761 762 763 764 765 766 767 768 769 
20 770 771 772 773 2 774 775 776 777 778 779 780 781 782 783 784 785 786 787 788 
20 789 790 791 792 793 2 794 795 796 797 798 799 800 801 426 802 803 804 805 806 
25 807 808 809 810 811 812 2 813 814 815 816 817 818 819 820 821 822 823 824 825 826 827 828 829 830 
19 831 832 833 834 835 2 836 837 838 839 840 841 842 843 844 845 846 847 848 
19 849 850 851 2 852 853 854 855 856 857 858 859 860 861 862 863 864 865 866 
15 867 868 869 2 870 871 872 873 874 875 876 877 878 879 880 
22 881 882 883 2 884 885 886 887 888 889 890 891 892 893 894 895 896 897 898 899 900 901 
22 902 903 904 2 905 906 907 908 909 910 911 912 913 914 915 916 917 918 919 920 921 826 
20 922 923 924 925 2 926 927 928 929 930 931 932 933 934 935 936 937 938 939 940 
25 941 942 943 944 945 2 946 947 948 949 950 951 952 953 954 955 956 957 958 959 960 961 962 963 964 
20 688 965 849 966 967 486 968 2 969 970 971 972 973 974 975 976 977 978 979 980 
21 981 982 983 3 984 985 986 987 988 989 990 991 992 993 994 995 996 997 998 999 1000 
23 1001 1002 1003 1004 1005 1006 1007 3 1008 1009 1010 1011 1012 1013 1014 1015 1016 1017 1018 1019 1020 1021 1022 
21 1023 1024 1025 1026 1027 3 1028 1029 1030 1031 1032 1033 1034 1035 1036 1037 1038 1039 1040 1041 1042 
28 1043 1044 1045 1046 3 1047 1048 1049 1050 1051 1052 1053 1054 1055 1056 1057 1058 1059 1060 1061 1062 1063 1064 1065 1066 1067 1068 1069 
15 1070 3 1071 1072 1073 1074 1075 1076 1077 1078 1079 1080 1081 1082 1083 
16 1084 1085 3 1086 1087 1088 1089 1090 1091 1092 1093 1094 1095 135 1096 1097 
20 1098 3 1099 1100 1101 1102 1103 1104 1105 1106 1107 1108 1109 1110 1111 1112 1113 1114 1115 1116 
21 1117 1118 1119 3 1120 1121 1122 1123 1124 1125 1126 1127 1128 1129 1130 1131 1132 1133 1134 1135 1136 
18 1137 1138 3 1139 1140 1141 1142 1143 1144 1145 1146 1147 1148 1149 1150 1151 1152 1153 
19 1154 1155 1156 1157 1158 3 1159 1160 1161 1162 1163 1164 1165 1166 1167 1168 1169 1170 1171 
25 1172 1173 1174 3 1175 1176 1177 1178 1179 1180 1181 1182 1183 1184 1185 1186 1187 1188 1189 1190 1191 1192 1193 1194 1195 
20 1196 1197 1198 1199 1200 1201 3 1202 1203 1204 1205 1206 1207 1208 1209 1210 1211 1212 1213 371 
18 1214 1215 1216 3 1217 1218 1219 1220 1221 1222 1223 1224 1225 1226 1227 1228 1229 1230 
18 3 1231 1232 1233 1234 1235 1236 1237 1238 1239 1240 1241 1242 1243 1244 1245 1246 1247 
17 1248 1249 1250 3 1251 1252 1253 1254 1255 1256 1257 1258 1259 1260 1261 1262 1263 
21 1264 1265 1266 1267 1268 1269 1270 3 1271 1272 1273 1274 1275 1276 1277 1278 1279 1280 1281 1282 1283 
21 1284 1285 1286 1287 1288 3 1289 1290 1291 455 1292 1293 1294 1295 1296 1297 1298 1299 1300 1301 1302 
27 1303 1304 1305 1306 1307 1308 1309 3 1310 1311 1312 1313 1314 1315 1316 1317 1318 1319 1320 1321 1322 1323 1324 1325 1326 1327 1328 
22 1329 1330 450 1331 3 1332 1333 1334 1335 1336 1337 1338 1339 1340 1341 1342 1343 1344 1345 1346 1347 1348 
26 1349 1350 1351 1352 1353 1354 1355 1356 1357 1358 1359 4 1360 1361 1362 1363 1364 1365 1366 1367 1368 1369 1370 1371 1372 1373 
12 1374 1375 1376 4 1377 1378 1379 1380 1381 1382 1383 1384 
20 1385 1386 1387 1388 4 1389 1390 1391 1392 1393 1394 1395 1396 1397 1398 1399 1400 1401 1402 1403 
23 1404 1405 1406 1407 1408 1409 1410 1411 4 1412 1413 1414 1415 1416 1417 1418 1419 1420 1421 1422 1423 1424 1425 
29 1426 1427 1428 1429 1430 1431 1432 1433 1434 4 1435 1436 1437 1438 1439 1440 1441 1442 1443 1444 1445 1446 1447 1448 1449 1450 1451 1452 1453 
29 1454 1455 1456 1457 1458 1459 1460 1461 4 1462 1463 1464 1465 1466 1467 1468 1469 1470 1471 1472 1473 1474 1475 1476 1477 1478 1479 1480 1481 
17 1482 1483 1484 1485 1486 1487 4 1488 1489 1490 1491 1147 1492 1493 1494 1495 1496 
21 1497 1498 1499 1500 1501 1502 1503 1504 1505 4 1506 1507 1508 1509 1510 1511 1512 1513 1514 1515 1516 
14 1517 1518 1519 4 1520 1521 1522 1523 1524 1525 1526 1527 1528 1529 
22 1530 1531 1532 1533 1534 1535 4 1536 1537 1538 1539 1540 1541 1542 1543 1544 1545 1546 1547 1548 1549 1550 
30 1551 1552 1553 1554 1555 1556 1557 1558 1559 1560 4 1561 1562 1563 1564 1565 1566 1567 1568 1569 1570 1571 1572 1573 1574 1575 1576 1577 1578 1579 
28 1580 1581 1582 1583 26 1584 1585 1586 1587 1588 1589 1590 1591 4 1592 1593 1594 1595 1596 1597 1598 1599 1600 1601 1602 1603 1604 1605 
17 1606 1607 1608 1609 1610 1611 1612 4 1613 1614 1615 1616 1617 1618 1619 1620 1621 
22 1622 1623 1624 1625 1626 1627 1628 1629 1630 1631 1632 4 1633 1634 1635 1636 1637 1638 1639 1640 1641 1642 
22 1643 1644 1645 1646 1647 1648 1649 1650 1651 1652 1653 1654 5 1655 1656 1657 1658 1659 1660 1661 1662 1663 
18 1664 1665 1666 1667 1668 1669 1670 1671 1672 1673 1674 5 1675 1676 1677 1678 1679 1680 
20 1681 1682 1683 1684 1685 1686 1687 5 1688 1689 1690 1691 1692 1693 1694 1695 1696 1697 1698 1699 
21 1700 1701 1702 1703 1704 1705 5 1706 1707 1708 1709 1710 1711 1712 1713 1714 1715 1716 1717 1718 1719 
21 1720 1721 1722 5 1723 1724 1725 1726 1727 1728 1729 1730 1731 1732 1733 1734 1735 1736 1737 1738 1739 
17 1740 1741 1742 1743 1744 1745 1746 5 1747 1748 1749 1750 1751 1752 1753 1754 1755 
24 1756 1757 1758 1759 1760 1761 1762 1763 1764 1765 1766 1767 1768 5 1769 1770 1771 1772 1773 1774 1775 1776 1777 1778 
14 1779 1780 1781 1782 5 1783 1784 1785 1786 1787 1788 1789 1790 1791 
21 1792 1793 1794 5 1795 1796 1797 1798 1799 1800 1801 1802 1803 1804 1805 1806 1807 1808 1809 1810 1811 
21 1812 1813 1814 1815 5 1816 1817 1818 1819 1820 1821 1822 1823 1824 1825 1826 1827 1828 1829 1830 1831 
13 1832 1833 1834 1835 1836 5 1837 1838 1839 1840 1841 1842 1843 
17 1844 1845 1846 1847 5 1848 1849 1850 1851 1852 1853 1854 1855 1856 1857 1858 1859 
23 1860 1861 1862 1863 1864 1865 1866 1867 1868 1869 1870 1871 1872 1873 6 1874 1875 1876 1877 1878 1879 1880 1881 
17 1882 1883 1884 1885 1886 1887 6 1888 1889 1890 1891 1892 1893 1894 1895 1300 1896 
20 1897 1898 1899 1900 1901 1902 1903 1904 1905 1906 6 1907 1908 1909 1910 1911 1912 1913 1914 1915 
20 1916 1917 1918 1919 1920 1921 1922 1923 1924 1925 1926 6 1927 1928 1929 1930 1931 1932 1933 1934 
32 1935 1936 1937 1938 1939 1940 1941 1942 1943 1944 1945 1946 1947 6 1948 1949 1950 1951 1952 1953 1954 1955 1956 1957 1958 1959 1960 1961 1962 1963 1964 1965 
26 1966 1967 1968 1969 1970 1971 1972 1973 1974 6 1975 1976 1977 1978 1979 1980 1981 243 1982 1983 1984 1985 1986 1987 1988 1989 
26 1990 1991 1992 1993 1994 1995 6 1996 1997 1998 1999 2000 2001 2002 2003 2004 406 2005 2006 2007 2008 2009 2010 2011 2012 2013 
19 2014 2015 2016 2017 6 2018 2019 2020 2021 2022 2023 2024 2025 2026 2027 2028 2029 2030 2031 
19 2032 2033 2034 2035 2036 2037 2038 2039 2040 2041 2042 6 2043 2044 2045 2046 2047 2048 2049 
17 2050 2051 2052 2053 2054 2055 2056 2057 6 2058 2059 2060 2061 2062 2063 1171 2064 
15 2065 2066 2067 2068 2069 6 2070 2071 2072 2073 2074 2075 2076 2077 2078 
19 2079 2080 2081 2082 2083 2084 2085 2086 2087 2088 2089 6 1975 1277 2090 2091 2092 2093 2094 
14 2095 2096 2097 2098 2099 2100 6 2101 2102 2103 2104 2105 2106 2107 
21 2108 2109 2110 2111 2112 2113 2114 6 2115 2116 2117 2118 2119 2120 2121 2122 2123 2124 2125 2126 2127 
19 2128 2129 2130 2131 2132 6 2133 2134 2135 2136 2137 2138 2139 2140 2141 2142 2143 2144 2145 
26 2146 2147 2148 2149 2150 2151 2152 2153 2154 2155 2156 2157 2158 2159 6 2160 2161 2162 2163 2164 2165 2166 2167 2168 2169 2170 
22 2171 1833 2172 28 2173 2174 2175 2176 2177 6 2178 2179 2180 2181 2182 2183 2184 2185 2186 2187 2188 2189 
22 2190 2191 2192 2193 2194 2195 2196 2197 2198 2199 2200 6 2201 2202 2203 2204 2205 2206 2207 2208 2209 2210 
13 2211 2212 2213 2214 2215 2216 2217 6 2218 2219 2220 2221 2222 
24 2223 2224 2225 2226 2227 2228 2229 2230 2231 2232 2233 2234 2235 2236 2237 6 2238 2239 2240 2241 2242 2243 2244 2245 
19 2246 2247 2248 2249 2250 6 2251 2252 2253 2254 2255 2256 2257 2258 2259 2260 2261 2262 2263 
20 2264 2265 1483 2266 2267 2268 2269 2270 2271 6 2272 2273 2274 2275 2276 2277 2278 2279 2280 2281 
20 2282 2283 2284 2285 2286 2287 2288 6 2289 2290 2291 2292 2293 2294 2295 2296 2297 2298 2299 2300 
19 2301 2302 2303 2304 966 2305 2306 2307 2308 7 2309 2310 2311 2312 2313 2314 2315 2316 2317 
27 2318 2319 2320 2321 2322 2323 2324 2325 2326 2327 2328 2329 7 2330 2331 2332 2333 2334 2335 1618 2336 2337 2338 2339 2340 2341 2342 
25 2343 2344 2345 2346 2347 2348 2349 2350 2351 2352 2353 7 2354 2355 2356 2357 2358 2359 2360 2167 2361 2362 2363 2364 2365 
16 2366 2367 2368 2369 2370 2371 7 2372 2373 2374 2375 2376 2377 2004 2378 2379 
25 2380 2381 2382 2383 2384 2385 2386 2387 2388 2389 2390 2391 7 2392 2393 2394 2395 2396 2397 2398 2399 2400 2401 2402 2403 
25 2404 2405 2406 2407 2408 2409 2410 2411 2412 2413 2414 2415 2416 7 2417 2418 2419 2420 2421 2422 2423 845 2424 2425 2426 
19 2427 2428 2429 2430 2431 2432 2433 7 2434 2435 2436 2437 2438 2439 2440 2441 2442 2443 2444 
26 2445 2446 2447 2448 2449 2450 2451 7 2452 2453 2454 2455 2456 2457 2458 1892 2459 2460 2461 2462 2463 2464 2465 2466 2467 2468 
17 2469 2470 2471 2472 2473 2474 2475 2476 7 2477 2478 2479 2480 2481 2482 2483 2484 
22 2485 2486 2487 2488 2489 2490 2491 7 2492 2493 2494 2495 2496 2497 2498 2499 2500 2501 2502 2503 2504 2505 
32 2506 2507 2508 2509 2510 2511 2512 2513 2514 2515 2516 2517 2518 7 2519 2520 2521 2522 2523 2524 2525 2526 2527 2528 1661 2529 2530 2531 2532 2533 2534 2467 
21 2535 2536 2537 2538 2539 2540 2541 2542 2543 2544 2545 2546 2547 7 2548 2549 2550 2551 2552 2553 2554 
28 2555 2556 2557 2558 2559 2560 2561 2562 2563 7 2564 2565 2566 2567 2568 2569 2570 2571 2572 2573 2574 2575 2576 2577 2578 2579 2580 2581 
23 2582 2583 2584 2585 2586 1631 2587 2588 2589 7 2590 2591 2592 2593 2594 2595 2596 2597 2598 2599 2600 2601 2602 
28 2603 2604 2605 2606 2607 2608 2609 2610 2611 2612 2613 2614 7 2615 2616 2617 2618 2619 2620 2621 2622 2623 2624 2625 2626 2627 2628 2629 
21 2630 2631 2632 2633 2634 2635 2636 2637 2638 2639 2640 7 2641 2642 2643 2644 2645 2646 2647 2648 2649 
19 1264 2650 2651 2652 2653 2654 2655 56 2656 2657 2658 7 2659 2660 2661 2662 2663 2664 2665 
23 2666 2667 2668 2669 2670 2671 2672 2673 2674 2675 7 2676 2677 2678 2679 2680 2681 2682 2683 2684 2685 2686 2687 
14 2688 2689 2690 2691 2692 2693 7 2694 2695 2696 2697 2698 2699 2700 
23 2701 2702 2703 2704 2705 2706 2707 2708 2709 2710 7 2711 2712 2713 2714 2715 2716 2717 2718 2719 2720 2721 2722 
29 2723 2724 2725 2726 2727 2728 2729 2730 2731 2732 2733 2734 2735 2736 2737 8 2738 2739 2740 2741 2742 2743 2744 2745 2746 2747 2748 2749 2750 
24 2751 2752 2753 2754 2755 2756 2757 2758 2759 2760 2761 2762 8 2763 2764 2765 2766 2767 2768 2769 2770 2771 2772 2773 
24 2774 2775 2776 2777 2778 2779 2780 2781 2782 2783 2784 2785 2786 8 2787 2788 2789 2790 2791 2792 2793 2794 2795 2796 
17 2797 2798 2799 2800 2801 2802 2803 2804 2805 2806 2807 8 2808 2809 2810 2811 2812 
22 2813 2814 2815 2816 2817 2818 637 8 2819 2820 2821 2822 2823 2824 2825 2529 2826 2827 2828 2829 2830 2831 
20 2832 2833 2834 2835 2836 2837 2838 8 2839 2840 2841 2842 2843 2844 2845 2846 2847 2848 2849 2850 
24 2851 2852 2853 2854 2855 2856 2857 2858 2859 2860 2861 2862 2863 8 2864 2865 2866 2867 2868 2869 2870 2871 2872 2873 
27 2874 2875 2876 2877 2878 2879 2880 2881 2882 2883 2884 2885 2886 2887 8 2888 2889 2890 2891 2892 2893 2894 2895 2896 2897 2898 2899 
21 2900 2901 2902 2903 2904 2905 2906 2907 2908 2909 8 2910 2911 443 2912 2913 2914 2915 533 2916 2917 
23 2918 564 2919 2920 2921 2922 2923 2924 2925 8 2926 2927 2928 2929 2930 2931 2932 2933 2934 2935 2936 2937 2938 
21 2939 2940 2941 2942 2943 2944 2945 8 2946 2947 2948 2949 2950 2951 2952 2953 2954 2955 2956 2957 2958 
22 2959 2960 2961 2962 2963 2964 2965 2966 2967 2968 8 2969 2970 2971 2972 2973 2974 2975 2976 2977 2978 2979 
14 2980 2981 2982 2983 2984 2985 2986 8 2987 2988 2989 2990 2991 2992 
28 2993 2994 2995 2996 2997 2998 2999 3000 3001 3002 3003 8 547 3004 3005 3006 3007 3008 3009 3010 3011 3012 3013 3014 3015 3016 3017 3018 
20 3019 3020 3021 3022 3023 3024 3025 3026 2761 8 3027 3028 3029 3030 3031 3032 3033 3034 3035 3036 
20 3037 381 3038 3039 3040 3041 3042 8 3043 3044 3045 3046 3047 3048 3049 3050 3051 3052 3053 3054 
17 3055 3056 3057 3058 3059 3060 3061 3062 3063 3064 8 3065 3066 3067 3068 3069 3070 
29 3071 2939 3072 3073 3074 3075 3076 3077 3078 3079 3080 3081 3082 3083 8 3084 3085 3086 3087 3088 3089 3090 3091 3092 3093 3094 3095 3096 3097 
18 3098 3099 3100 3101 3102 8 3103 3104 3105 3106 3107 3108 3109 3110 3111 3112 1809 3113 
25 3114 3115 3116 3117 3118 3119 3120 3121 1872 3122 3123 3124 8 3125 3126 3127 3128 3129 3130 3131 3132 3133 3134 3135 3136 
15 3137 3138 3139 3140 3141 8 3142 3143 3144 3145 3146 3147 3148 3149 3150 
13 3151 3152 3153 3154 3155 3156 8 3157 3158 3159 3160 3161 3162 
22 3163 2858 3164 3165 3166 3167 3168 3169 3170 8 3171 3172 3173 3174 3175 3176 3177 3178 3179 3180 3181 3182 
16 3183 3184 3185 3186 3187 3188 9 3189 3190 3191 3192 3193 3194 3195 3196 3149 
23 3197 3198 3199 3200 3201 3202 3203 3204 3205 3206 3207 3208 3209 9 3210 3211 3212 3213 3214 3215 3216 3217 3218 
24 3219 3220 3221 3222 3223 3224 3225 3226 3227 3228 3229 9 3230 3231 3232 3233 3234 3235 3236 3237 3238 3239 3240 3241 
17 3242 3243 3244 3245 3246 3247 9 3248 3249 3250 3251 3252 3253 3254 3255 3256 3257 
22 3258 3259 3260 3261 3262 3263 3264 3265 3266 3267 9 3268 3269 3270 3271 3272 3273 3274 3275 3276 3277 3278 
18 3279 3280 3281 3282 3283 3284 3285 3286 3287 3288 9 3289 3290 3291 3292 3293 3294 3295 
14 3296 3297 3298 3299 3300 3301 9 3302 3303 3304 3305 3306 3307 3308 
26 3309 3310 3311 3312 3313 3314 3315 3316 9 1594 3317 3318 3319 3320 3321 3322 3323 3324 3325 3326 3327 3328 3329 3330 3331 3332 
23 3333 3334 3335 3336 3337 3338 3339 3340 9 3341 3342 3343 3344 3345 3346 3347 3348 3349 3350 3351 3352 3353 3354 
19 3355 3356 3357 3358 3359 3360 3361 3362 3363 9 3364 3365 3366 3367 3368 3369 3370 3371 3372 
21 3373 3374 3375 3376 3377 3378 3379 3380 3381 3382 9 3383 3384 3385 3386 3387 3388 3389 3390 3391 3392 
19 3393 3394 3395 3396 3397 3398 3399 3400 9 3401 3402 3403 3404 3405 3406 3407 3408 408 3409 
16 3410 3411 3412 3413 3414 3415 3416 3417 9 3418 3419 3420 3421 3422 3423 3424 
29 3425 3426 3427 3428 3429 3430 3431 3432 3433 3434 3435 3436 3437 3438 3439 9 3440 3441 3442 3443 3444 3445 3446 3447 3448 3449 1019 3450 3451 
23 3452 3453 3454 3455 3456 3457 3458 1794 3459 3460 3461 9 3462 3463 3464 3465 3466 3467 3468 3469 3470 2530 3471 
22 3472 3473 3474 3475 3476 3477 3478 3479 3480 3481 3482 3483 3484 9 3485 3486 3487 3488 3489 3490 3491 3492 
22 3493 3494 3495 3496 3497 3498 3499 3500 3501 3502 9 3503 3504 3505 3506 3507 3508 3509 3510 3511 3512 3513 
28 3514 3515 3516 3517 3518 3519 3520 3521 3522 3523 3524 3525 3526 3527 3528 3529 9 3530 3531 3532 3533 3534 3535 3536 3537 3538 3539 3540 
14 3541 3542 9 2023 3543 3544 3545 3546 3547 3548 3549 3550 3551 3552 
14 3553 3554 3555 3556 9 3557 2747 3558 2105 3559 3560 3561 3562 3563 
14 3564 3565 3566 3567 9 3568 3569 3570 3571 3572 3573 3574 3575 3576 
21 3577 3578 3579 3580 3581 3582 3583 3584 3585 3586 3587 9 3486 3588 3589 3590 3591 3592 3593 3594 3595 
29 3596 3597 3598 565 3599 3600 3601 3602 3603 3604 3605 3606 3607 3608 3609 3610 9 3611 3612 3613 3614 3615 3616 3617 3618 3619 3620 3621 3622 
18 3623 3624 9 3143 3625 3626 3627 3628 3629 3630 3631 3632 3633 3634 3635 3636 3637 3638 
21 1665 3639 3640 3641 3642 3643 3644 3645 3646 9 3647 3648 3649 3650 3651 3652 3653 3654 3655 3656 3657 
16 3658 3659 3660 3661 1461 3662 3663 3664 3665 3666 3667 9 3668 3669 3670 3671 
16 3672 3673 3674 3675 3676 3677 3678 3679 9 3680 3681 3682 3683 3684 3685 3686 
24 3687 3688 3689 3690 3691 3692 3693 3694 3695 3696 3697 9 3698 3699 3700 3701 3702 3703 3704 3705 3706 3707 3708 3709 
24 3710 3711 3712 3713 3714 3715 3716 3717 3718 3719 3720 9 3721 3722 3723 3724 3725 3726 3727 3728 3729 3730 3731 3732 
21 3733 3734 3735 3736 3737 3738 3739 3740 3741 3742 9 3743 3744 3745 3746 3747 3748 3749 3750 3751 3752 
13 3753 3754 3755 3756 2237 3757 9 3758 3759 3760 3761 3762 3763 
17 3764 3765 3766 856 3767 3768 3769 9 3770 3771 3772 3773 3774 3775 3776 3777 3778 
13 3779 3780 1582 3781 3782 3783 3784 3785 3786 10 3787 3788 3789 
18 3790 3791 3792 3793 3794 3795 3796 3797 3798 3799 3800 10 3801 3802 3803 3804 3805 3806 
16 3807 3808 3809 3810 3811 3812 2391 742 3813 3814 10 3815 3816 3817 3818 3819 
34 3820 3821 3822 3823 3824 615 3825 3826 3827 3828 3829 3830 3831 3832 3833 3834 3835 3836 3837 3838 3839 10 3840 3841 2336 3842 3843 3844 3845 3846 3847 3848 3849 3850 
17 3851 3852 3853 3854 3855 3856 3857 3858 10 3859 3860 3861 3862 3863 3864 3865 3866 
26 3867 3868 3869 3870 3871 3872 3873 3874 3875 3876 3877 3878 3879 3880 3881 3882 3883 3884 10 3885 3886 3887 3888 3889 3890 3891 
16 3892 3893 3894 3895 3896 3897 10 3898 3899 3900 3901 3902 3903 3904 3905 3906 
18 3907 3908 3909 3910 3911 3912 10 3913 3914 3915 3916 3917 3918 3919 3920 3921 3922 3923 
20 3924 3925 3926 3927 3928 3929 3930 3931 3932 3933 10 3934 339 3935 3936 3937 3938 3939 3940 3941 
24 3942 1721 3943 3944 3945 3946 3947 3948 3949 3950 3951 3952 3953 3954 10 3955 3956 3957 3958 3959 3960 1110 3961 3962 
21 3963 3964 3965 3966 3967 3968 3969 3970 3971 3972 3973 10 3974 3975 3976 3977 3978 3979 3980 3981 3982 
24 3983 3984 3985 3986 3987 3988 3989 3990 3991 3992 3993 3994 3995 10 3996 3997 3998 3999 4000 4001 4002 4003 4004 4005 
18 4006 4007 4008 4009 4010 4011 10 4012 4013 4014 4015 4016 4017 4018 4019 4020 4021 4022 
21 3687 4023 4024 4025 4026 4027 4028 4029 4030 4031 4032 10 4033 4034 4035 4036 4037 4038 4039 4040 4041 
28 4042 4043 4044 4045 1411 4046 4047 4048 4049 4050 4051 4052 4053 2762 4054 4055 4056 4057 4058 10 4059 4060 4061 4062 4063 4064 4065 4066 
30 4067 4068 4069 4070 1232 4071 4072 4073 4074 4075 10 4076 4077 4078 4079 4080 4081 4082 4083 4084 4085 4086 4087 4088 4089 4090 4091 4092 4093 4094 
26 4095 4096 4097 4098 4099 3737 4100 4101 4102 4103 4104 10 4105 4106 4107 4108 4109 4110 4111 4112 4113 4114 4115 4116 4117 4118 
18 4119 4120 4121 4122 4123 4124 4125 4126 10 4127 4128 4129 4130 4131 4132 4133 4134 4135 
30 4136 4137 4138 4139 4140 4141 3579 4142 4143 4144 4145 4146 4147 4148 4149 4150 4151 10 4152 4153 4154 4155 4156 4157 4158 4159 4160 4161 4162 4163 
15 968 4164 1356 4165 4166 4167 4168 4169 10 4170 4171 4172 4173 4174 4175 
22 4176 4177 4178 4179 4180 4181 4182 4183 4184 4185 11 4186 4187 4188 4189 4190 4191 4192 4193 4194 1579 4195 
29 4196 4197 4198 4199 4200 4201 4202 4203 4204 4205 4206 4207 4208 4209 4210 3484 4211 11 4212 4213 4214 4215 4216 4217 4218 4219 4220 4221 4222 
20 1860 4223 4224 4225 4226 4227 2756 4228 4229 4230 11 4231 4232 4233 4234 4235 4236 4237 4238 4239 
18 4240 4241 4242 4243 4244 4245 4072 4246 4247 11 4248 4249 4250 4251 4252 4253 4254 3671 
18 4255 4256 4257 4258 4259 4260 4261 4262 4263 4264 4265 4266 4267 4268 11 4269 4270 4271 
28 4272 4273 3754 4274 4275 4276 4277 4278 4279 4280 4281 4282 4283 4284 4285 4286 4287 4288 11 4289 4290 4291 4292 4293 4294 4295 4296 4297 
16 4298 4299 4300 4301 4302 4303 530 11 3464 4036 4304 4305 4306 4307 4308 4309 
15 4137 4310 4311 4312 4313 4314 4315 4316 11 4317 4318 4319 4320 4321 4322 
18 4323 4324 4325 4326 4327 4328 4329 4330 4331 11 4332 4333 4334 4335 4336 4337 4338 2403 
17 4339 4340 4341 4342 4343 4344 4345 4346 1466 11 4347 4348 4349 4350 4351 4352 4353 
14 4354 4355 4356 4357 4358 4359 4360 11 4361 4362 4363 4364 4365 4366 
16 4367 4368 4369 4370 4371 4372 4373 4374 11 4375 4376 4377 4378 4379 4380 4381 
18 4382 4383 4384 4385 4386 4387 11 4388 4389 4390 4391 4392 4393 4394 4395 4396 4397 4398 
16 4399 1160 4400 4401 4402 4403 4386 4404 11 4405 4406 4407 4408 4409 4410 4411 
28 4412 4413 4414 4415 4416 4417 4418 4419 4420 4421 4422 4423 4424 4425 4426 11 4427 4428 4429 4430 4431 1169 4432 4433 4434 4435 4436 4437 
41 4438 4439 4440 4441 4442 4443 1050 4444 4445 4446 4447 4448 4449 4450 4451 4452 4453 859 4454 4455 4456 4457 4458 11 4459 4460 4461 4462 4463 4464 4465 4466 4467 4468 4469 4470 4471 4472 4473 4474 4475 
17 4476 4477 4478 4479 4480 4481 4482 12 4483 4484 4485 4486 4487 4488 4489 4490 4491 
23 4492 4493 4494 4495 4496 4497 4498 4499 4500 4501 4502 4503 4504 12 4505 4506 4507 4508 3029 4509 245 4510 4511 
24 4512 4513 4514 4515 542 4516 4517 4518 4519 4520 4521 12 4522 4523 4524 4525 4526 4527 4528 4529 4530 4531 4532 4533 
14 4534 4535 4536 4537 4538 4539 4540 1891 12 4541 274 4542 4543 4544 
18 4545 4546 4547 4548 4549 4550 4551 4552 4553 12 4554 4555 276 4556 4557 4558 4559 4560 
26 4561 4562 4563 4564 4565 4566 4567 4568 4569 4570 4571 4572 4573 4574 4575 4576 12 4577 4578 4579 4580 4581 4582 4583 4584 4585 
10 4586 4587 4588 4589 4590 12 4591 4592 4593 4594 
9 1270 4595 4596 4597 4598 4599 4600 12 1300 
1 12 
1 12 
1 12 
1 12 
1 12 
4 101 670 675 12 
2 12 1801 
2 231 12 
1 12 
4 657 12 1572 3491 
3 2904 12 3726 
1 12 
3 34 12 1983 
4 3258 818 13 4014 
2 13 2359 
2 2634 13 
1 13 
1 13 
2 2557 13 
1 13 
1 13 
1 13 
1 13 
3 2806 13 2772 
1 13 
2 324 13 
2 2561 13 
2 3458 13 
2 3797 14 
4 3042 567 14 2467 
2 2114 14 
2 2446 14 
4 1943 635 14 863 
2 4367 14 
2 2517 14 
1 14 
4 1500 233 3588 14 
2 14 4017 
3 234 14 3561 
1 14 
1 14 
1 14 
2 1684 14 
2 673 14 
5 1429 14 4113 2601 1962 
1 15 
4 3061 15 2869 2093 
1 15 
1 15 
1 15 
1 15 
3 580 15 4432 
1 15 
3 15 3803 1603 
2 15 1790 
3 3282 15 1441 
2 1795 15 
1 15 
1 15 
1 15 
2 15 340 
2 15 574 
2 15 962 
1 15 
1 15 
3 4098 15 939 
2 2820 16 
2 16 1877 
3 16 474 480 
2 1891 16 
1 16 
2 16 2628 
2 16 1093 
1 16 
1 16 
3 1526 16 4394 
1 16 
1 16 
3 1405 1563 16 
2 909 16 
1 16 
3 2088 1724 17 
3 1267 781 17 
4 1944 2474 17 2400 
2 785 17 
1 17 
3 3963 17 263 
1 17 
1 17 
2 1270 17 
4 1658 4152 17 2209 
2 1534 17 
1 17 
1 17 
3 17 3008 1806 
1 17 
1 17 
2 4444 17 
3 1521 4537 17 
1 17 
1 17 
5 3822 809 202 17 4352 
3 298 17 2552 
3 1137 3947 17 
1 17 
2 946 17 
2 1016 18 
5 1669 4185 18 3291 3656 
3 1220 18 2255 
3 18 2103 2602 
4 3428 3185 4107 18 
3 4450 18 827 
2 3641 18 
1 18 
1 18 
2 3280 18 
2 2703 18 
2 925 18 
3 487 2638 18 
2 1921 18 
2 3022 18 
2 3339 18 
2 18 2460 
2 2066 18 
1 18 
3 2716 18 4190 
2 1568 18 
2 18 897 
1 18 
1 18 
2 3501 18 
3 770 18 2894 
3 1178 3556 18 
5 62 1539 18 663 3545 
2 434 18 
1 18 
2 18 1774 
3 1535 1219 19 
4 4136 1702 2681 19 
3 1001 2639 19 
2 4057 19 
1 19 
2 3975 19 
3 3155 19 154 
1 19 
2 19 3621 
3 790 3624 19 
2 3381 19 
2 1779 19 
2 3167 19 
2 4176 19 
2 1598 19 
1 19 
1 19 
1 19 
2 19 2046 
2 2328 19 
2 3933 19 
2 1870 19 
2 20 4543 
2 692 20 
2 2203 20 
1 20 
2 1197 20 
2 1904 20 
2 2089 20 
3 3839 2823 20 
1 20 
2 102 20 
3 3989 888 20 
2 173 20 
2 20 3535 
2 20 2046 
1 20 
5 1554 1354 4278 3857 20 
2 4108 20 
2 1786 21 
1 21 
2 21 666 
2 603 21 
1 21 
1 21 
3 2469 804 21 
2 2434 21 
1 21 
2 21 3552 
1 21 
2 3460 21 
2 41 21 
1 21 
1 21 
2 4190 21 
1 21 
2 21 1192 
1 21 
1 21 
3 4284 22 372 
1 22 
1 22 
1 22 
1 22 
2 1615 22 
2 2497 22 
2 1664 22 
1 22 
4 4142 3877 147 22 
3 3948 4047 22 
2 1985 22 
3 3825 22 2145 
3 3609 3960 22 
3 2358 2423 22 
1 23 
2 23 69 
2 4171 23 
1 23 
1 23 
1 23 
6 2131 67 23 1213 1083 1934 
1 23 
1 23 
2 2667 23 
1 23 
1 23 
2 23 1961 
1 23 
2 2692 23 
3 584 2786 23 
1 24 
4 690 2658 1184 24 
1 24 
2 3408 24 
3 1390 3563 24 
2 2393 24 
1 24 
7 4368 1121 3718 1365 507 4509 24 
1 24 
3 306 1128 24 
3 4597 3543 24 
1 24 
1 24 
3 1107 3936 24 
3 583 1111 24 
3 306 1204 24 
2 694 24 
1 24 
2 699 24 
1 24 
1 25 
4 25 1204 3216 50 
2 25 356 
2 1882 25 
1 25 
2 25 4463 
1 25 
3 25 600 1400 
1 25 
1 25 
1 25 
1 25 
2 25 4112 
1 25 
2 25 1168 
1 25 
1 25 
1 25 
3 26 542 1828 
2 26 2463 
2 26 4419 
2 26 1281 
4 26 4048 1926 472 
2 26 2983 
1 26 
2 26 3756 
1 26 
2 26 1282 
2 26 702 
2 26 2953 
1 26 
2 2666 26 
2 27 3302 
1 27 
2 27 1167 
2 27 1241 
2 27 3187 
2 597 27 
1 27 
4 27 2037 4208 1244 
2 27 2911 
1 27 
1 27 
1 27 
2 27 2384 
3 27 220 731 
2 27 2633 
3 27 3520 3065 
3 27 147 4317 
2 2383 27 
1 27 
4 27 2033 1490 1475 
2 27 1732 
2 27 2906 
1 28 
1 28 
1 28 
4 503 28 232 4172 
1 28 
1 28 
2 28 4393 
2 28 2733 
2 28 152 
1 28 
1 28 
2 28 1133 
2 28 3567 
2 28 4559 
1 28 
1 28 
2 28 1873 
4 28 1431 3158 1989 
1 28 
4 791 28 2931 1479 
1 28 
3 28 602 2477 
1 28 
2 28 3870 
1 29 
3 4354 29 148 
3 29 1028 184 
2 29 3576 
3 267 29 2142 
2 29 3068 
3 1309 670 29 
3 29 2574 3789 
1 29 
1 29 
2 29 1550 
2 29 299 
1 29 
1 29 
2 2368 29 
2 1611 29 
1 29 
4 1085 30 289 3157 
1 30 
1 30 
2 30 479 
2 30 464 
1 30 
2 30 2943 
3 672 30 3558 
2 30 2293 
1 30 
1 30 
1 30 
1 30 
2 30 3025 
4 30 2205 4087 3277 
2 30 4147 
1 30 
2 522 31 
2 31 3466 
2 31 3322 
2 31 492 
3 2171 2774 31 
3 31 2548 560 
2 417 31 
1 31 
3 31 676 4327 
1 31 
3 3639 31 3087 
2 31 4437 
2 31 2200 
1 31 
1 31 
1 31 
1 31 
1 31 
4 197 1868 32 4168 
2 32 910 
1 32 
3 3581 32 2049 
2 4534 32 
1 32 
5 32 1851 4012 3067 4114 
3 32 3127 3181 
1 32 
1 32 
1 32 
1 32 
1 32 
3 32 3506 4381 
1 32 
2 32 2498 
3 2801 32 3806 
1 33 
1 33 
1 33 
2 33 270 
2 33 2443 
2 33 143 
1 33 
1 33 
2 33 4592 
1 33 
1 33 
2 33 3015 
2 33 3587 
1 33 
1 33 
3 33 2238 862 
2 2350 33 
1 33 
1 34 
4 1587 716 2657 34 
1 34 
3 1704 34 4410 
1 34 
2 34 3856 
1 34 
2 34 247 
4 3499 34 3504 3898 
3 2802 3794 34 
2 1358 34 
1 34 
1 34 
2 34 371 
1 34 
2 4422 34 
3 416 34 2949 
5 2998 4008 4418 34 2873 
2 34 3330 
1 35 
3 35 569 243 
2 2603 35 
2 35 587 
6 3242 2997 3928 4421 35 281 
1 35 
4 35 3103 1574 243 
4 605 35 1573 1448 
1 35 
1 35 
3 1557 35 2290 
2 35 2793 
1 35 
1 35 
1 35 
1 35 
2 3022 35 
2 858 35 
4 4416 4421 35 2201 
3 36 1068 50 
1 36 
2 466 36 
1 36 
3 2981 398 36 
1 36 
3 2656 36 481 
2 36 3588 
3 36 2970 3958 
1 36 
1 36 
2 36 483 
1 36 
2 1461 36 
2 36 513 
1 36 
1 36 
2 36 1854 
1 36 
1 37 
2 37 1915 
3 3495 37 3006 
2 3168 37 
4 37 1716 1826 729 
3 4439 3265 37 
2 37 3445 
3 4553 37 4109 
3 37 1445 3469 
3 651 2416 37 
1 37 
1 37 
2 37 1857 
1 37 
1 37 
4 1832 1885 3856 37 
1 37 
1 37 
1 37 
2 37 2913 
2 1568 37 
1 37 
2 711 37 
2 37 4349 
2 37 530 
2 2193 37 
1 37 
5 37 1437 820 2062 4237 
2 38 2989 
1 38 
1 38 
1 38 
1 38 
1 38 
1 38 
5 196 954 38 2950 1896 
1 38 
1 38 
1 38 
2 1026 38 
2 4345 38 
1 38 
1 39 
1 39 
1 39 
2 39 4059 
3 1995 39 3330 
1 39 
1 39 
1 39 
3 39 1060 1513 
1 39 
1 39 
1 39 
2 39 4132 
1 39 
1 39 
1 39 
1 39 
2 1692 39 
1 39 
1 39 
1 39 
4 4267 40 369 1347 
2 40 822 
3 40 1979 1516 
1 40 
3 40 2420 3748 
1 40 
1 40 
2 40 2625 
4 4225 2474 4344 40 
1 40 
1 40 
2 320 40 
1 40 
3 3910 3610 40 
1 40 
7 1937 2304 322 3581 4401 40 2294 
3 1430 40 3050 
1 40 
2 40 2189 
1 41 
2 384 41 
2 41 558 
5 2449 3268 41 3444 2957 
2 41 2763 
2 41 2363 
1 41 
2 872 41 
2 3074 41 
1 41 
3 41 2189 2170 
1 41 
1 41 
1 41 
1 41 
2 420 41 
2 3836 41 
2 884 41 
3 2083 42 4037 
4 4228 42 4434 3329 
2 42 339 
3 42 4191 3133 
3 2543 3794 42 
2 42 3290 
4 2774 4166 3437 42 
2 42 3424 
2 42 1828 
2 3897 42 
1 42 
4 251 991 42 1739 
2 42 4087 
3 42 3534 734 
1 42 
3 771 3154 42 
3 42 3181 2188 
1 42 
1 42 
2 42 47 
2 349 42 
2 1271 42 
1 42 
1 42 
2 2450 43 
2 43 1857 
1 43 
2 3229 43 
1 43 
2 43 3097 
2 3497 43 
1 43 
3 2469 2710 43 
1 43 
2 43 1541 
1 43 
2 854 43 
2 43 1475 
2 124 43 
2 4561 43 
1 43 
2 43 3240 
2 44 50 
1 44 
2 1034 44 
1 44 
3 4425 44 2423 
2 843 44 
4 1205 44 1080 2719 
2 44 193 
1 44 
5 3452 3755 44 686 2897 
2 44 229 
2 2411 44 
2 1329 44 
2 44 647 
4 270 44 1718 1549 
2 44 1211 
1 44 
1 44 
1 45 
1 45 
2 3613 45 
1 45 
3 3644 1689 45 
2 796 45 
4 2370 45 1115 4366 
1 45 
1 45 
5 1834 3140 3286 45 2425 
1 45 
2 4278 45 
1 45 
4 1782 4315 45 2049 
2 46 3728 
1 46 
1 46 
2 46 806 
2 2701 46 
1 46 
3 2486 3416 46 
2 46 407 
3 3398 1221 46 
1 46 
2 1746 46 
3 1501 46 4397 
4 1216 3497 46 2975 
1 46 
2 46 2534 
1 46 
3 3436 365 46 
1 46 
1 46 
3 2672 46 2442 
1 46 
1 47 
1 47 
2 1997 47 
1 47 
1 47 
2 2574 47 
2 47 2792 
6 4196 1071 4244 47 1096 317 
2 616 47 
2 1340 47 
3 4403 47 1528 
1 47 
1 47 
2 1427 47 
1 47 
1 47 
2 1685 47 
2 4096 47 
1 47 
1 47 
1 48 
4 1571 1208 1227 48 
2 48 1195 
3 2153 355 48 
3 1658 48 2443 
3 4050 3615 48 
2 2953 48 
2 4047 48 
1 48 
4 4140 1524 4591 48 
2 1107 48 
3 1665 1563 48 
2 3858 48 
3 1999 48 4237 
1 48 
1 48 
1 48 
3 4017 48 303 
1 48 
2 1610 49 
1 49 
2 2203 49 
1 49 
2 2667 49 
3 343 49 2579 
2 4187 49 
2 3325 49 
2 4401 49 
1 49 
3 49 1809 3017 
2 2596 49 
3 1523 4581 49 
2 742 49 
1 49 
2 4258 49 
1 49 
1 49 
1 49 
3 1648 3522 49 
3 2162 2682 49 
2 300 49 
1 49 
1 49 
1 50 
2 119 50 
2 4407 50 
2 213 50 
2 1447 50 
1 50 
3 2447 4359 50 
1 50 
1 50 
3 3823 1103 50 
2 4098 50 
1 50 
1 50 
3 1814 3095 50 
2 2591 50 
1 50 
1 51 
1 51 
3 51 1030 1164 
1 51 
2 51 4245 
1 51 
1 51 
1 51 
1 51 
2 51 2259 
3 51 3927 818 
1 51 
2 51 1120 
1 51 
2 51 3326 
2 51 4494 
1 51 
1 51 
1 51 
3 2224 51 3531 
3 377 52 3466 
1 52 
1 52 
1 52 
2 52 2324 
1 52 
1 52 
2 52 2481 
2 52 2147 
1 52 
2 52 2482 
4 52 4537 3773 3657 
1 52 
1 52 
1 52 
2 344 52 
1 52 
2 52 3573 
2 52 175 
2 52 1528 
2 52 1088 
2 52 3923 
2 53 1846 
1 53 
1 53 
3 53 746 3535 
2 53 1091 
6 53 565 2908 1339 3007 2792 
3 53 1735 3864 
3 983 53 3215 
3 53 2931 1959 
2 53 2520 
2 53 1445 
3 53 851 3241 
1 53 
2 53 2245 
1 53 
1 53 
1 53 
1 53 
2 53 3294 
2 53 1585 
2 54 2240 
2 4298 54 
2 54 2241 
2 54 4432 
1 54 
2 4201 54 
1 54 
3 54 3989 229 
2 54 1252 
3 54 4122 4170 
1 54 
2 54 3638 
2 4138 54 
1 54 
1 54 
1 54 
2 54 2932 
2 54 757 
1 54 
1 54 
2 54 3403 
2 54 1648 
2 54 3004 
1 54 
1 54 
2 688 54 
1 54 
3 55 3718 2298 
2 55 909 
2 55 1975 
2 55 1390 
2 55 2039 
1 55 
1 55 
2 55 4343 
1 55 
1 55 
2 55 855 
3 55 2705 3423 
1 55 
4 2536 2097 55 455 
3 56 4404 1474 
3 580 56 2578 
1 56 
1 56 
3 56 4132 1021 
1 56 
1 56 
2 1027 56 
2 1651 56 
2 56 310 
4 3394 56 1767 2389 
2 56 1871 
2 56 909 
1 56 
1 57 
1 57 
1 57 
1 57 
1 57 
2 57 974 
1 57 
1 57 
2 1350 57 
3 57 932 478 
1 57 
2 3892 57 
3 57 203 4511 
3 57 3548 479 
1 57 
1 57 
1 57 
3 57 873 2504 
1 57 
1 58 
2 58 1577 
1 58 
5 58 2020 993 3095 3905 
2 58 472 
1 58 
1 58 
1 58 
4 3675 58 1260 1777 
1 58 
3 3165 3363 58 
4 2265 58 474 1542 
1 58 
2 4517 58 
3 3983 58 4005 
1 58 
2 58 550 
1 58 
3 58 3487 2337 
1 58 
2 59 341 
1 59 
4 2227 3314 59 3637 
1 59 
2 1665 59 
1 59 
2 59 1948 
2 59 4214 
2 1869 59 
2 3363 59 
3 59 76 1213 
2 1308 59 
1 59 
2 1970 59 
2 3896 59 
2 1672 59 
1 59 
1 60 
2 3971 60 
1 60 
1 60 
2 2703 60 
3 4267 4520 60 
2 60 227 
1 60 
1 60 
1 60 
2 983 60 
1 60 
3 60 3722 2436 
3 519 60 3328 
2 60 499 
2 60 228 
2 2726 60 
2 105 60 
1 61 
1 61 
1 61 
2 61 3128 
2 61 3848 
1 61 
4 2131 3486 61 370 
2 61 3346 
3 1387 61 3269 
1 61 
3 3721 1949 61 
2 61 2400 
5 1304 466 61 2336 4092 
2 61 3366 
2 61 1830 
1 61 
2 61 4527 
1 61 
3 3170 61 1328 
3 1497 4571 61 
3 3098 61 431 
3 1376 61 3849 
1 61 
2 924 61 
3 62 3511 4352 
4 2804 401 3525 62 
2 4050 62 
1 62 
1 62 
1 62 
3 2113 62 1322 
2 62 1791 
3 486 62 480 
3 855 2737 62 
1 62 
2 2805 62 
2 923 62 
1 62 
1 62 
3 3382 62 864 
1 62 
3 455 62 1147 
1 63 
2 63 4088 
2 63 893 
1 63 
2 63 2502 
2 375 63 
2 346 63 
2 889 63 
2 63 2125 
2 4256 63 
1 63 
1 63 
3 4478 63 4593 
4 923 1270 2733 63 
1 63 
3 1822 63 1476 
1 63 
1 64 
2 64 209 
1 64 
3 64 2123 3181 
1 64 
1 64 
3 2327 4318 64 
1 64 
3 3831 3677 64 
1 64 
3 2535 520 64 
1 64 
1 64 
2 524 64 
1 64 
2 1290 64 
2 3713 64 
2 2079 65 
1 65 
2 3107 65 
2 2324 65 
2 1051 65 
2 65 3652 
2 2181 65 
1 65 
2 2672 65 
2 4388 65 
2 65 1788 
1 65 
2 65 1125 
3 2323 3718 65 
2 3901 65 
2 65 4001 
2 66 135 
2 4452 66 
1 66 
4 320 2375 66 4472 
1 66 
3 2606 4596 66 
4 327 237 66 1227 
3 3615 66 828 
2 4429 66 
2 3089 66 
1 66 
1 66 
1 66 
2 107 66 
1 66 
2 66 2006 
1 66 
4 4288 506 66 3544 
3 1936 66 512 
1 66 
1 67 
1 67 
1 67 
1 67 
2 1560 67 
1 67 
3 3702 67 1246 
1 67 
1 67 
2 3716 67 
1 67 
1 67 
2 67 1696 
3 1530 1342 67 
3 3242 4441 67 
1 67 
6 97 3022 237 67 2464 1550 
2 2928 67 
5 2199 1750 2359 2499 67 
2 68 2870 
2 1184 68 
3 2305 4080 68 
2 4149 68 
1 68 
5 2471 3336 3743 1148 68 
2 569 68 
1 68 
2 1374 68 
1 68 
2 1949 68 
1 68 
1 68 
2 1633 68 
2 1509 68 
1 68 
2 1818 68 
2 1371 68 
1 68 
4 2249 1202 68 3709 
2 1904 68 
3 2610 2334 68 
2 3117 68 
1 68 
3 2148 2489 68 
5 2086 4405 3348 68 1190 
3 861 4252 69 
1 69 
1 69 
2 2160 69 
1 69 
1 69 
1 69 
2 2915 69 
2 1996 69 
1 69 
2 1028 69 
2 911 69 
2 2396 69 
3 1297 3533 69 
1 69 
2 2018 69 
1 69 
1 69 
2 770 69 
2 3260 69 
3 70 3814 1369 
3 70 1106 4433 
1 70 
1 70 
2 70 2558 
3 70 3232 412 
2 70 2462 
3 1756 70 213 
2 70 3333 
3 70 3876 660 
1 70 
1 70 
2 70 2503 
1 70 
1 70 
1 70 
2 70 472 
2 70 1794 
1 70 
3 70 2383 3306 
2 1349 70 
4 70 1375 1464 2484 
2 70 1320 
3 70 4310 3205 
1 70 
3 71 1311 4327 
3 71 1370 1663 
2 71 1193 
1 71 
1 71 
2 1700 71 
1 71 
2 71 3041 
1 71 
3 71 3716 3724 
2 71 3774 
1 72 
2 1673 72 
3 72 2389 1180 
2 72 3424 
1 72 
3 469 1073 72 
1 72 
2 1626 72 
1 72 
2 72 3878 
2 3472 72 
2 72 3364 
1 72 
1 72 
2 3118 72 
2 72 492 
2 72 1474 
3 72 4343 3835 
4 3577 72 4334 3409 
2 2431 73 
2 73 316 
2 73 3834 
1 73 
2 73 3563 
1 73 
1 73 
3 73 2475 208 
2 1456 73 
1 73 
2 73 2623 
1 73 
2 3781 73 
1 73 
1 73 
2 1936 73 
2 73 3324 
1 73 
1 73 
1 73 
3 1613 73 4584 
2 73 3899 
1 74 
2 74 915 
1 74 
3 74 4378 282 
2 74 786 
4 74 2159 556 2935 
1 74 
1 74 
1 74 
2 74 4433 
1 74 
2 74 734 
2 4071 74 
2 74 1661 
1 74 
2 74 293 
1 74 
3 2543 74 3303 
2 2668 74 
3 715 74 1033 
1 74 
2 969 74 
3 2285 676 74 
1 74 
1 74 
1 74 
2 74 1823 
1 74 
1 75 
2 75 1894 
3 1412 75 2141 
2 1506 75 
1 75 
1 75 
1 75 
4 3311 75 701 187 
3 75 1805 2207 
1 75 
5 75 1725 1370 3629 4433 
3 3716 4538 75 
2 75 223 
2 75 2931 
1 75 
3 3315 75 2127 
1 75 
1 75 
2 75 4288 
1 75 
3 1084 75 1401 
3 75 844 536 
2 75 1229 
2 75 1911 
2 3577 75 
2 75 558 
2 4198 75 
2 4272 75 
1 76 
2 76 117 
2 2152 76 
1 76 
2 3929 76 
3 3826 76 3332 
2 1818 76 
2 76 4467 
3 76 1598 536 
2 1781 76 
2 3611 76 
1 76 
2 76 3093 
1 76 
2 3555 76 
2 77 1191 
1 77 
2 77 2140 
4 3876 77 274 3366 
6 3515 1990 77 892 1982 3391 
1 77 
2 77 4463 
1 77 
1 77 
2 1457 77 
2 3000 77 
1 77 
2 1317 77 
2 2963 77 
1 77 
2 77 3958 
2 757 77 
2 3947 77 
2 77 1915 
2 772 77 
2 3356 78 
1 78 
1 78 
1 78 
3 1534 336 78 
1 78 
4 2229 953 78 2340 
2 931 78 
1 78 
4 3359 313 78 4239 
2 78 3193 
3 912 78 1020 
2 2689 78 
2 1297 79 
2 2180 79 
2 79 4524 
1 79 
4 1521 329 79 2720 
2 375 79 
3 79 2440 2976 
1 79 
1 79 
5 1564 79 3471 1987 371 
4 2803 4496 79 1914 
3 3909 841 79 
2 79 1128 
3 3221 79 2681 
2 79 1733 
2 3966 79 
2 2021 79 
1 79 
2 79 3507 
3 2787 79 863 
4 79 2275 573 1300 
1 80 
1 80 
3 2130 4036 80 
2 80 412 
1 80 
1 80 
2 679 80 
2 3808 80 
1 80 
2 1288 80 
1 80 
2 4419 80 
3 933 80 316 
2 1539 80 
2 80 3805 
3 4145 80 4090 
1 80 
3 364 80 727 
2 80 2528 
1 80 
2 923 80 
2 80 247 
3 676 80 3090 
2 675 80 
1 80 
2 1676 80 
2 1118 80 
1 80 
2 214 80 
1 81 
1 81 
2 194 81 
2 81 3563 
1 81 
3 81 2045 1042 
2 3817 81 
3 651 3501 81 
2 3713 81 
1 81 
1 81 
1 81 
1 81 
1 81 
2 169 81 
1 81 
4 3660 4552 3290 81 
2 81 3774 
3 1490 389 81 
1 81 
3 1742 4083 81 
2 2085 81 
3 3815 81 2825 
4 2446 291 81 1680 
1 81 
2 2096 81 
1 82 
4 4096 2541 4495 82 
1 82 
2 3877 82 
3 941 1750 82 
3 3971 82 578 
1 82 
2 82 1424 
1 82 
3 439 82 1811 
1 82 
1 82 
2 120 82 
1 82 
3 2824 82 2952 
2 82 3054 
1 83 
2 3454 83 
3 3186 2076 83 
1 83 
3 1392 4161 83 
1 83 
4 2536 3816 3683 83 
1 83 
1 83 
2 132 83 
1 83 
2 1316 83 
2 4313 83 
2 3625 83 
1 83 
2 3266 83 
1 83 
2 4465 83 
2 1711 83 
1 83 
1 83 
3 84 3066 3707 
1 84 
1 84 
1 84 
1 84 
5 84 2322 1064 2844 960 
1 84 
1 84 
2 84 1092 
1 84 
2 84 3104 
1 84 
2 84 3730 
2 84 4281 
1 84 
3 84 926 328 
2 84 2214 
2 84 3915 
3 84 129 1439 
5 84 2815 3328 4472 1719 
3 84 3357 1375 
2 85 441 
6 85 4197 1141 4314 933 186 
2 85 3041 
2 85 3070 
2 85 3892 
5 85 345 3571 3134 2262 
1 85 
2 85 4156 
3 85 4004 1152 
4 1757 85 1386 3126 
2 85 2922 
3 85 2411 3651 
2 85 1576 
2 85 1879 
1 85 
1 85 
2 85 1603 
1 86 
1 86 
1 86 
2 86 280 
2 86 918 
2 86 1713 
2 86 1923 
1 86 
2 86 871 
2 86 2985 
1 86 
4 86 4164 2092 766 
2 86 3861 
1 86 
2 86 3519 
2 86 1296 
1 86 
2 86 3423 
1 86 
2 87 1379 
2 87 3796 
2 376 87 
1 87 
2 653 87 
1 87 
4 2324 87 2977 1964 
2 87 3293 
1 87 
1 87 
1 87 
2 87 1640 
2 4278 87 
2 1686 87 
1 87 
1 87 
2 711 87 
2 87 4158 
2 87 863 
3 87 4327 1662 
3 88 4425 3787 
2 88 203 
1 88 
1 88 
2 319 88 
2 88 1464 
1 88 
3 4264 88 3226 
2 2540 88 
1 88 
1 88 
3 3579 88 2576 
3 88 4434 537 
2 88 1544 
1 88 
2 1029 88 
1 88 
1 88 
1 88 
2 88 818 
2 2246 89 
1 89 
3 89 1600 4487 
1 89 
2 89 3277 
1 89 
3 89 891 2102 
1 89 
2 3666 89 
1 89 
3 1610 89 1302 
1 89 
3 3476 2234 89 
1 89 
1 89 
1 89 
2 1356 90 
3 4136 1673 90 
3 90 3366 2498 
2 90 3149 
2 90 3364 
1 90 
1 90 
1 90 
2 90 3439 
2 4259 90 
3 90 3005 3628 
2 90 1094 
2 90 2296 
1 90 
2 90 2956 
1 90 
2 3309 90 
3 4369 90 2437 
3 90 2220 374 
1 90 
2 3393 90 
2 90 1125 
1 90 
2 91 386 
1 91 
2 91 1491 
4 2900 91 2337 880 
1 91 
2 91 2400 
2 91 4322 
2 414 91 
1 91 
3 4050 91 1258 
2 91 3860 
2 292 91 
3 2603 1203 91 
1 92 
1 92 
5 4096 176 1366 92 2699 
3 1836 294 92 
1 92 
1 92 
1 92 
1 92 
2 3151 92 
3 92 3592 244 
1 92 
1 92 
3 2265 92 4086 
2 1462 92 
2 332 92 
2 2522 92 
1 92 
4 951 2562 92 157 
4 2608 3876 4281 92 
3 3474 1615 92 
2 3839 93 
2 2071 93 
2 93 978 
1 93 
2 2585 93 
2 3462 93 
3 1488 1319 93 
2 93 3047 
1 93 
1 93 
2 93 1229 
2 93 1452 
1 93 
1 93 
4 711 93 3841 3592 
2 4343 93 
3 503 815 93 
1 93 
2 93 1186 
2 3127 93 
3 722 94 2361 
2 94 112 
2 94 876 
2 94 3978 
3 1795 2821 94 
1 94 
1 94 
1 94 
1 94 
1 94 
2 94 2007 
1 94 
3 2851 95 2168 
1 95 
2 1023 95 
1 95 
1 95 
1 95 
1 95 
2 621 95 
2 4188 95 
1 95 
3 4121 95 705 
1 95 
2 2513 95 
5 832 3334 719 1950 95 
1 95 
1 95 
3 96 216 2284 
1 96 
1 96 
2 96 3087 
3 96 3338 4103 
2 96 3294 
2 96 3531 
2 96 3605 
2 96 615 
3 96 1145 2742 
3 96 2628 396 
2 96 1095 
2 96 158 
3 96 3437 555 
1 96 
1 96 
1 96 
2 96 305 
2 96 2525 
3 96 4512 1677 
1 96 
1 96 
2 97 488 
1 97 
1 97 
2 97 722 
2 97 3998 
2 97 3321 
2 97 4134 
1 97 
2 97 3381 
3 97 307 233 
4 97 3221 126 3450 
3 97 4527 2481 
2 97 1455 
2 2536 97 
2 97 742 
1 98 
1 98 
1 98 
2 98 4364 
4 98 3356 1951 2279 
1 98 
2 98 3466 
3 98 402 1323 
1 98 
2 98 2954 
1 98 
3 98 3375 3608 
1 98 
1 98 
2 98 1477 
2 98 2841 
1 98 
2 98 1540 
4 98 708 1515 2484 
2 99 3327 
2 99 3664 
2 99 2738 
2 99 2951 
2 99 3508 
3 99 3694 357 
2 99 2315 
2 99 1687 
1 99 
1 99 
2 99 507 
2 99 2715 
3 99 2221 3550 
1 99 
1 99 
2 99 3313 
1 99 
1 99 
3 99 455 3085 
2 100 1996 
3 100 1419 1282 
2 100 785 
4 100 4417 2060 2933 
1 100 
2 100 4457 
2 100 2968 
1 100 
3 100 270 2750 
2 100 321 
3 100 3248 2424 
2 100 2998 
3 100 2792 3097 
2 100 1143 
3 100 1313 1182 
3 100 3102 1857 
3 100 3600 1901 
1 100 
2 100 3707 
1 100 
1 100 
3 100 4458 2078 
1 100 
1 100 
2 100 1031 
1 100 
2 100 461 
3 100 2884 282 
1 100 
2 100 1706 
1 100 
1 101 
1 101 
2 101 2784 
1 101 
2 101 1150 
1 101 
2 101 3372 
2 101 2521 
1 101 
4 3820 101 1072 107 
1 101 
1 101 
1 101 
2 772 101 
2 101 3896 
2 101 2613 
3 101 1501 2290 
2 101 250 
1 101 
2 101 445 
1 101 
2 101 1539 
3 101 2067 3484 
2 101 556 
2 1501 102 
2 102 2400 
4 2108 102 2616 3803 
1 102 
1 102 
4 2382 753 102 3910 
3 1935 102 1337 
3 904 102 2744 
2 3376 102 
3 2585 102 935 
1 102 
1 102 
1 102 
1 102 
2 122 102 
1 102 
4 4563 3522 102 1279 
3 102 3722 1842 
1 102 
2 102 3267 
1 102 
1 102 
1 102 
2 102 2390 
1 103 
2 103 4554 
1 103 
1 103 
2 103 1344 
2 103 3391 
3 1120 3872 103 
3 103 3605 1546 
1 103 
3 103 180 4117 
1 103 
5 103 2884 3439 3614 3637 
1 103 
2 3310 103 
2 103 4033 
3 103 2236 2771 
1 103 
2 2406 103 
1 104 
4 104 2789 4291 536 
1 104 
1 104 
1 104 
2 524 104 
2 2471 104 
3 1074 104 3922 
2 104 2206 
1 104 
1 104 
2 104 3292 
1 104 
2 1585 104 
3 104 393 410 
2 104 4327 
1 104 
3 618 104 880 
1 105 
1 105 
2 3824 105 
2 105 2186 
1 105 
2 105 2200 
2 3166 105 
1 105 
3 105 4393 2503 
2 4419 105 
2 1938 105 
1 105 
2 105 734 
1 105 
1 105 
1 106 
2 106 361 
2 106 1988 
2 106 2750 
2 106 4192 
3 3822 106 3112 
3 2406 1813 106 
1 106 
1 106 
2 2877 106 
1 106 
3 1624 2383 106 
5 3665 106 2316 2258 3255 
2 106 1956 
2 1248 107 
2 3207 107 
2 107 4427 
2 2450 107 
3 807 107 3504 
1 107 
4 2909 107 3405 1601 
2 107 1328 
1 107 
3 319 107 2915 
3 107 403 4407 
2 3024 107 
3 107 3649 4338 
2 1692 107 
2 284 107 
1 107 
1 108 
3 3714 108 1605 
2 108 1083 
2 108 2418 
2 108 2927 
2 108 3196 
1 108 
2 1746 108 
2 347 108 
1 108 
2 108 181 
1 108 
2 108 2554 
2 1992 109 
2 3612 109 
2 3205 109 
1 109 
1 109 
3 1202 109 4460 
2 268 109 
1 109 
2 2382 109 
5 3140 4447 3973 3680 109 
2 2273 109 
2 3571 109 
1 109 
1 109 
1 109 
4 1234 3042 2840 109 
1 109 
2 1222 109 
1 109 
3 3417 1469 109 
2 3716 110 
1 110 
3 1553 2969 110 
3 455 1178 110 
3 2862 4501 110 
2 110 2164 
1 110 
2 110 3592 
1 110 
1 110 
1 110 
2 3300 110 
2 1499 110 
2 1456 110 
2 567 110 
1 110 
2 2925 110 
3 2797 110 446 
1 111 
2 1009 111 
3 2214 111 1327 
1 111 
2 4069 111 
1 111 
2 1484 111 
2 925 111 
1 111 
2 2163 111 
1 111 
2 2288 111 
3 2882 2494 111 
2 1431 111 
2 1332 111 
1 111 
2 111 961 
3 2155 3755 111 
2 2133 111 
1 111 
1 111 
2 121 111 
2 1844 111 
2 3158 111 
2 799 111 
4 3965 601 4124 112 
1 112 
2 112 3749 
1 112 
1 112 
1 112 
1 112 
2 112 4091 
1 112 
4 1531 112 4305 2403 
2 1254 112 
2 112 2682 
1 112 
1 112 
2 4330 112 
2 2053 112 
1 112 
3 4010 823 112 
4 799 112 3160 788 
2 113 4389 
4 3602 3397 113 2317 
3 2248 3590 113 
2 113 732 
2 2473 113 
3 4108 113 2206 
1 113 
3 2490 4148 113 
2 2307 113 
2 113 1302 
3 2055 113 609 
3 3947 113 687 
1 113 
3 943 399 113 
1 113 
2 113 594 
3 2195 2040 113 
2 1462 113 
2 113 3732 
3 328 3269 113 
1 113 
2 2726 114 
1 114 
1 114 
3 2148 1659 114 
1 114 
2 114 3095 
2 114 2483 
1 114 
1 114 
2 1774 114 
3 1928 114 2461 
1 114 
1 115 
2 115 1000 
2 3724 115 
2 115 3218 
2 1139 115 
1 115 
2 1523 115 
1 115 
3 115 3655 2580 
2 4452 115 
1 115 
3 1752 115 3329 
2 3659 115 
2 115 2029 
2 115 192 
2 647 115 
2 4257 115 
3 1043 3920 115 
2 1045 115 
3 3770 4378 115 
1 115 
3 2493 2823 115 
2 1036 115 
2 1740 116 
2 116 2628 
2 2192 116 
2 1322 116 
1 116 
1 116 
1 116 
1 116 
1 116 
2 346 116 
1 116 
3 4341 3386 116 
2 2077 116 
3 990 116 2530 
1 116 
1 116 
2 1669 116 
2 116 3805 
1 117 
3 1804 1128 117 
2 3258 117 
1 117 
1 117 
2 3130 117 
1 117 
2 117 3330 
1 117 
3 4496 2118 117 
1 117 
2 117 1550 
1 117 
2 3677 117 
1 117 
3 3811 1901 117 
2 4369 117 
1 117 
1 118 
2 3412 118 
2 1860 118 
3 3881 1448 118 
2 3657 118 
2 2645 118 
3 3766 2157 118 
1 118 
3 679 1982 118 
1 118 
1 118 
2 588 118 
3 4012 785 118 
1 118 
2 1768 118 
1 118 
3 1070 3264 118 
1 118 
2 4355 118 
1 119 
1 119 
1 119 
3 119 3400 785 
3 119 1305 3209 
2 119 3166 
2 119 2198 
1 119 
1 119 
1 119 
1 119 
1 119 
1 119 
1 119 
4 119 2555 1922 4162 
3 119 4182 2077 
2 119 2191 
2 3410 120 
2 120 3767 
1 120 
2 120 4377 
2 120 1648 
2 120 1261 
4 1005 120 1251 1706 
2 120 3856 
1 120 
2 120 1237 
3 120 3134 394 
1 120 
2 120 2450 
1 120 
1 120 
4 120 3417 3862 3149 
3 120 3995 1324 
1 120 
3 120 197 1184 
3 120 1782 1135 
1 120 
1 120 
2 120 1523 
1 120 
2 120 2673 
3 3942 121 3656 
1 121 
1 121 
2 121 2576 
1 121 
1 121 
1 121 
2 121 648 
1 121 
4 3892 121 2359 4157 
1 121 
2 3116 121 
2 121 3741 
2 121 3156 
2 121 3195 
2 121 448 
5 252 121 2352 4034 1302 
2 2800 121 
4 3687 1832 121 3585 
1 121 
2 121 794 
1 121 
2 121 3077 
2 122 3568 
2 122 4430 
2 122 577 
1 122 
2 122 873 
1 122 
1 122 
1 122 
1 122 
2 1267 122 
1 122 
1 122 
2 122 2717 
2 122 3362 
2 3734 123 
1 123 
3 123 1995 2116 
4 123 1368 2076 534 
3 123 529 3760 
1 123 
3 123 4085 3961 
1 123 
2 3098 123 
3 1387 123 1094 
2 123 2013 
3 196 123 2809 
1 123 
3 470 123 3087 
1 123 
1 123 
3 2447 123 1341 
1 123 
2 123 4531 
1 123 
6 1991 321 123 1784 3044 1183 
1 123 
2 2880 123 
3 123 222 2180 
1 124 
1 124 
3 124 2071 2031 
2 124 4352 
1 124 
1 124 
1 124 
3 124 1675 860 
2 124 4239 
1 124 
2 124 3863 
1 124 
2 124 716 
1 124 
3 2098 124 2864 
1 124 
2 774 124 
1 124 
1 124 
3 853 124 448 
2 1945 124 
4 4045 124 876 3654 
1 124 
2 125 3535 
2 3414 125 
2 125 2548 
1 125 
2 1404 125 
1 125 
2 125 4444 
2 125 421 
1 125 
2 125 1166 
3 125 3679 1773 
2 125 2829 
1 125 
2 125 1536 
2 125 3775 
2 125 900 
3 926 125 636 
1 125 
1 126 
3 269 126 1603 
4 126 971 2396 4154 
1 126 
3 792 126 3511 
4 831 2082 126 2330 
1 126 
2 126 4175 
3 4512 3518 126 
2 126 3150 
1 126 
2 126 4496 
1 126 
1 126 
1 126 
3 126 3875 360 
2 126 2221 
3 1355 126 3150 
4 504 126 4155 3537 
2 126 1300 
1 126 
1 126 
4 267 126 4123 129 
1 126 
3 420 127 839 
2 127 4396 
3 1308 2038 127 
3 2559 127 4193 
2 2194 127 
5 321 3456 2705 127 778 
2 1411 127 
3 4588 127 3914 
2 127 560 
3 127 3229 4189 
1 127 
1 127 
3 1008 127 1893 
3 3244 127 1011 
2 127 2217 
3 127 1370 1915 
1 128 
2 128 887 
2 3714 128 
1 128 
2 128 1327 
2 2197 128 
1 128 
3 128 4083 2746 
2 128 2244 
2 2158 128 
1 128 
1 128 
3 440 4450 128 
3 1758 128 630 
2 128 1302 
1 128 
1 128 
2 1218 128 
4 4355 2058 1361 128 
3 128 4036 1115 
1 128 
2 129 2619 
1 129 
1 129 
1 129 
2 129 3014 
3 2883 129 3294 
1 129 
3 4068 129 1856 
2 2862 129 
1 129 
1 129 
3 272 129 3999 
1 129 
1 129 
4 3822 1032 129 3998 
2 1973 129 
3 129 2973 1807 
1 129 
2 3797 129 
2 129 1878 
2 3219 129 
3 3908 129 3922 
2 129 1569 
3 3203 143 129 
3 176 129 2259 
1 129 
1 129 
1 129 
3 129 895 2873 
3 3886 130 1241 
5 1628 3395 130 1895 1083 
1 130 
1 130 
1 130 
3 3987 130 1728 
2 1607 130 
1 130 
3 811 130 1443 
2 4105 130 
1 130 
1 130 
2 3854 130 
4 2429 602 130 3727 
2 3099 130 
2 130 3636 
3 3377 130 3213 
2 130 340 
1 130 
3 2701 130 2107 
2 131 2315 
1 131 
4 256 3995 4376 131 
2 1353 131 
3 2472 4212 131 
1 131 
3 3695 131 264 
3 131 4251 1809 
3 3411 4413 131 
1 131 
2 3678 131 
1 131 
1 131 
1 131 
2 131 2595 
1 131 
1 131 
1 131 
1 131 
3 907 131 570 
1 131 
3 2346 131 1731 
1 131 
3 1085 2619 131 
2 946 131 
2 2231 131 
1 131 
1 132 
1 132 
3 4281 3269 132 
3 1816 1999 132 
1 132 
2 2788 132 
2 132 4394 
1 132 
1 132 
2 132 979 
2 132 3861 
2 3856 132 
1 132 
3 2856 2569 132 
2 952 132 
2 3249 132 
2 2751 132 
1 132 
1 132 
3 3186 132 282 
2 347 132 
3 671 133 1791 
1 133 
1 133 
3 1269 133 3256 
1 133 
2 133 1810 
1 133 
2 133 1324 
1 133 
1 133 
2 1981 133 
2 4482 133 
1 133 
2 1992 133 
1 133 
2 3614 133 
3 2506 133 2578 
1 133 
1 133 
1 133 
3 1414 3585 133 
2 4372 133 
3 777 4575 133 
4 3666 3466 133 2662 
1 133 
5 2247 4029 1870 309 133 
2 3268 133 
2 4054 134 
1 134 
1 134 
5 4049 531 134 3240 3371 
2 253 134 
1 134 
1 134 
1 134 
3 2995 356 134 
2 377 134 
1 134 
1 134 
2 3577 134 
1 134 
3 3826 3145 134 
3 3355 2287 134 
1 134 
2 2714 134 
1 134 
2 3415 134 
1 135 
2 4461 135 
1 135 
1 135 
1 135 
1 135 
2 694 135 
2 651 135 
3 3242 466 135 
1 135 
2 3162 135 
1 135 
2 2626 135 
2 2719 135 
2 2785 135 
1 135 
2 136 516 
3 945 458 136 
2 1444 136 
3 2670 4486 136 
2 2669 136 
2 2765 136 
3 1256 136 900 
2 136 2342 
2 3231 136 
2 136 3216 
3 4248 3633 136 
1 136 
1 136 
3 3833 3997 136 
1 136 
6 376 2941 3623 1543 136 3806 
3 2182 136 961 
2 3389 136 
1 136 
2 136 4117 
1 136 
2 4388 136 
1 137 
2 137 1529 
2 4138 137 
1 137 
3 4167 137 463 
1 137 
2 3499 137 
1 137 
1 137 
1 137 
1 137 
2 1794 137 
1 137 
4 3876 885 138 2554 
3 3695 3105 138 
3 1158 354 138 
2 3243 138 
3 2474 1081 138 
1 138 
2 138 3622 
1 138 
2 4567 138 
2 839 138 
1 138 
3 2959 3946 138 
1 138 
2 2647 138 
4 4477 4074 1927 138 
2 363 138 
2 2378 138 
1 138 
4 855 4030 2663 138 
2 1534 138 
1 138 
1 138 
1 139 
1 139 
1 139 
4 2211 139 3719 1170 
1 139 
2 139 4027 
3 139 4480 2895 
1 139 
1 139 
2 139 2938 
3 139 546 1227 
1 139 
1 139 
1 139 
3 139 4355 1205 
2 139 1918 
3 3374 139 3100 
1 139 
1 139 
2 139 1869 
2 139 2971 
3 139 1997 3160 
1 139 
2 139 2492 
2 139 181 
3 139 3441 3655 
2 139 3454 
4 139 1943 2068 2787 
2 140 2598 
2 140 4293 
1 140 
1 140 
1 140 
2 216 140 
1 140 
2 140 2989 
1 140 
2 140 3915 
4 140 4268 153 3182 
2 140 208 
2 793 140 
2 140 3009 
2 2671 140 
1 140 
1 140 
3 140 3959 3015 
1 140 
2 140 3002 
2 140 2029 
2 140 261 
1 140 
3 601 813 141 
1 141 
1 141 
1 141 
3 3118 141 3084 
1 141 
1 141 
1 141 
1 141 
3 141 3087 3890 
2 1968 141 
2 141 2664 
2 141 464 
3 141 1549 2750 
2 141 2587 
3 2997 2033 141 
1 141 
1 141 
4 1028 141 1947 908 
2 141 680 
1 141 
2 3357 141 
2 141 4362 
2 142 2145 
1 142 
1 142 
2 142 2360 
3 3416 142 631 
2 142 659 
2 142 1540 
2 1197 142 
3 142 3338 1207 
4 4179 142 261 3027 
1 142 
2 142 4482 
2 142 2391 
1 142 
2 142 4401 
1 142 
1 143 
1 143 
2 143 1662 
1 143 
1 143 
1 143 
1 143 
2 304 143 
3 1836 143 3041 
1 143 
3 143 404 2244 
2 143 1620 
2 143 1602 
1 143 
1 143 
1 143 
3 143 3462 2438 
1 143 
2 143 4189 
1 144 
1 144 
2 144 2847 
2 144 3150 
1 144 
1 144 
1 144 
2 3481 144 
3 144 2123 3751 
3 3020 144 1912 
1 144 
1 144 
2 1648 144 
1 144 
1 144 
5 3379 2834 4166 144 3501 
2 4009 144 
2 144 2933 
1 144 
2 1844 145 
1 145 
1 145 
1 145 
1 145 
2 145 2595 
1 145 
2 145 161 
3 3118 145 3014 
1 145 
1 145 
4 2514 2132 145 3819 
2 145 3624 
2 145 2418 
1 145 
1 145 
1 145 
1 145 
3 284 145 4062 
2 1303 145 
1 145 
1 145 
3 145 2534 667 
2 4587 146 
1 146 
2 3554 146 
5 146 4000 4016 2074 4135 
1 146 
1 146 
2 146 2402 
1 146 
2 2158 146 
2 2511 146 
3 146 2025 1962 
2 146 3094 
1 146 
3 3783 146 3293 
1 146 
1 146 
1 146 
1 146 
1 146 
1 146 
2 146 369 
3 3893 2729 146 
1 146 
2 858 146 
1 146 
1 146 
2 1782 147 
1 147 
1 147 
1 147 
2 147 248 
2 4262 147 
2 147 538 
2 3611 147 
3 1028 147 3135 
3 2085 147 3143 
1 147 
2 525 147 
1 147 
2 147 726 
1 147 
3 1336 2088 147 
1 147 
1 147 
1 148 
2 4448 148 
1 148 
1 148 
2 1674 148 
4 2967 148 2989 3750 
2 148 4078 
3 148 3403 2144 
1 148 
2 2099 148 
3 2994 148 1301 
1 148 
2 4200 148 
4 1031 1467 148 558 
2 1059 148 
3 1938 148 2849 
2 3457 148 
3 1431 148 4192 
1 148 
1 148 
2 2732 148 
2 149 156 
1 149 
2 149 2681 
1 149 
2 586 149 
1 149 
1 149 
2 3992 149 
1 149 
1 149 
2 149 666 
2 742 149 
2 1919 149 
2 149 1620 
3 928 149 514 
3 1906 149 4249 
2 149 3017 
2 1770 149 
3 792 3610 149 
2 3567 149 
2 2712 150 
1 150 
2 3879 150 
1 150 
4 3658 150 1510 3048 
1 150 
1 150 
2 4382 150 
2 2923 150 
2 1941 150 
2 2130 150 
2 696 150 
2 150 2743 
1 150 
2 2522 150 
2 3586 150 
2 150 893 
2 1536 150 
2 1706 150 
1 150 
1 150 
1 151 
2 692 151 
3 4360 151 3368 
2 151 508 
2 3379 151 
2 1690 151 
1 151 
2 151 3801 
1 151 
4 735 2758 2923 151 
1 151 
1 151 
2 151 3006 
1 152 
4 3378 2928 4523 152 
3 2638 152 3212 
2 152 3540 
4 673 3477 2789 152 
3 1946 152 667 
1 152 
2 1507 152 
1 152 
2 152 2770 
1 152 
2 1065 152 
3 1766 3954 152 
3 709 152 2992 
2 1028 152 
2 332 152 
2 2764 152 
1 152 
1 152 
1 152 
1 152 
3 2510 2859 152 
4 4024 643 152 2768 
1 152 
4 951 4062 152 2955 
1 152 
2 4290 153 
2 2841 153 
1 153 
4 358 153 685 1300 
1 153 
2 2090 153 
3 4243 153 593 
2 3980 153 
2 2806 153 
1 153 
2 231 153 
2 4050 153 
1 153 
1 153 
2 4503 153 
1 153 
2 4351 153 
1 153 
2 4403 154 
1 154 
1 154 
1 154 
4 1666 2821 1381 154 
3 267 2123 154 
1 154 
2 2400 154 
1 154 
1 154 
2 1819 154 
2 2963 154 
1 154 
2 786 154 
1 154 
1 154 
1 154 
2 154 1621 
3 4030 4574 155 
1 155 
2 3309 155 
1 155 
1 155 
2 4342 155 
2 284 155 
1 155 
1 155 
2 4367 155 
2 532 155 
2 1643 155 
3 4440 621 155 
2 568 155 
2 3466 155 
2 1667 155 
1 156 
1 156 
2 3630 156 
2 797 156 
1 156 
3 3166 4327 156 
3 3614 156 2365 
2 156 3806 
3 4447 156 3295 
1 156 
1 156 
1 156 
1 156 
3 2778 4432 156 
2 156 1934 
1 156 
5 1863 2783 2393 607 156 
1 156 
2 1273 156 
3 1573 156 4338 
1 156 
1 156 
2 1494 156 
2 2885 156 
4 1120 2216 978 156 
1 156 
4 3965 836 1947 156 
3 2388 157 1192 
2 2549 157 
2 2739 157 
1 157 
3 1950 4084 157 
2 675 157 
2 1653 157 
3 2702 3124 157 
1 157 
2 1250 157 
2 4538 157 
2 4318 157 
1 157 
2 157 4472 
2 2070 157 
1 157 
1 158 
1 158 
3 2354 158 3513 
2 1325 158 
4 2859 2778 1399 158 
1 158 
1 158 
3 4465 3620 158 
1 158 
1 158 
2 3105 158 
2 158 4022 
3 1673 4454 158 
3 622 158 1831 
2 1175 158 
2 4134 158 
2 2269 158 
2 3931 158 
1 158 
2 810 158 
3 1669 2328 158 
3 2908 3485 158 
1 158 
1 159 
1 159 
1 159 
5 3587 2117 876 4220 159 
1 159 
2 3167 159 
3 2909 185 159 
1 159 
2 2644 159 
3 3662 4266 159 
1 159 
1 159 
4 162 1759 2333 159 
4 2835 2454 2462 159 
2 1800 160 
1 160 
1 160 
2 822 160 
2 381 160 
3 4299 2356 160 
4 580 3428 160 3295 
3 556 2169 160 
1 160 
3 2744 2189 160 
1 160 
2 2660 160 
1 161 
2 3650 161 
2 1127 161 
4 3076 2306 2056 161 
3 3142 387 161 
4 4006 4198 710 161 
1 161 
2 1190 161 
1 161 
1 161 
1 161 
1 161 
1 161 
1 161 
1 161 
2 4558 161 
1 161 
2 3234 161 
4 1234 823 622 161 
2 2761 161 
1 162 
1 162 
2 162 348 
3 162 1624 2601 
2 162 521 
2 162 3822 
3 162 3810 4574 
2 162 3857 
1 162 
1 162 
2 162 1527 
2 162 3205 
2 162 2357 
2 162 2100 
1 163 
1 163 
1 163 
1 163 
1 163 
1 163 
3 163 4144 2529 
1 163 
5 163 2110 3284 3194 1372 
1 163 
3 2080 163 4538 
2 163 4599 
3 163 2305 4475 
2 163 4121 
1 163 
2 2995 163 
2 163 2551 
1 163 
2 163 1030 
3 163 486 2675 
2 163 3557 
2 2226 163 
2 164 2526 
1 164 
4 164 3605 1892 1543 
2 164 4330 
1 164 
1 164 
2 164 3664 
2 164 1727 
3 164 3930 3486 
2 164 4211 
3 164 834 2478 
1 164 
3 164 2674 4074 
2 164 1354 
1 164 
2 164 3180 
1 164 
1 164 
1 164 
1 164 
2 164 4261 
4 164 2633 3557 848 
2 164 1034 
4 165 673 2658 1298 
2 165 2704 
2 165 2482 
1 165 
1 165 
1 165 
3 165 1945 3888 
2 165 2597 
2 165 3977 
1 165 
1 165 
1 165 
1 165 
2 165 2077 
2 2606 165 
1 165 
4 251 2266 166 4434 
1 166 
2 166 1348 
1 166 
1 166 
3 4441 166 3874 
2 166 2298 
2 166 712 
2 166 1637 
2 166 2009 
3 792 166 2629 
4 2584 166 1180 2209 
1 166 
2 4416 166 
1 166 
1 166 
1 166 
1 166 
2 4241 166 
3 166 1744 594 
1 166 
1 167 
2 167 353 
3 167 3695 4406 
2 167 293 
1 167 
4 167 3205 3995 4037 
1 167 
2 167 876 
2 167 3685 
1 167 
1 167 
3 812 167 1596 
3 345 167 3997 
2 167 2043 
3 167 1707 2887 
4 2511 1865 167 1041 
3 167 3079 3157 
2 168 3616 
1 168 
1 168 
2 168 4379 
2 168 2139 
1 168 
2 517 168 
2 168 1443 
1 168 
1 168 
2 168 1368 
1 168 
1 168 
3 3057 169 1772 
2 169 2027 
2 169 1461 
2 169 3920 
2 169 1931 
2 1139 169 
2 169 1469 
1 169 
2 169 3490 
1 169 
1 169 
1 169 
3 169 1887 3847 
2 599 169 
1 169 
2 169 1420 
2 948 169 
2 169 995 
2 1916 169 
3 169 1167 1662 
4 808 2234 169 3502 
5 753 2271 169 4557 668 
1 169 
3 4138 169 1487 
2 1357 170 
2 170 1857 
1 170 
2 1308 170 
1 170 
3 1864 2805 170 
2 170 359 
2 170 4351 
1 170 
2 3432 170 
1 170 
1 170 
1 170 
2 170 1179 
1 170 
3 170 3499 1328 
2 170 4280 
1 170 
1 170 
1 170 
2 170 4326 
2 170 4429 
2 171 2645 
3 1517 1901 171 
3 171 1663 2795 
1 171 
2 171 1526 
1 171 
1 171 
2 171 2379 
3 171 1146 1127 
5 1760 171 3971 1396 3773 
2 4180 171 
4 1758 1500 171 1185 
1 171 
3 2982 171 3506 
1 171 
1 171 
2 2633 171 
2 171 1972 
1 172 
2 172 2739 
2 172 1908 
2 172 1998 
3 172 4111 2551 
2 2994 172 
4 3473 2984 172 2847 
2 172 3481 
3 172 385 1890 
2 172 1211 
1 172 
1 172 
2 172 4510 
3 3476 172 2257 
1 172 
1 172 
2 172 2683 
1 172 
3 1501 172 2019 
1 172 
2 173 1776 
3 173 3647 1094 
2 2536 173 
1 173 
2 2191 173 
2 173 889 
1 173 
2 2304 173 
1 173 
1 173 
3 2925 173 1063 
1 173 
4 3493 2085 4400 173 
1 173 
1 173 
2 468 173 
3 173 4518 1403 
2 2318 174 
2 174 2563 
2 2283 174 
2 4166 174 
2 2428 174 
2 174 2649 
3 2801 174 887 
3 174 2333 2127 
2 3794 174 
1 174 
1 174 
1 174 
1 174 
4 4546 174 1081 1698 
3 1388 814 174 
2 175 4230 
2 175 3787 
2 4442 175 
3 348 175 3157 
1 175 
2 3473 175 
1 175 
2 175 3342 
1 175 
1 175 
1 175 
3 4357 175 897 
4 813 1873 175 4525 
2 175 3899 
3 1764 175 2025 
2 3853 175 
2 175 2748 
2 4279 175 
2 4204 175 
2 792 175 
3 713 175 4583 
1 175 
1 175 
2 175 3762 
1 175 
2 175 1892 
1 175 
2 858 176 
1 176 
3 1623 176 2749 
2 176 3776 
2 2474 176 
2 176 2934 
3 3811 176 265 
1 176 
2 176 425 
1 176 
4 3495 1817 176 2829 
2 3495 176 
2 220 176 
1 176 
6 1001 598 1903 176 2626 3069 
1 176 
1 176 
2 715 176 
1 176 
2 176 1539 
2 177 1395 
4 3379 3430 177 4254 
2 177 1811 
1 177 
3 177 1752 3386 
2 2997 177 
1 177 
1 177 
1 177 
3 3380 177 2839 
1 177 
1 177 
4 215 177 3547 1988 
2 177 3135 
4 1178 177 3227 183 
2 177 1135 
1 177 
1 177 
2 177 3317 
2 177 247 
1 177 
2 178 3405 
1 178 
5 709 178 3769 3462 3463 
1 178 
4 837 178 893 4334 
2 4101 178 
4 658 178 2694 3348 
1 178 
4 1587 178 2847 368 
3 178 3329 4090 
1 178 
3 2083 658 178 
1 178 
3 178 628 3368 
2 178 1548 
2 1920 178 
2 178 4076 
1 178 
3 1196 2449 178 
1 178 
2 3116 178 
1 179 
2 1501 179 
1 179 
1 179 
2 2453 179 
2 179 1695 
3 3645 179 532 
1 179 
3 179 2006 960 
1 179 
1 179 
2 1197 179 
1 179 
1 179 
1 179 
1 179 
1 179 
4 1866 179 3650 1000 
1 179 
2 179 1342 
2 820 179 
4 2427 1026 179 409 
1 179 
2 179 2463 
1 179 
1 179 
2 2996 179 
1 180 
1 180 
2 180 475 
2 180 1281 
3 180 3670 371 
1 180 
2 3484 180 
2 180 1111 
1 180 
2 1928 180 
1 180 
2 423 180 
1 181 
2 2876 181 
2 181 1496 
2 181 370 
3 181 3240 3217 
2 587 181 
1 181 
1 181 
3 4441 181 276 
1 181 
4 1583 1408 469 181 
1 182 
1 182 
1 182 
4 551 182 4364 2958 
2 2366 182 
3 4444 182 4542 
1 182 
3 1669 182 2119 
1 182 
2 182 1018 
1 182 
2 182 4533 
2 566 182 
4 2642 183 1478 1403 
1 183 
3 183 1731 212 
2 4006 183 
4 3754 618 183 785 
1 183 
1 183 
2 4107 183 
3 183 2623 2361 
3 183 2974 3749 
4 3943 3140 183 644 
5 695 4147 183 274 4171 
1 183 
2 2192 183 
1 183 
4 2135 183 1801 1826 
1 183 
1 183 
2 4495 183 
1 184 
1 184 
2 4493 184 
1 184 
2 1951 184 
1 184 
2 2191 184 
1 184 
2 4541 184 
4 3221 1867 2021 184 
1 184 
1 184 
2 1908 184 
2 184 447 
3 783 184 2957 
3 2907 184 1492 
2 2109 184 
2 869 184 
4 3077 2618 184 2025 
3 927 1271 184 
2 3296 184 
2 4344 184 
1 184 
1 184 
3 3121 4483 184 
2 383 184 
2 2707 184 
2 185 2681 
3 2863 384 185 
2 1635 185 
1 185 
2 185 4560 
2 1766 185 
2 1464 185 
2 3073 185 
1 185 
1 185 
3 4207 2676 185 
2 3856 185 
1 185 
3 3815 185 2550 
3 1139 185 2025 
2 1054 185 
2 607 186 
1 186 
3 350 186 4560 
2 3841 186 
1 186 
2 871 186 
2 3520 186 
1 186 
2 3394 186 
1 186 
2 186 2091 
3 3164 186 3531 
3 3878 1675 186 
3 1253 4483 186 
1 186 
2 186 2425 
4 2231 3714 186 2748 
4 2343 345 4403 186 
3 2286 1012 186 
2 2963 187 
2 2235 187 
2 1596 187 
1 187 
2 187 3146 
1 187 
3 1917 3225 187 
2 187 2077 
3 1748 187 2626 
1 187 
1 187 
1 187 
2 187 3545 
2 217 187 
1 188 
1 188 
2 4356 188 
2 1125 188 
1 188 
3 1239 188 2277 
2 2565 188 
2 2437 188 
2 2117 188 
1 188 
1 188 
2 1628 188 
1 188 
2 3287 188 
1 188 
3 207 189 2361 
1 189 
3 4101 189 4395 
1 189 
1 189 
1 189 
2 189 4434 
2 1921 189 
4 2702 3281 2561 189 
1 189 
1 189 
1 189 
1 189 
2 4481 189 
1 189 
2 1290 189 
1 189 
1 189 
1 189 
1 189 
3 1643 1953 189 
1 189 
3 1322 4408 189 
3 4477 4208 190 
1 190 
2 3776 190 
3 1588 190 1247 
4 2096 2487 3655 190 
1 190 
5 2128 1293 1465 1383 190 
1 190 
4 1070 472 1261 190 
2 2726 190 
1 190 
3 1182 3724 190 
3 1166 2007 190 
1 190 
4 2225 3721 1383 190 
3 4497 3939 190 
2 248 190 
2 2548 190 
2 881 190 
1 190 
2 1655 190 
2 4598 190 
2 2208 190 
1 191 
2 2380 191 
1 191 
1 191 
3 4371 210 191 
1 191 
3 3875 4465 191 
1 191 
3 4382 2355 191 
1 191 
2 1308 191 
1 191 
1 191 
1 191 
2 4389 191 
2 774 191 
3 2173 3586 191 
2 2923 191 
3 3973 2840 191 
1 191 
1 192 
3 3581 219 192 
4 858 2163 4365 192 
2 510 192 
1 192 
2 4013 192 
2 3906 192 
2 2384 192 
1 192 
2 3448 192 
2 4256 192 
1 193 
1 193 
2 2288 193 
2 2319 193 
1 193 
3 3495 4473 193 
2 2242 193 
2 4407 193 
1 193 
3 1012 3364 193 
3 1597 1384 193 
2 2441 193 
3 3712 3455 193 
1 193 
1 193 
1 194 
1 194 
2 194 1416 
1 194 
2 194 2887 
1 194 
1 194 
1 194 
3 1720 194 3426 
1 194 
2 194 570 
2 195 4473 
1 195 
2 195 3834 
1 195 
4 195 811 659 3418 
1 195 
2 1701 195 
3 266 195 2524 
1 195 
1 195 
1 195 
2 195 2987 
2 195 4080 
3 1992 195 291 
1 195 
3 195 1565 2263 
4 195 3078 2681 631 
1 196 
3 4256 1558 196 
1 196 
2 196 3189 
3 196 3458 2279 
1 196 
2 196 4020 
2 1349 196 
3 196 1602 3636 
2 1628 196 
2 1586 196 
1 196 
2 196 2862 
2 197 1975 
1 197 
5 197 3188 2520 2070 339 
3 197 974 3915 
2 2052 197 
2 197 446 
4 197 1487 4228 2644 
1 197 
1 197 
3 4586 197 4171 
1 197 
2 197 1239 
1 197 
2 197 2679 
3 1406 3792 197 
2 197 1402 
2 197 805 
2 197 4585 
2 197 4263 
3 1812 197 404 
2 4259 197 
3 197 3642 1826 
1 197 
1 197 
2 197 3890 
1 197 
1 197 
2 197 3321 
3 1176 197 3914 
3 197 1193 3923 
1 197 
1 198 
1 198 
3 198 3440 4305 
2 198 2547 
1 198 
6 655 2325 198 722 2593 3634 
3 198 3190 412 
3 198 4327 934 
1 198 
3 198 4145 1789 
3 198 2592 1693 
2 198 2333 
2 198 2414 
2 1029 198 
1 198 
1 198 
1 199 
2 199 4144 
1 199 
2 199 562 
1 199 
2 199 2020 
1 199 
2 199 3263 
3 199 3739 2460 
5 2701 1500 1358 199 1810 
3 1609 199 443 
4 199 4455 1394 3651 
2 2961 199 
1 199 
2 2285 199 
1 199 
1 199 
1 199 
2 4354 199 
2 2535 199 
2 3925 199 
2 199 3248 
1 199 
4 4260 199 2783 3844 
1 199 
4 1668 2352 200 1109 
2 200 2895 
1 200 
1 200 
3 200 1980 1151 
2 200 816 
3 4275 200 658 
3 200 3438 1425 
2 200 4150 
2 200 1262 
1 200 
1 200 
1 200 
2 1120 200 
2 200 3759 
1 201 
2 201 2527 
2 201 1541 
3 1995 201 783 
1 201 
1 201 
2 201 4148 
3 201 2476 3848 
4 3823 201 2760 1660 
1 201 
2 4324 201 
1 201 
1 201 
4 3312 4281 201 2240 
1 201 
3 2039 201 2527 
3 201 1022 3849 
1 202 
2 202 3887 
1 202 
2 202 991 
2 673 202 
2 1486 202 
2 202 3227 
2 202 3131 
1 202 
2 202 395 
1 202 
1 202 
2 202 478 
2 202 4231 
1 202 
2 202 3725 
1 202 
1 202 
2 2343 203 
2 3587 203 
1 203 
1 203 
4 4245 203 4214 2712 
4 2201 203 341 1514 
4 4415 4323 203 444 
1 203 
1 203 
1 203 
2 203 4133 
1 203 
2 203 3005 
1 203 
1 203 
1 203 
3 696 203 1512 
3 203 2768 4117 
2 203 447 
2 2386 203 
1 203 
2 324 204 
1 204 
3 2171 204 3097 
2 204 1545 
1 204 
1 204 
1 204 
1 204 
4 1155 1611 3364 204 
1 204 
3 2117 204 3751 
1 204 
2 380 204 
1 204 
2 204 3250 
2 1835 204 
2 4184 204 
2 3026 204 
1 204 
2 204 4593 
2 205 1131 
1 205 
1 205 
1 205 
3 2540 4481 205 
1 205 
3 1050 205 407 
1 205 
1 205 
2 2946 205 
2 205 4592 
1 205 
4 2557 3284 205 2334 
1 205 
3 2679 205 3291 
3 1886 2520 205 
3 2517 4428 205 
2 2877 205 
3 4023 205 1263 
1 205 
1 205 
2 1672 205 
2 205 1131 
3 3580 3168 206 
1 206 
2 206 667 
2 206 2848 
2 206 2188 
1 206 
3 621 2294 206 
2 3758 206 
2 251 206 
1 206 
4 2877 4548 206 4394 
3 275 206 939 
1 206 
1 206 
2 3813 206 
1 206 
2 3125 206 
2 207 4001 
2 207 3015 
1 207 
1 207 
2 2728 207 
1 207 
2 207 2628 
3 3055 207 2719 
1 207 
1 207 
2 207 2028 
2 2359 207 
1 207 
4 1553 220 207 2504 
3 807 3284 207 
1 207 
1 207 
1 207 
1 207 
1 208 
1 208 
1 208 
2 208 2425 
1 208 
3 929 444 208 
2 507 208 
2 2633 208 
5 1198 927 208 1788 3030 
1 208 
1 208 
1 208 
2 2630 208 
1 208 
1 208 
2 378 208 
1 208 
2 752 208 
1 208 
1 208 
3 208 2869 3017 
1 208 
1 208 
1 208 
1 208 
1 209 
2 2513 209 
2 2150 209 
1 209 
2 1438 209 
2 217 209 
1 209 
3 3231 2715 209 
1 209 
2 3509 209 
1 209 
2 2924 209 
1 209 
3 1305 209 3802 
1 209 
1 209 
3 2492 209 1600 
2 3102 209 
3 2386 4361 209 
2 209 1804 
3 819 209 594 
2 1215 209 
1 209 
3 1566 3502 209 
2 2178 209 
2 1184 209 
1 209 
1 209 
1 210 
4 1607 1794 210 919 
1 210 
3 975 210 303 
1 210 
1 210 
3 3689 3498 210 
1 210 
3 1864 4329 210 
1 210 
2 2544 210 
1 210 
4 348 3584 4171 210 
3 2195 210 413 
2 714 210 
1 210 
2 3377 210 
2 497 210 
3 4241 210 282 
2 621 210 
2 210 4297 
1 210 
4 3959 2023 210 2685 
1 210 
1 211 
2 4581 211 
3 1854 3210 211 
2 1052 211 
2 211 2467 
2 2171 211 
1 211 
1 211 
1 211 
1 211 
1 211 
1 211 
1 211 
3 1088 761 211 
2 3952 211 
3 1888 3129 211 
2 2877 211 
3 1757 376 212 
2 221 212 
4 2690 1055 212 3332 
1 212 
2 931 212 
1 212 
2 443 212 
2 4376 212 
3 3868 3203 212 
3 1566 3860 212 
1 212 
3 3588 212 595 
3 2197 3913 212 
2 1306 212 
2 3900 212 
1 212 
2 328 212 
1 212 
2 2447 212 
2 212 2463 
2 1671 212 
2 2352 212 
2 1717 212 
1 212 
1 212 
2 1626 212 
2 2315 212 
2 4502 212 
2 1692 213 
1 213 
4 3413 813 2847 213 
2 2692 213 
2 615 213 
1 213 
2 1052 213 
5 451 3829 3588 4107 213 
2 542 213 
1 213 
1 213 
2 2452 213 
2 214 388 
1 214 
1 214 
2 214 2806 
2 214 3365 
1 214 
2 214 2316 
1 214 
2 214 3979 
2 214 345 
1 214 
4 214 947 4301 4499 
2 214 1852 
3 214 2478 2831 
3 214 363 429 
2 214 810 
4 214 4243 2069 2935 
2 214 2472 
1 214 
1 214 
2 215 909 
2 1665 215 
4 215 4565 3168 1480 
1 215 
2 215 2930 
2 215 1048 
1 215 
1 215 
2 215 3443 
1 215 
1 215 
2 215 3633 
3 3710 215 524 
1 215 
1 215 
2 215 3228 
2 215 2559 
1 215 
3 215 3946 1144 
1 215 
1 215 
1 215 
1 215 
1 215 
2 215 3140 
1 215 
1 215 
1 216 
2 216 4308 
2 216 778 
1 216 
1 216 
3 808 216 3826 
1 216 
2 3425 216 
2 216 3937 
2 216 4442 
1 216 
1 216 
1 216 
1 216 
3 216 935 734 
1 216 
3 216 2412 1526 
1 217 
3 217 4113 3276 
1 217 
3 217 3025 4192 
2 217 909 
4 217 3946 985 4429 
1 217 
1 217 
2 217 2676 
2 217 2954 
1 217 
2 217 2562 
2 1329 217 
1 217 
2 217 3473 
1 218 
4 3808 218 1223 3763 
2 218 2239 
2 218 956 
3 218 1765 3840 
2 218 3890 
2 218 3239 
2 2905 218 
2 218 3838 
2 218 1727 
1 218 
2 218 3146 
3 770 1159 218 
2 218 2761 
1 218 
1 218 
1 218 
3 219 4559 1481 
2 4342 219 
1 219 
2 219 3898 
1 219 
1 219 
4 219 1712 878 412 
2 219 3442 
2 219 3349 
5 2584 219 1656 3920 1810 
1 219 
1 219 
2 434 219 
1 219 
1 219 
1 219 
3 219 1472 1281 
1 219 
2 3019 219 
2 2033 219 
1 219 
2 2752 219 
1 219 
1 219 
1 219 
2 219 4115 
2 1044 220 
2 220 3156 
1 220 
2 220 4187 
1 220 
2 4402 220 
1 220 
3 3853 220 2180 
1 220 
1 220 
2 4224 220 
1 220 
2 221 1372 
1 221 
1 221 
2 1634 221 
2 1665 221 
2 221 880 
1 221 
2 221 533 
3 221 1237 3109 
1 221 
1 221 
1 221 
2 221 1785 
2 3948 222 
2 222 3917 
1 222 
2 222 3353 
7 1374 3076 605 3858 222 2047 1719 
1 222 
2 4103 222 
3 3222 222 2185 
1 222 
1 222 
1 222 
3 3497 222 1403 
1 222 
1 222 
1 222 
3 222 3090 2091 
1 223 
1 223 
2 223 2257 
3 4273 3060 223 
4 1077 223 1827 1402 
3 778 223 3617 
2 223 747 
1 223 
2 4587 223 
1 223 
2 223 730 
2 4462 223 
4 4596 3340 223 3035 
4 1196 2407 339 223 
1 223 
3 564 3885 224 
4 2737 224 2503 2300 
2 3674 224 
2 3436 224 
1 224 
2 971 224 
2 2982 224 
2 224 4085 
2 224 2796 
1 224 
3 1900 3567 224 
2 3755 224 
2 873 224 
3 271 3064 225 
2 472 225 
3 1773 225 2280 
1 225 
2 3737 225 
2 2624 225 
1 225 
1 225 
1 225 
3 2557 4143 225 
2 2321 225 
3 1429 2242 225 
2 3299 225 
1 225 
2 628 225 
3 3741 2966 226 
1 226 
1 226 
1 226 
2 226 227 
1 226 
3 1257 226 2687 
3 2190 226 3747 
1 226 
1 226 
1 226 
3 2058 545 226 
4 2588 313 4016 226 
2 3689 226 
2 2470 226 
2 892 226 
1 226 
1 227 
2 3405 227 
4 949 785 227 2811 
2 4303 227 
4 3037 912 227 3656 
2 1084 227 
2 227 1328 
2 3281 227 
4 967 2089 3771 227 
2 227 3709 
1 227 
2 653 227 
1 227 
1 228 
2 2563 228 
1 228 
2 3948 228 
3 3271 687 228 
2 1938 228 
2 228 667 
4 1562 2059 505 228 
1 228 
3 673 687 228 
2 665 228 
1 228 
1 228 
3 1720 853 228 
1 228 
2 2081 228 
2 3999 228 
4 4245 1272 3354 228 
2 2367 228 
1 228 
4 1046 289 3084 228 
4 1350 1435 1464 228 
5 3258 808 3693 1732 228 
1 228 
1 228 
2 608 228 
2 4467 229 
2 712 229 
2 3067 229 
4 3263 1298 3561 229 
3 3427 4232 229 
1 229 
4 2433 3569 335 229 
1 229 
1 229 
3 3079 2117 229 
2 2919 229 
1 229 
3 349 2497 229 
1 229 
3 1265 2232 229 
1 229 
3 3126 4525 229 
2 3878 229 
1 229 
2 1940 229 
2 1956 229 
1 229 
2 2113 229 
2 2651 229 
2 4350 229 
3 1503 490 229 
1 229 
4 3739 3121 1639 229 
1 229 
3 4438 1489 229 
1 229 
1 229 
1 229 
1 229 
4 1267 1662 3111 229 
3 3790 3769 229 
1 229 
2 3209 229 
1 230 
3 3710 230 2715 
2 230 1226 
1 230 
2 230 2729 
3 230 3987 3700 
3 230 2614 2808 
3 230 3652 3620 
1 230 
1 230 
2 230 2669 
2 230 1742 
1 230 
1 230 
1 230 
1 230 
1 231 
2 3598 231 
2 231 996 
3 1607 231 3595 
4 231 2273 2456 1540 
2 231 3725 
1 231 
2 231 4187 
1 231 
2 2132 231 
2 231 4163 
2 231 3033 
1 231 
1 231 
1 231 
1 231 
1 231 
2 231 472 
2 231 3385 
2 231 1110 
3 232 2453 1879 
1 232 
1 232 
1 232 
1 232 
2 232 1130 
2 232 3409 
1 232 
2 1159 232 
1 232 
1 232 
2 2994 232 
2 1532 232 
3 232 4454 3437 
1 232 
3 232 1893 1188 
1 232 
1 232 
1 232 
2 232 2398 
1 232 
2 232 3575 
2 619 233 
1 233 
1 233 
3 233 1012 336 
4 233 3207 1465 3108 
1 233 
1 233 
2 233 3604 
2 233 3569 
2 397 233 
1 233 
1 234 
2 234 3423 
1 234 
2 234 4016 
1 234 
1 234 
1 234 
2 234 1596 
2 714 234 
2 2015 234 
1 234 
1 234 
2 234 3330 
2 234 3178 
3 4272 234 552 
3 3641 234 3627 
2 235 846 
1 235 
2 235 2006 
1 235 
2 4198 235 
1 235 
2 2709 235 
1 235 
1 235 
1 235 
2 235 1191 
1 235 
1 235 
3 3055 235 3189 
2 235 2625 
1 235 
1 235 
1 235 
1 235 
1 235 
3 4120 953 235 
1 235 
2 235 3445 
2 235 1424 
2 235 3837 
2 3829 236 
3 2874 236 4347 
2 2476 236 
1 236 
1 236 
2 931 236 
3 3993 236 640 
3 236 1226 3982 
1 236 
1 237 
3 1269 237 4351 
2 237 475 
2 237 3731 
2 3208 237 
1 237 
