30 2 3 4 5 6 7 8 9 10 11 12 13 14 15 16 17 18 19 20 21 22 23 24 25 26 27 28 29 30 31 
32 1 32 33 34 35 36 37 38 39 40 41 42 43 44 45 46 47 48 49 50 51 52 53 54 55 56 57 58 59 60 61 62 
27 1 63 64 65 66 67 68 69 70 71 72 73 74 75 76 77 78 79 80 81 82 83 84 85 86 87 88 
26 1 89 90 91 92 93 94 95 96 97 98 99 100 101 102 103 104 105 106 107 108 109 110 111 112 113 
21 1 114 115 116 117 118 119 120 121 122 123 124 125 126 127 128 129 130 131 132 133 
17 134 1 135 136 137 138 139 140 141 142 143 144 145 146 147 148 149 
17 1 150 151 152 153 154 155 156 157 158 159 160 161 162 163 164 165 
17 1 166 167 168 169 170 171 172 173 174 175 176 177 178 179 180 181 
18 1 182 183 184 185 186 187 188 189 190 191 192 193 194 195 196 197 198 
23 1 199 200 201 202 203 204 205 206 207 208 209 210 211 212 213 214 215 216 217 218 219 220 
21 1 221 222 223 224 225 226 227 228 229 230 231 232 233 234 235 236 237 238 239 240 
28 1 241 242 243 244 245 246 247 248 249 250 251 252 253 254 255 256 257 258 259 260 261 262 215 263 264 265 266 
17 1 267 268 269 270 271 272 273 274 275 276 277 278 279 280 281 282 
22 1 283 284 285 286 287 288 289 290 291 292 293 294 295 296 297 298 299 300 301 302 303 
26 1 304 305 306 307 308 309 310 311 312 313 314 315 316 317 318 319 320 321 322 323 324 325 326 327 328 
22 1 329 330 331 332 333 334 335 336 337 338 339 340 341 342 343 344 345 346 347 348 349 
25 350 1 351 352 353 354 355 356 357 358 359 360 361 362 363 364 365 366 367 368 369 370 371 372 373 
23 1 374 375 376 377 378 379 380 381 382 383 384 385 386 387 388 389 390 391 392 393 394 395 
18 1 396 397 398 399 400 401 402 403 404 405 406 407 408 409 410 411 412 
26 413 1 414 415 416 417 418 419 420 421 422 423 424 425 426 427 428 429 430 431 432 433 434 435 436 437 
28 1 438 439 440 441 442 443 444 445 446 447 448 449 450 451 452 453 454 455 456 457 458 459 460 461 462 463 464 
23 465 1 466 467 468 469 470 471 472 473 474 475 476 477 478 479 480 481 482 483 484 485 486 
18 1 487 488 489 490 491 492 493 494 495 496 497 498 499 500 501 502 503 
19 1 504 505 506 507 508 509 510 511 512 513 514 515 516 517 518 519 520 521 
28 1 522 523 524 525 526 527 528 529 530 531 532 533 534 535 536 537 538 539 540 541 542 543 544 545 546 547 548 
20 1 549 550 551 552 553 554 555 556 557 558 559 560 561 562 563 564 565 566 567 
22 1 568 569 570 571 572 573 574 575 576 577 578 579 580 581 582 583 584 585 586 587 588 
21 1 589 590 591 592 593 594 595 596 597 598 599 600 601 602 603 604 605 606 607 608 
18 1 609 610 611 612 613 614 615 616 617 618 619 620 621 622 623 624 625 
22 1 626 627 628 629 630 631 632 633 634 635 636 637 638 639 640 641 642 643 644 645 646 
23 1 647 648 649 650 651 652 653 654 655 656 657 658 659 660 661 662 663 664 665 666 667 668 
22 669 2 670 671 672 673 674 675 676 677 678 679 680 681 682 683 684 685 686 687 688 689 
26 2 690 691 692 693 694 695 696 697 698 699 700 701 702 703 704 705 706 707 708 709 710 711 712 713 714 
21 2 715 716 717 718 719 720 721 722 723 724 725 726 727 728 729 730 731 732 733 734 
19 2 735 736 737 738 739 740 741 742 743 744 745 746 747 748 749 750 751 752 
18 2 753 754 755 756 757 758 759 760 761 762 763 764 765 766 767 768 769 
22 2 770 771 772 773 774 775 776 777 778 779 780 781 782 783 784 785 786 787 788 789 790 
24 2 791 792 793 794 795 796 797 798 799 800 801 802 803 804 805 806 807 808 809 810 811 812 813 
20 2 814 815 816 817 818 819 820 821 822 823 824 825 826 827 828 829 830 831 832 
24 2 833 834 835 836 837 838 839 840 841 842 277 843 844 845 846 847 848 849 850 851 852 853 854 
16 2 855 856 857 858 859 860 861 862 863 864 865 866 867 868 869 
18 870 2 871 872 873 874 875 876 877 878 879 880 881 882 883 884 885 886 
18 2 887 888 889 890 891 70 892 893 894 895 896 897 898 899 900 901 902 
20 903 2 904 905 906 907 908 909 910 911 912 913 914 915 916 917 918 919 920 921 
25 2 922 923 924 925 926 927 928 929 930 931 932 933 934 935 936 937 938 939 940 941 942 943 131 944 
16 2 945 946 947 948 949 525 950 951 952 953 954 955 956 957 958 
23 2 959 960 961 962 963 964 965 966 967 968 969 970 971 972 973 974 975 976 977 978 979 980 
26 2 981 982 983 984 985 986 987 988 989 990 991 992 993 994 995 996 997 998 999 1000 1001 1002 1003 1004 1005 
23 2 1006 1007 1008 1009 1010 1011 1012 1013 1014 1015 1016 1017 1018 1019 1020 1021 1022 1023 1024 1025 1026 1027 
22 2 1028 1029 1030 1031 1032 1033 1034 1035 1036 1037 1038 1039 1040 1041 1042 1043 1044 1045 1046 1047 1048 
23 2 1049 1050 1051 1052 1053 1054 1055 1056 1057 1058 1059 1060 1061 1062 1063 1064 1065 1066 1067 1068 1069 1070 
24 2 1071 1072 1073 1074 1075 1076 552 1077 1078 1079 1080 1081 1082 1083 1084 1085 1086 1087 1088 1089 1090 1091 1092 
15 2 1093 1094 1095 1096 1097 1098 1099 1100 1101 1102 1103 1104 1105 1106 
22 2 1107 1108 1109 1110 1111 1112 1113 1030 1114 1115 1116 1117 1118 1119 1120 1121 1122 1123 1124 1125 1126 
22 2 1127 1128 1129 1130 1131 1132 1133 1134 1135 1136 1137 1138 1139 1140 1141 1142 1143 1144 1145 1146 1147 
21 1148 2 1149 1150 1151 823 1152 1153 1154 1155 1156 1157 1158 1159 1160 1161 1162 1163 1164 1165 1166 
18 2 1167 1168 1169 1170 1171 1172 1173 1174 1175 1176 1177 1178 1179 1180 1181 1182 1183 
27 2 1184 1185 1186 1187 1188 1189 1190 1191 1192 1193 1194 1195 1196 1197 1198 1199 1200 1201 1202 1203 1204 1205 1206 1207 1208 1209 
21 2 1210 1211 1212 1213 1214 1215 1216 1217 1218 1219 1220 1221 1222 1223 1224 1225 1226 1227 1228 1229 
19 2 1230 1231 1232 1233 1234 1235 1236 1237 1238 1239 1240 1241 1242 1243 1244 1245 1246 1247 
28 1248 2 1249 1250 1251 1252 1253 1254 1255 1256 1257 1258 1259 1260 1261 1262 1263 1264 1265 1266 1267 1268 1269 1270 1271 1272 1273 1274 
19 1275 2 1276 1277 1278 1279 1280 1281 1282 1283 1284 1285 1286 1287 1288 1289 1290 1291 1292 
20 1293 3 1294 1295 1296 1297 1298 1299 1300 1301 1302 1303 1304 1305 1306 1307 1308 1309 1310 1311 
21 3 1312 1313 1314 1315 1316 1317 1318 1319 1320 1321 1322 1323 1324 1325 1326 1327 1328 1329 1330 1331 
23 1332 3 1333 1334 1335 1336 1337 1338 1339 1340 1341 1342 1343 1344 1345 1346 1347 1348 1349 1350 1351 1352 1353 
17 3 1354 1355 1356 1357 1358 1359 1360 1361 1362 1363 1364 1365 1366 1367 1368 1369 
17 1370 3 1371 1372 1373 1374 1375 1376 1377 1378 1379 1380 1381 1382 1383 1384 1385 
15 3 1386 1387 1388 1389 1390 1391 1392 1393 1394 1395 1396 1397 1398 1399 
18 3 1400 1401 1402 1403 1404 1405 1406 1407 1408 1409 1410 1411 1412 1413 1414 1415 1416 
25 3 1417 1418 1419 1420 1421 1422 1423 43 1424 1425 1426 1427 1428 1429 1430 598 1431 1432 1433 1434 1435 1436 1437 1438 
24 1439 3 1440 1441 1442 1443 1444 1445 1446 1447 1448 1449 1450 1451 1452 1453 1454 1455 1456 1457 1458 1459 1460 1461 
18 1462 3 1463 1464 1465 1466 1467 1468 1469 1470 1471 1472 1473 1474 1475 1476 1477 1478 
26 3 1479 1480 1481 1482 1483 1484 1485 1486 1487 1488 743 1489 1490 1491 1492 1493 1494 1495 1496 1497 1498 1499 1500 1501 1502 
33 3 1503 1504 1505 1506 1507 1508 1509 1510 1511 1512 1513 1514 1515 1516 1517 1518 1519 1520 1521 1522 1523 1524 1525 1526 1527 1528 1529 1530 1531 1532 1533 1534 
25 3 1535 1536 1537 1538 1539 1540 1541 1542 1543 1544 1545 1546 1547 1548 1549 1550 1551 1552 1553 1554 1555 1556 1557 1558 
19 3 1559 1560 1561 1562 1563 1564 1565 1566 1567 1568 1569 1570 1571 1572 1573 1574 1575 1576 
26 3 1577 1578 1579 1580 1581 1582 1583 1584 1585 1586 1587 1588 1589 1590 1591 1592 1593 1594 1595 1596 1597 1598 1599 1600 1601 
26 3 1602 1603 1604 1605 1606 1607 1608 1609 1610 1611 1612 1613 1614 1615 1616 1617 1618 1619 1620 1621 1622 1623 1624 1625 1626 
23 3 1627 1628 1629 1630 1631 1632 272 1633 1634 1635 1636 1637 1638 1639 1640 1641 1642 1643 1644 1645 1646 1647 
21 1648 1649 3 1650 1651 1652 1653 1654 1632 1655 1656 1657 1658 1659 1660 1661 1662 1663 1664 1665 1666 
12 3 1667 1668 1669 1670 1671 1672 1673 1674 1675 1676 1677 
16 3 1678 1679 1680 1681 1682 1683 1684 1685 1686 1687 1688 1689 1690 1691 1692 
18 1693 3 1694 1695 1696 1697 1698 1699 1700 1701 1702 497 1703 1704 1705 1706 1707 1708 
23 3 871 1709 1710 1711 1712 1713 1714 1715 1716 1717 1718 1719 1720 1721 1722 1723 1724 1725 1726 1727 1728 1729 
25 1730 3 1731 1732 1733 1734 1735 1736 1737 1738 1739 1740 1741 1742 1743 1744 1745 1746 1747 1748 1749 1750 1751 1752 1753 
27 1754 3 1755 1756 1757 1758 1759 1760 1761 1762 1763 1764 1765 1766 1767 1768 1769 1770 1771 1772 1773 1774 1775 1776 1777 1778 1779 
22 1780 3 1781 1782 490 1783 1784 1785 1786 1787 1788 1789 1790 1791 1792 1793 1794 1795 1796 1797 1798 1799 
20 3 1800 1252 1801 1802 1803 1804 1805 1806 1807 1808 1809 1810 1811 1812 1813 1814 1815 1816 668 
25 4 1817 1818 1819 1820 1821 1822 1823 1824 1825 1826 1827 1828 1829 1830 1831 1832 1833 1834 1835 1836 1837 1838 1839 1840 
23 4 1841 1842 1843 1844 1845 1846 1847 1848 1849 1850 1851 1852 1853 1854 1855 1856 1857 1858 1859 1860 1861 1862 
21 1863 1864 1865 1866 1867 4 1868 1869 1870 1871 1872 1873 1874 1875 1876 1877 1878 1879 1880 1881 1882 
15 1883 4 1884 1885 1886 1887 1888 1061 1889 1890 1891 1892 1893 1894 1895 
19 4 1896 1897 1898 1899 1900 1901 1902 1903 1904 1905 1906 1907 1908 1909 1910 1911 1912 1913 
13 4 1914 1915 1916 1917 1918 1919 1920 1921 1922 1923 1924 1925 
16 4 1926 1927 1928 1929 1930 1931 1932 1933 1934 1935 1936 1937 1938 1939 1940 
22 4 1941 1942 1943 1944 1945 1946 1947 1948 1949 1950 1951 1952 1953 1954 1955 1956 1957 1958 1959 1960 1961 
22 1962 1963 4 1964 1965 1966 1967 1968 1969 1970 1971 1972 1973 1974 1975 1976 1977 1978 1979 1980 1981 1982 
26 1983 1984 4 1781 1985 1986 1987 1988 1989 1990 1991 1992 1993 1994 1995 1996 1997 1998 1999 2000 2001 2002 2003 2004 2005 2006 
19 2007 2008 2009 4 2010 2011 2012 2013 2014 2015 2016 2017 2018 2019 2020 2021 2022 2023 2024 
26 2025 4 2026 2027 2028 2029 2030 2031 2032 2033 2034 2035 2036 2037 2038 2039 2040 2041 2042 301 2043 2044 2045 2046 2047 2048 
29 2049 2050 2051 4 2052 2053 2054 2055 2056 2057 2058 2059 2060 2061 2062 2063 2064 2065 2066 2067 2068 2069 2070 2071 2072 2073 2074 2075 2076 
20 2077 4 2078 2079 2080 2081 2082 2083 2084 2085 2086 2087 2088 2089 2090 2091 2092 2093 2094 2095 
17 4 2096 2097 2098 2099 2100 2101 2102 2103 2104 2105 2106 2107 2108 2109 2110 2111 
19 2112 2113 4 2114 2115 2116 2117 2118 2119 2120 2121 2122 2123 2124 2125 2126 2127 2128 2129 
23 735 4 2130 2131 2132 2133 2134 2135 2136 2137 2138 2139 2140 2141 2142 2143 1121 2144 2145 2146 2147 2148 2149 
23 2150 2151 4 2152 2153 2154 2155 2156 2157 2158 2159 2160 2161 2162 2163 2164 2165 2166 2167 2168 2169 2170 2171 
17 2172 4 2173 2174 2175 2176 2177 2178 2179 2180 2181 2182 2183 2184 2185 2186 2187 
24 4 2188 2189 2190 2191 2192 2193 2194 2195 2196 2197 2198 2199 2200 2201 2202 2203 2204 2205 2206 2207 2208 2209 2210 
20 4 2211 2212 2213 2214 2215 2216 2217 2218 2219 2220 2221 2222 2223 2224 2225 2226 2227 2228 2229 
22 4 2230 2231 2232 2233 2234 2235 2236 2237 2238 2239 2240 2241 2242 2243 2244 2245 2246 2247 2248 2249 2250 
23 2251 2252 4 2253 2254 2255 2256 2257 2258 2259 2260 2261 2262 2263 2264 2265 2266 2267 2268 2269 2270 2271 2272 
24 2273 2274 4 2275 362 2276 2277 2278 2279 2280 2281 2282 2283 2284 2285 2286 2287 2288 2289 2290 2291 2292 2293 2294 
16 2295 4 2296 2297 2298 2299 2300 2301 2302 2303 2304 2305 2306 2307 2308 2309 
23 2310 2311 2312 2313 5 2314 2315 2316 2317 2318 2319 2320 2321 2322 2323 2324 2325 2326 2327 2328 2329 2330 2331 
14 2332 2333 5 2334 2335 2336 2337 2338 1468 2339 2340 2341 2342 2343 
26 2344 2345 5 2346 2347 2348 2349 2350 2351 2352 2353 2354 2355 2356 2357 2358 2359 2360 2361 2362 2363 2364 2365 2366 2367 2368 
17 2369 5 2370 2371 2372 2373 2374 2375 2376 2377 2378 2379 2380 2381 2382 2383 2384 
24 2385 2386 5 2387 2388 2389 2390 2391 2392 2393 2394 2395 2396 2397 2398 2399 2400 2401 2402 2403 2404 2405 2406 2407 
25 2408 5 2409 2410 2411 2412 2413 2414 2415 2416 1080 2417 2418 2419 2420 2421 2422 2423 2424 2425 2426 2427 2428 2429 2430 
16 2431 2432 5 2433 2434 2435 2436 2437 2438 2439 2440 2441 2442 2443 2444 2445 
22 2446 2447 2448 5 2449 2450 2451 2452 2453 2454 2455 2456 2457 2458 2459 2460 2461 2462 2463 2464 2465 2466 
21 2467 2468 2469 2470 5 2471 2472 2473 2474 2475 2476 2477 2478 2479 2480 2481 2482 2483 2484 2485 2486 
21 2487 351 5 780 2488 1389 2489 2490 2491 2492 2493 2494 2495 2496 2497 300 2498 2499 2500 2501 2502 
24 2503 2504 2505 5 2506 2507 2508 2509 2510 2511 2512 2513 2514 2515 2516 2517 2518 2519 2520 2521 2522 2523 2524 2525 
28 2526 2527 2528 2529 2530 5 2531 2532 2533 2534 2535 2536 2537 2538 2539 2540 2541 1219 2542 2543 2544 2545 2546 2547 2548 2549 2550 2551 
11 5 2552 2553 2554 2555 2556 2557 2558 2559 2560 2561 
21 2562 2563 5 2564 2565 2566 2567 2568 2569 2570 2571 2572 2573 2574 2575 2576 2577 2578 2579 2580 2581 
18 2582 2583 2584 2585 5 2586 2587 2588 2589 2590 2591 2592 2593 2594 2595 2596 239 2597 
18 2598 2599 2600 5 2601 2602 2603 2604 892 2605 2606 2607 2608 2609 2610 2611 2612 2613 
22 2614 2615 2616 2617 2618 2619 5 2620 2621 2622 2623 2624 2258 2625 2626 2627 2628 2629 2630 2631 2632 2633 
21 2634 2635 2636 5 2637 2638 2639 2640 2641 45 2642 2643 2644 2645 2646 2647 2648 2649 2650 2651 2652 
22 2653 5 2654 2655 2656 2657 2658 2659 2660 2661 2662 2663 2664 2665 2666 2667 2668 2669 2670 2671 2672 2673 
14 2674 2675 2676 2677 2678 5 2679 2680 2681 2682 2683 2684 2685 2686 
22 2687 2688 2689 2690 6 2691 2692 2693 2694 2695 2696 2697 577 2698 2699 2700 2701 2702 2703 2704 2705 2706 
13 6 2707 2708 2709 2710 2711 2712 2713 2714 2715 2716 2717 2718 
22 2719 2720 6 2721 2722 2723 2724 2725 2726 2683 2727 2728 2729 2730 2731 2732 2733 2734 2735 2736 2737 2738 
24 2739 2740 6 2741 2742 2743 2744 2745 2746 2747 2748 2749 2750 2751 2752 2753 454 2754 2755 2756 2757 2758 2759 2760 
24 2761 6 2762 2389 2763 2764 2765 2766 2767 2768 2769 2770 2771 2772 2773 2774 2775 2776 2777 2778 2779 2780 2781 2782 
15 2783 2784 2785 6 2786 2787 2788 2789 2790 909 2791 2792 2793 2794 1224 
24 2795 2796 2797 6 2798 2799 2800 2801 2802 2803 2804 2805 2806 2807 2808 2809 2810 2811 2812 2813 2814 2815 2816 2817 
24 2818 2819 2820 6 2821 2822 2823 2824 2825 2826 2827 2828 2829 2830 2831 2832 2833 2834 2835 2836 2837 2838 2839 2840 
13 2841 2842 6 2843 2844 2571 2845 2846 2847 2848 2849 2850 2851 
23 2852 2853 2854 2855 2856 6 2857 2858 2859 2860 2861 2862 2863 2864 2865 2866 2867 2868 2869 2870 2871 2872 2873 
30 2874 2875 2876 2877 2878 2879 2880 6 2881 2882 2883 2884 2885 2886 2887 2888 2889 2890 2891 1306 2892 2893 2894 2895 2896 2897 2898 2899 2900 1399 
23 2901 2902 2903 2904 6 2905 2906 2907 2908 2909 2910 2911 2912 2913 2914 2915 2916 2917 2918 2919 2920 2921 2922 
15 2923 2924 6 2925 2926 2927 2928 2929 2930 2931 2932 2933 2934 2935 2936 
22 2937 2938 2939 2940 6 2941 2942 2943 2944 2945 2946 2947 2948 2949 2950 2951 2952 2953 2954 2955 2956 2957 
16 2958 2959 6 2960 2961 700 2962 2963 2964 2965 2966 2967 2968 2969 2970 2971 
22 2972 2973 2974 6 2975 2976 2977 2978 2979 2980 2981 2982 2983 2984 2985 2986 2987 2988 2989 2990 2991 2992 
23 2993 7 2994 2995 2996 2997 2998 2999 3000 3001 3002 3003 3004 3005 3006 3007 3008 3009 3010 3011 3012 3013 3014 
15 3015 7 3016 3017 3018 3019 3020 3021 3022 3023 3024 3025 3026 3027 3028 
25 3029 3030 3031 3032 3033 3034 7 3035 3036 3037 3038 3039 3040 3041 3042 3043 3044 3045 3046 3047 3048 3049 3050 3051 3052 
23 3053 3054 3055 3056 3057 7 3058 3059 3060 3061 3062 3063 3064 3065 3066 3067 3068 3069 3070 3071 1691 3072 3073 
20 3074 7 3075 3076 3077 3078 3079 3080 3081 3082 3083 3084 3085 3086 3087 3088 3089 3090 3091 3092 
20 3093 3094 3095 3096 7 3097 3098 3099 3100 3101 3102 3103 3104 3105 3106 3107 3108 3109 3110 3111 
22 3112 3113 3114 3115 3116 3117 3118 7 3119 3120 3121 3122 3123 3124 3125 3126 3127 3128 3129 3130 3131 3132 
17 3133 3134 3135 3136 3137 7 3138 3139 3140 3141 3142 3143 3144 3145 3146 3147 3148 
20 3149 3150 7 3151 3152 3153 3154 3155 3156 3157 3158 3159 3160 3161 3162 3163 3164 3165 3166 3167 
12 3168 7 3169 3170 3171 3172 3173 3174 3175 3176 3177 3178 
20 3179 3180 3181 3182 7 3183 3184 3185 3186 3187 3188 3189 3190 3191 3192 3193 3194 3195 3196 3197 
19 3198 3199 3200 3201 3202 7 3203 3204 3205 3206 3207 3208 3209 3210 3211 3212 3213 3214 3215 
26 3216 3217 3218 7 3219 3220 3221 3222 3223 3224 3225 3226 3227 3228 3229 3230 3231 3232 3233 1719 3234 3235 809 3236 3237 3238 
26 3239 3240 2902 3241 3242 3243 3244 7 3245 3246 3247 3248 3249 3250 3251 3252 3253 3254 3255 3256 3257 3258 3259 3260 3261 3262 
16 3263 3264 7 3265 3266 3267 3268 3269 3270 3271 3272 3273 3274 3275 3276 3277 
25 3278 3279 3280 3281 3282 3283 3284 7 3285 3286 3287 3288 3289 3290 3291 3292 3293 3294 3295 3296 3297 3298 3299 3300 3301 
17 3302 3303 8 3304 2155 3305 3306 3307 3308 3309 3310 3045 3311 3312 3313 3314 3315 
17 3316 946 3317 3318 8 3319 3320 3321 3322 3323 3324 3325 3326 3327 3328 3329 3330 
29 3331 3332 3333 3334 3335 3336 8 3337 3338 3339 3340 3341 3342 3343 1641 3344 3345 3346 3347 3348 3349 3350 3351 3352 3353 3354 3355 3356 3357 
15 3358 3359 3360 3361 3362 3363 8 3364 3365 3366 3367 3368 3369 3370 3371 
17 3372 3373 3374 3375 3376 3377 8 3378 3379 3380 3381 3382 3383 3384 3385 3386 3387 
11 3388 8 3389 3390 3391 3392 1142 3393 3394 3395 3396 
21 3397 3398 3399 3400 3401 8 3402 3403 3404 3405 3406 3407 3408 3409 3410 3411 3412 3413 3414 3415 3416 
24 3417 3418 3419 8 3420 2947 3421 3422 3423 3424 3425 3426 3427 3428 3429 3430 3431 3432 3433 3434 3435 3436 3437 3438 
20 3439 3440 3441 3442 3443 8 3444 3445 3446 3447 3448 3449 3450 3451 3452 3453 3454 3455 3456 3457 
19 3458 8 3459 3460 3461 3462 3463 3464 3465 3466 3467 3468 3469 3470 3471 3472 3473 3474 3475 
17 3476 3477 3478 3479 8 3480 3481 3482 3483 3484 3485 3486 3487 3488 3489 3490 3491 
23 3492 753 3493 3494 3495 3496 8 3497 3498 3499 3500 3501 3502 3503 3504 3505 3506 3507 3508 3509 3510 3511 3512 
11 3513 3514 3515 8 3516 3517 3518 2629 3519 3520 3521 
19 3522 3523 3524 3525 8 3526 3527 3528 3529 3530 3223 3531 3532 3533 3534 3535 3536 3537 3538 
14 3539 3540 3541 8 3542 3543 3544 3545 3546 3547 3548 3549 3550 3551 
25 3552 3553 3554 3555 3556 3557 3558 3559 8 3560 3561 3562 3563 3564 3565 3566 3567 3568 3569 3570 3571 3572 3573 3574 3575 
23 3576 3577 3578 3579 3580 3581 3582 9 3583 3584 3585 3586 3587 3588 3589 3590 3591 3592 3593 2228 3594 3595 3596 
25 3597 3598 3599 3600 3601 3602 2905 3603 3604 9 3605 3606 3607 3608 3609 3610 3611 3612 3613 3614 3615 3616 3617 3618 3619 
21 3620 3621 3622 3623 3624 9 1514 3625 3306 3626 3627 3628 3629 3630 3631 3632 3633 3634 3635 3636 3637 
22 3638 3639 3640 3641 3642 9 3643 3644 3645 3646 3647 3648 3649 3650 3651 3652 1197 3653 3654 3655 3656 3657 
24 3658 3659 3660 3661 3662 3663 3664 9 3665 3666 3667 3668 3669 3670 3671 3672 3673 3674 3675 3676 3677 3678 3679 3680 
21 3681 3682 3683 9 3684 3584 3685 3686 3687 3688 3689 3690 3691 3692 3693 3694 710 3695 3696 3697 3698 
19 3699 3700 3701 3702 9 3703 3704 3705 3706 3707 3708 3709 3710 3711 3712 3713 3714 3355 3715 
19 3716 3717 3718 3719 3720 3721 9 3722 3723 3724 3725 3726 3727 3728 3729 3730 3731 3732 3733 
19 3734 3735 3736 9 3737 3738 3739 3740 3741 3742 3743 3744 3745 3746 3747 3748 3749 3750 3751 
15 3752 3753 3754 3755 3756 9 3757 3758 3759 3760 3761 3762 3763 3764 3765 
19 3766 3767 3768 3769 9 3770 3771 3772 3773 3774 3775 3776 3777 3778 3779 3780 3781 3782 3783 
19 3784 3785 3786 3787 9 3788 3789 3790 3791 3792 3793 3794 3795 3796 3797 3798 3799 3800 3801 
21 3802 3803 3804 3805 3806 3807 9 3808 1316 3809 3810 3811 3812 3813 3814 3815 3816 1362 3817 3818 3819 
37 3820 3821 3822 3823 3824 3825 3826 3827 9 3828 3829 3830 3831 3832 3833 3834 3835 3836 3837 3838 3839 3840 3841 3842 3843 3844 3845 3846 3847 3848 3849 3850 3851 3852 3853 3854 3855 
24 3856 3857 3858 3859 2621 3860 3861 9 3862 3863 3864 3865 3866 3867 3868 3869 3870 3871 3872 3873 3874 3875 3876 3877 
28 3878 3879 3880 3881 9 3882 3883 3884 3885 3886 3887 3888 3889 3890 3891 3892 3893 3894 3895 3896 3897 3898 3899 3900 3901 3902 3903 3904 
25 3905 3906 3907 3908 9 3909 3910 3911 3912 3913 3914 3915 3916 3917 3918 3919 3920 3921 3922 3923 3924 3925 3926 3927 3928 
20 3929 3930 3931 3932 3933 3934 3935 3936 10 3937 3938 3939 3940 3941 3868 3942 3943 3944 3945 3946 
20 3947 3948 3949 3950 3951 3952 3953 3954 3955 10 3956 3957 3958 3959 3960 3961 3962 3963 3964 3965 
16 3966 3967 3968 3969 10 3970 3971 3972 3973 3974 3975 3976 3977 3978 3979 3980 
19 3981 3982 3983 3984 3985 3986 10 3987 3988 3989 3990 3991 3992 3993 3994 3995 3996 3997 3998 
19 3999 4000 4001 4002 10 4003 4004 4005 4006 4007 4008 4009 4010 4011 4012 4013 4014 4015 2445 
21 4016 4017 4018 4019 4020 4021 4022 4023 10 4024 4025 1156 4026 4027 4028 4029 4030 4031 4032 4033 4034 
17 4035 4036 4037 4038 10 4039 4040 4041 4042 4043 4044 4045 4046 4047 4048 4049 4050 
20 4051 4052 4053 4054 4055 10 4056 4057 3990 4058 4059 4060 4061 4062 4063 4064 4065 4066 4067 4068 
25 4069 4070 2188 4071 4072 4073 4074 4075 10 4076 4077 4078 4079 4080 4081 4082 4083 4084 4085 4086 4087 4088 4089 4090 4091 
18 4092 4093 4094 4095 4096 4097 10 4098 4099 4100 4101 4102 4103 4104 4105 4106 4107 4108 
31 4109 4110 4111 4112 4113 4114 10 4115 4116 4117 4118 4119 4120 4121 4122 4123 4124 4125 4126 4127 4128 4129 4130 4131 4132 4133 4134 4135 4136 4137 4138 
13 4139 4140 4141 10 4142 4143 4144 4145 4146 4147 4148 4149 4150 
18 4151 4152 4153 4154 4155 4156 10 4157 4158 4159 4160 4161 703 4162 4163 4164 4165 4166 
24 4167 4168 4169 4170 4171 4172 4173 4174 4175 4176 10 4177 4178 4179 4180 2014 4181 4182 4183 4184 4185 4186 4187 4188 
23 4189 1867 4190 4191 4192 4193 4194 10 1486 4195 4196 4197 4198 4199 4200 4201 4202 4203 4204 4205 4206 4207 4208 
17 4209 4210 4211 4212 10 4213 4214 4215 4216 4217 4218 4219 4220 4221 4222 4223 4224 
21 4225 4226 4227 4228 4229 4230 10 4231 4232 12 4233 4234 4235 4236 4237 4238 4239 4240 4241 4242 4243 
20 4244 4245 4246 4247 10 4248 4249 4250 4251 4252 4253 4254 4255 4256 4257 2271 4258 4259 4260 4261 
21 4262 4263 4264 10 4265 4266 4267 4268 4269 4270 4271 4272 4273 4274 4275 4276 4277 4278 4279 4280 4281 
25 4282 4283 4284 4285 4286 4287 3881 401 10 4288 4289 4290 4291 4292 4293 4294 4295 4296 4297 4298 4299 4300 4301 4302 4303 
19 4304 4305 4306 4307 10 4308 4309 4310 4311 4312 4313 4314 4315 4316 4317 4318 4319 4320 4321 
16 4322 470 4323 10 4324 4325 4326 4327 4328 4329 4330 4331 1289 517 4332 4333 
19 4334 4335 4336 11 4337 4338 4339 4340 4341 4342 4343 4344 4345 4346 4347 4348 4349 4350 4351 
21 4352 4353 4354 4355 4356 4357 4358 4359 4360 11 4361 4362 4363 4364 4365 4366 4367 4368 4369 4370 4371 
21 4372 4373 4374 4375 4376 4377 4378 4379 4380 11 4381 4382 4383 4384 4385 4386 4387 4388 4389 4390 4391 
18 4392 4393 4394 11 4395 4396 4397 4398 4399 4400 4401 4402 4403 4404 4405 4406 4407 4408 
16 4409 4410 4411 4412 4413 11 4414 4415 4416 4417 4418 4419 4420 4421 4422 4423 
23 4424 4425 3881 4426 4427 4428 11 4429 4430 4431 4432 4433 1948 4434 4435 4436 4437 4438 4439 4440 4441 4442 4443 
26 1755 4444 4445 4446 4447 4448 11 4449 4450 4451 4452 4453 4454 4455 4456 4457 4458 4459 4460 4461 4462 4463 4464 4465 4466 4467 
18 4468 4469 4470 4471 4472 4473 4474 4475 11 4476 990 4477 4478 4479 4480 4481 4482 4483 
19 4484 4485 4486 4487 4488 4489 4490 4491 4492 11 4493 4494 4495 4496 4497 4498 4499 4500 4501 
17 4502 4503 4504 11 4505 4506 4507 4508 4509 4510 4511 4512 4513 4514 4515 4516 1645 
28 4517 4518 4519 4520 4521 4522 4523 4524 4525 4526 4527 11 4528 4529 743 4530 4531 4532 4533 4534 4535 4536 4537 4538 4539 4540 4541 4542 
30 4543 4544 4545 4546 4547 4548 4549 2641 4550 11 4551 4552 4553 4554 4555 4556 4557 4558 4559 4560 4561 4562 4563 4564 4565 4014 4566 4567 4568 4569 
20 4570 4571 4572 4573 4574 4575 4576 4577 11 4578 4579 4580 4581 4582 4583 4584 4585 4586 4587 4588 
24 4589 4590 4591 4592 4593 4594 4595 4596 4597 4598 11 4599 4600 4601 4602 4603 4604 4605 4606 4607 4608 4609 4610 4611 
23 4612 4613 4614 4615 4616 4617 4618 905 4619 11 4620 4621 4622 4623 4624 4625 4626 4627 4628 4629 4630 4631 4632 
21 4633 4634 4635 4636 4637 4638 11 4639 4640 4641 4642 4643 4644 4645 4646 4647 4648 4649 4650 4651 4652 
14 4653 4654 4655 11 4656 4657 4658 4659 4660 4661 4662 4663 4664 4665 
26 4666 4667 4668 4669 11 4670 4671 4672 4673 4674 4675 4676 4677 4678 4679 4680 4681 4682 4683 4684 4685 4686 4687 4688 4689 4690 
27 4691 4692 4693 4694 4695 4696 4697 4698 4699 4700 4701 11 4702 4703 4704 4705 4706 4707 128 4708 4709 4710 4711 4712 4713 4714 4715 
22 4716 4717 4718 4719 4720 4721 4722 4723 4724 4725 11 4726 4727 4728 4729 4730 2020 4731 4732 4733 4734 4735 
17 4736 12 4737 4738 4739 2647 4740 4741 4742 4743 4744 4745 4746 4747 4748 4749 4750 
24 4751 4752 4753 4754 4755 4756 4757 4758 4759 4760 12 4761 4762 4763 3103 4764 4765 4766 4767 4768 4769 4770 4771 4772 
14 4773 4774 4775 4776 12 4777 4778 4779 4780 4781 4782 4783 4784 4785 
17 4786 4787 4788 4789 4790 12 4791 4792 4793 4794 633 4795 4796 4797 4798 4799 4800 
3 12 3864 1017 
2 12 3310 
2 12 1600 
4 1374 444 12 2139 
3 12 1971 2632 
1 12 
1 12 
1 12 
2 3905 12 
1 12 
1 12 
1 12 
1 12 
3 2337 12 4404 
4 4324 12 3586 1662 
2 930 12 
2 1151 12 
2 12 3870 
2 12 1779 
2 12 1224 
3 2615 12 2838 
2 12 2574 
1 13 
1 13 
1 13 
3 4472 13 1770 
4 4700 13 4711 1070 
4 737 13 4340 79 
1 13 
1 13 
2 3318 13 
3 755 13 3237 
3 40 2657 13 
2 13 1141 
2 3969 13 
4 960 13 4493 1752 
1 13 
2 13 805 
2 14 2024 
2 14 1182 
3 14 3065 1769 
1 14 
2 14 2781 
3 14 337 914 
2 14 3780 
3 2690 14 4761 
2 14 2359 
2 14 541 
1 14 
1 14 
2 14 1791 
2 14 1642 
1 14 
1 14 
1 14 
3 14 123 3750 
3 14 100 633 
1 14 
1 14 
1 15 
1 15 
1 15 
3 1580 15 4402 
1 15 
3 15 422 1415 
1 15 
3 4192 15 3300 
2 15 4626 
1 15 
3 1669 3937 15 
1 15 
4 4142 15 486 2991 
1 15 
1 15 
3 15 4310 4031 
2 15 1283 
1 15 
3 2471 470 15 
1 15 
2 2120 15 
1 15 
1 15 
1 15 
2 4612 15 
2 16 4399 
1 16 
1 16 
3 1733 16 3812 
4 4590 3030 16 1412 
2 16 4741 
1 16 
2 16 2577 
3 288 16 2205 
1 16 
2 16 844 
1 16 
4 1994 16 3039 1353 
4 2332 4508 16 2322 
1 16 
2 16 514 
2 16 393 
1 16 
4 1463 1483 631 16 
4 3699 16 2286 977 
2 16 3381 
1 17 
4 17 123 454 4611 
1 17 
2 2475 17 
2 17 434 
1 17 
1 17 
1 17 
2 1390 17 
2 1114 17 
2 1734 17 
1 17 
3 17 2513 112 
2 17 1882 
1 17 
3 2711 17 3456 
2 17 4388 
1 17 
2 487 17 
5 1670 17 2495 2182 2758 
1 17 
2 17 4662 
1 17 
1 17 
2 1866 18 
2 18 2894 
1 18 
3 2958 2824 18 
2 2587 18 
1 18 
3 1993 18 1708 
1 18 
1 18 
1 18 
1 18 
1 18 
3 18 1042 3088 
1 18 
4 2083 18 4406 4630 
2 18 2024 
2 4354 18 
1 18 
1 18 
3 2448 18 345 
2 18 764 
1 18 
1 19 
1 19 
2 1375 19 
2 19 1020 
1 19 
2 19 218 
1 19 
2 19 1206 
2 627 19 
3 1926 1009 19 
2 4469 19 
3 2554 19 2205 
3 446 19 2737 
1 19 
1 19 
1 19 
1 19 
2 3076 20 
2 20 4581 
1 20 
1 20 
1 20 
2 20 3587 
3 20 4163 3269 
3 20 3992 1773 
1 20 
3 309 20 2365 
3 20 2093 4281 
1 20 
1 20 
2 1634 20 
2 20 902 
3 4573 3563 20 
2 20 1501 
1 20 
3 4006 20 3903 
2 1784 20 
1 20 
2 354 20 
1 20 
2 469 20 
2 871 20 
2 21 565 
1 21 
1 21 
3 4598 704 21 
2 1109 21 
2 1111 21 
4 4667 248 2493 21 
3 2049 2858 21 
3 2231 21 408 
1 21 
5 692 3622 4490 21 3128 
1 21 
2 1629 21 
1 21 
4 1865 1151 1606 21 
2 21 2407 
4 351 137 875 21 
4 1033 1514 21 4034 
3 2605 3249 21 
3 1378 21 3733 
2 4695 21 
2 2134 21 
3 2859 3563 21 
2 21 4049 
3 4645 2160 21 
1 21 
1 21 
1 22 
1 22 
2 2312 22 
2 22 645 
3 22 3354 436 
3 22 322 220 
1 22 
4 22 4103 2091 1889 
3 1281 22 2777 
1 22 
2 2684 22 
2 1712 22 
3 3558 22 689 
5 4305 22 3691 3235 2205 
1 22 
1 22 
1 22 
5 1513 1405 512 4329 22 
1 22 
3 22 975 1774 
1 22 
6 4520 3564 316 22 1367 3680 
3 368 23 4627 
3 3361 1137 23 
1 23 
4 2352 708 23 87 
2 1942 23 
1 23 
1 23 
1 23 
1 23 
2 680 23 
3 23 83 4351 
1 23 
2 3137 23 
1 23 
2 2824 23 
3 814 23 548 
3 1150 2080 23 
2 3333 24 
2 985 24 
1 24 
1 24 
1 24 
4 3114 2415 3611 24 
1 24 
2 1587 24 
2 24 482 
3 4725 4329 24 
4 2877 4476 24 344 
1 24 
2 1539 24 
2 24 220 
3 4709 24 3475 
3 4396 1518 24 
1 24 
2 1122 24 
1 25 
1 25 
3 3265 2018 25 
2 46 25 
1 25 
1 25 
1 25 
1 25 
2 4421 25 
3 3470 3895 25 
2 539 25 
2 1951 25 
1 25 
1 25 
2 4763 25 
2 4211 25 
1 25 
5 532 1618 25 3897 4713 
3 2911 4429 25 
2 292 25 
4 3700 3377 2398 25 
2 1563 25 
2 2513 25 
1 25 
1 25 
3 2700 25 2208 
2 25 502 
3 3477 2828 26 
2 26 811 
2 2954 26 
2 52 26 
2 1172 26 
2 26 1204 
2 1325 26 
1 26 
1 26 
1 26 
3 4017 3228 26 
2 2042 26 
2 1009 26 
2 1672 26 
1 26 
2 1093 26 
3 438 2619 26 
1 26 
2 26 1412 
4 3120 27 3327 2429 
1 27 
2 755 27 
2 2688 27 
2 4233 27 
2 2935 27 
1 27 
2 27 1182 
1 27 
2 134 27 
1 27 
2 3544 27 
2 27 3575 
2 3863 27 
2 1225 27 
1 27 
3 2105 1935 27 
2 1338 27 
2 2307 27 
2 27 2521 
2 3186 27 
2 3952 28 
2 2114 28 
1 28 
2 4263 28 
1 28 
2 1410 28 
2 28 1597 
3 1187 28 3177 
2 3811 28 
2 70 28 
1 28 
1 28 
3 2558 28 3678 
2 28 1274 
1 28 
2 1178 28 
2 3694 28 
2 28 1858 
1 28 
2 4004 28 
1 29 
1 29 
1 29 
1 29 
2 3737 29 
2 3022 29 
1 29 
2 2282 29 
1 29 
1 29 
2 1996 29 
1 29 
1 29 
2 2245 29 
2 2270 29 
2 29 1477 
2 1171 29 
3 1781 3874 30 
3 2198 404 30 
1 30 
2 1178 30 
1 30 
2 30 347 
4 3134 3994 2815 30 
3 244 301 30 
3 2388 2066 30 
2 3099 30 
3 2948 4058 30 
1 30 
3 2114 1813 30 
2 4023 30 
4 4120 4367 30 1048 
3 2151 2318 30 
1 30 
1 30 
1 30 
2 468 30 
6 1914 4737 2912 1098 3271 30 
1 31 
2 1563 31 
4 4360 4288 4215 31 
1 31 
1 31 
2 2785 31 
2 1372 31 
1 31 
2 910 31 
2 1014 31 
2 1586 31 
3 2213 3675 31 
1 31 
3 932 3733 31 
1 31 
1 31 
2 4028 31 
3 3757 2685 31 
1 31 
1 31 
2 2318 31 
6 4578 3940 3187 898 88 31 
2 32 2813 
2 32 4767 
1 32 
2 32 3055 
1 32 
3 32 3202 2180 
2 32 1315 
1 32 
1 32 
1 32 
1 32 
2 32 496 
1 32 
2 32 756 
2 32 4285 
2 32 3720 
2 32 1706 
4 4502 32 4280 1247 
4 32 1254 4201 3848 
2 32 2983 
2 32 477 
4 33 951 2210 1145 
1 33 
4 753 33 448 3475 
3 1883 33 1677 
2 33 4433 
3 33 3703 3406 
2 33 2714 
3 33 3643 4764 
1 33 
1 33 
3 33 2565 148 
2 3239 33 
1 33 
3 33 211 3276 
2 33 441 
1 33 
2 33 4329 
1 33 
3 33 490 1171 
3 33 1717 1921 
3 33 187 2500 
2 33 4342 
1 33 
2 33 2659 
2 33 4108 
1 34 
1 34 
3 34 960 3206 
1 34 
2 34 4086 
2 3360 34 
1 34 
2 34 2611 
2 34 2726 
1 34 
3 3278 34 2885 
1 34 
3 34 3619 2048 
1 34 
1 34 
1 34 
2 34 1724 
2 34 2452 
2 4352 34 
3 34 4440 2292 
2 35 105 
1 35 
3 35 272 1553 
1 35 
2 35 962 
2 35 3956 
2 35 1837 
4 35 3391 4383 1369 
8 35 73 1032 4055 1320 231 1999 1894 
1 35 
2 35 1603 
1 35 
3 2904 35 752 
2 35 1526 
1 35 
1 35 
1 35 
2 35 747 
5 692 36 3739 4679 177 
1 36 
4 570 36 2741 276 
3 36 682 3381 
3 36 4547 782 
2 36 1574 
1 36 
2 2112 36 
1 36 
3 36 2236 1798 
1 36 
2 36 394 
1 36 
1 36 
2 36 781 
2 36 3610 
3 36 3890 2591 
1 37 
2 1668 37 
1 37 
1 37 
2 1580 37 
2 37 2286 
1 37 
1 37 
3 4716 37 1698 
1 37 
3 37 4452 123 
2 37 767 
3 37 1916 757 
1 37 
2 37 3852 
3 4470 37 3347 
2 37 4431 
4 37 4006 2867 2270 
3 2939 37 3077 
2 37 4725 
1 37 
3 38 1010 1728 
2 2296 38 
2 38 4303 
3 4356 38 3641 
3 38 1120 4319 
1 38 
2 4521 38 
2 2008 38 
3 38 4559 1832 
2 38 1909 
1 38 
2 38 3505 
1 38 
2 38 1493 
3 38 2347 282 
1 38 
1 38 
4 38 1050 2106 2560 
2 38 162 
1 38 
3 550 38 3782 
1 38 
2 38 4627 
2 39 502 
1 39 
3 4444 39 4118 
3 2311 39 2686 
1 39 
2 981 39 
1 39 
1 39 
2 4304 39 
2 39 56 
2 39 1099 
1 39 
4 39 4776 1908 3101 
1 39 
3 39 2451 4160 
1 39 
2 39 1476 
1 39 
2 3699 39 
2 40 1616 
1 40 
2 40 4192 
3 40 3713 4208 
1 40 
2 40 2789 
1 40 
3 4411 40 2576 
3 3476 1841 40 
2 40 4781 
1 40 
3 40 339 2704 
1 40 
2 40 1586 
2 40 1307 
2 2687 40 
1 40 
3 40 3294 4295 
3 40 4210 2348 
3 40 1916 4387 
1 40 
2 40 3697 
1 41 
2 41 1351 
1 41 
1 41 
3 41 3066 1625 
1 41 
1 41 
1 41 
1 41 
3 41 4549 2355 
1 41 
1 41 
4 3029 41 3772 2036 
3 3700 41 3533 
1 41 
2 42 2913 
4 42 1672 84 437 
1 42 
2 42 4729 
1 42 
3 42 1446 454 
2 42 1086 
2 42 2755 
1 42 
2 42 1407 
2 42 1542 
1 42 
2 42 1592 
1 42 
1 42 
2 2708 42 
2 42 4250 
2 43 2185 
2 43 2673 
3 43 2029 2836 
1 43 
3 3388 3621 43 
2 43 129 
1 43 
1 43 
1 43 
2 4489 43 
1 43 
2 43 668 
1 43 
1 43 
2 43 4460 
2 43 427 
2 44 2899 
3 44 1302 4765 
3 44 4531 235 
1 44 
2 44 4642 
2 4392 44 
3 139 44 1920 
2 44 655 
2 44 1365 
1 44 
1 44 
2 288 44 
1 44 
3 1884 1111 44 
1 44 
1 44 
3 4052 1032 44 
2 44 3518 
2 4156 44 
1 45 
3 3442 45 3066 
4 45 3405 2240 4102 
3 45 1894 1497 
2 45 1825 
1 45 
2 1805 45 
3 45 2285 4276 
2 45 260 
1 45 
4 3982 45 2791 660 
2 45 2613 
3 45 3988 1182 
1 45 
1 45 
2 4263 45 
4 45 3519 1436 3852 
1 45 
2 45 4516 
1 45 
1 45 
2 3032 45 
2 3807 45 
2 46 1244 
2 167 46 
2 3582 46 
2 3681 46 
2 2139 46 
2 46 3588 
3 690 46 2205 
2 46 2140 
2 1278 46 
2 46 3487 
1 46 
1 46 
1 46 
3 46 4382 2985 
2 47 3072 
3 717 47 280 
1 47 
5 2619 2232 739 47 3026 
2 4486 47 
1 47 
1 47 
1 47 
1 47 
1 47 
2 47 3712 
1 47 
2 1562 47 
3 47 3708 3569 
1 47 
1 47 
4 1535 47 484 3877 
3 2257 3059 47 
2 47 348 
1 47 
2 47 2323 
1 47 
2 819 48 
2 48 2596 
2 2082 48 
3 3626 48 4046 
3 3116 505 48 
2 48 4650 
3 3336 48 3044 
1 48 
4 4668 1378 48 2813 
2 228 48 
1 48 
2 2474 48 
1 48 
1 48 
1 48 
1 48 
1 48 
1 48 
1 48 
2 1735 48 
2 3138 48 
3 4426 48 3574 
2 4078 48 
4 1804 48 2522 3903 
1 48 
1 49 
3 49 3571 3489 
1 49 
6 2395 3832 405 49 561 2343 
2 791 49 
3 49 4131 2042 
2 2416 49 
1 49 
2 49 656 
1 49 
1 49 
2 245 49 
1 49 
1 49 
3 399 49 1284 
2 49 1121 
2 2945 49 
2 3389 49 
3 49 3867 4149 
2 3081 49 
2 4372 49 
1 49 
2 50 3978 
1 50 
2 50 54 
1 50 
5 2938 2803 743 50 919 
3 50 455 1815 
1 50 
1 50 
1 50 
1 50 
2 2141 50 
1 50 
3 1211 2929 50 
2 2742 50 
2 50 386 
2 50 2109 
1 50 
1 50 
1 50 
2 1785 50 
3 50 2146 640 
1 51 
2 51 808 
1 51 
1 51 
1 51 
2 1465 51 
2 2709 51 
2 51 1794 
1 51 
2 51 2733 
3 2719 51 1707 
1 51 
2 92 51 
2 51 4389 
1 51 
1 51 
3 51 4125 1287 
1 51 
2 1341 51 
3 51 2665 1365 
1 51 
3 271 3024 51 
1 52 
1 52 
1 52 
2 1360 52 
2 4295 52 
2 52 4652 
2 4633 52 
2 52 2242 
1 52 
3 119 3189 52 
4 52 1688 2833 2110 
2 52 3296 
1 52 
1 52 
2 4169 52 
3 876 52 1952 
1 52 
1 52 
1 52 
3 1152 1156 52 
1 52 
1 52 
2 53 564 
2 3813 53 
3 1580 2743 53 
1 53 
1 53 
4 2019 53 2988 646 
2 824 53 
1 53 
1 53 
2 3304 53 
1 53 
1 53 
1 53 
3 2219 53 3573 
2 4521 54 
1 54 
3 442 2378 54 
1 54 
3 443 54 916 
3 1452 54 4750 
2 1536 54 
2 359 54 
1 54 
2 54 3272 
1 54 
1 54 
1 54 
2 795 54 
3 105 54 1021 
4 3399 2723 54 521 
1 54 
1 54 
2 2887 54 
1 54 
1 55 
1 55 
1 55 
2 4487 55 
1 55 
2 4189 55 
1 55 
2 2442 55 
1 55 
2 55 4185 
3 488 55 2521 
2 2122 55 
4 1490 55 3009 4772 
2 4283 55 
4 1788 2658 278 55 
2 171 55 
4 2217 3740 55 3299 
1 55 
4 690 2606 1641 55 
2 55 2991 
2 55 3102 
1 56 
2 2011 56 
2 56 503 
4 452 261 3690 56 
3 2611 56 1090 
1 56 
4 3721 3452 56 2651 
3 1210 56 1925 
3 204 56 1090 
1 56 
2 3532 56 
2 3226 56 
1 56 
2 1490 56 
3 3971 56 3614 
1 56 
2 1313 56 
2 3078 56 
1 56 
1 57 
2 2675 57 
1 57 
3 2657 1875 57 
4 3770 708 57 625 
2 553 57 
1 57 
1 57 
1 57 
3 57 2632 1498 
1 57 
5 2856 629 3566 604 57 
2 2598 57 
3 2746 1768 57 
2 3133 57 
5 284 3622 575 934 57 
1 57 
1 58 
2 2414 58 
1 58 
3 596 58 4243 
3 2767 2066 58 
1 58 
1 58 
2 3621 58 
3 1454 58 2208 
1 58 
1 58 
2 4004 58 
3 3476 3398 58 
2 185 58 
2 4095 58 
1 58 
2 58 2706 
1 58 
1 58 
1 58 
3 554 58 3166 
3 3844 58 3105 
2 403 58 
2 1953 58 
1 58 
2 2052 58 
2 1155 59 
2 1040 59 
1 59 
1 59 
1 59 
3 3645 3002 59 
1 59 
2 59 3274 
2 2601 59 
2 125 59 
1 59 
1 59 
2 4762 59 
1 59 
3 139 59 264 
2 582 59 
2 1686 59 
3 1694 59 2957 
1 59 
3 2358 59 4184 
1 60 
2 1255 60 
1 60 
2 2335 60 
1 60 
1 60 
1 60 
2 4324 60 
1 60 
1 60 
1 60 
1 60 
1 60 
3 2256 60 2368 
3 945 4418 60 
1 60 
1 60 
2 686 60 
3 3542 61 1557 
2 4708 61 
1 61 
1 61 
4 4016 3867 61 88 
1 61 
2 61 687 
2 1231 61 
1 61 
2 1869 61 
1 61 
1 61 
3 3057 4195 61 
1 61 
1 61 
1 61 
2 3158 61 
3 1761 2518 61 
2 2574 61 
2 3486 61 
2 2424 61 
1 61 
1 61 
2 2487 61 
2 3289 61 
1 61 
3 602 61 3996 
2 2260 62 
1 62 
1 62 
6 4477 4415 2156 953 62 4629 
1 62 
1 62 
2 473 62 
2 2412 62 
3 3428 320 62 
3 4680 1020 62 
1 62 
3 62 3371 1478 
2 1065 62 
2 1967 62 
3 3494 62 220 
1 62 
2 1926 62 
3 4412 4669 62 
2 63 3886 
1 63 
3 63 4228 1453 
1 63 
1 63 
1 63 
4 63 1512 4728 3591 
2 63 2595 
3 63 4178 4703 
3 63 3220 904 
2 63 4314 
1 63 
3 63 4527 4116 
3 63 3545 144 
4 63 4451 847 3801 
3 63 3307 4067 
1 63 
3 63 2079 3458 
2 63 2005 
2 64 2947 
3 64 2300 1164 
3 64 2785 1787 
3 64 675 4710 
2 64 194 
3 64 1582 1673 
2 64 3226 
2 64 2789 
3 64 743 2550 
1 64 
3 64 3172 3574 
1 64 
1 64 
2 64 555 
1 64 
2 64 1937 
1 64 
1 64 
2 64 3596 
2 64 3153 
1 65 
1 65 
3 65 4440 2704 
1 65 
2 65 1511 
1 65 
2 65 585 
1 65 
2 65 3761 
3 65 1923 1067 
1 65 
2 65 3969 
1 65 
1 65 
2 65 3729 
2 65 2974 
3 65 3523 4207 
3 65 2755 1530 
1 65 
4 1439 856 65 4128 
2 65 4078 
2 65 341 
2 66 1914 
1 66 
4 66 2316 2082 4121 
2 66 3443 
1 66 
1 66 
3 66 1074 4343 
1 66 
4 2112 66 4621 194 
2 66 2630 
1 66 
4 66 911 1644 1068 
1 66 
2 66 486 
1 66 
3 66 742 3656 
4 4352 2369 67 3970 
2 67 1821 
4 67 1563 653 1879 
1 67 
2 67 248 
2 67 398 
3 67 2800 1660 
2 67 4536 
3 67 989 457 
1 67 
1 67 
1 67 
1 67 
2 67 2006 
1 67 
3 67 1872 1707 
3 68 4021 3679 
1 68 
1 68 
2 68 123 
5 68 358 2012 2220 2850 
3 68 1967 1497 
3 68 4667 1876 
1 68 
1 68 
2 68 2702 
1 68 
3 68 3704 1981 
3 68 2929 3779 
2 68 144 
2 2503 69 
1 69 
1 69 
1 69 
1 69 
2 69 482 
1 69 
3 69 3460 879 
4 4720 69 1545 3780 
3 69 2758 3454 
2 69 594 
1 69 
3 333 69 567 
1 69 
1 69 
4 69 309 2493 2404 
2 69 2010 
2 70 4659 
1 70 
2 70 3996 
1 70 
1 70 
1 70 
2 70 1557 
1 70 
1 70 
1 70 
1 70 
3 2530 70 4337 
1 70 
2 70 4014 
2 70 4063 
2 70 2365 
1 70 
1 70 
1 70 
2 70 938 
1 70 
2 2527 70 
2 71 1351 
1 71 
3 71 3204 1790 
2 71 1586 
1 71 
2 71 3145 
1 71 
3 3182 875 71 
1 71 
1 71 
1 71 
1 71 
2 71 2320 
3 3331 1112 71 
3 1295 71 2946 
3 71 1192 3111 
1 71 
2 71 4199 
4 71 4396 1611 4690 
2 4073 71 
2 71 2626 
1 71 
3 71 1987 4366 
3 3220 72 4201 
2 72 347 
3 72 4217 2048 
5 4723 72 1054 2540 4390 
1 72 
1 72 
2 115 72 
1 72 
2 72 2932 
1 72 
3 72 3224 4329 
2 72 2141 
4 72 3473 3633 2550 
1 72 
2 72 830 
2 72 624 
2 72 1286 
1 73 
1 73 
2 73 2500 
2 73 2794 
4 73 2934 347 3801 
3 73 3626 2090 
2 73 3286 
3 73 213 2832 
2 73 4699 
2 73 2836 
2 73 3407 
4 73 1946 1139 1161 
1 73 
1 73 
4 3115 73 4385 804 
1 73 
1 73 
1 73 
3 925 73 1391 
2 73 1176 
1 73 
2 73 3546 
2 73 429 
1 73 
1 74 
1 74 
1 74 
2 74 1574 
2 1559 74 
1 74 
1 74 
2 74 3267 
2 1336 74 
2 74 1299 
3 3133 74 482 
3 184 74 455 
1 74 
1 74 
2 74 4655 
3 4075 74 519 
2 4719 74 
1 74 
2 74 3103 
1 74 
4 3513 74 4699 3467 
1 74 
1 74 
3 74 748 3277 
2 74 4413 
1 74 
2 3660 74 
4 1866 74 1797 1349 
2 74 3357 
1 74 
2 74 4386 
1 74 
2 75 975 
5 4519 1113 75 2732 4587 
1 75 
1 75 
2 75 516 
2 75 4763 
1 75 
4 2234 75 880 1978 
2 75 2733 
1 75 
2 75 1408 
1 75 
1 75 
2 75 3732 
3 3283 75 4587 
2 75 1659 
1 75 
1 75 
2 737 75 
1 75 
2 75 2920 
2 75 4418 
4 1248 1423 75 2793 
1 75 
3 1507 76 2606 
3 1648 3180 76 
1 76 
2 76 971 
5 1372 648 76 543 2706 
1 76 
1 76 
1 76 
2 76 2778 
1 76 
4 3359 76 3618 3980 
3 4306 3790 76 
2 4005 76 
3 76 2963 1979 
1 76 
3 1506 76 758 
2 76 2837 
2 76 3504 
1 77 
1 77 
2 77 3841 
4 307 774 1095 77 
3 4244 77 3964 
3 1317 77 3886 
1 77 
1 77 
3 77 3038 2673 
4 1442 77 657 846 
2 77 511 
1 77 
1 77 
2 3340 77 
1 77 
3 4355 77 882 
1 77 
1 77 
1 77 
1 77 
3 595 77 4185 
2 77 3449 
3 1898 77 4432 
2 247 77 
2 77 2065 
3 78 2065 2813 
2 78 745 
1 78 
2 3248 78 
2 78 452 
2 3642 78 
1 78 
1 78 
3 2601 78 3433 
2 78 1457 
3 3372 2374 78 
1 78 
1 78 
1 78 
4 833 78 3900 4148 
1 78 
2 78 539 
2 4210 78 
1 78 
3 78 2978 3163 
1 78 
1 78 
3 2253 78 3852 
2 859 78 
1 78 
1 79 
2 3862 79 
2 450 79 
1 79 
1 79 
2 79 80 
2 79 1961 
4 2295 79 426 3853 
2 3803 79 
2 79 4295 
2 79 2360 
2 79 2866 
1 79 
2 3624 79 
3 168 79 1145 
2 296 79 
2 2709 79 
4 4189 79 1365 4735 
2 79 230 
2 4411 79 
1 79 
2 1560 80 
3 2014 2338 80 
2 3000 80 
1 80 
3 80 2339 2162 
1 80 
2 80 3346 
2 80 3162 
3 2532 80 3475 
1 80 
1 80 
4 2471 80 1550 2165 
3 3240 1376 80 
1 80 
4 80 259 3963 3733 
1 80 
1 80 
1 80 
3 1785 3989 80 
1 81 
2 771 81 
2 314 81 
3 81 369 4532 
1 81 
3 871 562 81 
4 1317 81 3452 2023 
1 81 
2 81 2182 
1 81 
2 693 81 
1 82 
1 82 
2 3376 82 
1 82 
1 82 
2 82 4032 
1 82 
3 3181 82 2868 
5 4190 3829 82 3258 1226 
4 1735 4042 82 3992 
2 1081 82 
2 4479 82 
2 82 2873 
2 153 82 
1 82 
1 83 
2 83 1227 
1 83 
2 2566 83 
1 83 
2 778 83 
3 1842 2926 83 
1 83 
2 2310 83 
2 2997 83 
2 83 1882 
2 4163 83 
2 4330 83 
2 83 685 
3 1059 83 1385 
3 380 1991 83 
2 3544 84 
3 1822 1739 84 
2 3056 84 
2 476 84 
1 84 
1 84 
3 2830 84 2517 
2 3839 84 
3 2688 709 84 
1 84 
3 2844 162 84 
2 4498 84 
2 84 3315 
1 84 
1 84 
2 84 731 
1 84 
1 84 
1 84 
3 791 3081 84 
2 4660 84 
2 85 4483 
1 85 
2 3156 85 
4 332 3376 85 2547 
3 360 2136 85 
3 1687 85 1000 
2 4304 85 
2 1768 85 
1 85 
4 1710 3224 85 3781 
3 4736 4266 85 
2 1967 85 
3 2395 4361 85 
1 85 
2 2191 85 
1 85 
1 85 
1 85 
1 85 
3 85 1775 2074 
2 4111 85 
1 85 
3 1828 280 85 
2 4504 85 
1 86 
2 227 86 
1 86 
1 86 
2 3618 86 
1 86 
1 86 
3 4310 1265 86 
1 86 
1 86 
2 2556 86 
2 2237 86 
1 86 
3 4656 86 2992 
3 1737 1180 86 
3 285 4711 86 
3 270 86 3301 
1 86 
2 4591 86 
2 420 86 
3 4578 484 86 
2 1749 86 
2 4398 86 
1 86 
1 86 
3 2226 263 86 
1 87 
5 626 2859 98 87 2111 
1 87 
2 2815 87 
2 432 87 
3 1047 87 1666 
1 87 
2 1314 87 
3 3554 1141 87 
1 87 
3 1441 1853 87 
2 295 87 
1 87 
1 87 
3 2311 1056 87 
1 87 
1 87 
3 2338 1530 87 
2 762 87 
1 87 
1 88 
1 88 
1 88 
1 88 
3 2213 88 1004 
3 928 88 3050 
1 88 
2 4326 88 
2 3706 88 
1 88 
1 88 
2 2981 88 
1 88 
2 638 88 
1 88 
2 1033 88 
1 88 
3 89 3621 4028 
1 89 
1 89 
1 89 
3 89 1371 2871 
4 89 1710 4059 4443 
1 89 
3 89 2094 3751 
2 89 926 
1 89 
3 89 2009 2413 
2 89 1752 
1 89 
1 89 
4 89 4480 3748 4686 
3 89 799 3457 
3 89 3529 1995 
2 89 2643 
1 89 
1 89 
2 89 741 
1 89 
3 89 2001 3868 
1 89 
2 90 841 
6 2344 90 2373 3500 1699 3435 
1 90 
1 90 
1 90 
1 90 
2 90 3799 
2 90 3670 
1 90 
1 90 
1 90 
1 90 
4 2876 90 4415 1790 
2 90 2492 
1 90 
1 90 
1 90 
2 90 606 
1 90 
1 90 
1 90 
1 90 
1 91 
1 91 
2 91 452 
4 374 91 3919 1530 
2 91 213 
1 91 
4 3242 91 1257 3608 
3 3263 91 4358 
1 91 
2 91 1385 
1 91 
4 91 3246 2081 3042 
2 1170 91 
2 91 1392 
2 3220 91 
2 91 3531 
2 1372 91 
2 91 2705 
2 91 4458 
4 91 363 1703 4627 
3 693 92 2667 
3 3150 92 916 
1 92 
1 92 
2 92 3163 
2 92 3733 
2 92 472 
1 92 
3 92 3172 3457 
1 92 
1 92 
3 925 92 743 
1 92 
2 4038 93 
1 93 
2 93 1599 
1 93 
3 2503 93 2074 
1 93 
1 93 
1 93 
1 93 
2 93 4224 
1 93 
2 93 4506 
2 93 826 
2 93 800 
1 93 
3 93 3830 2123 
2 2393 93 
2 93 4224 
5 1354 94 3462 4251 646 
1 94 
4 94 782 3007 852 
5 2975 94 2184 3129 3177 
2 94 3512 
1 94 
2 94 909 
2 94 709 
1 94 
2 94 1341 
1 94 
2 94 1155 
3 95 405 1291 
1 95 
1 95 
1 95 
1 95 
3 95 2754 4240 
1 95 
1 95 
2 95 3410 
2 95 584 
3 2678 95 2732 
2 95 1327 
2 4037 95 
1 95 
3 3120 95 4568 
2 96 2514 
3 4285 491 96 
1 96 
2 96 2971 
1 96 
4 4636 96 4216 1490 
1 96 
3 226 96 2086 
1 96 
2 96 2157 
2 96 533 
2 96 1086 
2 96 1207 
1 96 
1 96 
2 96 2780 
1 96 
3 96 4728 4582 
1 96 
1 96 
3 2234 1633 96 
1 97 
3 2054 3389 97 
1 97 
1 97 
1 97 
4 1391 1741 97 1288 
3 2641 97 4205 
1 97 
2 97 3596 
2 249 97 
2 3391 97 
1 97 
2 97 2463 
1 97 
1 97 
2 97 4567 
2 1542 97 
2 97 1572 
1 97 
3 2687 97 1397 
1 97 
1 98 
1 98 
1 98 
1 98 
2 98 1461 
1 98 
1 98 
2 3831 98 
4 98 2559 3729 1708 
2 98 2069 
4 380 98 4495 4511 
2 98 341 
2 98 1833 
3 2117 98 619 
2 98 2417 
1 98 
2 98 743 
1 98 
2 98 1839 
1 98 
1 98 
2 98 4742 
3 98 3428 1311 
2 98 1383 
1 99 
2 798 99 
2 1827 99 
2 99 1416 
3 1149 99 4126 
2 1390 99 
2 99 2714 
4 1649 4337 99 212 
1 99 
1 99 
1 99 
2 524 99 
3 2616 99 1098 
4 3858 3406 99 240 
2 99 2840 
1 99 
3 2173 99 1673 
3 283 99 389 
1 100 
2 100 4218 
2 4738 100 
2 3831 100 
3 889 100 4183 
1 100 
1 100 
1 100 
2 100 2239 
1 100 
2 100 2872 
2 100 867 
4 4190 2566 4638 100 
3 100 3568 4390 
1 100 
3 3909 100 3144 
1 100 
3 1011 100 560 
1 100 
1 100 
1 100 
1 100 
1 100 
5 2114 1464 2845 100 727 
2 445 101 
3 3987 101 2829 
1 101 
3 101 4384 1209 
1 101 
2 1963 101 
1 101 
1 101 
1 101 
1 101 
1 101 
3 101 2970 4465 
1 101 
2 101 4315 
1 101 
2 101 2649 
3 1602 101 1601 
4 1188 101 4644 634 
1 101 
1 101 
3 1992 101 3714 
2 101 4730 
1 101 
2 3626 101 
1 101 
4 1900 101 2268 1749 
1 101 
1 101 
1 102 
2 3461 102 
2 102 1310 
6 4412 3941 102 2988 503 4443 
3 1874 102 3677 
3 1356 983 102 
2 102 388 
1 102 
2 4233 102 
3 4109 102 1948 
1 102 
1 102 
3 4774 2586 102 
2 1484 102 
2 472 102 
2 2274 102 
3 423 102 3915 
2 1824 102 
1 102 
1 103 
1 103 
1 103 
1 103 
1 103 
2 103 4086 
1 103 
2 3250 103 
1 103 
2 103 584 
2 103 808 
1 103 
1 103 
2 103 1043 
2 1081 103 
2 1781 103 
4 3725 760 104 1362 
2 104 4625 
4 590 104 638 2048 
1 104 
1 104 
2 1996 104 
1 104 
1 104 
4 2786 104 2579 324 
1 104 
3 3034 104 1138 
2 104 1911 
2 3316 104 
1 104 
1 104 
2 104 2309 
2 2766 104 
1 104 
2 2825 105 
1 105 
2 3565 105 
1 105 
2 105 459 
1 105 
3 1734 105 2968 
1 105 
2 3667 105 
3 949 248 105 
2 952 105 
5 3060 2350 1038 105 1473 
2 4791 105 
1 105 
2 105 2737 
1 105 
2 105 1048 
1 105 
2 105 3014 
2 4140 105 
5 4267 3863 3773 106 3457 
2 106 641 
1 106 
1 106 
1 106 
2 166 106 
2 1278 106 
2 1950 106 
1 106 
1 106 
2 106 462 
2 106 3994 
2 1652 106 
3 4381 106 4348 
1 106 
2 106 1659 
1 106 
1 106 
1 106 
1 106 
4 3930 2532 106 4255 
2 4037 106 
3 3035 107 4582 
3 4755 107 2023 
1 107 
3 2539 107 3014 
1 107 
2 107 4255 
1 107 
2 107 2592 
2 674 107 
2 107 2895 
3 107 369 1675 
1 107 
2 1917 107 
2 887 107 
2 3881 107 
2 2396 107 
2 207 108 
1 108 
2 3600 108 
2 1744 108 
1 108 
1 108 
1 108 
1 108 
2 3459 108 
2 108 3014 
3 627 108 3322 
1 108 
2 108 3471 
1 108 
1 108 
1 108 
1 108 
6 951 3669 478 337 407 108 
2 108 3521 
2 3564 108 
3 1192 108 547 
2 2754 108 
2 690 108 
2 4210 109 
1 109 
4 1804 658 109 2289 
1 109 
1 109 
1 109 
2 109 1143 
1 109 
2 109 1106 
3 4356 1390 109 
2 2911 109 
1 109 
1 109 
1 109 
1 109 
2 109 1779 
1 109 
3 182 4019 109 
1 109 
1 110 
3 446 3710 110 
2 962 110 
1 110 
3 1542 110 1961 
1 110 
2 762 110 
2 1765 110 
1 110 
2 2033 110 
2 924 110 
2 2528 110 
2 1078 110 
2 4552 110 
1 110 
3 4691 110 622 
1 110 
1 110 
1 110 
3 4173 110 4048 
1 110 
1 111 
1 111 
3 4154 111 1624 
1 111 
1 111 
2 111 1243 
2 111 976 
2 111 130 
1 111 
2 1275 111 
1 111 
2 4209 111 
1 111 
1 111 
1 111 
1 111 
1 111 
3 2333 111 2074 
1 111 
5 4126 787 111 623 4260 
3 3233 111 216 
1 111 
2 112 3997 
2 2092 112 
1 112 
1 112 
1 112 
1 112 
2 3778 112 
2 2985 112 
1 112 
3 4152 616 112 
2 112 4442 
2 2468 112 
3 929 4708 112 
3 775 112 348 
2 2769 112 
1 112 
2 2213 112 
1 112 
2 4547 112 
2 112 734 
1 112 
1 112 
2 1634 113 
3 792 113 3780 
1 113 
3 4594 3889 113 
1 113 
2 1313 113 
1 113 
2 4032 113 
2 4642 113 
2 4315 113 
2 2391 113 
1 113 
2 113 586 
1 113 
2 113 2127 
3 114 2637 1701 
3 114 817 1794 
2 114 467 
2 114 2927 
2 114 3858 
1 114 
3 114 1356 4034 
2 114 2533 
3 114 641 667 
1 114 
2 114 1451 
1 114 
4 114 342 4745 4065 
2 114 979 
1 114 
1 114 
1 114 
3 114 2558 3111 
2 114 2968 
1 114 
2 2818 114 
2 114 3479 
3 115 3243 342 
2 115 2268 
1 115 
3 115 1233 4342 
1 115 
2 115 258 
3 1649 115 1797 
3 115 1652 4344 
1 115 
2 115 2929 
1 115 
2 115 1009 
4 116 1842 2571 3564 
2 116 3726 
1 116 
3 116 4395 805 
2 116 851 
3 116 4757 4330 
2 116 2141 
2 116 3261 
4 116 490 2929 3161 
2 116 3243 
1 116 
2 116 864 
1 116 
2 116 3833 
2 116 1229 
3 116 291 2536 
2 116 1637 
1 116 
3 116 2863 4100 
2 116 2410 
2 4334 116 
3 116 422 1432 
2 116 2774 
1 116 
2 116 1243 
3 1370 117 2746 
1 117 
1 117 
2 117 2491 
4 1842 117 3210 4537 
4 117 1612 3064 4221 
3 117 3173 3087 
1 117 
1 117 
2 1109 117 
2 117 3953 
1 117 
1 117 
1 117 
2 4786 117 
2 117 4347 
1 118 
2 3701 118 
1 118 
3 2904 118 634 
2 118 138 
2 118 3777 
2 118 2305 
3 3718 118 2791 
2 118 1912 
1 118 
4 118 1009 2961 1742 
2 118 2187 
2 118 2668 
2 118 542 
1 118 
1 118 
1 118 
1 118 
1 118 
4 118 2580 1415 4136 
1 118 
1 118 
4 118 453 3689 3900 
2 2975 119 
2 119 4164 
2 119 2363 
1 119 
2 119 1282 
2 119 1827 
2 1185 119 
2 509 119 
2 1012 119 
4 3121 119 1997 4087 
1 119 
1 119 
1 119 
1 119 
2 119 2716 
1 119 
3 119 1268 3371 
1 119 
1 119 
2 4151 119 
1 119 
3 568 119 3571 
3 119 4216 4559 
1 120 
1 120 
1 120 
3 3821 120 2983 
3 3060 120 3875 
1 120 
1 120 
1 120 
2 3287 120 
1 120 
1 120 
2 1134 120 
2 3984 120 
2 4639 120 
3 203 120 4108 
2 4639 121 
1 121 
3 4326 121 393 
1 121 
1 121 
2 121 828 
2 121 732 
1 121 
2 4417 121 
2 121 4768 
1 121 
1 121 
1 121 
1 121 
2 4077 121 
1 121 
1 121 
2 121 1974 
1 121 
1 121 
1 121 
2 4760 122 
3 122 2284 3817 
1 122 
2 2939 122 
3 122 1659 322 
1 122 
1 122 
3 3391 992 122 
2 353 122 
1 122 
1 122 
1 122 
3 122 3865 3238 
3 122 4364 3385 
1 122 
1 122 
2 3802 122 
1 122 
1 122 
1 122 
4 4720 123 3864 1271 
2 3308 123 
1 123 
2 123 4366 
2 2372 123 
2 123 1854 
3 444 123 1415 
2 123 3434 
4 4724 3336 123 369 
3 2910 4026 123 
1 123 
1 123 
1 123 
3 1481 123 710 
1 123 
1 123 
4 1400 1900 124 4464 
1 124 
2 4639 124 
3 124 3488 3902 
2 124 4219 
1 124 
1 124 
1 124 
1 124 
1 124 
3 362 124 544 
2 1941 124 
1 124 
2 124 2964 
3 3017 1715 124 
3 124 1265 3268 
1 124 
1 124 
3 124 1137 587 
2 124 1004 
1 124 
1 124 
1 124 
1 125 
2 125 1438 
2 125 2241 
3 125 3212 4347 
2 1428 125 
1 125 
3 1656 125 2170 
3 2317 125 2670 
2 3762 125 
4 4226 3791 125 4133 
2 125 2359 
2 125 4559 
1 125 
2 2175 125 
3 1465 125 2608 
2 125 3728 
1 125 
4 3739 3531 2683 125 
1 125 
2 3881 125 
2 125 4083 
3 1733 4383 125 
1 125 
2 125 3507 
3 1320 125 1474 
1 125 
2 126 4709 
1 126 
3 126 407 4333 
1 126 
2 1764 126 
1 126 
3 126 601 2327 
4 3316 1991 2931 126 
3 3079 126 808 
1 126 
2 127 2731 
1 127 
1 127 
4 3246 700 127 3819 
3 1696 2037 127 
1 127 
1 127 
3 3168 127 3780 
3 127 3006 3131 
3 2344 127 142 
1 127 
2 127 3895 
3 127 1266 266 
1 127 
3 840 4643 127 
3 336 127 4301 
2 4604 127 
3 2120 127 4015 
3 4522 127 2404 
1 127 
2 2643 128 
2 3446 128 
3 128 3071 4066 
2 128 3395 
2 2089 128 
3 378 128 2632 
3 4092 128 2968 
2 128 3258 
1 128 
2 128 769 
3 3304 2179 128 
1 128 
2 128 3694 
2 1300 128 
3 982 2923 128 
1 128 
3 1179 129 2850 
1 129 
1 129 
3 1218 1610 129 
1 129 
1 129 
1 129 
2 456 129 
3 1559 129 1145 
1 129 
2 2540 129 
1 129 
1 129 
3 1152 722 129 
1 129 
2 933 129 
1 130 
3 3374 130 265 
3 2019 4237 130 
2 3615 130 
1 130 
4 2938 962 565 130 
1 130 
3 3767 196 130 
1 130 
1 130 
2 3811 130 
2 3373 130 
2 130 1459 
1 130 
2 3941 130 
2 130 178 
2 1363 130 
1 130 
4 249 2587 1176 130 
1 130 
2 131 4665 
1 131 
2 4101 131 
2 2310 131 
1 131 
1 131 
1 131 
3 1968 232 131 
2 3410 131 
5 2582 4287 3481 1834 131 
1 131 
1 131 
1 131 
3 241 4249 131 
2 2750 131 
2 2064 131 
1 131 
2 1154 131 
2 2670 131 
1 132 
2 4370 132 
1 132 
1 132 
4 1170 277 4279 132 
3 1141 3275 132 
2 713 132 
1 132 
2 4413 132 
1 132 
1 132 
1 132 
2 132 1068 
1 132 
2 1883 132 
2 2397 132 
2 4178 132 
3 2533 2652 132 
1 132 
3 2883 2804 132 
3 888 1585 132 
2 4056 133 
3 1168 4489 133 
1 133 
2 4395 133 
2 1936 133 
1 133 
2 3876 133 
1 133 
1 133 
3 136 2543 133 
2 475 133 
3 2864 664 133 
2 817 133 
3 134 848 1981 
3 134 571 1717 
1 134 
4 134 3721 290 2898 
3 134 3620 3869 
1 134 
2 134 4164 
1 134 
2 134 4108 
1 134 
2 134 3581 
2 134 3331 
3 134 3622 3984 
3 134 3943 547 
1 134 
2 134 1395 
1 134 
4 134 1334 844 2915 
3 134 2901 1880 
3 134 1563 1200 
1 135 
3 135 3543 885 
4 135 4247 1055 1643 
2 135 3505 
3 135 365 2957 
1 135 
1 135 
3 135 2013 696 
1 135 
2 135 2422 
2 135 4585 
1 135 
3 136 1059 4649 
1 136 
1 136 
1 136 
2 136 1122 
1 136 
1 136 
5 136 723 4183 4744 4626 
1 136 
1 136 
3 136 3144 3007 
1 136 
3 2562 136 4476 
3 1536 136 1936 
4 136 3983 1543 1058 
2 4262 136 
1 136 
1 136 
4 136 2144 408 3387 
1 136 
1 137 
2 137 3450 
2 137 755 
3 137 1041 3146 
2 1095 137 
1 137 
1 137 
3 2369 137 1180 
1 137 
2 137 4344 
1 137 
3 3015 137 2648 
1 137 
1 137 
1 137 
3 137 1931 2209 
3 137 877 1349 
2 137 3003 
1 137 
3 137 369 1409 
2 137 4703 
1 137 
1 138 
1 138 
1 138 
1 138 
2 138 4761 
3 138 4331 2128 
2 1188 138 
1 138 
2 138 2287 
3 138 3628 3591 
2 138 2979 
1 138 
1 138 
3 138 2366 3636 
1 138 
2 138 3732 
2 138 473 
2 138 1567 
2 138 3481 
3 138 1956 3979 
2 138 287 
2 138 4501 
1 139 
1 139 
4 1314 4774 139 652 
2 139 2120 
1 139 
1 139 
3 139 838 1319 
1 139 
3 2392 139 932 
1 139 
2 139 1557 
3 1482 139 4273 
1 140 
1 140 
2 4725 140 
2 3133 140 
2 140 4164 
2 1376 140 
2 3201 140 
1 140 
3 1032 140 3925 
3 140 2672 4351 
2 140 4130 
2 3188 140 
1 140 
1 140 
1 140 
2 3668 140 
1 140 
1 140 
4 669 1602 989 140 
1 140 
3 1783 632 140 
1 140 
2 3794 140 
2 141 2330 
3 4283 141 3272 
1 141 
1 141 
2 4308 141 
2 141 3996 
3 377 141 501 
3 2130 141 3013 
1 141 
1 141 
2 549 141 
2 2050 141 
2 1715 141 
1 141 
2 1486 141 
2 1081 141 
1 141 
1 141 
4 2876 889 1488 141 
2 141 1575 
2 141 265 
1 141 
4 3081 4362 2021 141 
2 3686 142 
1 142 
1 142 
2 1719 142 
3 3289 142 2048 
2 142 3979 
1 142 
1 142 
1 142 
3 2598 1390 142 
1 142 
1 143 
2 3079 143 
2 143 3928 
2 3865 143 
2 1178 143 
1 143 
3 445 4639 143 
3 1781 143 460 
1 143 
1 143 
2 143 3634 
2 143 2362 
2 143 2685 
2 4073 143 
2 1638 143 
2 143 787 
2 1685 143 
1 143 
1 143 
2 1821 143 
3 4194 2035 143 
2 143 1690 
1 144 
1 144 
3 144 1853 2836 
3 514 144 4747 
1 144 
2 4696 144 
1 144 
2 3345 144 
1 144 
3 2932 144 2672 
3 3096 4433 144 
2 725 144 
1 144 
3 144 1125 3927 
1 144 
3 4621 3745 144 
1 144 
1 144 
1 144 
2 3293 144 
2 375 144 
2 2181 144 
2 4118 144 
3 144 3847 2971 
2 2690 144 
3 903 3292 144 
1 144 
2 145 2705 
2 163 145 
1 145 
4 2388 747 145 3875 
3 183 4448 145 
1 145 
1 145 
3 3607 3321 145 
2 4557 145 
3 2496 145 3550 
3 2221 540 145 
2 145 646 
2 870 145 
1 145 
2 145 2704 
1 145 
2 145 4683 
1 145 
1 145 
2 145 1555 
1 145 
1 145 
2 146 2596 
1 146 
1 146 
3 1699 4703 146 
2 2313 146 
2 3571 146 
5 2352 1040 1398 146 2341 
1 146 
2 2559 146 
4 2883 3464 1470 146 
1 146 
2 1483 146 
3 3216 573 146 
1 146 
1 147 
4 2619 3639 1032 147 
3 2470 788 147 
2 3742 147 
1 147 
1 147 
1 147 
1 147 
2 147 1022 
2 1453 147 
3 1312 173 147 
2 636 147 
2 3809 147 
2 3031 147 
1 147 
1 147 
1 147 
2 551 147 
1 147 
1 147 
3 2711 147 1227 
2 377 148 
1 148 
2 3911 148 
2 2395 148 
3 4695 3891 148 
2 1572 148 
3 4073 2516 148 
2 3133 148 
1 148 
2 3349 148 
4 2588 2136 2328 148 
1 148 
3 2060 148 3521 
3 1944 2897 148 
1 149 
1 149 
2 1347 149 
4 2408 3058 1917 149 
1 149 
1 149 
2 1621 149 
2 2771 149 
1 149 
4 3528 4475 1811 149 
1 149 
3 2434 149 688 
1 149 
3 2280 149 958 
2 149 3176 
1 149 
3 2080 1098 149 
1 149 
1 149 
3 316 149 1146 
2 1767 149 
1 150 
1 150 
1 150 
1 150 
2 150 1702 
1 150 
1 150 
2 1650 150 
1 150 
2 150 1215 
2 150 2756 
2 150 3708 
2 150 4690 
2 150 2570 
3 150 1916 2729 
1 150 
3 150 1139 3370 
1 150 
1 150 
1 150 
3 150 2825 3676 
4 150 2175 2197 2148 
2 151 2750 
1 151 
2 151 2517 
1 151 
2 151 4390 
2 151 3484 
1 151 
2 151 614 
2 151 4062 
3 151 4638 1070 
1 151 
4 3622 962 151 3722 
2 4002 151 
1 151 
2 152 867 
2 333 152 
2 152 2950 
2 152 943 
1 152 
2 152 2122 
3 2172 152 3584 
1 152 
1 152 
2 152 1585 
3 152 4697 341 
1 152 
2 152 3304 
2 152 1874 
1 152 
2 152 987 
3 3398 166 152 
1 152 
1 152 
2 152 4413 
2 152 4402 
2 152 1805 
1 152 
1 152 
1 153 
2 153 3870 
2 672 153 
2 1711 153 
2 153 1260 
2 2975 153 
2 153 976 
3 2435 153 2141 
1 153 
2 153 3812 
1 153 
2 153 2374 
3 285 153 4117 
3 923 859 153 
2 153 3625 
1 153 
1 153 
2 4716 153 
3 2584 153 3773 
2 959 153 
1 153 
1 154 
1 154 
2 413 154 
2 154 788 
2 154 1165 
3 2853 154 2560 
1 154 
5 154 3268 1728 1025 2840 
1 154 
2 4052 154 
1 154 
2 154 3292 
1 154 
2 154 2375 
3 154 386 4319 
1 154 
1 154 
1 154 
1 154 
1 155 
1 155 
1 155 
2 2884 155 
1 155 
2 155 4160 
2 155 635 
2 3402 155 
3 3717 155 826 
4 4517 155 3354 1147 
4 242 155 1521 4713 
1 155 
2 155 1205 
1 155 
1 155 
1 155 
2 155 4063 
1 155 
3 155 1454 2327 
1 156 
1 156 
2 509 156 
3 156 3466 1493 
2 985 156 
1 156 
1 156 
1 156 
3 568 156 1940 
2 156 2417 
1 156 
1 156 
1 156 
1 156 
1 156 
3 4040 156 4337 
3 448 156 4370 
3 3206 1917 156 
3 3340 156 4064 
2 2570 156 
1 156 
7 2798 4111 1513 157 2965 3259 1181 
2 632 157 
1 157 
2 4396 157 
2 157 499 
2 157 1001 
1 157 
1 157 
2 157 3614 
1 157 
1 157 
5 4470 157 2729 2040 4679 
2 1444 157 
2 2742 157 
1 157 
2 157 3547 
1 158 
2 1884 158 
1 158 
1 158 
3 3402 158 1331 
2 158 4136 
1 158 
3 1732 158 4799 
1 158 
3 158 1264 3965 
1 158 
1 158 
2 2352 158 
2 1655 158 
3 1887 158 1621 
1 158 
2 3205 158 
2 158 1204 
1 158 
3 2569 159 3536 
1 159 
1 159 
1 159 
3 1322 159 1891 
2 2375 159 
3 4635 159 3326 
1 159 
4 3443 159 4780 2986 
6 3283 3543 1917 596 159 4707 
1 159 
2 160 4496 
2 1560 160 
2 1685 160 
2 1446 160 
2 3459 160 
1 160 
1 160 
3 4614 160 588 
3 160 4299 668 
3 4334 2806 160 
2 1080 160 
1 160 
1 160 
2 3752 160 
2 160 4066 
1 160 
1 160 
2 160 3925 
1 160 
4 3668 4233 161 4586 
1 161 
1 161 
2 2801 161 
3 674 161 4185 
1 161 
3 1441 4578 161 
2 161 3165 
3 717 161 3129 
1 161 
1 161 
1 161 
2 2373 161 
1 161 
3 2529 4474 161 
1 161 
1 161 
1 161 
2 162 2935 
1 162 
1 162 
1 162 
4 1462 1302 162 1877 
1 162 
1 162 
3 4458 162 179 
3 1739 1472 162 
2 162 3629 
3 1318 162 1159 
2 4508 162 
2 559 162 
1 162 
1 162 
1 162 
1 162 
2 162 2271 
1 162 
2 478 162 
1 162 
2 276 162 
2 2479 162 
2 701 163 
2 163 1660 
1 163 
2 1869 163 
3 2332 2353 163 
1 163 
1 163 
3 2565 1874 163 
1 163 
2 1605 163 
3 4236 163 456 
2 2103 163 
1 163 
1 163 
2 3663 163 
1 163 
1 163 
1 163 
1 163 
3 2589 1686 163 
2 3133 163 
1 163 
2 2351 163 
1 163 
2 1870 164 
1 164 
2 524 164 
1 164 
2 1510 164 
3 3081 2518 164 
3 419 4162 164 
3 3524 3729 164 
2 164 646 
4 2819 4077 1116 164 
2 3392 164 
2 1217 164 
2 2658 164 
3 703 164 4713 
3 1526 4295 164 
2 725 165 
1 165 
1 165 
1 165 
1 165 
3 1549 165 3177 
1 165 
2 3484 165 
3 1485 4643 165 
2 2439 165 
1 165 
4 2845 4659 1272 165 
1 165 
2 4571 165 
3 3085 2899 165 
2 2893 165 
2 850 165 
1 165 
2 1082 165 
1 165 
2 4046 165 
2 1143 165 
3 311 4395 165 
2 1770 165 
1 166 
1 166 
4 166 3041 1102 2592 
1 166 
3 166 184 4117 
2 166 1308 
2 166 2488 
2 166 4586 
2 166 246 
2 166 4443 
1 166 
3 166 4095 3347 
1 166 
2 166 1721 
3 167 2559 2124 
1 167 
2 167 275 
1 167 
1 167 
2 167 2908 
4 167 2198 4125 4207 
1 167 
1 167 
1 167 
2 167 3174 
2 568 167 
1 167 
1 167 
1 167 
3 168 1452 2698 
1 168 
2 504 168 
1 168 
1 168 
3 987 168 2495 
1 168 
1 168 
2 168 3628 
4 168 1590 4678 3130 
2 168 4315 
2 168 3923 
1 168 
1 168 
2 2881 168 
3 1654 168 4126 
3 168 785 3313 
1 168 
3 3718 168 2967 
1 168 
2 168 4651 
1 168 
1 168 
3 469 168 3102 
2 168 188 
1 168 
2 168 1531 
2 169 4627 
3 3879 169 1569 
3 3879 720 169 
3 488 169 3454 
1 169 
1 169 
1 169 
4 169 3691 3507 4063 
2 169 4124 
1 169 
1 169 
1 169 
2 169 3009 
3 169 1286 2424 
2 1612 170 
2 2625 170 
3 2615 3444 170 
1 170 
3 1680 1733 170 
2 170 542 
1 170 
1 170 
2 4502 170 
3 756 170 349 
1 170 
1 170 
1 170 
3 170 4181 2480 
1 170 
2 170 2737 
2 891 171 
3 1963 171 1023 
1 171 
4 2474 742 171 1972 
2 171 3273 
1 171 
2 171 4299 
2 2585 171 
1 171 
1 172 
5 4359 4602 172 1196 3045 
2 172 1122 
2 172 3615 
1 172 
3 3153 172 3100 
1 172 
2 3793 172 
2 924 172 
3 695 172 2020 
2 1489 172 
3 3480 172 4320 
1 172 
3 2642 172 1934 
1 172 
1 172 
1 172 
2 172 3873 
1 172 
1 172 
2 3524 173 
4 4325 3885 173 4542 
1 173 
2 173 4781 
1 173 
1 173 
1 173 
1 173 
1 173 
1 173 
1 173 
3 1283 173 2005 
1 173 
1 173 
1 173 
2 173 3712 
3 4306 1610 173 
2 173 2494 
2 1842 173 
1 173 
1 173 
1 173 
2 174 3690 
1 174 
1 174 
2 923 174 
4 1357 4578 174 3176 
2 3374 174 
1 174 
2 2583 174 
1 174 
1 174 
2 174 1598 
2 2740 174 
2 3547 174 
3 1154 1673 174 
3 4151 174 4707 
3 3361 174 1409 
2 3815 174 
2 365 174 
4 2150 1832 174 1891 
2 175 1310 
3 2196 3183 175 
3 3760 1407 175 
2 2078 175 
2 1914 175 
1 175 
2 2932 175 
2 175 4408 
2 3115 175 
3 1523 175 4261 
1 175 
1 175 
2 531 175 
2 2200 175 
1 175 
2 175 1474 
1 175 
4 692 1656 175 518 
3 841 1196 176 
2 549 176 
1 176 
2 176 2331 
2 3408 176 
3 2643 176 2779 
1 176 
1 176 
4 3285 3020 4555 176 
1 176 
2 1267 176 
2 954 176 
2 2506 176 
2 1007 176 
2 4416 176 
1 176 
1 177 
1 177 
2 1289 177 
1 177 
1 177 
1 177 
1 177 
2 4021 177 
2 1842 177 
1 177 
1 177 
1 177 
3 177 1576 3595 
3 2710 802 177 
2 3586 177 
3 3365 177 2549 
1 177 
1 177 
1 177 
1 177 
2 1918 177 
2 1523 178 
1 178 
1 178 
1 178 
1 178 
2 178 920 
2 938 178 
1 178 
3 2206 2970 178 
1 179 
2 1348 179 
3 3417 3270 179 
1 179 
1 179 
1 179 
2 2981 179 
2 1833 179 
1 179 
3 2543 1878 179 
2 1158 179 
3 4096 868 179 
1 179 
1 179 
2 3168 179 
2 3696 179 
1 179 
1 180 
1 180 
2 4664 180 
2 1248 180 
3 2708 180 3177 
3 1709 579 180 
2 1306 180 
2 180 1500 
3 3451 3148 180 
1 180 
1 180 
2 2910 180 
1 180 
2 4635 181 
1 181 
2 1788 181 
1 181 
1 181 
2 4331 181 
2 477 181 
1 181 
1 181 
2 3632 181 
2 4433 181 
4 4524 428 460 181 
4 2344 2207 486 181 
2 2132 181 
3 4502 1178 181 
1 181 
2 2038 181 
2 972 181 
1 181 
5 1007 2928 4333 2429 181 
1 181 
2 1106 181 
4 1322 4015 1002 181 
2 580 181 
2 182 4475 
1 182 
2 182 4457 
2 182 4122 
1 182 
3 182 4157 2697 
2 182 947 
1 182 
3 182 3035 187 
1 182 
3 182 259 3506 
2 182 418 
2 182 950 
1 182 
1 182 
3 182 1299 2770 
1 182 
1 182 
2 182 4294 
2 182 3504 
3 182 1970 1330 
2 183 4417 
1 183 
1 183 
2 2190 183 
1 183 
2 183 4223 
2 183 4192 
1 183 
1 183 
1 183 
2 183 2908 
3 4410 183 1869 
2 183 3813 
2 183 768 
2 183 509 
2 183 3614 
1 183 
5 183 4615 3141 3612 1162 
3 3400 183 2617 
1 183 
1 183 
3 183 1758 1569 
3 183 727 4627 
2 184 2691 
5 1817 891 184 1191 4010 
5 184 448 2699 3026 1182 
1 184 
2 184 1640 
2 184 3067 
4 184 984 1484 2072 
1 184 
3 184 3339 2770 
2 184 3225 
1 184 
1 184 
2 184 3561 
2 184 1474 
2 184 2862 
1 184 
2 184 2774 
1 184 
1 185 
2 2938 185 
1 185 
4 185 794 4709 4587 
2 185 1607 
2 185 697 
1 185 
2 185 1215 
1 185 
1 185 
1 185 
1 185 
1 185 
1 185 
2 185 3683 
1 185 
1 185 
2 185 4798 
2 185 1369 
1 185 
1 186 
1 186 
2 186 1529 
1 186 
2 186 3737 
2 186 3253 
1 186 
2 4227 186 
1 186 
2 186 2138 
3 3198 186 2810 
2 186 2205 
2 186 1848 
1 186 
1 186 
2 4692 186 
1 186 
2 186 658 
3 186 3961 3013 
2 186 2081 
2 186 601 
2 1386 186 
2 186 486 
2 948 187 
1 187 
2 187 3652 
1 187 
1 187 
3 2841 187 3743 
1 187 
2 187 4512 
2 187 2407 
4 4545 1151 3439 187 
4 4376 187 3365 478 
1 187 
2 187 3972 
3 187 605 2594 
2 187 4466 
2 187 3537 
2 187 854 
1 187 
3 188 348 832 
3 188 542 868 
2 2386 188 
2 188 4649 
2 695 188 
2 188 1397 
1 188 
2 1808 188 
1 188 
4 188 972 3004 4686 
1 188 
2 2231 188 
1 188 
3 188 969 3432 
2 836 188 
2 188 2069 
3 188 3800 4442 
1 189 
2 189 3101 
4 2392 4325 189 3349 
2 189 3977 
2 189 684 
3 2690 1154 189 
2 189 3026 
2 4053 189 
1 189 
2 2112 189 
2 2345 189 
2 4193 189 
2 189 2541 
4 1991 189 1346 3270 
1 189 
2 189 3889 
3 189 1548 2776 
5 189 1888 660 457 1662 
1 190 
1 190 
1 190 
3 3662 613 190 
2 190 4371 
3 753 2543 190 
2 190 1143 
1 190 
2 2940 190 
2 3686 190 
1 190 
2 2889 190 
1 190 
2 4007 190 
2 1831 190 
1 190 
2 190 300 
2 1824 190 
2 3192 191 
1 191 
1 191 
1 191 
1 191 
3 4446 191 664 
1 191 
1 191 
2 3460 191 
3 3830 1340 191 
2 2534 191 
2 4486 191 
1 191 
2 3834 191 
1 192 
2 2621 192 
1 192 
1 192 
2 1171 192 
1 192 
2 867 192 
3 2150 192 3071 
1 192 
1 192 
1 192 
3 2390 4385 192 
2 2279 192 
2 192 1398 
6 2296 289 2569 4658 1408 192 
2 1739 192 
2 192 811 
1 192 
1 193 
2 4298 193 
1 193 
1 193 
1 193 
1 193 
2 1570 193 
2 2535 193 
1 193 
3 3404 3916 193 
2 193 2817 
1 193 
1 193 
1 193 
1 193 
2 1847 193 
2 193 3715 
3 1483 1307 193 
2 2483 194 
2 1635 194 
1 194 
1 194 
1 194 
2 194 944 
1 194 
2 2949 194 
1 194 
3 2624 597 194 
3 332 3062 194 
3 1094 3609 194 
2 194 4766 
2 194 3455 
1 194 
2 2468 194 
1 194 
2 2565 194 
1 195 
2 2434 195 
1 195 
1 195 
1 195 
1 195 
1 195 
1 195 
1 195 
2 1686 195 
3 3761 195 1911 
4 3931 1990 2028 195 
2 1009 195 
2 2357 195 
2 195 3765 
1 195 
1 195 
1 195 
2 4399 195 
2 1716 195 
1 195 
3 1579 195 4278 
1 195 
1 195 
2 195 1205 
2 4105 195 
1 195 
2 2897 195 
2 195 687 
1 195 
1 195 
1 195 
4 784 938 195 1624 
2 1634 195 
1 195 
1 195 
1 196 
1 196 
3 2314 2020 196 
1 196 
1 196 
1 196 
2 1628 196 
3 2150 581 196 
3 2487 245 196 
3 2855 2479 196 
1 196 
4 4718 1252 1024 196 
4 199 4462 196 1839 
2 2691 196 
4 3054 4157 262 196 
1 196 
1 196 
2 196 3414 
2 626 196 
3 2904 2435 196 
2 2680 196 
2 975 196 
1 197 
3 3359 3360 197 
1 197 
5 226 2186 2545 218 197 
1 197 
1 197 
1 197 
3 3418 4546 197 
3 1293 1582 197 
1 197 
1 197 
3 2298 3731 197 
2 197 769 
2 2962 197 
1 197 
1 197 
1 197 
3 531 2573 197 
2 4253 197 
2 539 197 
1 197 
1 197 
4 4267 1616 197 2407 
1 197 
2 2506 197 
4 431 4300 197 1004 
1 197 
2 253 198 
1 198 
1 198 
1 198 
3 2040 4202 198 
1 198 
2 2960 198 
1 198 
1 198 
1 198 
3 4523 2093 198 
2 3793 198 
1 198 
1 198 
3 1866 4659 198 
1 198 
1 198 
1 198 
2 3342 198 
1 198 
3 2803 3196 198 
1 198 
2 2887 198 
2 2854 198 
1 199 
2 199 2170 
2 199 3831 
1 199 
1 199 
2 199 4618 
1 199 
1 199 
2 199 314 
1 199 
1 199 
2 199 668 
3 199 2080 2628 
1 199 
2 199 2700 
1 199 
1 199 
1 199 
1 200 
1 200 
1 200 
1 200 
1 200 
2 589 200 
2 200 2379 
1 200 
1 200 
2 200 740 
2 200 4388 
1 200 
1 200 
2 4543 200 
4 200 4660 3676 4715 
1 200 
2 200 1662 
2 200 1581 
2 200 3158 
1 201 
1 201 
1 201 
3 201 1343 279 
3 1370 201 4356 
3 201 4798 1162 
2 201 3693 
1 201 
1 201 
1 201 
1 201 
2 3719 201 
2 201 1028 
3 201 2846 2780 
2 201 1569 
1 202 
2 202 932 
3 202 4306 2733 
3 202 2699 2443 
1 202 
1 202 
2 2050 202 
2 202 934 
2 202 1666 
2 202 206 
1 202 
3 202 420 1687 
3 202 4263 4598 
3 202 632 2161 
1 202 
4 1419 202 2823 1274 
2 2273 202 
2 202 4508 
2 203 4538 
1 203 
1 203 
2 203 3027 
1 203 
3 203 1195 608 
2 203 1571 
3 203 787 431 
2 203 3747 
1 203 
1 203 
2 203 3621 
1 203 
1 203 
1 203 
3 203 1430 232 
3 203 2579 3574 
2 1252 204 
3 204 559 4350 
1 204 
3 204 4672 2228 
1 204 
3 1386 204 3499 
1 204 
2 204 639 
1 204 
1 204 
2 204 2496 
1 204 
3 1817 204 663 
1 204 
1 204 
2 204 319 
3 204 1683 2302 
1 204 
4 204 2316 4558 455 
1 205 
1 205 
3 205 1938 2171 
2 1896 205 
1 205 
2 205 3127 
1 205 
2 205 1687 
1 205 
1 205 
1 205 
3 205 984 3298 
1 205 
2 205 2249 
3 4633 205 461 
2 205 4277 
1 206 
3 206 3083 919 
2 206 3723 
1 206 
3 206 743 4560 
2 2674 206 
1 206 
2 206 636 
3 4167 1822 206 
1 206 
1 206 
2 206 3023 
4 206 3365 1431 3109 
2 206 3130 
2 206 2322 
3 2584 206 3193 
2 206 1308 
1 206 
1 207 
1 207 
1 207 
1 207 
4 207 2865 2964 1458 
1 207 
2 207 1518 
1 207 
3 207 2460 3272 
3 207 1352 1003 
1 207 
1 207 
1 207 
1 207 
2 207 2546 
2 207 4296 
2 4377 207 
3 719 207 2101 
2 207 2417 
1 207 
1 207 
1 207 
1 207 
2 2588 208 
1 208 
1 208 
3 208 1198 3313 
2 208 3533 
1 208 
1 208 
1 208 
2 208 2362 
2 2636 208 
2 924 208 
2 472 208 
1 208 
2 208 3845 
1 208 
1 208 
4 2695 208 2445 714 
2 209 2086 
1 209 
3 3133 209 1750 
2 209 4343 
1 209 
1 209 
1 209 
2 209 1305 
3 209 3306 3065 
3 816 209 2896 
1 209 
2 209 640 
2 1356 209 
2 3579 209 
1 209 
2 209 3366 
3 209 1065 3322 
4 2011 209 3346 2270 
1 209 
2 209 1351 
1 209 
2 2805 209 
2 1011 209 
1 209 
2 2535 209 
1 209 
1 209 
3 3154 209 2404 
1 209 
1 209 
1 210 
2 210 2149 
1 210 
2 210 316 
1 210 
1 210 
1 210 
1 210 
1 210 
2 210 1616 
2 210 1024 
1 210 
3 211 3453 2427 
2 211 2282 
1 211 
2 2253 211 
2 4324 211 
2 211 921 
4 3581 211 4648 3870 
1 211 
1 211 
4 3098 211 828 4772 
1 211 
2 211 3269 
3 419 211 1704 
4 2409 2799 2693 211 
1 211 
1 211 
2 212 4059 
1 212 
2 212 1085 
1 212 
1 212 
1 212 
2 212 2249 
1 212 
1 212 
1 212 
1 212 
3 1301 212 2669 
1 212 
1 212 
3 4393 212 3385 
1 212 
3 2029 2726 212 
3 4592 212 1229 
4 3202 1136 212 1597 
1 212 
1 212 
1 212 
3 1132 213 1644 
3 2037 213 1686 
1 213 
5 835 3603 311 213 4771 
2 213 3727 
2 213 2872 
2 1260 213 
1 213 
1 213 
1 213 
2 213 1456 
1 213 
3 1462 213 687 
2 3909 213 
1 213 
2 4736 213 
2 1968 213 
1 213 
4 4576 213 3322 1348 
2 836 213 
2 2262 214 
4 2211 1619 214 851 
2 537 214 
1 214 
1 214 
1 214 
2 649 214 
3 1946 214 2430 
2 1464 214 
2 2026 214 
2 2507 214 
2 4271 214 
2 2374 214 
1 214 
2 3602 214 
3 1905 214 1913 
1 215 
2 2535 215 
2 3665 215 
2 1295 215 
3 4274 215 4627 
1 215 
1 215 
1 215 
4 3198 572 2085 215 
1 215 
1 215 
2 3249 215 
2 2616 215 
1 215 
1 215 
2 1931 215 
1 215 
1 215 
2 1187 215 
2 1581 216 
1 216 
1 216 
2 2709 216 
1 216 
3 2647 4659 216 
2 216 886 
2 1914 216 
1 216 
2 3896 216 
1 216 
3 2177 216 2170 
1 216 
1 216 
1 216 
2 4604 216 
2 216 2270 
2 3467 216 
2 2734 217 
4 592 937 3993 217 
1 217 
1 217 
2 1740 217 
3 2150 3900 217 
1 217 
1 217 
1 217 
2 4220 217 
1 217 
2 2794 217 
2 4229 217 
1 217 
3 929 4622 217 
2 217 4050 
2 3841 217 
2 2657 217 
2 686 217 
2 423 217 
1 218 
4 2819 4400 1140 218 
1 218 
5 4519 1942 4309 683 218 
2 218 4467 
2 2643 218 
2 649 218 
1 218 
1 218 
1 218 
1 218 
1 218 
2 218 3594 
5 1075 1636 850 218 3277 
3 4478 4084 218 
1 218 
2 3785 218 
3 3187 218 3394 
2 218 3903 
2 2577 218 
1 218 
2 793 218 
3 822 1736 219 
2 478 219 
4 3983 1570 3433 219 
2 4687 219 
2 2822 219 
2 4285 219 
3 1761 319 219 
1 219 
2 4363 219 
1 219 
2 1303 219 
4 3341 2062 2304 219 
1 219 
1 219 
1 219 
4 795 4638 3088 219 
2 3408 219 
1 219 
2 4790 220 
1 220 
5 4155 1237 259 4799 220 
3 3718 3418 220 
3 2448 1807 220 
2 220 4391 
1 220 
5 513 706 1472 482 220 
3 2349 1705 220 
3 3557 2766 220 
1 220 
3 2554 3571 220 
3 221 3188 2364 
1 221 
1 221 
4 221 1428 2014 3127 
2 221 4511 
2 221 4790 
2 221 272 
1 221 
3 221 2335 711 
3 221 4112 1360 
3 221 2748 2339 
2 221 4482 
1 221 
3 2529 221 2384 
2 221 2163 
1 221 
2 221 4017 
4 221 2804 497 4664 
3 1370 222 733 
1 222 
2 222 390 
2 222 1592 
4 222 794 3970 2220 
1 222 
2 222 1870 
2 3398 222 
2 222 649 
2 222 1742 
2 222 2840 
2 222 4312 
2 222 2480 
1 222 
3 222 2490 1461 
2 222 640 
1 222 
2 222 4698 
4 222 2654 3128 4535 
2 222 3738 
2 223 1026 
1 223 
1 223 
1 223 
2 223 3691 
2 223 4085 
1 223 
2 223 4610 
1 223 
2 223 2163 
3 223 4387 958 
3 223 742 2547 
2 2052 223 
3 223 1493 3777 
2 223 1533 
4 223 4382 4388 852 
4 223 3957 366 4387 
2 223 1062 
4 1465 3019 223 2038 
2 223 4327 
3 224 908 4531 
2 224 4181 
1 224 
4 2677 2347 224 3300 
4 3136 224 519 1457 
1 224 
2 224 1776 
3 329 224 3838 
2 4283 224 
1 224 
3 307 224 3049 
1 224 
2 224 258 
1 224 
2 224 388 
2 224 4533 
2 224 3465 
1 225 
2 225 3608 
3 225 840 1646 
3 2080 225 1292 
4 225 1527 2661 3048 
1 225 
3 225 1278 1853 
3 225 4796 3490 
3 3597 225 2454 
3 225 1244 1556 
1 225 
1 225 
3 4547 225 530 
1 225 
2 225 4476 
1 226 
2 4448 226 
2 226 1002 
1 226 
1 226 
2 226 540 
1 226 
2 226 786 
2 226 1599 
4 694 2884 226 3562 
1 226 
1 226 
1 226 
1 226 
1 226 
1 226 
3 1334 226 734 
1 226 
3 226 2283 3715 
4 1822 2080 226 3311 
2 816 227 
1 227 
2 3757 227 
1 227 
3 2905 4425 227 
1 227 
1 227 
2 227 1307 
2 780 227 
1 227 
1 227 
1 227 
1 227 
2 3578 227 
3 227 3223 1881 
1 227 
2 227 901 
1 227 
2 227 3868 
1 227 
2 2503 227 
2 2060 227 
2 227 3695 
2 4286 227 
1 228 
2 228 406 
3 228 3144 785 
1 228 
2 270 228 
1 228 
2 228 3212 
3 3576 228 2981 
4 228 514 2731 4423 
3 1278 228 4495 
2 228 4296 
2 228 1689 
2 228 1831 
2 4701 228 
2 228 4345 
2 1730 228 
1 229 
1 229 
3 963 229 3763 
2 1130 229 
1 229 
3 2675 229 896 
2 448 229 
1 229 
1 229 
2 229 280 
1 229 
3 1993 4477 229 
2 3179 229 
1 229 
2 229 1720 
1 229 
1 229 
2 229 2782 
4 3380 3566 230 686 
1 230 
2 230 1753 
1 230 
2 1907 230 
1 230 
4 3227 230 342 3998 
1 230 
2 230 4797 
3 1993 4338 230 
2 230 3688 
1 230 
1 230 
1 230 
2 230 940 
2 231 3102 
1 231 
3 1536 4285 231 
2 231 486 
3 1107 797 231 
2 231 2580 
2 3915 231 
2 3563 231 
1 231 
1 231 
2 1305 231 
1 231 
1 231 
1 231 
3 4392 905 231 
2 1670 231 
2 231 4407 
1 231 
2 231 4370 
2 1377 231 
2 2373 231 
2 3999 231 
1 231 
1 231 
1 231 
2 3418 231 
2 3960 232 
1 232 
2 3690 232 
3 3885 232 4710 
5 4667 757 232 4421 2291 
1 232 
2 864 232 
1 232 
1 232 
2 232 2243 
1 232 
1 232 
3 4693 3484 232 
1 232 
2 2909 232 
2 232 4034 
4 2537 799 232 2430 
2 4055 232 
1 232 
1 232 
1 232 
2 232 4783 
1 232 
1 232 
3 1977 4741 232 
2 232 1940 
1 232 
1 233 
2 3291 233 
1 233 
2 428 233 
1 233 
1 233 
2 233 4207 
1 233 
5 3443 3204 233 1774 668 
1 233 
1 233 
2 414 233 
3 2172 233 1958 
1 233 
1 233 
2 233 2717 
3 3198 3309 233 
5 1536 3641 1549 233 4628 
1 233 
1 234 
2 333 234 
2 234 1772 
2 234 4184 
2 234 4735 
2 2298 234 
2 4612 234 
1 234 
1 234 
3 441 234 3993 
1 234 
1 234 
1 234 
2 3398 234 
1 234 
3 2578 234 4259 
1 234 
1 234 
2 234 4765 
1 234 
1 234 
2 4379 234 
2 351 234 
3 4595 235 328 
1 235 
2 3186 235 
2 235 3614 
1 235 
1 235 
2 3934 235 
1 235 
1 235 
3 2889 1362 235 
2 235 4276 
1 235 
1 235 
2 2113 235 
3 312 2726 235 
7 3358 487 4229 235 3619 1882 813 
3 4675 235 4587 
2 1278 235 
2 235 388 
1 235 
1 235 
3 1077 236 4049 
1 236 
3 3552 3174 236 
2 1946 236 
1 236 
4 3024 2037 236 4319 
5 2446 2505 2858 236 2444 
1 236 
1 236 
3 907 2303 236 
3 3286 2576 236 
2 2066 236 
2 236 462 
2 4691 236 
1 236 
2 4157 236 
3 2719 3702 236 
2 986 236 
2 3351 236 
2 1076 236 
1 237 
1 237 
2 1517 237 
2 1767 237 
1 237 
2 237 3780 
5 1417 3289 4249 3919 237 
3 3961 237 1729 
1 237 
2 237 371 
1 237 
3 3541 237 4351 
2 2634 237 
1 238 
4 4547 444 1392 238 
2 989 238 
2 238 1292 
1 238 
1 238 
2 4019 238 
1 238 
1 238 
2 238 4628 
1 238 
1 238 
2 3340 238 
3 753 3144 238 
2 1284 238 
1 238 
1 238 
2 2917 238 
1 238 
1 238 
3 1831 3708 238 
2 4307 238 
1 238 
1 238 
3 3005 1457 238 
3 4646 2245 239 
2 3673 239 
2 4555 239 
1 239 
3 2962 458 239 
2 2879 239 
2 3039 239 
2 4369 239 
3 1487 1523 239 
2 271 239 
2 4481 239 
1 239 
4 2926 1301 2759 239 
1 239 
1 239 
1 239 
3 3453 239 3177 
3 1249 2285 239 
4 3641 2552 518 239 
3 4546 1315 239 
3 271 1769 239 
1 239 
4 539 3103 3276 239 
1 239 
2 3961 239 
3 778 3070 240 
1 240 
2 3867 240 
2 1519 240 
3 2487 1408 240 
1 240 
1 240 
2 1465 240 
3 2495 4769 240 
4 2797 513 789 240 
1 240 
1 240 
3 1299 1958 240 
2 873 240 
2 2070 240 
1 240 
1 240 
1 240 
1 240 
3 4593 1644 240 
3 241 1740 4204 
2 241 646 
2 241 2027 
1 241 
1 241 
3 241 334 4567 
2 241 2004 
1 241 
2 241 2726 
2 241 2322 
1 241 
2 241 2877 
1 241 
1 241 
2 241 1112 
1 242 
1 242 
1 242 
1 242 
2 242 2173 
1 242 
2 242 2349 
1 242 
1 242 
2 2467 242 
3 242 290 2765 
2 242 1222 
3 242 1540 536 
2 242 697 
3 242 904 4607 
2 242 3814 
2 242 670 
2 242 2455 
2 242 4724 
1 242 
2 242 4192 
3 242 4160 1139 
1 243 
3 243 2785 2089 
1 243 
2 243 826 
1 243 
1 243 
1 243 
2 243 3176 
3 243 3420 842 
1 243 
2 243 4564 
1 243 
1 243 
2 244 2383 
1 244 
1 244 
1 244 
3 244 4322 4339 
2 244 2142 
1 244 
1 244 
1 244 
1 244 
2 244 4416 
2 244 4510 
3 244 3971 3655 
3 244 4324 3156 
1 244 
