20 2 3 4 5 6 7 8 9 10 11 12 13 14 15 16 17 18 19 20 21 
25 22 23 1 24 25 26 27 28 29 30 31 32 33 34 35 36 37 38 39 40 41 42 43 44 45 
20 46 47 48 1 49 50 51 52 53 54 55 56 57 58 59 60 61 62 63 64 
15 65 1 66 67 68 69 70 71 72 73 74 75 76 77 78 
23 79 1 80 81 82 83 84 85 86 87 88 89 90 91 92 93 94 95 96 97 98 99 100 
19 101 102 103 1 104 105 106 107 108 109 110 111 112 113 114 115 116 117 118 
27 119 120 121 1 122 123 124 125 126 127 128 129 130 131 132 133 134 135 136 137 138 139 140 141 142 143 144 
18 145 146 1 147 148 149 150 151 152 153 154 155 156 157 158 159 160 161 
20 162 163 1 164 165 166 167 168 169 170 171 172 173 174 175 176 177 178 179 180 
13 181 1 182 183 184 185 186 187 188 189 190 191 192 
18 193 1 194 195 196 197 198 199 200 201 202 203 204 205 206 207 208 209 
22 210 211 212 1 213 214 215 216 217 218 219 220 221 222 223 224 225 226 227 228 229 230 
23 231 232 1 233 234 235 236 237 238 239 240 241 242 243 244 245 246 247 248 249 250 251 252 
24 253 254 255 256 257 258 1 259 260 261 262 263 264 265 266 267 268 269 270 271 272 273 274 275 
20 276 277 278 1 279 280 281 282 283 284 285 286 287 288 289 290 291 292 293 294 
24 295 296 1 297 298 299 300 301 302 303 304 305 306 307 308 309 310 311 312 313 314 315 316 317 
16 1 318 319 320 321 322 323 324 325 326 327 328 329 330 331 332 
21 333 334 335 1 336 337 338 339 340 341 342 343 344 345 346 347 348 349 350 351 352 
17 353 354 1 355 356 357 358 359 360 361 362 363 364 365 366 367 368 
27 369 370 371 372 1 373 374 375 376 377 378 379 380 381 382 383 384 385 386 387 388 389 390 391 392 393 394 
22 395 396 1 397 398 399 400 401 402 403 404 405 406 407 408 409 410 411 412 413 414 415 
22 416 417 2 418 419 420 421 422 423 424 425 426 427 428 429 430 431 432 433 434 435 436 
21 2 437 438 439 440 441 442 443 444 445 446 447 448 449 450 451 452 453 454 455 456 
15 457 2 458 459 460 461 462 463 464 465 466 467 468 469 470 
25 2 471 472 473 474 475 476 477 478 479 480 481 482 483 484 485 486 487 488 489 490 491 492 493 494 
22 495 2 496 497 498 499 500 501 502 503 504 505 506 507 508 509 510 511 512 513 514 515 
25 516 2 517 518 519 520 521 522 523 524 525 526 527 528 529 530 531 532 533 534 535 536 537 538 539 
19 540 2 541 542 543 544 545 546 547 548 549 550 551 552 553 554 555 556 557 
19 558 559 2 560 561 562 563 564 565 566 567 568 569 570 571 572 573 574 575 
8 2 576 577 578 579 580 581 582 
18 2 583 584 585 586 587 588 589 590 591 592 593 594 595 596 597 598 599 
22 600 601 2 602 603 604 605 606 607 608 609 610 611 612 613 614 615 616 617 618 619 620 
20 2 621 622 623 624 625 626 627 628 629 630 631 632 633 634 635 636 637 638 639 
19 640 2 641 642 643 644 645 646 647 648 649 650 651 652 653 654 655 656 657 
17 2 658 659 660 661 662 663 664 665 666 667 668 669 670 671 672 673 
16 2 674 675 676 677 678 679 680 681 682 683 684 685 686 687 688 
24 689 2 690 691 692 693 694 695 696 697 698 699 700 701 702 703 704 705 706 707 708 709 710 711 
23 712 2 713 714 715 716 717 718 719 720 721 722 723 724 725 726 727 728 729 730 731 732 733 
16 2 734 735 736 737 738 739 740 741 742 743 41 744 745 746 747 
31 748 2 749 750 751 752 753 754 755 756 757 758 759 760 761 762 763 764 765 766 767 768 769 770 771 772 773 774 775 776 777 
15 2 778 779 780 781 782 783 784 785 786 787 39 788 789 790 
15 2 791 792 793 794 795 796 797 798 799 800 801 802 803 804 
32 805 2 806 807 808 809 810 811 812 813 814 815 816 817 818 819 820 821 822 823 824 825 826 827 828 829 830 831 832 833 834 835 
20 836 2 837 838 839 840 841 842 843 844 845 846 847 848 849 850 851 852 853 854 
25 855 2 856 857 858 859 860 861 862 863 864 865 866 867 868 869 870 871 872 873 874 875 876 877 878 
21 879 880 881 3 882 883 884 885 886 887 888 889 890 891 892 893 894 895 896 897 898 
26 899 900 3 901 902 903 904 905 906 907 908 909 910 911 912 913 914 915 916 917 918 919 920 921 922 923 
25 924 925 926 927 3 928 929 930 931 932 933 934 935 936 937 938 939 940 941 942 943 944 945 946 947 
21 948 949 950 951 952 3 953 954 955 956 957 958 959 960 961 962 963 964 965 966 967 
27 968 969 3 970 971 972 973 974 975 976 977 978 979 980 981 982 983 984 985 986 987 988 989 990 991 992 993 
24 994 3 995 996 997 998 999 1000 1001 1002 1003 1004 1005 1006 1007 1008 1009 1010 1011 1012 1013 1014 1015 1016 
19 1017 3 1018 1019 1020 1021 1022 1023 1024 1025 1026 1027 1028 1029 1030 1031 1032 1033 1034 
29 1035 1036 3 1037 1038 1039 1040 1041 1042 1043 1044 1045 1046 1047 1048 1049 1050 1051 1052 1053 1054 788 1055 1056 1057 1058 1059 1060 1061 
20 1062 3 1063 1064 1065 1066 1067 1068 1069 1070 1071 1072 1073 1074 1075 1076 1077 1078 1079 1080 
25 1081 1082 1083 1084 3 1085 1086 1087 1088 1089 1090 1091 1092 1093 1094 1095 1096 1097 1098 1099 1100 1101 1102 1103 1104 
25 1105 1106 1107 3 1108 1109 1110 1111 1112 1113 1114 1115 1116 1117 1118 1119 1120 614 1121 1122 1123 1124 1125 1126 1127 
20 1128 3 1129 1130 1131 1132 1133 1134 1135 1136 1137 1138 1139 1140 1141 1142 1143 1144 1145 1146 
22 1147 3 1148 1149 1150 1151 1152 1153 1154 1155 1156 1157 1158 1159 1160 1161 1162 1163 1164 1165 1166 1167 
17 1168 1169 3 1170 1171 1172 1173 1174 1175 1176 1177 1178 1179 1180 1181 1182 1183 
17 1184 3 1185 1186 1187 1188 1189 1190 1191 1192 1193 1194 1195 1196 1197 1198 1199 
26 1200 1201 1202 3 1203 814 1204 1205 1206 1207 1208 1209 1210 1211 1212 1213 1214 1215 1216 1217 1218 1219 1220 1221 1222 1223 
23 1224 1225 1226 3 1227 1228 1229 1230 1231 1232 1233 1234 1235 1236 1237 1238 1239 1240 1241 1242 1243 1244 1245 
19 3 1246 1247 1248 1249 1250 1251 1252 1253 1254 1255 1256 1257 1258 1259 1260 1261 1262 1263 
21 1264 1265 1266 3 1267 1268 1269 1270 1271 1272 1273 1274 1275 1276 1277 1278 1279 1280 1281 1282 1283 
19 1284 1285 1286 4 1287 1288 1289 1290 1291 1292 1293 1294 1295 1296 1297 1298 1299 1300 1301 
22 1302 1303 1304 1305 4 1306 1307 587 1308 1309 1310 1311 1312 1313 1314 1315 1316 1317 1318 1319 1320 1321 
14 1322 1323 4 1324 1325 1326 1327 1328 1329 1330 1331 1332 1333 1334 
21 1335 1336 1337 4 1338 1339 1340 1341 1342 1343 1344 1345 1346 1347 1348 1349 1350 1351 1352 1353 1354 
19 1355 1356 1357 1358 4 1359 1360 1361 1362 1363 1364 1365 1366 1367 1368 1369 1370 1371 1372 
19 1373 1374 4 1375 1376 1377 1378 1379 1380 1381 1382 1383 1384 1385 1386 1387 1388 1389 1390 
24 1391 1392 1393 1394 1395 1396 4 1397 1398 1399 1400 1401 1402 1403 1404 1405 1406 1407 1408 1409 1410 1411 1412 1413 
18 1414 1415 1416 4 1417 1418 1419 1420 1421 1422 1423 1424 1425 1426 1427 1428 1429 1430 
16 1431 1432 1433 1434 1435 1436 4 1437 1438 1439 1440 1441 1442 1443 1444 1445 
23 1446 1447 1448 1449 1450 1451 4 1452 1453 1454 1455 1456 1457 1458 1459 610 1460 1461 1462 1463 1464 1465 1466 
20 1467 1468 1469 1470 1471 1472 4 1473 1474 1475 1476 1477 1478 1479 1480 1481 1482 1483 1484 1485 
18 1486 1487 4 1488 1489 1490 1491 1492 1493 1494 1495 1496 1497 1498 1499 1500 1501 1502 
21 1503 1504 4 1505 1506 1507 1508 1509 1510 1511 1512 1513 1328 1514 1515 1516 1517 1518 1519 1520 1521 
19 1522 1523 1524 1525 1526 4 1527 1528 1529 1530 1531 1532 1533 1534 1535 1536 1537 1538 1539 
27 1540 1541 1542 1543 1544 1545 1546 1547 1548 1549 5 1550 1551 1552 1553 1554 1555 1556 1557 1558 1559 1560 1561 1562 1563 1564 1565 
18 1566 1567 1568 1569 1570 1571 1572 5 1573 1574 1575 1576 1577 1578 1579 1580 1581 1582 
25 1583 1584 1585 1586 1587 1588 1589 1590 1591 1592 1593 5 1594 1595 1596 1597 1598 1599 1600 1601 1602 1603 1604 1605 1606 
21 1607 1608 1609 1610 5 1611 1612 1613 1614 1615 1616 1617 1618 1619 1620 1621 1622 1623 1624 1625 1626 
24 1627 1628 1629 1630 1631 1632 1170 1633 1634 1635 1636 5 1637 1638 1639 1640 1641 1642 1643 1644 1645 1646 1647 1648 
15 1649 1650 1651 1652 1653 5 1654 1655 1656 1657 1658 1659 1660 1661 1662 
17 1663 1664 122 1665 1666 5 1667 1668 1669 1670 1671 1672 1673 1674 1675 1676 1677 
14 1678 1679 5 1680 1681 1682 1683 1684 1685 1686 1687 1688 1689 1690 
19 1691 1692 1693 1694 1695 1696 5 1697 1698 1699 1700 1701 1702 1703 1704 1705 1706 1707 1708 
21 1709 1710 1711 1712 1713 1714 1715 1716 5 1717 1718 1719 1720 1721 1722 1723 1724 1725 1726 1727 1728 
11 1729 1730 1731 1732 1733 5 1734 1735 1736 1737 1738 
19 1739 1740 1741 1742 1743 1744 5 1745 1746 1747 1748 1749 1750 1751 1752 1753 1754 1755 1756 
29 1757 1758 1759 1760 1761 1762 5 1763 1764 1765 1766 1767 1768 1769 1770 1771 1772 1773 1774 1775 1776 1777 1778 1779 1780 1781 1782 1783 1784 
18 1785 1786 1787 1788 1789 1790 5 1791 1792 1793 1794 1795 1796 1797 1798 1799 1800 1801 
18 1802 1803 1804 1805 5 1806 1807 1808 1809 1810 1811 1812 1813 1814 1815 1816 1660 1817 
22 1818 1819 1820 1821 1822 1823 1824 5 1825 1826 1827 1828 1829 1830 1831 1832 1833 1834 1835 1836 1837 1838 
17 1839 1840 1841 1842 5 1843 1844 1845 1846 1847 1848 1849 1850 1851 1852 1853 1854 
20 1855 1856 1857 519 1858 1859 1860 1861 1862 1863 5 1864 1865 1866 1867 1868 1869 1870 1871 1872 
28 1873 1874 1875 1876 1877 1878 1879 1880 5 1881 1882 1883 1884 1885 1886 1887 1888 1889 1890 1891 1892 1893 1894 1895 1896 1897 1898 1899 
27 1900 1901 1902 1903 1904 1905 1906 1907 1908 5 1909 1910 1911 1912 1913 1914 1915 1916 824 1917 1918 1919 1920 1921 1922 1923 1924 
30 1925 1926 1927 1928 1929 5 1930 1931 1932 1933 1934 1935 1936 1937 1938 1939 1940 1941 1942 1943 1944 1945 1946 1947 1948 1949 1950 1951 1952 1953 
21 1954 1955 1956 1957 1958 1959 1960 1961 5 1962 1963 1964 1965 1966 1967 1968 1969 1970 1971 1972 1973 
21 1974 1856 1975 1976 1977 1978 6 1979 1980 1981 1982 1983 1984 1985 1986 1987 1988 1989 1990 1991 1992 
19 1993 1994 1995 1996 1997 1998 1999 6 2000 2001 2002 2003 2004 2005 2006 2007 2008 2009 2010 
20 2011 2012 2013 2014 2015 2016 6 2017 2018 2019 2020 2021 2022 2023 2024 2025 2026 2027 2028 2029 
18 2030 2031 2032 2033 6 2034 2035 2036 2037 2038 2039 2040 2041 2042 2043 2044 2045 2046 
22 2047 2048 1856 2049 2050 2051 2052 2053 2054 2055 6 2056 2057 2058 2059 2060 2061 2062 2063 2064 2065 2066 
24 2067 2068 2069 2070 2071 2072 2073 2074 2075 2076 2077 6 2078 2079 2080 2081 2082 2083 2084 2085 2086 2087 2088 2089 
20 2090 2091 2092 2093 2094 2095 2096 6 2097 2098 2099 2100 2101 2102 2103 2104 2105 2106 2107 2108 
26 2109 2110 2111 2112 2113 2114 2115 2116 2117 2118 6 2119 2120 2121 2122 2123 2124 2125 2126 2127 2128 2129 2130 2131 2132 2133 
17 2134 2135 6 2136 2137 2138 2139 2140 2141 2142 2143 2144 2145 2146 2147 2148 2149 
20 2150 2151 2152 2153 1928 2154 2155 6 2156 2098 2157 2158 2159 2160 2161 2162 2163 2164 2165 2166 
29 2167 2168 2169 2170 2171 2172 2173 6 2174 2175 2176 2177 2178 2179 2180 2181 2182 2183 2184 2185 2186 2187 2188 2189 2190 2191 2192 2193 2194 
27 2195 2196 2197 2198 2199 2200 2201 2202 6 2203 2204 2205 2206 2207 2208 2209 2210 2211 2212 2213 2214 2215 2216 2217 2218 2219 2220 
12 2221 2222 2223 2224 2225 2226 2227 6 2228 2229 2230 2231 
29 2232 2233 2234 2235 2236 2237 2238 2239 6 2240 2241 2242 2243 2244 2245 2246 2247 2248 2249 2250 2251 2252 2253 2254 2255 2256 2257 2258 2259 
18 2260 2261 2262 2263 2264 2265 2266 6 2267 2268 2269 1564 2270 2271 2272 2273 2274 2275 
15 2276 2277 2278 2279 2280 6 2281 2282 2283 2284 2285 2286 2287 2288 2289 
27 2290 2291 2292 2293 2294 2295 2296 2297 2298 2299 2300 6 2301 2302 2303 2304 2305 2306 2307 2308 2309 2310 2311 2312 2313 2314 2315 
20 2316 2317 2318 2319 2320 2321 2322 2323 6 2324 2325 2326 2327 2328 2329 2330 2331 2332 2333 2334 
21 2335 2336 2337 2338 2339 2340 2341 2342 2343 7 2344 2345 2346 2347 2348 2349 2350 2351 2352 1565 2353 
16 2354 2355 2356 2357 7 2358 2359 2360 2361 2362 2363 2364 2365 2366 2367 2368 
24 2369 2370 2371 2372 2373 2374 2375 2376 2377 7 2378 2379 2380 2381 2382 2383 2384 2385 2386 2387 2388 2389 2390 2391 
22 2392 2393 2394 2395 2396 2397 2398 2399 85 2400 7 2401 2402 2403 2404 2405 2406 2407 2408 2409 2410 2411 
17 2412 2413 2414 2415 2416 2417 7 2418 2419 2420 2421 2422 2423 2424 2425 2426 2427 
24 2428 2429 2430 2431 2432 2433 2434 2435 7 2208 2436 2437 2438 2439 2440 2441 2442 2443 2444 2445 2446 2447 2448 2449 
20 2450 2451 2452 2453 2454 2455 2456 7 2457 2458 2459 2460 2461 2462 2463 2464 2465 2466 2467 2468 
18 2469 2470 2471 2472 2473 2474 2475 2476 2477 7 2478 2479 2480 2481 2482 2483 2484 2485 
23 2486 2487 2488 2489 2490 2491 2492 2493 2494 7 2495 2496 2497 2498 2499 2500 2501 2502 2503 2504 2505 2506 2507 
23 2508 2509 2510 2511 2512 2513 2514 2515 2516 7 2243 2517 2518 2519 2520 2521 2522 2523 2524 2525 2526 2527 2528 
20 2529 2530 2531 2532 2533 2534 2535 2536 7 2537 2538 2539 2540 2541 2542 2543 2544 2545 2546 2547 
17 2548 2549 2550 2551 2552 7 2553 2554 2555 2556 2557 2558 1536 2559 2560 2561 2562 
14 2563 2564 7 2565 2566 2567 2568 2569 2570 2571 2572 2573 2574 2575 
28 2576 2577 2578 2579 2580 2581 2582 2583 2584 2585 2586 2587 2588 7 2589 2590 2591 2592 2593 2594 2595 2596 2597 2598 2599 2600 2601 2602 
20 1335 2603 2604 7 2605 2606 2607 2608 2609 2610 2611 2612 2613 2614 2615 2616 2617 2618 2619 2620 
20 2621 2622 2623 2624 2625 7 2626 2627 2628 2629 2630 2631 2632 2633 2634 2635 2636 2637 2638 2639 
16 2640 2641 2642 2643 2644 7 2645 2646 2647 2648 2649 2650 2651 2652 2653 2654 
13 2655 2656 2657 2658 2659 2660 2661 2662 2663 2664 2665 7 2666 
24 2667 2668 2669 2670 2671 2672 2673 305 2674 2675 7 2676 2677 2678 2679 2680 2681 2682 2683 2684 2685 2686 2687 1060 
13 2688 2689 2690 7 2691 2692 2346 2693 2694 2695 2696 2697 2698 
17 2699 2700 2701 2702 2703 2704 2705 7 2706 2707 2708 2709 2710 2711 2712 2713 2714 
18 2715 2716 2717 2718 2719 2720 2721 2722 2723 2724 7 2725 2726 2727 2728 2729 2730 2731 
22 2732 2733 2734 2735 2736 2737 2738 2739 2740 2741 2742 7 2743 2099 481 2744 2745 2746 2747 2748 2749 2750 
23 2751 2752 2753 2754 2755 2756 2757 2758 2759 2760 7 2761 2762 2763 2764 2765 2766 2767 2768 2769 2770 2771 2772 
19 2773 2774 2775 2776 2777 2778 2779 7 2780 2781 2782 2783 2784 2785 2786 2787 2788 2789 2790 
15 2791 2792 2793 2794 2795 2796 7 2797 2798 2799 2800 2801 2802 2803 2804 
25 2805 2806 2807 2808 2809 2810 2811 2812 2813 2814 8 2815 2816 2817 2818 2819 2820 2821 2822 2823 2824 2825 1198 2826 2827 
18 2828 2829 2830 2831 2832 2833 2834 642 2835 8 2836 2837 2838 2839 2840 2841 2842 2843 
28 2844 2845 2846 2847 2848 2849 2850 2851 2852 2853 2854 2855 2856 2857 2858 8 2859 2860 2861 2862 2863 2864 2865 2866 2867 2868 2869 2870 
27 2871 2872 2873 2874 2875 2876 2877 2878 2879 2880 2881 2882 2883 2884 8 2885 2886 2887 2888 2889 2890 2891 2892 2893 2894 2895 2896 
13 2897 2898 2899 8 2900 2901 2902 2903 2904 2905 2906 2907 2908 
22 2909 2910 2911 2912 2913 2914 2915 8 2916 2917 2918 2919 2920 2921 2922 2923 2924 2925 2926 2927 2928 2929 
22 2930 2931 2932 2933 2934 2935 2936 2937 2938 2939 8 2940 2941 2942 2943 2944 2945 2946 2947 2948 2949 2950 
13 2951 2952 2953 2954 8 2955 2956 2957 2958 2959 2960 2961 192 
24 2962 2963 2964 2965 2966 2967 2968 2969 8 2970 2971 2972 2973 2974 2975 2976 2977 2978 2979 2980 2981 2982 2983 2984 
16 2985 2986 2987 2988 2989 2990 2991 8 2992 2993 2994 2995 2996 2997 2998 2999 
26 3000 3001 3002 3003 3004 607 3005 8 3006 3007 3008 3009 3010 3011 3012 3013 3014 3015 3016 3017 3018 3019 3020 3021 3022 3023 
15 3024 3025 3026 3027 3028 3029 8 3030 3031 3032 3033 3034 3035 3036 3037 
25 3038 3039 3040 3041 3042 3043 3044 8 3045 3046 3047 3048 3049 3050 3051 3052 3053 3054 3055 3056 3057 3058 3059 3060 3061 
12 3062 3063 3064 3065 8 3066 3067 3068 3069 3070 3071 3072 
19 3073 3074 3075 3076 472 3077 3078 3079 3080 3081 3082 3083 218 8 3084 3085 3086 3087 3088 
16 3089 3090 3091 3092 3093 3094 3095 3096 3097 3098 3099 3100 3101 8 3102 3103 
19 3104 3105 3106 3107 3108 3109 3110 3111 3112 8 3113 3114 3115 3116 3117 3118 3119 773 3120 
23 3121 3122 3123 3124 3125 3126 3127 3128 3129 3130 3131 3132 3133 3134 9 3135 3136 3137 3138 3139 3140 3141 3142 
18 3143 3144 3145 3146 3147 3148 3149 3150 3151 9 3152 3153 3154 3155 1514 3156 3157 3158 
14 3159 3160 3161 3162 3163 3164 3165 3166 3167 9 3168 3169 3170 3171 
22 3172 3173 3174 3175 3176 3177 3178 3179 3180 3181 9 3182 3183 3184 3185 3186 3187 3188 3189 3190 3191 3192 
24 3193 3194 3195 3196 3197 3198 3199 3200 3201 3202 3203 3204 3205 9 3206 3207 3208 3209 3210 3211 3212 3213 3214 3215 
18 3216 3217 3218 3219 3220 3221 3222 3223 3224 9 3225 3226 3227 3228 3229 3230 3231 3232 
22 3233 1503 3234 3235 3236 3237 3238 9 3239 3240 3241 3242 3243 3244 3245 3246 3247 3248 3249 3250 3251 3252 
16 3253 3254 3255 3256 1190 3257 3258 9 3259 480 3260 3261 3262 3263 3264 3265 
21 3266 3267 3268 3269 3129 3270 3271 3272 3273 9 3274 3275 3276 3277 3278 3279 3280 3281 3282 3283 3284 
24 3285 3286 3287 3288 3289 3290 3291 3292 3293 3294 3295 3296 3297 3298 3299 3300 3301 9 3302 3303 3304 3305 3306 3307 
19 3308 3309 3310 3311 3312 3313 3314 3315 9 3316 3317 3318 3319 3320 3321 3322 3323 3324 3325 
17 3326 3327 3328 3329 3330 3331 9 3332 387 3333 3334 3335 3336 3337 3338 3339 3340 
16 3341 3342 3343 3344 3345 3346 3347 3348 9 3349 3350 3351 3352 3353 3354 3355 
19 2833 3356 3357 3358 3359 3360 3361 3362 3363 3364 3365 3366 9 3367 3368 3369 3370 3371 3372 
23 3373 3374 3375 3376 3377 3378 3379 3380 3381 3382 3383 3384 3385 3386 9 3387 3388 2045 3389 3390 3391 3392 3393 
20 3394 3395 3396 3397 3398 3399 3400 3401 3402 3403 3404 3405 3406 3407 3408 9 3409 3410 3411 3412 
15 3413 3414 3415 3416 3417 3418 3419 3420 9 3421 3422 3423 3424 3425 3426 
18 3427 884 3428 3429 3430 3431 3432 3433 3434 3435 3436 9 3437 3438 3439 3440 3441 3442 
15 3443 3444 3445 3446 3447 3448 3449 3450 3451 3452 9 3453 3454 3455 3456 
20 3457 3458 3459 3460 3461 3462 3463 10 3464 3465 3466 3467 3468 3469 3470 3471 3472 3473 3474 3475 
16 3476 3477 3478 3479 3480 3481 3482 10 3483 3484 3485 3486 3487 3488 3489 3490 
22 3491 3492 972 3493 3494 3495 3496 3497 3498 3499 10 3500 3501 3502 3503 3504 3505 3506 3507 3508 3509 3510 
16 3511 3512 3513 3514 3515 3516 3517 3518 3519 3520 10 3521 2921 3522 3523 3524 
25 3525 3526 3527 3528 3529 3530 3531 3532 3533 3534 3535 3536 10 3537 3538 3539 3540 3541 3542 3543 3544 3545 3546 3547 3548 
20 3549 3550 3551 3552 3553 3554 3555 3556 3557 3558 3559 3560 10 3561 3562 3563 250 3564 3565 3566 
26 3567 3568 3569 3570 3571 3572 3573 3574 3575 3576 10 3577 3578 3579 3580 3581 3582 3583 3584 3585 3586 3587 3588 3589 3590 3591 
16 3592 3593 3594 3595 3596 3597 3598 3599 3600 3601 3602 10 3603 3604 2558 3605 
20 3606 3607 3608 3609 3610 3611 3612 3613 3614 3615 10 3616 3617 3618 3619 1832 3620 3621 3622 3623 
19 3624 3625 3626 3627 3628 3629 3630 10 3631 3632 3633 3634 3635 3636 3637 3638 3639 3640 3641 
15 3642 3643 3644 3645 3646 3647 3648 3649 3650 10 3651 3652 3653 2349 3654 
19 3655 3656 3657 3658 3659 3660 3661 3662 445 152 3663 3664 10 3665 3666 3667 3668 3669 3670 
13 3671 3672 3673 3674 3675 3676 3677 11 3678 3679 3680 3681 3682 
19 3683 3684 3685 3686 3687 3630 3688 3689 3690 3691 11 3692 3693 3694 3695 3696 3697 3698 3699 
23 3700 3701 3702 3703 3704 3705 3706 3707 3708 3709 3710 3711 3712 308 3713 3714 3715 3716 11 3717 3718 3719 3720 
23 3721 3722 3723 3724 3725 3726 3727 3728 984 3729 3730 3731 3732 3733 3734 11 3735 3736 3737 3738 1125 3739 3740 
15 3741 3742 3743 3744 3745 3746 3747 3748 3749 3750 3751 3752 11 3753 3754 
16 3755 3756 3757 3758 3759 3760 760 3761 3762 3763 11 3764 3765 3766 3767 3768 
26 3769 3770 3771 3772 3773 3149 3774 3775 3776 3777 3778 3779 3780 3781 11 3782 3783 3784 3785 3786 3787 3788 3789 3790 3791 3792 
17 3793 3794 3795 3796 3797 3798 3799 3800 3801 3802 1531 3803 11 3804 3805 3806 3807 
27 3808 3809 3810 1569 3811 3812 3813 3814 3815 3816 3817 3818 3819 3820 3821 3822 11 3823 3824 3825 3826 3827 3828 3829 3830 3831 3832 
23 3833 3834 3835 3836 3837 3838 3839 3840 3841 3842 3843 3844 3845 3846 846 3847 11 3848 3849 3850 3851 3852 3853 
17 3854 3855 3856 3857 3858 3859 3860 3861 3862 3863 11 3864 3865 3866 3867 3868 3869 
17 3870 3871 3872 3873 3874 3875 3876 3877 3878 11 3879 3880 3881 3882 3883 3884 3885 
26 3886 3887 3888 3889 3890 3891 3892 3893 3894 3895 3896 3897 3898 3899 3900 3901 11 3902 3903 3904 3905 3906 3907 3908 3909 3910 
19 3911 3912 3913 3914 2454 3915 3916 3917 3918 3919 3920 3921 3922 3923 11 3924 3925 3926 3927 
27 3928 3929 3930 3931 3932 3933 3934 3935 3936 3937 3938 3939 3940 3941 3942 3943 3944 11 3945 3946 3947 3948 3949 3950 3951 3952 3953 
26 3954 3955 3956 3957 3958 3959 3960 3961 3962 3963 3964 3965 3966 3967 3968 3969 3970 11 3971 3972 3973 3974 3975 367 3976 3977 
13 3978 3979 3980 3981 3982 3983 3984 11 3985 3986 3987 3988 3989 
25 3990 3991 3992 3993 3994 3995 3996 3997 3998 3999 3404 4000 4001 4002 4003 4004 4005 4006 12 4007 4008 3882 4009 4010 4011 
20 4012 4013 4014 903 4015 4016 4017 4018 4019 4020 12 4021 4022 4023 4024 4025 4026 4027 4028 4029 
18 4030 4031 4032 4033 4034 4035 4036 4037 4038 12 4039 4040 4041 4042 4043 4044 4045 4046 
24 4047 4048 4049 4050 4051 4052 4053 4054 4055 4056 4057 4058 12 4059 4060 4061 4062 4063 4064 4065 4066 4067 4068 4069 
18 4070 4071 4072 4073 4074 4075 4076 4077 4078 4079 4080 4081 12 4082 4083 4084 4085 4086 
18 4087 4088 4089 4090 4091 4092 4093 4094 4095 4096 4097 12 4098 4099 4100 4101 4102 4103 
23 4104 4105 4106 4107 4108 4109 4110 4111 4112 4113 4114 4115 4116 1231 4117 4118 4119 4120 12 4121 4122 4123 4124 
21 4125 4126 4127 4128 4129 4130 4131 4132 4133 4134 4135 4136 4137 4138 12 4139 4140 4141 4142 4143 4144 
19 4145 4146 4147 4148 4149 4150 4151 4152 4153 4154 4155 12 4156 4157 159 4158 3522 4159 4160 
24 4161 4162 4163 4164 4165 4166 4167 4168 4169 4170 4171 4172 4173 4174 4175 4176 12 4177 4178 4179 4180 4181 4182 4183 
23 4184 4185 4186 4187 4188 4189 4190 4191 4192 4193 4194 4195 4196 4197 4198 4199 4200 12 4201 4202 4203 3853 4204 
29 4205 4206 4207 4208 4209 4210 4211 4212 4213 4214 4215 4216 4217 4218 4219 4220 4221 4222 4223 4224 4225 4226 4227 12 4228 4229 4230 4231 4232 
15 4233 4234 4235 4236 4237 4238 4239 4240 4241 4242 4243 4244 12 4245 4246 
12 4247 4248 4249 4250 4251 12 4252 4253 4254 4255 4256 4257 
14 4258 4259 4260 4261 4262 4263 4264 4265 4266 4267 4268 12 4269 4270 
25 4271 4272 4273 4274 4275 4072 4276 4277 4278 4279 4280 4281 4282 4283 4284 4285 4286 4287 4288 4289 4290 12 4291 4292 4293 
20 4294 4295 4296 4297 4298 4299 4300 4301 4302 4303 4304 4305 4306 12 4307 4308 4309 4310 4311 4312 
21 4313 4314 4315 4316 4317 4318 4319 4320 4321 4322 12 4323 4324 4325 870 4326 4327 4328 4329 4330 4331 
22 4332 4333 4334 4335 4336 4337 4338 4339 4340 4341 4342 4343 4344 4345 4346 12 4347 4348 4349 4350 4351 4352 
24 4353 4354 4355 4356 4357 4358 4359 4360 4361 4362 4363 4364 4365 4366 12 2522 4367 4368 4369 4370 4371 4372 4373 4374 
28 3286 4375 1436 4376 4377 4378 4379 4380 4381 4382 4361 4383 4384 4385 4386 4387 4388 12 4389 4390 4391 4392 4393 4394 4395 4396 4397 4398 
21 4399 4400 4401 4402 4403 4404 4405 4406 4407 4408 4409 4410 4411 4412 13 4413 4414 4415 4416 4417 4418 
25 4419 4420 4421 4422 4423 4424 4425 4284 4426 4427 4428 4429 4430 4431 4432 4433 4434 13 4435 4436 4437 4438 4439 4440 4441 
21 4442 4443 4444 4445 4446 4447 4448 4449 4450 4451 4452 4453 4454 4455 551 13 4456 4457 4458 4459 4460 
22 4461 4462 4463 4464 4465 3963 4466 4467 4468 4469 4470 4471 4472 4473 4474 4475 4476 13 4477 4478 4479 4480 
19 4481 4482 4483 4484 4485 4486 4487 4488 4489 4490 4491 4492 4493 13 4494 4495 4496 4497 3412 
17 4498 4499 4500 4501 4502 4503 4504 4505 4506 4507 13 4508 4509 4510 4511 4512 4513 
21 4514 4515 4516 4517 4518 4519 4520 4521 4522 4523 4524 4525 4526 13 4527 4528 4529 4530 4531 4532 4533 
24 4534 4535 4536 2114 4537 4538 4539 4540 4541 4542 4543 4544 4545 4546 13 3693 4547 4548 4549 4550 4551 4552 4553 4554 
21 4555 4556 4557 4558 4559 4560 4561 4562 4563 4564 4565 13 4566 4022 4567 4568 4569 4570 4571 4572 4573 
17 4574 4575 4576 4577 4578 4579 4580 4581 13 4582 4583 4584 4585 4586 4587 4588 4589 
25 4590 4591 4592 4593 4594 4595 1591 4596 4597 4598 4599 4600 4601 4602 4603 4604 4605 4606 13 4607 4608 4609 4610 4611 4612 
27 4613 4614 4615 4616 4617 4618 4619 4620 4621 4622 4623 4624 13 4625 4626 4627 4628 4629 4630 4631 4632 4633 4634 4635 4636 4637 4638 
22 4639 4640 4641 4642 4643 4644 4645 4646 4647 4648 4649 4650 4651 4652 4653 4654 13 4655 4656 4657 4658 4659 
16 4660 4661 4662 4663 4664 4665 4666 13 4667 4668 4669 4670 4671 4672 4673 4674 
18 4675 4676 4677 4678 4679 2585 4680 4681 4682 4683 4684 4685 4686 13 4687 4688 4689 4690 
17 4691 4692 4693 4694 4695 4696 4697 4698 4699 4700 4701 13 4702 2146 4703 4704 4705 
29 4706 4707 4708 4709 3656 4710 4711 4712 4713 4714 4715 4716 4717 4718 4719 4720 4721 4722 4723 4724 4725 4726 13 4727 4728 4729 4730 4731 4732 
16 4733 4734 4735 4736 4737 4738 4739 4740 4741 1379 4742 4743 13 4744 4745 4746 
23 4747 4481 4748 4749 4750 4751 4752 1185 4753 1131 4754 4755 4756 4757 4758 4759 13 4760 4761 4762 4763 4764 4765 
20 4766 4767 4768 4769 4770 4771 4772 4773 4774 4775 4776 186 4777 13 4778 4779 4780 4781 4782 4783 
19 4784 4785 4786 4787 4788 3846 4789 4790 13 4791 4792 4793 4794 4795 4796 1644 4797 4798 4799 
17 4800 4801 4802 4803 4804 4805 4806 4807 4808 4809 4810 4811 13 4812 4813 4814 4815 
14 4816 4817 4818 4819 4820 4821 4822 4823 4824 14 769 3951 4825 4826 
16 4827 4828 4829 4830 4831 4832 4833 4834 4835 4836 4837 14 4838 4839 4840 4841 
18 4842 4843 4844 4845 4846 4847 4848 4849 3677 484 4850 4851 4852 4853 14 4854 4855 4856 
24 4857 4858 4859 4860 4861 4862 4863 3893 4864 4865 4866 4867 4868 4869 4870 4871 4872 4493 4873 14 4874 4875 4876 4877 
21 4878 4879 4880 4881 4882 4883 4884 4885 4886 4887 4888 4889 4890 4891 4892 14 4893 4894 4895 4896 4897 
4 4898 4899 4900 14 
2 2667 14 
1 14 
1 14 
2 14 1686 
3 2428 3463 14 
1 14 
5 3630 1423 1219 14 2500 
2 2757 14 
1 14 
3 933 14 638 
2 14 966 
1 14 
2 4846 14 
1 14 
2 1900 14 
2 1874 14 
3 2205 14 4437 
2 1983 15 
1 15 
3 1491 15 4183 
3 2555 4367 15 
2 4507 15 
3 589 2244 15 
1 15 
1 15 
1 15 
1 15 
1 15 
3 2420 15 4496 
2 3052 15 
5 2879 1418 1297 15 4391 
3 806 1739 15 
2 560 15 
1 15 
3 4749 15 2824 
3 3955 4226 15 
1 16 
1 16 
3 3083 16 2391 
2 1768 16 
3 3658 606 16 
1 16 
1 16 
1 16 
2 1101 16 
2 4525 16 
3 137 849 16 
2 3963 16 
2 4721 16 
6 195 989 1845 4200 2924 16 
3 2754 3877 16 
1 16 
1 16 
2 375 16 
4 4239 4849 2571 16 
1 16 
3 3944 3907 16 
1 16 
1 16 
2 1765 17 
1 17 
2 2960 17 
3 1002 2783 17 
2 4368 17 
1 17 
4 1168 965 17 575 
2 1771 17 
2 2522 17 
3 1568 1559 17 
1 17 
2 2250 17 
3 3943 2615 17 
3 2854 2864 17 
2 3879 17 
3 3421 18 4352 
2 1844 18 
1 18 
2 761 18 
2 4384 18 
2 4890 18 
1 18 
2 4888 18 
2 4104 18 
1 18 
2 4009 18 
4 2659 3260 3581 18 
2 3630 18 
5 3342 4680 3786 3605 18 
1 18 
1 18 
3 3815 2311 18 
2 2847 18 
2 707 18 
5 1035 1473 2457 1553 18 
2 1836 19 
1 19 
1 19 
1 19 
1 19 
3 3110 1510 19 
1 19 
1 19 
1 19 
2 4709 19 
2 2026 19 
2 2985 19 
3 3266 2010 19 
2 2723 19 
3 2171 208 19 
1 19 
1 20 
1 20 
4 3516 3132 1606 20 
3 1431 978 20 
2 940 20 
3 2189 874 20 
3 815 312 20 
1 20 
3 2212 20 1520 
2 20 2620 
2 4102 20 
1 20 
2 4407 20 
2 2101 20 
2 982 20 
2 1222 20 
2 3918 20 
2 1815 20 
3 2227 173 20 
2 3775 20 
2 1903 20 
2 771 20 
1 20 
1 20 
3 1829 704 20 
1 20 
1 21 
2 1315 21 
1 21 
2 438 21 
4 906 1545 4288 21 
1 21 
2 4417 21 
3 4223 4195 21 
1 21 
1 21 
3 2115 2173 21 
2 2771 21 
4 2739 629 742 21 
1 21 
1 21 
3 3286 1893 21 
1 21 
3 2791 3365 21 
3 1608 3258 21 
1 21 
1 21 
3 22 3460 548 
1 22 
2 22 3606 
2 22 2373 
3 22 1884 4044 
2 22 3260 
1 22 
1 22 
2 22 931 
2 22 3430 
2 22 2541 
1 22 
1 22 
3 22 816 639 
3 22 2855 2312 
1 22 
4 22 1589 4849 1410 
2 22 1887 
1 22 
3 22 1940 938 
3 22 3595 2253 
2 23 3983 
2 23 398 
2 23 1438 
1 23 
1 23 
1 23 
1 23 
2 23 1794 
3 23 3446 192 
1 23 
3 23 4198 2461 
2 23 4684 
3 23 4279 488 
3 23 2581 2594 
1 23 
3 23 2535 1844 
2 23 1727 
1 23 
2 23 1038 
2 23 2131 
1 24 
1 24 
2 24 1131 
2 24 4113 
3 24 2623 1963 
3 3959 24 2381 
2 3593 24 
4 1082 24 1386 2575 
1 24 
2 24 4779 
2 24 693 
1 24 
4 24 1879 2367 580 
2 1731 24 
3 4070 3595 25 
4 25 1157 2889 159 
1 25 
4 25 1572 1289 3565 
2 25 884 
1 25 
2 4294 25 
1 25 
2 25 3243 
3 2291 25 169 
6 4209 25 1930 2386 141 4856 
1 25 
3 25 2214 2995 
4 4591 255 25 1259 
3 3990 25 3214 
1 25 
2 25 2857 
2 25 449 
2 25 680 
1 25 
1 25 
2 25 1763 
3 25 1218 4371 
2 25 2739 
1 26 
1 26 
1 26 
2 26 1882 
5 1691 26 2083 1794 3682 
1 26 
1 26 
1 26 
1 26 
1 26 
2 26 629 
2 26 1647 
3 26 4559 1507 
1 26 
1 26 
2 26 2272 
1 26 
2 26 2001 
1 26 
3 26 4719 2682 
2 659 26 
1 27 
2 27 4141 
4 27 3403 4228 1923 
5 1975 1286 27 3183 96 
4 2754 1188 27 4758 
2 4859 27 
1 27 
1 27 
1 27 
3 27 629 1409 
1 27 
2 3377 27 
1 27 
2 27 1315 
2 808 27 
1 27 
1 27 
1 27 
1 27 
3 4110 27 3697 
2 27 3711 
2 27 2541 
1 27 
2 4075 27 
1 28 
2 28 2546 
1 28 
1 28 
1 28 
2 3288 28 
2 3042 28 
1 28 
2 416 28 
3 28 1658 657 
1 28 
3 233 28 3791 
2 28 4080 
1 28 
3 4399 28 2100 
1 28 
3 28 4450 4349 
2 1975 28 
1 29 
2 3024 29 
3 29 4020 291 
3 604 29 4395 
1 29 
2 29 3189 
1 29 
2 4467 29 
2 29 1196 
2 29 1726 
2 3443 29 
1 29 
2 29 3763 
1 29 
2 808 29 
1 29 
2 1188 29 
3 29 324 4350 
2 30 3302 
3 2930 1741 30 
2 30 666 
1 30 
3 30 704 469 
1 30 
1 30 
4 31 1218 3248 4689 
2 2489 31 
4 31 798 770 3120 
1 31 
3 66 31 4701 
2 31 2649 
2 281 31 
1 31 
1 31 
3 2338 3998 31 
3 4737 3480 31 
2 3920 31 
2 31 1406 
3 31 610 2425 
2 1269 31 
5 2644 31 1134 667 2007 
2 1286 31 
2 2416 32 
2 1474 32 
6 4055 32 2177 3464 2685 2424 
1 32 
3 561 32 2698 
4 4088 4710 32 2637 
4 299 3196 32 1095 
5 3075 32 155 3849 4010 
1 32 
3 3394 32 2353 
3 32 74 596 
2 32 2401 
1 32 
2 32 3158 
2 56 32 
5 32 4605 2691 4666 1536 
1 32 
2 32 4479 
3 2755 1717 32 
2 32 822 
2 3329 32 
2 1374 33 
2 3814 33 
3 1739 1635 33 
3 3955 33 4391 
2 33 742 
1 33 
1 33 
3 4162 33 4325 
6 525 505 3939 33 407 2231 
2 3911 33 
3 3608 33 1516 
3 1692 2359 33 
1 33 
3 33 1009 2787 
2 1864 33 
2 33 1050 
1 33 
3 33 268 1838 
2 33 429 
1 34 
1 34 
4 3624 4802 146 34 
1 34 
2 1980 34 
2 1311 34 
2 3928 34 
3 3102 34 2961 
2 3614 34 
2 34 3584 
1 34 
1 34 
1 34 
4 2909 1877 34 4792 
2 1614 34 
1 34 
2 34 2313 
2 549 34 
1 35 
3 2986 35 515 
2 35 1219 
1 35 
2 35 1641 
1 35 
1 35 
1 35 
4 2548 578 862 35 
2 35 598 
1 35 
2 35 747 
4 2170 3345 3800 35 
2 35 4777 
3 1271 2122 35 
2 35 3410 
2 36 2269 
2 36 4568 
2 3960 36 
1 36 
1 36 
1 36 
4 4842 36 2821 489 
2 36 4323 
2 36 2825 
2 4382 36 
2 36 1838 
1 36 
1 36 
3 3396 4742 36 
3 3813 36 4244 
1 37 
2 37 2106 
1 37 
3 1805 37 4374 
2 37 467 
1 37 
2 37 1707 
3 37 3848 2438 
2 1246 37 
2 2111 37 
2 955 37 
1 37 
1 37 
1 37 
2 3888 37 
3 37 580 393 
2 37 3506 
1 37 
3 37 1646 351 
1 37 
3 4242 37 3056 
1 37 
2 37 2193 
1 38 
3 4540 2016 38 
1 38 
3 927 38 4703 
2 38 3698 
1 38 
2 3459 38 
4 4093 4835 888 38 
2 38 1534 
1 38 
1 38 
1 38 
2 1204 38 
3 38 1837 1951 
1 38 
1 38 
3 1638 38 4308 
2 38 2409 
1 38 
1 38 
3 3606 38 1673 
3 1528 1965 38 
2 39 3548 
1 39 
3 3686 4717 39 
2 4235 39 
1 39 
1 39 
1 39 
1 39 
3 625 407 39 
1 39 
2 39 3952 
2 39 4026 
2 4769 39 
2 669 39 
4 4195 4852 40 1946 
4 3491 4835 40 1058 
1 40 
1 40 
4 3630 1601 40 4329 
3 3427 40 1483 
2 836 40 
1 40 
3 1684 2186 40 
4 1651 4060 40 4085 
2 2035 40 
2 4766 40 
4 3492 198 4545 40 
4 3160 336 976 40 
2 1958 40 
2 40 4142 
2 2025 40 
3 3686 2436 40 
1 40 
1 40 
1 40 
3 253 1789 40 
2 585 40 
2 390 40 
2 4574 40 
3 4184 40 161 
2 40 3056 
4 4843 2025 1013 40 
3 1930 40 4840 
1 40 
2 2615 41 
3 1570 3866 41 
1 41 
2 3963 41 
4 1956 4437 41 4690 
3 4364 3805 41 
2 3064 41 
1 41 
2 41 1353 
1 41 
2 53 41 
1 41 
3 3978 2853 41 
2 3919 42 
2 4717 42 
2 1098 42 
3 3047 869 42 
1 42 
2 1671 42 
1 42 
3 585 2689 42 
1 42 
2 1070 42 
1 42 
1 42 
4 4442 4873 2949 42 
2 1574 42 
1 43 
2 290 43 
1 43 
4 1714 530 572 43 
1 43 
1 43 
1 43 
1 43 
1 43 
2 61 43 
3 2985 375 43 
2 429 43 
3 1468 3562 43 
3 1926 1019 43 
1 43 
2 43 1182 
1 43 
4 4556 2112 43 619 
2 4070 43 
3 98 43 922 
3 2099 4329 43 
2 2966 43 
3 3043 1501 43 
1 43 
2 1436 43 
3 4886 2607 43 
1 43 
2 43 4232 
3 4718 875 43 
4 2937 4190 3168 43 
1 43 
3 754 4244 44 
2 2728 44 
2 1871 44 
4 3160 4338 44 4160 
2 2819 44 
4 4221 3281 44 922 
2 2939 44 
2 2503 44 
1 44 
1 44 
2 202 44 
2 2511 44 
2 3350 44 
5 4360 2202 2672 305 44 
1 44 
1 44 
3 2834 2622 44 
1 44 
2 4810 44 
3 1619 3018 45 
3 4537 2181 45 
1 45 
2 3301 45 
1 45 
2 3774 45 
2 3863 45 
3 666 3827 45 
3 2283 1833 45 
1 45 
2 3290 45 
1 45 
1 45 
2 4060 45 
2 794 45 
2 227 45 
1 45 
2 1585 45 
2 2370 45 
2 374 45 
2 833 45 
2 4768 45 
2 2962 45 
1 45 
2 46 4087 
2 46 2369 
1 46 
2 46 3608 
1 46 
3 46 475 179 
2 46 1253 
1 46 
2 46 4277 
3 46 719 2084 
2 46 2388 
2 46 4877 
1 46 
1 46 
2 46 1618 
3 46 3455 1411 
1 46 
3 46 4400 2318 
2 46 1416 
1 46 
1 47 
3 47 3167 4637 
1 47 
1 47 
4 47 211 1131 3301 
1 47 
3 47 1307 1271 
2 47 399 
1 47 
3 47 1511 1236 
3 47 2291 3094 
2 47 4048 
3 47 2331 3853 
2 47 1388 
1 47 
2 47 2194 
3 4827 47 3469 
1 47 
1 47 
2 47 3058 
2 47 1652 
3 47 2229 4183 
1 47 
5 47 841 824 3486 2843 
1 47 
3 3122 48 1835 
4 48 1228 1842 4154 
1 48 
4 48 4148 715 1142 
1 48 
3 2579 48 1175 
1 48 
4 48 424 4585 2146 
2 48 4051 
2 48 268 
1 48 
2 48 4248 
2 48 4891 
1 48 
4 1285 48 3761 435 
1 48 
4 48 373 1276 2449 
3 4334 48 1623 
1 48 
2 48 1914 
3 4515 2753 48 
2 48 4227 
2 48 4468 
1 48 
2 4677 49 
2 1323 49 
1 49 
2 49 4379 
2 49 2006 
2 49 2121 
1 49 
2 49 699 
2 49 4255 
1 49 
1 49 
1 49 
2 49 3909 
1 49 
4 4518 49 2768 3768 
1 49 
1 49 
2 49 324 
3 49 269 4009 
1 49 
1 50 
3 50 2622 2628 
2 3644 50 
3 1286 50 3300 
3 50 3419 183 
2 50 3966 
1 50 
2 50 3533 
3 50 761 1214 
3 1487 50 4831 
2 372 50 
1 50 
1 50 
1 50 
2 50 383 
2 50 3243 
2 50 196 
1 50 
2 50 4848 
3 50 1193 1386 
3 50 4699 3103 
4 3076 50 4771 308 
2 2488 50 
1 50 
2 2873 50 
1 50 
2 2549 51 
2 51 4386 
1 51 
1 51 
2 2879 51 
1 51 
1 51 
2 51 2273 
3 51 321 3923 
3 51 2365 3766 
1 51 
1 51 
1 51 
2 51 2313 
2 51 4005 
3 51 1822 634 
1 51 
1 51 
1 51 
3 51 3473 775 
1 51 
1 51 
1 51 
1 52 
2 52 1893 
2 52 818 
2 2453 52 
2 52 2122 
1 52 
2 52 3365 
1 52 
2 1302 52 
1 52 
1 52 
3 52 2185 3973 
2 52 3260 
1 52 
2 52 3480 
1 52 
3 1188 52 2696 
3 52 4780 3337 
2 53 352 
1 53 
1 53 
2 53 455 
1 53 
1 53 
1 53 
1 53 
1 53 
2 53 1909 
2 53 1889 
2 53 2003 
1 53 
1 53 
2 53 4172 
2 53 636 
3 53 2914 2939 
2 53 2600 
1 53 
3 1085 53 4754 
2 53 4257 
1 53 
4 3091 53 2081 4586 
2 749 53 
1 53 
2 53 137 
3 4883 53 3694 
1 54 
1 54 
2 54 4371 
1 54 
1 54 
2 3706 54 
1 54 
2 54 4798 
2 54 800 
2 54 3312 
3 4032 54 4737 
2 1503 54 
1 54 
1 54 
1 54 
1 54 
2 4354 54 
4 3757 54 1271 4846 
1 54 
3 1786 55 1645 
2 55 464 
3 1742 55 3431 
1 55 
3 55 2331 1054 
2 55 1220 
1 55 
3 3726 55 3188 
1 55 
1 55 
2 2115 55 
1 55 
1 55 
1 55 
3 606 55 4509 
2 55 2950 
2 4465 55 
2 793 55 
1 55 
2 55 2478 
2 303 55 
2 2110 55 
2 3379 55 
1 55 
2 56 2023 
1 56 
2 2167 56 
1 56 
1 56 
2 56 3878 
1 56 
2 56 4554 
2 56 3665 
1 56 
1 56 
1 56 
2 3993 56 
1 56 
1 56 
3 56 2157 2401 
1 56 
1 56 
5 2657 4537 56 4063 2767 
1 56 
3 196 2322 56 
2 56 2326 
2 56 3387 
1 57 
5 3811 2813 57 4841 2546 
1 57 
5 1543 903 459 57 249 
1 57 
1 57 
3 57 598 4657 
2 1583 57 
2 57 4814 
4 1247 4867 57 1773 
2 57 4195 
1 57 
2 57 3787 
2 57 2427 
2 927 57 
2 2071 57 
2 57 1411 
2 3429 57 
1 57 
3 58 3320 2272 
1 58 
2 58 1689 
2 1189 58 
3 58 2496 2842 
2 1633 58 
1 58 
2 1267 58 
2 3860 58 
2 58 4697 
2 472 58 
2 3482 58 
1 58 
1 58 
2 58 1887 
2 4801 58 
3 1357 58 3036 
1 58 
2 3149 58 
2 58 4156 
2 2679 58 
3 1187 324 59 
2 1290 59 
2 83 59 
4 1937 59 4794 4762 
2 59 3010 
2 2852 59 
2 59 4493 
4 929 3239 2886 59 
1 59 
2 2262 59 
3 2580 2723 59 
1 59 
2 59 2908 
3 3845 59 4009 
3 820 59 2994 
3 59 1988 4732 
2 60 3589 
3 2974 60 249 
1 60 
3 1168 60 3453 
5 2224 520 60 1033 574 
3 1150 60 4007 
3 4377 169 60 
1 60 
2 1744 60 
4 987 60 4269 1539 
1 60 
2 1974 60 
2 566 60 
1 60 
2 145 60 
1 60 
2 2515 61 
1 61 
1 61 
2 4493 61 
4 2913 3819 724 61 
2 2171 61 
4 4285 3782 61 1502 
2 61 4705 
2 1454 61 
2 4154 61 
1 61 
1 61 
1 61 
1 61 
3 976 61 3070 
2 4846 61 
4 1315 4685 61 2572 
2 61 2894 
3 583 61 493 
4 660 4218 265 61 
3 1086 61 1625 
1 61 
2 384 61 
2 3430 61 
2 62 2029 
1 62 
1 62 
2 2361 62 
5 925 2267 4494 62 2870 
1 62 
2 62 4069 
3 216 62 3884 
3 4557 62 2980 
2 2011 62 
2 62 3232 
1 62 
2 908 62 
2 3109 62 
1 62 
2 1755 62 
4 1664 2031 2127 62 
3 3515 62 3926 
1 62 
1 62 
2 62 4029 
1 62 
4 697 2418 1895 63 
3 1876 1137 63 
1 63 
1 63 
1 63 
1 63 
3 3879 2163 63 
3 885 2613 63 
3 2533 63 3832 
1 63 
2 3430 63 
2 4154 63 
4 4236 4446 1866 63 
2 484 63 
2 4653 63 
2 3844 63 
1 63 
1 63 
2 1917 64 
1 64 
1 64 
2 1154 64 
2 2647 64 
3 3041 597 64 
3 2873 1687 64 
5 905 2329 1079 64 672 
3 3814 4202 64 
3 1905 4867 64 
1 64 
3 4233 1977 64 
4 4034 3882 940 64 
3 4079 3976 64 
1 64 
3 2118 64 3546 
1 64 
2 4649 64 
2 3305 64 
1 64 
3 2752 65 3821 
6 65 3956 2657 3408 938 1898 
5 65 519 971 3322 599 
2 65 1773 
3 65 2223 2010 
4 65 474 2564 3151 
2 65 1169 
1 65 
1 65 
2 65 4526 
2 65 1887 
1 65 
2 65 4678 
3 65 3152 289 
2 65 2859 
2 65 1715 
1 65 
3 65 2118 2519 
2 66 1025 
2 3160 66 
2 66 2036 
2 66 3137 
3 66 3735 1625 
3 66 4537 905 
1 66 
1 66 
1 66 
3 66 645 2999 
1 66 
3 66 3093 1728 
1 66 
5 396 66 3707 529 1216 
1 66 
1 66 
3 66 2263 3690 
1 66 
1 66 
2 66 4041 
1 67 
2 949 67 
1 67 
3 1357 67 2915 
2 67 1868 
4 67 2117 2919 3211 
2 67 77 
2 1526 67 
1 67 
4 67 3858 1342 3716 
3 67 3245 4138 
1 67 
1 67 
3 68 1763 133 
2 1802 68 
3 68 1938 2686 
1 68 
3 3105 68 4850 
1 68 
1 68 
2 68 1331 
1 68 
2 68 2764 
3 68 2675 2100 
2 68 2024 
2 68 4069 
1 68 
2 68 3182 
1 68 
2 68 4299 
1 68 
4 68 786 3713 2498 
2 68 3782 
2 1732 69 
2 69 4191 
4 1325 69 1163 4182 
1 69 
1 69 
1 69 
2 4485 69 
2 69 3762 
2 69 3965 
1 69 
2 69 1442 
3 2578 69 3275 
3 69 1864 2893 
2 69 2216 
1 69 
2 69 4251 
4 69 3198 2650 3215 
1 69 
2 70 2860 
2 621 70 
1 70 
3 70 3557 4781 
2 70 2332 
1 70 
2 70 248 
1 70 
2 3491 70 
1 70 
1 70 
1 70 
2 70 4283 
4 70 987 464 1919 
1 70 
3 3929 70 912 
1 70 
2 70 1924 
1 71 
1 71 
2 71 2025 
2 71 3749 
2 71 1489 
1 71 
3 71 2675 4441 
1 71 
3 71 4775 3051 
2 71 1935 
2 2988 71 
1 71 
2 3107 71 
1 71 
1 71 
2 71 595 
2 71 1480 
1 71 
2 71 525 
4 71 2325 1424 432 
5 4882 71 3197 1144 894 
1 71 
2 71 1675 
3 4276 72 3019 
1 72 
2 72 897 
1 72 
2 72 289 
1 72 
4 3607 2299 72 4650 
2 72 3692 
3 72 3228 4630 
2 72 265 
2 72 1410 
1 72 
1 72 
4 2232 4262 72 4250 
2 72 4532 
2 2072 72 
3 72 2241 2312 
3 372 73 3790 
1 73 
1 73 
2 3777 73 
1 73 
3 73 829 230 
1 73 
2 439 73 
1 73 
2 3795 73 
2 4537 73 
2 73 1365 
1 73 
1 73 
2 3630 73 
1 74 
1 74 
2 74 4199 
1 74 
2 74 3140 
2 3363 74 
1 74 
1 74 
2 1208 74 
2 3148 74 
2 4096 74 
1 74 
4 4447 74 4545 2148 
2 74 3784 
2 2119 74 
2 74 1520 
4 2237 1791 74 2309 
2 74 4159 
3 74 4385 3119 
3 3961 1697 74 
1 74 
2 4753 75 
2 817 75 
3 75 1478 4588 
1 75 
2 75 2789 
2 1902 75 
2 75 352 
2 601 75 
1 75 
3 3706 75 3020 
2 4829 75 
3 1469 75 1480 
1 75 
3 75 1407 1478 
1 75 
2 4755 75 
3 753 2098 75 
1 75 
4 4801 75 3801 3754 
1 76 
2 977 76 
3 3210 1969 76 
2 1395 76 
1 76 
3 278 4694 76 
1 76 
2 2214 76 
2 1988 76 
4 3935 2374 1641 76 
2 76 3768 
2 4465 76 
2 1678 76 
3 1639 76 4024 
2 3401 76 
2 76 827 
2 1206 76 
4 168 1073 2893 77 
1 77 
1 77 
3 4168 3416 77 
2 507 77 
1 77 
3 2052 2060 77 
4 358 2860 2367 77 
3 908 4083 77 
4 2299 4864 4564 77 
1 77 
4 163 4819 77 3252 
2 2344 77 
2 631 77 
2 3771 77 
2 3743 77 
1 77 
4 377 1620 1461 77 
1 77 
1 78 
1 78 
2 2850 78 
1 78 
3 1329 78 3591 
3 1695 3386 78 
5 1531 3119 78 3473 733 
1 78 
1 78 
3 1528 200 78 
1 78 
1 78 
2 720 78 
1 78 
3 130 615 78 
3 3747 2568 78 
2 4890 78 
2 1193 78 
3 79 3172 4152 
1 79 
1 79 
2 79 1131 
1 79 
2 79 399 
1 79 
1 79 
1 79 
1 79 
3 79 3688 3180 
2 79 4644 
2 79 4609 
3 79 1918 352 
1 79 
3 79 3999 3620 
1 79 
1 79 
1 79 
3 79 4861 327 
4 79 3406 1844 3067 
2 79 3068 
1 79 
1 79 
2 79 115 
2 79 119 
2 80 1833 
1 80 
2 80 327 
2 80 201 
2 779 80 
1 80 
2 474 80 
1 80 
3 80 1606 804 
1 80 
2 4032 80 
3 80 2488 4583 
2 80 2032 
3 4753 80 2118 
2 2530 80 
2 80 4761 
2 80 1622 
4 81 1135 3472 4374 
1 81 
2 81 872 
2 81 4396 
2 81 4188 
1 81 
3 81 4646 432 
1 81 
2 81 241 
1 81 
3 81 1930 3663 
1 81 
2 81 4454 
3 4899 81 2032 
2 81 3907 
1 81 
2 81 3736 
2 2987 81 
3 752 81 1760 
1 81 
1 81 
1 81 
2 81 2868 
3 371 81 1574 
1 82 
3 82 3303 413 
1 82 
1 82 
1 82 
1 82 
1 82 
3 82 3780 654 
1 82 
2 82 2404 
3 82 3348 2250 
3 82 2665 893 
3 855 82 3401 
3 82 4264 1520 
1 82 
2 82 1582 
3 82 4861 941 
1 82 
4 1306 82 2184 1220 
3 4882 82 3709 
3 2670 83 4743 
3 83 1701 2023 
2 83 2015 
2 83 4391 
1 83 
3 83 3751 1719 
2 83 1152 
1 83 
3 623 1712 83 
1 83 
1 83 
3 83 728 2804 
2 83 1499 
1 83 
3 83 662 1495 
2 83 4863 
2 83 3307 
2 83 251 
3 1081 83 3031 
2 83 707 
3 83 506 1688 
2 83 2131 
1 84 
1 84 
4 3492 757 84 2565 
3 84 1984 919 
3 84 3381 3037 
2 2052 84 
2 84 1775 
4 4748 84 3096 3765 
1 84 
2 84 549 
1 84 
4 2223 84 4056 93 
1 84 
1 84 
1 85 
4 2659 85 3477 1240 
2 3074 85 
1 85 
2 4613 85 
2 4420 85 
1 85 
4 85 3762 2819 2654 
3 85 796 4513 
1 85 
3 4145 85 732 
1 85 
3 85 1850 1413 
2 85 3067 
1 85 
2 86 1498 
3 3122 4564 86 
3 2489 86 2271 
1 86 
2 2751 86 
2 2873 86 
2 756 86 
1 86 
3 3964 86 262 
2 1270 86 
2 86 1647 
2 1149 86 
1 86 
2 499 87 
5 4127 3549 2814 87 632 
2 2493 87 
2 87 4369 
3 1527 2474 87 
1 87 
2 87 1465 
1 87 
1 87 
1 87 
4 1628 1840 4719 87 
1 87 
2 2052 87 
2 87 1897 
1 87 
2 87 4810 
2 695 87 
2 2276 87 
1 88 
2 88 3783 
1 88 
2 1635 88 
3 2472 3891 88 
2 808 88 
2 88 1299 
2 88 2180 
4 4646 88 618 3641 
2 88 4512 
2 1632 88 
2 3661 88 
1 88 
2 3315 88 
1 88 
1 88 
2 88 3372 
4 1790 2079 567 88 
2 88 453 
3 1313 88 4897 
1 89 
1 89 
2 89 470 
2 1355 89 
2 3990 89 
1 89 
1 89 
2 3606 89 
2 2585 89 
1 89 
4 623 90 3864 290 
1 90 
3 577 4317 90 
3 1083 90 3950 
1 90 
3 3000 1192 90 
2 3793 90 
2 4117 90 
4 2372 90 3986 2149 
2 90 2711 
2 4833 90 
1 90 
1 90 
1 90 
1 90 
1 90 
2 90 1239 
2 1823 90 
1 91 
2 3644 91 
1 91 
3 3592 91 1601 
3 3840 2034 91 
1 91 
5 1335 4210 91 3850 492 
2 91 4550 
2 318 91 
2 2621 91 
1 91 
3 298 3480 91 
1 91 
1 91 
4 91 325 2040 1987 
2 91 3667 
3 1287 1137 91 
2 91 2842 
2 1655 91 
1 91 
1 91 
2 3449 91 
1 91 
1 91 
2 2932 91 
2 91 4460 
1 91 
1 91 
1 92 
4 3395 1081 2110 92 
1 92 
1 92 
2 92 769 
3 4151 92 1726 
2 92 1462 
2 2277 92 
1 92 
3 499 444 92 
1 92 
2 2510 92 
1 92 
3 92 3281 4531 
4 3659 2662 92 4895 
2 2021 92 
1 92 
3 1336 4683 93 
1 93 
1 93 
4 692 2034 4681 93 
2 93 3115 
1 93 
1 93 
2 2276 93 
1 93 
4 3894 2973 93 3583 
2 3149 93 
3 93 4396 3355 
2 2085 93 
2 386 93 
1 93 
1 93 
1 94 
2 94 4255 
3 94 2142 4310 
1 94 
3 1009 94 3587 
3 4284 94 1756 
1 94 
1 94 
3 2373 2020 94 
2 2779 94 
1 94 
3 3100 94 393 
2 3900 94 
2 1981 94 
2 94 189 
5 1566 2032 4602 863 94 
2 3816 94 
3 924 94 4326 
5 353 2656 2032 3774 94 
4 3715 94 725 4630 
3 94 684 638 
1 95 
4 4210 1701 4686 95 
3 2719 95 2383 
4 925 4078 95 3988 
3 2567 95 2462 
6 334 3448 452 95 1560 2710 
2 308 95 
2 95 3831 
2 95 2996 
1 95 
3 1931 3713 95 
3 95 3455 1675 
1 95 
1 95 
1 95 
2 1974 95 
1 96 
3 101 105 96 
1 96 
2 2805 96 
1 96 
1 96 
2 1968 96 
2 4557 96 
3 2535 2942 96 
4 2014 1367 635 96 
2 4252 96 
2 1258 96 
2 2351 96 
3 4591 1326 96 
2 96 4418 
1 96 
3 838 4476 96 
2 2976 96 
2 4538 97 
2 97 274 
1 97 
3 1247 4549 97 
3 4484 653 97 
2 3273 97 
2 97 469 
1 97 
3 4317 3604 97 
4 498 4190 97 4533 
1 97 
4 420 2213 97 3583 
1 97 
1 97 
4 1294 1161 433 97 
1 97 
2 1045 97 
1 97 
2 3527 97 
1 97 
3 1018 410 97 
2 3870 97 
2 1246 97 
1 97 
3 2074 97 1704 
2 1285 97 
2 3630 97 
2 273 98 
2 4720 98 
3 1472 4506 98 
3 4820 389 98 
1 98 
2 1273 98 
1 98 
2 2858 98 
2 4040 98 
2 1044 98 
1 98 
1 98 
1 98 
2 2433 98 
2 98 943 
3 3999 3560 98 
1 98 
3 1264 2378 98 
2 1553 98 
3 1386 2308 98 
2 4370 98 
2 98 3827 
1 98 
2 518 98 
2 98 1390 
1 99 
2 818 99 
2 4339 99 
2 110 99 
2 3409 99 
4 1593 481 99 776 
3 1849 2147 99 
2 3493 99 
1 99 
1 99 
3 4574 1400 99 
3 3438 4157 99 
3 3608 1171 99 
2 1337 99 
2 99 2505 
2 99 435 
1 99 
1 99 
3 4332 3187 99 
1 99 
1 99 
2 748 99 
2 2574 99 
1 99 
3 2141 3187 99 
1 99 
3 1957 725 99 
1 99 
2 99 4656 
1 100 
1 100 
2 782 100 
2 100 1951 
2 762 100 
2 4700 100 
2 4471 100 
1 100 
2 4794 100 
3 461 2365 100 
1 100 
2 100 733 
1 100 
1 100 
3 1861 2081 100 
7 4419 4088 1488 4576 4226 3138 100 
1 100 
1 100 
1 100 
1 100 
4 101 2063 1195 1854 
3 101 519 557 
2 101 3767 
4 101 2623 3258 1275 
1 101 
1 101 
3 101 644 3599 
3 101 4421 1831 
2 4816 101 
2 276 101 
2 101 1652 
2 101 2454 
2 101 2643 
2 101 1771 
3 101 1494 1183 
2 101 2490 
1 101 
3 101 3568 4893 
2 101 4264 
1 102 
2 102 3518 
1 102 
1 102 
1 102 
4 102 1999 3011 2219 
2 102 1998 
1 102 
4 102 3397 3009 512 
1 102 
4 102 1046 3622 4330 
1 102 
3 102 2538 2698 
4 952 102 3494 3689 
2 102 598 
2 102 3318 
1 102 
4 102 1288 2585 365 
3 103 3896 1233 
2 2234 103 
1 103 
2 103 1864 
2 1629 103 
3 713 103 3615 
3 103 4039 4669 
2 103 2705 
1 103 
2 103 1826 
2 103 1800 
1 103 
4 1628 1105 103 3519 
5 103 3570 4716 3421 1346 
5 1393 103 3876 764 775 
3 103 3330 363 
1 103 
1 103 
3 1224 103 4448 
1 104 
2 104 1240 
5 104 1596 1578 1833 1836 
2 104 4560 
4 104 1761 1805 2416 
2 104 758 
3 1304 104 2127 
3 104 3562 2445 
4 2369 104 2158 2615 
1 104 
3 104 2084 1771 
2 104 4698 
1 104 
2 104 3185 
3 104 3532 2920 
2 104 176 
1 104 
3 3077 105 2994 
3 105 3648 3083 
1 105 
1 105 
1 105 
4 105 1509 1654 1703 
2 105 2468 
3 105 4579 2711 
2 105 4025 
2 105 2614 
1 105 
1 105 
1 105 
2 105 1509 
1 105 
3 105 3258 3469 
2 1974 105 
4 4615 2774 105 3950 
1 105 
1 105 
1 106 
1 106 
2 106 2306 
1 106 
3 106 4244 1143 
2 106 1429 
1 106 
2 106 1897 
2 106 2961 
1 106 
2 4126 106 
1 106 
2 106 1726 
1 106 
4 106 4776 1968 1057 
1 106 
3 499 106 3115 
3 106 888 2040 
4 4298 106 3903 1814 
1 106 
3 4089 106 4063 
2 106 4550 
2 106 4408 
1 107 
1 107 
1 107 
1 107 
1 107 
2 107 4875 
1 107 
3 2828 3889 107 
3 107 110 1483 
3 107 825 141 
3 107 1345 554 
4 4211 107 382 2484 
2 107 3332 
2 4807 107 
2 107 2944 
1 107 
2 690 107 
2 107 3454 
1 107 
1 108 
3 1786 108 1102 
3 2278 108 698 
3 108 822 3484 
3 4404 4343 108 
2 238 108 
3 1091 108 405 
1 108 
3 108 1327 3863 
4 108 1579 1279 1301 
2 108 1460 
2 2155 108 
2 953 108 
4 1021 108 3250 672 
1 108 
1 108 
4 108 2743 2611 2502 
2 2202 108 
4 108 2036 3500 1240 
1 108 
1 108 
1 108 
5 108 3908 456 4270 1648 
1 108 
2 108 4838 
1 109 
2 109 2568 
4 109 3500 3753 4373 
1 109 
2 109 4245 
1 109 
2 4383 109 
3 109 2712 1949 
3 1820 3481 109 
2 109 3574 
1 109 
2 109 2440 
3 931 109 246 
2 1931 109 
2 1458 109 
2 1747 109 
1 110 
3 4424 2300 110 
1 110 
2 4096 110 
3 4237 110 4670 
2 2120 110 
2 3121 110 
2 110 1120 
2 110 2038 
1 110 
3 2431 4694 110 
2 2532 110 
1 110 
3 1252 110 3017 
2 110 3578 
1 110 
2 110 2405 
2 1107 111 
3 4271 2673 111 
1 111 
2 111 670 
3 1205 111 367 
1 111 
2 111 405 
1 111 
1 111 
2 3222 111 
2 602 111 
1 111 
1 111 
2 1716 111 
2 856 111 
1 111 
3 2228 111 4854 
3 3178 111 1625 
4 2640 111 1028 3023 
3 2808 756 111 
1 111 
3 4615 111 2600 
3 374 111 2571 
2 2243 111 
2 111 3505 
1 111 
3 111 2923 711 
2 111 914 
1 112 
1 112 
2 112 3566 
2 4193 112 
2 4363 112 
2 3404 112 
1 112 
4 2587 112 849 2126 
1 112 
2 112 3411 
5 3049 112 2441 2996 275 
2 4581 112 
1 112 
3 4677 124 112 
1 112 
3 4126 3520 112 
1 112 
3 2514 377 112 
2 1884 112 
5 2641 1493 483 112 4230 
3 4260 4131 112 
3 3254 1368 112 
2 2474 112 
1 112 
2 1998 112 
1 112 
3 2372 113 4583 
1 113 
3 1288 113 1660 
2 1188 113 
2 3735 113 
1 113 
4 4109 3166 387 113 
3 2183 113 2351 
2 113 920 
2 3220 113 
3 629 113 4183 
3 114 1427 3768 
3 2434 3168 114 
2 2012 114 
1 114 
2 4527 114 
2 1462 114 
3 2306 114 4745 
1 114 
2 114 3055 
4 4150 114 1430 2257 
1 114 
3 128 114 2190 
3 281 114 2424 
2 114 3830 
2 4014 114 
1 114 
2 3168 114 
1 114 
3 1617 114 329 
3 3614 4873 114 
3 3173 114 2927 
2 114 436 
1 114 
1 114 
2 2532 114 
2 2241 114 
1 114 
2 2898 114 
1 115 
1 115 
2 1177 115 
2 1318 115 
1 115 
1 115 
1 115 
2 1228 115 
1 115 
3 674 4796 115 
1 115 
2 1680 115 
4 1147 115 2332 510 
3 1001 4227 115 
1 115 
2 4005 115 
3 1809 116 1708 
3 1792 116 4657 
3 2111 3763 116 
1 116 
2 2916 116 
1 116 
1 116 
2 863 116 
1 116 
1 116 
1 116 
1 116 
5 2793 4648 116 4045 4011 
3 3658 3693 116 
2 2718 117 
3 909 480 117 
1 117 
1 117 
1 117 
3 3415 3237 117 
2 3332 117 
2 4625 117 
3 4818 4139 117 
3 1420 1512 117 
2 2151 117 
2 117 4028 
3 2655 3660 117 
1 117 
2 4095 117 
1 117 
3 2069 2238 117 
1 117 
3 3174 1919 117 
3 3985 1462 117 
1 117 
3 3472 117 349 
4 430 3010 1430 117 
3 1007 117 656 
1 117 
1 117 
2 4865 118 
1 118 
2 118 896 
3 4223 4892 118 
2 4660 118 
1 118 
4 3076 4888 1125 118 
1 118 
1 118 
2 1410 118 
3 4271 118 1126 
1 118 
3 3154 2443 118 
3 1271 3882 118 
1 118 
3 1085 911 118 
3 1377 2272 118 
1 118 
1 118 
2 119 3667 
3 119 2398 4023 
1 119 
2 119 592 
2 119 3671 
1 119 
2 119 4596 
1 119 
4 119 3608 3447 4896 
2 119 1515 
1 119 
3 119 3362 138 
1 119 
2 119 2773 
3 119 4035 191 
2 119 3420 
3 119 2228 1867 
1 119 
3 2805 119 609 
2 4048 120 
1 120 
3 120 3904 3069 
2 120 4078 
1 120 
4 120 632 4760 4554 
2 120 3164 
2 120 1227 
2 120 3435 
1 120 
1 120 
3 120 1963 1003 
1 120 
6 120 3520 1510 3067 3616 469 
1 120 
4 880 121 2038 4137 
2 121 873 
2 121 3465 
5 2221 121 1747 4433 3470 
4 419 121 1826 3304 
2 121 1495 
2 4899 121 
1 121 
1 121 
2 121 1917 
1 121 
2 121 3029 
3 2529 121 462 
1 121 
3 121 3724 1841 
2 121 3548 
2 4785 121 
3 121 481 3072 
1 121 
2 121 889 
1 121 
1 121 
3 121 297 4415 
1 122 
1 122 
2 122 2913 
1 122 
2 122 2643 
1 122 
2 2336 122 
1 122 
1 122 
4 122 3482 611 1120 
3 4786 2773 122 
2 122 4602 
2 122 1616 
2 122 2166 
2 122 3206 
1 122 
1 122 
2 122 729 
2 122 4254 
2 122 3054 
2 123 4409 
2 123 4679 
1 123 
2 123 4686 
3 600 123 2034 
1 123 
2 1246 123 
2 123 2572 
2 123 287 
1 123 
1 123 
2 2657 123 
3 602 123 2244 
2 123 596 
1 123 
2 123 1141 
4 124 3778 263 4764 
1 124 
1 124 
2 124 2160 
2 124 3166 
2 124 1913 
3 2233 124 2510 
1 124 
2 124 765 
2 124 2481 
2 124 696 
1 124 
2 124 2145 
3 124 3434 2205 
4 124 3536 3007 2747 
2 124 2328 
1 124 
2 124 2037 
2 124 4170 
1 124 
1 124 
3 124 3576 940 
2 3979 125 
3 3310 3175 125 
1 125 
2 125 1020 
4 125 3932 1985 206 
2 125 3559 
2 125 4726 
2 125 352 
2 125 3361 
2 4354 125 
1 125 
3 125 447 4583 
3 125 1843 4430 
2 125 3571 
1 125 
1 125 
2 125 2920 
2 125 2862 
4 2053 125 3470 2997 
1 126 
1 126 
1 126 
2 1713 126 
2 126 2914 
3 1695 126 2217 
1 126 
1 126 
1 126 
2 126 1100 
1 126 
3 126 3109 3363 
2 126 2437 
1 126 
1 126 
2 126 2101 
1 126 
2 127 3614 
1 127 
5 3625 4154 127 1577 990 
3 584 1680 127 
3 127 3620 1989 
1 127 
1 127 
3 1693 127 4252 
1 127 
3 127 4821 2517 
3 4317 1151 127 
1 127 
2 127 1353 
3 127 4122 2697 
3 3596 127 265 
2 127 3640 
3 4248 127 2125 
2 127 843 
1 127 
2 127 1939 
1 127 
1 127 
2 3959 128 
1 128 
3 128 2434 1796 
2 128 847 
3 4087 128 4140 
1 128 
2 128 2212 
2 1200 128 
2 128 4325 
2 128 2495 
3 2670 2658 128 
4 3131 128 1301 3475 
1 128 
1 128 
3 128 326 229 
1 128 
2 128 3849 
1 128 
1 128 
1 128 
2 3268 128 
3 129 2381 4856 
2 129 1580 
1 129 
3 129 2161 2256 
2 129 1254 
1 129 
4 1863 129 3200 452 
1 129 
1 129 
2 129 2005 
1 129 
2 129 3134 
3 426 129 537 
2 129 3367 
1 129 
1 129 
1 129 
3 541 1129 129 
3 4313 129 4508 
2 130 666 
2 994 130 
2 3431 130 
2 130 3564 
1 130 
1 130 
1 130 
2 279 130 
3 3234 130 2686 
2 130 2673 
3 3164 130 188 
1 130 
2 130 4409 
2 130 3390 
2 4111 130 
1 131 
2 1289 131 
2 1651 131 
1 131 
3 131 1843 2684 
3 2135 131 1537 
2 3097 131 
1 131 
3 131 313 2189 
4 3776 131 2419 1216 
2 131 3102 
2 131 1947 
2 131 464 
2 132 3698 
1 132 
2 132 1366 
2 929 132 
3 2877 132 1178 
2 132 450 
2 132 3086 
2 3346 132 
2 132 2890 
4 132 245 1737 2010 
1 132 
3 2202 132 3271 
2 132 4428 
1 132 
1 132 
2 4149 132 
1 132 
1 132 
2 132 450 
1 132 
2 132 3900 
1 132 
1 132 
1 132 
3 132 1052 2188 
1 132 
2 3374 132 
1 133 
1 133 
2 133 4368 
1 133 
2 133 830 
2 3128 133 
1 133 
2 133 4364 
2 133 2125 
1 133 
2 1253 133 
2 2056 133 
4 778 133 2038 330 
1 133 
1 133 
1 133 
2 133 4452 
3 378 4648 133 
2 1766 134 
4 969 134 3156 852 
5 1977 4717 461 134 4226 
1 134 
1 134 
2 3606 134 
4 4642 3408 134 2686 
2 969 134 
1 134 
1 134 
1 134 
1 134 
1 134 
1 134 
1 134 
1 134 
2 605 134 
1 134 
1 134 
2 135 2185 
2 135 2214 
1 135 
3 2396 135 1986 
2 135 598 
1 135 
1 135 
3 1268 3101 135 
1 135 
2 588 135 
3 2705 135 1371 
3 4577 135 2959 
1 135 
1 135 
3 2665 135 1670 
2 2302 136 
2 136 1836 
4 1285 136 2423 1123 
2 2518 136 
3 1664 344 136 
1 136 
2 2846 136 
3 3520 136 1799 
1 136 
1 136 
4 1618 136 3249 2654 
1 136 
3 3217 259 137 
2 137 3973 
1 137 
3 1627 2518 137 
1 137 
2 137 849 
3 2168 137 2557 
1 137 
4 1397 3724 1345 137 
2 3494 137 
1 137 
2 3644 137 
2 137 1167 
1 137 
2 4726 137 
3 137 4121 514 
2 3200 137 
2 2567 137 
2 602 137 
6 1337 3147 4250 2627 2556 137 
4 3577 4120 137 3827 
2 138 4308 
2 798 138 
2 3127 138 
2 138 615 
1 138 
2 4808 138 
2 4425 138 
1 138 
3 3114 138 1033 
2 138 2499 
4 604 138 2005 3563 
3 2815 3030 139 
1 139 
1 139 
1 139 
1 139 
2 4709 139 
4 4146 2018 2650 139 
2 3152 139 
1 139 
1 139 
5 4297 3837 4701 139 4045 
2 1844 139 
3 2054 1748 139 
2 2141 139 
2 4501 139 
1 139 
1 140 
2 3800 140 
1 140 
3 2290 3501 140 
4 1841 3050 2944 140 
1 140 
1 140 
1 140 
3 1178 140 366 
1 140 
1 140 
1 140 
1 140 
3 837 140 4588 
1 140 
1 140 
1 140 
1 141 
1 141 
1 141 
1 141 
1 141 
1 141 
1 141 
6 4061 407 3472 141 3544 494 
1 141 
1 141 
1 141 
2 2125 141 
2 141 4416 
1 141 
3 3326 3196 141 
4 4829 2991 2442 141 
1 141 
1 141 
2 3871 141 
2 1682 142 
2 1284 142 
2 944 142 
4 4642 520 309 142 
3 4731 142 618 
3 3876 4240 142 
2 266 142 
1 142 
1 142 
1 142 
2 2838 142 
1 142 
1 142 
3 1344 3465 142 
1 142 
1 142 
5 4401 3802 1123 142 2842 
2 962 142 
2 142 4329 
1 142 
3 406 142 4182 
1 142 
4 2402 2348 143 3305 
2 2064 143 
1 143 
1 143 
1 143 
2 4550 143 
2 1827 143 
1 143 
1 143 
1 143 
3 3222 321 143 
2 4739 143 
1 143 
2 143 3441 
2 634 143 
1 143 
3 1471 143 4513 
1 143 
3 3181 412 144 
1 144 
2 2288 144 
2 3503 144 
3 4535 3460 144 
1 144 
1 144 
1 144 
1 144 
4 3984 4080 4139 144 
1 144 
4 4137 4022 4510 144 
2 4010 144 
2 1638 144 
3 145 1858 2353 
1 145 
2 145 3783 
2 145 2186 
1 145 
3 145 4712 3355 
1 145 
1 145 
2 145 1129 
3 145 1692 4608 
2 145 2699 
2 145 3568 
3 145 2873 3898 
2 145 4054 
3 145 840 1670 
1 145 
2 145 680 
1 145 
2 145 4063 
2 145 293 
2 145 682 
2 145 3541 
1 145 
2 146 2097 
1 146 
1 146 
1 146 
1 146 
4 146 3416 3227 175 
3 146 852 4799 
3 146 4830 4073 
1 146 
1 146 
2 146 2761 
2 146 2979 
1 146 
1 146 
5 146 1151 1774 4245 2767 
2 146 922 
1 147 
1 147 
3 4845 147 2661 
2 147 350 
3 4462 4693 147 
2 147 3801 
2 1524 147 
1 147 
2 147 1173 
4 4817 147 4202 790 
2 147 331 
3 147 430 3192 
1 147 
3 147 487 2924 
2 147 1907 
2 147 1298 
3 1373 147 1510 
2 4422 147 
2 147 2467 
2 147 4172 
2 147 331 
2 4031 147 
1 147 
2 147 3697 
2 147 1605 
1 147 
2 147 1228 
2 3775 148 
1 148 
5 148 1270 1683 2817 992 
1 148 
2 148 3563 
2 148 4890 
5 4275 2580 148 3067 4654 
1 148 
4 998 148 4368 289 
1 148 
2 4165 148 
2 3683 148 
1 148 
1 148 
1 148 
2 148 1175 
3 4090 148 3754 
1 148 
3 472 3993 148 
2 148 2584 
1 148 
1 148 
3 1503 148 1367 
2 148 1217 
2 148 3720 
2 148 3828 
1 149 
2 149 2259 
1 149 
1 149 
2 149 3213 
2 3330 149 
2 149 3583 
1 149 
1 149 
2 149 4699 
2 149 3314 
3 149 1180 4436 
3 3961 150 653 
1 150 
1 150 
2 150 4867 
3 2394 1204 150 
4 2473 150 1051 3303 
3 1325 150 4160 
2 2280 150 
2 150 3566 
2 150 3664 
2 150 1327 
3 150 2044 2466 
4 3995 4772 150 184 
1 150 
2 150 2193 
3 150 2857 308 
1 150 
3 4861 150 3452 
2 150 2252 
1 150 
1 150 
2 577 151 
1 151 
2 151 1781 
2 151 3635 
1 151 
3 3721 151 4139 
2 3296 151 
2 151 834 
1 151 
3 842 151 1051 
1 151 
2 151 4196 
2 1863 151 
2 3063 151 
3 2719 151 2104 
1 151 
1 151 
1 151 
2 3399 151 
2 151 803 
4 3328 151 4697 1096 
1 152 
1 152 
1 152 
1 152 
1 152 
1 152 
3 3857 3497 152 
2 152 3976 
2 152 2651 
2 320 152 
3 2075 152 647 
2 153 877 
1 153 
1 153 
1 153 
3 3511 153 826 
1 153 
1 153 
1 153 
1 153 
1 153 
2 153 3666 
2 153 1811 
2 1185 153 
1 153 
2 153 1872 
1 153 
2 153 4455 
2 153 2839 
2 153 1232 
1 153 
1 153 
1 153 
1 153 
4 815 364 154 4527 
2 659 154 
3 3526 154 1600 
2 1401 154 
1 154 
2 3491 154 
3 154 2747 3036 
2 4096 154 
1 154 
4 2047 3380 154 1182 
2 154 483 
4 2205 154 1847 4764 
2 154 2468 
1 154 
2 1311 154 
4 3964 1744 155 3265 
2 155 3975 
2 3725 155 
1 155 
1 155 
2 155 4415 
1 155 
3 4340 155 2442 
2 3076 155 
2 155 2001 
3 1172 155 2312 
2 1998 155 
2 3130 155 
1 155 
2 155 3562 
1 155 
1 155 
3 155 4137 2163 
2 855 155 
2 1414 155 
3 3554 1476 155 
1 155 
1 155 
2 155 2185 
2 559 156 
1 156 
1 156 
2 3650 156 
1 156 
2 2380 156 
2 2699 156 
3 4613 156 1645 
1 156 
3 3607 3919 156 
3 4536 156 4066 
1 156 
4 3100 2991 156 1163 
3 1653 156 4305 
1 157 
1 157 
1 157 
3 4752 1269 157 
2 546 157 
2 157 827 
1 157 
1 157 
1 157 
2 794 157 
1 157 
3 2205 157 3057 
2 2719 157 
2 1399 157 
2 157 288 
1 157 
2 157 2411 
2 2240 157 
3 157 709 774 
2 3049 157 
3 3095 157 918 
1 157 
2 3756 157 
2 4360 157 
1 158 
4 2943 3866 158 4764 
2 784 158 
2 4035 158 
1 158 
5 2877 1560 2367 158 1676 
3 1561 4744 158 
2 2356 158 
3 1214 3906 158 
2 3675 158 
2 2386 158 
1 159 
2 1665 159 
2 607 159 
4 2322 989 3008 159 
2 2047 159 
1 159 
1 159 
1 159 
1 159 
2 3933 159 
3 2048 297 159 
1 159 
1 159 
2 2582 159 
1 159 
1 159 
2 3408 160 
2 4134 160 
2 1057 160 
3 3825 160 4571 
2 1313 160 
2 909 160 
2 3058 160 
3 4205 1656 160 
2 2569 160 
2 3995 160 
1 160 
3 1829 160 3036 
2 2647 160 
4 3812 647 2573 160 
2 988 160 
1 161 
2 1339 161 
1 161 
2 1403 161 
1 161 
3 2480 1237 161 
2 358 161 
2 4588 161 
1 161 
1 161 
2 2696 161 
3 1806 2083 161 
1 161 
1 161 
1 161 
3 1528 1464 161 
2 585 161 
3 162 2156 4589 
4 924 162 3916 1679 
1 162 
1 162 
2 162 4186 
1 162 
2 162 2690 
3 3856 162 2608 
2 162 170 
2 162 3012 
2 162 2519 
2 162 371 
2 162 4156 
3 162 2540 4255 
1 162 
2 162 4143 
3 162 1305 3776 
2 162 1969 
1 162 
2 162 1450 
1 162 
1 162 
1 163 
2 163 3294 
1 163 
2 3414 163 
3 163 4466 2686 
3 163 1455 3640 
7 163 3643 3292 199 1812 4494 1165 
1 163 
2 163 1289 
3 163 2706 1297 
1 163 
2 163 2328 
3 163 3644 4278 
3 163 2622 3222 
2 163 3589 
3 163 3576 613 
1 164 
5 1303 164 839 761 4451 
1 164 
1 164 
2 164 3910 
3 164 2360 2558 
1 164 
4 164 2432 2227 3467 
2 900 164 
4 2233 164 2248 834 
1 164 
2 3594 164 
1 164 
2 1540 165 
3 165 3269 2252 
2 165 2308 
2 2451 165 
3 165 3235 3588 
1 165 
2 165 2184 
1 165 
2 165 1550 
4 2791 165 4454 4507 
2 165 1349 
3 519 165 3728 
2 165 3509 
3 165 4868 2043 
1 165 
6 4355 165 4302 3277 1943 1949 
3 1088 165 3589 
2 563 165 
1 165 
1 165 
5 165 2855 3259 4195 4759 
1 166 
2 166 3426 
1 166 
3 166 606 2746 
2 166 1411 
3 166 4438 1371 
2 166 4005 
4 2535 166 3688 2683 
1 166 
3 3808 3872 166 
2 3810 166 
2 166 4316 
1 166 
2 166 2406 
1 166 
2 4748 166 
2 166 3383 
2 1488 166 
2 166 1327 
2 166 3224 
2 166 2901 
2 166 485 
2 166 1371 
1 167 
2 2667 167 
2 167 3307 
1 167 
2 167 2230 
1 167 
5 167 2176 2783 3718 3156 
1 167 
2 167 3212 
1 167 
1 167 
2 2833 167 
2 167 1422 
1 167 
1 167 
2 167 3821 
2 167 1234 
1 168 
2 168 2556 
2 3176 168 
1 168 
2 2295 168 
1 168 
2 168 1175 
1 168 
1 168 
1 168 
3 168 983 479 
1 168 
2 168 1332 
1 168 
1 168 
2 583 168 
3 168 2665 3791 
2 168 2122 
1 168 
3 168 3407 1514 
1 169 
2 169 2216 
1 169 
1 169 
1 169 
4 1977 169 2062 413 
2 169 3192 
4 421 169 344 1029 
1 169 
1 169 
2 169 3352 
3 169 3615 3411 
3 3000 169 3424 
2 170 365 
1 170 
2 170 2528 
2 3173 170 
2 3964 170 
2 170 2587 
2 170 4610 
2 1878 170 
1 170 
3 170 1366 4651 
1 170 
2 170 3187 
2 4470 170 
1 170 
1 170 
5 3416 841 170 1798 4795 
2 170 3879 
1 170 
2 170 4201 
1 171 
4 171 4654 410 230 
1 171 
2 545 171 
1 171 
2 171 865 
1 171 
2 3149 171 
2 171 4097 
2 3144 171 
3 171 4265 4897 
2 2936 171 
1 171 
1 171 
2 4222 171 
2 971 171 
3 858 903 171 
4 576 4618 171 4696 
3 1608 2914 171 
3 2373 171 4371 
3 2773 171 1282 
1 171 
3 3218 171 1643 
2 4073 172 
1 172 
2 2451 172 
1 172 
3 1071 172 3437 
1 172 
2 172 2907 
4 4147 172 1722 3509 
1 172 
1 172 
2 172 2008 
1 172 
2 1147 172 
1 172 
2 1286 172 
2 172 4004 
1 172 
2 4468 172 
2 173 2746 
1 173 
2 173 2950 
2 173 620 
3 2026 173 2902 
2 4756 173 
3 2296 2102 173 
1 173 
1 173 
2 173 3634 
1 173 
3 3935 173 1034 
2 173 4101 
1 173 
2 173 4228 
1 174 
2 174 346 
2 3484 174 
2 4432 174 
2 174 670 
2 2583 174 
1 174 
3 3642 1617 174 
1 174 
2 848 174 
2 174 4689 
2 174 3263 
1 174 
1 174 
3 2810 1813 174 
1 175 
2 4442 175 
1 175 
1 175 
1 175 
3 4751 2458 175 
2 2346 175 
5 1451 4648 2480 4743 175 
1 175 
3 1023 175 412 
1 175 
2 175 2542 
1 175 
1 175 
2 175 4324 
1 175 
2 175 1725 
3 3657 176 3425 
2 176 2602 
1 176 
1 176 
2 527 176 
1 176 
2 176 1103 
2 2994 176 
2 1653 176 
3 4286 176 3622 
2 3209 176 
1 176 
1 176 
2 1527 176 
2 176 1127 
1 176 
1 176 
3 4801 176 2561 
1 176 
1 176 
1 176 
2 609 177 
3 1786 3874 177 
3 177 687 3927 
2 2001 177 
1 177 
2 177 2948 
1 177 
3 1619 1500 177 
1 177 
2 518 177 
3 210 2200 177 
2 3602 177 
3 1560 3971 177 
2 177 3252 
4 3089 1285 2627 177 
2 1929 177 
2 177 673 
4 2204 4062 3264 177 
2 235 177 
1 178 
3 3146 3437 178 
2 2295 178 
6 2833 4092 1506 4437 3281 178 
1 178 
1 178 
3 972 3987 178 
2 2350 178 
4 333 2024 178 4396 
1 178 
1 178 
3 3959 178 3265 
3 3373 3492 178 
2 3194 178 
3 4072 753 179 
1 179 
3 1145 4631 179 
4 425 1256 1223 179 
4 1083 2550 4282 179 
1 179 
2 3936 179 
2 2441 179 
2 2362 179 
1 179 
3 3414 3312 179 
2 1936 179 
1 179 
1 179 
2 2786 179 
1 179 
2 568 180 
2 4234 180 
1 180 
2 445 180 
2 2343 180 
2 1844 180 
2 1778 180 
1 180 
1 180 
2 2926 180 
2 1187 180 
2 2107 180 
3 1850 894 180 
2 3706 180 
2 181 3807 
1 181 
2 181 718 
3 416 181 2795 
1 181 
1 181 
2 181 263 
2 602 181 
4 181 4129 2371 2764 
2 181 4452 
2 181 3166 
1 181 
3 181 915 2062 
3 181 2372 2468 
1 181 
4 1583 181 2739 2311 
3 181 1528 1013 
1 181 
2 181 2519 
1 182 
4 1664 182 3903 4352 
2 3811 182 
1 182 
4 182 1768 593 1031 
2 182 2142 
3 182 2401 1158 
1 182 
3 2112 3343 182 
1 182 
2 182 922 
1 182 
1 182 
2 3685 182 
1 182 
4 749 2990 1381 183 
5 1651 4337 760 183 3425 
2 1932 183 
3 2676 183 2006 
1 183 
1 183 
3 4660 183 2957 
1 183 
1 183 
3 2136 183 2127 
2 2718 183 
1 183 
2 2794 183 
1 183 
3 4646 183 2191 
2 183 705 
1 183 
1 183 
4 4166 3315 183 3184 
1 183 
3 3808 2966 184 
1 184 
2 184 4702 
3 184 4434 4588 
3 184 1241 4496 
2 371 184 
1 184 
4 1994 184 4389 3826 
2 184 2023 
4 2662 184 2210 2367 
2 3711 184 
2 218 184 
1 184 
1 184 
1 185 
2 2987 185 
2 185 1891 
1 185 
1 185 
1 185 
1 185 
4 185 3578 2044 3565 
2 975 185 
2 3675 185 
1 185 
2 185 2442 
2 3894 185 
3 185 3868 4312 
1 185 
1 185 
2 185 2826 
3 4802 185 3637 
1 185 
2 2739 185 
1 185 
2 185 1279 
1 185 
4 734 185 4199 2384 
2 1692 186 
1 186 
1 186 
2 4126 186 
2 4642 186 
2 186 3020 
1 186 
1 186 
2 1376 186 
1 186 
2 2455 186 
2 1915 186 
1 186 
4 817 2037 186 3014 
3 2875 186 2698 
2 2551 186 
4 474 3532 186 3976 
3 2197 186 2917 
1 187 
4 4445 187 2816 1991 
1 187 
3 4206 2024 187 
2 187 2463 
1 187 
2 4285 187 
2 187 2143 
1 187 
3 187 3158 2449 
2 187 2687 
3 3532 187 2164 
1 187 
1 187 
2 344 187 
1 187 
4 1811 1884 187 2903 
2 187 649 
1 187 
1 187 
2 1822 187 
2 3176 187 
4 1184 187 3188 3157 
1 187 
2 1526 187 
2 1760 188 
2 463 188 
2 3170 188 
3 471 188 436 
4 4051 188 2500 3736 
1 188 
1 188 
2 1980 188 
2 3660 188 
1 188 
4 3405 188 3987 4256 
2 3946 188 
2 1881 188 
2 188 346 
7 418 3871 2626 1736 4626 189 732 
3 1420 189 3033 
5 882 2343 631 1937 189 
1 189 
1 189 
2 4410 189 
3 4163 3758 189 
1 189 
5 2486 4248 648 189 2251 
3 2016 189 3264 
2 189 2367 
1 189 
1 189 
2 4432 189 
3 2490 1555 189 
1 189 
4 3838 3382 2003 189 
2 4294 189 
2 642 190 
2 2488 190 
1 190 
1 190 
1 190 
2 4146 190 
7 752 194 265 345 190 1899 1445 
1 190 
1 190 
1 190 
2 3335 190 
2 2933 190 
1 190 
4 4216 4864 3542 190 
2 3843 190 
1 190 
3 3148 2501 190 
2 1717 190 
2 3348 191 
3 3964 3149 191 
5 970 1758 2678 3155 191 
1 191 
1 191 
1 191 
2 2048 191 
1 191 
2 3027 191 
1 191 
1 191 
1 191 
2 4161 191 
1 192 
2 247 192 
3 3373 4846 192 
3 299 2289 192 
3 3839 1799 192 
3 3600 2302 192 
2 1720 192 
1 192 
2 1593 192 
2 2918 192 
2 1113 192 
2 2972 192 
3 2335 1772 192 
1 192 
1 192 
1 192 
2 193 2339 
2 193 4583 
1 193 
2 193 4779 
3 193 3534 3071 
1 193 
2 255 193 
1 193 
1 193 
1 193 
1 193 
2 193 499 
3 194 2882 4583 
1 194 
2 194 3489 
3 194 736 765 
1 194 
3 194 3200 1550 
2 194 2006 
2 194 1318 
1 194 
2 194 1421 
3 194 238 2289 
2 194 1061 
1 194 
2 194 4217 
3 194 2867 535 
4 2576 194 716 4630 
1 194 
1 195 
1 195 
2 195 4655 
1 195 
1 195 
1 195 
4 195 1067 1476 3456 
2 195 1315 
1 195 
2 195 1626 
1 195 
3 195 3521 536 
1 195 
3 195 1849 1353 
1 195 
2 195 1837 
2 195 1331 
1 195 
2 195 3222 
1 195 
2 195 2895 
2 2935 196 
1 196 
1 196 
3 196 2675 2383 
2 3002 196 
2 196 1088 
1 196 
2 196 3183 
1 196 
2 196 3952 
1 196 
1 196 
1 196 
1 196 
3 2225 1306 196 
4 3596 196 1599 4687 
2 4106 196 
1 196 
1 196 
1 196 
1 197 
1 197 
2 197 1518 
1 197 
1 197 
2 4845 197 
2 197 1537 
2 4469 197 
2 1394 197 
1 197 
2 1632 197 
1 197 
2 197 2136 
3 197 2887 1485 
1 198 
2 198 3060 
2 198 1079 
3 3612 198 4383 
1 198 
1 198 
2 198 938 
3 1362 198 1670 
3 2278 198 570 
1 198 
2 198 1656 
2 198 1003 
2 1976 198 
4 2232 198 1496 962 
1 199 
1 199 
2 199 1517 
1 199 
1 199 
3 860 199 1836 
4 2871 199 388 4351 
3 199 2572 3137 
3 1434 199 4141 
4 2428 3860 199 4268 
1 199 
2 199 1614 
1 199 
4 4214 1206 199 1354 
3 2807 1710 199 
3 199 1459 4761 
1 199 
3 3813 199 346 
2 199 1140 
1 199 
1 199 
2 1431 199 
3 199 551 3249 
1 199 
2 1745 200 
1 200 
3 1440 200 4793 
1 200 
1 200 
2 200 4004 
1 200 
3 2716 200 670 
3 2849 200 1485 
2 200 2767 
1 200 
1 200 
2 783 200 
1 200 
2 3457 200 
4 3511 4501 3202 201 
1 201 
2 3203 201 
3 1129 3478 201 
2 3102 201 
3 201 3786 688 
3 622 1272 201 
2 201 349 
2 201 1834 
1 201 
1 201 
3 1204 201 3924 
2 4056 201 
3 1284 201 3231 
1 201 
1 201 
1 201 
3 4842 3092 201 
3 3518 201 3907 
4 862 201 2687 1921 
2 201 2896 
1 201 
3 4831 2245 201 
2 1846 201 
2 1254 201 
1 202 
1 202 
1 202 
1 202 
2 2709 202 
2 202 3622 
2 3659 202 
2 1761 202 
1 202 
1 202 
2 202 3638 
2 202 1261 
2 202 1181 
2 202 251 
1 202 
4 4482 4693 696 202 
3 607 2524 202 
2 1763 202 
1 202 
1 202 
4 220 4605 911 202 
1 203 
1 203 
2 3128 203 
2 2957 203 
2 203 1331 
1 203 
3 3778 1155 203 
1 203 
1 203 
3 2117 861 203 
2 1739 203 
1 203 
3 779 3063 203 
1 203 
2 3538 203 
1 203 
2 1894 204 
3 3606 204 2750 
2 3202 204 
1 204 
2 3395 204 
1 204 
3 2756 2025 204 
2 309 204 
2 1110 204 
4 1252 3282 204 332 
1 204 
2 4221 204 
5 210 2329 1276 204 3927 
1 204 
2 1231 204 
1 204 
2 205 4183 
1 205 
2 703 205 
2 2097 205 
2 4540 205 
2 1713 205 
1 205 
2 256 205 
3 3537 1811 205 
1 205 
2 2011 205 
1 205 
2 2817 205 
1 205 
3 1830 2596 205 
1 205 
1 205 
3 3477 2085 205 
2 2356 205 
1 205 
2 3070 205 
4 1597 3826 315 205 
2 205 2131 
2 960 205 
2 3163 205 
2 630 206 
1 206 
1 206 
1 206 
1 206 
2 3122 206 
1 206 
2 385 206 
3 791 3033 206 
2 594 206 
2 4427 206 
1 206 
2 1002 206 
2 3819 206 
1 206 
2 1241 206 
3 3396 3882 206 
2 646 207 
2 1388 207 
1 207 
1 207 
2 2454 207 
2 3082 207 
1 207 
3 1495 3337 207 
2 3433 207 
1 207 
2 4774 207 
2 629 207 
1 207 
1 207 
1 207 
2 207 330 
2 315 207 
1 207 
2 3603 207 
1 207 
1 207 
1 207 
3 1742 2064 207 
3 253 4361 207 
3 3730 744 207 
1 207 
1 208 
3 624 208 294 
2 1285 208 
2 4889 208 
1 208 
4 2508 462 3424 208 
2 676 208 
3 2909 1465 208 
2 4479 208 
5 781 234 4787 306 208 
5 3000 3643 3270 1686 208 
2 1363 208 
2 973 208 
1 208 
1 208 
1 208 
1 208 
2 3406 208 
2 4693 208 
3 2668 1028 208 
1 208 
2 3001 208 
4 1277 2958 208 3565 
1 208 
3 4114 790 209 
4 2450 4107 4781 209 
3 4210 4017 209 
1 209 
1 209 
3 437 4830 209 
2 2800 209 
2 2309 209 
2 1747 209 
3 3419 3602 209 
2 1842 209 
1 209 
3 210 1733 485 
1 210 
1 210 
3 210 1117 2889 
1 210 
3 210 3098 2921 
1 210 
1 210 
4 210 4148 4618 592 
3 210 1915 1555 
1 210 
1 210 
1 210 
1 210 
3 210 3798 3323 
5 210 3199 1008 4084 2275 
2 210 4290 
2 210 1189 
1 210 
4 210 343 1181 966 
3 210 607 2803 
2 210 2288 
2 211 4191 
1 211 
2 211 2246 
1 211 
1 211 
2 211 3980 
1 211 
1 211 
2 211 560 
1 211 
3 211 239 2802 
2 2336 211 
2 211 1499 
2 211 2055 
2 211 745 
1 211 
2 211 2301 
2 211 1244 
1 212 
2 212 2865 
3 212 1072 1576 
1 212 
2 212 1276 
3 212 3065 2349 
1 212 
2 212 4110 
1 212 
2 212 2017 
2 212 1908 
2 212 1321 
1 212 
1 212 
2 212 420 
3 212 2709 2288 
1 212 
1 213 
3 2354 213 910 
1 213 
1 213 
3 3596 213 932 
2 213 4305 
2 213 4405 
2 213 2818 
2 602 213 
3 213 3820 1660 
2 213 4846 
1 213 
1 213 
3 213 757 868 
2 2739 213 
3 4104 213 3411 
5 4262 213 2087 2823 1123 
1 213 
1 213 
2 213 3034 
1 213 
1 213 
3 213 1230 1347 
3 471 214 823 
1 214 
4 3427 214 225 4372 
3 3308 2835 214 
2 214 4098 
2 214 539 
1 214 
1 214 
3 214 2357 1842 
2 214 1277 
3 214 2800 552 
1 214 
1 214 
2 214 1511 
2 214 4005 
2 757 214 
2 214 4699 
3 879 2512 215 
3 605 215 1969 
2 215 2087 
2 215 2887 
1 215 
2 3416 215 
2 215 719 
1 215 
3 215 2304 4585 
4 2153 1456 215 2992 
2 3293 215 
3 4074 215 4628 
2 4238 215 
1 215 
2 215 3338 
2 379 215 
1 215 
3 341 216 4062 
1 216 
2 216 3737 
2 3979 216 
2 216 4136 
2 2227 216 
3 216 4037 535 
3 216 4838 2562 
1 216 
2 460 216 
2 3978 216 
1 216 
1 216 
2 1746 216 
1 216 
1 216 
2 216 2687 
2 216 2682 
2 216 2499 
1 216 
1 216 
1 217 
5 4163 3552 2077 217 2210 
2 1692 217 
1 217 
2 217 3465 
1 217 
2 217 2215 
1 217 
1 217 
2 3090 217 
1 217 
2 4108 217 
4 2369 217 2802 3017 
2 217 1332 
4 2935 2298 217 2800 
2 2512 217 
3 517 3777 217 
2 217 763 
2 217 3136 
1 217 
2 218 1673 
3 3629 2705 218 
3 4842 218 3315 
3 927 3998 218 
2 218 2591 
2 2241 218 
2 1790 218 
3 1540 218 4757 
1 218 
5 925 2488 1209 218 1257 
1 218 
3 3133 218 1166 
2 218 1936 
1 218 
2 218 1463 
3 839 2915 218 
2 219 3654 
2 628 219 
3 4126 3612 219 
1 219 
2 2881 219 
2 219 3509 
2 219 4476 
2 1506 219 
1 219 
2 219 2446 
1 219 
3 219 2863 1049 
1 219 
2 219 4268 
1 219 
1 219 
1 219 
1 219 
1 219 
1 219 
1 219 
4 1357 219 4510 2771 
6 3886 278 219 4841 2231 920 
2 220 773 
1 220 
2 3125 220 
1 220 
2 1587 220 
2 4862 220 
4 1882 220 4385 834 
3 4012 1356 220 
1 220 
2 2198 220 
1 220 
5 748 402 220 1138 3192 
2 220 2941 
1 220 
2 447 220 
3 1448 220 3548 
3 4539 220 308 
2 220 3284 
5 2853 1272 220 4454 4230 
1 220 
1 220 
2 3096 221 
2 3570 221 
1 221 
1 221 
2 221 481 
4 3980 1840 1763 221 
2 221 2101 
2 221 4634 
1 221 
2 221 3782 
1 221 
2 221 3637 
2 221 3696 
2 221 1219 
2 4249 221 
1 221 
4 841 4505 221 3881 
2 3299 221 
3 2319 402 221 
1 221 
2 221 4494 
4 2623 221 1969 294 
3 221 945 2273 
4 518 221 4721 3340 
1 221 
3 221 2214 4202 
1 221 
3 4358 221 832 
2 1275 222 
2 3444 222 
2 737 222 
2 222 1258 
2 2154 222 
2 222 4099 
3 222 313 4246 
2 2756 222 
1 222 
2 222 709 
2 4334 222 
4 836 2071 222 688 
3 2138 222 2842 
2 4239 222 
1 223 
4 3614 935 223 2502 
2 4219 223 
3 223 2686 1427 
2 223 1370 
3 2493 1865 223 
1 223 
2 223 2410 
4 1819 956 3134 223 
2 3602 223 
2 223 1055 
1 224 
1 224 
2 2215 224 
1 224 
3 224 4063 1427 
2 4314 224 
3 1620 224 1992 
2 3295 224 
1 224 
1 224 
3 3778 4174 224 
2 1193 224 
2 224 2131 
3 2168 2326 225 
1 225 
1 225 
1 225 
2 2877 225 
2 1414 225 
2 887 225 
2 3155 225 
2 449 225 
1 225 
1 225 
2 3431 225 
3 4842 1385 225 
3 232 1823 225 
3 1206 3573 225 
2 3382 225 
2 4733 225 
2 399 225 
1 225 
2 4006 225 
1 225 
1 225 
1 225 
4 4829 477 226 3623 
1 226 
2 4766 226 
2 2709 226 
2 2085 226 
3 4498 226 1351 
1 226 
1 226 
2 226 3187 
1 226 
1 226 
3 4052 226 3037 
1 226 
2 226 4530 
3 2688 226 728 
1 226 
2 1820 226 
1 226 
3 4449 3538 226 
2 227 2547 
2 4263 227 
1 227 
2 3204 227 
4 1741 1881 2496 227 
1 227 
1 227 
2 4804 227 
1 227 
1 227 
2 681 227 
2 3370 227 
4 4442 628 2516 227 
2 227 1835 
1 227 
1 227 
4 752 825 227 2769 
2 2003 227 
1 227 
2 1943 228 
1 228 
3 4243 941 228 
1 228 
1 228 
2 3492 228 
2 839 228 
2 1927 228 
2 3007 228 
1 228 
1 228 
2 2113 228 
1 228 
1 228 
1 228 
1 228 
1 228 
2 228 556 
2 228 575 
2 3775 228 
3 333 3477 228 
1 229 
3 2459 1078 229 
2 3187 229 
1 229 
1 229 
2 229 4232 
1 229 
3 849 229 3061 
3 3951 229 230 
1 229 
2 2199 229 
3 783 2610 229 
1 229 
1 229 
2 279 229 
4 2879 322 2605 229 
2 1694 229 
2 1920 229 
4 1064 3304 493 229 
2 4072 229 
2 2136 229 
3 1583 692 229 
2 4656 230 
1 230 
2 1190 230 
1 230 
2 951 230 
2 4781 230 
1 230 
2 683 230 
3 3758 2140 230 
2 337 230 
3 4190 1464 230 
2 995 230 
1 230 
1 230 
2 3518 230 
1 230 
4 1630 624 289 230 
1 230 
1 230 
1 230 
2 561 230 
4 1586 3421 1813 230 
1 230 
1 230 
2 231 554 
2 231 896 
2 231 2767 
1 231 
1 231 
2 231 2113 
3 231 4053 4453 
1 231 
2 231 381 
2 231 2089 
3 231 2412 2560 
2 231 3611 
1 231 
1 231 
1 231 
1 231 
3 231 3005 2391 
2 231 2744 
2 231 401 
2 231 1869 
3 232 1969 4532 
2 232 1668 
2 232 1981 
2 232 2861 
1 232 
2 2151 232 
3 232 4694 2694 
1 232 
2 232 3921 
2 232 2588 
1 232 
2 232 2462 
1 232 
3 232 3344 3619 
2 232 2372 
2 232 3514 
1 232 
2 232 2908 
4 232 782 3416 275 
2 232 3198 
1 232 
2 232 4727 
4 232 1397 4471 4472 
4 3357 233 4325 803 
1 233 
1 233 
2 3568 233 
3 233 4740 1258 
2 233 1458 
2 233 2029 
2 233 4312 
3 233 4622 556 
2 3160 233 
3 233 3466 2619 
2 233 4405 
4 233 1595 3181 4202 
2 233 2978 
1 233 
1 233 
1 233 
2 233 4695 
3 233 4863 1782 
1 234 
3 2848 234 4665 
1 234 
1 234 
3 234 1497 1097 
2 234 3147 
3 234 565 4632 
3 234 946 3325 
2 234 3748 
2 234 3278 
3 234 1960 4441 
2 234 4441 
1 234 
1 234 
1 234 
4 234 4167 1871 4659 
1 234 
1 234 
3 234 3962 617 
1 234 
2 235 249 
2 235 3848 
1 235 
2 1877 235 
2 235 1361 
1 235 
2 235 4565 
1 235 
1 235 
1 235 
1 235 
1 235 
4 256 1203 235 1174 
4 235 3149 1228 4225 
1 235 
3 235 3515 287 
1 235 
2 4299 236 
1 236 
1 236 
3 3808 236 2713 
1 236 
1 236 
1 236 
2 236 4221 
2 1902 236 
3 280 236 3181 
2 236 2547 
2 236 1095 
3 236 2802 4182 
1 236 
3 236 4834 1718 
3 236 1671 2789 
1 237 
2 237 944 
1 237 
1 237 
2 237 962 
1 237 
1 237 
2 237 4545 
1 237 
1 237 
1 237 
2 237 304 
2 237 1293 
3 2985 2236 237 
1 237 
1 237 
2 237 4307 
2 237 1798 
3 4419 237 1428 
2 237 1882 
2 238 4826 
2 238 2795 
3 4861 238 3034 
5 856 1307 238 1441 1123 
2 1873 238 
3 238 4200 4731 
3 713 3890 238 
1 238 
1 238 
1 238 
1 238 
4 4521 238 1458 760 
1 238 
1 238 
1 238 
2 1876 238 
4 238 2778 1764 2088 
1 238 
1 238 
1 238 
3 1112 238 2359 
1 239 
2 239 822 
3 1862 239 1232 
1 239 
2 239 507 
2 2033 239 
1 239 
1 239 
1 239 
3 1679 239 1512 
2 4487 239 
1 239 
1 239 
2 675 239 
1 239 
1 239 
2 3092 239 
1 239 
1 239 
3 240 1935 772 
1 240 
2 240 1969 
2 240 2651 
1 240 
2 2054 240 
2 4598 240 
2 240 2206 
1 240 
6 2221 3683 3672 240 1577 2461 
1 240 
3 931 240 4095 
2 240 1057 
1 240 
5 1469 3514 3111 240 2728 
2 3121 240 
1 241 
3 241 484 1868 
1 241 
1 241 
1 241 
1 241 
2 2341 241 
1 241 
2 241 4580 
1 241 
3 241 4666 4671 
1 241 
3 241 2403 1833 
1 241 
1 241 
3 241 615 3853 
1 241 
1 241 
2 2814 241 
2 241 1552 
2 241 3272 
1 241 
1 241 
3 242 1667 3031 
1 242 
3 242 2064 2188 
1 242 
1 242 
3 3998 242 3302 
1 242 
1 242 
1 242 
2 4450 242 
1 242 
1 242 
3 2297 242 4690 
2 3606 242 
2 4748 242 
3 4771 242 4098 
1 242 
4 242 1422 3698 1837 
2 3429 242 
3 4467 242 4783 
1 242 
2 4212 242 
1 242 
1 242 
2 900 242 
1 242 
1 243 
1 243 
1 243 
4 2754 3553 243 2627 
1 243 
2 1551 243 
1 243 
4 1589 1717 243 3505 
1 243 
4 3363 243 2288 2620 
2 243 1281 
2 1420 243 
2 243 3275 
1 243 
2 243 1260 
3 3286 2877 243 
3 4858 3702 243 
3 4375 243 1953 
3 2277 1134 243 
1 243 
2 243 4476 
3 2320 3497 244 
2 4788 244 
1 244 
1 244 
1 244 
2 4462 244 
3 4600 244 615 
1 244 
1 244 
2 2017 244 
2 2154 244 
2 4600 244 
1 244 
1 244 
1 244 
1 245 
1 245 
3 948 2208 245 
2 245 1296 
2 2413 245 
2 245 346 
2 1805 245 
1 245 
2 1802 245 
2 448 245 
2 245 1216 
3 2415 1840 245 
2 245 3736 
1 245 
3 583 245 3351 
3 782 245 4625 
1 246 
1 246 
4 2848 246 3848 3972 
4 4425 1491 246 2160 
2 246 4459 
2 3302 246 
4 4772 1156 246 2950 
2 246 2041 
5 988 246 4086 2906 4856 
2 1959 246 
3 587 246 2709 
2 3513 246 
2 715 246 
1 246 
2 1207 246 
1 247 
1 247 
1 247 
3 2704 362 247 
2 605 247 
1 247 
2 2810 247 
1 247 
1 247 
1 247 
2 2024 247 
4 792 736 2623 247 
2 247 833 
3 1701 247 514 
2 1901 247 
3 307 247 4228 
1 247 
1 247 
1 247 
1 247 
3 2456 247 2681 
2 247 4440 
1 247 
1 247 
1 247 
3 4539 2755 247 
2 247 1183 
2 4287 248 
1 248 
1 248 
1 248 
3 1072 593 248 
1 248 
2 2784 248 
2 4446 248 
1 248 
2 248 687 
3 1627 3363 248 
2 3068 248 
2 2238 248 
1 248 
1 249 
4 3208 1656 4627 249 
2 249 293 
1 249 
2 3361 249 
2 3041 249 
3 1467 1579 249 
2 1054 249 
2 1482 249 
2 3331 249 
2 4152 249 
2 520 249 
3 4768 249 3192 
2 2359 249 
3 3784 249 1581 
2 1171 249 
1 249 
4 2428 3063 2996 249 
1 249 
3 4296 759 250 
1 250 
3 4759 250 876 
2 250 746 
1 250 
3 989 4628 250 
3 4697 2921 250 
1 250 
2 3938 250 
2 1399 250 
2 2081 250 
2 671 250 
1 250 
3 3674 466 250 
2 250 1034 
4 3979 1376 4380 250 
1 250 
3 4859 250 4632 
1 251 
2 2385 251 
2 2402 251 
2 3963 251 
2 4661 251 
1 251 
1 251 
1 251 
2 653 251 
2 3795 251 
3 1171 1962 251 
2 3281 251 
2 2269 251 
1 251 
2 1069 251 
2 2834 251 
1 252 
4 1162 3390 252 1485 
3 642 3542 252 
1 252 
2 4320 252 
1 252 
1 252 
2 2103 252 
2 2693 252 
1 252 
3 1706 854 252 
1 252 
1 252 
2 4818 252 
2 1136 252 
1 252 
2 253 1982 
2 253 2853 
3 253 2298 4813 
2 253 1514 
2 253 1903 
2 253 2495 
1 253 
1 253 
1 253 
1 253 
2 4534 253 
2 254 915 
1 254 
4 254 4294 1477 2747 
3 254 2835 3983 
3 254 977 3830 
1 254 
2 254 1749 
2 254 4512 
3 749 254 719 
1 254 
1 254 
3 254 4111 2133 
1 254 
2 254 776 
3 254 1129 4183 
5 255 4147 4283 680 3825 
2 255 775 
1 255 
3 2846 255 3746 
6 255 3657 4057 1215 271 1079 
1 255 
2 255 986 
3 255 432 313 
2 255 1339 
1 255 
2 748 255 
1 255 
2 255 2183 
1 255 
4 2529 255 481 4699 
1 256 
2 256 4655 
3 256 521 4783 
1 256 
5 256 4536 1559 1623 2926 
2 256 4189 
3 256 1642 4460 
3 256 1512 3637 
2 2316 256 
1 256 
4 256 2912 1273 1137 
2 256 3185 
1 256 
1 256 
1 256 
1 256 
3 256 2251 803 
1 256 
2 256 2095 
1 256 
2 256 890 
1 257 
1 257 
1 257 
1 257 
3 257 1411 1626 
2 257 1061 
1 257 
1 257 
2 257 830 
1 257 
3 257 2322 340 
2 257 3957 
4 257 2876 338 1538 
2 257 936 
2 257 2319 
2 257 1991 
1 257 
2 257 1799 
2 257 2343 
3 257 3295 1728 
1 258 
3 258 2375 1596 
1 258 
