20 2 3 4 5 6 7 8 9 10 11 12 13 14 15 16 17 18 19 20 21 
21 22 23 24 25 26 27 1 28 29 30 31 32 33 34 35 36 37 38 39 40 41 
23 42 43 44 45 46 47 1 48 49 50 51 52 53 54 55 56 57 58 59 60 61 62 63 
29 64 65 66 67 68 69 70 1 71 72 73 74 75 76 77 78 79 80 81 82 83 84 85 86 87 88 89 90 91 
18 92 93 94 95 96 1 97 98 99 100 101 102 103 104 105 106 107 108 
13 109 1 110 111 112 113 114 115 116 117 118 119 120 
17 121 122 123 124 1 125 126 127 128 129 130 131 132 133 134 135 136 
26 137 138 139 140 1 141 142 143 144 145 146 147 148 149 150 151 152 153 154 155 156 157 158 159 160 161 
15 162 163 164 1 165 166 167 168 169 170 171 172 173 174 175 
15 176 1 177 178 179 180 181 182 183 184 185 186 187 188 189 
16 190 191 1 192 193 194 195 196 197 198 199 200 201 202 203 204 
19 205 206 207 1 208 209 210 211 212 213 214 215 216 217 218 219 220 221 222 
15 223 224 225 226 1 227 228 229 230 231 232 233 234 235 236 
14 237 238 1 239 240 241 242 243 244 245 246 247 248 249 
19 250 251 252 253 1 254 255 256 257 258 259 260 261 262 263 264 265 266 267 
24 268 269 270 271 272 1 273 274 275 276 277 278 279 280 281 282 283 284 285 286 287 288 289 290 
21 291 292 293 294 1 295 296 297 298 299 300 301 302 303 304 305 306 307 308 309 310 
15 311 312 1 313 314 315 316 317 318 319 320 321 322 323 324 
22 325 326 1 327 328 329 330 331 332 333 334 335 336 337 338 339 340 341 342 343 344 345 
16 346 347 348 1 349 350 351 352 353 354 355 356 357 358 359 360 
23 361 362 363 364 365 1 366 367 368 369 370 371 372 373 374 375 376 377 378 379 380 381 382 
16 383 2 384 385 386 387 388 389 390 391 392 393 394 395 396 397 
18 2 398 399 400 401 402 403 404 405 406 407 408 409 410 411 412 413 414 
30 415 416 2 417 418 419 420 421 422 423 424 425 426 427 428 429 430 431 432 433 434 435 436 437 438 439 440 441 442 443 
23 444 2 445 446 447 448 449 450 451 452 453 454 455 456 457 458 459 460 461 462 463 464 465 
26 2 466 467 468 469 470 471 472 473 474 475 476 477 478 479 480 481 482 483 484 485 486 487 488 489 490 
14 491 2 492 493 494 495 496 497 498 499 500 501 502 503 
13 504 505 2 506 507 508 509 510 511 512 513 514 515 
22 2 516 517 518 519 520 521 522 523 524 525 526 527 528 529 530 531 532 533 534 535 536 
19 291 2 537 538 539 540 541 542 543 544 545 546 547 548 549 550 551 552 553 
24 2 554 555 556 557 558 559 560 561 562 563 564 565 566 567 568 569 570 571 572 573 574 575 576 
24 2 577 578 579 580 581 582 583 584 585 586 587 588 589 590 591 592 593 594 595 596 597 598 599 
23 600 601 602 2 603 604 605 606 607 608 609 610 611 612 613 614 615 616 617 618 619 620 621 
26 622 623 2 624 625 626 627 628 629 630 631 632 633 634 635 636 637 638 639 640 641 642 643 644 645 646 
18 647 2 648 649 650 651 652 653 654 655 656 657 658 659 660 661 662 663 
27 2 664 665 666 667 668 669 670 671 672 673 674 675 676 677 678 679 680 681 682 683 684 685 686 687 688 689 
23 2 690 691 692 693 694 695 696 697 698 699 700 701 702 703 704 705 706 707 708 709 710 711 
19 712 713 2 714 715 716 717 718 719 720 721 722 723 724 725 726 727 728 729 
16 2 730 731 732 733 734 735 736 737 738 739 740 741 742 743 744 
15 2 745 746 747 748 749 750 751 752 753 754 755 756 757 758 
25 2 759 760 761 762 763 764 765 766 767 768 769 770 771 772 773 774 775 776 777 778 779 780 781 782 
19 3 783 784 785 786 787 788 789 790 791 792 793 794 795 796 797 798 799 800 
21 801 3 802 803 804 805 806 807 808 809 810 811 812 813 814 815 816 817 818 819 820 
16 3 821 822 823 824 825 826 827 828 829 830 831 832 833 834 835 
17 3 836 837 838 839 840 841 842 843 844 845 846 847 848 849 850 851 
19 852 853 3 854 855 856 857 858 859 860 861 862 863 864 865 866 867 868 869 
26 870 3 871 872 873 874 875 876 877 878 879 880 881 882 883 884 885 886 887 888 889 890 891 892 893 894 
24 895 3 896 897 898 899 900 901 902 903 904 905 906 907 908 909 910 911 912 913 914 915 916 917 
22 3 918 448 919 920 921 922 923 924 925 926 927 928 929 930 931 932 933 934 935 936 937 
25 3 938 939 940 941 942 943 944 945 946 947 948 949 950 951 952 953 954 955 956 957 958 959 960 961 
13 962 963 3 964 965 966 967 968 969 970 971 972 973 
13 3 974 975 976 977 978 979 980 981 982 983 984 985 
23 3 986 987 988 989 990 991 992 993 994 995 996 997 998 999 1000 1001 1002 1003 1004 1005 1006 1007 
17 1008 1009 3 1010 697 1011 1012 1013 1014 1015 1016 1017 1018 1019 1020 1021 1022 
29 1023 1024 1025 3 1026 1027 1028 1029 1030 1031 425 1032 1033 1034 1035 1036 1037 1038 1039 1040 1041 1042 1043 1044 1045 1046 1047 1048 1049 
20 1050 3 1051 1052 1053 1054 1055 1056 1057 1058 1038 1059 1060 1061 1062 1063 1064 1065 1066 1067 
14 3 1068 1069 1070 1071 1072 1073 1074 1075 1076 1077 1078 1079 1080 
24 1081 3 1082 1083 1084 1085 1086 1087 1088 1089 1090 1091 1092 1093 1094 1095 1096 1097 1098 1099 1100 1101 1102 1103 
19 3 1104 1105 1106 1107 1108 1109 1110 1111 1112 1113 1114 1115 1116 1117 1118 1119 286 1120 
19 1121 3 1122 1123 1124 1125 1126 1127 1128 1129 1130 1131 1132 1133 1134 1135 1136 1137 1138 
24 1139 3 1140 1141 1142 1143 1144 1145 1146 1147 1148 1149 1150 1151 1152 1153 1154 1155 1156 1157 1158 1159 1160 1161 
24 1162 3 1163 1164 1165 1166 1167 1168 1169 1170 1171 1172 1173 1174 1175 1176 1177 1178 1179 1180 1181 1182 1183 1184 
21 1185 3 1186 1187 1188 1189 1190 1191 1192 1193 1194 1195 1196 1197 1198 1199 1200 1201 1202 1203 1204 
30 1205 1206 4 1207 1208 1209 1210 1211 1212 1213 1214 1215 1216 1217 1218 1219 1220 1221 1222 1223 1224 1225 1226 1227 1228 1229 1230 1231 1232 1233 
13 1234 1235 4 1236 1237 1238 1239 1240 1241 1242 1243 1244 1245 
28 1246 4 1247 1248 1249 1250 1251 1252 1253 1254 1255 1256 1257 1258 1259 1260 1261 1262 1263 1264 1265 1266 1267 1268 1269 1270 1271 1272 
18 1273 1274 4 1275 1276 1277 1278 1279 1280 1281 1282 1283 1284 1285 1286 1287 1288 1289 
22 4 1290 1291 1292 1293 1294 1295 1296 1297 1298 1299 1300 1301 1302 1303 533 1304 1305 1306 1307 1308 1309 
26 1310 1311 1312 1313 4 1314 1315 1316 1317 1318 1319 1320 1321 1322 1323 1324 1325 885 1326 1327 1328 1329 1330 1331 1332 1333 
17 1334 1335 1336 1337 4 1338 1339 1167 1340 1341 1342 1343 1344 1345 1346 1347 1348 
13 1349 1350 4 1351 1352 1353 1354 1355 1356 134 1357 1358 1359 
26 1360 1361 4 1362 1363 1364 1365 1366 1367 1368 1369 1370 1371 1372 1373 1374 1375 1376 1377 1378 1379 1380 1381 1382 1383 1384 
19 4 1385 1386 1387 1388 1389 1390 1391 1392 1393 1394 1395 1396 1397 1398 1399 1400 1401 1402 
19 4 1403 1404 1405 1406 1407 1408 1409 1410 1411 1412 1413 1414 1415 1416 1417 1418 1419 1420 
19 1421 4 1422 1423 1424 1425 695 1426 1427 1428 1429 1430 1431 1432 1433 1434 1435 1436 1437 
20 1438 4 1439 1440 1441 1442 1443 1444 1445 1446 1447 1448 1449 1450 1451 1452 1453 1454 1455 1456 
17 4 1457 1458 1459 1460 1461 1462 1463 1464 1465 1466 1467 1468 1469 1470 1471 1472 
24 1473 4 1474 1475 1476 1477 1478 1479 1480 1481 1482 1483 1484 1485 1486 1487 1488 1489 1490 1491 1492 1493 1494 1495 
19 4 1496 1497 1498 1499 1500 1501 1502 1503 1504 1505 1468 1506 1507 1508 1509 1510 1511 1512 
23 1513 4 1514 1515 1516 1517 1518 1519 1520 1521 1522 1523 1524 1525 1526 1527 1528 1529 1530 1531 1532 1533 1534 
18 4 1535 1536 1537 1538 1539 1540 1541 1542 1543 1544 1545 1546 1547 1548 1549 1550 1551 
20 4 1552 1553 1554 1555 1556 1557 1558 1559 1560 1561 1562 1563 1564 1565 1566 1567 1568 1569 1570 
23 1571 4 1572 1573 1574 1575 1576 1577 1578 1579 1580 1581 1582 1583 1584 1585 1586 1587 1588 1589 1590 1591 1592 
27 1593 1594 1595 1596 1597 4 1598 1599 1600 1601 1602 1603 1604 1605 1606 1607 1608 1609 1610 1611 1612 1613 1614 1615 1616 1617 1618 
25 4 1619 1620 1621 1622 1623 1624 1625 1626 1627 1628 1629 1630 1631 1632 1633 1634 1635 1636 1637 1638 1639 1640 1641 1642 
20 1643 4 1644 1645 1646 1647 1648 1649 1650 1651 1652 1653 1654 1655 1656 1657 1658 1659 1660 1661 
17 4 1662 1663 1664 1665 1666 1667 1668 1669 1670 1671 1672 1673 1674 1675 1676 1677 
19 1349 1678 4 1679 1680 1681 1682 1683 1684 1685 1686 1687 1688 1689 1690 1691 1692 1693 1694 
17 4 1695 1696 1697 1698 1699 1700 1701 1702 1703 1704 1705 1706 1707 1708 1709 1710 
17 1711 4 1712 1713 1714 1715 1716 1717 1718 1719 1720 1721 680 1722 1723 1724 1725 
18 4 1726 1727 1728 1729 1730 1731 1732 1733 1734 1735 1736 1737 1738 1739 1740 1741 1742 
22 5 1743 1744 1745 1746 1747 1748 1749 1750 1751 1752 1753 1754 1755 1756 1757 1758 1759 1760 1761 1762 1763 
25 1764 5 1765 1766 1767 1768 1769 1770 1771 1772 1773 1774 1775 1776 1777 1778 1779 1780 1781 1782 1783 1784 1785 1786 1787 
16 1788 5 1789 1790 1791 1792 1793 1794 1795 1796 1797 1798 1799 1800 1801 1802 
14 5 1803 1804 1805 1806 1807 1808 1809 1810 1811 1812 1813 1814 1815 
18 1816 5 1817 1818 1819 1820 1821 1822 1823 1824 1825 1826 1827 1828 1829 1830 1831 1832 
25 1833 1834 1835 5 1836 1837 1838 1839 1840 1841 1842 1843 1844 1845 1846 1847 1848 1849 1850 1851 1852 1853 1854 1855 1856 
15 1857 5 1858 1859 1860 1861 1862 1863 1864 1865 1866 1867 1868 1869 1308 
18 1870 5 1871 1872 1873 1874 1875 1876 1877 1878 1879 1880 1881 1882 1883 1884 1885 1886 
28 1887 5 1888 1889 1890 1891 1892 1893 1894 1895 1896 1897 1898 1899 1900 1901 1902 1903 1904 1905 1906 1907 1908 1909 1910 1911 1912 1913 
21 1914 5 1915 1916 1917 1918 1919 1920 1921 1922 1923 1924 1925 1926 1927 1928 1929 1930 1931 1932 1933 
21 1934 5 1935 1936 1937 1938 1939 1940 1941 1942 1943 1944 1945 1946 1947 1948 1949 1950 1951 1952 1953 
18 5 1954 1955 1956 1957 1958 1959 1960 1961 1962 1963 1964 1965 1966 1967 1968 1969 1970 
19 5 1971 1972 1973 1974 1975 1976 1977 1978 1979 1980 1981 1982 1983 1984 570 1985 1986 1987 
23 1988 5 1989 1990 1991 1992 1993 1994 1995 1996 1997 1961 1998 1999 2000 2001 2002 2003 2004 1348 2005 2006 2007 
14 2008 2009 5 2010 2011 2012 2013 2014 2015 2016 2017 2018 2019 2020 
16 2021 5 2022 2023 2024 2025 2026 2027 2028 2029 2030 2031 2032 2033 2034 2035 
21 2036 5 2037 2038 2039 2040 2041 2042 2043 2044 2045 2046 2047 2048 2049 2050 2051 2052 2053 2054 2055 
23 2056 6 2057 2058 2059 2060 2061 2062 2063 2064 2065 2066 2067 2068 2069 2070 2071 2072 2073 2074 2075 2076 2077 
13 2078 6 2079 2080 2081 2082 2083 2084 2085 2086 2087 2088 2089 
14 2090 2091 6 2092 2093 2094 2095 2096 2097 2098 2099 2100 2101 2102 
16 2103 6 2104 2105 2106 2107 2108 2109 2110 2111 2112 2113 2114 2115 2116 2117 
24 2118 2119 2120 6 2121 2122 2123 2124 2125 2126 2127 2128 2129 2130 2131 2132 2133 2134 2135 2136 2137 2138 2139 2140 
13 6 2141 2142 2143 2144 2145 2146 2147 2148 2149 2150 2151 711 
20 2152 2153 2154 2155 2156 6 2157 2158 2159 2160 2161 2162 2163 2164 2165 2166 2167 2168 2169 2170 
21 2171 2172 6 2173 2174 2175 2176 2177 2178 2179 2180 2181 2182 2183 2184 2185 2186 2187 2188 2189 2190 
12 6 2191 2192 2193 2194 2195 2196 2197 2198 2199 2200 2201 
22 2202 6 2203 2204 2205 2206 2207 2208 2209 2210 2211 2212 2213 2214 2215 2216 2217 2218 2219 2220 2221 2222 
23 2223 2224 2225 6 2226 2227 2228 2229 2230 2231 2232 2233 2234 2235 2236 2237 2238 2239 2240 2241 2242 2243 2244 
19 2245 2246 6 2247 2248 2249 2250 2251 2252 2253 2254 2255 2256 2257 2258 2259 2260 2261 2262 
14 2263 2264 2265 7 2266 2267 2268 2269 2270 2271 2272 2273 2274 2275 
25 2276 2277 2278 2279 2280 2281 2282 7 2283 2284 2285 2286 2287 2288 2289 2290 2291 2292 2293 2294 2295 2296 2297 2298 2299 
20 2300 2301 2302 7 2303 2304 2305 2306 2307 2308 2309 2310 2311 2312 2313 2314 2315 2316 2317 2318 
19 2319 2320 7 2321 2322 2323 2324 2325 2326 2327 2328 2329 2330 2331 2332 2333 2334 2335 2336 
16 2337 2338 7 2339 2340 2341 2342 2343 2344 2345 2346 957 2347 2348 2349 2350 
16 2351 2352 7 2353 2354 2355 2356 2357 2358 2359 2360 2361 2362 2363 2364 2365 
12 2366 7 2367 2368 2369 2370 2371 2372 2373 932 2374 2375 
14 2376 7 2377 2378 2379 2380 2381 2382 2383 2384 2385 2386 2387 2388 
14 7 2389 2390 2391 2392 2393 2394 2395 2396 2397 2398 2399 2400 2401 
21 2402 2403 2404 7 2405 2406 2407 2408 2409 2410 2411 2412 2413 2414 2415 2416 2417 2418 1347 2419 2420 
24 2421 2422 2423 7 2424 2425 2426 2427 2428 2429 2430 2431 2432 2433 2434 2435 2436 2437 2438 2439 2440 2441 2442 2443 
19 2444 2445 2446 2447 2448 7 2449 2450 2451 2452 2453 1808 2416 2454 2455 2456 2457 2458 2459 
20 2460 2461 7 2462 2463 2464 2465 2466 2467 2468 2469 2470 2471 2472 2473 2474 2475 2476 2477 2478 
28 2479 2480 2481 2482 2483 2484 2485 7 2486 2487 2488 2489 2490 71 2491 2492 2493 2494 2495 2496 2497 2498 2499 2500 2501 2502 2503 2504 
15 2505 2506 2507 873 7 2508 2509 2510 2511 2512 2513 2514 2515 2516 2517 
19 2518 2519 2520 7 2521 2522 1806 2523 2524 2525 2526 2527 2528 2529 2530 2531 2532 2533 2534 
18 2535 2536 2537 2538 8 2539 2540 2541 2542 2543 2544 2545 2546 2547 2548 2549 2550 2551 
21 2552 2553 8 1475 2554 2555 2556 2557 2558 2559 2560 2561 2562 2563 2564 2565 2566 2567 2568 2569 2570 
25 2571 2572 2573 2574 2575 2576 2577 2578 2579 8 2580 2581 2582 2583 2584 2585 1719 2586 2587 2588 2589 2590 2591 2592 2593 
18 2594 2595 2596 2597 2598 2599 8 2600 2601 2602 2603 2604 2605 2606 2607 2608 2609 2318 
22 2610 2611 2612 2613 8 2614 2615 2616 2617 2618 2619 2620 2621 2622 2623 2624 2625 2626 2627 2628 2629 2630 
20 2631 2632 2633 2634 8 2635 2636 2637 2638 2639 2640 2641 2642 2643 2644 2645 2646 2647 2648 2649 
13 2650 2651 2652 2653 8 2654 2655 2656 2657 2658 2659 2660 2661 
26 2662 2663 2664 2665 2666 2667 8 2668 2669 2670 2671 2672 2673 2674 2675 2676 2677 2678 1378 2679 2680 2681 2682 2683 2684 2685 
22 2686 2687 2688 2689 2690 2691 8 2692 2693 2694 2695 2696 2697 2698 2699 2700 2701 2702 2703 2704 2705 2706 
24 2707 2708 2709 2710 2711 2712 2713 8 2714 2715 2716 2717 2718 2719 2720 2721 2722 2723 2724 2725 2726 2727 2728 2729 
18 2730 2731 2732 8 2733 2734 2735 2736 2737 2738 2739 2740 2741 2742 2743 2744 2745 2746 
25 2747 2748 8 2749 2750 2751 2752 2753 2754 2755 2756 2757 2758 2759 2760 2761 2762 2763 2764 2765 2766 2767 2768 2769 2770 
22 2771 2772 2773 2774 2775 8 2776 2777 2778 2779 2780 2781 2782 2783 2784 2785 2786 2787 2788 2789 2790 2791 
29 2792 2793 2794 2795 2796 2797 8 2798 2799 2800 2801 2802 2803 2804 2805 2806 2807 2808 2809 2810 2811 2812 2813 2814 2815 2816 2817 2818 2819 
23 2820 2821 2822 2823 2824 2825 2826 8 1216 2827 2828 2829 2830 2831 2832 2833 2834 2835 2836 2837 2838 2839 2840 
25 2841 8 2842 2142 2843 2844 2845 2846 2847 2848 2849 2850 2851 2852 2853 2854 2855 2856 2857 2858 2859 2860 2861 2862 2863 
27 2864 2865 2866 8 2867 2868 2869 2870 2871 2872 2873 2874 2875 2876 2877 2878 2879 2880 2881 2882 2883 2884 2885 2886 2887 2888 2889 
22 2890 2891 2892 2893 2894 8 2895 2896 2897 2898 2899 2900 2901 2902 2903 2904 2905 2906 197 2907 2908 2909 
19 2910 2911 2912 2913 2914 2915 8 2916 2917 2918 2919 2920 2921 2922 2923 2924 2925 2926 2927 
22 2928 2929 2930 8 2931 2932 2933 2934 2935 2936 2937 2938 2939 2940 2941 2942 2943 2944 2945 2946 2947 2948 
19 2949 8 2950 2951 2952 2953 2954 2955 2956 2957 2958 2959 2960 2961 2962 2963 2964 2965 2966 
24 2967 2968 2969 2970 2971 2972 2973 2974 8 2975 2976 2977 406 2978 2979 819 2980 2981 2982 2983 2984 2985 2986 2987 
22 2988 2989 2990 2991 8 2992 2993 2994 2995 2996 2997 2998 2999 3000 3001 3002 3003 3004 3005 3006 3007 3008 
20 3009 3010 3011 3012 3013 8 3014 3015 3016 3017 3018 3019 3020 3021 3022 3023 3024 3025 3026 3027 
26 3028 3029 3030 3031 3032 3033 3034 8 3035 3036 3037 3038 3039 3040 3041 3042 3043 3044 3045 3046 3047 3048 3049 3050 3051 3052 
25 3053 3054 3055 3056 3057 3058 3059 3060 3061 9 3062 3063 3064 3065 3066 3067 3068 3069 3070 3071 3072 3073 3074 3075 3076 
19 3077 3078 3079 3080 3081 3082 9 3083 3084 3085 3086 3087 3088 3089 3090 3091 3092 3093 3094 
24 3095 3096 3097 3098 3099 3100 3101 3102 3103 3104 3105 3106 3107 9 3108 3109 3110 3111 3112 3113 3114 3115 3116 3117 
22 3118 3119 3120 3121 3122 9 3123 3124 3125 3126 3127 3128 3129 3130 3131 3132 3133 3134 3135 3136 3137 3138 
25 3139 3140 3141 3142 9 3143 3144 3145 3146 3147 3148 3149 2126 3150 3151 3152 3153 3154 3155 3156 3157 3158 3159 3160 3161 
20 3162 3163 9 3164 3165 3166 3167 3168 3169 3170 3171 3172 3173 3174 3175 3176 3177 3178 3179 3180 
15 3181 3182 3183 9 3184 3185 3186 3187 3188 3189 3190 1847 3191 3192 3193 
23 3194 3195 3196 3197 3198 3199 3200 9 3201 3202 3203 3204 3205 3206 3207 3208 3209 3210 1851 3211 3212 3213 3214 
13 3215 9 3216 3217 3218 3219 3220 3221 3222 3223 3224 3225 3226 
24 3227 3228 3229 9 3230 3231 3232 3233 3234 3235 3236 3237 3238 3239 3240 3241 3242 3243 3244 3245 3246 3247 3248 3249 
18 3250 3251 9 3252 3253 3254 3255 3256 3257 3258 3259 3260 3261 3262 3263 3264 3265 3266 
20 3267 3268 3269 3270 3271 3272 9 3273 3274 3275 3276 3277 3278 3279 3280 3281 3282 3283 3284 2244 
24 3285 3286 9 3287 3288 3289 3290 3291 3292 3293 3294 3295 3296 3297 3298 3299 3300 3301 3302 3303 3304 3305 3306 3307 
23 3308 3309 3310 3311 3312 2424 923 3313 3314 9 3315 3316 3317 3318 3319 3320 3321 3322 3323 3324 3325 3326 3327 
20 3328 3329 3330 3331 2581 10 3332 3333 3334 3335 3336 3337 3338 3339 3340 219 3341 3342 3343 3344 
20 3345 3346 3347 3348 3349 10 3350 3351 3352 3353 3354 3355 3356 3357 3358 3359 3360 3361 3362 3363 
19 2747 3364 3365 10 3366 3367 3368 3369 3370 3371 3372 3373 3374 3375 3376 3377 3378 3379 3380 
15 3381 3382 3383 3384 3385 10 3386 3387 3388 3389 3390 3391 3392 3393 3394 
20 3395 3396 3397 3398 10 3399 3400 3401 3402 3403 3404 3405 3406 3407 3408 3409 3410 3411 3412 3413 
26 801 3414 3415 3416 3417 3418 3419 3420 3421 10 3422 3423 3424 3425 3426 3427 3428 3429 3430 3431 3432 3433 3434 3435 3436 3437 
11 10 3438 3439 3440 3441 3442 3443 3444 3445 3446 3447 
22 3448 3449 3450 3451 3452 3453 3454 3455 3456 10 3457 3458 3459 3460 3461 3462 3463 3464 3465 3466 3467 3468 
28 3469 3470 3471 3472 3473 3474 3475 3476 10 3477 3478 3479 3480 3481 3482 3483 3484 3485 3486 3487 3488 3489 3490 3491 3492 3493 3494 3495 
21 3496 3497 3498 3499 10 3500 3501 3502 3503 3504 3505 3506 3507 3508 3509 3510 845 3511 3512 3513 3514 
23 3515 3516 3517 3518 3519 3520 3521 3522 3523 10 3524 3525 3526 3527 3528 3529 3530 3531 3532 3533 3534 3535 3536 
26 3537 3538 3539 3540 3541 3542 10 3543 3544 3545 3546 3547 3548 3549 3550 3551 3552 3553 3554 3555 3556 3557 3558 3559 3560 3561 
22 3562 3563 3564 3565 10 3566 3567 3568 3569 3570 3571 3572 3573 3574 3575 3576 3577 3578 3579 3580 3581 3582 
17 3583 3584 3585 10 3586 3587 3588 3589 3590 3591 3592 3593 3594 3595 3596 3597 3598 
21 3599 3600 3601 3602 3603 3604 3605 11 3606 3607 3608 3609 3610 3611 3612 3613 3614 3615 3616 3617 3618 
29 3619 3620 3621 3622 3623 11 3624 3625 3626 3627 3628 3629 3630 3631 3632 3633 3634 3635 3636 3637 3638 3639 3640 3641 3642 3643 3644 3645 3646 
22 3364 3647 3648 11 3649 3650 3651 3652 3653 3654 3655 3656 3657 3658 3659 3660 3661 3662 3663 3664 3665 3666 
14 3667 11 3668 3669 3670 3671 3672 3673 3674 3675 1706 3676 3677 3678 
20 3679 3680 3681 3682 3683 3684 3685 3686 3687 11 3688 3689 3690 3691 3692 3693 3694 3695 3696 3697 
19 3698 3699 3700 3701 11 3702 3703 3704 3705 3706 3707 3708 3709 3710 3711 3712 3713 3714 3715 
16 3716 3717 11 3718 3719 3720 2493 3721 3722 3723 3724 3725 3726 3727 3728 3729 
19 3730 3731 3732 3733 3734 11 3735 3736 3737 3738 3739 3740 3741 3742 3743 154 3744 3745 3746 
29 3747 3748 3749 3750 3751 3752 3753 11 3754 3755 3756 3757 3758 3759 3760 3761 3762 3763 549 3764 3765 3766 3767 3768 3769 3770 3771 3772 3773 
20 3774 3775 3776 3777 3778 11 3779 3780 3781 3782 3783 3784 3785 3786 3787 3788 3789 2075 3790 3791 
17 3792 3793 3794 1918 11 3795 3796 3797 3798 3799 3800 3801 3802 3803 3804 3805 3806 
26 3807 3808 3809 3810 3811 11 3812 3813 3814 3815 3816 3817 3818 3819 3820 3821 3822 3823 3824 3825 3826 3827 3828 3829 3830 3831 
22 3832 1988 3833 3834 2553 3835 11 3836 3837 3838 3839 3840 3841 3842 3843 2454 3844 3845 3846 3847 3848 1949 
20 3849 3850 3851 3852 3853 3854 11 3855 3856 2290 3857 3858 3859 3860 3861 3862 3863 3864 3865 3866 
26 3867 3868 469 3869 3870 3871 3872 2025 11 2249 3873 3334 3874 3875 3876 3877 3878 3879 3880 3881 3882 3883 3884 3885 3886 3887 
21 3888 3889 3890 3891 3892 3893 3894 12 3895 3896 3897 3898 3899 3900 3901 3902 3903 3904 3905 3906 3907 
13 3908 3909 3910 12 3911 3912 3913 3914 3915 3916 3917 3918 3919 
21 3920 3921 3922 3923 3924 3925 3926 3927 3928 3929 12 3930 877 3931 3932 3933 3934 3935 3936 3937 3938 
22 3939 3940 3941 3942 3943 3944 12 3945 3946 3947 3948 3949 3950 3951 3952 3953 3954 3955 3956 3957 3958 3959 
24 3960 3961 3962 3963 3964 3965 12 3966 3967 3968 3969 3970 3971 3972 3973 3974 3975 3976 3977 3978 3979 3980 3981 3982 
12 3983 3984 12 3985 3986 3987 3988 3989 3990 3991 3992 3993 
22 3994 3995 3996 3997 3998 3999 4000 4001 12 4002 4003 3761 4004 4005 4006 4007 4008 4009 4010 4011 4012 4013 
27 4014 4015 4016 4017 4018 4019 4020 12 4021 4022 4023 4024 4025 4026 4027 4028 4029 4030 4031 4032 4033 4034 4035 4036 4037 4038 727 
29 4039 4040 4041 4042 4043 4044 4045 12 4046 2975 4047 4048 4049 4050 4051 4052 4053 4054 4055 4056 4057 4058 4059 4060 4061 4062 4063 4064 4065 
20 4066 4067 4068 4069 12 4070 4071 4072 4073 4074 4075 4076 4077 4078 4079 4080 4081 4082 4083 4084 
19 4085 4086 4087 4088 12 4089 4090 4091 4092 4093 4094 4095 4096 4097 4098 4099 4100 4101 4102 
20 4103 4104 4105 4106 4107 4108 12 4109 4110 4111 4112 4113 4114 4115 4116 4117 4118 4119 4120 4121 
27 4122 4123 4124 4125 4126 4127 12 4128 4129 4130 4131 4132 4133 4134 4135 4136 4137 4138 4139 4140 4141 4142 2168 4143 4144 4145 4146 
16 4147 4148 4149 4150 4151 3477 12 4152 4153 4154 4155 4156 4157 4158 4159 4160 
22 4161 176 4162 4163 12 4164 4165 4166 4167 4168 4169 4170 4171 4172 4173 4174 4175 4176 4177 4178 4179 4180 
21 4181 4182 4183 4184 4185 4186 4187 4188 12 4189 4190 4191 4192 4193 4194 4195 4196 4197 4198 4199 4200 
29 4201 4202 4203 4204 4205 3270 4206 4207 4208 12 2409 4209 4210 4211 4212 4213 4214 4215 955 4216 4217 4218 4219 4220 4221 4222 4223 4224 4225 
13 4226 4227 12 4228 4229 4230 4231 4232 4233 4234 4235 4236 4237 
29 4238 4239 4240 4241 4242 4243 4244 1744 4245 13 4246 4247 4248 4249 4250 4251 4252 4253 1545 4254 4255 4256 4257 4258 4259 4260 4261 4262 4263 
16 4264 4265 13 4266 4267 1016 4268 4269 4270 1243 4271 726 4272 4273 4274 4275 
26 4276 4277 4278 4279 13 4280 4281 4282 4283 655 4284 4285 4286 4287 4288 4289 4290 4291 4292 4293 4294 4295 1180 4296 4297 4298 
19 4299 4300 4301 4302 4303 13 4304 4305 4306 4307 4308 4309 4310 4311 4312 4313 4314 4315 4316 
26 4317 4318 4319 4320 4321 4322 4323 4324 4325 13 4326 4327 4328 4329 4330 4331 4332 4333 4334 4335 4336 4337 4338 4339 1694 4340 
24 4341 4342 4343 4344 3750 4345 4346 4347 4348 4349 13 4350 3351 4351 4352 4353 4354 4355 4356 4357 4358 4359 4360 4361 
27 4362 4363 4364 4365 4366 4367 4368 4369 4370 13 4371 4372 4373 4374 4375 4376 4377 4378 4379 3300 2313 4380 4381 4382 4383 4384 4385 
13 4386 4387 4388 13 4389 4390 4391 4392 4393 4394 4395 4396 4397 
20 4398 4399 4400 4401 4402 4403 4404 4405 4406 13 4407 4408 4409 3609 4410 4411 4412 4413 4414 4415 
13 4416 4417 4418 4419 4420 13 4421 4422 4423 4424 4425 4426 4427 
16 4428 4429 4430 4431 4432 4433 13 4434 4435 4436 4437 4438 4439 4440 4441 4442 
27 4443 4444 4445 4446 4447 4448 4449 4450 4451 13 4452 4453 4454 4455 4456 4457 4458 4459 4460 4461 4462 4463 4464 4465 4466 4467 4468 
23 4469 4470 4471 4472 4473 4325 13 4474 4475 4476 4477 4478 4479 4480 4481 4482 4483 4484 4485 4486 4487 2889 4488 
24 4489 4490 4491 4492 4493 4494 13 4495 4496 4497 4498 1074 4499 4500 4501 4502 4503 4504 4505 4506 4507 4508 4509 4510 
24 4511 4512 4513 4514 4515 4516 3387 4517 4518 4519 14 4520 4521 4522 4523 4524 4525 4526 4527 4528 4529 4530 4531 4532 
26 4533 4534 4535 4536 4537 4538 4539 4540 14 4541 4542 4543 1846 4544 4545 4546 4547 4548 4549 4550 4551 4552 4553 4554 4555 4556 
19 4557 4558 4559 4560 4561 4562 4563 14 4564 4565 4566 4567 4568 4569 4570 4571 4572 4573 4574 
15 4575 4576 4577 4578 4579 4580 14 4581 4582 4583 2604 4584 4585 4586 4587 
17 4588 4589 4590 4591 14 4592 4593 4594 4595 4596 4597 4598 4599 4600 4601 4602 4603 
27 4604 4605 4606 4607 4608 1089 4609 4610 4611 4612 14 4613 4614 4615 4616 4617 4618 4619 4620 4621 4622 4623 4624 4625 4626 4627 4628 
20 4629 4630 4631 4632 4633 14 4634 4635 4636 4637 4638 4639 3656 4640 4641 4642 4643 4644 4645 4646 
26 4647 4648 4649 4650 4651 4652 14 4653 4654 4655 4656 4657 4454 4541 4658 4659 4660 4661 4662 4663 4664 4665 4666 4667 4668 4669 
26 4670 4671 4672 4673 4674 4675 4676 4677 14 4678 4679 4680 4681 4682 4683 4684 4685 4686 4687 4688 4689 4690 4691 4692 4693 4694 
18 4511 4695 4696 4697 4698 4699 4700 14 4701 4702 4703 4704 4705 4706 4707 4708 4709 4710 
19 4711 4712 4713 4714 4715 4716 4717 4718 4719 4720 4721 14 4722 4723 4724 4725 4726 4727 4728 
20 4729 2480 4730 4731 4732 4733 4734 4735 14 674 4736 4737 4738 4739 4740 4741 4742 4743 4744 4745 
26 4746 4747 4748 4749 3716 4750 4751 4752 4753 4754 4755 14 4756 4757 4758 4759 4760 4761 4762 4763 1658 4764 4765 4766 4767 4768 
15 4769 4770 4771 4772 4773 4774 4775 4776 15 4777 2047 4778 4779 4780 4781 
16 4782 4783 4784 4785 4786 4787 15 4788 4437 4789 4790 4791 4792 4793 4794 4795 
23 4796 4797 4798 4799 4800 4801 4802 4803 4804 4805 4806 4807 4808 4809 15 4810 4811 4812 4813 4814 4815 4816 4817 
20 1837 4818 4819 4820 4821 4822 4823 4824 4825 4826 4827 4828 15 4829 4830 4831 4832 3931 4833 4834 
17 4835 4836 4837 423 4838 4839 2095 4840 15 4841 4842 4843 4844 4845 2592 4846 4847 
13 4848 4849 4850 4851 4852 15 4853 4854 4855 4856 4857 4858 4859 
23 4860 4861 4862 4863 3036 4864 4865 4866 15 4867 4868 4615 4869 4870 4871 4872 4873 4874 4875 4876 4877 3919 4878 
32 4879 4880 4881 4882 4883 3475 4884 4885 4886 4887 4888 4889 4890 4891 4892 15 3952 4893 4894 4895 4896 4897 4898 4899 4900 4901 4902 4903 4904 4905 4906 4907 
27 4908 4909 4067 4910 4911 4912 4913 4914 4915 4916 15 4917 4918 1129 2977 4919 4920 4921 4922 4923 4924 4925 4926 4927 4928 4929 4930 
33 4931 4932 4933 4934 4935 1405 4936 4937 4938 4939 4940 4941 4942 4943 4944 4945 15 4946 4947 4948 4949 4950 4951 4952 4953 4954 2396 4955 4956 4957 4958 4959 4960 
23 2520 4961 4962 4963 4964 4965 4966 4967 4968 3147 15 4969 4970 2147 4092 4971 4972 4973 4974 4975 4976 4977 4978 
18 4979 4980 4981 4982 4983 4984 15 1875 531 4985 4986 4987 4988 4989 4990 4991 4992 4993 
18 4994 4995 4996 4997 4998 4999 15 5000 5001 5002 5003 1966 408 5004 5005 5006 5007 1204 
16 5008 5009 5010 5011 15 5012 5013 5014 5015 5016 5017 5018 5019 5020 5021 5022 
24 5023 5024 5025 5026 5027 5028 5029 5030 15 2470 5031 5032 5033 5034 1488 5035 5036 5037 5038 835 5039 5040 5041 5042 
22 5043 5044 5045 5046 5047 5048 5049 5050 5051 5052 5053 15 5054 5055 5056 5057 5058 5059 5060 5061 5062 5063 
14 5064 5065 5066 5067 5068 5069 15 1259 5070 5071 5072 5073 5074 5075 
22 4769 2351 5076 2302 5077 5078 5079 5080 2826 5081 5082 5083 5084 5085 15 5086 5087 5088 5089 5090 5091 5092 
22 5093 5094 5095 5096 5097 5098 5099 5100 5101 5102 5103 5104 5105 5106 5107 5108 16 5109 5110 1612 5111 5112 
27 5113 5114 5115 5116 5117 5118 5119 5120 5121 5122 5123 5124 5125 5126 5127 5128 5129 1826 1654 16 5130 5131 5132 5133 5134 5135 5136 
26 5137 5138 5139 5140 5141 5142 5143 5144 5145 5146 5147 5148 5149 5150 5151 5152 5153 5154 5155 5156 5157 5158 5159 16 5160 5161 
24 5162 5163 5164 5165 5166 5167 5168 5169 5170 5171 5172 5173 477 5174 5175 5176 5177 16 5178 5179 5180 5181 5182 5183 
28 5184 5185 5186 5187 5188 5189 5190 5191 5192 5193 5194 5195 5196 5197 2471 4853 5198 5199 5200 16 5201 5202 5203 5204 5205 5206 5207 5208 
19 5209 5210 5211 5212 5213 5214 5215 5216 5217 5218 5219 5220 16 5221 5222 5223 5224 5225 5226 
13 5227 5228 5229 5230 5231 5232 5233 5234 5235 5236 16 5237 5238 
18 5239 5240 5241 1766 5242 5243 5244 5245 5246 5247 5248 5249 16 5250 5251 5252 5253 5254 
25 5255 5256 5257 5258 5259 5260 5261 5262 3820 5263 5264 2131 5265 5266 5267 5268 5269 16 5270 5271 5272 5273 5274 5275 5276 
28 5277 5278 5279 5280 5281 5282 5283 5284 5285 5286 5287 5288 5289 5290 5070 5291 5292 5293 5294 16 5295 5296 5297 5298 5299 5300 5301 5302 
27 361 5303 5304 5305 5306 5307 5308 5309 5310 5311 5312 5313 5314 5315 5316 5317 5318 5319 5320 5321 5322 5323 5324 16 5325 4236 5326 
21 5327 5328 5329 5330 5331 5332 5333 5334 5335 5336 5337 16 5338 5339 5340 5341 5342 5343 5344 5345 5346 
20 5347 5348 5349 5350 5351 5352 5353 5354 5355 5356 5357 2638 5358 5359 5360 5361 5362 16 5363 5364 
29 5365 5366 5367 5368 5369 5370 5371 5372 450 5373 5374 5375 5376 5377 5378 5379 5380 5381 5382 5383 5384 5385 16 5386 5387 5388 5389 5390 1161 
19 5391 5392 5393 5394 5395 5396 5397 5398 5399 5400 5401 5402 16 5403 5404 5405 5406 5407 5408 
18 5409 5410 5411 5412 5413 5414 16 5415 5416 5417 5418 5419 5420 5421 5422 5423 5424 5425 
27 5426 5427 5428 5429 5430 5431 5432 5433 5434 5435 5436 5437 5438 5439 5440 5441 5442 5443 5444 5445 5446 16 5447 5448 5449 5450 5451 
24 5452 5453 5454 5455 5456 5457 5458 5459 5460 5461 5462 5463 5464 5465 5466 5467 5468 5469 16 5470 5471 5472 3024 5473 
21 5474 5475 5476 5477 5478 5479 5480 5481 5482 5483 5484 5485 5486 5487 5488 16 5489 59 5490 5491 5492 
31 5493 5494 5495 5496 5497 5498 5499 5500 5501 5502 5503 5504 5505 5506 5507 5508 5509 5510 5511 5512 5513 16 1905 5514 5515 5516 5517 5518 5519 5520 5521 
21 5522 5523 5524 5525 5526 5527 5528 5529 5530 5531 5532 5533 5534 5535 5536 5537 5538 5539 16 5540 5541 
25 5542 5543 5544 5545 5546 5547 5548 5549 5550 5551 5552 5553 5554 5357 5555 5556 5557 5558 16 5559 5560 5561 5562 5563 5564 
17 5565 5566 5567 5568 5569 5570 16 5571 5572 5573 5574 5575 5576 5577 5578 5579 5580 
26 5581 5582 5583 5584 5585 5586 5587 5588 30 5589 5590 5591 17 5592 5593 5594 5595 5596 5597 5598 5599 5600 5601 5602 5603 5604 
16 5605 5606 5607 5608 5609 5610 5611 5612 5613 17 5614 5615 5616 5617 5618 5619 
23 5620 5621 5622 5623 3946 5624 5625 5626 5627 5628 5629 5630 5631 5632 5633 17 3047 5634 5635 5636 5637 5638 5639 
27 5640 5641 5642 5643 5644 5645 5646 5647 5648 5649 5650 3987 5651 5652 5653 5654 5655 5656 5657 17 5658 5659 5660 4315 5661 5662 5663 
20 5664 5665 5666 5667 5668 5669 5670 5671 5672 5673 5674 5675 5676 17 5677 5678 5679 5680 5681 5682 
19 4429 5683 5684 5685 5686 5687 5688 5689 5690 5691 5692 2497 17 5693 5694 5695 5696 5697 5698 
5 5699 5700 1145 3372 17 
1 17 
2 17 3323 
1 17 
1 17 
2 17 5636 
1 17 
1 17 
3 589 17 1268 
4 4962 4087 626 17 
2 669 17 
1 17 
1 17 
1 17 
2 18 5039 
3 965 3219 18 
2 1556 18 
1 18 
2 18 4794 
2 18 1202 
3 4124 18 4768 
1 18 
1 18 
1 18 
2 651 18 
1 18 
4 1299 3837 18 1289 
2 18 3493 
1 19 
4 3734 3567 1257 19 
1 19 
2 975 19 
2 5383 19 
1 19 
2 1324 19 
1 19 
3 3774 4905 19 
2 1131 19 
2 3705 19 
2 19 4627 
3 3415 1302 19 
1 19 
3 2880 3467 19 
3 2689 4400 19 
3 4539 5693 19 
2 1560 19 
3 3605 1467 19 
1 19 
2 368 19 
3 5373 3761 20 
3 3462 5207 20 
1 20 
3 4651 357 20 
1 20 
2 3923 20 
2 493 20 
1 20 
2 930 20 
2 1256 20 
4 4513 1715 5396 20 
5 2022 5329 349 20 5425 
2 1623 20 
1 20 
1 20 
2 278 21 
4 860 3044 4745 21 
3 4735 4832 21 
2 1024 21 
2 2383 21 
2 1871 21 
1 21 
2 21 345 
2 2583 21 
1 21 
1 21 
3 5044 698 21 
1 21 
1 21 
2 2761 21 
2 1979 21 
1 21 
2 5447 21 
1 21 
1 21 
2 666 21 
1 21 
1 22 
2 22 2302 
5 22 2709 2487 2450 2883 
1 22 
3 22 593 4101 
3 22 2409 4566 
3 22 3274 774 
1 22 
2 22 1642 
4 22 2495 3579 3713 
1 22 
3 22 3884 4259 
1 22 
1 22 
5 22 3563 5500 456 3552 
5 23 5044 4965 4840 4968 
3 23 1081 826 
2 23 5638 
7 23 3287 2385 4600 4383 1986 2551 
3 23 2447 1661 
3 23 5624 1002 
2 23 2024 
4 23 4476 5467 442 
4 23 2418 158 5579 
2 23 2538 
4 23 3058 5167 262 
1 23 
1 23 
2 23 4420 
3 23 761 845 
1 23 
2 23 3014 
1 24 
1 24 
3 24 3203 2100 
2 24 3321 
3 24 3977 640 
2 24 4559 
1 24 
1 24 
3 24 254 2997 
3 24 4618 3743 
3 24 55 4335 
4 24 1445 5218 1154 
3 24 2535 936 
2 24 5532 
1 24 
6 24 506 1664 4212 4027 2140 
3 24 5365 3110 
2 24 2449 
1 24 
3 24 4836 5504 
3 24 1253 2727 
3 24 1804 3917 
1 24 
1 24 
3 24 3218 2068 
4 24 2250 4950 5386 
2 24 745 
4 24 785 3719 405 
2 24 2939 
2 25 1103 
2 25 4593 
1 25 
3 25 1517 682 
2 25 49 
2 5453 25 
3 25 3438 281 
2 25 5111 
3 25 2426 1254 
1 25 
2 25 4360 
3 25 5058 3728 
5 25 1769 2781 4976 397 
1 25 
2 25 3415 
2 25 788 
3 25 4431 1687 
2 25 1481 
2 25 4118 
1 25 
2 25 5617 
3 25 4944 3634 
2 26 4117 
2 26 3791 
4 26 3626 2558 4397 
4 730 26 4424 204 
2 26 5649 
2 26 2164 
3 26 3423 1550 
2 26 3586 
2 26 1102 
1 26 
3 2245 26 983 
2 271 26 
3 26 2914 2145 
5 26 1645 3762 4269 2384 
3 26 4140 2514 
2 26 3088 
1 26 
1 26 
2 26 3525 
1 26 
1 26 
2 26 4852 
2 26 3019 
2 26 2420 
1 26 
2 4014 27 
1 27 
2 27 352 
1 27 
1 27 
2 27 3135 
1 27 
1 27 
4 27 1317 2310 4120 
1 27 
2 27 3288 
1 27 
1 27 
2 28 5560 
2 28 1701 
5 28 3150 430 3156 1723 
1 28 
2 28 5415 
2 28 2252 
4 28 2288 2409 2380 
3 28 3438 3264 
1 28 
1 28 
5 1714 28 4325 3001 4834 
5 28 2380 5406 3712 888 
1 29 
2 2266 29 
4 1336 29 2608 4057 
2 29 569 
2 29 4622 
2 29 2680 
2 29 2368 
2 5120 29 
1 29 
2 4345 29 
2 29 2788 
2 2011 29 
6 2911 29 5067 3112 4744 1708 
1 29 
1 29 
2 29 261 
2 4966 29 
2 68 29 
2 29 5017 
3 29 5613 2365 
3 29 904 2941 
1 30 
3 5257 1803 30 
2 3567 30 
2 30 2924 
3 3414 2406 30 
2 30 658 
3 3085 30 1000 
4 30 3463 3509 2684 
3 2302 30 4639 
3 30 2699 4620 
1 30 
2 30 4222 
2 30 198 
2 4188 30 
1 30 
4 30 1118 1043 4223 
2 2536 30 
2 31 3243 
3 1217 31 4119 
3 31 5003 2624 
2 3289 31 
1 31 
1 31 
3 31 3616 1709 
2 31 3246 
3 31 2342 2473 
3 1887 31 1369 
3 4328 31 1245 
3 2141 31 3280 
3 2694 31 4706 
1 31 
3 5428 31 4397 
3 4490 519 31 
8 3854 31 1718 104 917 778 4846 3535 
1 31 
1 31 
2 3275 31 
3 2582 31 3406 
4 3452 1088 31 5575 
1 31 
2 32 2326 
1 32 
2 32 4524 
2 32 4053 
2 32 5109 
3 938 3999 32 
2 4908 32 
2 32 1618 
4 2686 32 971 4976 
4 4651 1734 32 4552 
1 32 
4 965 1745 988 32 
4 2537 32 3613 305 
4 5700 32 4841 1348 
3 789 32 1703 
2 32 3843 
2 387 32 
4 1837 32 1750 4425 
1 32 
1 32 
3 2367 32 3280 
1 32 
2 5584 32 
2 2124 33 
2 33 1592 
1 33 
1 33 
1 33 
3 1765 33 5512 
2 1540 33 
2 1187 33 
3 33 4230 1022 
2 33 1723 
2 4893 33 
2 33 1759 
2 2338 33 
4 1205 862 33 3802 
2 33 2053 
2 33 742 
3 4962 33 5631 
2 33 3249 
1 33 
3 5642 747 33 
1 33 
2 4809 33 
3 4787 1924 34 
2 4450 34 
1 34 
3 2394 34 5600 
3 5218 34 306 
1 34 
3 2382 1038 34 
1 34 
2 2472 34 
1 34 
2 34 3616 
3 2662 3333 34 
2 2506 34 
2 34 5298 
2 5320 34 
2 2802 34 
2 1127 34 
1 34 
3 419 1143 34 
1 34 
3 3101 34 4552 
1 34 
3 4027 34 2331 
2 4914 34 
3 1919 34 3266 
2 1091 35 
3 5235 35 4078 
2 3169 35 
1 35 
2 35 321 
1 35 
2 35 4116 
3 3987 3821 35 
4 225 4540 2325 35 
1 35 
2 3415 35 
2 542 35 
3 2037 35 4666 
2 35 4691 
1 35 
2 35 997 
1 35 
1 36 
3 3687 36 2983 
2 36 381 
1 36 
3 3908 4812 36 
2 36 307 
2 5355 36 
1 36 
4 4633 36 1265 3282 
2 4103 36 
4 1088 36 3665 248 
2 2841 36 
1 36 
3 5643 3124 36 
1 36 
1 36 
3 36 2833 90 
2 2204 36 
3 447 36 3437 
2 36 5471 
3 2254 816 36 
3 3833 1445 36 
4 1468 36 3712 3246 
1 36 
4 1893 36 2184 913 
1 36 
2 1207 37 
2 1553 37 
2 37 2116 
3 2045 4375 37 
2 3609 37 
3 75 37 4508 
2 37 4877 
3 2971 54 37 
6 372 754 5321 37 1433 1309 
1 37 
3 1685 37 4707 
2 2938 37 
2 3836 37 
3 3971 37 1909 
2 1584 37 
2 37 2986 
1 37 
1 37 
2 1251 37 
2 5138 37 
1 37 
3 763 114 37 
1 38 
1 38 
1 38 
2 2538 38 
1 38 
2 3131 38 
3 1238 2618 38 
3 5665 3909 38 
2 751 38 
1 38 
2 838 38 
2 1481 38 
1 38 
4 3940 38 4990 2361 
4 224 1388 38 2881 
2 212 38 
1 38 
2 3970 38 
3 469 1560 39 
1 39 
3 4123 3909 39 
2 1791 39 
2 4540 39 
3 3309 924 39 
1 39 
2 1281 39 
2 39 3885 
2 39 4101 
3 1581 1751 39 
1 39 
3 615 5511 39 
2 5259 39 
2 39 3617 
4 40 1159 441 800 
1 40 
2 619 40 
3 2071 40 3363 
2 1356 40 
1 40 
3 720 40 1203 
2 2316 40 
1 40 
3 854 698 40 
2 3546 40 
1 40 
4 859 1861 5179 40 
2 4370 40 
2 2153 41 
1 41 
3 3863 412 41 
1 41 
3 1360 711 41 
1 41 
1 41 
3 1473 3351 41 
2 2793 41 
2 1490 41 
3 4482 4987 41 
2 2084 41 
1 41 
3 3074 2515 41 
1 41 
2 389 41 
4 1360 3330 1315 41 
1 41 
2 1485 41 
3 872 570 41 
2 5421 41 
2 1075 41 
2 2390 41 
2 1786 41 
2 42 2767 
2 42 1151 
3 42 4502 442 
2 42 5442 
1 42 
2 42 459 
4 42 3486 591 2962 
2 42 1106 
1 42 
4 42 1506 1983 2504 
2 42 4986 
1 42 
1 42 
3 42 5139 2570 
1 42 
2 42 4627 
4 42 4632 1879 4464 
2 42 745 
2 43 181 
2 43 2542 
2 43 2381 
1 43 
1 43 
3 43 1088 4786 
2 43 2059 
5 43 5334 3674 4310 1607 
2 43 3862 
1 43 
2 43 3886 
1 43 
2 43 2932 
2 43 4556 
1 43 
4 43 3429 4137 684 
1 43 
1 43 
5 43 1053 1298 2559 158 
1 43 
1 44 
1 44 
3 44 1192 5639 
1 44 
1 44 
3 44 399 2604 
1 44 
3 3832 44 2146 
1 44 
1 44 
2 44 3173 
2 44 2658 
2 44 3355 
1 44 
3 44 885 264 
4 2988 45 3705 5251 
1 45 
2 45 722 
4 45 3947 3858 2387 
2 45 1357 
1 45 
2 45 5201 
2 4802 45 
1 45 
3 45 185 412 
4 1361 45 1458 1738 
4 854 45 5337 4060 
3 45 5358 4509 
2 45 4485 
1 45 
1 45 
2 46 5469 
1 46 
4 46 754 1564 847 
3 46 2963 4038 
3 4670 46 4555 
3 46 5447 4055 
3 46 3033 2859 
2 46 757 
2 362 46 
1 46 
2 46 613 
2 46 3986 
1 46 
1 46 
1 46 
1 46 
1 46 
1 46 
1 47 
3 47 1436 5541 
3 47 4776 778 
3 47 3155 135 
1 47 
1 47 
2 47 3247 
3 5523 47 207 
3 47 3121 1327 
4 47 2463 2993 2787 
2 1082 47 
4 47 1314 1669 3631 
4 47 905 4637 2569 
1 47 
2 47 1483 
4 47 69 3910 835 
3 47 2173 4698 
3 47 4542 4707 
2 47 515 
2 47 4784 
1 47 
1 47 
3 1473 47 3787 
2 47 1846 
2 47 4965 
4 48 2099 2388 972 
2 48 2869 
2 48 5445 
1 48 
2 48 3797 
2 48 5224 
2 48 1615 
1 48 
1 48 
4 2300 48 3606 536 
4 48 5374 882 4381 
4 48 4328 4194 2316 
1 48 
2 48 2609 
3 48 3203 967 
1 48 
1 48 
3 48 2684 5161 
2 48 688 
2 2226 48 
2 48 2525 
2 48 5389 
2 48 570 
1 49 
4 49 3040 2159 2547 
2 49 3933 
2 2224 49 
1 49 
6 4746 976 3810 49 175 4262 
3 49 735 2289 
1 49 
1 49 
1 49 
2 49 2719 
1 49 
5 4184 49 354 2560 3072 
1 49 
2 49 127 
1 49 
2 49 3001 
2 3416 49 
3 4770 49 427 
2 2571 49 
4 50 582 950 2468 
2 50 4523 
3 2449 50 2761 
2 2969 50 
2 50 4529 
1 50 
2 50 1875 
1 50 
1 50 
1 50 
2 50 4093 
3 4470 50 1433 
2 938 50 
1 50 
2 50 2478 
2 1188 50 
2 50 3826 
3 50 1480 221 
1 50 
3 50 125 4427 
1 50 
2 50 3266 
2 50 5090 
2 4962 50 
2 51 3446 
1 51 
2 4784 51 
6 312 51 588 4501 1785 1725 
1 51 
4 51 1374 909 3094 
3 1051 51 1221 
2 51 4846 
1 51 
3 1438 51 585 
3 895 3719 51 
2 51 2138 
1 52 
3 328 4824 52 
3 5544 923 52 
1 52 
2 52 1813 
1 52 
2 2104 52 
1 52 
1 52 
3 1162 52 476 
1 52 
1 52 
1 53 
4 2597 5381 53 5521 
2 588 53 
1 53 
1 53 
3 3016 53 1156 
2 1350 53 
2 4942 53 
3 53 2347 5639 
2 1123 53 
1 53 
4 4801 53 1278 662 
3 2793 53 2182 
3 3850 53 3802 
2 543 53 
1 53 
3 403 53 2819 
3 2667 4887 53 
1 53 
2 53 1672 
1 53 
1 53 
3 2284 54 4457 
3 5329 54 3281 
2 4770 54 
2 4892 54 
1 54 
1 54 
1 54 
3 54 5573 5007 
4 224 1439 54 2812 
3 4734 54 2858 
3 1030 2782 54 
2 54 1321 
2 54 1204 
1 54 
3 608 3722 54 
1 55 
2 364 55 
2 55 3045 
3 5439 55 4056 
2 3602 55 
2 55 2862 
1 55 
3 5172 55 1018 
2 55 2348 
1 55 
2 3449 55 
1 55 
3 1790 55 5177 
2 55 2879 
2 4578 55 
5 3701 628 55 56 1701 
1 55 
3 1107 1838 55 
2 55 1152 
3 2023 55 3694 
3 3189 55 552 
2 4865 55 
1 55 
1 55 
1 55 
2 55 1944 
4 2795 5399 55 1851 
2 1104 56 
2 968 56 
2 1254 56 
3 56 819 1179 
1 56 
2 1805 56 
1 56 
2 3057 56 
3 56 5238 1455 
1 56 
2 5153 56 
2 56 1570 
2 56 2242 
2 4737 56 
3 4071 2740 56 
1 56 
1 56 
3 1665 56 1326 
2 2599 57 
2 57 3884 
3 2657 57 2549 
3 5169 57 2877 
2 3310 57 
1 57 
2 57 236 
2 57 780 
2 57 4725 
3 2823 1431 57 
1 57 
2 2228 57 
1 57 
3 4398 399 58 
2 880 58 
1 58 
2 1241 58 
2 58 4314 
2 2213 58 
2 2776 58 
5 2338 806 674 58 575 
2 242 58 
1 58 
2 647 58 
2 3071 58 
2 1523 58 
2 2756 58 
2 58 1551 
1 58 
1 58 
3 5522 1140 58 
1 58 
3 1276 58 3803 
2 5337 58 
2 474 58 
2 444 58 
3 1050 1261 59 
2 3463 59 
2 790 59 
2 1040 59 
1 59 
4 1973 59 4645 2336 
2 59 3830 
1 59 
1 59 
2 3923 59 
3 2709 2604 59 
1 59 
1 59 
8 4589 2800 4758 1961 4949 3321 59 3773 
3 2714 59 552 
4 3083 1864 4378 59 
1 59 
1 60 
2 1981 60 
3 1251 995 60 
1 60 
2 5529 60 
3 5554 1769 60 
4 4512 5282 638 60 
4 3037 5509 3692 60 
3 3482 258 60 
1 60 
4 2481 334 60 3249 
2 5501 60 
2 4165 60 
3 5444 60 5405 
3 1877 4542 60 
2 4090 60 
1 60 
4 3088 5466 60 5681 
1 61 
2 1098 61 
1 61 
1 61 
2 640 61 
1 61 
2 297 61 
1 61 
3 1286 61 2987 
2 4301 61 
1 61 
2 4840 61 
2 784 61 
4 1041 4315 1762 61 
1 61 
3 5393 426 61 
2 3432 61 
4 4125 991 61 5300 
3 2288 5296 61 
1 61 
2 745 61 
3 2064 1281 61 
2 281 61 
5 1461 4775 983 4487 62 
3 1346 62 2400 
2 1665 62 
1 62 
5 3600 4446 3902 2745 62 
2 70 62 
1 62 
2 4043 62 
2 3820 62 
1 62 
2 2044 62 
2 3039 62 
2 1347 62 
2 5090 62 
2 4408 62 
1 62 
2 5004 62 
2 1053 62 
3 225 1549 62 
2 1343 62 
2 4188 62 
1 62 
1 62 
1 63 
3 2465 1703 63 
3 2173 607 63 
4 5608 953 5616 63 
1 63 
6 5259 3872 5437 1524 4971 63 
2 4031 63 
4 3271 823 3046 63 
1 63 
2 3981 63 
1 63 
2 3836 63 
1 63 
4 4526 5109 63 3906 
1 63 
2 63 3284 
2 2001 63 
3 2471 316 63 
3 751 5273 63 
5 2496 4075 1020 262 63 
3 64 3079 613 
1 64 
3 64 690 2424 
3 64 5241 4306 
2 64 5299 
1 64 
3 64 5482 4896 
4 64 3914 3177 4036 
1 64 
2 64 1654 
2 64 3739 
2 64 151 
2 64 555 
1 64 
2 64 1787 
1 64 
3 64 968 3935 
1 64 
1 64 
2 64 2583 
2 64 1837 
1 64 
1 64 
2 64 1505 
1 64 
2 64 3444 
1 64 
1 64 
2 64 2615 
1 65 
1 65 
2 5043 65 
2 65 5561 
3 65 3345 718 
1 65 
3 65 4311 5276 
3 65 1084 2438 
2 65 2566 
3 224 65 2780 
1 65 
2 65 564 
2 66 4022 
3 66 4882 3436 
1 66 
2 66 5503 
1 66 
7 66 2203 1123 2368 4548 708 2791 
3 66 3910 3233 
2 66 435 
5 66 5241 1052 452 5616 
2 3497 66 
3 66 355 2053 
2 326 66 
1 66 
2 66 266 
2 66 4842 
2 66 1104 
2 66 5036 
3 4961 66 3306 
3 66 2095 5530 
4 66 672 1321 4102 
6 66 3859 4760 5127 2945 4572 
1 66 
2 66 305 
2 66 3035 
3 66 1790 3144 
1 66 
1 66 
2 1571 67 
3 3077 67 2165 
2 67 2977 
2 67 1100 
3 67 3584 4189 
5 67 1558 997 5019 1569 
3 67 1671 4705 
1 67 
4 67 2779 737 1160 
2 67 4001 
1 67 
2 67 4966 
2 67 2442 
4 1872 67 1404 1147 
1 67 
2 67 5419 
3 67 323 2168 
2 3009 68 
2 68 5680 
1 68 
1 68 
1 68 
3 68 4899 5387 
2 3383 68 
1 68 
2 68 819 
2 68 323 
1 68 
1 68 
4 4713 68 337 2861 
2 68 2602 
1 68 
1 68 
1 68 
2 68 1515 
3 68 98 3442 
2 68 698 
2 69 3663 
2 69 5378 
2 69 2558 
3 69 3577 5449 
3 69 1367 881 
2 69 775 
1 69 
3 69 1962 499 
1 69 
2 69 3185 
2 69 2342 
4 69 3839 1019 1265 
2 69 2898 
2 69 1352 
3 3983 69 331 
2 69 5393 
2 69 1067 
3 69 3440 878 
1 69 
1 69 
3 69 3856 2909 
1 69 
1 69 
3 5347 69 2378 
1 70 
2 70 5033 
4 518 70 3816 1776 
5 70 1806 4049 2032 4159 
3 4276 70 3629 
2 70 4358 
2 70 2915 
3 1837 70 5271 
1 70 
3 70 1181 1691 
1 70 
2 70 2342 
3 1163 70 1452 
4 70 130 1174 3919 
4 70 3675 590 105 
4 71 5053 3769 88 
4 3385 2157 71 992 
1 71 
2 71 1323 
2 71 2005 
2 71 2727 
2 71 2735 
4 2276 71 749 5617 
2 71 840 
1 71 
2 2911 71 
3 763 72 775 
2 72 846 
1 72 
3 3685 72 3166 
1 72 
3 72 2753 3039 
1 72 
4 1314 72 1976 5555 
3 72 2790 2947 
3 72 563 5438 
3 72 1562 4740 
3 4650 1409 72 
1 72 
4 5044 1477 72 1639 
2 72 967 
2 72 5420 
3 4632 72 3431 
3 3086 72 4167 
3 72 144 2816 
1 72 
1 72 
1 72 
1 72 
3 72 4688 2947 
2 72 5321 
3 4512 73 5170 
3 5310 73 1781 
5 5605 73 3912 1431 3662 
2 73 726 
1 73 
1 73 
2 73 1682 
1 73 
1 73 
2 3601 73 
1 73 
2 73 2629 
3 5230 5166 73 
2 73 3592 
2 73 4275 
2 4931 73 
3 73 5559 1882 
2 73 4357 
2 74 3188 
2 74 1286 
2 74 259 
2 74 4875 
4 5209 4933 74 4521 
3 74 1720 3615 
2 74 1371 
2 2369 74 
1 74 
1 74 
2 74 3773 
1 74 
1 74 
3 2686 74 5509 
1 74 
1 74 
1 74 
4 74 4688 2563 4780 
1 75 
2 3181 75 
3 75 1895 3191 
4 75 2412 2701 2947 
1 75 
2 75 4613 
1 75 
2 75 4121 
1 75 
1 75 
3 1387 75 1077 
1 75 
4 949 75 698 3115 
2 4126 75 
2 4473 75 
2 871 75 
2 75 3958 
3 2508 76 971 
4 2205 76 1016 3953 
4 76 4287 3114 3885 
1 76 
5 4825 76 3255 3113 5019 
2 4181 76 
3 3669 76 3410 
5 3869 426 76 5463 685 
1 76 
3 2494 76 1584 
3 76 2295 3158 
1 76 
3 3503 76 2998 
1 76 
4 3365 76 5176 1346 
2 76 5658 
3 2014 76 2790 
3 2194 76 1058 
4 5687 76 4453 2432 
2 3997 77 
2 77 846 
1 77 
2 4185 77 
2 1162 77 
2 4636 77 
2 2284 77 
3 2121 1974 77 
2 77 3277 
3 3671 77 5039 
4 2366 77 3341 343 
4 2039 77 79 686 
2 77 2534 
3 2673 77 5069 
2 2690 77 
2 77 2939 
5 766 78 3339 1604 892 
1 78 
2 138 78 
1 78 
5 2460 78 1373 3913 2139 
2 78 4310 
1 78 
5 5641 3473 78 3574 955 
3 78 461 723 
3 78 2728 4179 
2 78 884 
3 2038 78 3952 
2 78 777 
1 78 
1 78 
3 78 3829 264 
1 78 
3 3521 768 78 
2 3749 78 
2 78 1762 
3 78 5174 4195 
2 5164 78 
1 78 
2 4788 79 
1 79 
1 79 
3 2123 79 5694 
1 79 
1 79 
3 4884 79 2456 
1 79 
2 3944 79 
2 79 1228 
2 79 792 
2 79 3656 
1 79 
3 1858 79 5651 
2 2599 79 
3 1744 79 2684 
1 79 
2 3849 80 
2 80 3249 
3 2487 80 1307 
3 3448 80 3616 
3 447 3522 80 
4 80 4642 5405 3243 
3 5610 80 3980 
3 5142 80 3877 
1 80 
2 4632 80 
3 1093 80 5220 
2 1190 80 
1 80 
2 4913 80 
2 5068 80 
1 80 
1 80 
1 80 
1 80 
3 5394 5398 80 
1 80 
1 80 
1 81 
2 5354 81 
2 81 2878 
2 3233 81 
1 81 
3 606 2616 81 
2 4755 81 
2 81 4457 
1 81 
1 81 
3 223 81 3283 
1 81 
1 81 
1 81 
2 81 1180 
3 472 3689 81 
3 2103 1095 81 
4 2650 4127 4971 82 
3 691 5314 82 
2 1876 82 
3 82 3488 5472 
2 313 82 
1 82 
3 1278 82 5618 
1 82 
4 730 2891 82 342 
2 82 2384 
3 2671 1370 82 
3 5689 5054 82 
3 854 82 5693 
1 82 
1 82 
2 82 4899 
1 82 
2 1278 82 
2 82 1061 
3 1273 5572 83 
3 5645 2777 83 
2 83 1641 
2 83 3645 
1 83 
1 83 
3 1714 83 5344 
1 83 
1 83 
1 83 
3 1993 740 83 
2 5279 83 
2 4607 83 
3 1447 83 704 
1 83 
1 83 
1 83 
2 3673 83 
1 83 
2 83 4795 
1 83 
2 601 83 
2 3824 84 
1 84 
1 84 
3 2771 4584 84 
2 4418 84 
1 84 
2 84 3829 
3 5077 3066 84 
1 84 
3 2668 84 5424 
1 84 
2 1473 84 
3 4399 3527 84 
4 3540 2210 1739 84 
3 2266 808 84 
1 84 
1 84 
1 84 
3 3737 3111 84 
3 268 4684 84 
1 84 
1 84 
3 901 3278 84 
1 84 
3 3627 84 1786 
3 3700 584 84 
2 4723 85 
1 85 
1 85 
3 1788 3349 85 
4 2481 3955 358 85 
1 85 
2 4344 85 
2 5391 85 
4 5503 3627 85 3919 
1 85 
3 2009 3408 85 
4 3889 2284 2367 85 
3 2753 85 2139 
1 85 
1 85 
2 3983 85 
1 85 
2 5311 85 
1 85 
1 85 
3 3868 1373 85 
1 85 
2 1573 85 
3 391 85 4082 
2 3419 86 
3 5465 2131 86 
2 479 86 
1 86 
1 86 
1 86 
3 2253 86 3790 
2 4333 86 
1 86 
1 86 
3 5114 5488 86 
4 269 1214 86 5638 
2 1663 86 
1 86 
3 4355 5389 86 
3 3525 86 249 
1 86 
1 86 
2 402 86 
2 4297 87 
5 2632 3702 2124 1655 87 
3 430 4505 87 
3 1164 87 1067 
2 3519 87 
3 3372 2273 87 
3 4518 3071 87 
2 881 87 
4 2697 4033 87 4486 
2 1279 87 
2 87 1005 
1 87 
1 87 
3 1729 5310 87 
5 2910 3186 2134 87 2437 
2 3047 87 
1 88 
2 2941 88 
1 88 
4 2162 3977 88 2517 
3 1391 2877 88 
1 88 
2 4472 88 
2 700 88 
1 88 
3 4106 460 88 
2 88 5682 
1 88 
3 4880 2952 88 
3 1343 3170 88 
1 88 
1 88 
3 227 1869 88 
3 2823 5445 89 
3 1792 2027 89 
3 4741 5449 89 
2 4898 89 
2 5627 89 
2 3229 89 
4 505 4131 1038 89 
2 3872 89 
3 1186 591 89 
2 3941 89 
2 2693 89 
3 193 3878 89 
2 2372 89 
3 528 3071 89 
2 560 89 
1 89 
1 90 
3 4969 4467 90 
3 5024 5215 90 
3 1577 514 90 
3 5282 356 90 
1 90 
2 3373 90 
4 1781 4571 570 90 
4 139 2902 2395 90 
5 1408 1746 3802 5179 90 
3 5193 2943 90 
2 4645 90 
4 506 609 3638 90 
3 2668 5616 90 
4 4749 965 5447 90 
1 91 
2 5441 91 
2 2300 91 
3 4970 1675 91 
2 3052 91 
2 2062 91 
1 91 
2 4184 91 
2 586 91 
2 3021 91 
2 4945 91 
1 91 
2 846 91 
2 1606 91 
2 3971 91 
2 4382 91 
4 5243 5358 4333 91 
1 92 
5 223 92 2951 3785 1511 
4 92 3314 588 3767 
2 92 1720 
1 92 
1 92 
3 5256 92 4241 
2 92 594 
5 92 2047 740 4641 4483 
2 92 4990 
2 92 5316 
1 92 
1 92 
2 92 4487 
3 92 5499 2368 
2 92 3411 
2 92 611 
2 92 2283 
1 92 
3 92 1152 1492 
1 92 
2 93 5340 
3 93 605 4844 
3 2552 93 275 
2 93 5670 
2 5664 93 
3 93 1126 456 
3 93 5197 1905 
2 3078 93 
2 93 4576 
3 5582 93 3925 
2 93 4274 
2 93 3753 
2 1336 93 
3 4147 93 1839 
1 93 
4 93 4266 5444 2498 
1 93 
3 1386 93 1718 
1 93 
1 93 
2 93 4614 
3 93 965 2235 
4 3181 93 1617 782 
4 93 1809 5486 1219 
2 94 1622 
1 94 
3 94 1035 1270 
4 94 733 3280 3740 
3 94 4804 1696 
4 94 2976 4217 4012 
3 94 4959 5521 
3 94 3273 1919 
1 94 
1 94 
1 94 
3 94 5063 2189 
2 94 3786 
2 94 1975 
3 94 4823 4827 
3 538 95 2102 
2 95 436 
2 95 1055 
5 4729 1337 95 5275 136 
2 95 3532 
2 95 132 
3 95 4724 1787 
1 95 
1 95 
4 95 5163 2637 2584 
3 95 978 5000 
1 95 
2 95 4532 
2 96 2215 
3 96 2778 1873 
3 96 5312 4736 
3 96 2370 3391 
2 96 2215 
1 96 
1 96 
3 96 4577 4973 
2 96 4736 
2 96 2095 
3 269 96 4397 
6 5227 96 4042 3334 3484 3694 
1 96 
1 96 
1 96 
1 96 
1 96 
1 97 
2 3331 97 
3 97 2371 5131 
3 3809 97 4465 
6 3452 253 1341 97 1225 594 
3 97 1040 4665 
2 97 1777 
1 97 
1 97 
1 97 
2 4085 97 
3 97 2727 4274 
4 3335 97 2165 4924 
4 238 97 3134 893 
3 168 97 2297 
1 97 
2 97 1869 
1 97 
3 97 169 1049 
2 5285 97 
1 97 
1 97 
3 5081 97 3243 
1 97 
1 98 
3 98 3574 1509 
2 5411 98 
3 2421 98 3590 
3 98 757 4099 
1 98 
1 98 
3 98 2963 1119 
1 98 
1 98 
1 98 
1 98 
4 2224 98 1849 1694 
1 99 
4 366 99 2513 5133 
3 4713 99 1286 
2 1817 99 
1 99 
5 944 99 2873 3990 261 
3 1554 99 3003 
5 99 2017 2588 2164 1135 
2 99 5382 
3 3149 99 799 
3 4470 99 2437 
2 99 2863 
3 99 2512 1401 
1 99 
1 99 
4 2245 3034 99 5033 
2 99 3783 
3 563 100 4216 
1 100 
1 100 
1 100 
2 100 4118 
1 100 
2 100 688 
2 100 4724 
2 1423 100 
3 3624 100 2605 
1 100 
2 4170 100 
2 100 4740 
1 100 
2 100 2029 
2 100 2149 
1 100 
2 100 3634 
5 3750 1770 100 4874 287 
1 100 
2 100 2299 
2 5331 100 
2 100 703 
1 100 
1 100 
2 5083 100 
3 2541 3781 100 
1 101 
3 4578 4175 101 
1 101 
2 5259 101 
3 101 200 4065 
4 2794 1795 101 646 
2 101 4906 
1 101 
1 101 
2 4825 101 
2 622 101 
1 101 
1 101 
1 101 
1 101 
3 3680 4799 101 
1 101 
1 101 
2 4348 101 
2 3522 101 
1 102 
1 102 
1 102 
2 3604 102 
1 102 
1 102 
1 102 
3 4873 102 4532 
1 102 
3 3103 4563 102 
3 3650 102 1048 
2 4375 102 
3 5167 102 4744 
2 3448 102 
2 102 2019 
4 5699 2248 102 202 
1 102 
3 5210 2176 102 
2 4911 102 
2 2294 102 
2 5540 103 
2 3553 103 
2 4356 103 
2 2834 103 
1 103 
1 103 
1 103 
5 3270 4304 1117 103 105 
2 1317 103 
1 103 
1 103 
2 4936 103 
2 262 103 
2 2015 103 
1 103 
1 103 
2 3996 103 
1 104 
2 4918 104 
2 1109 104 
2 1464 104 
3 2563 104 1801 
2 1367 104 
3 2779 3762 104 
2 5567 104 
3 4244 376 104 
1 104 
3 1122 3333 104 
2 2654 104 
2 792 104 
2 104 4033 
3 5082 3578 104 
2 401 104 
2 3954 104 
2 202 105 
1 105 
3 3623 105 5254 
1 105 
1 105 
4 3063 1581 3465 105 
1 105 
2 4210 105 
1 105 
2 5683 105 
3 4175 2726 105 
3 5232 4272 105 
2 3075 105 
2 105 1201 
1 105 
2 4012 105 
2 4919 105 
5 2662 3098 1353 3837 105 
1 105 
2 2258 105 
2 4314 106 
2 1629 106 
3 3550 5016 106 
3 527 5057 106 
1 106 
2 4593 106 
2 1454 106 
2 1967 106 
1 106 
3 1877 5594 106 
2 2439 106 
3 2526 1948 106 
1 106 
2 2535 107 
2 357 107 
2 1042 107 
5 2523 404 4092 3914 107 
2 107 204 
2 5325 107 
4 4860 4420 1696 107 
2 3584 107 
2 1901 107 
2 2476 107 
1 107 
4 1337 2787 2923 107 
1 107 
2 2408 107 
2 2886 107 
1 108 
4 3028 659 4544 108 
5 1484 2431 5519 3791 108 
3 1468 3695 108 
1 108 
1 108 
3 4001 4353 108 
1 108 
2 1172 108 
2 693 108 
2 3764 108 
3 250 1751 108 
2 5445 108 
1 108 
1 108 
2 2540 108 
1 108 
3 1256 614 108 
2 3747 108 
2 4320 108 
2 109 5028 
1 109 
2 109 5596 
5 4386 109 807 2639 4236 
2 109 4625 
1 109 
4 109 1731 3968 3789 
2 109 2361 
3 109 3109 1160 
3 109 3707 4766 
2 109 2217 
1 109 
3 109 5222 439 
2 109 4267 
2 109 5671 
3 109 748 2809 
2 109 4714 
2 109 3188 
2 109 4989 
4 109 4698 2580 199 
3 109 2545 3158 
3 109 4253 2501 
1 110 
2 110 3935 
3 3499 110 5336 
2 110 2108 
2 2890 110 
1 110 
2 110 770 
3 110 2182 3071 
1 110 
3 2492 110 5151 
2 5685 110 
2 2751 110 
1 111 
2 111 4074 
1 111 
3 3311 111 3043 
2 111 4726 
4 254 111 1825 1264 
1 111 
2 111 3006 
2 4699 111 
4 895 5410 111 3742 
3 417 111 5221 
1 111 
3 1803 111 4704 
3 112 5674 1551 
2 980 112 
1 112 
2 4734 112 
3 2869 112 3209 
2 2081 112 
1 112 
3 4809 112 3711 
1 112 
2 2505 112 
1 112 
2 3455 112 
2 112 5516 
6 692 5234 5435 4266 2231 112 
1 112 
3 4656 113 3225 
1 113 
1 113 
3 1464 113 5472 
2 4301 113 
2 1499 113 
3 600 1663 113 
1 113 
2 166 113 
1 113 
1 113 
1 113 
1 113 
3 1644 276 113 
1 113 
2 5194 113 
3 3253 113 1676 
1 113 
1 113 
3 113 3432 4780 
2 113 973 
5 4783 5687 1477 113 1631 
2 430 113 
4 3309 5235 565 114 
2 152 114 
2 3155 114 
1 114 
2 478 114 
2 828 114 
3 3798 114 260 
1 114 
2 114 1902 
1 114 
1 114 
2 115 3359 
2 759 115 
3 4314 115 4902 
2 3537 115 
1 115 
3 1350 115 4062 
1 115 
4 3683 919 3061 115 
1 115 
2 3541 115 
2 1681 115 
1 115 
4 471 2639 1877 115 
3 1274 1845 115 
1 115 
2 5126 115 
3 217 115 1289 
1 115 
4 2407 5152 115 3491 
1 116 
3 116 4056 3307 
5 1187 4718 3021 886 116 
1 116 
2 4658 116 
2 116 1951 
1 116 
3 3352 116 3904 
1 116 
2 2843 116 
1 116 
3 2085 998 116 
1 116 
3 116 688 4065 
2 2989 116 
2 116 3789 
1 116 
1 116 
2 1799 116 
2 3273 116 
2 5679 117 
3 5083 117 3646 
1 117 
2 117 1455 
2 3096 117 
3 3118 3694 117 
3 5230 4070 117 
2 4995 117 
2 4746 117 
3 2773 4777 117 
1 117 
3 3544 3575 118 
4 1251 2491 2219 118 
2 681 118 
4 1439 3291 3975 118 
2 2286 118 
2 2574 118 
1 118 
2 4941 118 
3 2228 1606 118 
1 118 
1 118 
3 1086 3375 118 
1 118 
4 1816 1820 118 5062 
1 118 
4 4400 2066 3043 118 
3 2249 5167 118 
2 2203 118 
2 118 3436 
2 3272 118 
2 2429 118 
1 119 
4 921 1869 4220 119 
2 4873 119 
4 2875 3915 914 119 
2 4001 119 
4 2210 3003 119 1079 
2 5692 119 
1 119 
2 119 2116 
2 5626 119 
1 119 
2 4166 119 
2 1785 119 
1 119 
1 119 
2 4142 119 
4 5247 2311 2722 119 
2 4842 119 
1 119 
3 5653 1062 119 
3 2917 3461 119 
3 173 119 5041 
4 476 120 1885 5042 
1 120 
1 120 
3 120 1949 3214 
3 2218 120 204 
3 3573 440 120 
2 3839 120 
3 509 3574 120 
3 1649 4060 120 
3 4961 684 120 
1 120 
1 120 
2 5335 120 
2 120 2007 
2 4497 120 
3 2581 3674 120 
1 120 
1 120 
2 121 3957 
1 121 
1 121 
3 121 517 1607 
3 121 5410 3259 
2 121 3948 
1 121 
1 121 
2 121 5236 
1 121 
2 121 1667 
2 121 4143 
2 121 2277 
5 122 3414 4343 2806 1356 
4 122 2841 4371 2275 
3 5426 122 5304 
1 122 
1 122 
1 122 
1 122 
2 122 1760 
4 1008 122 1463 1630 
3 122 5374 4579 
3 122 2206 5618 
2 122 4791 
3 122 510 1157 
3 122 924 2934 
4 122 5482 3714 203 
1 122 
2 122 3769 
2 4796 122 
2 122 1953 
3 122 4910 1448 
3 122 3064 5591 
3 122 1847 5200 
1 122 
3 122 3782 1907 
3 1728 123 904 
1 123 
8 5620 3181 384 123 3397 545 3400 267 
1 123 
1 123 
1 123 
2 123 4788 
1 123 
3 123 5157 4222 
1 123 
3 123 3569 499 
2 123 2239 
1 123 
3 123 229 4157 
2 123 3408 
1 123 
4 123 906 752 5092 
3 123 5672 4728 
2 140 123 
3 124 3040 3112 
2 124 4051 
1 124 
2 124 2732 
3 124 3020 5326 
2 124 3664 
2 124 655 
2 577 124 
1 124 
1 124 
1 124 
1 124 
2 124 644 
2 124 3696 
1 124 
1 124 
1 124 
3 124 1109 3980 
1 125 
6 1088 125 5624 3219 612 4709 
3 3869 125 5626 
1 125 
2 125 3857 
4 125 562 1320 1345 
1 125 
1 125 
3 3286 125 5122 
1 125 
3 2750 125 994 
3 5233 125 1031 
3 4278 125 2735 
2 125 3238 
3 2779 126 267 
1 126 
3 3013 5008 126 
2 3807 126 
1 126 
1 126 
3 126 4371 5201 
1 126 
2 126 4816 
2 126 3757 
3 126 2063 725 
1 126 
3 126 4286 5612 
2 126 2810 
2 126 535 
2 127 1467 
4 127 1630 597 4553 
4 1251 522 127 1757 
3 4649 127 1410 
2 127 1819 
5 3077 1835 127 3712 2746 
3 127 1707 5021 
1 127 
1 127 
2 127 3790 
1 128 
1 128 
2 128 1333 
3 3274 2935 128 
3 128 510 515 
3 803 128 2601 
2 628 128 
5 365 3108 3331 128 3357 
4 4039 128 1561 479 
2 401 128 
1 128 
3 839 128 2627 
3 895 128 2661 
1 129 
3 129 4681 781 
1 129 
2 129 4484 
1 129 
3 625 129 3676 
3 3811 129 1719 
2 129 259 
2 129 3284 
2 3736 129 
3 3996 5527 129 
2 1163 129 
1 129 
2 3962 130 
1 130 
2 5282 130 
1 130 
2 541 130 
3 4190 130 2170 
2 130 2034 
6 388 130 510 2557 221 2927 
1 130 
1 130 
2 1424 130 
1 130 
2 130 4233 
1 130 
4 3449 130 132 3932 
1 130 
2 130 406 
1 130 
3 130 3616 489 
4 4962 1860 131 3373 
3 4711 3154 131 
3 5529 131 3558 
5 1207 3572 131 4353 175 
2 131 4081 
3 452 131 4789 
2 131 4359 
1 131 
2 131 2222 
3 2772 2711 131 
2 2038 131 
2 131 1456 
2 131 4587 
1 131 
1 131 
1 131 
3 131 1880 1676 
2 1241 131 
2 131 2018 
1 131 
2 3855 131 
3 131 1285 3307 
1 131 
1 132 
1 132 
2 4521 132 
2 402 132 
3 2481 5569 132 
4 940 432 132 4339 
5 385 3810 5216 132 3693 
2 132 3492 
2 132 2835 
1 132 
3 132 202 5564 
3 132 4483 5561 
3 1502 132 4468 
2 5479 132 
2 132 5515 
2 4849 132 
2 1477 133 
2 3110 133 
2 133 5039 
2 879 133 
1 133 
3 1186 5086 133 
1 133 
1 133 
3 2928 938 133 
3 2783 133 5564 
3 5350 133 264 
3 272 133 1202 
2 630 133 
2 562 133 
2 2989 133 
1 133 
2 2030 133 
1 133 
3 952 133 3226 
1 134 
2 134 248 
4 2448 1623 1131 134 
1 134 
1 134 
1 134 
2 4432 134 
1 134 
5 385 1515 134 4031 4959 
1 134 
1 134 
2 134 5679 
2 2203 134 
2 134 2087 
2 196 134 
3 1447 134 5560 
3 134 392 3642 
3 134 5632 1204 
2 296 134 
4 1779 134 4764 5517 
1 134 
1 134 
2 134 2077 
1 134 
1 134 
2 792 134 
3 3187 2112 135 
2 634 135 
1 135 
2 1438 135 
1 135 
2 3020 135 
2 135 3393 
2 135 1882 
2 1871 135 
3 3565 480 135 
3 2574 135 772 
1 135 
3 1681 3612 135 
2 4441 136 
2 2620 136 
5 3108 3785 260 2889 136 
1 136 
2 4884 136 
3 2024 5447 136 
3 4112 3067 136 
2 915 136 
2 2019 136 
1 136 
2 3539 136 
1 136 
2 5134 136 
1 136 
2 4580 136 
2 4344 136 
2 1469 136 
4 137 2021 4564 427 
2 137 553 
3 137 5141 589 
3 137 715 407 
2 137 4930 
3 137 2051 3531 
3 137 5232 1913 
5 137 802 3813 5674 4993 
1 137 
3 137 4889 4076 
2 137 2076 
1 137 
3 137 5453 919 
1 137 
2 137 1070 
1 137 
2 137 401 
2 138 1766 
2 138 202 
1 138 
2 138 2763 
2 138 2953 
2 138 2409 
4 1312 138 3942 468 
2 138 819 
2 138 930 
1 138 
1 138 
3 138 1975 1420 
1 138 
2 138 2692 
2 138 1242 
2 138 5325 
3 138 5633 2683 
2 138 882 
4 138 796 5131 4553 
2 139 937 
2 139 5066 
2 139 4968 
3 139 2207 2515 
1 139 
4 139 3794 3569 5601 
3 139 3782 4682 
1 139 
1 139 
2 139 2075 
4 176 139 4390 2260 
2 139 574 
4 139 369 5215 1224 
2 139 1812 
1 139 
1 139 
2 139 5648 
2 139 1877 
1 139 
1 139 
2 139 2764 
2 139 254 
2 139 2604 
2 140 3971 
1 140 
1 140 
2 140 987 
1 140 
4 140 1068 4738 1510 
1 140 
2 140 2381 
2 140 1303 
3 140 3183 3702 
5 140 240 826 1114 2593 
4 140 4149 1896 3325 
2 140 5211 
2 2792 140 
3 140 518 3526 
5 140 3034 908 3511 5660 
1 141 
1 141 
2 3868 141 
1 141 
3 5666 141 5600 
2 141 1233 
2 141 1540 
1 141 
2 718 141 
1 141 
2 2519 141 
2 4085 141 
2 141 5662 
1 141 
2 556 141 
2 141 4744 
1 141 
2 141 2387 
1 141 
2 141 1396 
1 141 
1 142 
2 1663 142 
1 142 
2 142 4352 
2 4107 142 
3 142 4174 4684 
3 4630 142 1812 
3 2967 142 280 
4 2059 142 4021 2164 
1 142 
1 142 
1 142 
1 142 
2 2692 142 
2 142 4970 
1 142 
1 142 
1 142 
1 142 
2 1552 143 
1 143 
2 143 5602 
2 4882 143 
3 2752 143 1982 
3 143 3970 4856 
2 143 2883 
3 143 1070 3468 
2 143 832 
1 143 
3 4299 4835 143 
2 143 2388 
4 144 633 3192 2005 
1 144 
1 144 
1 144 
1 144 
3 144 2787 1003 
4 2775 144 1602 1724 
1 144 
2 4265 144 
3 144 1562 4854 
3 144 5086 5591 
2 144 1470 
2 144 4372 
1 144 
1 144 
1 144 
1 144 
1 144 
2 521 144 
1 144 
2 144 4528 
2 144 2568 
5 4807 544 144 912 1511 
1 144 
4 4447 585 145 1416 
2 4752 145 
2 145 3186 
2 145 340 
2 145 1471 
2 4631 145 
4 4399 145 2644 2565 
4 3199 3927 145 1705 
4 145 3175 566 3958 
2 145 4141 
3 3124 2697 145 
3 2696 145 1670 
1 145 
2 145 546 
2 4349 145 
2 1424 145 
1 145 
1 145 
1 145 
1 145 
1 145 
1 146 
1 146 
4 385 4190 146 1114 
2 5526 146 
2 146 2430 
2 146 4423 
3 5259 146 3210 
2 146 1118 
3 3057 146 3655 
3 146 3224 4794 
2 146 5315 
4 4610 146 4382 5421 
3 3275 146 928 
1 146 
2 3083 146 
2 146 2239 
2 146 4220 
5 3683 4018 3965 146 3656 
1 146 
2 146 1998 
5 146 1354 1844 3280 435 
3 3290 1482 146 
2 146 3841 
2 147 4842 
3 3078 147 5123 
2 2322 147 
1 147 
1 147 
3 147 1355 2349 
2 3812 147 
1 147 
1 147 
2 147 3802 
2 147 1064 
1 147 
1 147 
2 3684 147 
2 147 4136 
2 1166 147 
2 147 2371 
3 178 148 4794 
1 148 
1 148 
3 148 2347 3327 
2 148 2089 
3 3227 2654 148 
4 4387 1365 148 1631 
1 148 
2 148 5652 
2 1094 148 
3 4757 148 2908 
1 148 
1 148 
1 148 
3 940 148 375 
2 3810 148 
2 2555 148 
2 148 2591 
2 148 5198 
2 4558 148 
2 783 148 
2 148 4176 
2 148 3765 
1 148 
2 1596 149 
6 4932 3013 4280 2430 149 4062 
2 149 2200 
1 149 
3 4184 2668 149 
4 1087 4582 149 3322 
2 1572 149 
2 1817 149 
4 2351 1977 149 1281 
2 149 1243 
3 456 149 3410 
3 5555 149 1018 
2 2469 149 
1 149 
2 149 5419 
3 3130 5033 149 
4 2667 879 149 2032 
4 4302 526 149 3555 
2 5452 149 
4 3994 1368 149 1454 
2 1251 149 
3 5014 150 2607 
3 767 150 998 
3 1919 150 3179 
3 150 3043 1049 
2 150 5062 
1 150 
1 150 
1 150 
4 3274 2905 1117 150 
1 150 
3 150 637 3363 
1 150 
1 150 
2 4635 150 
4 2276 4561 150 4376 
2 150 3160 
1 150 
2 150 2071 
4 2822 150 3175 2364 
1 150 
2 1016 150 
3 3059 4402 150 
1 150 
2 5430 150 
2 150 1378 
1 150 
1 150 
2 150 1002 
1 151 
1 151 
2 2810 151 
3 1695 151 1077 
2 151 4554 
2 4247 151 
2 151 267 
1 151 
1 151 
2 4658 151 
2 5351 151 
1 151 
1 151 
2 151 680 
2 1957 151 
5 3775 2452 3166 151 3613 
1 151 
2 151 2879 
2 5354 151 
1 151 
1 151 
3 2277 675 152 
3 4087 2897 152 
2 2180 152 
2 152 4710 
1 152 
2 3891 152 
2 4516 152 
1 152 
3 4864 3293 152 
2 4996 152 
2 152 4667 
4 4752 152 3879 3413 
2 152 3742 
1 152 
3 4267 152 4057 
1 152 
1 152 
2 1017 152 
2 858 152 
2 152 4199 
3 3526 1302 152 
2 1028 152 
2 152 1881 
1 153 
1 153 
3 3516 2959 153 
1 153 
1 153 
4 3474 896 2107 153 
2 4130 153 
2 153 4234 
3 3602 4519 153 
2 1875 153 
1 153 
2 2226 153 
2 4076 153 
3 1071 1682 153 
2 1537 153 
3 1036 153 2837 
2 339 153 
4 5238 153 726 4878 
1 153 
3 385 2656 153 
1 153 
1 153 
4 4407 3204 153 2035 
1 153 
2 4879 153 
3 2520 153 235 
4 3719 2082 4155 154 
2 1560 154 
2 3859 154 
2 3023 154 
3 3102 4989 154 
1 154 
1 154 
2 2842 154 
5 3389 1322 3656 5160 154 
3 5291 4725 154 
2 4789 154 
1 154 
3 3185 1719 154 
1 154 
2 4000 154 
4 5209 2800 4049 154 
2 3860 154 
3 3090 3800 154 
3 2915 2757 154 
2 154 1330 
2 155 1676 
4 5107 528 155 1359 
1 155 
1 155 
2 478 155 
3 1340 155 2908 
2 5023 155 
2 155 2243 
2 5058 155 
2 155 3378 
1 155 
1 155 
3 4520 4054 155 
2 2032 155 
5 540 4853 4723 5237 155 
1 155 
2 155 3048 
2 2409 155 
2 2468 156 
1 156 
2 3803 156 
1 156 
2 813 156 
1 156 
4 5349 3291 2289 156 
4 5349 2379 4135 156 
1 156 
1 156 
2 701 156 
4 156 3245 443 1472 
3 3565 3460 156 
3 1679 536 156 
1 156 
2 1721 156 
1 156 
2 1266 156 
2 3122 156 
4 1424 1368 156 1383 
1 156 
2 5282 157 
1 157 
2 1744 157 
2 157 1690 
2 2556 157 
1 157 
2 157 5518 
2 5588 157 
2 4871 157 
1 157 
2 2866 157 
2 4217 157 
1 157 
4 3854 789 4036 157 
3 855 1864 157 
2 4309 157 
1 157 
2 4583 157 
3 5239 2638 158 
2 158 4667 
3 941 3703 158 
2 4611 158 
3 4449 697 158 
4 3160 4988 158 3052 
3 3897 4957 158 
1 158 
2 213 158 
3 1793 3231 158 
4 3621 1275 258 158 
2 5259 158 
2 5539 158 
1 158 
1 158 
1 158 
3 665 3880 158 
2 3417 158 
1 158 
3 4897 705 158 
3 1147 5695 158 
2 836 159 
4 3723 2474 2185 159 
1 159 
2 4868 159 
1 159 
4 3185 879 3488 159 
1 159 
3 5164 159 4273 
3 5246 159 3676 
2 423 159 
2 1450 159 
1 159 
2 4543 159 
3 934 514 159 
1 159 
3 2228 1876 159 
1 159 
1 159 
3 5099 2097 159 
2 4311 159 
1 159 
3 1290 5612 160 
1 160 
3 4278 4092 160 
2 4357 160 
3 2772 2353 160 
2 160 414 
1 160 
2 991 160 
1 160 
2 5492 160 
3 3408 488 160 
4 4534 2323 2510 160 
4 2173 5553 1735 160 
1 160 
3 4342 2893 160 
2 285 160 
1 160 
1 160 
1 160 
3 2037 3403 161 
2 4075 161 
1 161 
1 161 
1 161 
3 858 4286 161 
3 2609 1885 161 
2 1269 161 
2 256 161 
2 1128 161 
3 3693 3360 161 
4 5474 1365 1173 161 
4 2319 919 3686 161 
3 5607 5268 161 
1 161 
6 2795 2093 5507 2217 4119 161 
2 362 161 
2 1025 161 
3 1192 5156 161 
3 293 1677 161 
2 2926 161 
3 4042 3377 161 
2 4648 161 
1 161 
3 1730 2972 161 
2 162 5689 
1 162 
1 162 
1 162 
4 162 2715 5048 1057 
3 162 408 4834 
3 162 4430 2813 
2 162 5605 
2 162 2159 
1 162 
2 162 1993 
3 162 3708 2296 
2 162 4209 
4 162 1600 5692 4625 
4 162 2524 4583 3243 
1 162 
3 162 4581 4919 
1 162 
5 162 1092 1668 2085 1708 
2 162 930 
1 162 
2 162 772 
2 162 2000 
2 162 3434 
3 1274 163 2371 
3 163 2731 1771 
2 1205 163 
1 163 
1 163 
1 163 
3 163 2721 1119 
1 163 
3 3267 163 543 
2 163 1377 
2 163 4218 
5 3311 163 5436 481 1138 
1 163 
2 163 2907 
2 163 5197 
1 163 
1 163 
3 163 967 4978 
1 164 
2 164 2195 
1 164 
2 164 2005 
2 164 3483 
1 164 
2 164 642 
2 164 2894 
2 164 1943 
1 164 
1 164 
1 164 
1 164 
3 2520 164 2383 
4 4301 164 4756 2064 
4 2461 164 5193 431 
2 164 1611 
3 2319 164 528 
2 164 1442 
3 164 1440 5385 
3 164 1433 3434 
2 164 3486 
2 164 5242 
3 165 2196 3862 
2 165 4698 
1 165 
2 165 878 
2 165 2946 
1 165 
4 165 2696 677 4954 
2 165 3954 
2 165 5059 
3 165 4498 3885 
2 165 4892 
1 165 
3 165 2786 5386 
2 717 165 
1 165 
1 165 
3 165 3272 1846 
2 165 496 
2 165 5009 
2 165 4549 
2 165 3912 
1 166 
1 166 
1 166 
2 4106 166 
1 166 
3 166 3217 1270 
2 166 4627 
1 166 
2 166 260 
1 166 
3 166 1879 5181 
2 506 166 
2 166 3351 
1 166 
3 166 4829 4666 
2 2422 166 
4 873 5432 166 2143 
3 506 4822 166 
1 166 
4 166 1448 3509 2076 
1 166 
3 2972 166 2807 
1 166 
1 167 
1 167 
3 4018 5142 167 
2 167 5321 
3 1363 167 2835 
2 3399 167 
1 167 
2 649 167 
2 167 1691 
1 167 
2 167 3223 
2 167 831 
1 167 
3 2694 167 2810 
2 4126 167 
2 1212 167 
1 167 
2 2794 167 
1 167 
4 2302 1422 168 1786 
1 168 
3 168 4658 2603 
2 168 3772 
6 2993 4407 168 2902 1319 4384 
3 2688 168 1676 
2 2505 168 
3 1403 168 2073 
2 168 1043 
2 3808 168 
2 1423 168 
2 2662 168 
1 168 
1 169 
1 169 
2 3523 169 
2 169 5061 
2 4318 169 
2 2693 169 
1 169 
2 4787 169 
2 169 3886 
4 417 169 909 3436 
2 169 2886 
1 169 
1 169 
1 169 
2 4417 169 
3 2107 169 3979 
2 2713 169 
1 169 
1 169 
2 169 4856 
2 2248 169 
2 5623 170 
1 170 
3 3144 170 3787 
3 5688 170 439 
5 4184 2338 312 5626 170 
2 170 5337 
1 170 
2 170 3904 
2 170 3172 
2 2716 170 
2 2118 170 
3 170 4707 2478 
2 2752 171 
1 171 
2 171 1700 
2 4604 171 
2 2976 171 
1 171 
3 1538 1252 171 
1 171 
1 171 
1 171 
1 171 
2 171 2350 
1 171 
1 171 
3 171 5632 3884 
1 171 
6 554 1518 171 3067 4792 1855 
3 4799 171 3905 
2 2939 171 
3 561 171 686 
2 876 171 
1 171 
5 1514 171 1131 3375 617 
3 5360 172 4426 
1 172 
1 172 
2 172 2134 
1 172 
2 1442 172 
1 172 
1 172 
2 172 3432 
2 2267 172 
2 172 3556 
2 5099 172 
1 172 
1 172 
3 3313 511 172 
1 172 
3 172 959 646 
3 3085 3369 173 
1 173 
2 4638 173 
3 1961 173 221 
3 1192 4923 173 
4 4634 173 3134 2221 
4 4836 1795 173 2190 
4 2800 2379 389 173 
3 2719 173 573 
1 173 
4 3448 4489 1465 173 
2 173 1615 
2 4523 173 
6 1791 3668 565 173 2727 597 
2 1009 173 
3 4368 672 173 
2 1545 173 
3 2397 173 1200 
1 174 
2 2345 174 
2 401 174 
2 174 501 
2 557 174 
2 174 2728 
5 2205 2934 5003 174 3830 
1 174 
2 2849 174 
1 174 
1 174 
1 174 
2 5560 174 
1 174 
3 3417 5480 174 
3 229 4413 174 
1 174 
1 174 
2 5162 174 
2 4651 174 
1 174 
2 1263 174 
3 2172 174 2442 
1 175 
3 2141 735 175 
3 1072 3435 175 
5 2093 4808 3088 175 4224 
1 175 
2 175 3264 
3 1745 175 3791 
1 175 
1 175 
2 3485 175 
1 175 
2 4763 175 
1 175 
3 418 1117 175 
2 2776 175 
3 299 5571 175 
1 175 
2 2605 175 
2 4601 175 
2 2750 175 
1 176 
2 176 4552 
3 176 4770 775 
3 176 1834 2383 
1 176 
3 176 633 1981 
5 176 4430 5330 1827 204 
2 176 1845 
2 176 3352 
1 176 
1 176 
2 1473 176 
1 176 
2 176 1467 
1 176 
1 176 
1 176 
2 177 1238 
2 177 5032 
2 177 3400 
1 177 
2 177 1622 
1 177 
5 5565 177 228 766 3151 
3 177 2178 3336 
2 177 3770 
1 177 
4 3499 177 5199 833 
1 177 
2 177 2383 
2 177 4727 
2 2152 177 
2 177 3038 
2 5664 177 
1 177 
5 177 748 5413 2802 3426 
2 192 178 
2 178 1452 
2 178 4230 
2 178 4757 
2 4265 178 
4 3267 178 3554 3532 
2 178 4462 
2 178 4063 
4 4769 178 297 1667 
3 2421 178 1717 
2 178 4057 
3 178 2213 3249 
1 178 
2 178 3049 
3 178 5261 2919 
3 4348 178 4052 
1 178 
2 179 3953 
1 179 
2 179 1296 
1 179 
3 1350 179 4646 
1 179 
4 237 179 5602 4554 
2 5548 179 
2 179 2898 
1 179 
3 179 1819 5465 
3 4575 179 5603 
2 179 2511 
2 179 4220 
1 180 
1 180 
2 2302 180 
2 5548 180 
2 180 3167 
4 2302 3347 180 4383 
1 180 
2 180 5554 
4 3028 3998 180 4580 
1 180 
1 180 
2 180 574 
2 180 5066 
4 180 3019 1629 2314 
1 180 
3 180 1444 2781 
4 5118 180 5149 1758 
1 180 
3 180 2852 4156 
4 2276 541 181 3840 
4 181 657 458 337 
2 181 935 
3 181 3299 2984 
1 181 
2 1643 181 
1 181 
2 181 3758 
2 3622 181 
2 181 472 
2 181 4919 
1 181 
2 181 3363 
1 181 
1 181 
3 181 3567 816 
2 181 4998 
2 181 1376 
4 181 3258 1155 2137 
1 181 
6 181 4678 3115 3596 3905 3076 
2 3310 181 
4 1247 181 3203 2220 
2 181 682 
3 450 182 511 
1 182 
2 182 1327 
1 182 
2 182 1308 
1 182 
2 182 1230 
1 182 
2 962 182 
1 182 
4 1516 3277 183 1947 
4 4022 1033 183 2416 
2 183 4225 
2 183 4465 
3 1837 183 575 
1 183 
1 183 
2 183 2114 
1 183 
1 183 
1 183 
1 183 
2 183 2940 
2 183 2243 
3 347 183 4616 
3 1105 544 183 
1 183 
2 1993 183 
1 183 
2 183 339 
2 2657 183 
1 184 
2 184 4948 
2 184 3846 
1 184 
2 1480 184 
2 2869 184 
2 184 257 
1 184 
4 184 218 3881 4058 
1 184 
2 184 5266 
1 184 
1 184 
3 1129 184 4923 
2 3099 184 
2 184 1827 
2 3317 184 
3 789 184 3116 
1 184 
3 1555 2993 184 
1 184 
2 4796 184 
2 184 2170 
3 2451 4497 184 
2 184 324 
1 184 
1 184 
1 185 
2 1255 185 
2 4162 185 
4 2080 4699 3355 185 
1 185 
1 185 
1 185 
2 185 1450 
1 185 
1 185 
1 185 
1 185 
3 4771 4068 185 
3 544 185 3158 
2 5068 185 
3 185 4195 2609 
1 185 
1 185 
1 185 
1 186 
2 2866 186 
1 186 
1 186 
2 1666 186 
2 3682 186 
3 4374 186 1490 
5 3732 1517 186 4442 1933 
2 3196 186 
3 3920 186 3743 
5 186 484 1658 3883 4340 
5 4153 186 2608 5541 2861 
2 1605 186 
1 186 
2 4614 186 
1 186 
3 4909 2540 186 
4 1807 3369 186 4339 
1 186 
1 186 
2 186 570 
2 186 4669 
2 2155 187 
1 187 
4 5185 2528 187 4766 
3 5287 1606 187 
3 3889 2161 187 
1 187 
1 187 
2 2202 187 
2 5142 187 
3 755 187 3903 
1 187 
1 187 
2 187 4904 
3 2010 5242 187 
1 187 
2 187 397 
3 1955 187 4118 
2 3369 187 
2 187 2788 
2 187 3260 
1 187 
2 2423 187 
1 187 
2 4735 187 
1 187 
1 188 
2 188 397 
2 4740 188 
3 2940 188 2514 
1 188 
4 326 539 3429 188 
1 188 
3 2576 2310 188 
1 188 
1 188 
2 2424 188 
4 4428 2250 5149 188 
4 1858 2252 1480 188 
2 2202 188 
1 188 
2 1313 188 
2 188 1985 
3 392 4975 188 
1 188 
1 188 
1 188 
1 189 
3 1277 2028 189 
2 4557 189 
4 5523 473 4561 189 
1 189 
1 189 
1 189 
3 5699 1860 189 
1 189 
3 3838 1398 189 
1 189 
3 4806 4923 189 
1 189 
2 3434 189 
2 3717 189 
1 189 
1 190 
2 190 1166 
2 190 1394 
3 190 1027 2872 
2 190 5697 
4 4428 190 1937 3981 
3 190 4775 343 
4 190 4430 904 5695 
2 190 5014 
2 190 5119 
5 190 694 231 4270 4958 
1 190 
1 190 
2 190 2517 
3 190 589 2835 
1 190 
2 190 1408 
9 3939 4747 190 1516 560 4191 632 5341 2420 
3 190 744 4143 
1 190 
1 191 
1 191 
2 191 2977 
3 191 3422 3761 
3 1990 191 5019 
2 191 1896 
1 191 
2 468 191 
3 191 1627 1617 
1 191 
2 191 1338 
2 5184 191 
2 191 881 
3 191 4540 4135 
1 191 
4 191 5158 1904 465 
2 191 5688 
1 191 
2 191 3757 
2 191 1723 
1 191 
2 191 4615 
2 191 5333 
2 191 2495 
1 191 
1 191 
3 191 1574 5375 
2 191 2192 
1 192 
1 192 
1 192 
2 192 1944 
1 192 
1 192 
2 192 4453 
2 192 5247 
3 5327 192 2715 
5 192 2898 1507 243 2724 
2 4494 192 
1 192 
1 192 
1 192 
2 5241 192 
2 1387 192 
2 1310 192 
2 192 2324 
2 192 674 
1 192 
1 193 
3 193 3280 3771 
4 3997 193 1444 4274 
2 193 5222 
2 193 1466 
2 193 5109 
2 193 1588 
4 193 808 4581 2260 
2 193 1348 
3 193 2996 2394 
2 193 3902 
1 193 
1 194 
3 194 3738 1929 
2 194 4691 
4 5329 3520 194 4006 
3 194 2159 2724 
2 194 2743 
2 1363 194 
2 3040 194 
2 665 194 
1 194 
3 194 3837 1550 
1 194 
1 194 
3 194 1128 5196 
4 2450 3038 194 5401 
6 4128 194 2196 1042 1827 4793 
2 2039 194 
2 194 2332 
1 194 
1 195 
1 195 
2 195 1618 
2 195 1038 
3 1663 195 2603 
3 2969 5605 195 
1 195 
3 836 195 335 
1 195 
2 2065 195 
2 3064 195 
2 4634 195 
1 195 
3 195 2110 4259 
4 195 2371 686 515 
2 195 392 
2 2290 195 
1 195 
3 5255 196 249 
2 196 3597 
1 196 
4 2890 196 972 442 
1 196 
1 196 
2 196 1022 
2 2989 196 
4 4979 5625 196 4297 
2 196 4900 
1 196 
2 196 4664 
2 455 196 
1 196 
2 4630 197 
2 5191 197 
2 3522 197 
1 197 
2 326 197 
1 197 
2 197 2398 
2 197 1611 
2 3680 197 
2 1215 197 
2 1791 197 
1 197 
3 2099 197 2853 
3 3524 424 197 
1 197 
1 197 
1 197 
3 198 5342 2054 
1 198 
2 198 1491 
3 228 198 1905 
1 198 
1 198 
2 1775 198 
1 198 
1 198 
2 5687 198 
3 198 3637 2360 
2 3421 198 
1 198 
2 4456 198 
4 346 3622 211 198 
3 1977 479 198 
2 4808 198 
2 2046 198 
2 198 2769 
2 198 4360 
3 1745 5553 198 
2 5330 198 
3 1349 2292 198 
2 3353 198 
2 3668 198 
4 3184 4281 198 4622 
3 1413 1117 198 
2 333 199 
2 2835 199 
1 199 
1 199 
1 199 
1 199 
1 199 
2 199 1913 
3 2577 199 2299 
3 5050 199 1886 
1 199 
3 2520 1744 199 
2 199 1800 
4 3217 199 5472 892 
1 199 
3 2062 199 2186 
6 5213 1649 4949 199 2375 4397 
4 467 2038 3314 199 
1 200 
1 200 
3 2576 5027 200 
2 5613 200 
1 200 
2 899 200 
3 5013 2147 200 
1 200 
2 2907 200 
1 200 
5 2739 613 1720 999 200 
3 2930 1100 200 
1 200 
1 200 
1 200 
2 2354 201 
2 3190 201 
2 1836 201 
4 923 2450 2762 201 
2 2395 201 
3 5586 2736 201 
2 2542 201 
2 201 5577 
3 5622 4886 201 
3 1336 4247 201 
2 3953 201 
2 4259 201 
1 201 
3 1170 276 201 
3 4963 654 201 
1 201 
1 201 
3 1593 3878 201 
4 4300 4515 5158 201 
2 954 201 
3 4797 4792 201 
1 201 
3 1599 1488 201 
4 1110 3291 201 5061 
1 201 
2 828 202 
3 4246 685 202 
3 3855 4327 202 
1 202 
3 1196 702 202 
4 3689 323 202 2005 
2 3592 202 
4 2251 1321 4667 202 
2 3414 202 
2 2729 202 
3 4536 5307 202 
3 592 5491 202 
1 202 
1 202 
2 3471 202 
1 202 
2 4626 202 
3 1513 4739 203 
2 999 203 
2 4958 203 
3 4825 5180 203 
1 203 
3 2962 570 203 
3 3834 2441 203 
2 1330 203 
2 2341 203 
2 839 203 
3 2892 1266 203 
2 2906 203 
2 5401 203 
3 3118 809 203 
3 761 5518 203 
1 203 
1 203 
1 203 
2 5542 204 
4 2612 5624 1639 204 
4 2339 5163 1445 204 
1 204 
1 204 
3 1190 1702 204 
1 204 
1 204 
1 204 
1 204 
2 1520 204 
3 3824 1706 204 
2 2852 204 
2 2983 204 
2 3477 204 
2 3896 204 
2 3525 204 
4 1069 3241 394 204 
4 1440 738 3127 204 
4 3202 811 4309 204 
1 204 
1 205 
3 205 3541 1630 
1 205 
2 205 2846 
1 205 
1 205 
1 205 
2 205 4848 
2 205 3882 
2 205 2973 
2 205 4662 
2 205 4360 
1 205 
3 205 4557 4717 
3 205 1166 3677 
2 205 3546 
4 205 2178 3222 4257 
3 205 3434 3244 
3 205 5047 1198 
1 205 
2 206 668 
3 206 732 719 
3 206 1252 885 
1 206 
3 206 1387 3138 
2 206 1477 
3 206 1212 2024 
2 206 2226 
1 206 
2 206 436 
1 206 
4 206 1627 256 1347 
2 207 3524 
1 207 
1 207 
3 207 351 1113 
2 207 4052 
2 207 1773 
1 207 
2 207 2693 
1 207 
1 207 
1 207 
2 253 207 
2 207 2416 
2 920 207 
2 207 4100 
4 2079 207 5396 1221 
2 5583 207 
2 5210 207 
2 3940 207 
3 208 5363 3616 
3 208 725 3938 
2 208 1704 
3 208 2558 5059 
1 208 
3 208 5281 1504 
1 208 
2 293 208 
2 208 839 
3 208 2268 4477 
1 208 
2 208 5420 
2 208 4029 
3 208 1484 257 
4 3381 208 1439 3817 
3 208 3125 1987 
2 208 1623 
1 208 
2 2263 208 
3 208 2694 1437 
1 208 
1 209 
2 5686 209 
4 2402 209 4987 5161 
2 209 4776 
1 209 
2 209 2724 
2 209 4544 
1 209 
3 209 2062 5358 
1 209 
3 209 2655 729 
6 2594 209 5123 5670 1740 703 
2 209 4352 
1 209 
2 209 4581 
2 209 2205 
2 209 4457 
3 419 1681 209 
3 209 5501 4504 
3 209 3209 4857 
3 209 1519 2336 
3 3604 209 1194 
1 209 
4 210 1324 5299 1634 
2 210 5110 
1 210 
3 210 863 4384 
3 294 210 654 
1 210 
1 210 
2 210 1875 
1 210 
2 210 5379 
1 210 
2 211 2790 
1 211 
3 211 2399 1970 
4 1457 3669 211 5382 
2 211 3403 
3 5279 582 211 
2 211 2904 
4 2042 2227 211 1282 
1 211 
1 211 
1 211 
2 211 4116 
2 3682 211 
2 211 5634 
1 211 
2 5504 211 
1 211 
2 211 5108 
3 1793 211 2003 
1 211 
2 491 212 
1 212 
1 212 
1 212 
4 3164 212 2724 5516 
2 212 5674 
1 212 
2 212 2639 
3 1246 3449 212 
1 212 
1 212 
1 212 
2 4188 212 
4 4417 212 430 644 
2 212 5339 
2 212 3951 
1 212 
4 1191 2487 212 4382 
1 212 
4 5495 1670 212 1984 
1 212 
2 212 4989 
3 1212 212 2962 
3 4277 212 5511 
2 855 212 
2 213 2384 
1 213 
1 213 
3 213 1827 3049 
2 1169 213 
1 213 
1 213 
1 213 
1 213 
2 213 5179 
3 1337 213 2905 
2 213 4989 
3 2320 213 5636 
3 3924 213 3379 
3 580 5588 213 
2 213 2922 
2 857 213 
3 2172 1026 213 
5 518 213 3374 2855 4360 
3 3477 213 4978 
1 213 
3 2253 213 847 
1 213 
4 2772 2157 5066 213 
2 213 3371 
1 213 
3 1918 213 2184 
1 214 
2 214 258 
3 4915 214 3508 
1 214 
2 2197 214 
2 214 1064 
1 214 
2 5261 214 
2 2091 214 
3 3029 214 1204 
4 2544 214 4789 2876 
1 214 
3 648 5127 214 
1 214 
1 214 
2 2425 214 
2 214 1642 
2 4090 214 
2 214 4357 
3 2621 1843 215 
1 215 
4 4909 2842 215 306 
1 215 
1 215 
3 215 1136 4083 
1 215 
4 3011 2024 215 260 
2 948 215 
2 5494 215 
3 5003 215 5205 
2 5065 215 
1 215 
2 215 5596 
2 1861 215 
2 215 3934 
3 387 739 215 
3 4837 215 1265 
4 5049 673 216 5275 
1 216 
2 5147 216 
3 3142 216 1687 
2 2635 216 
1 216 
1 216 
1 216 
1 216 
2 2524 216 
2 4154 216 
1 216 
1 216 
3 653 4005 216 
2 466 216 
4 1891 3553 216 462 
3 555 3043 216 
2 216 499 
3 1428 5016 216 
1 217 
4 732 5433 217 4273 
2 317 217 
2 217 1156 
3 3176 217 1434 
2 1552 217 
2 3694 217 
2 4824 217 
2 2870 217 
2 1701 217 
1 217 
4 5623 4805 217 5518 
1 217 
3 2935 3632 217 
2 217 2744 
2 816 217 
1 217 
1 217 
2 480 217 
2 2695 217 
2 217 2238 
5 5242 5460 217 2274 3617 
1 217 
1 217 
1 217 
3 4939 1777 218 
2 5377 218 
3 218 2605 5326 
2 218 5449 
1 218 
1 218 
3 3526 4481 218 
2 4113 218 
2 2890 218 
2 218 3413 
3 5631 218 2313 
1 218 
2 1337 218 
1 218 
1 219 
2 3498 219 
1 219 
1 219 
2 1133 219 
2 2234 219 
2 1377 219 
2 219 5160 
1 219 
2 1898 219 
1 219 
1 219 
2 4425 219 
2 2636 219 
3 1915 1998 219 
2 219 2768 
1 219 
1 219 
2 1482 219 
1 219 
2 1443 220 
1 220 
2 5315 220 
6 5496 2775 1733 3219 930 220 
3 1460 220 5422 
1 220 
1 220 
4 4026 550 220 1182 
4 5669 1277 5508 220 
4 2709 2407 5509 220 
2 220 3616 
1 220 
1 220 
2 906 220 
3 3511 1493 220 
1 220 
1 220 
2 5047 220 
2 220 2860 
2 4886 220 
2 5572 221 
1 221 
1 221 
1 221 
1 221 
1 221 
1 221 
2 221 5136 
3 3065 5198 221 
2 1995 221 
1 221 
2 430 221 
1 221 
1 221 
1 221 
2 1887 221 
4 1793 2960 5598 221 
2 3087 221 
1 221 
4 2224 2723 221 3394 
1 221 
3 2308 548 221 
2 221 552 
2 3311 221 
2 3450 221 
1 222 
1 222 
2 4637 222 
1 222 
3 608 3366 222 
1 222 
2 5233 222 
3 2414 5181 222 
2 2871 222 
3 4400 5685 222 
3 2059 278 222 
2 4619 222 
1 223 
1 223 
2 223 5382 
2 223 1749 
1 223 
2 223 4335 
2 223 1979 
1 223 
3 223 3833 4326 
3 223 2825 3816 
2 223 4479 
1 223 
1 223 
1 223 
2 223 5584 
3 223 2077 4338 
2 223 4885 
2 223 4440 
1 223 
2 223 3904 
2 223 4664 
4 223 3818 3711 394 
1 223 
3 223 5332 4916 
2 223 923 
1 223 
1 224 
3 224 2670 3368 
3 224 1779 2116 
4 5327 224 2069 2855 
1 224 
2 224 479 
2 224 3609 
1 224 
2 224 1999 
3 224 4123 2995 
4 224 3669 1774 1844 
3 224 1399 5006 
2 1338 225 
2 225 4037 
3 3011 225 2349 
1 225 
2 2772 225 
3 225 4573 3772 
1 225 
1 225 
1 225 
1 225 
3 3033 225 2363 
5 5667 225 1440 4663 5132 
1 225 
2 225 4659 
1 225 
1 225 
1 225 
1 225 
2 225 5425 
1 225 
2 225 4885 
4 1662 225 3724 5135 
1 225 
3 226 5438 2660 
2 226 3825 
4 2122 226 3109 1148 
2 226 2788 
3 226 4740 4644 
2 226 1961 
1 226 
2 1208 226 
1 226 
1 226 
4 226 2964 5343 3886 
3 226 808 1478 
3 226 1240 3007 
1 226 
1 226 
4 2154 2008 1085 226 
3 294 226 1152 
1 226 
1 227 
2 3198 227 
2 227 4405 
2 227 2055 
1 227 
1 227 
1 227 
1 227 
3 227 514 235 
2 227 4246 
2 3834 227 
3 227 906 564 
2 5279 227 
1 227 
2 4343 227 
1 227 
3 227 1650 1742 
1 227 
3 4243 227 425 
1 227 
2 227 5356 
2 227 4253 
3 2449 227 3532 
2 227 3525 
2 228 4930 
2 228 3023 
3 2276 228 4331 
3 228 1625 2533 
2 228 525 
2 4537 228 
1 228 
3 228 1932 3379 
2 228 2700 
1 228 
1 228 
3 2634 228 3972 
3 2424 2042 228 
1 228 
2 228 1657 
2 1956 228 
4 3012 228 1402 4084 
4 5493 1339 228 4620 
3 228 2427 4543 
5 228 454 3899 3766 4057 
2 228 4834 
1 229 
2 4365 229 
2 229 4738 
3 4363 5379 229 
2 229 5359 
1 229 
2 229 3282 
1 229 
2 229 758 
3 2277 2357 229 
2 2674 229 
1 229 
2 3521 229 
3 693 229 1945 
2 2806 229 
1 229 
2 229 1119 
1 229 
2 229 5598 
2 905 229 
4 229 2718 4031 1741 
3 401 3400 229 
3 3185 3986 229 
1 229 
2 2059 230 
2 2753 230 
1 230 
1 230 
2 2581 230 
1 230 
1 230 
1 230 
1 230 
1 230 
2 4695 230 
5 468 230 1826 568 3790 
2 1081 231 
3 2692 231 1605 
4 231 2217 340 4235 
2 5607 231 
2 231 2813 
2 231 5218 
1 231 
2 4319 231 
1 231 
4 5334 3185 231 2886 
2 231 1176 
1 231 
1 231 
2 5050 231 
1 231 
2 231 3300 
1 231 
2 4712 231 
1 232 
3 4027 3208 232 
2 1597 232 
1 232 
3 2027 232 411 
1 232 
1 232 
2 2712 232 
3 469 4719 232 
3 4173 232 594 
2 3250 232 
3 5308 232 957 
3 3604 3573 233 
2 296 233 
4 3059 3606 3334 233 
2 460 233 
2 2485 233 
1 233 
1 233 
1 233 
1 233 
2 251 233 
1 233 
2 5495 233 
2 4255 233 
3 2518 233 4976 
4 5328 3522 5002 233 
1 234 
1 234 
1 234 
2 1166 234 
3 2686 5125 234 
1 234 
2 2971 234 
2 623 234 
1 234 
1 234 
4 4545 3653 234 1456 
2 244 234 
2 5464 234 
5 4469 4476 4634 3760 234 
4 1008 1542 3976 234 
1 234 
1 234 
1 234 
1 234 
2 3370 234 
2 5128 234 
2 234 799 
3 3451 1836 234 
2 5403 234 
2 1712 234 
2 234 2456 
2 4456 235 
3 949 1880 235 
1 235 
2 1684 235 
3 5186 1435 235 
1 235 
1 235 
3 405 4456 235 
2 3948 235 
1 235 
2 4248 235 
2 4599 235 
2 4153 235 
2 769 235 
3 1751 2455 235 
2 2392 235 
3 4743 849 235 
2 1670 235 
3 1162 1756 235 
1 235 
2 3277 236 
2 569 236 
1 236 
1 236 
1 236 
2 3657 236 
1 236 
1 236 
3 2259 3492 236 
2 3127 236 
2 5102 236 
2 5440 236 
2 965 236 
2 785 236 
1 236 
2 3978 236 
2 1664 236 
1 236 
1 236 
2 695 236 
2 848 236 
1 236 
2 237 246 
3 237 1385 1127 
2 237 356 
1 237 
2 237 3825 
2 237 2847 
2 237 5438 
2 237 1668 
2 237 2872 
2 237 2922 
3 2446 237 1407 
1 237 
3 237 939 3279 
2 237 579 
1 237 
2 237 1198 
1 237 
3 237 2682 4553 
2 237 942 
2 237 5341 
1 237 
4 237 1941 5602 1815 
1 238 
3 238 5123 3020 
1 238 
2 238 3842 
3 4607 238 4346 
1 238 
2 238 341 
4 238 734 655 3632 
2 238 244 
3 238 1135 887 
3 238 3000 4359 
3 238 2037 3966 
2 238 4453 
2 238 5464 
2 238 4657 
2 238 1251 
3 238 4772 3137 
1 238 
2 238 5223 
4 3329 238 586 642 
4 238 2367 4528 2570 
3 238 2824 3387 
2 238 856 
2 238 814 
3 239 3585 3901 
2 239 2766 
2 420 239 
1 239 
3 239 3586 2806 
1 239 
2 239 1943 
2 2535 239 
1 239 
2 239 388 
1 239 
3 239 5374 4635 
1 239 
1 239 
2 239 1718 
2 239 1266 
3 239 4281 5516 
1 239 
2 240 3392 
2 240 1772 
2 240 1823 
3 1915 240 1037 
2 2285 240 
3 240 3403 2532 
4 240 3674 3974 3069 
2 2776 240 
3 240 3067 2966 
2 1596 240 
1 240 
2 240 5198 
3 240 4968 2433 
1 241 
2 241 1117 
1 241 
1 241 
1 241 
3 445 2013 241 
1 241 
1 241 
2 241 4779 
2 241 5317 
1 241 
2 241 4480 
2 401 241 
2 241 3326 
1 241 
1 241 
3 3230 242 5226 
1 242 
1 242 
3 4537 242 1583 
1 242 
1 242 
2 242 2718 
2 2970 242 
1 242 
3 5366 1426 242 
3 242 3529 1784 
3 242 256 3640 
2 242 3462 
1 242 
2 424 242 
3 4805 242 4237 
3 242 546 4358 
1 242 
3 520 242 3772 
1 242 
1 242 
3 2060 242 3066 
3 242 5505 3848 
4 3145 242 336 798 
1 242 
2 243 4975 
3 3730 2637 243 
2 2691 243 
4 1522 243 1376 799 
2 672 243 
4 3272 3709 4456 243 
3 2805 4568 243 
2 1462 243 
3 4228 243 882 
3 3269 5232 243 
2 545 243 
1 243 
2 1751 243 
2 1518 243 
1 243 
2 4303 243 
3 1109 243 1722 
2 3385 243 
1 244 
2 244 3050 
2 2369 244 
2 1371 244 
5 349 586 5382 244 3304 
1 244 
1 244 
1 244 
1 244 
2 2118 244 
3 4677 4547 244 
4 3183 2175 2829 244 
2 4289 244 
1 244 
1 244 
4 4803 5104 3898 244 
2 4287 244 
3 244 3727 4258 
2 1838 244 
3 659 3153 244 
5 2968 5139 3839 244 2851 
1 244 
2 244 3536 
2 856 245 
1 245 
1 245 
1 245 
1 245 
2 245 5253 
1 245 
2 4657 245 
3 5067 245 3434 
1 245 
1 245 
2 2390 245 
2 2577 245 
1 245 
3 2636 245 1612 
1 245 
1 245 
1 245 
3 245 1420 1383 
1 245 
1 245 
3 3681 245 660 
1 245 
1 245 
1 245 
3 5216 246 4396 
1 246 
1 246 
4 3119 246 886 2075 
3 3499 2098 246 
1 246 
2 4733 246 
1 246 
1 246 
3 4839 246 2102 
2 1279 246 
2 246 566 
4 246 700 887 3226 
2 246 5203 
2 2338 246 
2 2844 246 
2 2422 247 
2 247 4415 
3 1872 1302 247 
3 5214 2072 247 
3 5378 5389 247 
2 5553 247 
3 4761 3901 247 
2 2173 247 
2 4424 247 
2 4914 247 
2 5233 247 
1 247 
3 1619 2924 247 
3 1894 1809 247 
4 5192 2899 1076 247 
2 2094 247 
2 3358 247 
4 4784 4920 247 2317 
2 1806 248 
1 248 
1 248 
1 248 
2 4701 248 
3 2106 1017 248 
3 363 248 3560 
3 1818 1824 248 
2 1063 248 
4 4364 5548 2599 248 
2 3849 248 
5 3564 4303 1370 1899 248 
2 1697 248 
2 4826 248 
2 4485 248 
5 4862 528 2625 1946 248 
2 362 248 
3 923 2199 249 
3 5586 3616 249 
1 249 
3 5390 1725 249 
1 249 
1 249 
3 2687 2852 249 
1 249 
1 249 
2 1541 249 
2 3109 249 
3 3367 2757 249 
2 1117 249 
1 249 
3 5081 1266 249 
3 4717 4793 249 
1 249 
2 3319 249 
2 2498 249 
1 249 
3 3539 2065 249 
2 5339 249 
2 317 249 
3 250 3372 267 
4 250 3330 1010 936 
2 250 3508 
2 250 4549 
1 250 
1 250 
3 1162 250 3605 
4 250 872 3963 5046 
3 250 5282 2200 
1 250 
2 250 4596 
3 250 2137 1420 
1 250 
1 251 
3 251 5536 2139 
5 251 964 5202 889 4728 
1 251 
2 251 806 
3 622 251 3201 
3 251 1496 2306 
4 251 2426 2900 4076 
1 251 
2 251 2287 
3 251 3827 3243 
3 251 4761 3694 
4 2747 251 2716 315 
2 251 1590 
3 252 2293 3490 
2 252 3827 
1 252 
3 252 1929 3244 
2 252 5410 
2 252 997 
2 252 843 
2 252 4662 
2 252 1792 
3 252 4133 4619 
3 252 5435 3594 
2 252 2684 
3 3311 252 3763 
4 252 2110 5448 621 
2 252 5326 
1 252 
2 252 668 
1 252 
1 252 
1 252 
2 252 2359 
1 252 
1 253 
1 253 
1 253 
1 253 
2 253 3156 
2 253 1802 
3 253 975 4129 
4 3852 253 1442 1923 
2 253 4742 
2 253 1802 
1 253 
2 253 3153 
1 253 
1 253 
2 363 253 
1 253 
4 3058 253 514 4361 
2 254 2660 
3 254 3273 434 
2 254 4102 
2 254 4854 
2 254 4704 
3 398 254 1150 
2 254 590 
4 2730 254 1260 2240 
1 254 
2 1765 254 
1 254 
4 5328 254 969 570 
1 254 
2 255 3895 
3 5500 255 2459 
1 255 
1 255 
2 255 487 
3 272 255 2924 
4 4838 2671 255 5636 
1 255 
3 2655 255 3213 
2 255 3979 
1 255 
1 255 
2 256 2027 
1 256 
2 256 4744 
1 256 
2 256 2849 
3 5502 256 1044 
1 256 
2 5054 256 
2 2991 256 
1 256 
2 5353 256 
2 256 2957 
1 256 
3 2225 1941 256 
2 256 1905 
2 1406 256 
1 256 
2 696 256 
2 256 2881 
2 257 2888 
2 257 1690 
3 257 5591 5206 
3 1247 2653 257 
1 257 
3 2522 1502 257 
3 257 4254 4296 
3 3815 257 4200 
2 257 1003 
2 5095 257 
2 2544 257 
1 257 
1 257 
4 1011 3128 5266 257 
2 610 257 
1 257 
2 5376 257 
2 1211 257 
2 257 2986 
3 5163 1698 257 
3 1295 257 1567 
2 3725 257 
1 257 
2 2154 257 
1 257 
2 3549 257 
2 333 257 
2 1920 257 
1 257 
2 583 258 
3 4087 258 3531 
3 4997 2295 258 
2 258 1952 
1 258 
2 1526 258 
3 4720 258 645 
2 4068 258 
2 258 4261 
1 258 
2 1972 258 
4 3424 258 3069 2004 
2 258 4728 
1 258 
2 5568 258 
5 3271 3482 5322 258 3594 
2 1845 258 
1 258 
1 258 
1 258 
1 258 
2 5288 258 
3 4341 2539 258 
2 259 1400 
2 2772 259 
2 1407 259 
1 259 
1 259 
2 259 1965 
1 259 
1 259 
2 4147 259 
2 259 5159 
2 2209 259 
4 993 5438 259 5021 
2 5591 259 
2 259 465 
2 1736 259 
2 5543 259 
1 259 
2 3470 259 
3 1117 259 3790 
2 259 440 
1 259 
1 259 
1 259 
2 3124 259 
1 259 
1 259 
2 2973 259 
3 3851 3609 259 
3 2487 1794 259 
1 259 
3 2254 1263 260 
5 2421 616 260 306 961 
2 3821 260 
2 260 5634 
3 398 260 894 
3 1284 532 260 
2 5547 260 
4 2573 398 260 4587 
2 1712 260 
3 1729 260 2645 
3 1190 1552 260 
2 5355 260 
2 1823 260 
1 260 
3 4629 3579 260 
4 585 456 4441 260 
1 260 
3 260 4058 3094 
2 3724 261 
1 261 
1 261 
1 261 
2 5349 261 
1 261 
1 261 
2 793 261 
4 3962 769 261 5636 
3 2972 5245 261 
5 2894 4050 261 2074 4035 
3 1752 261 725 
1 261 
1 261 
2 2542 261 
1 262 
2 2198 262 
2 2850 262 
2 4910 262 
3 3430 5445 262 
1 262 
2 1813 262 
1 262 
2 262 4442 
4 556 3291 4095 262 
2 1178 262 
1 262 
2 262 4275 
2 1015 262 
2 2353 263 
2 3136 263 
1 263 
1 263 
2 5336 263 
3 5621 3798 263 
3 2792 3607 263 
1 263 
3 2010 263 4121 
2 534 263 
1 263 
4 3623 1442 1278 263 
1 263 
4 4942 5485 2372 263 
1 263 
2 2916 264 
2 1713 264 
1 264 
1 264 
2 3794 264 
3 2056 5280 264 
1 264 
1 264 
2 5236 264 
2 3346 264 
4 1335 2786 264 1885 
1 264 
2 5190 264 
3 5350 1262 264 
1 264 
1 264 
4 311 2462 1466 264 
1 264 
2 264 2244 
2 2245 264 
2 1236 265 
4 398 372 1373 265 
1 265 
2 4776 265 
3 4198 265 3906 
3 3057 5475 265 
2 4103 265 
3 3783 4411 265 
1 265 
1 265 
3 1349 5082 265 
3 4867 1563 265 
1 265 
1 265 
2 2011 265 
3 2918 455 265 
3 3942 3126 265 
1 265 
3 3197 3830 265 
3 2796 2215 265 
2 1799 265 
1 266 
2 4096 266 
4 2572 3407 4062 266 
3 4678 528 266 
3 1527 3510 266 
4 5286 5649 1470 266 
2 277 266 
1 266 
1 266 
1 266 
1 266 
1 266 
1 267 
2 1600 267 
1 267 
1 267 
3 5211 5313 267 
3 4760 1855 267 
3 5053 1985 267 
3 2192 1912 267 
1 267 
1 267 
3 2465 2672 267 
2 5589 267 
1 267 
1 267 
3 1175 960 267 
1 267 
2 2316 267 
2 268 5204 
1 268 
2 268 4888 
1 268 
1 268 
1 268 
3 268 3006 3261 
1 268 
1 268 
2 268 4499 
1 268 
2 268 4662 
1 268 
1 268 
2 268 2911 
2 268 4011 
4 268 581 3672 1198 
2 268 3984 
2 268 451 
1 268 
1 269 
2 269 1653 
1 269 
1 269 
1 269 
2 269 3411 
2 269 3608 
2 269 523 
1 269 
2 269 2345 
4 269 4534 2731 3971 
1 269 
2 269 4447 
2 269 2167 
3 269 1266 4078 
2 269 4463 
1 269 
1 269 
3 269 1835 2570 
2 269 4287 
2 269 1871 
2 269 2530 
2 269 4297 
2 269 4208 
1 270 
3 270 5338 709 
3 270 796 4667 
1 270 
2 270 2537 
4 270 3164 1520 3545 
2 270 5236 
1 270 
1 270 
1 270 
2 270 4105 
2 270 5377 
3 270 3573 3411 
1 270 
2 270 2087 
2 270 2170 
2 270 1060 
1 270 
1 270 
2 270 3046 
2 270 2308 
3 270 3634 3825 
2 270 4940 
3 270 2898 4168 
4 270 3962 5195 912 
2 271 3303 
4 271 3869 1812 4898 
3 271 2995 1494 
1 271 
2 271 1397 
4 271 2218 408 1946 
1 271 
2 271 1071 
2 271 1385 
1 271 
2 271 1030 
2 271 5441 
3 271 5458 1493 
1 271 
2 271 1452 
2 271 1035 
1 271 
4 271 4048 1720 757 
2 271 3852 
3 271 3149 4233 
1 271 
1 271 
3 272 3630 5225 
2 272 3539 
2 272 4473 
2 272 5260 
1 272 
1 272 
2 272 5035 
2 272 3731 
2 272 4725 
3 272 3110 1721 
2 272 2133 
2 272 5161 
2 272 3692 
3 272 1770 3091 
4 272 4209 2765 4586 
2 272 3355 
3 5277 272 2297 
3 272 842 2357 
2 272 4784 
2 272 4708 
2 5093 272 
2 272 4095 
2 4881 272 
2 272 347 
1 272 
3 273 1407 2905 
3 273 3937 1951 
3 5080 273 2606 
1 273 
2 273 3790 
2 4714 273 
3 1713 273 2583 
3 4695 273 2450 
1 273 
5 273 626 4403 426 5563 
1 273 
2 273 1523 
2 273 2100 
3 273 3670 2068 
2 273 4551 
2 273 900 
2 5184 273 
2 4604 273 
2 274 1827 
1 274 
1 274 
3 274 1397 2197 
2 274 5531 
4 274 2541 4638 1999 
4 274 4721 4232 2348 
2 274 2116 
4 648 2141 274 5647 
4 274 5143 5031 2271 
2 274 2924 
4 274 1058 2881 5560 
2 2967 275 
1 275 
4 1208 275 1254 3661 
4 275 3550 4143 3117 
4 5699 275 5506 1742 
1 275 
2 275 4988 
2 275 2996 
4 275 3654 2239 5599 
1 275 
1 275 
1 275 
2 836 275 
1 275 
2 4675 275 
2 1990 275 
2 3716 276 
2 1749 276 
2 538 276 
2 276 5321 
6 1190 2713 1917 276 2978 743 
2 5187 276 
3 276 4073 3378 
1 276 
1 276 
2 5331 276 
1 276 
3 3479 276 4892 
1 276 
2 276 3041 
2 276 5483 
1 276 
2 1341 276 
1 276 
2 276 1203 
1 276 
4 4103 5368 1806 276 
3 5581 276 1240 
2 277 5200 
1 277 
4 3999 4329 277 1582 
2 5028 277 
2 3944 277 
6 2949 2404 1715 1127 277 4777 
1 277 
2 5699 277 
2 277 1852 
2 277 5069 
2 3540 277 
2 277 4929 
1 277 
1 277 
2 2899 277 
1 277 
2 5524 277 
1 277 
1 277 
2 277 1157 
2 277 5483 
2 277 635 
3 3983 1209 277 
2 277 1156 
1 277 
1 277 
1 278 
2 2278 278 
1 278 
1 278 
3 278 5439 3842 
2 278 4427 
1 278 
3 1386 278 1675 
2 278 1636 
2 1818 278 
2 5080 278 
2 1553 278 
3 4183 278 2717 
2 278 1753 
3 278 4597 5658 
1 278 
1 278 
2 278 636 
5 5258 3165 278 698 1384 
2 278 4923 
1 278 
1 278 
3 278 2026 2567 
5 4149 5527 2323 278 4810 
3 4267 279 3655 
4 279 5406 4442 4846 
4 1009 3682 279 357 
3 3334 279 3768 
3 279 5264 1908 
2 279 4261 
2 279 3641 
3 808 4407 279 
2 279 2257 
3 2080 279 5012 
4 279 3220 847 1101 
2 5138 279 
3 279 4028 4767 
2 1764 279 
4 279 5418 3616 4530 
2 3747 279 
2 279 4309 
2 1577 279 
1 279 
1 279 
2 280 1333 
1 280 
4 4983 2934 2935 280 
3 2470 280 5036 
2 2830 280 
1 280 
2 280 4870 
3 1536 280 2838 
3 670 280 4972 
2 280 4337 
4 280 5595 5681 289 
4 3968 280 848 1742 
2 4366 280 
2 3250 280 
1 280 
1 280 
2 3939 280 
1 280 
2 431 281 
2 4613 281 
1 281 
2 281 5275 
1 281 
1 281 
1 281 
1 281 
2 346 281 
4 2285 905 281 4568 
2 281 3645 
2 281 4895 
3 4148 5148 281 
3 1311 4715 281 
3 4365 281 3992 
1 281 
2 987 281 
5 4240 3997 4651 1878 281 
2 329 281 
1 281 
2 281 3114 
3 281 3130 440 
2 1295 281 
1 281 
4 4715 281 1657 916 
2 4749 281 
2 1626 282 
1 282 
3 282 1325 1154 
2 282 1532 
1 282 
4 282 356 5471 3935 
1 282 
2 282 1532 
2 282 1049 
1 282 
3 282 3693 3861 
1 282 
2 282 4466 
1 282 
3 1518 282 1134 
3 5328 282 515 
1 282 
1 282 
1 283 
4 4800 2267 283 2099 
2 1859 283 
1 283 
2 283 3363 
1 283 
2 508 283 
1 283 
1 283 
2 283 5341 
3 283 2785 1288 
3 3950 283 1375 
3 2718 283 779 
2 4185 283 
1 283 
2 283 1602 
4 5605 283 357 4294 
2 2278 284 
1 284 
2 284 568 
1 284 
2 284 2815 
1 284 
2 3155 284 
2 4123 284 
1 284 
3 4806 284 2116 
2 3088 284 
2 1190 284 
5 4299 4942 4517 1369 284 
3 1026 5307 284 
2 4500 284 
3 1727 5173 284 
2 786 284 
1 284 
3 1779 284 1134 
5 1695 897 4998 2048 284 
1 284 
5 857 2523 378 284 1725 
2 4809 284 
4 1313 4150 1697 284 
1 284 
1 284 
2 285 2789 
3 449 2547 285 
1 285 
1 285 
1 285 
1 285 
2 5174 285 
1 285 
2 285 4143 
1 285 
1 285 
2 1445 285 
3 4455 4546 285 
3 1644 3391 285 
2 285 1138 
2 405 285 
1 285 
2 852 285 
1 285 
3 5396 683 285 
4 2121 1555 3787 285 
1 285 
2 3039 286 
2 5048 286 
1 286 
1 286 
1 286 
2 2457 286 
3 3299 286 5519 
1 286 
3 1211 2290 286 
3 5269 5297 286 
1 286 
2 286 5021 
2 1787 286 
1 286 
3 5664 1653 286 
1 286 
1 286 
2 3843 286 
2 3018 286 
2 287 4358 
2 4094 287 
3 4439 4033 287 
2 4184 287 
1 287 
1 287 
2 1757 287 
3 4849 287 397 
3 1132 3978 287 
2 4865 287 
3 1249 1627 287 
3 434 4009 287 
2 287 4626 
3 5243 5576 287 
2 3043 287 
2 4189 287 
4 4190 1128 1416 287 
1 287 
3 742 287 4037 
2 605 287 
1 287 
1 287 
2 2458 287 
4 4018 2115 287 4573 
2 2498 287 
4 4133 2955 3863 287 
3 2038 5480 287 
1 287 
3 1794 987 287 
2 1098 288 
3 3586 877 288 
2 5293 288 
1 288 
2 2710 288 
3 2399 288 5326 
1 288 
3 2423 1125 288 
2 1264 288 
2 5231 288 
2 428 288 
1 288 
1 288 
1 288 
2 4783 288 
1 288 
1 288 
2 2979 288 
2 1954 288 
3 871 3526 288 
2 3867 289 
3 4946 5571 289 
2 976 289 
1 289 
1 289 
2 4967 289 
4 3398 3388 4738 289 
1 289 
1 289 
1 289 
1 289 
4 4716 3021 3767 289 
3 1126 3402 289 
3 1367 2782 289 
1 289 
1 289 
1 289 
2 1401 289 
5 504 2494 3297 5238 289 
3 1237 2455 289 
1 289 
2 5218 289 
3 2469 2454 289 
2 3351 290 
1 290 
2 1978 290 
2 4922 290 
2 2448 290 
1 290 
3 5543 3323 290 
3 4201 1571 290 
2 1015 290 
1 290 
2 575 290 
2 5506 290 
2 3814 290 
1 290 
2 406 290 
1 290 
2 291 5276 
2 291 1773 
2 291 3936 
3 291 4252 599 
1 291 
3 291 4747 3812 
1 291 
3 291 2956 4053 
3 291 5688 5087 
1 291 
5 4881 291 4943 2672 2296 
1 291 
1 291 
2 291 2017 
3 291 5357 5697 
3 291 2058 4098 
1 291 
3 291 4217 4380 
2 291 5247 
3 291 625 2614 
2 291 2576 
4 291 2652 3387 4532 
2 291 3392 
1 291 
5 292 1387 3060 3703 5425 
1 292 
3 292 4401 3041 
2 292 1188 
1 292 
2 292 1519 
1 292 
3 3009 292 2363 
4 5665 292 3795 535 
1 292 
1 292 
4 292 1188 1254 1724 
3 292 1356 464 
3 292 2286 1558 
1 292 
2 2302 293 
2 293 5013 
2 293 3815 
3 293 3215 4133 
4 2338 293 3868 403 
2 293 3724 
4 293 2339 3219 2232 
2 293 1699 
1 293 
1 293 
1 293 
3 293 616 4157 
3 293 2496 3241 
2 293 2568 
3 293 4964 4007 
1 293 
5 293 302 4051 4854 4987 
1 293 
3 293 400 1654 
3 293 823 994 
1 294 
2 294 1480 
2 294 619 
2 294 677 
1 294 
2 1572 294 
1 294 
2 294 5235 
2 294 2587 
3 294 470 5069 
1 294 
3 294 1509 5697 
2 294 2755 
2 294 2242 
1 294 
1 294 
1 294 
1 294 
3 294 5317 1453 
1 294 
2 294 2609 
1 294 
2 294 2622 
1 294 
4 295 1768 5488 3361 
3 719 295 5613 
2 2614 295 
2 295 4287 
1 295 
2 295 4189 
3 295 1767 3971 
2 295 2070 
2 295 2317 
1 295 
4 2103 4019 295 2542 
1 295 
1 295 
1 295 
1 295 
3 2191 295 2490 
2 1291 295 
3 295 5357 1138 
2 295 1688 
2 296 1997 
1 296 
3 296 2088 4235 
2 3961 296 
4 296 3756 2139 1456 
4 296 3218 5589 3635 
3 3053 296 1563 
1 296 
1 296 
3 296 2229 3066 
3 296 1564 341 
2 1499 296 
3 296 3606 2987 
1 296 
4 3603 296 5651 5595 
1 296 
5 297 5284 5243 3590 1949 
2 297 590 
