14 2 3 4 5 6 7 8 9 10 11 12 13 14 15 
20 16 17 18 19 20 21 22 23 24 25 26 27 28 1 29 30 31 32 33 34 
18 35 36 37 38 39 40 41 42 43 44 45 1 46 47 48 49 50 51 
26 52 53 54 55 56 57 58 59 60 61 62 63 64 65 66 67 68 69 70 71 72 73 1 74 75 76 
17 77 78 79 80 81 82 83 84 85 86 87 88 89 1 90 91 92 
19 93 94 95 96 97 98 99 100 101 102 1 103 104 105 106 107 108 109 110 
16 111 112 113 114 115 116 117 118 119 120 121 122 1 123 124 125 
27 126 127 128 129 130 131 132 133 134 135 136 137 138 139 140 141 142 143 144 1 145 146 147 148 149 150 151 
17 152 153 154 155 156 157 158 159 160 161 162 163 1 164 165 166 167 
20 168 169 170 171 172 173 174 175 176 177 178 179 180 181 1 182 183 184 185 186 
15 187 188 189 190 191 192 193 194 1 195 196 197 198 199 200 
25 201 202 203 204 205 206 207 208 209 210 211 212 213 214 215 1 216 217 218 219 220 221 222 223 224 
19 225 226 227 228 229 230 231 232 233 234 235 236 1 237 238 239 240 241 242 
21 243 244 245 246 247 248 249 250 251 252 253 254 255 256 1 257 258 259 260 261 262 
20 263 264 265 266 267 268 269 270 271 272 273 274 275 276 277 1 278 279 280 281 
7 282 2 283 284 285 286 287 
31 2 288 289 290 291 292 293 294 295 296 297 298 299 300 301 302 303 304 305 306 307 308 309 310 311 312 313 314 315 316 317 
18 2 318 319 320 321 322 323 324 325 326 327 328 329 330 331 332 333 334 
20 2 335 336 337 338 339 340 341 342 343 344 345 346 347 348 349 350 351 352 353 
24 2 354 355 356 357 358 359 360 361 362 363 364 365 366 367 368 369 370 371 372 373 374 375 376 
29 2 377 378 379 380 381 382 383 384 385 386 387 388 389 390 391 392 393 394 395 396 397 398 399 400 401 402 403 404 
16 2 405 406 407 408 409 410 411 412 413 414 415 416 417 418 419 
22 2 420 421 422 423 424 425 426 427 428 429 430 431 432 433 434 435 436 437 438 439 440 
21 2 441 442 443 444 445 446 447 448 449 450 451 452 453 454 455 456 457 458 459 460 
21 2 461 462 463 464 465 466 467 468 469 470 471 472 473 474 475 476 477 478 479 480 
22 2 481 482 483 484 485 486 487 488 489 490 491 492 493 494 495 496 497 498 499 500 501 
11 2 502 503 504 505 506 507 508 509 510 511 
29 2 512 513 514 515 516 517 518 519 520 521 522 523 524 525 526 527 528 529 530 531 532 533 534 535 536 537 538 539 
22 540 2 541 542 543 544 545 546 547 548 549 550 551 552 553 554 555 556 557 558 559 560 
21 2 561 562 563 564 565 566 567 568 569 570 571 572 573 574 575 576 577 578 579 580 
16 2 581 582 583 584 585 586 587 588 589 590 591 592 593 594 595 
26 2 596 597 598 599 600 601 602 603 604 605 606 607 608 609 610 611 612 613 614 615 616 617 618 619 620 
24 2 621 622 623 624 582 625 626 627 628 629 630 631 632 633 634 635 636 637 638 639 640 641 642 
30 2 643 644 645 646 647 648 649 650 651 652 653 654 655 656 657 658 659 660 661 662 663 664 665 666 667 668 669 670 671 
18 672 673 3 674 675 676 677 678 679 680 681 682 683 684 685 686 687 688 
17 689 690 3 691 692 693 694 695 696 697 698 699 700 701 702 703 704 
19 705 706 3 707 708 709 710 711 504 712 713 714 715 716 717 718 719 720 721 
12 722 3 723 724 725 726 727 728 729 730 731 732 
16 733 3 734 735 736 737 738 739 740 741 742 743 744 745 746 747 
18 748 749 3 750 751 752 753 754 755 756 757 758 759 760 761 762 763 764 
20 765 766 3 767 768 769 770 771 772 773 774 775 776 777 778 779 780 781 782 783 
22 784 785 786 787 3 788 789 790 791 792 793 794 795 796 797 798 799 800 801 802 803 804 
20 805 806 807 808 3 809 810 811 812 813 814 815 816 817 818 819 820 821 822 823 
21 824 825 826 3 827 828 829 830 831 832 833 834 835 836 837 838 839 840 841 842 843 
17 844 845 3 846 847 848 849 850 851 852 853 854 855 856 857 858 510 
22 859 3 860 861 862 863 864 865 866 867 868 869 870 871 872 873 874 875 876 877 878 879 
14 3 880 881 882 883 884 885 886 887 888 889 890 891 892 
17 3 893 894 895 896 897 898 899 900 901 902 903 904 905 906 907 908 
19 909 910 911 912 3 913 914 915 916 917 918 919 920 921 922 923 924 925 926 
17 3 927 928 929 930 931 932 933 934 935 936 937 938 939 940 941 942 
16 943 3 944 945 946 947 948 949 950 951 952 953 954 955 956 957 
14 4 958 959 960 961 962 963 964 965 966 967 968 969 970 
29 971 4 972 973 974 975 976 977 978 979 980 981 982 983 984 985 986 987 988 989 990 991 992 993 994 995 996 997 998 
15 999 1000 1001 4 1002 1003 1004 1005 1006 1007 1008 1009 1010 1011 1012 
22 1013 1014 1015 4 1016 1017 1018 1019 1020 1021 1022 1023 1024 1025 1026 1027 1028 1029 1030 1031 1032 1033 
18 1034 4 1035 1036 1037 1038 1039 1040 1041 1042 1043 745 1044 1045 1046 1047 1048 1049 
30 1050 1051 1052 1053 1054 1055 4 1056 1057 1058 1059 1060 1061 1062 1063 1064 1065 1066 1067 1068 1069 1070 1071 123 1072 1073 1074 1075 1076 1077 
21 1078 4 1079 1080 1081 1082 1083 1084 1085 1086 1087 1088 1089 1090 1091 1092 1093 1094 1095 1096 1097 
18 1098 4 1099 1100 1101 1102 1103 1104 1105 1106 1107 1108 1109 1110 1111 1112 1113 1114 
26 1115 1116 1117 1118 4 1119 1120 1121 1122 1123 1124 1125 1126 1127 1128 1129 1130 1131 1132 1133 1134 1135 1136 1137 1138 1139 
19 1140 1141 1142 1143 1144 1145 4 1146 1147 1148 1149 1150 1151 1152 1153 1154 1155 1156 1157 
24 1158 4 1159 1160 1161 1162 1163 1164 1165 1166 1167 1168 1169 1170 1171 1172 1173 1174 1175 1176 1177 1178 1179 1180 
22 1181 4 1182 1183 1184 1185 1186 1187 1188 1189 1190 160 1191 1192 1193 1194 1195 1196 1197 1198 1199 1200 
25 1201 1202 1203 1204 4 1205 1206 1207 1208 1209 1210 1211 1212 1213 1214 1215 1216 1217 1218 1219 1220 1221 1222 1223 1224 
18 1225 1226 1227 4 1228 1229 1230 1231 1232 1233 1234 1235 1236 1237 1238 1239 1240 1241 
19 1242 1243 1244 1245 4 1246 1247 1248 1249 1250 1251 1252 1253 1254 1255 1256 1257 1258 1259 
24 1260 1261 1262 4 1263 1264 1265 1266 1267 1268 1269 1270 1271 1272 1273 1274 1275 1276 1277 1278 1279 1280 1281 1282 
26 1283 1284 1285 4 1286 1287 1288 1289 1290 1291 1292 1293 1294 1295 1296 1297 1298 1299 1300 1301 1302 1303 1304 1305 1306 1307 
23 1308 1309 1310 1311 4 1312 1313 1314 1315 1316 1317 1318 1319 1320 1321 1322 1323 1324 1325 1326 1327 1328 1329 
21 1330 1331 1332 1333 4 1334 1335 1336 1337 1338 1339 1340 1341 1342 1343 1344 1345 1346 1347 1348 1349 
23 1350 1351 4 1352 1353 1354 1355 1356 1357 1358 1359 1360 1361 1362 1363 1364 1365 1366 1367 1368 1369 1370 1371 
23 1372 1373 1374 4 1375 1376 1377 1378 1379 1380 1381 1382 1383 1384 1385 1386 1387 1388 1389 1390 1391 1392 1393 
28 1394 4 1395 1396 1397 1398 1399 1400 1401 1402 1403 1404 1405 1406 1407 1408 1217 1409 1410 1411 1412 1413 1414 1415 1416 1417 1199 1418 
20 1419 1420 1421 1422 4 1423 1424 1425 1426 1427 1428 1429 1430 1431 1432 1433 1434 1435 1436 1437 
18 1438 4 1439 1440 1441 1442 1443 1444 1445 1446 1447 1448 1449 1450 1451 1452 1453 1454 
16 1455 4 1456 1457 1458 1459 1460 1461 1462 1463 1464 1465 1466 1467 1468 1469 
17 1470 1471 1472 5 1473 1474 1475 1476 1477 1478 1479 1480 1481 1482 1483 1484 1485 
15 1486 1487 1488 5 1489 1490 1491 1492 1493 1494 1495 1496 1497 1498 1499 
21 1500 1501 5 1502 1503 1504 1505 1506 1507 1508 1509 1510 1511 529 1512 1513 1514 1515 1516 1517 1518 
12 1519 1520 5 1521 1522 1523 1524 1525 1526 1527 1528 1529 
17 1530 1531 1532 1533 5 1534 1535 1536 1537 1538 1539 1540 1541 1542 1543 1544 1545 
16 1546 1547 1548 5 1549 1550 1551 1552 1553 1554 1555 1556 1557 1558 1559 1560 
15 1561 1562 1563 1564 1565 1566 5 1567 1568 1569 1570 1571 1572 1573 1574 
25 1575 1576 1577 1578 1579 1580 5 1581 1582 1583 1584 1585 1586 1587 1588 984 1589 1590 1591 1592 1593 1594 1595 1596 1597 
27 1598 1599 1600 1601 1602 1603 5 1604 1605 1606 1607 1608 1609 1610 1611 1612 1613 1614 1615 1616 1617 1618 1619 1620 1621 1622 1623 
13 1624 1625 1626 1627 5 1628 1629 1630 1631 1632 1633 1634 1635 
17 1636 1637 1638 1639 1640 5 1641 1642 1643 1644 1645 1646 1647 1648 1649 1650 1651 
22 1652 1653 1654 1655 1656 1657 5 1658 1659 1660 1661 1662 1663 1664 1665 1666 1667 1668 1669 1670 1671 1672 
14 1673 1674 1675 1676 5 1677 1678 1679 1680 1681 1682 1683 1684 1685 
25 1686 1687 1688 1689 1690 1691 5 1692 1693 1694 1695 1696 1697 1698 1699 1700 1701 1702 1703 1704 1705 1706 1707 1708 1709 
26 1710 1711 1712 1713 1714 5 1715 1716 1717 1718 1719 1720 1721 1722 1723 1724 1725 1726 1727 1728 1729 1730 1731 1732 1733 1734 
10 1735 1736 1737 1738 5 1739 1740 1741 1742 1743 
27 1744 1745 1746 1747 1748 1749 1750 1751 6 1752 1753 1754 1755 1756 1757 1758 1759 1760 1761 1762 1763 1764 1765 1766 1767 1768 1769 
24 1770 1771 1772 1773 1774 1775 1776 1777 1778 1779 1780 1781 6 1782 1783 1784 1785 1786 1787 1788 1789 1790 1791 1792 
31 1793 1794 1795 1796 1797 1798 1799 1800 1801 1802 1803 1804 1805 1806 1807 1808 1809 6 1810 1811 1812 1813 1814 1815 1816 1817 1818 1819 1820 1821 1822 
21 1823 1824 1825 1826 1827 1828 1829 1830 1831 1832 1833 1834 6 1835 1836 1837 1838 1839 1840 1841 1842 
13 1843 1844 1845 1846 1847 6 1848 1849 1850 312 1851 1852 1853 
23 1854 1855 1856 1857 1858 1859 1860 1861 1862 1863 6 1864 1865 1866 1867 1868 1869 1870 1871 1872 1873 1874 1875 
25 1876 1877 1878 1879 1880 1881 1882 1883 1884 1885 1886 6 1887 1888 1889 1890 1891 1892 1893 1894 1895 1896 1897 1898 1899 
22 1900 1901 1902 1903 1904 1905 1906 1907 1908 6 1909 1910 1911 1912 1913 1914 1915 1916 1917 1918 1919 1920 
22 1921 1922 1472 1923 1924 1925 1926 1927 1928 6 1929 1930 1931 1932 1933 1934 1935 1936 1937 1938 1939 1940 
21 1941 1942 1943 1944 1945 1946 1947 1948 1949 1950 1951 6 1952 1953 1954 1955 1956 1957 1958 1959 1960 
24 1961 1962 1963 1964 1965 1966 1967 1968 1969 1970 1971 6 1972 1973 1974 1975 1976 1977 1978 1979 1980 1981 1982 1983 
24 1984 1985 1986 1987 1988 1989 1990 1991 1992 1993 6 1994 1995 1996 1997 1998 1999 2000 2001 2002 2003 2004 2005 2006 
27 2007 2008 2009 2010 2011 2012 2013 2014 2015 2016 2017 2018 2019 2020 6 2021 270 2022 2023 2024 2025 2026 2027 2028 2029 2030 2031 
19 2032 2033 2034 2035 2036 2037 2038 2039 2040 2041 6 2042 2043 2044 2045 2046 2047 2048 2049 
19 2050 2051 2052 2053 2054 2055 2056 2057 2058 2059 2060 6 2061 2062 2063 2064 2065 2066 2067 
27 2068 2069 2070 2071 2072 2073 2074 2075 2076 2077 2078 2079 2080 2081 6 2082 2083 143 2084 2085 2086 2087 2088 2089 2090 2091 2092 
21 2093 2094 2095 2096 2097 2098 2099 2100 2101 2102 2103 2104 6 2105 2106 2107 2108 2109 2110 2111 2112 
25 2113 2114 2115 2116 2117 2118 2119 2120 2121 6 2122 2123 2124 2125 2126 2127 2128 2129 2130 2131 2132 2133 2134 2135 2136 
20 2137 2138 2139 2140 2141 173 1122 2142 2143 2144 2145 2146 7 2147 2148 2149 2150 2151 2152 2153 
22 2154 2155 462 2156 2157 2158 2159 2160 2161 2162 2163 2164 7 2165 2166 2167 2168 2169 2170 2171 2172 2173 
15 2174 2175 2176 2177 2178 2179 2180 2181 2182 2183 7 2184 2185 2186 2187 
17 2188 2189 2190 2191 2192 7 2193 2194 2195 2196 2197 2198 2199 2200 2201 1683 2202 
20 2203 2204 2205 2206 2207 2208 2209 2210 2211 2212 2213 2214 2215 7 2216 2217 2218 2219 2220 2221 
22 2222 2223 2224 2225 2226 2227 2228 2229 2230 2231 2232 7 2233 2234 2235 2236 2237 2238 2239 2240 2241 2242 
15 2243 2244 2245 2246 1665 2247 2248 2249 7 2250 2251 2252 2253 2254 2255 
23 2256 2257 2258 2259 2260 2261 2262 2263 2264 7 2265 2266 2267 2268 2269 2270 2271 2272 2273 2274 2275 2276 2277 
21 2278 2279 2280 2281 2282 2283 2284 2285 2286 2287 2288 7 2289 2290 2291 2292 2293 2294 2295 2296 2297 
17 2298 2299 2300 2301 2302 1428 2303 2304 2305 470 1722 7 2306 2307 2308 2309 2310 
24 2311 2312 2313 2314 2315 2316 2317 2318 2319 2320 2321 2322 7 2323 2324 2325 2326 2327 2328 2329 2330 2331 2332 2333 
16 2334 2335 2336 2337 2338 2339 7 2340 2341 2342 2343 2344 2345 2346 2347 2348 
20 2349 2350 2351 57 2352 2353 2354 2355 7 2356 2357 2358 2359 2360 2361 2362 2363 2364 2365 2366 
28 2367 2368 2369 2370 2371 2372 2373 2374 2375 2376 2377 2378 2379 2380 2381 7 2382 2383 2384 2385 2386 2387 2388 2389 2390 2391 2392 2393 
24 2394 2395 2396 2397 2398 2399 2400 2401 2402 1660 2403 2404 2405 2406 7 2407 2408 2409 2410 2411 589 2412 2413 2414 
24 2415 2416 2417 2418 2419 2420 2421 2422 2423 2424 2425 2426 8 2427 2428 2429 2430 2431 2432 2433 2434 2435 2436 2437 
25 2438 2439 2440 2441 2442 2443 2444 2445 2446 2447 2448 2449 2450 2451 8 2452 2453 2454 2455 2456 2457 2458 2459 2460 2461 
24 2462 2463 2464 2465 2466 2467 2468 2469 2470 2471 2337 2472 2473 2474 2475 8 2476 2477 2478 2479 2480 2481 2482 2483 
26 2484 2485 2486 2487 2488 2489 2490 2491 2492 2493 2494 2495 2496 2497 2498 2499 8 2500 2501 2502 2503 2504 2505 2506 2507 2508 
28 2509 2510 2511 2512 2513 2514 2515 2516 2517 2518 2519 2520 2521 2522 2523 2524 2525 2526 8 2527 2528 2529 2530 2531 2532 2533 2534 2535 
17 2536 2537 2538 2539 2540 8 2541 2542 2543 2544 2545 2546 2547 2548 2549 2550 2551 
29 2552 2553 2056 2554 2555 2556 2557 2558 2559 2560 2561 2562 2563 8 2564 2565 2566 2567 2568 2569 2570 2571 2572 2573 2574 2575 2576 2577 2578 
17 2579 2580 2581 2582 2583 2584 2585 2586 2587 2588 2589 8 2590 2591 2592 2593 2594 
18 2595 2596 2597 2598 2599 2600 2601 2602 2603 2604 2605 2606 2607 8 2608 2609 2610 2611 
26 2612 2613 2614 2615 2616 2617 2618 2619 2620 2621 2622 2623 2624 2625 8 2626 2627 2628 2629 2630 2631 2632 2633 2634 2635 2636 
21 2637 2638 2639 2640 2641 2642 2643 2644 2645 2646 2647 2648 2649 2650 8 2651 2652 2653 2654 2655 2656 
16 2657 2658 2659 2660 2661 2079 2662 2663 8 2664 2665 2666 2667 2668 2669 2670 
18 2671 2672 2673 2674 2675 2676 2677 2678 8 2679 2680 2681 2682 2683 2684 2685 2686 2687 
15 2688 2689 2690 2691 2692 2693 2694 2695 2696 8 2697 2698 2699 2700 2701 
25 2702 2703 2704 2705 2706 2707 2708 2709 2710 2711 2712 2713 2714 2715 8 2716 2717 2718 2719 2720 2721 2722 2723 2724 2725 
16 2726 2727 2728 2729 2730 2731 2732 8 2733 2734 2735 2736 2737 2738 2739 2740 
25 2741 2742 2743 2744 2745 2746 2747 2748 366 2749 2750 2751 2752 2753 2754 8 2755 2756 2757 2758 2759 2760 2761 2762 2763 
26 2764 2765 2766 2767 2768 2769 2694 2770 2771 2772 2773 2774 2775 2776 2777 2778 2779 2780 2781 2782 8 2783 2784 2785 2786 108 
19 2787 2788 2789 2790 2791 2792 2793 2794 2795 2796 2797 2798 8 397 2799 2800 2801 2802 2803 
20 2804 2805 2806 2807 2808 2809 2810 2811 2812 2813 2814 2815 2816 8 2817 2818 2819 2820 2821 2822 
18 2823 2824 2825 2826 2827 2828 2829 2830 2831 8 2832 2833 2834 2835 2836 2837 2838 2839 
21 2840 2841 2842 2843 2844 2845 2846 2847 2848 2849 2850 2851 2852 8 2853 2854 2855 2856 2857 2858 2859 
21 2860 2861 2862 2863 2864 2865 2866 2867 2868 2869 2870 2871 8 2872 2873 2874 2875 2876 2877 2878 2879 
18 2880 2881 2882 2883 2884 2885 2886 2887 2888 2889 2890 2891 2892 8 2893 2894 2895 2896 
26 2897 2898 2899 2900 2901 2902 2903 2904 2905 2906 2907 2908 2213 8 2909 2910 2911 2912 2913 2914 2915 2916 2917 2918 2919 2920 
14 2921 2922 2923 2924 2925 2926 2927 2928 2929 8 2930 2931 2932 2933 
26 2934 2935 2936 1263 2937 2938 2939 2940 2941 2942 2943 2944 2945 2946 2947 2948 2949 9 2950 2951 2952 2953 2954 312 2955 2956 
23 2957 2958 2959 2960 2961 2962 2963 2964 2965 2966 2967 2968 9 2969 2970 2971 2972 2973 2974 2975 2976 2977 2978 
22 2979 2980 2981 2982 2983 2984 2985 2986 9 2987 2988 2989 2990 2991 2992 2993 2994 2995 2996 2997 2998 2999 
18 3000 3001 3002 3003 3004 3005 2301 3006 3007 3008 3009 9 3010 3011 3012 3013 3014 3015 
25 3016 3017 3018 3019 3020 3021 3022 3023 3024 3025 3026 3027 3028 3029 3030 9 3031 3032 3033 3034 3035 3036 3037 3038 3039 
20 3040 3041 3042 3043 3044 3045 3046 3047 3048 3049 3050 3051 9 3052 3053 3054 1650 3055 3056 3057 
16 3058 3059 3060 3061 3062 3063 1537 1932 3064 3065 9 3066 3067 3068 3069 3070 
21 3071 3072 3073 3074 3075 3076 2496 2475 3077 9 3078 3079 3080 3081 3082 3083 3084 3085 3086 3087 3088 
14 3089 3090 3091 63 3092 3093 3094 3095 3096 9 3097 3098 3099 3100 
24 3101 3102 3103 3104 3105 3106 3107 3108 253 3109 3110 3111 3112 3113 3114 3115 3116 3117 9 3118 3119 3120 3121 3122 
26 3123 3124 3125 3126 3127 3128 3129 3130 3131 3132 3133 3134 3135 3136 9 3137 3138 3139 3140 3141 3142 3143 3144 3145 3146 3147 
26 3148 3149 3150 3151 3152 3153 3154 3155 3156 3157 3158 3159 3160 9 3161 3162 3163 3164 3165 3166 3167 3168 3169 3170 3171 3172 
21 3173 3174 3175 3176 3177 3178 3179 3180 3181 3182 3183 3184 3185 3186 9 3187 3188 3189 1730 3190 3191 
22 3192 3193 3194 3195 3196 3197 1080 3198 3199 3200 3201 3202 3203 3204 3205 3206 3207 3208 9 3209 3210 3211 
19 3212 3213 3214 3215 3216 3217 3218 3219 3220 3221 9 3222 3223 3224 3225 3226 3227 580 3228 
18 3229 3230 3231 3232 3233 3234 3235 3236 3237 3238 9 3239 3240 3241 3242 3243 500 3244 
18 3245 3246 3247 3248 3249 3250 3251 3252 3253 10 3254 3255 3256 3257 3258 3259 3260 1574 
18 1260 3261 3262 3263 3264 3265 3266 3267 3268 3269 3270 10 3271 3272 3273 3274 3275 3276 
19 3277 1269 3278 3279 3280 3281 3282 3283 3284 3285 10 3286 3287 3288 3289 3290 3291 3292 3293 
21 3294 3295 3296 3297 3298 3299 3300 3301 3302 3303 3304 3305 3306 10 3307 3308 3309 3310 3311 3312 3313 
20 3314 3315 3316 3317 3318 3319 3320 3321 3322 3323 3324 3325 10 3326 3327 3328 3329 3330 3331 3332 
14 3333 111 3334 3335 3336 3337 3338 3339 10 3340 3341 3342 3343 3344 
17 3345 3346 3347 3348 3349 3350 3351 3352 3353 10 3354 3355 3356 3357 3358 3359 3360 
22 3361 3362 3363 3364 3365 3366 3367 3368 3369 3370 3371 3372 3373 10 3374 3375 3376 3377 3378 3379 3380 2202 
19 3381 3382 3383 3384 3385 3386 3387 3388 3389 3390 3391 3392 3393 10 3394 3395 3396 3397 3398 
14 3399 3400 3401 3402 3403 3404 3405 3406 3407 10 3408 3409 3410 3411 
27 3412 3413 3414 3415 3416 3417 3418 3419 3420 3421 3422 3423 3424 3425 3426 3427 3428 3429 10 3430 3431 3432 3433 3434 2001 3435 3436 
19 3437 3438 3439 3440 3441 3442 3443 3444 3445 3446 3447 3448 10 3449 3450 3451 3452 969 3453 
17 3454 3455 3456 3457 3458 3459 3460 3461 3462 3463 3464 10 3465 3466 3467 2331 3468 
25 3469 3470 3471 3472 3473 3474 3475 3476 3477 3478 3479 3480 10 3481 3482 3483 3484 3485 3486 3487 3488 3489 3490 3491 3492 
24 3493 3494 3495 3496 3497 3498 3499 3500 3501 3502 3503 3504 3505 3506 3507 3508 3509 3510 3511 3512 10 3513 3514 3515 
29 3516 3517 3518 3318 1657 3519 3520 3521 3522 3523 3524 3525 3526 3527 3528 3529 3530 3531 3532 10 3533 3534 3535 3536 3537 3538 3539 3540 3541 
20 3542 3543 3544 3545 3546 3547 3548 3549 3550 3551 3552 3553 3554 10 1381 3555 3556 3557 3558 3559 
27 3560 3561 3562 3563 3564 467 3565 3566 3567 3568 3569 3570 984 3571 10 3572 3573 3574 3575 3576 3577 3578 3579 3580 3581 3582 3583 
18 3584 622 3585 3586 3587 3588 3589 3590 3591 10 3592 3593 3594 3595 3596 3597 3598 3599 
22 3600 3601 3602 3603 3604 3605 3606 3607 3608 3609 3610 11 3611 3612 3613 3614 3615 3616 3275 3617 3618 3619 
29 3620 3621 3622 3623 2055 3624 3625 3626 3627 3628 3629 3630 3631 3632 3633 3634 610 3635 11 3636 3637 3638 3639 3640 3641 3642 2686 3643 2635 
22 3644 3645 3646 3647 3648 3649 3650 3651 3652 3653 3654 11 3655 3656 3657 3658 3659 3660 3661 3662 3663 3664 
21 824 3665 3666 3667 3668 3669 3670 3671 3672 3673 3674 3675 11 3676 3677 3678 3679 3680 3681 3682 3683 
26 3684 3685 3686 3687 3688 3689 3690 3691 3692 3693 961 3694 3695 3696 3697 3698 3699 11 3700 3701 3702 3703 1516 3704 3705 3706 
21 3707 3708 3709 3710 1675 3711 3712 3713 3714 3715 3716 3717 3718 3719 3720 11 3721 3722 3723 3724 3725 
26 3726 3727 3728 3729 3730 3731 3732 3733 3734 3735 3736 3737 3738 490 2252 3739 3740 11 3741 3742 3743 3744 3745 3746 3747 3748 
18 3749 3750 3751 3752 3753 3754 3755 3756 3757 3758 3759 3760 11 3761 3762 3763 3764 3765 
28 3766 3767 3768 3769 3770 3771 3772 3773 3774 3775 3776 3777 3778 3095 3779 3780 3781 3782 11 3783 3784 3785 3786 3787 3788 3789 3790 3791 
24 3792 3793 3794 3795 3796 3797 3798 3799 3800 3801 3802 3803 3804 3805 3806 3807 3808 3809 11 3810 3811 3812 3813 3814 
16 3815 3816 3817 3818 3819 1751 3159 3820 3821 3822 3823 11 3824 3825 3826 3827 
17 3828 3829 3830 3831 3832 3833 3834 3835 3836 3837 3838 3839 3840 3841 11 3842 3843 
18 3844 3845 3846 3847 3848 3849 3850 3851 3852 3853 3854 3855 3856 11 3857 3858 3859 3860 
20 644 3861 3862 3863 2884 3864 3865 3866 3867 11 3868 3869 3870 3871 1301 3872 3873 3874 3875 3876 
16 3877 3878 3879 3880 3881 3882 3883 3884 3885 3886 3887 12 3888 3889 3890 3891 
18 3892 3893 1576 3894 3895 3896 3897 3898 3899 3900 3901 3902 3903 3904 3905 12 3906 3907 
19 3908 3909 3910 3911 3912 3913 3914 3915 3916 3917 3918 3919 3920 3921 3922 3923 12 3924 3925 
26 3926 3927 3928 3929 3930 3931 3932 3933 3934 3935 3936 3937 3938 3939 3940 3941 3942 3943 3944 3945 12 3946 3947 3948 3949 3950 
19 3951 3952 3953 3954 3955 2140 3956 3957 3958 3959 3960 3961 3962 3963 3964 12 3965 3966 3967 
25 3968 3969 3970 3971 3972 3973 3974 3975 3976 3977 3978 3979 3980 3981 3982 12 3983 3984 3985 3986 3987 3988 3989 3990 3991 
25 3992 3993 3994 3995 3996 3997 3998 3999 4000 4001 4002 4003 4004 4005 4006 4007 4008 4009 4010 4011 12 4012 4013 4014 4015 
16 2960 4016 4017 4018 4019 4020 4021 4022 4023 4024 4025 2856 12 4026 3411 4027 
20 4028 4029 3708 4030 4031 4032 4033 4034 4035 4036 4037 4038 4039 4040 4041 4042 12 4043 4044 4045 
18 4046 4047 4048 4049 4050 4051 1507 4052 4053 4054 4055 4056 4057 12 4058 4059 4060 4061 
18 4062 4063 4064 3245 4065 4066 4067 4068 4069 4070 4071 4072 4073 4074 4075 4076 4077 12 
21 4078 4079 4080 4081 4082 4083 4084 4085 4086 4087 4088 4089 4090 4091 4092 4093 4094 12 4095 4096 4097 
27 4098 4099 4100 4101 4102 4103 4104 4105 4106 4107 4108 4109 4110 4111 4112 4113 4114 4115 4116 1048 12 4117 3168 4118 4119 4120 4121 
21 4122 4123 4124 4125 4126 4127 4128 4129 4130 4054 4131 4132 4133 12 4134 4135 4136 4137 4138 4139 4140 
19 4141 4142 4143 4144 4145 4146 4147 4148 4149 4150 4151 4152 4153 4154 4155 4156 12 4157 4158 
14 4159 4160 4161 4162 4163 4164 4165 4166 4167 4168 4169 12 4170 4171 
15 4172 4173 4174 4175 4176 4177 4178 4179 4180 4181 4182 4183 4184 12 4185 
19 4186 4187 4188 4189 4190 4191 4192 4193 1189 4194 4195 4196 4197 4198 4199 12 4200 4201 4202 
21 4203 4204 4205 4206 4207 4208 2299 4209 4210 4211 4212 4213 4214 12 4215 4216 4217 4218 4219 4220 4221 
35 4222 4223 4224 4225 4226 4227 4228 4229 4230 4231 4232 4233 4234 4235 4236 4237 4238 4239 4240 4241 4242 4243 4244 4245 4246 4247 4248 4249 12 4250 4251 4252 4253 4254 4255 
18 4256 4257 4258 4259 4260 4261 4262 4263 4264 4265 2044 4266 4267 4268 12 4269 4270 4271 
18 4272 4273 4274 4275 4276 4277 4278 4279 4280 4281 4282 4283 4284 4285 4286 12 4287 4288 
23 4289 4290 4291 4292 4293 4294 4295 4296 4297 4298 4299 4300 4301 4302 12 4303 4304 4305 4306 4307 4308 4309 4310 
20 4311 4312 4313 4314 4315 4316 4317 4318 4319 4320 4321 4322 4323 4324 4325 4326 12 4327 4328 4329 
18 4330 4331 4332 4333 4334 4335 4336 4337 4338 4339 4340 4341 4342 4343 4344 13 4345 4346 
16 4347 4348 4349 4350 4351 4352 4353 3404 4354 4355 4356 4357 4358 4359 13 4360 
11 4361 4362 4363 4364 4365 4366 4367 4368 4369 13 4370 
15 4371 4372 4373 4374 4375 4376 4377 4378 4379 4380 4381 4382 4383 13 4384 
22 4385 4386 4387 4388 4389 4390 4391 4392 4393 4394 4395 4396 4397 4398 4399 4400 4401 4402 4403 13 4404 4405 
21 4406 4407 4408 4409 4410 4411 2828 4412 4413 4414 4415 4416 276 4417 4418 4419 4420 4421 13 4422 4423 
14 4424 4425 4426 4427 4428 4429 4430 4431 4432 13 4433 4434 4435 4436 
13 4437 4438 4439 4440 4441 4442 1508 4443 4444 13 4445 4446 4447 
20 4448 4449 4450 4451 4452 4453 4454 4455 4456 4457 2618 4458 4459 4460 4461 4462 13 4463 4464 4465 
15 4466 4467 4468 4469 4470 4471 4472 4473 4474 2343 13 4475 4476 4477 4478 
16 4479 4480 4481 4482 4483 4484 4485 4486 4487 4488 4489 4490 4491 13 4492 4493 
19 4494 4495 4496 4497 4498 4499 4500 4501 4502 4503 4504 4505 4506 4507 13 4508 4509 2535 4510 
24 4511 4512 4513 4514 4515 4516 4517 4518 4519 4520 4521 4522 4523 4524 4525 4526 4240 4527 4528 4529 4530 13 4531 4532 
19 4533 4534 4535 4536 4537 4538 4539 4540 4541 2628 4542 4543 4544 4545 13 4546 4547 4548 4549 
23 4550 4551 4552 4553 4554 4555 4556 4557 4558 4559 4560 4561 4562 4563 4564 1464 4565 4566 4567 4568 4569 13 4570 
22 4571 4572 4573 4574 4575 4576 4577 4578 4579 4580 4581 4582 4583 4584 4585 3054 4586 4587 4588 4589 13 4590 
18 4591 4592 4593 4594 4595 4596 4597 4598 4599 4600 4601 4602 13 4603 4604 4605 4606 4607 
13 4608 4609 4610 4611 4612 1611 4613 4614 4601 4615 13 4616 4617 
18 4618 4619 4620 4621 4622 4623 4624 4625 4626 4627 4628 4629 4630 4631 4632 4633 14 4634 
17 4635 4636 4637 4638 4639 4640 4641 4642 4643 4644 4645 4646 4647 14 4648 4649 4650 
24 4651 4652 4653 4654 4655 4656 4657 4658 4659 4660 4661 4662 4663 4664 4665 4666 4667 4668 4669 4670 14 4671 4672 4673 
24 4674 4675 4676 4677 4678 4679 4680 4681 4682 4683 4684 4685 4686 4687 4688 4689 4690 4691 4692 4693 14 4694 4695 4696 
20 4697 4698 4699 3421 4700 4701 408 4702 4703 4704 4705 4706 4707 4708 4709 4710 4711 4712 14 4713 
20 4714 4715 4716 4717 4718 4719 4720 4721 4722 4723 4724 4725 4726 4727 14 4728 4729 4730 4731 4732 
23 4733 4734 4735 4736 4737 4738 4739 4740 4741 4742 4743 4744 4745 4746 4747 4748 4749 4750 4751 995 14 4752 4753 
18 4754 4755 4756 4757 4758 4759 4760 4761 4762 4763 4764 4765 4766 4767 4768 14 4769 4770 
25 4771 4772 4773 4774 4775 4776 4777 4778 4779 3463 4780 4781 4782 4783 4784 4785 4786 4787 4788 3615 14 4789 4790 4791 4792 
22 4793 4794 4795 4796 4797 4798 4799 4800 4801 4802 4803 4804 4805 4806 4807 4808 4809 4810 4811 4812 4813 14 
20 4814 4815 4816 4817 4818 4819 4820 4821 4822 4823 1972 4824 161 4825 4826 4827 4828 14 4829 4830 
20 4831 4832 4833 4834 4835 4836 4837 4838 4839 4840 4841 4842 4843 4844 3307 4845 4846 4847 14 4848 
26 4849 4850 4851 4852 4853 4854 4855 4856 4857 4858 4859 3881 4860 4861 4862 4863 4864 4865 4866 4867 4868 2915 14 4869 4870 4871 
21 4872 4873 4874 4875 4876 4877 4878 4879 2867 4880 4881 4882 4883 4884 4885 4886 4887 4888 4889 4890 14 
21 4891 4892 4893 4894 4895 4896 4897 4898 4899 4900 4901 474 4902 4903 4904 4905 4906 4907 4908 14 4909 
29 4910 4911 4912 4913 4914 2661 4915 4916 4917 4918 4919 4920 4921 4922 4923 4924 4925 4926 4927 4928 4929 4930 14 4931 4932 4933 4934 1899 4935 
11 4936 4937 4938 4939 4940 4941 4942 4943 14 4944 4945 
28 4946 4947 4948 4949 4950 4951 4952 4953 4954 4955 4956 4957 4958 4959 4960 4961 4962 4963 4964 4965 4966 4967 4968 4969 4970 14 4971 4972 
30 4973 4974 4975 4976 4977 4978 4979 4980 4981 4982 4983 4984 4985 4986 4987 4988 4989 4990 4991 4992 4993 4994 4995 14 4996 4997 4998 4999 5000 5001 
26 5002 5003 5004 5005 5006 5007 5008 5009 5010 5011 5012 5013 5014 5015 5016 5017 5018 5019 5020 5021 5022 5023 5024 14 5025 5026 
20 5027 3496 5028 5029 5030 5031 5032 5033 5034 5035 5036 5037 5038 5039 5040 5041 5042 5043 15 5044 
21 5045 5046 5047 5048 5049 5050 5051 5052 5053 5054 5055 5056 5057 5058 5059 5060 5061 3614 15 5062 5063 
18 5064 5065 5066 5067 5068 5069 5070 5071 5072 2319 5073 5074 5075 5076 5077 5078 5079 15 
19 5080 5081 5082 5083 5084 5085 5086 5087 5088 5089 5090 5091 5092 5093 2358 5094 5095 5096 15 
22 5097 5098 5099 5100 5101 5102 5103 5104 5105 3572 5106 5107 5108 5109 5110 5111 3904 5112 5113 15 5114 5115 
19 5116 5117 5118 5119 5120 5121 5122 5123 5124 5125 5126 5127 5128 5129 5130 5131 5132 15 5133 
29 5134 5135 5136 5137 5138 5139 5140 5141 5142 5143 5144 5145 5146 5147 5148 5149 5150 5151 5152 5153 5154 4133 5155 5156 5157 5158 5159 15 5160 
23 5161 5162 5163 5164 5165 5166 5167 5168 5169 5170 5171 5172 5173 5174 5175 5176 5177 3377 5178 105 5179 15 5115 
24 5180 5181 5182 5183 5184 5185 5186 5187 5188 5189 5190 5191 5192 5193 5194 5195 5196 1085 5197 5198 5199 5200 15 5201 
24 5202 5203 5204 5205 5206 5207 5208 5209 5210 5211 5212 5213 5214 5215 5216 5217 5218 5219 4789 5220 5221 15 5222 5223 
21 5224 5225 5226 5227 5228 5229 5230 5231 5232 5233 5234 5235 5236 5237 5238 5239 5240 5241 5242 5243 15 
18 5244 5245 5246 5247 5248 5249 5250 5251 5252 5253 4645 5254 5255 5256 5257 5258 15 4648 
13 5259 5260 5261 5262 5263 5264 5265 5266 5267 5268 5269 5270 15 
17 5271 5272 230 5273 5274 5275 5276 5277 5278 5279 5280 5281 5282 5283 5284 5285 15 
23 5286 5287 5288 5289 5290 5291 5292 5293 5294 5295 5296 4321 5297 5298 5299 5300 5301 5302 5303 5304 5305 5306 15 
22 5307 5308 5309 5310 5311 5312 5313 5314 5315 5316 5317 5318 5319 5320 5321 5322 5323 5324 2170 5325 5326 15 
18 5327 1333 1206 5328 5329 5330 5331 5332 5333 5334 5335 5336 5337 5338 5339 5340 15 5341 
32 5342 5343 5344 2980 5345 5346 5347 5348 5349 5350 5351 5352 5353 5354 1587 5355 5356 5357 5358 5359 5360 5361 5362 5363 5364 5365 5366 5367 5368 5369 15 5370 
29 5371 5372 5373 5374 5375 5376 5377 5378 5379 5380 5381 5382 5383 5384 5385 5386 5387 5388 5389 5390 5391 5392 5393 5394 5395 5396 15 5397 5398 
18 16 4174 5399 5400 5401 5402 5403 5404 5405 5406 5407 5408 5409 5410 5411 5412 5413 5414 
20 5415 5416 5417 16 5418 5419 5420 5421 1271 5422 5423 5424 5425 5426 5427 5428 5429 5430 5431 5432 
22 5433 5434 16 910 5435 5436 5437 5438 5439 5440 5441 5442 5443 5444 5445 5446 5447 5448 5449 5450 5451 5452 
23 5453 16 5454 5455 5456 5457 5458 5459 5460 5461 5462 5463 5464 5465 5466 5467 1704 5468 5469 5470 5471 5472 5473 
17 5474 5475 5476 16 5477 5478 5479 5480 4353 5481 5482 5483 5484 5485 5486 5487 5488 
20 5489 5490 16 5491 5492 5493 5494 5495 5496 5497 5498 5499 5500 5501 5502 5503 5504 5505 5506 5507 
28 5508 5509 17 5510 5511 5512 5513 5514 5515 5516 5517 5518 5519 5520 5521 3480 5522 5523 5524 5525 5526 5527 5528 5529 5530 5531 5532 5533 
21 5534 5535 17 5536 5537 5538 2602 5539 5540 5541 4539 5542 5543 5544 5545 5546 5547 5548 5549 5550 5551 
16 5552 5553 17 5554 5555 5556 5557 5558 5559 3740 5560 5561 5562 5563 5564 5565 
18 5566 5567 5568 17 5569 5570 5571 5572 5573 5574 5575 5576 5546 5577 5578 4695 5579 5580 
20 5581 5582 5583 5584 17 5585 5586 5587 5588 5589 5590 5591 5592 5593 5594 5595 5596 5597 5598 5599 
19 5600 705 5601 4618 5602 5603 17 5604 5605 5606 5607 5608 5609 5610 5611 5612 5613 5614 5615 
22 5616 5617 5618 5619 5620 17 2316 5621 5622 5623 5624 5625 5626 5627 5628 5629 5630 5631 5632 5633 5634 5635 
14 5636 5637 17 5638 5639 5640 5641 5642 5643 5644 5645 5646 5647 5648 
23 5649 5650 5651 5652 17 5653 5654 5655 5656 5657 5658 5659 5660 5661 5662 5663 5664 5665 5666 5667 5668 5669 5670 
30 5671 5672 5673 5674 5675 5676 17 5677 5678 5679 5680 5681 5682 5683 5684 5685 5686 5687 5688 5689 5690 5691 5692 5693 5694 5695 5696 5697 5698 5699 
20 5700 5701 17 2355 5702 5703 5704 5705 5706 5707 5708 5709 5710 5711 5712 5713 5714 5715 5716 5717 
19 5718 5719 5720 5721 5722 17 5723 5724 5725 5726 5727 5728 5729 5730 5731 5732 5733 5734 5735 
17 5736 5737 5738 5739 17 5740 5741 5742 5743 5744 5745 5746 5747 5748 5749 5750 5751 
17 5752 5753 5754 17 5755 5756 5757 5758 5759 5760 5761 4963 5762 5763 5764 5765 5766 
17 5767 5768 17 5186 4759 5769 5770 5771 5772 5773 5774 5775 5776 5777 5778 780 5779 
20 5780 5781 5782 5783 5784 5785 17 5786 5787 5788 5789 5790 5791 5792 5793 5794 5795 5796 5797 5798 
3 5799 5800 17 
5 17 4090 2626 3083 4713 
5 17 3422 3462 4662 4967 
4 17 4723 1223 2995 
3 17 1151 3924 
3 17 4142 509 
1 17 
3 17 1608 3595 
3 152 17 97 
1 17 
2 1263 17 
3 2936 17 3824 
3 17 640 1919 
2 5345 17 
4 2014 18 1991 3982 
1 18 
2 18 4076 
1 18 
2 18 5429 
2 18 5053 
2 18 3118 
2 18 3940 
2 18 2496 
3 18 5276 3572 
2 18 939 
1 18 
2 18 2676 
3 18 3773 2173 
1 18 
1 18 
5 1487 18 3271 4545 5532 
2 4330 19 
2 2051 19 
2 19 1758 
2 19 1719 
1 19 
3 2595 19 664 
4 19 948 5519 5794 
1 19 
2 19 843 
4 19 2125 745 4829 
4 19 4472 5565 2202 
1 19 
2 19 1622 
3 19 3695 3010 
5 929 4389 19 3921 4303 
2 19 1750 
3 5570 19 4679 
3 19 2249 5429 
3 19 2337 1679 
3 3792 20 4335 
3 20 2737 4930 
2 20 903 
4 785 20 1699 4432 
2 3892 20 
2 20 5472 
2 20 4595 
1 20 
3 20 5526 5716 
1 20 
3 20 5232 2740 
2 20 2964 
4 20 4032 1292 142 
1 20 
3 20 2748 4971 
2 20 2878 
1 20 
2 20 1722 
1 20 
5 1655 20 2619 3009 3922 
1 20 
3 20 758 2910 
1 20 
2 5436 21 
3 2487 21 3208 
3 21 4537 3590 
1 21 
3 21 5556 3940 
3 21 1297 3070 
3 784 21 5212 
1 21 
1 21 
1 21 
2 21 3344 
2 21 2136 
1 21 
3 1690 21 5470 
2 21 3805 
2 21 5033 
3 1285 21 1215 
2 21 4310 
3 1264 21 957 
1 21 
5 21 4625 3187 144 398 
3 21 397 2879 
3 4100 21 983 
4 4572 21 2144 994 
3 21 4439 1319 
4 706 2076 21 1619 
4 21 5229 2516 4000 
1 21 
2 22 2652 
3 1395 22 1510 
1 22 
5 247 5587 22 2153 703 
2 22 2021 
1 22 
2 22 435 
4 723 3280 3321 22 
1 22 
1 22 
2 22 3118 
1 22 
3 1546 2017 22 
2 22 764 
2 3006 22 
1 23 
1 23 
1 23 
4 1968 23 5381 1178 
2 5638 23 
2 3352 23 
3 23 2169 1560 
1 23 
3 2192 23 3696 
1 23 
1 23 
3 2470 23 4284 
2 23 4889 
2 23 5635 
2 5770 23 
3 23 411 4345 
1 23 
2 23 3451 
1 23 
2 23 2321 
2 4553 23 
2 2321 24 
1 24 
7 1690 1585 24 4962 4460 5564 2802 
3 5210 24 4121 
2 4257 24 
2 24 2387 
1 24 
1 24 
2 550 24 
3 3075 24 4907 
1 24 
3 1336 24 2931 
2 2180 24 
2 24 5578 
3 1548 24 3307 
3 5343 24 4567 
2 24 5446 
2 24 3290 
2 1843 24 
2 5478 24 
2 5163 25 
3 112 1103 25 
3 4572 25 3885 
1 25 
1 25 
6 3301 25 3375 5666 2198 5734 
3 2490 25 185 
1 25 
2 25 964 
2 25 120 
4 3316 1398 1043 25 
1 25 
1 25 
4 25 5631 3395 257 
3 25 588 1709 
1 25 
1 25 
1 25 
2 1582 25 
1 25 
2 1966 26 
3 26 952 2187 
2 26 4887 
2 1794 26 
2 4295 26 
1 26 
2 26 1596 
2 1694 26 
1 26 
3 26 193 1091 
3 4892 1106 26 
2 26 4344 
2 26 5714 
1 26 
3 1183 26 2389 
3 5294 3959 26 
2 521 26 
1 26 
1 26 
2 26 167 
2 26 842 
1 27 
1 27 
2 37 27 
1 27 
1 27 
2 5139 27 
2 27 854 
5 5135 2657 2810 309 27 
8 1601 1522 4558 5170 3806 27 45 2433 
3 3246 5174 27 
2 28 1874 
2 4438 28 
1 28 
2 3363 28 
4 1581 3233 3351 28 
1 28 
3 541 1858 28 
2 3775 28 
1 28 
2 28 497 
3 4472 2731 28 
1 28 
5 5454 3367 2967 3823 28 
2 5700 28 
2 5277 28 
3 28 663 803 
1 28 
4 79 845 833 28 
1 28 
1 28 
1 28 
1 28 
2 28 1516 
4 2077 2322 28 592 
3 4256 4440 28 
1 28 
2 3180 28 
2 1378 28 
3 3437 2881 29 
4 518 5167 4093 29 
2 29 3662 
5 5600 2204 3779 29 1365 
1 29 
1 29 
2 29 1499 
3 1530 1809 29 
1 29 
1 29 
3 5142 449 29 
4 2596 755 29 4607 
1 29 
1 29 
2 3602 29 
2 29 2543 
1 29 
2 29 5696 
5 1663 4367 2268 29 3275 
1 29 
1 29 
2 3287 30 
3 2841 5171 30 
2 3176 30 
2 4104 30 
3 4016 5661 30 
3 2246 3432 30 
2 5641 30 
3 5182 2946 30 
4 3220 1721 30 1485 
4 4950 3520 1101 30 
5 2981 2749 5608 30 1367 
3 30 2134 2238 
2 5301 30 
3 5588 30 5366 
3 4501 1111 30 
3 2538 814 30 
2 3776 30 
2 3861 30 
3 2926 5051 30 
3 1001 30 166 
1 31 
3 2180 31 33 
4 3816 603 4301 31 
4 4272 834 5359 31 
1 31 
3 4367 31 4789 
1 31 
4 3738 475 31 5473 
4 4366 31 125 2636 
1 31 
3 5373 4080 31 
3 1084 31 535 
2 3367 31 
1 31 
4 1659 3581 664 31 
1 32 
2 5763 32 
2 2231 32 
3 2197 3395 32 
2 1337 32 
5 3076 655 4147 32 3171 
1 32 
3 583 1907 32 
2 4222 32 
3 3516 5295 32 
1 32 
1 32 
3 2693 32 2631 
1 32 
4 188 1796 5294 32 
1 32 
1 32 
1 32 
2 2570 32 
2 903 32 
3 2167 32 1074 
3 4406 653 32 
1 32 
2 32 4015 
2 32 879 
1 33 
2 186 33 
2 33 3619 
2 5073 33 
2 4438 33 
2 1973 33 
2 2631 33 
2 4880 33 
3 4187 3113 33 
3 2985 3683 33 
4 2747 1905 1938 33 
3 5249 33 2740 
1 33 
2 1979 33 
2 1115 33 
4 4377 1104 5236 33 
5 4104 4325 3860 3987 33 
1 33 
2 3748 33 
4 2440 1044 316 33 
1 33 
1 33 
1 34 
3 1079 200 34 
1 34 
4 4579 5458 1619 34 
3 1355 3079 34 
2 5247 34 
1 34 
2 3905 34 
4 1263 3855 5159 34 
3 1524 5015 34 
2 617 34 
3 4107 3391 34 
4 5246 601 3130 34 
2 4264 34 
3 2155 1806 34 
3 1165 5545 34 
2 2162 34 
4 3645 4851 5679 34 
2 1315 34 
1 34 
4 3861 695 527 34 
4 340 1234 34 595 
1 34 
1 34 
3 1944 1834 34 
3 2206 3474 34 
2 2667 34 
2 3357 34 
2 1639 34 
1 35 
1 35 
1 35 
3 35 5704 2632 
2 35 1018 
1 35 
1 35 
1 35 
1 35 
3 35 2948 795 
3 35 5041 1558 
1 35 
3 35 1948 4420 
3 35 3233 4003 
2 35 1644 
1 35 
2 35 1951 
2 5510 36 
2 36 2873 
3 36 1474 2611 
4 36 3114 4565 3467 
1 36 
4 36 2209 1256 3675 
2 36 663 
1 36 
1 36 
2 36 4415 
1 36 
3 36 1538 966 
2 36 1532 
2 36 1990 
6 36 2077 5655 961 408 4847 
2 36 5179 
2 293 37 
4 37 2424 4599 402 
1 37 
1 37 
1 37 
2 37 5659 
4 37 3091 1909 4171 
3 37 1316 3039 
1 37 
2 37 4284 
3 5315 37 917 
3 5553 3266 37 
2 37 2519 
2 2703 37 
1 37 
2 37 4907 
4 2787 2012 37 4411 
2 1036 38 
3 38 412 5062 
5 1456 3249 5623 38 3447 
2 38 2471 
3 791 38 3404 
1 38 
3 2203 38 966 
2 38 1977 
3 3317 38 781 
1 38 
1 38 
1 39 
2 5568 39 
2 39 1914 
2 39 2967 
5 5569 2811 1430 39 4270 
2 5260 39 
2 39 4478 
3 2583 39 2006 
2 1455 39 
2 789 39 
2 868 39 
1 39 
3 56 344 39 
2 2936 39 
4 39 4396 2127 1072 
3 784 40 2001 
1 40 
1 40 
4 4550 40 3009 4383 
3 1402 40 1888 
1 40 
1 40 
3 551 40 5019 
2 1080 40 
1 40 
3 1637 40 375 
2 5434 40 
2 3732 40 
2 5372 40 
1 40 
2 3264 40 
3 40 804 418 
2 2861 41 
2 41 2408 
4 4364 4822 5659 41 
2 41 1220 
3 1950 41 4645 
5 3996 3961 41 2719 4436 
2 41 4434 
2 41 1137 
3 4982 1357 41 
2 41 2996 
4 4840 2339 41 4478 
4 1692 4032 2890 41 
1 41 
1 41 
3 41 1888 4996 
2 302 41 
3 41 1462 730 
1 41 
1 41 
3 748 383 42 
3 357 5140 42 
2 42 1853 
2 42 5532 
1 42 
4 742 42 4664 4475 
1 42 
2 726 42 
3 1949 42 3811 
2 2299 42 
2 3695 42 
3 681 42 1219 
2 1715 42 
1 42 
4 5436 4717 2420 42 
1 42 
3 42 4767 4753 
4 5202 1247 2829 42 
2 4954 42 
2 42 527 
3 42 4570 764 
2 4560 43 
1 43 
1 43 
1 43 
1 43 
2 43 3577 
2 2846 43 
3 2557 43 5632 
3 4984 43 3482 
4 5085 43 576 5503 
4 2746 5658 43 2344 
1 43 
2 4762 43 
2 43 5795 
1 43 
2 3428 43 
1 43 
3 4798 5092 43 
5 43 5017 4826 1527 1452 
3 190 44 2874 
1 44 
1 44 
3 4644 3807 44 
1 44 
1 44 
1 44 
2 44 3786 
3 3517 5436 44 
3 44 529 5043 
2 584 44 
2 44 1110 
2 44 990 
1 44 
3 3266 1586 44 
3 4898 44 4302 
2 44 4216 
1 44 
3 1226 44 501 
3 343 44 1742 
2 2489 45 
2 45 529 
1 45 
2 45 4120 
1 45 
2 1009 45 
1 45 
6 2491 5574 2380 1066 45 4325 
1 45 
2 3439 45 
2 45 508 
1 45 
1 45 
2 45 5063 
2 3776 45 
2 4083 46 
2 46 5488 
1 46 
5 4205 1923 3428 46 4790 
3 4330 5783 46 
3 3022 1934 46 
2 2980 46 
1 46 
2 4742 46 
3 1149 743 46 
2 1657 46 
1 46 
1 46 
1 46 
1 46 
1 46 
1 46 
2 4861 46 
1 46 
3 1203 46 3724 
4 3388 4365 46 620 
3 3995 1155 47 
1 47 
1 47 
1 47 
2 3198 47 
4 5184 933 1409 47 
2 986 47 
1 47 
2 47 2002 
1 47 
2 47 2636 
3 4129 47 5389 
4 2807 3752 3461 47 
2 1403 48 
3 5410 1386 48 
1 48 
1 48 
4 1204 1931 3064 48 
2 1854 48 
3 5520 48 4404 
1 48 
2 4526 48 
1 48 
4 356 48 2432 615 
3 3151 1435 48 
2 2206 48 
4 4194 3656 2974 48 
3 2244 3635 48 
1 48 
2 49 2460 
2 284 49 
1 49 
3 5676 49 1392 
3 3714 1717 49 
3 5607 2124 49 
4 4675 4702 3392 49 
1 49 
3 715 3287 49 
1 49 
2 49 2802 
1 49 
2 2462 49 
2 1809 49 
2 1173 49 
2 5296 49 
1 49 
6 1598 3461 1407 2986 4669 49 
2 4620 50 
1 50 
2 349 50 
2 5290 50 
1 50 
1 50 
2 885 50 
3 3496 1015 50 
4 5719 3251 4152 50 
1 50 
2 3298 50 
2 2647 50 
4 328 2759 50 1671 
4 4394 4665 3486 50 
3 2490 5381 50 
3 3363 1698 50 
3 3997 2323 51 
1 51 
3 5143 1105 51 
4 3846 1044 51 4869 
1 51 
3 341 1800 51 
2 5057 51 
2 51 1671 
1 51 
4 482 3210 51 1281 
1 51 
1 51 
2 2466 51 
1 51 
3 3810 395 51 
4 52 4564 4114 993 
3 52 4977 3018 
2 52 3526 
4 52 1778 191 703 
2 52 4043 
2 52 5351 
7 52 5553 1522 469 3238 3286 2570 
2 52 5314 
4 52 5705 728 700 
2 52 3163 
2 52 3195 
3 52 179 4710 
2 52 2585 
5 53 2313 5099 3109 2211 
2 53 5535 
1 53 
4 53 2014 4209 2098 
1 53 
1 53 
1 53 
2 53 2476 
1 53 
2 4208 53 
1 53 
3 53 5643 2254 
2 53 399 
4 53 84 1691 185 
4 53 3445 3284 5384 
2 53 886 
2 53 5488 
1 53 
3 53 2488 4529 
2 53 836 
2 53 1540 
3 53 2962 5426 
5 53 958 1585 4632 4435 
4 53 2898 3129 400 
3 53 249 1092 
2 53 2471 
2 53 2241 
1 53 
1 54 
1 54 
2 54 580 
1 54 
3 3264 54 4246 
1 54 
4 54 1864 5322 2389 
1 54 
2 54 1923 
2 54 2683 
4 54 1605 849 1340 
1 54 
4 3071 3844 54 5266 
1 54 
1 55 
2 55 2221 
4 55 4409 2517 934 
1 55 
2 55 3977 
2 55 676 
4 55 5459 4246 1069 
1 55 
2 55 2218 
2 55 1026 
3 55 3141 5634 
1 55 
3 55 1162 1560 
3 55 1022 2875 
1 55 
3 55 1131 3594 
2 55 4740 
6 55 4103 3320 1288 4879 4275 
1 55 
2 55 5011 
1 55 
1 56 
1 56 
4 722 56 4321 1915 
3 5616 56 1207 
3 56 4936 2125 
3 5227 56 2939 
1 56 
1 56 
2 56 5349 
3 56 471 2348 
3 56 946 640 
3 56 3815 4982 
2 56 5152 
2 56 5042 
2 56 213 
3 4187 56 2482 
2 57 4383 
1 57 
1 57 
1 57 
2 57 3823 
2 1903 57 
1 57 
1 57 
1 57 
1 57 
3 4063 57 1224 
3 2008 57 5484 
3 57 5195 5217 
3 57 4807 3945 
1 57 
3 57 3762 1734 
3 57 851 5611 
2 57 1176 
2 57 1779 
5 57 2863 1019 4568 1743 
1 57 
1 57 
3 57 5139 747 
2 57 4115 
3 2882 57 616 
1 57 
1 57 
3 57 5788 2389 
2 58 3717 
5 644 58 5376 1291 2799 
6 1639 58 756 4414 165 5473 
2 58 3615 
1 58 
1 58 
3 58 4546 592 
3 58 2710 271 
2 58 3390 
1 58 
1 58 
3 2595 58 2662 
2 5620 58 
3 2744 58 490 
3 2463 58 995 
1 58 
3 3687 58 4302 
2 58 4604 
3 58 4336 1832 
4 58 3319 1863 4963 
1 59 
1 59 
4 59 1293 3841 1516 
4 59 4294 2471 570 
3 2702 59 5032 
4 462 59 3355 4044 
2 59 636 
3 59 945 3552 
3 3212 59 491 
2 59 4689 
2 1530 59 
3 59 4379 2890 
2 59 835 
4 1245 59 575 1915 
2 59 5285 
2 59 4665 
2 5067 59 
3 60 635 2836 
4 60 3670 4844 2273 
1 60 
1 60 
1 60 
2 60 2182 
2 2617 60 
3 111 60 2275 
1 60 
3 5492 60 4130 
3 1826 60 5158 
1 60 
2 60 3609 
2 60 4202 
2 60 4821 
2 3951 60 
2 60 1028 
1 60 
2 60 2720 
1 60 
1 60 
3 5117 5418 60 
4 60 772 1476 1977 
1 60 
1 60 
1 61 
2 5374 61 
1 61 
1 61 
4 3730 61 5350 2084 
2 61 1982 
3 3058 61 5550 
2 61 1784 
1 61 
3 2205 61 868 
3 3911 61 4629 
2 61 308 
1 61 
3 4947 61 4301 
3 61 5108 4650 
2 880 61 
3 1655 61 1808 
2 5654 61 
1 62 
3 5568 62 3358 
1 62 
2 62 4324 
4 62 3508 5760 1025 
2 2204 62 
2 3474 62 
2 62 658 
1 62 
1 62 
3 5768 62 5450 
2 62 4693 
2 3415 62 
1 62 
1 62 
2 62 923 
2 62 3380 
1 62 
4 62 3675 1067 2392 
3 62 1294 2424 
3 2280 423 62 
2 62 1792 
1 62 
1 63 
2 5602 63 
3 63 5125 495 
1 63 
2 3544 63 
2 63 2782 
1 63 
3 63 3049 1679 
3 63 4783 218 
1 63 
4 63 1909 4526 2391 
3 3349 63 1224 
3 63 4394 5042 
2 1772 63 
4 63 3676 5254 3682 
1 63 
1 63 
2 63 1721 
2 63 73 
1 63 
2 64 5729 
3 3334 64 4904 
2 64 878 
4 1225 1229 897 64 
2 64 3050 
3 64 5502 279 
4 1037 1803 64 3900 
3 64 5662 2589 
2 1947 64 
2 3247 64 
1 64 
4 2825 64 2945 5469 
2 64 1757 
2 1267 64 
3 2884 64 393 
1 64 
5 3816 3957 64 5662 73 
1 64 
3 4621 64 795 
2 768 64 
1 64 
2 64 3433 
3 64 307 3038 
3 1060 64 1192 
3 1204 65 3160 
2 65 842 
1 65 
2 65 2290 
3 1204 5375 65 
1 65 
2 65 1347 
2 1808 65 
4 1394 65 4053 3510 
2 65 664 
2 65 1701 
2 65 5645 
2 65 4560 
2 65 4318 
3 65 1872 3039 
5 1879 1846 65 4239 2626 
1 65 
1 66 
4 1535 66 2967 4727 
1 66 
3 66 1111 3288 
1 66 
3 66 801 1543 
1 66 
1 66 
2 66 5000 
2 66 2341 
2 66 2348 
3 5588 66 5367 
2 66 3583 
2 5686 66 
3 694 2943 66 
1 66 
2 1260 66 
1 66 
3 169 67 1258 
1 67 
1 67 
6 152 651 2621 4090 67 314 
2 67 395 
2 2813 67 
2 67 5580 
3 2282 1214 67 
2 2119 67 
2 170 67 
2 67 4465 
2 283 67 
2 3178 67 
1 67 
3 4577 67 3411 
2 5671 67 
2 67 4751 
1 67 
1 67 
2 5554 67 
4 4439 67 2929 4600 
4 3952 4758 67 952 
2 67 2217 
2 4534 68 
2 4937 68 
3 68 393 2632 
3 5642 68 3747 
2 4984 68 
2 68 1030 
2 1693 68 
2 68 1497 
5 3175 1079 2901 68 3610 
3 366 68 2453 
6 3970 3849 1100 1614 68 2627 
4 5780 68 1177 3013 
2 5719 68 
3 3002 3830 68 
2 382 68 
1 68 
1 68 
2 2934 68 
3 68 4997 200 
2 5770 68 
1 68 
4 4064 2350 1721 68 
2 68 5760 
2 68 4171 
2 5291 68 
2 5719 69 
2 69 2269 
1 69 
1 69 
1 69 
3 1438 2886 69 
2 69 3571 
6 3646 4473 69 1381 661 3859 
3 2823 712 69 
4 3497 1696 3649 69 
2 69 3327 
3 69 401 4013 
3 69 2269 5159 
1 69 
1 69 
2 69 5037 
2 69 3780 
2 2811 69 
3 2657 5054 69 
2 69 5759 
2 69 2803 
2 5690 69 
3 3856 2756 70 
2 70 4713 
2 2843 70 
4 4036 3405 70 279 
1 70 
1 70 
2 452 70 
4 600 5087 70 5361 
2 70 5022 
1 70 
2 1009 70 
2 70 5020 
3 3837 1726 70 
2 3097 70 
2 70 2152 
1 70 
1 70 
5 2372 1231 70 5695 4493 
2 2792 70 
2 5436 70 
2 71 4446 
2 4855 71 
2 4392 71 
1 71 
1 71 
3 5475 647 71 
2 3589 71 
2 773 71 
2 1381 71 
2 71 3872 
2 3071 71 
1 71 
2 2624 71 
1 71 
1 71 
3 5181 543 71 
2 3494 71 
2 571 71 
2 2302 71 
3 3798 2036 71 
2 3193 71 
1 71 
1 72 
1 72 
2 5085 72 
1 72 
1 72 
2 2076 72 
4 5702 1405 72 539 
4 1844 3422 2084 72 
2 72 4402 
5 1315 1358 4089 72 184 
2 1823 72 
1 72 
1 72 
2 4977 72 
2 894 72 
3 5780 5555 72 
2 2892 72 
1 72 
1 72 
1 72 
4 1745 912 2126 72 
2 4299 72 
3 1233 73 4568 
3 406 5746 73 
1 73 
1 73 
3 471 73 4532 
1 73 
2 1665 73 
2 73 2090 
2 752 73 
5 893 4038 5076 73 3582 
2 73 5766 
2 1378 73 
2 5007 73 
2 73 926 
2 73 1709 
2 885 73 
2 73 4324 
2 73 1792 
1 73 
1 73 
1 73 
2 4703 73 
1 73 
1 73 
1 73 
4 5171 74 2759 3488 
2 1711 74 
3 74 3702 5133 
1 74 
1 74 
1 74 
2 74 3056 
2 2341 74 
1 74 
3 1813 120 74 
1 74 
2 737 74 
1 74 
7 3418 4105 5100 3807 1648 74 1769 
3 4062 4820 74 
4 4735 4211 2912 74 
2 74 904 
3 2501 74 1842 
3 2223 74 4478 
2 1313 75 
2 4825 75 
3 4623 4038 75 
2 5640 75 
2 5272 75 
1 75 
2 2169 75 
2 5186 75 
4 2381 5696 2171 75 
3 1844 3917 75 
1 75 
4 2935 75 2002 1683 
1 75 
1 75 
3 5602 823 75 
1 75 
1 75 
2 741 76 
2 724 76 
1 76 
2 1737 76 
2 4546 76 
2 5588 76 
2 4794 76 
2 76 781 
1 76 
4 2930 4302 239 76 
2 2014 76 
1 76 
1 76 
1 76 
2 4569 76 
2 77 3083 
4 77 2865 4706 4969 
3 77 5445 101 
2 77 1488 
4 77 691 5658 4041 
1 77 
3 77 2506 1137 
1 77 
5 77 3150 5783 2078 1872 
1 77 
2 77 1580 
1 77 
1 77 
2 77 5239 
1 77 
2 77 569 
1 78 
3 78 2819 334 
3 78 1473 5248 
1 78 
1 78 
1 78 
2 78 5464 
1 78 
3 78 2074 3830 
1 78 
1 78 
3 78 1943 1290 
1 78 
2 78 546 
2 79 2496 
2 79 5085 
1 79 
1 79 
2 79 3324 
2 79 3641 
1 79 
4 79 2034 210 5771 
3 79 232 4767 
1 79 
2 79 406 
1 79 
1 79 
3 79 3093 4354 
2 79 2941 
2 79 4912 
6 79 1100 3647 3050 191 534 
1 79 
2 79 5540 
5 80 4082 1764 3241 5778 
2 80 1944 
2 80 3395 
4 80 4279 964 510 
1 80 
2 80 652 
1 80 
2 80 3096 
2 80 823 
4 80 4939 3079 4198 
2 80 3350 
5 81 547 4662 1108 2345 
2 81 3301 
2 81 701 
2 81 4939 
2 81 2533 
2 1243 81 
2 81 2263 
3 81 158 4322 
2 81 700 
1 81 
2 81 991 
1 81 
1 81 
3 81 1247 3790 
2 81 2720 
1 81 
2 82 417 
1 82 
4 82 3266 455 2242 
1 82 
2 82 2178 
2 82 5140 
1 82 
2 82 5395 
2 82 4252 
2 82 3602 
3 82 5403 2610 
1 82 
2 82 682 
1 82 
3 82 426 1025 
3 83 3850 3564 
1 83 
2 83 2809 
3 83 2423 4025 
3 83 3961 5079 
1 83 
2 83 3982 
3 83 2131 3228 
2 83 3662 
2 83 1885 
1 83 
2 83 2254 
1 83 
3 168 2188 83 
1 84 
5 5002 202 84 3392 4826 
1 84 
3 84 2441 3693 
1 84 
2 84 1480 
2 516 84 
4 4573 84 4210 479 
1 84 
1 84 
3 443 84 993 
2 84 838 
4 84 3117 4247 280 
2 84 3780 
1 84 
1 84 
2 84 2808 
3 84 4722 2454 
1 84 
4 84 4761 4460 2918 
1 84 
3 84 487 1792 
1 84 
2 85 926 
1 85 
2 1944 85 
3 4535 85 510 
2 85 2212 
1 85 
2 85 4567 
3 85 2560 1009 
1 85 
4 4550 4638 85 3448 
3 85 311 4727 
2 85 5575 
1 85 
4 3072 85 242 5565 
1 85 
1 85 
2 85 1293 
3 85 1780 3032 
2 85 2870 
2 85 3386 
2 85 3486 
4 2742 646 85 402 
2 85 3185 
2 5756 85 
3 1674 85 347 
1 85 
2 86 1732 
2 3588 86 
1 86 
1 86 
2 86 4405 
1 86 
1 86 
1 86 
2 86 2926 
1 86 
1 86 
1 86 
2 2961 87 
2 87 758 
2 2708 87 
3 1080 87 671 
1 87 
3 2093 5406 87 
1 87 
1 87 
2 87 686 
2 87 1759 
3 5404 87 5608 
2 3384 87 
2 87 1432 
2 2750 87 
2 157 87 
2 4610 87 
1 88 
2 88 4356 
1 88 
3 88 1156 373 
1 88 
4 4363 869 88 183 
1 88 
2 88 595 
3 88 4506 125 
2 2887 88 
1 88 
2 88 558 
1 88 
4 1400 117 88 2814 
2 3336 88 
2 88 2167 
2 5165 88 
5 5679 4105 3425 88 3052 
1 88 
5 2404 950 88 5020 939 
2 1796 88 
1 89 
2 89 1622 
2 89 192 
1 89 
3 4203 89 4812 
1 89 
3 1188 89 353 
3 89 5645 2273 
4 5479 4413 89 1790 
2 89 4013 
3 114 89 1449 
2 89 3703 
2 89 5076 
3 2867 3512 90 
1 90 
2 5218 90 
2 2618 90 
3 443 390 90 
3 984 4490 90 
3 4838 776 90 
2 1289 90 
3 488 2026 90 
2 3922 90 
2 1317 90 
1 90 
2 90 942 
2 357 90 
1 90 
3 4835 1235 90 
1 90 
1 90 
5 285 3368 2326 5611 90 
2 2744 90 
1 90 
1 90 
1 90 
3 475 1408 90 
1 91 
3 1420 3330 91 
3 4677 3407 91 
2 91 3949 
3 5428 5023 91 
2 796 91 
2 4406 91 
2 913 91 
1 91 
2 338 91 
2 4591 91 
5 3194 569 91 1304 1198 
3 120 91 371 
1 91 
1 91 
2 1903 91 
2 1342 91 
1 91 
1 91 
1 91 
4 164 2029 91 3276 
3 5348 5125 91 
3 1624 4463 91 
3 3381 1784 91 
2 1065 91 
1 92 
2 1818 92 
3 1458 3741 92 
2 5705 92 
2 3429 92 
4 2823 3852 2424 92 
2 4147 92 
3 1797 92 843 
3 5277 1069 92 
1 93 
2 93 1392 
1 93 
1 93 
1 93 
1 93 
2 93 350 
3 93 2667 197 
1 93 
1 93 
1 93 
1 93 
2 93 2656 
2 93 1213 
2 93 337 
4 93 2222 5618 1645 
3 93 3366 2112 
1 93 
1 93 
3 93 4496 2109 
4 93 1519 4764 4693 
4 93 3955 4947 5024 
1 93 
1 93 
1 93 
6 93 2263 1832 1432 4524 4465 
2 94 3565 
2 94 3117 
2 94 1194 
1 94 
1 94 
4 4223 94 5382 4945 
1 94 
2 94 2519 
3 94 2825 961 
4 94 2020 1068 3827 
3 94 5569 1615 
1 94 
1 94 
2 94 3907 
3 94 1147 1733 
1 94 
2 2282 94 
1 94 
2 94 5563 
2 94 4439 
4 94 3899 1681 2434 
1 94 
5 94 2514 1411 1596 1179 
5 95 3503 4702 2020 3979 
4 484 95 3672 4022 
2 95 5012 
7 3498 5677 95 3668 5625 610 1672 
2 95 1742 
3 3022 95 3594 
1 95 
2 95 948 
1 95 
2 1845 95 
4 1207 2939 2885 95 
1 95 
2 95 3308 
2 95 657 
1 95 
5 2639 95 1232 1156 3038 
4 2672 547 95 922 
3 3493 95 3049 
3 2638 4553 95 
3 3733 95 3604 
3 95 1428 2698 
1 95 
2 95 4548 
2 4513 95 
1 95 
3 1736 95 3651 
1 95 
2 95 5608 
1 95 
3 95 5497 4807 
2 96 1382 
2 96 3158 
3 4258 96 3506 
2 96 1125 
1 96 
1 96 
2 96 4558 
4 4454 96 4631 3641 
1 96 
3 96 1096 1769 
1 96 
2 96 667 
2 96 4321 
3 96 2866 4384 
1 96 
3 4361 96 2873 
1 96 
1 96 
2 96 2106 
3 96 1436 3435 
2 97 459 
3 97 1379 1447 
2 1802 97 
4 97 3507 4475 1240 
2 97 3258 
2 97 5304 
1 97 
2 97 2585 
2 97 2610 
1 97 
3 786 5567 97 
3 898 98 3682 
1 98 
1 98 
2 98 3257 
2 518 98 
1 98 
2 4438 98 
3 4387 98 2570 
1 98 
4 2517 98 2025 1097 
2 98 1005 
1 98 
1 98 
2 2711 98 
2 98 2567 
2 3499 98 
3 3749 98 2585 
1 98 
3 98 1478 1239 
3 3879 98 3395 
2 512 98 
1 98 
3 99 4589 4671 
1 99 
3 3442 99 2665 
2 99 1240 
2 4833 99 
3 4839 99 5711 
2 99 3507 
2 3562 99 
2 99 5473 
3 3179 99 1570 
1 99 
2 99 3482 
6 752 99 3408 4749 779 5369 
5 99 2288 3221 4358 5765 
2 3694 99 
1 99 
1 99 
1 99 
1 99 
2 99 5408 
1 99 
2 2861 99 
1 99 
2 99 258 
1 100 
2 100 5630 
4 3402 100 3138 3466 
4 1055 1725 100 3143 
1 100 
3 631 100 5503 
4 4495 4990 100 2820 
2 603 100 
2 100 2683 
3 711 1191 100 
1 100 
3 5542 100 3966 
1 100 
1 100 
3 2511 735 100 
4 1036 100 1111 4530 
1 100 
2 3589 100 
1 100 
4 100 4664 4252 316 
2 3322 100 
2 3417 101 
2 5513 101 
3 862 1007 101 
1 101 
2 101 2930 
1 101 
2 101 3272 
1 101 
1 101 
2 101 5197 
4 897 3091 3852 101 
3 3708 158 101 
2 3333 101 
2 864 101 
1 101 
1 101 
3 4474 101 4750 
3 2400 631 101 
1 101 
2 4192 101 
2 102 5412 
3 102 5472 2572 
2 102 1497 
4 1600 1520 102 667 
2 5163 102 
2 102 4220 
2 1209 102 
2 684 102 
2 792 102 
2 769 102 
3 5711 102 688 
2 102 2666 
3 2691 102 5630 
2 5786 102 
1 102 
2 3695 102 
1 102 
3 2191 102 4730 
2 2881 102 
1 102 
1 103 
2 103 4945 
1 103 
2 5298 103 
2 2735 103 
4 4173 481 103 3947 
1 103 
3 423 2781 103 
2 5480 103 
1 103 
3 4707 103 4465 
3 4083 253 103 
2 626 103 
2 4483 103 
1 103 
1 103 
5 5371 5247 729 103 1137 
1 103 
2 634 103 
1 103 
2 103 4790 
2 1145 103 
2 103 3288 
3 3738 104 2090 
1 104 
1 104 
1 104 
1 104 
1 104 
3 2013 104 702 
4 318 5566 3162 104 
1 104 
2 104 5304 
1 104 
2 3546 104 
5 3042 4497 3080 104 5447 
2 3483 104 
2 5769 104 
1 104 
1 104 
3 748 178 104 
4 4572 888 104 1449 
1 104 
1 104 
1 104 
3 5168 740 104 
1 105 
2 1061 105 
1 105 
2 2886 105 
1 105 
3 105 4932 721 
2 1990 105 
5 318 974 5104 1465 105 
2 2554 105 
1 105 
2 105 417 
2 105 4729 
2 5359 105 
3 1793 1779 105 
3 4678 409 105 
3 2159 4545 105 
2 4581 105 
1 105 
3 1863 5387 105 
3 5069 1694 105 
1 105 
3 2233 3743 105 
3 3023 1730 105 
1 105 
3 2615 4189 105 
2 5085 106 
1 106 
3 2137 1507 106 
2 3698 106 
2 1369 106 
2 5752 106 
1 106 
2 2664 106 
1 106 
1 106 
2 3341 106 
1 106 
6 4674 3604 221 106 2548 3088 
1 106 
1 106 
2 2596 106 
2 5526 106 
4 5512 4414 5150 106 
1 107 
2 336 107 
3 5475 3246 107 
3 3518 5272 107 
2 3008 107 
4 188 3689 3119 107 
4 4449 2258 132 107 
1 107 
2 4435 107 
2 4695 107 
2 107 3380 
1 107 
1 107 
1 107 
1 107 
3 5225 4553 107 
4 3063 2930 3168 107 
1 107 
1 108 
1 108 
2 2370 108 
3 3501 108 3087 
1 108 
3 4636 2644 108 
2 1494 108 
6 4817 3963 3029 2271 4183 108 
6 4981 1377 4627 4184 402 108 
4 535 703 108 5397 
3 5541 1478 108 
2 137 108 
2 5531 108 
2 5198 108 
1 108 
2 5292 108 
3 1144 1379 108 
2 4041 108 
1 108 
1 108 
1 108 
1 108 
3 1984 1401 108 
2 3232 108 
1 108 
3 1641 3866 109 
1 109 
2 3817 109 
1 109 
2 4561 109 
2 974 109 
2 4205 109 
1 109 
4 3804 2948 4548 109 
1 109 
3 2265 2233 109 
2 5732 109 
1 109 
2 1841 109 
2 2759 109 
1 109 
3 1763 3946 109 
2 4771 109 
3 4141 4464 109 
2 1760 109 
2 4663 110 
1 110 
2 5457 110 
1 110 
2 2928 110 
2 5497 110 
7 4068 1268 4900 3759 3535 2479 110 
4 2582 2317 3973 110 
1 110 
3 4758 3285 110 
2 4998 110 
2 914 110 
3 1038 344 110 
4 4415 3870 1392 110 
2 747 110 
1 110 
1 110 
1 110 
3 4004 1568 110 
1 110 
1 110 
2 572 110 
2 5471 110 
3 4564 388 110 
4 2034 111 3250 4643 
1 111 
1 111 
2 205 111 
1 111 
1 111 
3 4208 111 3354 
2 111 400 
2 111 4654 
2 111 5239 
4 2702 111 3305 5145 
2 111 2845 
1 111 
2 111 4532 
1 111 
4 111 4160 2319 1344 
2 111 408 
2 112 3884 
4 112 4055 657 5547 
1 112 
1 112 
2 112 4154 
3 112 3109 2022 
2 112 2411 
1 112 
2 112 659 
1 112 
1 112 
2 112 2498 
2 112 5774 
5 112 1667 3064 616 4120 
1 112 
4 112 426 1444 3744 
2 112 278 
5 5005 2789 112 4087 1446 
2 112 3373 
2 112 331 
2 113 4021 
2 2880 113 
1 113 
1 113 
2 113 1550 
3 113 4124 4076 
3 113 582 453 
2 3040 113 
3 113 1120 2757 
3 113 2923 4897 
2 113 5236 
3 113 4642 2802 
1 113 
3 482 5069 113 
2 114 1574 
1 114 
1 114 
2 114 1958 
3 114 428 2919 
1 114 
2 114 5695 
2 114 4856 
2 114 5223 
2 599 114 
5 4834 114 4557 466 4370 
1 114 
2 114 4279 
2 114 5301 
3 114 175 345 
3 3151 115 728 
3 543 115 1163 
3 4816 115 1149 
6 2804 5585 115 5094 905 668 
3 115 4622 3656 
1 115 
3 694 115 4353 
1 115 
3 971 115 3141 
4 1602 115 4718 4027 
2 115 150 
1 115 
2 115 2250 
3 2350 115 4902 
2 115 1282 
2 115 1021 
1 115 
2 4572 115 
2 1014 115 
3 3600 116 1759 
2 116 1437 
2 116 2339 
2 116 4844 
1 116 
3 116 2250 2611 
3 5605 116 5353 
2 116 3721 
2 3366 116 
3 598 116 4785 
1 116 
3 116 2103 2028 
2 116 2680 
2 116 3006 
2 116 3322 
1 116 
2 116 572 
2 4850 116 
1 116 
5 116 3323 3865 5469 997 
2 1548 116 
1 117 
2 117 907 
1 117 
2 566 117 
1 117 
1 117 
2 117 352 
3 2227 117 2215 
2 3455 117 
2 117 193 
1 117 
3 117 982 1572 
2 2639 117 
1 118 
1 118 
2 2056 118 
1 118 
1 118 
2 4099 118 
1 118 
3 1536 118 1769 
1 118 
3 4336 2103 118 
2 118 4009 
2 3174 118 
2 118 558 
4 1309 3384 1320 118 
2 2846 118 
3 2075 118 4356 
1 118 
7 1116 5030 118 2286 1680 4810 5256 
1 118 
3 4575 1122 118 
2 5010 118 
2 2349 118 
1 119 
3 3104 119 5041 
4 4143 119 3884 1178 
2 4823 119 
4 2787 1267 119 1786 
1 119 
2 119 3489 
3 5584 4678 119 
4 3025 119 3696 2273 
3 2471 119 4710 
3 119 1889 2969 
3 3830 5707 119 
3 1228 119 3978 
1 119 
2 5071 119 
2 4314 119 
1 119 
2 119 2977 
2 119 4605 
1 119 
2 120 3946 
6 4803 793 120 3979 219 3015 
1 120 
2 155 120 
3 5354 120 1368 
1 120 
2 2865 120 
2 120 3271 
1 120 
1 120 
1 120 
2 3542 120 
1 120 
1 121 
2 121 4784 
3 971 121 5396 
2 3549 121 
2 3421 121 
3 5227 294 121 
2 2120 121 
1 121 
3 265 121 2152 
1 121 
3 441 121 439 
2 121 535 
2 943 121 
1 121 
2 2416 121 
3 4438 1704 121 
1 121 
1 121 
2 4092 121 
2 3406 121 
2 180 121 
3 4035 121 5449 
2 2726 121 
2 5266 122 
2 2440 122 
1 122 
5 128 2881 5789 122 353 
1 122 
4 2224 3201 775 122 
3 5116 122 2656 
6 3954 1426 1251 2678 122 5391 
2 4520 122 
2 234 122 
2 815 122 
2 1530 122 
2 122 3259 
1 122 
3 1252 1043 122 
3 3356 123 2277 
3 2216 123 1304 
1 123 
1 123 
1 123 
2 123 3276 
2 298 123 
1 123 
2 123 2669 
4 266 4560 4247 123 
2 2713 123 
2 5348 123 
2 5359 123 
1 123 
2 123 4827 
2 4259 123 
1 123 
2 2733 123 
2 5360 124 
1 124 
1 124 
3 2070 2831 124 
2 124 4218 
2 124 1347 
1 124 
1 124 
2 3161 124 
3 2553 3846 124 
3 5100 124 4447 
1 124 
2 3178 124 
3 851 4827 124 
3 3829 1446 124 
2 3195 124 
1 124 
3 4261 5016 124 
1 124 
3 3544 2622 124 
2 446 124 
1 124 
5 1005 495 3594 124 1077 
2 4706 124 
2 1191 124 
2 1176 124 
2 2889 124 
1 125 
1 125 
2 3828 125 
3 3321 3203 125 
2 5537 125 
2 125 5564 
3 4980 1938 125 
1 125 
3 4398 5697 125 
2 3857 125 
2 1671 125 
1 125 
4 5161 2909 125 5000 
1 125 
2 766 125 
1 125 
1 125 
3 2160 4033 125 
1 125 
2 2732 125 
1 125 
1 126 
2 126 2325 
1 126 
2 126 3527 
3 126 5121 3738 
3 126 3837 798 
2 126 4281 
2 126 2616 
3 126 1564 3480 
4 126 706 1740 1177 
2 126 5693 
2 126 3771 
4 126 2824 3781 4586 
2 126 3476 
1 126 
3 126 3760 3172 
1 126 
2 126 903 
2 126 510 
3 126 5572 1790 
2 126 2865 
1 126 
1 126 
2 127 3327 
2 127 5196 
3 127 2335 640 
2 127 1578 
1 127 
1 127 
1 127 
3 127 4821 2952 
1 127 
2 127 5350 
1 127 
2 127 3932 
1 127 
1 127 
1 127 
2 127 1292 
3 127 2728 1592 
2 127 4914 
1 127 
4 127 3547 3746 2802 
1 127 
1 127 
4 127 909 2962 2729 
4 127 5344 3158 4686 
2 128 921 
2 128 1092 
1 128 
3 128 5484 5158 
2 128 955 
1 128 
1 128 
2 128 4057 
2 128 431 
5 128 725 1101 2287 996 
2 128 5403 
2 4172 128 
2 128 4963 
3 128 3936 159 
3 128 5404 978 
2 128 3616 
1 128 
3 4974 128 2119 
2 128 3947 
1 128 
2 128 1049 
1 128 
2 129 3799 
1 129 
2 129 2587 
3 129 378 2876 
4 129 4236 4725 989 
2 844 129 
6 129 467 5687 2662 3764 941 
3 129 4736 851 
1 129 
1 129 
1 129 
1 129 
5 129 1500 5676 159 326 
2 3951 129 
2 129 2165 
3 129 3997 3427 
1 129 
2 129 1436 
1 129 
1 129 
1 129 
2 129 3606 
3 129 1476 5040 
1 129 
1 129 
2 130 2589 
2 5800 130 
3 130 1914 5747 
1 130 
2 130 5420 
2 130 1792 
3 130 5350 2991 
2 130 403 
3 1015 130 1863 
3 130 4775 3084 
3 130 1777 717 
1 130 
1 130 
1 130 
1 130 
1 130 
1 130 
1 130 
1 130 
1 130 
1 130 
1 130 
2 130 4661 
1 130 
2 130 1534 
2 130 3097 
2 130 236 
1 131 
1 131 
2 131 576 
1 131 
2 2727 131 
1 131 
2 131 4989 
2 131 555 
4 131 5639 2719 4813 
1 131 
1 131 
1 131 
3 131 3914 2044 
2 3004 131 
2 131 4669 
3 131 3384 4157 
1 132 
2 2376 132 
2 2015 132 
3 132 5042 3396 
1 132 
3 4733 132 812 
1 132 
2 132 4941 
2 1605 132 
1 132 
1 132 
2 132 3084 
1 132 
1 132 
2 5480 132 
2 132 1868 
1 132 
2 5084 132 
4 132 1861 964 614 
1 132 
3 1942 3733 132 
2 132 4201 
1 132 
1 132 
1 132 
1 132 
2 132 5024 
1 133 
2 3127 133 
3 4639 133 3492 
2 133 2120 
4 133 740 3482 2820 
1 133 
7 3726 5672 3193 133 1870 1850 970 
1 133 
2 2486 133 
1 133 
3 2509 1208 133 
1 133 
2 3175 133 
2 3296 133 
1 133 
2 3844 133 
3 340 134 1089 
3 134 551 2047 
1 134 
2 4740 134 
3 4946 2809 134 
2 5566 134 
2 134 4808 
3 289 134 3187 
2 134 4992 
1 134 
2 134 2740 
1 134 
2 134 5668 
1 134 
1 134 
4 134 3161 1851 1556 
3 691 2227 134 
3 4873 3443 135 
4 4675 135 4584 5469 
2 3815 135 
5 3908 5492 4498 135 2031 
4 135 2422 3411 3291 
2 1121 135 
4 1689 135 3778 233 
5 4438 4938 135 4629 373 
1 135 
2 1263 135 
3 4237 135 2386 
2 135 3827 
2 135 1362 
1 135 
5 135 5249 305 5114 1240 
3 3105 135 1293 
2 135 238 
2 135 5060 
1 135 
3 627 608 135 
4 1285 2936 675 135 
3 135 4151 4633 
3 3968 4771 135 
2 188 135 
4 135 5033 589 890 
4 3335 136 5034 3657 
2 1811 136 
3 1808 136 2255 
3 3805 136 5524 
2 2860 136 
1 136 
2 136 2951 
3 2073 3998 136 
3 136 2756 4589 
1 136 
4 4575 136 938 4057 
1 136 
1 136 
1 136 
3 4823 136 4547 
2 405 136 
2 136 4564 
1 136 
3 136 5669 5269 
3 136 1756 2340 
3 137 1326 509 
2 137 3450 
1 137 
2 3626 137 
2 137 258 
4 2490 5572 137 1089 
3 137 4113 4202 
2 2039 137 
2 1878 137 
3 4210 1952 137 
3 1751 137 669 
2 137 3983 
3 3603 137 2357 
1 137 
2 138 4927 
2 1809 138 
3 4624 138 5520 
1 138 
1 138 
3 138 3077 330 
1 138 
3 138 2341 3698 
1 138 
2 138 2234 
3 5261 4594 138 
2 138 5504 
4 3279 1908 138 1008 
2 2966 138 
1 138 
3 3496 188 138 
2 138 2817 
1 139 
2 5789 139 
2 3017 139 
3 5136 1953 139 
1 139 
2 608 139 
2 139 143 
1 139 
1 139 
2 3518 139 
2 1813 139 
2 2882 139 
2 3277 139 
3 4354 2946 139 
4 1102 140 2147 3276 
3 140 718 5668 
1 140 
2 4502 140 
3 5677 3367 140 
1 140 
3 1638 140 2833 
3 3174 140 3599 
2 140 1085 
2 1867 140 
1 140 
3 140 2359 4344 
2 3956 140 
1 140 
1 140 
1 140 
1 140 
3 770 140 2544 
3 140 1133 1544 
1 140 
2 140 5239 
1 140 
2 140 4325 
1 140 
3 141 4133 2333 
3 4485 2540 141 
3 141 4164 2454 
3 4597 141 2460 
2 3403 141 
2 522 141 
2 141 2413 
4 5752 141 4731 2366 
2 4756 141 
2 1965 141 
2 141 3465 
3 355 4720 141 
2 141 3327 
2 141 4182 
4 364 2605 632 141 
1 142 
2 142 1619 
2 142 3084 
4 4141 142 1705 1091 
1 142 
4 815 142 5646 5632 
3 631 4416 142 
3 4075 368 142 
3 571 142 3559 
3 3335 142 1649 
1 142 
1 142 
1 142 
2 3479 142 
2 142 3453 
4 1330 2645 5502 142 
2 2182 142 
3 4754 142 5699 
5 1419 4109 142 2107 939 
1 142 
3 3245 142 3430 
1 142 
1 142 
3 4550 5036 143 
1 143 
2 3652 143 
2 5069 143 
1 143 
2 3769 143 
4 5203 143 4811 5061 
1 143 
1 143 
3 4560 143 4323 
1 143 
2 4864 143 
2 4883 143 
1 143 
1 143 
1 143 
1 143 
3 4469 1968 143 
2 1186 143 
2 143 4829 
1 143 
3 5510 5657 143 
1 143 
4 2282 4745 144 721 
2 4582 144 
4 3529 144 3676 2171 
3 3688 144 4993 
1 144 
4 5476 144 4828 1348 
2 3051 144 
2 144 5596 
3 144 5547 4648 
3 4068 3512 144 
1 144 
1 144 
3 3952 1079 144 
2 5215 144 
1 144 
5 443 919 144 2185 2457 
2 144 1328 
2 2206 145 
3 3110 145 5796 
4 5571 4195 3964 145 
2 145 892 
2 1591 145 
5 1563 4101 2599 145 3273 
4 4771 3821 145 509 
3 737 1325 145 
3 3563 3061 145 
2 1265 145 
2 1665 145 
1 145 
1 145 
3 2958 145 2687 
3 2865 5515 145 
2 1487 145 
4 5619 1906 2583 145 
2 145 3070 
1 145 
4 4577 1316 146 1740 
2 2427 146 
3 1778 1212 146 
2 146 2977 
1 146 
3 230 4003 146 
2 146 801 
3 3893 2863 146 
4 2370 5511 4809 146 
1 146 
3 3178 2708 146 
1 146 
1 146 
2 1115 146 
1 146 
1 146 
1 146 
2 5139 147 
4 562 4760 4719 147 
3 4375 147 5062 
3 1332 5047 147 
1 147 
3 5385 2148 147 
4 811 4191 2270 147 
2 147 5597 
2 4516 147 
2 2931 147 
1 147 
3 4913 5037 147 
1 147 
1 147 
1 147 
2 4824 147 
2 208 147 
2 5111 147 
1 147 
1 147 
2 2641 148 
3 765 148 1897 
1 148 
3 2830 1069 148 
1 148 
5 1471 2304 2818 148 2435 
2 1836 148 
3 1686 256 148 
1 148 
3 4785 148 3397 
2 1616 148 
3 4249 148 3436 
1 148 
4 690 3729 1838 148 
3 824 3966 148 
2 1026 148 
2 2487 148 
1 148 
2 369 148 
3 3399 398 148 
2 2175 149 
5 540 4499 2337 1959 149 
3 2699 1074 149 
2 3450 149 
4 1215 4721 149 200 
2 1803 149 
6 2010 1313 3047 4942 3681 149 
2 1661 149 
2 3682 149 
2 149 2393 
4 5054 776 1109 149 
2 3013 149 
4 5440 3093 1388 149 
1 149 
2 4333 149 
1 149 
3 4952 3232 149 
3 3844 4966 150 
2 994 150 
1 150 
1 150 
3 1291 4278 150 
1 150 
2 5326 150 
2 3806 150 
3 4717 4235 150 
1 150 
1 150 
2 4489 150 
2 2406 150 
2 150 375 
1 150 
3 3563 1434 150 
2 4385 150 
1 150 
4 4939 255 4941 150 
1 150 
2 5471 150 
2 1594 150 
2 2192 150 
2 4206 150 
2 5597 151 
1 151 
3 3304 2183 151 
4 5345 4956 3980 151 
1 151 
5 1632 5300 4968 579 151 
2 4522 151 
4 2117 3999 3038 151 
2 1280 151 
5 1925 1464 2066 4603 151 
4 2849 452 4120 151 
2 5090 151 
2 4642 151 
2 152 1300 
2 152 1449 
4 152 746 315 2632 
1 152 
1 152 
3 152 1039 1803 
2 152 3520 
2 152 1514 
2 5433 152 
2 152 1256 
2 152 4168 
3 3413 152 1212 
4 152 3336 568 2701 
4 152 5743 5465 4942 
4 152 2963 2101 681 
1 152 
1 152 
2 152 2643 
2 152 2445 
1 152 
2 152 2990 
2 152 3113 
2 152 5163 
1 153 
2 153 2817 
1 153 
2 153 208 
3 1636 153 3860 
3 153 992 2460 
2 153 2948 
2 153 365 
1 153 
2 153 2684 
5 1243 153 2981 736 524 
1 153 
2 153 2288 
2 153 5529 
1 153 
3 153 4124 3978 
1 153 
2 153 906 
1 153 
2 153 3431 
4 153 2826 2295 3242 
3 153 3162 3069 
3 5289 154 3395 
3 154 865 280 
3 154 571 2967 
2 154 5575 
1 154 
1 154 
2 154 630 
2 154 926 
2 154 3593 
1 154 
1 154 
2 154 2954 
2 154 2515 
1 154 
1 154 
2 154 4425 
2 154 307 
3 154 774 3359 
2 5417 154 
1 154 
1 154 
2 155 4022 
1 155 
3 155 1296 5038 
1 155 
2 155 2549 
1 155 
4 155 4005 2235 419 
1 155 
2 2054 155 
4 155 751 4579 373 
2 155 348 
5 3071 3263 155 5043 3826 
3 155 3158 4907 
4 3585 155 1294 2891 
1 155 
4 155 2299 4626 4871 
3 156 4809 4166 
3 2690 156 4696 
2 156 959 
1 156 
1 156 
1 156 
3 1798 156 864 
4 156 2029 3311 4726 
1 156 
3 156 4408 2286 
1 156 
1 156 
1 156 
2 2075 156 
1 156 
1 156 
2 156 1615 
1 156 
2 156 5529 
1 156 
2 156 3640 
1 156 
4 156 1808 2928 1223 
3 156 712 1239 
2 157 2181 
1 157 
3 157 4702 1996 
1 157 
1 157 
3 157 4954 4329 
1 157 
4 2886 4557 157 4023 
2 157 4155 
3 157 1188 1810 
3 1205 157 1516 
2 157 2793 
2 157 1669 
1 157 
2 157 240 
2 157 5597 
2 1425 157 
1 157 
2 1146 158 
2 158 3341 
3 3728 158 4813 
2 158 2812 
1 158 
5 4981 158 3719 2066 4935 
4 5311 897 158 2167 
1 158 
1 158 
2 158 3086 
1 158 
2 158 2978 
4 382 158 5170 2821 
4 159 1360 3011 1011 
2 1611 159 
2 159 3578 
1 159 
2 450 159 
2 601 159 
2 2676 159 
2 4657 159 
3 647 159 1528 
2 159 1996 
2 159 5393 
3 4098 3385 159 
5 1470 5346 159 305 3432 
4 2743 2518 159 2563 
1 159 
5 4778 4050 159 3067 3274 
2 2071 159 
2 159 2044 
1 160 
1 160 
4 4980 711 160 1931 
2 4408 160 
4 3230 160 2892 1513 
1 160 
2 160 195 
3 160 4925 1526 
4 160 1343 5488 2534 
1 160 
3 3772 5125 160 
1 160 
3 4062 161 4960 
2 161 4383 
1 161 
2 2279 161 
3 4298 161 2627 
1 161 
1 161 
1 161 
3 971 2159 161 
4 2805 3928 161 5382 
1 161 
2 4917 161 
4 4161 629 161 2955 
2 692 161 
3 5420 161 4926 
1 161 
3 1771 1587 161 
4 324 161 415 3664 
2 2055 161 
1 161 
1 161 
2 161 4138 
1 162 
1 162 
2 162 3570 
2 162 4529 
2 2580 162 
1 162 
4 5476 162 4541 994 
4 655 162 4613 3843 
2 5535 162 
2 162 5713 
4 4331 4351 3282 162 
1 162 
1 162 
1 162 
2 162 4529 
2 1902 162 
3 3470 5142 162 
1 162 
4 2211 1023 162 4041 
1 162 
3 1903 4075 162 
1 162 
2 162 3615 
1 162 
1 162 
2 5335 163 
1 163 
2 1478 163 
3 2203 163 904 
3 4290 4558 163 
2 163 3642 
1 163 
2 163 3226 
2 163 3787 
1 163 
5 1824 4389 163 3012 2461 
4 5537 163 197 5549 
3 1225 163 4993 
3 2375 163 2610 
3 1991 163 2978 
2 163 967 
1 163 
2 163 4254 
2 4088 163 
2 4823 163 
4 5164 213 163 2066 
1 163 
2 4739 163 
2 601 163 
2 163 2430 
1 164 
3 2709 2267 164 
3 1291 164 2591 
3 563 4442 164 
1 164 
4 2379 1272 2833 164 
3 4651 1885 164 
2 164 538 
1 164 
1 164 
3 3933 3523 164 
2 3594 164 
2 164 1620 
1 164 
4 2602 164 397 3678 
1 164 
2 5724 164 
1 164 
2 3479 164 
4 4564 4165 165 3704 
3 2585 165 1370 
2 1721 165 
4 5600 2382 968 165 
2 3797 165 
1 165 
2 884 165 
2 3295 165 
2 4010 165 
2 2339 165 
2 165 4694 
2 2397 165 
1 165 
2 4387 165 
2 4352 165 
1 165 
2 378 165 
1 165 
2 952 165 
1 165 
3 4755 1106 166 
2 5783 166 
2 4021 166 
1 166 
1 166 
1 166 
2 5100 166 
1 166 
2 569 166 
2 1889 166 
1 166 
2 3633 166 
1 166 
1 166 
2 3155 166 
1 166 
2 1568 166 
3 4123 4843 167 
2 3093 167 
1 167 
3 2091 2896 167 
3 516 685 167 
2 5378 167 
1 167 
1 167 
1 167 
3 964 5114 167 
2 3747 167 
2 5392 167 
3 1519 3934 167 
2 2977 167 
2 4561 167 
2 4156 167 
3 168 211 2761 
4 168 2052 4350 511 
4 168 1210 4579 3462 
1 168 
2 168 724 
2 168 2137 
3 168 935 3876 
1 168 
1 168 
2 168 4332 
1 168 
1 168 
2 168 1857 
3 168 1847 4780 
2 168 2346 
1 168 
3 5045 169 3762 
1 169 
4 4187 169 5038 3011 
5 3623 169 1003 4519 763 
1 169 
6 1548 169 716 5215 838 3453 
1 169 
2 3294 169 
4 169 3562 3721 4491 
2 3277 169 
4 169 2305 334 4790 
2 169 1927 
2 169 2809 
3 4406 169 3086 
5 187 4873 169 3775 558 
6 2702 169 2354 5666 1730 5578 
3 170 3270 2700 
2 170 4095 
2 170 2683 
4 4313 170 5175 412 
1 170 
2 170 3133 
2 170 3788 
2 170 985 
4 4172 170 2122 4994 
3 3498 170 964 
3 561 170 917 
3 1245 170 1983 
2 3586 170 
3 5315 170 458 
3 2616 170 3557 
1 170 
2 4652 170 
2 171 3268 
3 171 3199 4721 
2 171 2592 
1 171 
2 171 937 
1 171 
1 171 
4 1531 171 466 5519 
1 171 
1 171 
2 171 2923 
2 171 2147 
2 171 4569 
5 171 5142 254 5050 455 
2 171 1805 
1 171 
2 171 5688 
2 3023 171 
3 3454 171 5484 
1 171 
2 172 3558 
1 172 
3 3412 172 471 
3 3418 172 730 
2 172 183 
2 172 1097 
3 3710 172 1030 
3 2397 172 412 
3 172 2236 1920 
2 172 2241 
2 172 1504 
1 172 
1 172 
4 2438 172 1318 2738 
1 172 
1 172 
2 1711 172 
1 172 
3 4331 172 3942 
2 173 1933 
2 1202 173 
3 2637 173 2750 
3 173 1666 2946 
1 173 
2 173 4838 
1 173 
1 173 
4 3726 3059 173 2042 
1 173 
2 173 4730 
2 173 387 
1 174 
1 174 
2 3862 174 
2 5438 174 
2 174 1192 
2 174 1529 
2 516 174 
3 5247 425 174 
1 174 
2 174 2143 
3 3685 174 1103 
3 2349 3561 174 
2 174 670 
3 1159 4741 174 
2 174 2996 
1 174 
2 175 5105 
2 175 4940 
3 515 175 942 
1 175 
2 175 5266 
3 175 2230 1760 
5 2706 175 3736 524 593 
2 175 1704 
1 175 
1 175 
1 175 
4 4049 3547 175 3658 
4 4794 175 2172 5062 
2 5183 175 
2 466 175 
1 175 
3 5586 175 270 
2 3800 175 
1 175 
3 175 2060 1174 
2 176 1733 
1 176 
1 176 
4 176 1647 2269 2551 
2 176 3082 
2 176 1617 
1 176 
2 176 879 
1 176 
3 4536 176 1086 
3 176 654 4115 
3 1576 915 176 
1 176 
4 5401 176 4431 5397 
6 599 2979 1521 176 474 1873 
2 2555 176 
2 176 2869 
1 176 
3 177 4383 2879 
1 177 
5 177 4900 3405 3823 5692 
2 1902 177 
3 4000 177 2730 
4 226 726 177 5352 
3 1333 3401 177 
2 177 2330 
3 1712 3829 177 
2 177 1888 
2 4160 177 
1 177 
4 2616 208 177 1274 
2 3316 178 
2 178 2945 
1 178 
3 178 1170 5426 
2 3526 178 
4 1921 3543 5100 178 
3 3317 1432 178 
1 178 
2 3934 178 
4 247 2315 178 4474 
4 3997 178 306 1379 
1 178 
1 178 
2 178 1669 
1 178 
2 178 2499 
4 862 4007 178 820 
3 3798 178 1739 
4 178 5380 2761 4791 
2 178 2976 
3 566 178 3083 
3 3818 178 1222 
2 4717 178 
2 178 1842 
2 178 2871 
3 540 3895 179 
1 179 
2 179 853 
2 5116 179 
1 179 
3 1878 179 4009 
2 2612 179 
1 179 
3 179 985 4475 
2 179 3571 
2 724 179 
3 1607 5641 179 
1 179 
4 2883 2658 3716 179 
2 179 437 
1 179 
4 3266 179 2755 5547 
4 3726 5206 180 3312 
2 180 2251 
2 5569 180 
2 4574 180 
1 180 
1 180 
1 180 
3 180 926 892 
3 3247 306 180 
2 251 180 
2 180 5504 
2 180 2736 
2 1902 180 
2 692 180 
1 180 
2 4239 181 
2 181 3139 
1 181 
1 181 
1 181 
4 4424 1164 181 668 
1 181 
2 2428 181 
1 181 
1 181 
3 2754 181 3191 
3 288 2423 181 
1 181 
4 2583 1887 813 181 
3 3942 181 1997 
1 181 
1 181 
3 181 940 1618 
3 5673 181 4529 
3 1419 5012 181 
2 2284 181 
1 181 
1 181 
3 2581 181 4113 
2 1810 182 
4 5088 182 4358 1366 
1 182 
4 263 934 182 2686 
2 1317 182 
3 1796 3286 182 
3 4681 1869 182 
1 182 
2 2071 182 
2 4203 182 
3 1793 182 5392 
1 182 
2 182 3619 
2 1825 182 
4 1846 4654 1882 182 
2 1162 182 
1 182 
2 1233 182 
2 5719 182 
4 1686 4377 2796 182 
1 182 
1 182 
1 182 
2 605 183 
2 832 183 
4 4814 2053 2697 183 
1 183 
3 2940 570 183 
2 183 5412 
1 183 
2 3183 183 
1 183 
1 183 
4 3416 960 3916 183 
2 2418 183 
2 3554 183 
2 2789 183 
1 183 
2 4834 183 
2 183 4306 
1 183 
1 183 
2 2119 183 
1 183 
1 183 
1 183 
2 183 4271 
1 183 
1 183 
2 2309 184 
2 3417 184 
3 1185 2386 184 
1 184 
2 1995 184 
3 3372 2457 184 
1 184 
4 4332 2314 4489 184 
2 3936 184 
2 4205 184 
2 1105 184 
3 5314 184 5026 
2 3528 184 
2 5347 184 
1 184 
2 3291 184 
2 3314 184 
3 2749 3841 184 
1 185 
4 3356 5390 3948 185 
3 1883 3269 185 
3 2812 2912 185 
2 1561 185 
2 1770 185 
1 185 
2 5626 185 
1 185 
3 5346 4860 185 
2 3125 185 
4 1314 3446 4529 185 
3 267 327 185 
2 4550 185 
1 185 
1 185 
1 185 
2 810 185 
3 4332 3073 185 
1 185 
2 3876 185 
2 185 595 
2 1403 185 
3 1254 3657 185 
1 186 
3 5760 3013 186 
2 3289 186 
1 186 
2 1625 186 
3 1356 1917 186 
2 379 186 
2 5293 186 
2 4829 186 
3 2987 5153 186 
6 5006 1798 3184 2389 1028 186 
2 311 186 
1 186 
1 186 
3 5518 4322 186 
2 2709 186 
3 187 2222 3903 
2 187 4071 
5 187 4916 554 1555 4603 
3 187 5561 2669 
4 187 3734 1812 2044 
1 187 
2 187 2505 
1 187 
1 187 
3 187 5030 1127 
2 187 1291 
1 187 
2 187 3667 
4 187 5262 5033 4709 
3 187 264 4073 
4 187 251 1081 3145 
2 187 2477 
1 187 
2 187 4507 
3 187 623 3505 
1 188 
1 188 
1 188 
2 3264 188 
1 188 
1 188 
3 3708 188 2660 
1 188 
2 188 4699 
2 188 4486 
1 188 
1 188 
1 188 
2 188 3223 
1 188 
4 4910 188 4425 907 
1 188 
1 188 
1 188 
2 188 3848 
3 188 4691 3036 
5 188 1505 1830 4904 3827 
2 188 3153 
3 4098 188 4990 
1 189 
2 189 660 
3 5047 1315 189 
2 189 1516 
1 189 
2 1317 189 
1 189 
2 189 1818 
3 2766 189 5717 
1 189 
1 189 
2 189 3979 
3 2207 189 906 
4 2637 3861 189 3583 
2 189 3372 
3 4205 189 5684 
2 189 4828 
2 189 5219 
3 542 189 1569 
2 189 4723 
4 5401 189 3916 3118 
1 190 
1 190 
3 5309 190 3612 
2 1796 190 
2 4083 190 
2 1116 190 
1 190 
2 1794 190 
2 3898 190 
1 190 
3 694 190 1176 
3 2789 190 1195 
2 190 4688 
2 190 3187 
2 190 3978 
1 190 
2 2886 190 
5 1854 190 2888 5171 1195 
2 190 630 
2 191 5563 
3 191 3355 5562 
1 191 
3 5082 191 1094 
2 2790 191 
3 2055 4522 191 
1 191 
1 191 
2 191 3942 
3 1578 5520 191 
2 191 1890 
4 191 348 1956 794 
3 428 2286 191 
1 191 
4 2035 4439 191 2678 
1 191 
1 191 
2 4636 191 
2 1421 191 
2 191 1684 
2 3192 191 
1 191 
1 191 
1 192 
5 4872 3626 209 1932 192 
2 5675 192 
3 3320 192 5095 
2 192 5026 
1 192 
1 192 
3 4466 913 192 
1 192 
2 192 3450 
2 1078 192 
1 192 
2 3063 192 
2 5380 192 
3 2229 3269 192 
1 192 
1 192 
3 5384 192 878 
2 3880 192 
4 3454 2585 193 3341 
1 193 
2 3060 193 
2 193 2873 
3 1144 5544 193 
1 193 
2 193 760 
3 1812 193 2572 
2 3604 193 
1 193 
2 3367 193 
2 193 4096 
4 1984 2419 193 588 
1 193 
3 290 193 5108 
3 1737 5050 193 
1 193 
2 193 2028 
2 193 2169 
2 193 4403 
2 193 2457 
3 1286 3239 193 
2 193 639 
3 4387 1870 194 
2 5008 194 
2 194 4093 
2 194 892 
1 194 
1 194 
3 194 5775 5341 
2 194 3982 
2 4293 194 
1 194 
3 2119 5761 194 
2 194 2430 
2 194 4202 
5 3261 5068 4244 1065 194 
1 194 
2 2490 194 
2 5352 194 
3 4191 195 4510 
1 195 
1 195 
3 2769 195 4908 
1 195 
2 2426 195 
3 5684 195 3099 
2 331 195 
2 5739 195 
3 519 195 3275 
4 5723 577 195 858 
1 195 
2 2618 195 
2 543 195 
5 4426 1588 1324 195 5367 
2 2427 195 
1 195 
1 195 
2 195 5024 
2 4132 195 
2 831 195 
2 3156 195 
2 3283 195 
1 195 
2 195 1543 
2 195 4791 
2 354 196 
2 4458 196 
1 196 
2 4058 196 
1 196 
3 3196 4584 196 
3 3429 196 1369 
2 2484 196 
2 196 3378 
1 196 
3 4299 5667 196 
2 196 4731 
2 2101 196 
3 2640 391 196 
3 2904 196 510 
3 827 1432 196 
1 196 
1 196 
3 4238 196 957 
2 792 196 
1 196 
1 196 
2 4421 196 
3 2614 1045 197 
3 583 1217 197 
2 2095 197 
2 3433 197 
2 5706 197 
1 197 
2 2810 197 
1 197 
4 1054 3401 524 197 
3 197 315 5414 
1 197 
2 3011 197 
4 1779 2623 3641 197 
3 2396 3902 198 
3 2381 3407 198 
4 2289 1296 1494 198 
1 198 
3 4079 5390 198 
1 198 
1 198 
1 198 
1 198 
3 2420 1342 198 
1 198 
1 198 
1 198 
3 1100 198 3559 
1 198 
2 3130 198 
4 2897 1011 199 2594 
1 199 
3 2376 946 199 
1 199 
3 4809 3639 199 
3 1293 5524 199 
2 1561 199 
1 199 
3 1931 1740 199 
2 4123 199 
1 199 
3 651 4640 199 
2 1330 199 
2 2403 199 
1 199 
3 1315 5197 199 
3 2961 637 199 
5 3657 663 5217 578 200 
2 3347 200 
1 200 
1 200 
2 200 2241 
2 2093 200 
1 200 
1 200 
1 200 
3 4052 2126 200 
1 200 
3 1359 200 4532 
1 200 
3 4701 4930 200 
1 200 
3 3251 3580 200 
2 201 5398 
1 201 
2 201 1873 
3 201 4507 3725 
2 201 255 
1 201 
1 201 
5 201 2154 2280 4850 5565 
2 201 463 
1 201 
2 201 5465 
2 201 5399 
1 201 
1 201 
1 201 
3 202 358 5273 
2 202 2830 
1 202 
3 3437 202 4743 
2 202 5457 
2 202 5244 
2 202 3673 
2 202 1790 
2 202 1207 
1 202 
3 202 3828 5687 
3 202 3600 5032 
2 202 267 
2 202 650 
1 202 
2 202 1783 
3 203 2615 5193 
2 203 5666 
1 203 
2 203 1150 
1 203 
1 203 
2 203 2548 
1 203 
3 203 3526 3664 
2 203 1447 
1 203 
1 203 
1 203 
3 203 349 4811 
4 203 4755 1695 373 
1 203 
2 203 308 
1 203 
2 204 5257 
1 204 
2 204 3110 
1 204 
2 204 5115 
1 204 
3 5116 204 2449 
4 204 3183 4276 3988 
3 204 3420 3241 
1 204 
4 204 3550 2475 5322 
1 204 
1 204 
1 204 
3 204 381 325 
2 204 5240 
4 204 3692 3483 3332 
1 204 
4 204 5129 4667 4783 
2 204 1063 
3 2298 204 2109 
3 204 1966 2480 
2 204 3561 
2 204 1713 
1 204 
3 205 1130 2497 
3 205 2799 1281 
1 205 
2 205 2341 
2 205 1765 
2 205 2714 
2 205 1217 
1 205 
2 205 496 
1 205 
3 205 1565 770 
1 205 
5 205 5510 2075 4148 5666 
2 205 2806 
1 205 
3 205 1911 2874 
1 205 
4 206 4164 5284 2634 
1 206 
3 206 5203 1293 
2 206 4409 
1 206 
2 206 2120 
2 206 4989 
2 206 5666 
2 206 5075 
2 206 1017 
5 206 5702 2290 2972 3679 
4 1793 206 2299 3655 
3 206 4082 2924 
1 206 
5 318 206 3756 1567 4434 
2 206 2668 
1 206 
2 206 4968 
1 206 
2 206 637 
2 206 3933 
2 5313 206 
1 206 
1 206 
1 207 
1 207 
1 207 
2 880 207 
2 207 770 
4 943 207 3422 2499 
2 207 2644 
2 207 2928 
3 207 3403 403 
1 207 
4 4388 207 5239 4132 
4 207 2828 685 5075 
2 207 2131 
2 207 3006 
1 207 
2 207 3428 
1 207 
3 3442 207 2266 
2 207 3200 
1 207 
1 207 
3 207 1319 1682 
2 207 5546 
2 207 619 
4 208 565 5263 5503 
1 208 
1 208 
1 208 
1 208 
4 2174 208 5571 3214 
3 3000 1794 208 
3 208 3047 5664 
1 208 
2 1564 208 
1 208 
2 208 2212 
2 209 4581 
1 209 
1 209 
1 209 
3 209 366 776 
2 209 2411 
2 209 5198 
2 209 2332 
2 1333 209 
1 209 
3 1440 209 1403 
2 209 5385 
1 209 
4 209 1474 2085 3141 
2 4099 209 
2 209 962 
4 4910 209 5378 1103 
2 209 4648 
2 210 5430 
1 210 
2 5309 210 
2 210 3372 
2 210 3086 
1 210 
2 210 3870 
3 5085 210 1233 
2 210 214 
2 2155 210 
1 210 
3 210 2469 2647 
2 3795 210 
2 4571 210 
2 210 5330 
1 210 
5 3101 211 4916 1433 5543 
4 5010 211 1060 5061 
2 211 1304 
1 211 
3 5188 211 4296 
1 211 
4 211 2119 2796 4339 
2 211 5211 
2 211 4561 
3 4756 3601 211 
1 211 
2 211 3614 
1 211 
4 2748 211 4457 3143 
4 320 4438 211 2179 
1 211 
2 5490 212 
2 3832 212 
2 212 591 
1 212 
5 4495 1519 212 4525 3980 
4 859 3669 1972 212 
2 4760 212 
1 212 
2 4195 212 
2 212 2171 
4 5052 212 4266 3166 
3 5141 212 1381 
3 1263 305 212 
1 212 
2 212 2329 
5 541 3751 4427 212 5716 
2 212 5425 
4 3278 5052 212 5431 
2 3737 212 
2 212 4729 
4 213 5150 3082 3643 
4 2261 213 4042 4725 
2 213 399 
2 2809 213 
1 213 
2 213 1030 
3 564 213 637 
3 1432 213 1669 
1 213 
2 654 213 
1 213 
2 213 2759 
1 213 
1 213 
1 213 
4 5728 213 2663 3492 
2 958 213 
3 213 3391 1073 
1 213 
1 213 
1 213 
1 213 
4 847 213 2167 2931 
3 444 213 5667 
1 214 
3 3229 3853 214 
4 5206 2179 214 2972 
1 214 
2 5641 214 
2 5072 214 
1 214 
2 214 891 
2 1124 214 
1 214 
3 4002 214 3785 
5 2726 269 4679 5661 214 
1 214 
1 214 
1 214 
1 214 
3 214 5176 3122 
1 214 
1 214 
3 2744 215 2111 
2 215 309 
2 2280 215 
1 215 
1 215 
1 215 
3 601 215 1741 
2 3963 215 
1 215 
2 4914 215 
3 5736 215 2633 
3 4573 935 215 
2 215 5527 
2 2158 215 
2 3048 215 
2 215 3244 
3 215 4417 2551 
2 5702 215 
1 216 
3 3409 216 2152 
2 3113 216 
1 216 
1 216 
3 3968 2728 216 
2 3192 216 
2 3016 216 
2 4627 216 
2 2944 216 
3 4780 5611 216 
1 216 
3 711 216 1306 
3 2473 3285 217 
3 1966 217 4669 
2 282 217 
3 4333 5033 217 
2 4281 217 
1 217 
1 217 
1 217 
2 5636 217 
1 217 
3 5070 217 2739 
2 2075 217 
2 2076 217 
1 217 
1 218 
4 3263 629 218 1049 
2 218 4475 
2 218 2031 
1 218 
4 3766 2846 5282 218 
2 218 1940 
1 218 
2 218 906 
4 2806 5400 4086 218 
2 4419 218 
1 218 
2 218 1528 
1 218 
1 218 
2 218 2573 
4 1128 2663 3761 218 
3 3502 1677 219 
1 219 
6 4635 862 2099 3551 3659 219 
2 219 2920 
1 219 
3 2143 980 219 
2 974 219 
3 1582 2666 219 
3 4640 1434 219 
1 219 
1 219 
1 219 
1 219 
2 840 219 
1 219 
2 2371 219 
1 219 
6 4448 1946 5253 219 5412 5432 
1 219 
2 604 220 
2 1775 220 
2 5269 220 
2 4348 220 
2 5730 220 
1 220 
1 220 
1 220 
1 220 
1 220 
1 220 
1 220 
1 220 
2 2905 220 
2 2488 220 
2 2622 220 
2 3810 220 
3 3469 220 1240 
2 237 220 
1 220 
1 220 
2 4704 220 
4 5680 3762 4686 220 
2 220 5326 
3 1019 1003 220 
4 1587 2358 220 5488 
1 220 
3 4860 2871 220 
2 5249 220 
1 220 
3 1554 220 1919 
1 220 
2 3165 220 
2 4652 220 
2 221 536 
2 445 221 
3 1825 5427 221 
2 221 2364 
1 221 
2 2384 221 
1 221 
1 221 
2 656 221 
1 221 
2 4088 221 
2 5712 221 
1 221 
1 221 
2 737 221 
4 4411 5710 221 3539 
2 584 222 
1 222 
1 222 
2 1030 222 
2 3933 222 
2 5186 222 
2 2901 222 
3 1522 2200 222 
2 5426 222 
3 4176 2421 222 
1 222 
1 222 
3 431 714 222 
1 222 
2 4891 222 
1 222 
1 222 
2 5070 223 
2 3152 223 
1 223 
3 5674 4727 223 
2 3757 223 
3 1101 5695 223 
2 485 223 
2 4066 223 
1 223 
2 3105 223 
4 3802 4318 1393 223 
1 223 
3 583 1153 223 
4 1464 839 1094 223 
3 4853 349 223 
1 223 
1 223 
2 3532 223 
1 223 
2 5474 223 
1 223 
2 394 223 
1 224 
1 224 
2 3280 224 
2 2293 224 
1 224 
1 224 
1 224 
3 4299 1238 224 
1 224 
1 224 
4 1036 1835 277 224 
5 5318 1537 5219 3598 224 
2 2773 224 
3 1161 1410 224 
4 851 637 2724 224 
1 224 
1 224 
1 224 
3 3045 4416 224 
3 335 225 863 
4 225 5441 3133 3332 
4 225 3549 3254 3578 
3 225 4175 2894 
1 225 
4 225 354 4980 5131 
3 225 2265 1096 
1 225 
1 225 
3 225 4068 5611 
1 225 
2 225 4731 
1 225 
1 225 
3 225 2713 492 
2 225 435 
1 225 
1 226 
2 226 4225 
2 226 5697 
2 226 3246 
2 226 3133 
2 226 3206 
3 226 2209 286 
5 226 4740 1513 2701 4604 
1 226 
3 226 1653 2271 
1 226 
3 3494 226 1889 
1 226 
1 226 
2 227 1838 
2 227 4885 
2 227 1657 
2 227 767 
2 227 879 
2 227 589 
3 227 586 558 
2 227 5609 
1 227 
2 227 2198 
1 228 
2 228 5042 
1 228 
1 228 
3 228 2842 5614 
1 228 
3 228 3512 636 
2 228 5525 
2 228 1109 
1 228 
2 228 5522 
1 228 
5 1050 3399 3102 228 751 
2 228 1836 
2 229 2913 
1 229 
5 3749 229 1861 3205 5750 
2 229 4002 
4 229 3158 349 5110 
2 229 5794 
2 229 5573 
2 1352 229 
1 229 
5 5491 229 1193 5774 940 
2 229 4464 
2 229 747 
1 229 
2 229 2402 
1 229 
1 229 
2 5722 229 
2 229 1380 
2 229 3745 
3 229 4426 899 
2 229 1628 
4 230 1716 3274 617 
3 4771 230 4885 
3 230 3025 3092 
3 3971 1015 230 
2 230 5277 
5 230 5382 721 4271 5452 
1 230 
2 230 1681 
3 230 1080 2049 
3 230 698 2126 
3 230 2747 4329 
2 230 4157 
1 230 
2 230 4196 
2 230 684 
2 230 3814 
1 230 
1 230 
2 3474 231 
4 231 3635 5042 2994 
3 231 3780 4404 
2 231 4093 
2 4652 231 
1 231 
1 231 
3 231 4639 3394 
3 357 231 4812 
2 4839 231 
3 771 231 3982 
3 2058 231 993 
2 770 231 
1 232 
7 513 625 232 1860 2619 4076 2326 
5 232 3698 401 1789 1280 
2 232 536 
1 232 
3 3176 232 5640 
1 232 
1 232 
1 232 
2 1350 232 
3 2377 232 5237 
2 233 4220 
2 2056 233 
1 233 
1 233 
2 233 5520 
1 233 
3 1830 233 5610 
1 233 
1 233 
3 5655 4075 233 
2 3793 233 
1 233 
3 443 233 1594 
1 233 
2 233 5527 
2 233 1732 
3 233 4395 2111 
4 1270 1971 233 1769 
2 3714 234 
1 234 
2 234 5366 
2 2781 234 
1 234 
1 234 
3 522 345 234 
2 1315 234 
3 3421 234 1937 
5 789 1846 4188 3445 234 
1 234 
1 234 
4 739 775 234 1437 
1 235 
1 235 
1 235 
1 235 
2 1974 235 
1 235 
2 2727 235 
2 3629 235 
1 235 
1 235 
4 5741 3549 2908 235 
2 1691 235 
2 3269 235 
1 235 
2 235 1347 
2 236 5394 
3 4082 1906 236 
3 4796 236 1763 
2 1996 236 
2 2615 236 
2 2881 236 
1 236 
2 575 236 
4 2705 5516 5503 236 
2 5381 236 
1 236 
2 236 5389 
2 1660 236 
3 3880 236 3618 
2 4950 236 
1 236 
3 3766 236 5060 
1 237 
2 237 4812 
2 1816 237 
2 4840 237 
1 237 
2 2848 237 
1 237 
1 237 
2 3264 237 
2 2342 237 
1 237 
4 4771 3689 2927 237 
1 237 
2 237 1769 
2 4082 237 
3 901 1191 237 
1 237 
2 5271 237 
6 3126 3571 3137 237 989 3487 
3 1915 237 5593 
1 237 
4 1398 3872 237 2150 
1 238 
2 1283 238 
2 1601 238 
2 3390 238 
2 379 238 
1 238 
2 289 238 
1 238 
2 3129 238 
2 4864 238 
1 238 
1 238 
4 2022 4907 238 334 
4 1459 1084 5335 238 
3 5194 2651 238 
4 2101 1815 5094 238 
2 5575 238 
5 2764 751 1607 3573 239 
1 239 
1 239 
4 1811 2065 239 440 
2 4692 239 
1 239 
1 239 
3 3047 2198 239 
4 3152 1829 239 510 
3 4593 239 5450 
6 805 4573 2773 2358 1237 239 
4 2097 4070 239 3243 
1 239 
1 239 
5 3192 958 2653 239 2136 
2 692 239 
1 239 
3 1604 456 239 
3 1394 1069 239 
3 3306 239 1469 
2 804 239 
2 4059 240 
5 463 400 2220 2002 240 
4 1582 4560 4152 240 
3 3457 4706 240 
3 2647 2275 240 
2 5698 240 
3 2823 1274 240 
1 240 
4 646 3247 3009 240 
1 240 
3 4028 2023 240 
2 2788 240 
1 240 
3 2613 3797 240 
1 240 
3 4733 2427 240 
1 240 
2 5764 240 
3 1876 2645 240 
1 240 
2 1720 241 
2 5095 241 
2 4559 241 
2 2681 241 
2 360 241 
1 241 
3 5166 2729 241 
1 241 
2 706 241 
2 1280 241 
2 241 242 
1 241 
4 3602 2930 5470 241 
4 4354 5411 241 1095 
2 241 2296 
1 241 
2 551 241 
1 242 
1 242 
2 1651 242 
1 242 
1 242 
2 3130 242 
2 5295 242 
1 242 
1 242 
1 242 
2 243 293 
2 243 4974 
3 243 927 5179 
3 243 5637 1219 
3 243 2207 4717 
2 243 1440 
2 243 2673 
2 243 397 
2 243 3015 
3 243 2076 4167 
1 243 
4 243 4981 2619 1150 
1 243 
2 243 1830 
2 243 993 
2 243 2633 
2 243 4816 
2 4205 244 
4 244 2073 5487 3701 
2 244 5372 
2 244 1607 
3 2581 244 4431 
3 244 3855 4211 
2 244 5289 
3 244 2185 2933 
2 2137 244 
3 244 827 5400 
4 244 4979 769 274 
1 244 
1 244 
4 244 2795 274 4045 
1 244 
3 244 1154 4690 
2 245 3179 
4 245 4428 3293 4255 
2 245 4913 
3 245 3507 2145 
1 245 
1 245 
2 245 3078 
1 245 
2 245 5277 
2 245 5413 
2 245 2531 
3 1530 245 306 
4 2113 245 5314 4681 
4 5311 245 789 1919 
3 245 940 1113 
1 245 
2 245 3944 
1 245 
4 4173 245 926 2550 
1 245 
2 1876 245 
1 245 
2 4977 245 
2 246 2044 
3 2613 246 915 
2 246 5292 
2 1712 246 
3 246 2285 2021 
3 246 4133 351 
2 246 5688 
3 246 3499 4663 
1 246 
1 246 
1 246 
1 246 
4 246 4244 5340 2461 
1 246 
2 246 3677 
3 246 5723 1107 
2 246 4650 
3 246 5293 3640 
2 4554 246 
3 246 1169 1764 
2 246 3202 
3 291 246 2059 
3 3017 246 5177 
1 247 
1 247 
2 247 3628 
1 247 
2 247 3874 
4 1793 3042 247 915 
2 247 1415 
3 247 4243 5076 
1 247 
4 1471 4574 247 2390 
2 247 1971 
1 247 
2 247 3613 
3 247 2287 969 
1 247 
1 247 
3 1331 247 305 
1 248 
1 248 
1 248 
5 248 4622 2905 798 3434 
2 248 2212 
2 248 2841 
2 248 2737 
3 3295 2884 248 
2 248 1592 
3 248 307 3663 
1 248 
3 4099 2488 248 
2 248 3023 
4 1243 4292 248 1608 
1 248 
3 248 2018 4097 
3 248 1958 3343 
4 248 3803 4341 2733 
1 248 
4 249 2557 4586 4965 
1 249 
2 249 1434 
2 249 2491 
1 249 
1 249 
2 249 3170 
4 2598 249 4354 1029 
2 249 3358 
2 249 867 
2 3895 249 
1 249 
3 2787 249 5444 
1 249 
2 249 4842 
1 249 
3 249 5706 1888 
2 249 1937 
2 249 1276 
1 249 
2 249 800 
3 5673 250 2758 
4 3212 250 4904 3922 
4 250 4071 2734 5734 
3 5290 250 5579 
3 250 2122 1281 
3 4853 250 302 
3 2841 250 4084 
2 250 1594 
2 250 817 
2 5492 250 
3 250 5544 1764 
1 250 
1 250 
3 250 1508 800 
2 250 5682 
1 250 
1 250 
6 4407 251 2810 4522 2110 2634 
1 251 
1 251 
1 251 
2 251 2518 
1 251 
1 251 
2 251 3086 
1 251 
3 251 4169 3258 
1 251 
1 251 
4 5292 251 1189 3944 
2 2312 251 
4 251 2869 2231 5283 
1 251 
1 251 
1 251 
3 251 586 272 
4 862 251 3271 1981 
3 251 3430 3791 
1 251 
1 252 
3 252 1461 3373 
1 252 
3 5649 4496 252 
2 252 5160 
3 252 5175 822 
1 252 
1 252 
3 252 5381 5646 
1 252 
2 2299 252 
1 252 
2 252 5624 
1 252 
3 252 1063 1822 
2 252 2601 
5 3016 3848 252 2831 5043 
4 5124 252 4879 2273 
3 2770 252 3921 
4 4512 1677 252 4432 
3 3060 252 2544 
3 3518 5602 253 
2 253 4847 
4 2205 253 5279 4634 
2 2075 253 
3 5454 5124 253 
1 253 
2 253 1433 
3 253 2445 1129 
2 767 253 
4 2281 253 2651 3167 
2 253 2855 
2 1439 253 
3 1576 253 823 
4 5636 253 2380 2363 
3 253 2792 3660 
4 253 344 2783 3592 
2 253 5609 
1 254 
1 254 
2 1880 254 
3 254 3531 2198 
2 254 1701 
1 254 
1 254 
3 1692 254 3338 
5 5206 1881 254 5152 4433 
3 4514 254 775 
1 254 
2 254 4747 
2 3229 254 
3 1116 2225 254 
1 254 
1 254 
3 4815 254 703 
1 254 
1 255 
3 255 3884 2239 
2 255 660 
4 5029 255 5409 5339 
3 4759 255 4303 
1 255 
2 1351 255 
2 255 2195 
1 255 
1 255 
1 255 
3 3569 255 4249 
2 255 876 
1 255 
1 255 
3 2775 255 4542 
1 255 
1 255 
1 255 
1 255 
3 946 255 4967 
1 255 
2 255 3015 
2 3708 256 
3 2612 256 3275 
1 256 
1 256 
1 256 
1 256 
1 256 
3 256 4810 1030 
2 628 256 
1 256 
1 256 
3 2776 256 5747 
1 256 
3 4407 4362 256 
1 256 
2 483 256 
1 256 
2 432 256 
3 5466 256 5220 
2 257 4286 
2 491 257 
1 257 
2 5238 257 
1 257 
1 257 
2 2183 257 
2 257 839 
2 5737 257 
3 3401 2119 257 
1 257 
2 2216 257 
1 257 
4 1202 4755 257 3641 
1 257 
1 257 
6 450 3012 257 720 4545 5044 
2 3769 257 
1 257 
4 5741 3635 258 4044 
1 258 
3 258 1515 5132 
3 4653 2851 258 
3 4150 2455 258 
1 258 
3 4062 3602 258 
2 3112 258 
1 258 
1 258 
1 258 
1 258 
1 258 
2 5672 258 
1 258 
2 3096 258 
3 3115 5392 258 
2 2671 258 
1 258 
1 258 
3 355 3874 258 
2 5313 258 
2 2012 258 
2 5649 258 
1 258 
2 3063 258 
2 1038 259 
2 1284 259 
3 5245 2619 259 
4 1533 2915 259 1528 
2 3362 259 
4 5639 2559 2915 259 
5 5753 2886 2947 5034 259 
1 259 
1 259 
4 1962 1775 5743 259 
2 2599 260 
3 1153 1765 260 
1 260 
1 260 
3 570 260 4508 
1 260 
2 260 2896 
1 260 
3 3045 802 260 
1 260 
3 2924 5321 260 
1 260 
1 260 
1 260 
2 3101 260 
1 260 
3 443 260 5798 
4 301 2474 260 1097 
1 260 
3 4733 5485 260 
2 2897 260 
4 306 5576 4869 260 
3 2926 260 3985 
2 1471 260 
2 5720 260 
3 368 5560 260 
1 260 
1 261 
3 4619 2479 261 
1 261 
1 261 
4 959 1385 261 4673 
1 261 
3 5707 4645 261 
5 2400 4335 3091 5057 261 
4 2076 3063 4629 261 
3 773 1045 261 
1 261 
4 1287 813 5389 261 
1 261 
1 261 
2 5747 261 
1 261 
4 3974 5687 2542 261 
3 1906 3643 261 
1 261 
2 2603 261 
3 2790 3160 261 
2 3285 261 
2 5496 261 
3 5350 779 261 
3 5286 1301 261 
2 2123 261 
1 261 
5 1250 5442 2406 5155 261 
1 261 
2 1576 262 
1 262 
1 262 
2 2171 262 
2 3594 262 
2 1406 262 
2 3750 262 
1 262 
3 4063 2276 262 
2 262 1032 
3 1795 3488 262 
2 5450 262 
1 262 
2 652 262 
2 2384 262 
2 823 262 
2 5361 262 
2 755 262 
3 1341 1671 262 
1 262 
2 1338 262 
2 1714 262 
4 3784 1765 2578 262 
1 262 
3 3711 3553 262 
1 263 
1 263 
2 263 4852 
3 263 3609 2273 
1 263 
3 263 1102 3903 
5 263 4175 392 3613 2636 
3 263 2637 4942 
1 263 
2 263 2764 
3 263 1323 2851 
3 263 3263 3002 
1 263 
2 263 2506 
3 263 2279 682 
6 263 4372 2555 4425 1193 1047 
4 263 833 3011 4809 
2 263 4907 
2 3261 264 
1 264 
4 5117 264 3646 2843 
1 264 
2 264 5528 
3 264 3307 3741 
2 264 579 
3 264 4088 4095 
2 264 323 
3 264 2890 1326 
2 264 5789 
1 264 
3 264 4980 949 
1 264 
1 264 
3 264 2629 4510 
3 4063 264 2770 
4 264 723 2842 3373 
2 264 857 
1 265 
1 265 
1 265 
2 265 1114 
2 265 3762 
4 265 2767 2026 2187 
3 4289 265 4182 
2 265 2292 
2 265 4127 
2 265 624 
1 265 
3 265 4003 3976 
4 265 1403 4704 1685 
2 5738 265 
1 265 
2 265 1565 
1 266 
1 266 
3 3687 266 5499 
1 266 
3 266 5482 2569 
7 2032 5226 1374 266 1501 4053 814 
1 266 
2 266 1337 
2 3494 266 
1 266 
2 266 2932 
1 266 
2 266 822 
1 266 
3 2206 266 4548 
3 3710 4592 266 
1 266 
1 267 
1 267 
2 971 267 
5 3417 267 2377 1432 3218 
1 267 
2 5752 267 
1 267 
2 2014 267 
3 3361 267 5330 
1 267 
1 267 
3 267 1154 3740 
1 267 
2 4389 267 
2 267 2857 
1 267 
1 267 
3 267 3238 2626 
3 267 3930 270 
5 3440 5229 3932 268 2340 
3 5047 268 1136 
1 268 
1 268 
2 5439 268 
2 2419 268 
1 268 
1 268 
3 4818 268 4810 
4 1183 268 3099 1731 
1 268 
1 268 
1 268 
2 268 3944 
1 268 
2 4335 268 
2 4912 268 
2 1421 268 
1 269 
2 269 509 
2 2691 269 
1 269 
1 269 
4 2840 269 507 1072 
3 785 269 1551 
2 269 4089 
5 269 550 3307 3139 5597 
2 945 269 
1 269 
2 269 2147 
1 269 
1 269 
1 269 
1 269 
3 4098 269 2049 
1 269 
3 4839 269 1046 
2 269 3593 
1 269 
2 269 5000 
1 269 
1 269 
4 2465 269 1125 5794 
3 651 269 1320 
2 4797 269 
2 270 2406 
2 5516 270 
4 461 1945 270 2956 
2 270 3168 
2 270 1668 
2 270 4597 
2 541 270 
2 270 2006 
1 270 
3 270 3070 510 
4 562 1419 270 3682 
1 270 
1 270 
2 270 511 
3 4798 3280 270 
2 270 4138 
2 270 4696 
1 270 
4 4620 270 5689 704 
1 271 
2 271 1365 
2 568 271 
2 271 3374 
2 271 885 
1 271 
4 302 1445 4277 271 
1 271 
2 4066 271 
1 271 
1 271 
1 271 
1 271 
3 3908 271 5595 
2 271 4547 
3 5265 1062 271 
2 2439 271 
4 1930 271 5199 3859 
3 2081 4034 271 
2 271 5197 
1 271 
1 271 
2 272 801 
3 3970 2770 272 
1 272 
1 272 
4 3454 4839 4124 272 
1 272 
1 272 
1 272 
4 5616 444 5705 272 
2 4069 272 
3 5678 383 272 
1 272 
1 272 
3 3266 272 2800 
1 272 
3 3861 1062 272 
2 1688 272 
3 4322 272 3661 
2 272 4890 
1 272 
2 5378 272 
2 272 2196 
1 273 
2 273 2065 
2 5085 273 
3 2316 1039 273 
1 273 
3 5116 273 403 
1 273 
2 5407 273 
2 364 273 
1 273 
1 273 
1 273 
4 5514 2184 273 636 
2 273 4447 
2 4894 273 
5 4002 2146 273 1483 2722 
2 3941 273 
1 273 
1 273 
1 273 
2 3897 274 
3 4938 274 5714 
2 655 274 
4 648 3352 274 1977 
2 1488 274 
4 632 2626 274 4250 
2 274 5596 
1 274 
1 274 
2 274 4220 
3 5680 274 1195 
1 274 
2 274 2273 
3 3926 5680 274 
1 274 
1 275 
2 738 275 
2 2681 275 
2 275 3613 
2 4016 275 
1 275 
2 5195 275 
4 3365 2334 275 1011 
1 275 
1 275 
3 4224 275 2655 
1 275 
2 4528 276 
4 2053 5346 1442 276 
2 3892 276 
1 276 
1 276 
2 327 276 
5 4410 4659 526 276 1743 
1 276 
2 4816 276 
1 276 
1 276 
2 4191 276 
2 276 4785 
2 3968 276 
2 276 1112 
3 5624 277 4997 
1 277 
1 277 
3 2979 4641 277 
3 4757 930 277 
2 277 1307 
4 4676 2083 277 4783 
3 3591 277 4691 
3 610 277 496 
3 605 4614 277 
2 277 924 
1 277 
2 1964 277 
1 277 
2 2926 277 
3 573 277 2201 
2 5384 277 
1 277 
3 1993 1848 277 
1 277 
1 277 
1 278 
1 278 
3 3667 4048 278 
1 278 
3 3064 4664 278 
1 278 
3 278 4931 3989 
4 3553 4663 965 278 
3 715 278 3290 
1 278 
1 278 
2 4322 278 
1 278 
1 278 
2 4956 278 
3 3936 1005 278 
1 278 
1 278 
1 278 
3 2903 4245 278 
1 279 
1 279 
1 279 
3 5105 279 4060 
1 279 
1 279 
1 279 
1 279 
3 3148 279 4546 
1 279 
1 279 
1 279 
2 4852 279 
2 4686 279 
2 3755 279 
1 280 
2 456 280 
2 280 2461 
3 2924 280 317 
4 5272 3569 280 3083 
2 3555 280 
3 2360 1731 280 
2 1042 280 
5 1144 2515 2447 280 4996 
2 963 280 
3 3404 280 3765 
2 2228 280 
2 2302 280 
1 280 
2 280 5580 
1 280 
1 280 
4 2019 584 2361 280 
2 2367 280 
3 1337 5018 280 
1 280 
1 280 
1 280 
1 280 
3 4468 574 280 
3 1253 3780 280 
1 280 
2 1888 280 
1 280 
2 1977 281 
3 4637 761 281 
3 5767 591 281 
2 1141 281 
2 1229 281 
2 1079 281 
1 281 
4 3234 281 5222 4044 
1 281 
3 3720 3430 281 
5 423 4801 4503 941 281 
4 1775 3110 4411 281 
1 281 
4 985 5302 3724 281 
3 2845 4039 281 
1 281 
2 2025 281 
1 281 
4 4984 4505 891 281 
3 3561 3832 281 
2 2341 281 
4 3503 4926 3240 281 
2 3081 281 
2 4494 281 
2 1553 281 
2 2313 281 
3 2077 3394 281 
2 3877 281 
2 282 3888 
3 282 4195 4644 
3 282 3394 3664 
1 282 
3 282 2472 1556 
4 282 5408 1646 2476 
1 282 
2 282 1641 
2 282 5231 
3 282 5404 1895 
2 282 4852 
2 282 894 
2 282 4604 
4 282 1941 3521 4220 
2 282 4660 
3 282 5773 3824 
1 283 
1 283 
2 283 2997 
2 283 1136 
1 283 
3 283 2513 3115 
1 283 
1 283 
1 283 
1 283 
2 283 4094 
4 3415 283 4280 992 
2 4258 283 
2 283 1714 
3 283 322 352 
2 4046 283 
2 283 4095 
2 283 4220 
2 284 2942 
2 284 759 
2 284 5468 
5 377 284 832 798 1349 
1 284 
2 284 3348 
2 5120 284 
2 284 2892 
2 4331 284 
2 284 5000 
1 284 
2 284 4745 
2 1472 284 
3 284 5519 457 
2 284 1996 
1 284 
2 284 2332 
4 284 4559 5013 1168 
1 284 
2 284 4411 
1 285 
3 285 4818 524 
1 285 
1 285 
3 3896 2115 285 
3 646 285 5520 
2 285 1019 
1 285 
1 285 
1 285 
1 285 
2 285 1492 
3 285 2947 3887 
2 285 4890 
1 285 
2 5435 285 
4 2613 285 1212 2241 
3 285 390 4603 
3 285 2917 2135 
3 1942 359 285 
4 285 1080 1884 588 
2 286 4308 
3 2052 1355 286 
3 286 2792 3129 
1 286 
2 286 460 
2 286 1681 
3 286 1969 2566 
1 286 
3 5084 5620 286 
1 286 
4 2465 286 1061 3312 
2 286 4965 
1 286 
2 4636 286 
5 860 286 3097 987 4247 
1 287 
2 4078 287 
2 287 4394 
4 2615 1124 287 4763 
1 287 
1 287 
1 287 
2 287 4995 
3 2118 287 1822 
1 287 
2 5082 287 
1 287 
1 287 
3 1206 287 2756 
5 4016 1905 287 4502 814 
3 287 3464 2682 
1 287 
1 287 
1 287 
1 288 
1 288 
4 288 689 3963 2785 
2 288 2831 
2 288 2049 
2 288 1922 
2 288 5236 
2 288 2818 
3 288 5162 4502 
1 288 
2 288 3598 
4 288 341 3301 5446 
6 288 4452 2673 3693 899 5458 
1 288 
2 288 4381 
1 288 
4 5581 288 2640 3849 
2 288 4378 
3 288 362 2048 
3 288 4153 4462 
2 288 5049 
3 288 2970 3034 
1 288 
2 288 2080 
3 288 787 334 
1 288 
1 289 
3 289 972 3131 
1 289 
3 289 2398 3159 
2 289 5703 
1 289 
2 289 1518 
2 289 2078 
2 289 1911 
2 4062 289 
3 289 3730 4764 
2 289 658 
3 289 291 4014 
4 289 2155 2795 3453 
1 289 
2 289 3159 
4 289 1146 5588 5790 
1 289 
1 290 
4 290 716 5710 964 
2 290 1279 
2 290 1387 
2 290 381 
1 290 
1 290 
1 290 
2 290 4971 
2 290 3603 
2 290 3685 
3 3684 290 1788 
3 290 443 2399 
4 290 1611 345 3884 
3 291 2600 1991 
2 291 1853 
3 291 734 1159 
4 3456 291 737 1780 
2 291 351 
3 291 2806 4021 
3 291 2662 2434 
2 291 4391 
2 291 851 
4 291 2982 1609 4549 
2 291 4967 
1 291 
3 291 454 3276 
2 291 4757 
3 291 1266 5356 
2 292 5524 
1 292 
1 292 
2 292 2285 
2 292 2206 
2 292 3377 
2 292 408 
5 292 1460 1253 574 5550 
1 292 
1 292 
1 292 
1 292 
2 292 4530 
1 292 
2 292 5193 
4 292 2794 5250 5771 
5 292 2921 5142 2847 3055 
1 292 
1 292 
3 543 293 3195 
1 293 
4 4814 1182 293 1452 
1 293 
1 293 
2 293 2228 
1 293 
2 293 914 
4 293 571 1646 1820 
3 293 4368 4830 
2 4454 293 
5 293 4339 1704 1066 4169 
1 293 
1 293 
2 293 4375 
1 293 
3 294 1037 5210 
1 294 
2 294 1759 
2 294 2820 
3 294 5482 1090 
1 294 
1 294 
2 294 724 
3 5286 294 4805 
2 1796 294 
2 294 3567 
1 294 
1 294 
1 294 
3 1901 294 1953 
2 294 474 
3 294 2746 812 
1 294 
2 294 1023 
2 294 433 
3 295 4180 4827 
2 295 4621 
2 295 424 
3 295 4941 2544 
3 295 1441 4442 
4 295 4126 567 3448 
2 1286 295 
2 295 982 
1 295 
3 295 1680 1236 
3 2746 295 4801 
1 295 
1 295 
3 4796 296 4933 
1 296 
1 296 
1 296 
1 296 
2 296 1157 
3 296 4457 703 
1 296 
2 296 2785 
3 296 1474 815 
3 767 296 710 
1 296 
3 296 565 4133 
3 1208 296 1217 
2 296 5715 
2 296 4023 
1 296 
6 3909 296 466 3975 3963 3276 
3 296 3802 4121 
3 2703 296 2607 
2 296 2655 
1 296 
2 297 1275 
3 297 2585 4923 
3 4754 297 3487 
2 4292 297 
2 3709 297 
3 912 297 2496 
3 1796 2706 297 
2 297 5212 
3 297 660 1669 
4 297 4244 5254 5257 
1 297 
2 297 4768 
1 297 
3 297 3772 3659 
1 297 
2 297 1255 
4 297 2490 3902 4989 
3 297 4680 3310 
2 297 5179 
2 297 1329 
1 297 
2 3401 297 
2 297 2425 
1 297 
4 297 4294 2194 1347 
3 297 1446 557 
3 4349 297 2402 
2 4576 297 
2 297 2758 
2 298 525 
1 298 
4 298 1378 3978 4158 
2 298 5538 
2 675 298 
4 1738 298 5210 966 
3 3819 298 4749 
3 4979 298 2289 
1 298 
1 298 
3 5553 298 4271 
3 298 1881 1951 
2 298 4267 
2 298 3132 
3 5245 298 493 
2 298 5663 
3 362 298 4093 
2 298 3652 
1 299 
5 1308 299 935 1295 3511 
2 299 4970 
1 299 
2 299 4401 
3 299 3776 4689 
2 299 3189 
1 299 
1 299 
1 299 
2 299 4113 
2 1201 299 
2 4226 299 
1 299 
2 299 2104 
1 299 
3 4756 299 466 
1 299 
2 300 4151 
2 300 4899 
2 300 5077 
2 300 3774 
1 300 
3 4910 300 4489 
1 300 
3 300 2947 4945 
1 300 
1 300 
2 1395 300 
4 2511 300 4987 4883 
1 300 
1 300 
2 4387 300 
1 300 
4 2037 301 5102 2733 
2 301 4942 
1 301 
1 301 
2 301 1621 
1 301 
1 301 
2 301 1327 
4 3585 1162 301 1305 
2 301 3759 
1 301 
2 597 301 
2 301 4588 
2 301 1889 
2 301 1404 
2 5373 302 
2 302 1168 
2 302 1998 
3 302 434 1302 
3 302 1507 5596 
1 302 
2 302 5414 
3 302 4394 2166 
2 302 3755 
1 302 
1 302 
2 1519 302 
1 302 
3 303 1294 1387 
1 303 
1 303 
4 863 3213 303 1478 
1 303 
1 303 
2 303 1954 
1 303 
2 303 1077 
4 2689 303 2337 5055 
2 303 5550 
1 303 
1 303 
1 303 
4 341 4390 303 5158 
2 303 818 
2 2805 303 
1 303 
2 303 4962 
1 304 
2 2510 304 
