20 2 3 4 5 6 7 8 9 10 11 12 13 14 15 16 17 18 19 20 21 
19 22 23 24 1 25 26 27 28 29 30 31 32 33 34 35 36 37 38 39 
22 40 41 42 1 43 44 45 46 47 48 49 50 51 52 53 54 55 56 57 58 59 60 
16 1 61 62 63 64 65 66 67 68 69 70 71 72 73 74 75 
27 76 77 1 78 79 80 81 82 83 84 85 86 87 88 89 90 91 92 93 94 95 96 97 98 99 100 101 
23 102 103 104 105 106 1 107 108 109 110 111 112 113 114 115 116 117 118 119 120 121 122 123 
26 124 125 126 127 128 1 129 130 131 132 133 134 135 136 137 138 139 140 141 142 143 144 145 146 147 148 
16 149 150 151 152 1 153 154 155 156 157 158 159 160 161 162 163 
17 164 165 166 167 1 168 169 170 171 172 173 174 175 176 177 178 179 
26 180 181 182 183 184 185 1 186 187 188 189 190 191 192 193 194 195 196 197 198 199 200 201 202 203 204 
15 205 206 1 207 208 209 210 211 212 213 214 215 216 217 218 
24 219 220 221 222 1 223 224 225 226 227 228 229 230 231 232 233 234 235 236 237 238 239 240 241 
21 242 243 152 244 1 245 246 247 248 249 250 251 252 253 254 255 256 257 258 259 260 
24 261 262 263 264 265 1 266 267 268 269 270 271 272 273 274 275 276 277 278 279 280 281 282 283 
23 1 284 285 286 287 288 289 290 291 292 293 294 295 296 297 298 299 300 301 302 303 304 305 
21 306 307 308 309 310 1 311 312 313 314 315 316 317 318 319 320 321 322 323 324 325 
28 326 327 328 329 1 330 331 332 333 334 335 336 337 338 339 340 341 342 343 344 345 346 347 348 349 350 351 352 
25 353 354 355 356 1 357 358 359 360 361 362 363 364 365 366 367 368 369 370 371 372 373 374 375 376 
21 377 378 379 380 381 1 382 383 384 385 386 387 388 389 390 391 392 393 394 395 396 
23 397 398 399 1 400 401 402 403 404 405 406 407 408 409 410 411 412 413 414 415 416 417 418 
22 419 420 1 421 422 423 424 425 426 427 428 429 430 431 432 433 434 435 436 437 438 439 
16 2 440 441 227 442 443 444 445 446 447 448 449 450 451 452 453 
15 2 454 455 456 457 458 459 460 461 462 463 464 465 466 467 
23 2 468 469 470 420 471 472 473 474 475 476 477 429 478 479 480 481 482 483 484 485 486 487 
18 488 489 2 490 491 492 493 494 495 496 497 498 499 500 501 502 503 504 
20 505 506 2 507 508 509 510 511 512 513 514 515 516 517 518 519 520 521 522 523 
11 524 2 525 526 527 528 529 530 531 532 533 
22 534 535 536 2 537 538 539 540 541 542 543 544 545 546 547 548 549 550 551 552 553 554 
23 555 2 556 557 558 559 560 561 562 563 564 565 566 567 568 569 570 571 572 573 574 575 576 
21 577 578 2 579 580 581 582 583 584 585 586 587 588 589 590 591 592 593 594 595 596 
22 597 598 599 600 2 601 602 603 604 605 606 607 608 609 610 270 611 612 613 614 615 616 
19 617 2 618 619 620 621 622 623 624 625 626 627 628 629 630 631 632 633 634 
16 635 2 636 637 638 639 640 641 642 643 644 645 646 647 648 649 
27 650 651 652 2 653 654 655 656 657 658 659 660 661 662 663 664 665 666 667 668 669 670 671 672 673 674 675 
23 676 677 678 679 680 2 681 682 683 684 685 686 687 688 689 690 691 692 693 694 695 696 697 
14 698 699 2 700 701 702 703 704 705 706 707 708 709 710 
20 711 712 713 2 714 715 716 717 718 719 720 721 722 723 724 725 726 727 728 729 
19 730 2 731 732 733 734 735 736 737 738 739 740 741 742 743 744 745 746 747 
19 748 749 2 750 751 752 753 754 755 756 757 758 759 760 761 762 763 764 765 
22 766 767 3 768 769 770 771 772 773 774 775 776 777 778 779 780 781 782 783 784 785 786 
27 787 3 788 789 790 791 792 793 794 795 796 797 798 799 800 801 802 803 804 805 806 807 808 809 810 811 812 
19 813 814 3 815 816 817 818 819 820 821 822 823 824 825 826 827 828 829 830 
16 3 831 832 833 834 835 836 837 838 839 840 841 842 843 844 845 
22 3 846 847 848 849 850 851 852 853 854 855 856 857 858 859 860 861 862 863 864 865 866 
26 867 3 868 869 870 871 872 873 874 875 876 877 878 879 880 881 882 883 884 885 886 887 888 889 890 891 
26 892 893 3 894 895 896 897 898 899 900 901 902 903 904 87 905 906 907 908 909 910 911 912 913 914 915 
19 916 917 918 3 919 920 921 922 923 924 925 926 927 928 929 930 931 932 933 
23 934 3 935 936 937 938 939 940 941 942 943 944 945 946 947 948 949 950 951 952 953 954 955 
24 956 957 958 3 959 960 961 962 963 964 965 966 967 968 969 970 971 972 973 974 975 976 977 978 
21 979 3 980 981 982 983 984 985 986 987 988 989 990 991 992 993 994 995 996 997 998 
18 999 3 1000 1001 1002 1003 1004 1005 1006 1007 1008 1009 1010 1011 1012 1013 1014 1015 
19 1016 3 1017 1018 1019 1020 1021 1022 1023 1024 1025 1026 1027 1028 1029 1030 1031 1032 1033 
21 3 1034 1035 1036 1002 1037 1038 1039 1040 1041 1042 1043 1044 1045 1046 1047 1048 1049 1050 1051 1052 
22 1053 1054 3 1055 1056 1057 1058 1059 1060 1061 1062 1063 1064 1065 1066 1067 1068 1069 1070 1071 1072 1073 
20 1074 1075 1076 3 1077 1078 1079 1080 1081 1082 1083 1084 1085 1086 1087 1088 1089 1090 1091 1092 
17 1093 1094 3 1095 1096 1097 1098 229 1099 1100 1101 1102 1103 1104 1105 1106 1107 
18 1108 1109 1110 3 1111 1112 1113 1114 1115 1116 1117 1118 1119 1120 1121 1122 1123 1124 
20 1125 1126 3 1127 1128 1129 1130 1131 1132 1133 1134 1135 1136 1137 1138 1139 1140 1141 1142 1143 
20 1144 1145 3 1146 1147 1148 1149 1150 1151 1152 1153 1154 1155 1156 1157 1158 1159 1160 1161 1162 
21 1163 1164 1165 1166 3 1167 1168 1169 1170 1171 1172 1173 1174 1175 1176 1177 1178 1179 1180 1181 1182 
20 1183 1184 1185 1186 4 1187 1188 1189 1190 1191 1192 1193 1194 1195 1196 1197 1198 1199 1200 1201 
23 1202 1203 1204 4 1205 1206 1207 1208 1209 1210 1211 1212 1213 1214 1215 1216 1217 1218 1219 1220 1221 1222 1223 
16 1224 4 1225 1226 1227 1228 1229 1230 1231 1232 1233 1234 1235 1236 1237 1238 
20 1239 4 1240 1241 1242 1243 1244 1245 1246 1247 1248 1249 1250 1251 1252 1253 1254 1255 1256 1257 
23 1258 1259 1260 1261 1262 1263 4 1264 1265 1266 1267 1268 1269 1270 1271 1272 1273 1274 1275 1276 1277 1278 1279 
18 1280 1281 4 1282 1283 1284 1285 1286 1287 1288 1289 1290 1291 1292 1293 1294 1295 1296 
22 1297 1298 1299 1300 1301 4 1302 1303 1304 1305 1306 1307 1308 1309 1310 1311 1312 1313 1314 1315 1316 1317 
23 1318 1319 1320 1321 1322 4 1323 1324 1325 1326 1327 1328 1329 1330 1331 1332 1333 1334 1335 1336 281 1337 1338 
26 1339 1340 4 1341 1342 1343 1344 1345 1346 1347 1348 1349 1350 1351 1352 1353 1354 1355 1356 1357 1358 1359 1360 1361 1362 1363 
19 1364 4 832 1365 1366 1367 441 1368 1369 1370 1371 1372 1373 1374 1375 1376 1377 1378 1379 
18 1380 1381 4 1382 1383 1384 1385 1386 1387 1388 1389 1390 1391 1392 1393 1394 1395 1396 
24 1397 1398 4 1399 1400 1401 1402 1403 1404 1405 1406 1407 1408 1409 1410 1411 1412 742 1413 1414 1415 1416 1417 1418 
14 1419 1420 4 1421 1422 1423 1424 1425 1426 1427 1428 1429 1430 1431 
22 1432 1433 4 1434 1435 1436 1437 1438 1439 1440 1441 1442 1443 1444 1445 1446 1447 1448 1449 1450 1451 1452 
18 1453 4 1454 1455 1456 1457 1458 1459 1460 1461 1462 1463 1464 1465 1466 1467 1468 1469 
23 1470 1471 1472 1473 1474 1475 5 1476 1477 1478 1479 1480 1481 1482 1483 1484 1485 1486 1487 1488 1489 1490 1491 
19 1492 1493 5 1494 1495 1496 1497 1498 1499 588 1500 1501 1502 1503 1504 1505 1506 1507 1508 
14 1509 1510 1511 1512 5 1513 1514 1515 1516 1517 1518 1519 1520 1521 
23 1522 1523 1524 1525 5 1526 1527 1528 1529 1530 1531 1532 1533 1534 1535 1536 1537 1538 1539 1540 1541 1542 1543 
20 1544 1545 1546 1547 1548 1549 5 1550 1551 1552 1553 1554 1555 1556 1557 1558 1559 1560 1561 1562 
22 1563 5 1564 1565 1566 1567 1568 1569 1570 1571 1572 1573 1574 1575 1576 1577 1578 1579 1580 1581 1582 1583 
19 1584 5 1585 1586 1587 1588 1589 1590 1591 1592 1593 1594 1595 1596 1597 1598 1599 1600 1601 
18 1602 1603 1604 5 1605 1606 1607 1608 1609 1610 1611 1612 233 1613 1614 502 1615 1616 
19 1617 5 1618 1619 1620 1621 1622 1623 1624 1625 1626 1627 1628 1629 1630 1631 1632 1633 1634 
19 1635 5 1636 1637 1638 1639 1640 1641 1642 1643 1644 1645 1646 1647 1648 1649 1650 1651 1652 
21 1653 5 1654 1655 1656 1657 1658 1659 1660 1661 1662 1663 1664 1665 1666 1667 1668 1669 1670 1671 1672 
20 1673 1674 1675 1676 5 1677 1678 1679 1680 46 1681 1682 1683 1684 1685 1686 1687 1688 1689 1690 
26 1691 1692 5 1693 1694 1695 1696 1697 1698 1699 1700 1701 1702 1703 1704 1705 1706 1707 1708 1709 1710 1711 1712 1713 1714 1715 
22 1716 1717 1718 1719 1720 5 1721 1722 1723 1724 1725 1726 1727 1728 1729 1730 1731 1732 1733 1734 1735 1736 
22 1737 1738 1739 1740 1741 5 1742 1743 1744 1745 1746 1747 1748 1749 1750 1751 1752 1753 1754 1755 1756 1757 
27 1758 1759 1760 1761 5 1762 1763 1764 1765 1766 1767 1768 1769 1770 1771 1772 1773 1774 1775 1776 1777 1778 1779 1780 1781 1782 1783 
20 1784 1785 5 1786 1787 1788 1789 1790 1791 1792 1793 1794 1795 1796 1797 1798 1799 1800 1801 1802 
24 1803 1804 1805 1806 1807 1808 5 1809 1810 1811 1812 773 1813 1814 1815 1816 1817 1818 1819 1820 1821 1822 1823 1824 
20 1825 1826 5 1827 1828 1829 1830 1831 1832 1833 1834 1835 1836 1837 1838 1839 1840 1841 1842 1843 
24 1844 1845 1846 1847 5 1848 1849 1850 1851 1852 1853 1854 1855 1856 1857 1858 1859 1860 1861 1862 1863 1864 1865 1866 
19 1867 1868 1869 5 1870 1871 110 1872 1873 1874 1875 1876 1877 1878 1879 1880 1881 1882 1883 
14 1884 1885 1886 1887 1888 5 1889 1890 1891 1892 1893 1894 1895 1896 
19 1897 5 1898 1899 1900 1901 1902 1903 1904 1905 1906 1907 1908 1909 1910 1911 1912 1913 1914 
20 1915 1916 1917 5 1918 1919 1920 1921 1922 1923 1924 1925 1926 1927 1928 1929 1930 1931 1932 1933 
19 5 1934 1935 1936 1937 1938 1939 900 1940 1941 1942 1943 1944 1945 1946 1947 1948 1949 1950 
20 1951 5 1952 1953 1954 1955 1956 1957 1958 1959 1960 1961 1962 1963 1964 1965 1966 1967 1968 1969 
19 1970 6 1971 1972 1973 1974 1975 1976 1977 1978 1979 1980 1981 1982 1597 1983 1984 1985 1986 
23 1987 1988 1989 6 1990 1991 1992 1993 1994 1995 1996 1997 1998 1999 2000 2001 2002 2003 2004 2005 2006 2007 414 
18 2008 2009 2010 2011 2012 2013 6 2014 2015 2016 2017 2018 2019 2020 2021 2022 2023 2024 
21 2025 2026 2027 6 2028 2029 2030 2031 2032 2033 2034 2035 2036 2037 2038 2039 2040 2041 2042 2043 2044 
20 2045 2046 2047 2048 2049 2050 6 2051 2052 2053 2054 2055 2056 2057 2058 2059 2060 2061 2062 2063 
10 2064 2065 2066 2067 2068 6 2069 2070 2071 2072 
17 2073 2074 2075 1807 2076 6 2077 2078 2079 2080 2081 2082 2083 2084 2085 2086 2087 
20 2088 2089 6 2090 2091 2092 2093 2094 2095 2096 2097 2098 2099 2100 2101 2102 2103 2104 2105 2106 
20 2107 6 2108 2109 2110 2111 2112 2113 2114 2115 2116 2117 2118 2119 2120 2121 2122 96 2123 2124 
15 2125 2126 2127 2128 6 2129 2130 2131 2132 2133 2134 2135 2136 2137 2138 
24 2139 2140 2141 2142 2143 2144 6 2145 2146 2147 2148 2149 2150 2151 2152 2153 2154 2155 2156 2157 2158 2159 2160 2161 
20 2162 2163 6 2164 2165 2166 2167 2168 2169 2170 2171 2172 2173 2174 2175 2176 2177 2178 2179 2180 
18 2181 2182 2183 2184 2185 6 2186 2187 2188 2189 2190 2191 2192 2193 2194 2195 2196 2197 
27 2198 2199 2200 2201 2202 2203 6 2204 2205 2206 2207 2208 2209 2210 2211 2212 2213 2214 2215 2216 2217 2218 2219 1050 2220 2221 2222 
23 2223 2224 2225 6 2226 2227 2228 2229 2230 2231 2232 2233 2234 2235 2236 2237 2238 2239 2240 2241 2242 2243 2244 
22 2245 2246 2247 6 2248 2249 2250 2251 2252 2253 2254 2255 2256 2257 2258 2259 2260 2261 2262 2263 2264 2265 
21 2266 2267 6 2268 2269 2270 2271 2272 2273 2274 2275 2276 319 2277 2278 2279 2280 2281 2282 2283 2284 
16 2285 2286 2287 6 2110 2288 2289 2290 2291 2292 2293 2294 2295 2296 2297 2298 
10 6 2299 2300 2301 2302 2303 2304 2305 2306 2307 
31 2308 2309 2310 2311 2312 2313 6 2314 2315 2316 2317 2318 2319 2320 2321 2322 2323 1352 2324 2325 2326 2327 2328 2329 2330 2331 2332 2333 2334 2335 2336 
23 2337 2338 2339 2340 6 2341 2342 2343 2344 2345 2346 2347 2348 2349 2350 2351 2352 2353 2354 2355 2356 2357 2358 
17 2359 2360 6 2361 2362 2363 2364 2365 2366 2367 2368 2369 2370 2371 372 2372 2373 
14 2374 2375 2376 7 2377 2378 2379 2380 2381 2382 2383 2384 2385 2386 
20 2387 2388 7 2389 2390 2391 2392 2393 2394 2395 2396 2397 2398 2399 2400 2401 2402 2403 2404 2405 
19 2406 2407 2408 2409 7 2410 2411 2412 2413 2414 2415 2416 2417 2418 2419 2420 1465 2421 2422 
21 2423 2424 2425 2426 2427 7 2428 2429 2430 2431 2432 2433 2434 2435 2436 1572 2437 2438 2439 2440 2441 
26 2442 2443 2444 2445 2446 7 2447 2448 2449 2450 2451 2452 2453 2454 2455 2456 2457 2458 2459 2460 1520 2461 2462 2463 2464 2465 
28 2466 2467 2468 2469 2470 7 2471 2472 2473 2474 2475 2476 2477 2478 2479 2480 2481 2482 2483 2484 2485 2486 2487 2488 2489 2490 2491 2492 
20 2493 7 2494 2495 2229 2496 2497 2498 2499 2500 2501 2502 2503 2504 2505 2506 2507 2508 2509 2510 
16 2511 2512 2513 2514 637 7 539 2515 2516 2517 2518 2519 2520 2521 2522 2523 
20 2524 7 2525 2526 2527 2528 2529 2530 2531 2532 2533 2534 2535 2536 2537 2538 2539 2540 2541 2542 
23 2543 7 2544 2545 1401 2248 2546 2547 2548 2549 2550 2551 2552 2553 2554 2555 2556 2557 2558 2559 2560 2561 2562 
23 2563 2564 2565 7 2566 2567 2568 2569 2570 2571 2572 2573 2574 2575 2576 2577 2578 2579 2580 2581 2582 783 2583 
18 2584 2585 7 2586 2587 2588 2589 2590 2591 2592 2593 2594 2595 2596 2597 2598 2599 2600 
20 2601 2602 7 1342 2603 2604 2605 2606 2607 2608 2609 2610 2611 2612 2613 2614 2615 2616 2617 2618 
13 2619 2620 7 2621 2622 2623 2624 2625 2626 2627 2628 2629 2630 
23 2631 2632 2633 2634 7 2635 2636 2637 2638 2639 2640 2641 2642 2643 2644 2645 2646 593 2647 2648 2649 2650 2651 
21 2652 2653 2654 2655 7 2656 2657 2658 2659 2660 2661 569 2662 2663 2664 2665 2666 2667 2668 2669 1881 
16 2670 7 2671 2672 2673 2674 2675 1572 2676 2677 2678 2679 2680 2681 2682 2683 
21 2684 2685 2686 2687 7 2688 2689 2690 2232 2691 2692 2056 2693 2694 2695 2696 2697 2698 2699 2700 2701 
15 2702 2703 7 2704 2705 2706 2707 2708 2709 2710 2711 842 2712 2713 2714 
17 2715 2716 2717 2718 7 2719 2720 1227 2721 2722 2723 2724 2725 2726 2727 2728 1708 
16 2729 2730 7 2731 2732 2733 2734 2735 2736 2737 2738 2739 2740 2741 2742 2743 
26 2744 2745 2746 2747 7 2748 2749 2750 2751 2752 2753 2754 2755 2756 2757 2758 2759 2760 2761 2762 2763 2764 2765 2766 2767 2768 
20 2769 2770 2771 2772 2773 7 2774 2775 2776 2777 2778 2779 2780 2781 2782 2783 2784 2785 2786 2787 
23 2788 2789 2790 2791 7 2792 2793 2794 2795 2796 2797 2798 2799 2800 2094 2801 2802 2803 2804 2805 2806 2807 2808 
15 2809 7 2810 2811 2812 2813 2814 2815 2816 2817 2818 2819 2820 2821 2822 
23 2823 1509 2824 2825 2826 8 2827 2828 2829 2830 2831 2832 2833 2834 2835 2836 2837 2838 2839 2840 2841 2842 2843 
23 2844 2845 2846 2847 2848 2849 8 2850 2851 2852 2853 2854 2855 2856 2857 2858 2859 2860 2861 2862 2863 2864 2865 
20 2513 2866 2867 2868 2869 8 2870 2871 2872 2873 2874 2875 2876 2877 2878 2879 2880 2881 2882 2883 
17 892 2884 8 2447 2885 2886 2887 2888 2889 2890 2891 13 2892 436 2893 2894 2895 
17 2896 2897 2898 8 2899 2900 2901 2902 2903 2904 2905 2906 2907 2908 2909 2910 2911 
27 2912 2913 8 2914 2915 2916 2917 2918 2919 2920 2921 2922 2923 2924 2925 2926 2927 2928 2929 2930 2931 2932 2933 2934 2935 2936 2106 
21 2937 2938 2939 2940 8 2941 2942 2943 2944 2945 2946 2947 2948 2949 2950 2951 2952 2953 2954 2955 2956 
18 2957 2958 2959 8 2960 2961 2962 2963 2964 2965 2966 2967 2968 2969 2970 2971 2972 2973 
25 2974 2975 2976 2977 2978 2979 8 2980 2981 2982 2983 2984 2985 2986 2987 2988 2989 2990 2991 2992 2993 2994 2995 2996 2997 
22 2998 2999 8 3000 1344 3001 3002 3003 3004 3005 3006 3007 3008 3009 3010 3011 3012 3013 3014 3015 3016 3017 
27 3018 3019 3020 3021 3022 3023 3024 3025 3026 8 3027 3028 3029 3030 3031 3032 3033 3034 3035 3036 3037 3038 3039 3040 3041 3042 3043 
20 3044 3045 3046 8 3047 3048 3049 3050 3051 3052 3053 3054 3055 3056 3057 3058 3059 3060 3061 3062 
19 3063 3064 8 3065 3066 3067 3068 3069 3070 3071 3072 3073 3074 3075 3076 2217 3077 438 3078 
20 3079 3080 3081 3082 8 3083 3084 3085 3086 3087 3088 3089 3090 3091 3092 3093 3094 3095 3096 3097 
28 3098 3099 3100 3101 3102 3103 8 3104 3105 3106 3107 3108 3109 3110 3111 3112 3113 3114 3115 3116 668 3117 3118 3119 3120 1599 3121 3122 
19 3123 3124 9 3125 3126 3127 3128 3129 3130 3131 3132 3133 3134 3135 567 3136 3137 3138 3139 
22 3140 3141 3142 9 3143 3144 3145 3146 3147 3148 1853 3149 3150 3151 3152 3153 3154 3155 3156 3157 3158 3159 
27 3160 3161 3162 3163 9 3164 3165 3166 3167 3168 3169 1700 3170 3171 3172 3173 3174 3175 3176 3177 3178 3179 3180 3181 3182 3183 3184 
29 3185 3186 9 3187 3188 3189 3190 3191 3192 3193 3194 3195 3196 3197 1458 3198 3199 3200 3201 3202 3203 3204 3205 3206 3207 3208 3209 3210 812 
15 3211 3212 9 3213 3214 3215 1273 3216 3217 3218 3219 3220 3221 3222 3223 
27 3224 3225 3226 3227 9 3228 3229 3230 3231 3232 3233 3234 3235 3236 3237 3238 3239 3240 3241 3242 3243 3244 3245 3246 3247 3248 3249 
23 3250 3251 3252 3253 9 3254 3255 3256 3257 1497 3258 3259 3260 3261 3262 3263 3264 3265 3266 3267 3268 3269 3270 
21 3271 9 3272 3273 1788 3274 3275 3276 3277 3278 3279 3280 3281 3282 2295 3283 3284 3285 3286 3287 3288 
28 3289 3290 3291 3292 9 3293 3294 3295 3296 3297 3298 3299 3300 3301 3302 3303 3304 3305 3306 3307 3308 3309 3310 3311 3312 3313 3314 3315 
29 3316 3317 3318 3319 9 3320 3321 3322 3323 3324 1021 3325 3326 3327 3328 3329 3330 3331 3332 3333 3334 3335 342 3336 3337 3338 3339 3340 3341 
18 3342 3343 3344 3345 3346 3347 3348 9 3349 3350 3351 3352 3353 3354 3355 3356 3357 3358 
20 3359 3360 3361 3362 9 3363 3364 3365 3366 3367 3368 3369 3370 3371 3372 3373 3374 3375 3376 3377 
20 3378 3379 3380 3381 3382 9 2793 3383 3384 3385 3386 3387 3388 3389 3390 3391 3392 3393 3394 3395 
16 3396 9 3397 3398 3399 3400 3401 1427 3402 3403 3404 3405 3406 3407 3408 3313 
20 3409 3410 3411 3412 3413 3414 9 3415 3416 3417 3418 3419 3420 3421 3422 3423 3424 3425 3426 3427 
22 3428 3429 3430 3431 9 3432 3433 3434 3435 3436 3437 3438 3439 3440 3441 3442 3443 3444 3445 3446 3447 3448 
18 3449 3450 3451 3452 3453 3454 3455 10 3456 3457 3458 3459 629 3460 3461 3462 864 3463 
29 3464 3465 3466 3467 3468 3469 3470 3471 3472 3473 3474 10 3475 3476 3477 3478 3479 3480 3481 3482 3483 3073 3484 3485 3486 3487 3488 1736 3489 
25 3490 3491 3492 3493 10 3494 3495 3496 3497 3498 3499 3500 3501 3502 3503 3504 3505 3506 3507 3508 3509 3510 3511 3512 3513 
15 3514 3515 3516 10 3517 3518 3519 3520 3521 3522 3523 3524 3525 3526 3527 
22 3528 3529 3530 3531 3532 3533 3534 10 3535 3536 3537 3538 3539 3540 3541 3542 3543 3544 3545 3546 3547 3548 
26 3549 3550 3551 3552 3553 3554 3555 3556 3557 3558 3559 10 3560 3561 3562 3563 3564 3565 3566 3567 3568 3569 3570 3571 3572 3573 
20 3574 3575 1640 3576 2720 10 3577 3578 3579 3580 3581 3582 3583 3584 3585 3586 3587 3588 3589 3590 
20 3591 3592 3593 3594 10 3595 837 3596 3597 3598 3599 3600 3601 3602 3603 3604 3605 3606 3607 3608 
19 3609 3610 3611 3612 3613 3614 3615 10 3616 3617 3618 3619 3620 931 3621 976 3622 3623 3624 
22 3625 3626 3627 3628 3629 656 3630 3631 3632 3633 10 3634 3635 3636 3637 3638 3639 3640 3641 3642 3643 3644 
22 3645 3646 3647 3648 10 3649 3650 3651 3652 3653 3654 3655 3656 3657 3658 3659 3660 3661 3662 3663 3664 3665 
23 3666 3667 3668 3669 3670 470 3671 3672 3673 10 3674 3675 3676 3677 3678 3679 3680 3681 3682 3683 3684 3685 3686 
19 3687 1897 3688 3689 3690 3691 10 3692 3693 3694 3695 3696 3697 3698 3699 3700 3701 3702 3703 
24 3704 3705 3706 3707 3708 3709 3710 10 3711 3712 3713 3714 3715 3716 3717 3718 3719 3720 3721 3722 3723 3724 3725 3726 
19 3727 3728 3729 3730 3731 3732 10 3733 3734 3735 3736 3737 3738 3739 3740 3741 3742 3743 3744 
24 3745 3746 3747 3748 3749 3750 3751 3752 3753 10 3754 3755 3756 3757 3758 3759 3760 3761 3762 3763 3764 3765 3766 3767 
10 3768 3769 3770 3771 10 3772 3773 3774 3775 2463 
24 3776 3777 3778 3779 3780 3781 10 3782 3783 3784 3785 3786 3787 3788 3789 3790 3791 3792 3793 3794 3795 3796 3797 3798 
20 3799 3800 3801 3802 3803 3804 10 3805 3806 3807 3808 3809 3810 3811 3812 3813 3814 3815 3816 3817 
18 2512 3818 3819 3820 3821 10 3822 3823 3824 3825 3826 3827 3828 3829 3830 3831 3832 3833 
20 3834 3835 3836 10 3837 3838 3839 798 3840 3841 3842 3843 3844 3845 3846 3847 3848 3849 3850 3851 
21 3852 3853 3671 3854 3855 3856 3857 3858 10 3859 3860 3861 3862 3863 3864 3865 3866 3867 3868 3869 3870 
24 3871 3872 3873 3874 3875 3876 3877 3878 3879 10 3880 3881 3882 3883 3884 3885 3886 3887 3888 3889 3890 3891 1930 3892 
15 3893 3894 3895 3896 3897 3898 3899 10 817 3900 3901 3902 3903 3904 3905 
17 3906 3907 3908 3909 3910 3911 10 3912 1191 3913 1752 3914 3915 3916 3917 3918 3919 
20 3018 3920 3921 3922 3923 3924 3925 3926 3927 3928 3929 11 3930 3931 3932 3933 3934 3935 3936 3937 
20 3938 3939 3557 3940 3941 3942 11 3943 3944 3945 3946 3947 3948 3949 3950 3951 3952 3953 3954 3955 
10 3956 3957 3610 3958 3959 3960 11 3961 3962 3963 
17 3964 3965 3966 3967 3968 3969 3970 3971 11 3972 3973 3974 3975 3976 3977 3978 3979 
22 3980 3981 3982 3983 3984 3213 11 3985 3986 3987 3988 3989 3990 3991 3992 3993 3994 3995 3996 3997 3998 3999 
30 4000 4001 4002 4003 4004 4005 4006 4007 4008 4009 4010 4011 4012 4013 4014 4015 4016 4017 11 4018 4019 4020 4021 4022 4023 4024 4025 4026 4027 4028 
20 4029 4030 4031 4032 4033 4034 4035 4036 4037 11 4038 4039 4040 4041 4042 4043 4044 4045 4046 4047 
21 4048 4049 1322 4050 4051 4052 4053 11 4054 4055 4056 4057 4058 4059 4060 2488 4061 4062 4063 4064 4065 
24 4066 4067 4068 4069 4070 4071 4072 4073 4074 4075 11 4076 4077 4078 4079 4080 4081 4082 4083 4084 4085 4086 4087 4088 
24 4089 4090 4091 4092 2852 4093 11 4094 4095 4096 4097 4098 4099 4100 4101 4102 4103 4104 4105 4106 4107 4108 4109 4110 
22 1548 4111 4112 4113 4114 11 4115 4116 4117 4118 4119 4120 4121 4122 4123 4124 4125 4126 4127 4128 4129 4130 
17 4131 4132 4133 4134 4135 1679 3213 11 4136 4137 3824 4138 4139 4140 4141 4142 4143 
20 4144 4145 4146 4147 4148 4149 11 4150 4151 4152 4153 4154 4155 4156 4157 4158 4159 4160 4161 4162 
22 3549 4163 4164 4165 4166 3709 1003 4167 11 4168 4169 4170 4171 4172 4173 4174 4175 4176 4177 4178 4179 4180 
23 4181 4182 4183 4184 4185 4186 4187 4188 12 4189 4190 4191 4192 4193 4194 4195 4196 4197 4198 4199 4200 4201 4202 
27 4203 4204 4205 4206 4207 4208 4209 4210 4211 4212 4213 4214 4215 4216 12 4217 4218 4219 4220 2681 4221 4222 4223 4224 4225 2541 4226 
19 4227 4228 4229 4230 4231 4232 4233 4234 4235 4236 4237 4238 4239 4240 12 4241 4242 4243 4244 
21 4245 4246 4247 4248 4249 4250 4251 4252 4253 4254 4255 4256 12 4257 4258 3993 4259 4260 4261 4262 4263 
14 4264 4265 4266 4267 4268 4269 4270 4271 12 4272 4273 4274 4275 4276 
28 4277 4278 4279 4280 4281 4282 4283 4284 4285 4286 4287 4288 4289 4290 4291 4292 4293 12 4294 4295 4296 4297 4298 4299 4300 4301 4302 4303 
19 4304 4305 4306 2635 4307 4308 4309 4310 4311 4312 12 4313 4314 4315 4316 4317 4318 4319 4320 
19 4321 4322 4323 4324 4325 4326 4327 4328 4329 4330 4331 12 4332 4333 4334 4335 4336 4337 4338 
16 4339 22 4340 4341 4342 12 4343 4344 4345 4346 4347 4348 4349 4350 4351 4352 
20 4353 4354 4355 4356 4357 12 4358 4359 4360 4361 4362 4363 4364 4365 4366 4367 4368 4369 4370 4371 
28 4372 4373 4374 4375 4376 4377 4378 4379 4380 4381 4382 4383 4384 12 4385 4386 4387 4388 4389 56 4390 4391 4392 4393 4394 4395 4396 4397 
22 2309 4398 4399 4400 4401 4402 4403 4404 12 4405 4406 4407 4408 4409 4410 4411 4412 4413 4414 4415 4416 4417 
23 4418 4419 4420 4421 4422 4423 4424 4425 4426 4427 4428 4429 4430 12 4431 4432 4433 4434 4435 4436 4437 522 4438 
19 4439 1737 4440 3804 4441 4442 4427 4443 4444 4445 12 2484 4446 4447 4448 4449 4450 4451 4452 
17 4453 4454 4455 1620 4456 4457 83 12 4458 4459 4460 4461 4462 4463 4464 4465 4466 
14 4467 4468 4469 12 4470 4471 4472 4473 4474 4475 4476 4477 466 4478 
19 4479 4480 4481 4482 4483 4484 4485 4486 4487 4488 4489 4490 12 4491 4492 4493 4494 4392 4495 
17 4496 4497 4498 4499 4500 4501 12 4502 4503 4504 4505 4506 4507 4508 4509 4510 4511 
13 4512 4513 4514 4515 4516 12 4517 4518 4519 4520 4521 4522 3208 
26 4523 4524 4525 4526 4527 4528 4529 4530 4531 4532 4533 4534 4535 4536 4537 12 4538 4539 4540 4541 4542 4543 4544 4545 4546 4547 
22 4548 4549 4550 4551 4552 4553 4554 4555 4556 4557 4558 12 4559 4560 4561 4562 4563 4564 4565 4566 4567 4568 
20 4569 4570 4571 4572 4573 4574 4575 4576 4577 12 4578 4579 4580 4581 4582 4583 4584 4585 4586 4587 
18 4588 4589 4590 4591 4592 4593 4594 12 4595 4596 2740 4597 4598 4599 4600 4601 4602 4603 
22 4604 4605 4606 4607 4608 4609 4610 4611 4612 4613 4614 4615 4616 4617 13 4618 4619 4620 4621 4622 4623 4624 
19 4625 4626 4627 3026 4628 4629 4630 4631 4632 13 4633 4634 4635 4636 4637 4638 4639 4640 4641 
21 4642 4643 4644 4645 4646 4647 4648 4649 13 4650 4651 4652 4653 4654 4655 4656 4657 4658 4659 4660 4661 
18 4662 4663 4664 4665 4666 4667 13 4668 4669 4670 360 4671 2662 4672 4673 4674 695 4675 
19 4676 4677 4678 4679 4680 4681 4682 4683 4684 4685 13 4686 4687 4688 4689 4690 4691 4692 4693 
17 4694 4695 4696 4697 4698 4699 4700 13 4701 4702 4703 4704 4705 4706 4707 2086 4708 
18 4709 4710 4711 4712 4713 4714 4715 4716 4717 4718 4719 13 4720 4721 4722 4723 4724 4725 
16 4726 4727 4728 4729 4730 4731 4732 13 4733 4734 4735 4736 4737 4738 4739 4740 
16 4741 4742 4743 4744 4745 4746 4747 13 4748 4749 4750 4751 4752 4753 4754 4755 
14 4756 4757 4758 4759 4760 4761 13 1576 4762 4763 4764 4765 4766 4767 
25 4768 4769 4770 4771 4772 4773 4774 4775 4776 4777 4778 4779 13 4780 4781 4782 4783 4784 4785 4786 4787 4788 4789 4790 4791 
16 4792 4793 4794 4795 3628 4796 4797 4798 4799 13 4800 4801 4802 4803 4804 4805 
19 4806 4807 4808 4809 4810 4811 4812 13 4813 4734 4814 4815 4816 4817 4818 4819 4820 4821 4822 
24 4823 4824 4825 4826 4827 4828 4829 4830 4831 4832 13 4833 4834 4835 4836 293 4837 4838 4839 4840 4841 4545 4842 4843 
19 4844 4845 4846 4847 4848 4849 4850 4851 4852 13 4853 4854 4855 4856 4857 4858 4859 4860 4861 
13 4862 516 4863 4864 4865 4866 13 4867 4868 4869 4870 4871 4872 
19 4873 4874 4875 4876 4877 4878 4879 4880 4881 4882 13 4883 4884 4885 4886 4887 4888 4889 4890 
15 4891 4892 4012 4893 4894 4895 13 4896 4897 4898 4899 4900 4901 4902 4903 
24 4904 4905 4906 4907 4908 4909 4910 4911 4912 4913 4914 4915 13 4916 4917 4918 4919 4920 4921 4922 4923 4924 4925 4926 
15 4927 4928 4929 4930 4931 4932 4933 4934 4935 14 4936 4937 4938 4939 4940 
21 4941 4942 4943 4944 4945 4946 4947 4948 4949 4950 4951 4952 4953 14 4954 4955 4956 4957 4958 4959 4960 
17 4961 4962 4963 4964 4965 4966 4967 4968 4969 4970 4971 14 4972 4973 4974 4975 4976 
20 4977 4978 4979 4980 4981 4982 4983 2963 4984 4985 4986 4987 4988 14 4989 4990 4991 4992 4993 4994 
23 4995 4996 4997 4998 4999 5000 5001 5002 5003 14 5004 5005 5006 5007 5008 5009 5010 5011 1910 5012 5013 5014 5015 
23 5016 5017 5018 5019 5020 5021 1307 5022 5023 5024 5025 14 5026 5027 5028 5029 5030 5031 5032 5033 5034 5035 5036 
19 5037 5038 5039 5040 5041 5042 5043 5044 5045 14 5046 5047 3179 5048 5049 5050 5051 845 5052 
12 5053 5054 5055 5056 5057 5058 5059 5060 14 5061 5062 5063 
13 5064 1225 5065 5066 385 14 5067 5068 5069 4856 5070 3207 5071 
32 5072 5073 5074 5075 5076 5077 5078 5079 5080 5081 5082 5083 5084 5085 5086 5087 5088 31 14 5089 5090 5091 5092 5093 5094 5095 5096 5097 5098 5099 5100 5101 
20 5102 5103 5104 5105 5106 5107 5108 5109 5110 5111 14 5112 5113 5114 5115 5116 5117 5118 5119 5120 
13 5121 5122 5123 5124 5125 14 5126 5127 5128 5129 5130 5131 5132 
14 5133 5134 5135 5136 5137 5138 5139 5140 5141 14 5142 5143 5144 5145 
20 5146 5147 5148 5149 5150 2656 5151 5152 5153 5154 5155 5156 5157 5158 5159 14 5160 5161 5162 5163 
29 5164 5165 5166 5167 5168 5169 5170 5171 5172 5173 5174 5175 5176 5177 5178 5179 14 5180 5181 5182 5183 5184 5185 5186 5187 5188 5189 5190 5191 
22 5192 5193 5194 5195 5196 5197 5198 5199 14 5200 5201 5202 5203 5204 5205 5206 5207 5208 5209 5210 5211 5212 
18 5213 5214 5215 5216 5217 5218 5219 14 5220 5221 5222 5223 5224 5225 5226 5227 5228 5229 
26 5230 5231 1280 5232 5233 5234 5235 5236 5237 5238 5239 2920 5240 5241 14 5242 5243 5244 5245 5246 5247 5248 5249 5250 4624 5251 
26 5252 5253 5254 5255 5256 5257 5258 1332 5259 14 5260 5261 5262 5263 5264 5265 5266 5267 5268 5269 5270 5271 5272 5273 5274 5275 
17 5276 5277 5278 5279 5280 5281 5282 5283 1173 5284 5285 14 1216 5286 5287 5288 5289 
15 5290 5291 5292 5293 5294 5295 5296 5297 5298 68 14 5299 5300 5301 5302 
21 5303 5304 5305 5306 5307 5308 5309 5310 5311 5312 14 5313 5314 5315 5316 5317 5318 5319 5320 5321 5322 
24 5323 5324 5325 5326 5327 5328 5329 5330 5331 5332 5333 5334 5335 5336 3635 5337 5338 14 5339 5340 5341 5342 5343 5344 
26 4548 5345 5346 5347 5348 5349 5350 5351 5352 1791 5353 5354 5355 5356 5357 5358 5359 5360 15 4782 5361 3700 591 5362 5363 5364 
18 5365 5366 5367 5368 5369 5370 5371 5372 5373 5374 5375 5376 5377 5378 15 5379 5380 5381 
20 5382 5383 5384 5385 5386 5387 5388 5389 5390 5391 5392 5393 5394 5395 5396 15 5397 5398 5399 5400 
15 5401 5402 5403 5404 5405 5406 5407 5408 5409 15 5410 5411 5412 5413 5414 
23 5415 5416 5417 5418 1188 5419 5420 5421 5422 5423 5424 5425 15 5426 5427 5428 5429 5430 5431 5432 5433 5434 5435 
20 5436 5437 5438 5439 5440 1170 5441 5442 15 5443 5444 5445 5446 5447 5448 5449 5450 5451 5452 5453 
14 5454 5455 5456 5457 5458 5459 5460 5461 15 5462 5463 5464 5465 5466 
22 5467 5468 1492 5469 5470 5471 5472 5473 5474 5475 5476 5477 5478 5479 5480 15 5481 5482 5483 5484 5485 5486 
13 5487 5488 5489 5490 5491 5492 5493 5494 5495 5496 15 5497 5498 
24 2200 5499 5500 5501 5502 5503 5504 5505 5506 5507 5508 5509 5510 5511 5512 5513 5514 15 5515 5516 5517 5518 255 5519 
18 5520 5521 5522 5523 5524 5525 5526 3400 5527 5528 5529 15 5530 5531 5532 5533 5534 5535 
21 5536 5537 5538 5539 5540 5541 5542 5543 5544 5545 5546 5547 15 5548 1251 5549 5550 5551 5552 5553 5554 
22 5555 5556 5557 5558 5559 5560 3416 5561 5562 5563 5564 5565 5566 3280 5567 15 5568 5569 5570 5571 5572 5573 
24 5574 5575 5576 5577 5578 5579 5580 5581 3276 5582 5583 5584 5585 5586 5587 5588 15 5589 5590 5591 5592 4641 5593 5594 
26 5595 5596 5597 5598 5599 5600 5601 5602 5603 5604 5605 5606 5607 5608 5609 15 5610 5611 5612 5613 5614 5615 5616 5617 5618 5619 
27 5574 5620 5621 5622 5623 5624 5625 5626 5627 5628 5629 5630 1270 5631 5632 5633 5634 15 5635 5636 5637 5638 5639 5640 5641 5642 5643 
29 5644 5645 5646 5647 5648 493 5649 5650 5651 3145 5652 2811 5653 5654 5655 5656 5657 5658 5659 5660 15 5661 5662 5663 5664 5665 5666 5667 5668 
23 5669 5670 2468 5671 5672 5673 5674 5675 5676 5677 5678 15 5679 5680 5681 5682 5683 910 5684 5685 5686 5687 5688 
18 5689 5690 5691 5692 5693 5694 5695 5696 5697 5698 5699 15 5700 5701 5702 5703 5704 5705 
20 5706 5707 5708 5709 5710 5711 5712 5713 5714 5715 5716 4886 15 2456 5717 3137 5718 5719 5720 5721 
17 5722 5723 5724 5725 5726 5727 1610 5728 5729 15 5730 5731 5732 5733 5734 5735 5736 
26 5737 5738 5739 5740 5741 5742 5743 5744 5745 5746 5747 5748 5749 5750 5751 5752 5753 5754 5755 15 5756 5757 3157 5758 5759 5760 
22 5761 5762 5763 5764 5765 5766 5767 5768 5769 5770 5771 5772 5773 16 5774 5775 1049 5776 5777 5778 5779 5780 
16 5781 5782 5783 5784 5785 5786 1387 5787 5788 5789 16 5790 5791 5792 5793 5794 
19 5795 5796 5797 5798 5799 5800 5801 3752 5802 5803 5804 5805 5806 5807 16 5808 5809 5810 5811 
32 5812 5813 5814 2825 5815 4775 5816 5817 5818 5819 5820 5821 5822 5823 5824 5825 5826 16 5827 5828 5829 5830 5831 5832 5833 5834 5835 5836 5837 5838 5839 5840 
19 5841 5842 5843 5844 5845 5846 5847 5848 5849 16 5850 5851 5852 5853 5854 5855 5856 5857 5858 
23 5859 732 5860 5861 5862 5863 5864 5865 5866 5867 5868 5869 5870 5871 1960 5872 5873 5874 16 5875 5876 5877 5878 
21 1381 5879 5880 5881 5882 5883 1329 5884 5885 5886 5887 5888 16 5889 5890 5891 5892 5893 5894 5895 5896 
6 677 5897 5898 5899 5900 16 
6 1319 356 5258 2835 16 955 
3 4333 16 1488 
1 16 
2 2499 16 
2 328 16 
3 2091 16 118 
3 4098 16 4179 
3 2530 16 1015 
2 16 2307 
2 3066 16 
4 2009 4005 16 5551 
1 16 
6 1887 2391 2639 5821 17 2996 
2 2188 17 
2 318 17 
2 767 17 
1 17 
2 4266 17 
1 17 
2 17 3307 
3 1399 1956 17 
2 5656 17 
3 3800 3092 17 
1 17 
2 17 5836 
1 17 
1 17 
2 17 1931 
3 173 17 2462 
1 17 
1 17 
3 3558 5631 17 
2 3279 17 
1 17 
1 17 
3 2620 5042 17 
1 17 
1 17 
4 4529 5058 17 3796 
2 5149 18 
2 4343 18 
1 18 
5 3921 314 3477 18 5184 
2 18 2279 
1 18 
4 1602 3486 4259 18 
2 245 18 
2 5661 18 
2 18 2159 
2 1397 18 
4 3911 4573 2798 18 
2 1808 18 
2 1594 18 
3 2811 3264 18 
2 18 2161 
2 3211 18 
4 4206 2793 2668 18 
3 3257 5110 18 
4 1836 5832 18 123 
3 4679 18 2307 
1 18 
4 3750 667 5094 18 
2 2393 18 
1 19 
2 5550 19 
2 19 1238 
1 19 
3 917 5065 19 
2 3404 19 
3 800 2321 19 
1 19 
2 269 19 
1 19 
4 3140 1228 4751 19 
2 2716 19 
2 5134 19 
1 19 
5 2688 3789 19 4925 1672 
1 19 
1 19 
1 19 
1 19 
1 19 
2 1644 20 
1 20 
4 3777 4666 3913 20 
1 20 
1 20 
3 1994 4814 20 
2 20 2617 
1 20 
3 2337 5071 20 
3 1760 5358 20 
1 20 
3 3615 3520 20 
2 3323 20 
2 20 4790 
4 1698 5769 5893 20 
1 20 
1 20 
4 103 1806 4346 20 
3 3018 20 3918 
2 5286 20 
1 20 
2 1023 20 
4 1509 3477 5220 21 
3 24 4015 21 
2 4189 21 
1 21 
3 916 511 21 
1 21 
1 21 
2 2293 21 
2 3539 21 
1 21 
6 24 1190 3059 694 4508 21 
2 3060 21 
2 21 1395 
2 1168 21 
1 21 
1 21 
3 5513 3443 21 
2 152 21 
1 21 
3 4327 161 21 
2 5432 21 
3 22 5312 4257 
4 22 442 70 1933 
5 22 3212 441 3130 1284 
1 22 
2 22 1135 
4 22 5402 2418 2650 
2 22 778 
3 22 2564 1359 
2 22 5430 
2 22 1430 
1 22 
2 22 4662 
3 22 4002 4327 
2 22 3130 
1 23 
3 23 1472 4707 
2 23 907 
3 23 2564 5894 
3 23 510 1858 
5 23 5802 3085 1708 4316 
2 23 2260 
2 23 5092 
1 23 
2 23 3114 
2 23 4861 
3 23 3719 522 
4 23 5311 234 1865 
1 23 
1 24 
2 1364 24 
5 5105 24 191 5493 4988 
1 24 
1 24 
4 24 1855 2020 4547 
2 24 2083 
2 24 5391 
2 24 2535 
2 24 4354 
4 3705 24 717 1394 
1 24 
1 24 
1 24 
3 24 1617 4135 
2 24 3264 
2 24 3122 
2 24 2736 
2 24 4686 
3 24 2924 3763 
3 25 1792 2194 
4 25 581 4154 2935 
2 25 5526 
1 25 
1 25 
4 25 2676 4502 300 
3 5134 25 4397 
1 25 
2 5328 25 
2 4233 25 
2 25 3276 
2 5121 25 
3 1095 25 759 
1 25 
3 25 83 5888 
2 25 1245 
1 25 
2 26 4180 
2 26 2178 
1 26 
3 26 923 2293 
2 26 2057 
3 26 2449 458 
2 423 26 
2 26 2548 
2 26 3424 
2 26 4465 
2 26 4357 
2 26 257 
2 26 4469 
1 26 
2 26 883 
1 26 
2 4035 26 
5 26 2636 231 3011 465 
1 26 
2 27 2837 
2 5345 27 
2 27 2644 
1 27 
2 27 2120 
3 3853 27 2813 
3 27 4100 3701 
5 3871 27 1483 5206 1984 
1 27 
1 27 
3 602 28 5483 
1 28 
2 28 1155 
3 28 1659 3299 
2 28 2598 
3 131 28 3823 
1 28 
2 28 1651 
4 1885 4145 28 4017 
2 28 2212 
1 28 
1 28 
1 28 
3 28 3327 2759 
2 28 1482 
2 28 5571 
1 28 
5 1604 28 921 1902 5789 
3 28 5379 4563 
1 28 
1 28 
3 3212 29 3198 
1 29 
1 29 
1 29 
1 29 
2 29 2082 
3 2866 4211 29 
4 29 4893 3538 4603 
2 29 4015 
1 29 
2 4964 29 
1 29 
4 164 29 4751 1557 
3 29 1795 2099 
4 29 139 5247 709 
2 29 4869 
3 2285 2299 29 
1 29 
5 5576 29 722 3279 5793 
1 29 
2 1786 29 
1 29 
1 30 
2 3350 30 
2 30 2385 
1 30 
4 489 30 4706 3206 
1 30 
3 5253 30 4803 
1 30 
3 30 664 2325 
2 30 1699 
1 30 
2 77 30 
2 30 3219 
1 30 
2 284 30 
3 1868 1304 30 
2 30 138 
2 30 1882 
3 3161 30 2212 
3 2362 30 632 
2 31 3990 
4 4945 31 2837 2259 
2 31 2562 
3 4985 31 4587 
1 31 
2 534 31 
2 31 4901 
2 31 4042 
5 1203 5422 5632 31 5116 
1 31 
2 4644 31 
3 2477 31 1123 
2 31 669 
2 31 2649 
3 852 31 1354 
3 3003 3195 31 
1 31 
2 31 5033 
1 31 
3 31 5872 3865 
1 32 
3 5177 32 976 
3 2572 32 3153 
2 32 858 
3 5171 32 3978 
1 32 
4 3231 5020 32 1517 
2 1354 32 
2 32 4842 
5 1095 3652 690 32 4748 
2 1419 32 
2 3748 32 
2 180 32 
1 32 
1 32 
4 5782 4577 32 596 
3 3452 4948 32 
2 5670 32 
1 33 
2 4324 33 
2 131 33 
1 33 
1 33 
1 33 
1 33 
1 33 
4 5167 1971 3108 33 
2 4947 33 
3 33 779 1257 
2 33 5594 
2 1283 33 
2 33 2865 
2 33 1516 
1 34 
4 3385 1308 34 4658 
1 34 
1 34 
2 1528 34 
1 34 
2 189 34 
2 4078 34 
2 1186 34 
1 34 
2 4136 34 
1 34 
3 1459 34 5642 
2 34 5777 
3 2792 585 34 
1 34 
3 34 5830 4314 
3 851 34 375 
2 34 163 
3 795 609 34 
4 5135 4488 5871 34 
1 34 
3 3031 34 1665 
2 34 3204 
2 4631 34 
1 34 
2 4763 35 
2 313 35 
1 35 
1 35 
3 1691 1976 35 
1 35 
2 3384 35 
1 35 
2 3580 35 
1 35 
2 35 4222 
2 4265 35 
2 35 4108 
1 35 
4 698 2028 626 35 
4 3189 5371 35 3221 
2 35 4596 
2 35 5052 
3 429 2727 35 
3 245 3415 35 
1 35 
3 1435 35 2243 
3 690 4155 36 
1 36 
2 3379 36 
2 36 5268 
1 36 
1 36 
1 36 
1 36 
2 1111 36 
3 5578 1440 36 
1 36 
4 569 1612 3699 36 
2 879 36 
1 37 
1 37 
1 37 
1 37 
2 4332 37 
2 37 5251 
3 3781 478 37 
4 1899 2503 37 785 
2 1234 37 
1 37 
2 4040 37 
3 5851 573 37 
5 2940 5236 2889 37 5035 
2 1574 37 
2 5565 37 
1 37 
3 3847 1087 37 
1 37 
1 37 
2 2982 38 
5 1638 1552 2574 38 1313 
3 3347 311 38 
2 3456 38 
2 5620 38 
4 5236 896 38 1015 
2 2943 38 
1 38 
3 1343 1694 38 
1 38 
3 2522 38 1507 
3 2231 1066 38 
3 38 4222 72 
1 38 
2 959 38 
2 4248 38 
2 3431 38 
1 38 
1 39 
4 3449 3401 4705 39 
2 3490 39 
1 39 
4 2143 2014 1593 39 
1 39 
1 39 
1 39 
2 3182 39 
3 3558 4776 39 
2 4256 39 
4 794 500 4124 39 
2 39 3078 
4 869 3282 1291 39 
1 39 
1 39 
2 3329 39 
1 39 
3 40 4831 5302 
2 40 329 
2 40 5225 
3 40 974 4924 
1 40 
2 40 5044 
1 40 
3 40 2327 93 
2 40 2705 
1 40 
4 40 3653 4141 782 
2 40 5050 
3 40 2945 446 
5 40 5763 1038 645 2763 
2 40 2975 
6 40 3575 4743 2691 1311 3624 
2 40 776 
3 40 4285 134 
3 40 2702 2931 
2 40 718 
2 40 5861 
2 41 3025 
2 41 3282 
1 41 
3 41 2951 5301 
1 41 
1 41 
3 41 1196 2386 
2 41 759 
3 41 5042 669 
3 41 3691 4095 
4 41 1204 3167 1084 
4 41 4186 4520 200 
2 41 1760 
3 3289 41 383 
3 41 1961 3074 
3 41 2392 5589 
1 41 
3 41 2761 4938 
5 41 3000 3334 2580 866 
2 41 4869 
3 41 5149 2342 
2 41 5729 
1 41 
2 41 4559 
3 4089 2066 41 
3 41 1826 167 
3 42 4059 3570 
3 42 1935 1566 
1 42 
3 42 4516 973 
5 1280 42 3888 1894 203 
1 42 
1 42 
2 42 1265 
3 42 4913 3032 
2 42 4329 
2 42 2168 
1 42 
3 42 1596 5533 
3 42 3912 2535 
1 42 
1 42 
3 42 3942 4888 
1 42 
3 43 1135 5273 
2 43 70 
1 43 
3 43 4117 2160 
3 1952 43 1950 
1 43 
3 43 1058 187 
3 2771 43 2317 
3 43 1566 2997 
4 4422 43 2517 3742 
1 43 
2 43 142 
2 43 1614 
2 43 1566 
5 43 267 3517 5033 5145 
2 44 1217 
1 44 
2 44 5498 
1 44 
2 44 2875 
4 44 667 4992 2807 
3 44 1481 611 
1 44 
3 3923 44 1004 
4 3528 44 5033 2490 
3 3361 44 1557 
3 44 2002 5661 
3 620 44 1981 
4 2140 44 4286 5643 
1 44 
2 44 3754 
3 44 2638 5207 
1 44 
5 180 44 1942 3388 1541 
2 3574 44 
4 5739 3855 44 805 
1 45 
4 45 3602 1115 3245 
7 1916 2655 3383 45 5767 908 761 
3 45 3742 3685 
4 1297 2467 45 2005 
1 45 
2 45 3272 
2 45 2645 
2 45 5400 
3 45 2397 1736 
1 45 
1 45 
2 45 710 
2 45 3561 
1 45 
1 45 
3 45 3990 519 
1 45 
3 45 4394 2583 
1 45 
3 5303 4210 45 
2 45 4633 
6 3470 3770 45 3886 4888 1946 
4 2790 45 5043 2610 
2 45 2786 
3 4807 152 46 
2 46 4670 
4 1590 5214 46 2221 
4 1453 46 3051 4887 
3 4525 735 46 
2 46 3943 
2 4029 46 
2 46 3340 
2 46 100 
3 2658 46 3481 
1 46 
3 46 1045 3508 
2 46 4740 
2 46 4834 
3 46 4240 1114 
4 456 46 1194 5704 
4 869 5625 46 4869 
1 46 
4 46 4261 301 1491 
1 46 
1 46 
1 46 
1 46 
7 1340 5862 2362 46 2383 3155 2104 
4 423 2248 47 4330 
3 381 47 2541 
2 2140 47 
2 47 3421 
4 3437 47 2989 4599 
2 47 551 
3 5087 47 5318 
3 508 47 2346 
1 47 
1 47 
2 47 5549 
1 47 
2 4440 47 
3 47 3812 3526 
3 47 2556 2560 
3 188 47 3240 
2 47 4902 
2 5421 47 
2 3381 48 
2 4617 48 
3 4144 48 4435 
1 48 
1 48 
1 48 
3 3347 3694 48 
2 2027 48 
3 48 3680 2196 
1 48 
2 5560 48 
1 48 
3 3631 1626 48 
1 48 
2 48 3441 
2 48 3999 
1 48 
2 1611 48 
2 48 1394 
2 3385 48 
2 48 4561 
3 314 3258 48 
2 3714 49 
2 49 4740 
1 49 
3 49 1684 744 
2 3470 49 
1 49 
2 3467 49 
4 5323 2831 49 3061 
3 2593 49 5662 
4 2731 2321 5312 49 
2 49 971 
2 49 4543 
1 49 
1 49 
2 2872 49 
4 1097 966 49 2023 
2 4468 49 
3 816 49 4446 
2 769 49 
4 5390 1480 2710 49 
4 618 188 49 4834 
4 5696 1925 4932 49 
1 49 
2 3534 50 
2 1435 50 
1 50 
2 2455 50 
1 50 
2 2571 50 
4 5574 50 2153 1309 
2 50 5777 
1 50 
3 5869 50 5248 
2 5278 50 
1 50 
2 50 5264 
2 3563 50 
2 5167 50 
5 3922 3712 50 4653 2669 
4 50 2058 1707 3182 
2 3330 50 
3 3387 50 2838 
2 2553 50 
1 51 
2 51 4822 
2 4771 51 
2 51 53 
2 51 218 
4 5761 51 854 1336 
2 51 5142 
2 51 3525 
1 51 
1 51 
4 3227 5472 51 4275 
2 1348 51 
1 51 
2 4327 51 
1 51 
2 3048 51 
5 735 3326 5475 51 321 
2 3879 52 
1 52 
3 4229 52 1063 
1 52 
1 52 
2 173 52 
2 1399 52 
2 52 418 
4 3491 52 2264 2768 
2 52 3542 
2 4499 52 
1 52 
2 5076 52 
2 52 4477 
2 2653 52 
1 52 
1 52 
3 52 5099 5668 
3 2009 53 3175 
1 53 
4 4729 4951 5566 53 
3 2834 53 3997 
3 53 779 3977 
2 53 2178 
3 2944 53 4088 
3 3942 53 5735 
1 53 
1 53 
1 53 
2 903 53 
1 53 
2 3090 53 
1 53 
5 306 3187 3198 53 5047 
4 5652 115 53 3572 
1 53 
5 1421 53 5514 1216 1582 
2 1111 54 
2 54 4314 
2 1874 54 
1 54 
2 54 5048 
3 837 54 2863 
1 54 
3 5765 54 1237 
1 54 
1 54 
3 2245 1018 54 
2 54 2557 
1 54 
2 54 741 
3 1635 3530 54 
2 1211 54 
1 54 
3 54 1880 2159 
1 54 
3 4189 54 2214 
1 54 
2 3532 55 
2 2141 55 
2 55 1363 
3 5707 2210 55 
2 1679 55 
1 55 
1 55 
3 5005 55 2123 
1 55 
2 1805 55 
3 797 4356 55 
2 55 5126 
2 5230 55 
3 1958 55 727 
2 5378 55 
1 55 
1 55 
1 55 
2 1773 55 
2 1570 56 
1 56 
3 626 500 56 
1 56 
5 3473 3129 971 56 1161 
1 56 
4 2008 3575 1926 56 
1 56 
1 56 
1 56 
2 3804 56 
2 5041 56 
2 3553 56 
2 56 1541 
2 1286 56 
2 5300 57 
3 4589 2705 57 
2 3211 57 
4 1053 2625 57 706 
2 1906 57 
1 57 
2 57 906 
2 868 57 
1 57 
2 5383 57 
2 5473 57 
1 57 
2 4770 57 
1 57 
2 3398 57 
2 608 57 
2 4297 57 
1 58 
1 58 
1 58 
1 58 
2 3651 58 
3 3109 4100 58 
1 58 
2 4625 58 
1 58 
2 3528 58 
5 4265 831 2902 444 58 
1 58 
1 58 
1 58 
2 58 2336 
1 58 
1 58 
2 5494 58 
2 2604 58 
4 3735 2928 4336 59 
3 4527 3947 59 
2 2353 59 
1 59 
1 59 
2 3356 59 
2 2952 59 
2 4223 59 
2 5620 59 
2 3817 59 
1 59 
2 536 59 
1 59 
3 2435 1628 59 
1 59 
3 1921 4663 59 
2 3020 59 
4 1097 2922 1596 59 
1 59 
4 3878 2317 4041 60 
2 2484 60 
1 60 
2 60 3447 
3 4398 60 4786 
3 432 2277 60 
1 60 
3 289 2505 60 
5 1421 3434 1500 4804 60 
2 1243 60 
4 5134 2898 280 60 
1 60 
3 4502 60 4860 
1 60 
2 60 3448 
1 60 
3 3067 3474 60 
4 1259 3984 5107 60 
1 60 
1 60 
3 61 2810 2169 
2 61 5022 
2 61 1896 
3 61 4008 658 
2 61 1221 
2 61 288 
1 61 
4 61 3328 429 5229 
2 61 204 
3 61 2612 2997 
1 61 
5 61 4359 907 4784 3014 
2 61 1455 
2 61 793 
1 61 
2 61 5444 
2 61 5258 
2 61 4104 
1 61 
4 62 4614 5312 2539 
3 5556 62 605 
2 62 797 
1 62 
1 62 
2 62 1588 
1 62 
3 4626 62 4500 
1 62 
2 62 1068 
1 62 
2 62 4302 
3 62 1793 1332 
2 62 5209 
3 62 280 1052 
5 846 62 5631 3992 4989 
2 62 4251 
1 62 
1 62 
2 1187 62 
3 62 4090 2357 
2 62 1385 
2 2849 63 
5 4307 63 3710 4379 269 
1 63 
3 63 2055 143 
2 63 387 
1 63 
1 63 
1 63 
3 63 1555 3460 
4 3289 63 2853 3108 
4 63 719 1655 3928 
2 63 4692 
4 5689 63 2097 1615 
3 63 4251 1060 
2 379 63 
1 64 
3 5883 64 4683 
2 64 2367 
2 64 4732 
2 64 1172 
1 64 
3 2377 64 503 
1 64 
1 64 
1 64 
3 3454 4286 64 
1 64 
3 64 3503 295 
1 64 
2 64 5736 
1 64 
2 64 2755 
2 5255 64 
2 64 645 
2 65 1690 
5 5784 65 4430 4084 1180 
1 65 
2 1621 65 
1 65 
3 3800 65 3061 
1 65 
4 4573 65 820 1372 
1 65 
3 65 5788 3016 
2 65 5012 
1 65 
4 3256 65 299 2994 
1 65 
1 65 
2 168 65 
2 1602 65 
2 65 2264 
2 65 1881 
4 3712 65 4500 1416 
2 4777 65 
2 4324 65 
3 817 66 278 
1 66 
1 66 
2 66 647 
2 442 66 
1 66 
3 66 2559 1107 
1 66 
3 66 1579 2882 
2 66 1881 
3 2518 66 4517 
3 1523 66 761 
1 66 
1 66 
3 4849 66 4504 
1 66 
1 66 
4 4048 871 67 4217 
1 67 
3 2065 67 2836 
1 67 
2 2163 67 
1 67 
3 67 1727 5683 
2 67 592 
2 67 2818 
2 1637 67 
3 266 67 3725 
3 651 3689 67 
3 985 67 1408 
2 67 1689 
2 67 781 
3 67 3391 5685 
3 731 67 3330 
3 2566 3067 67 
4 4375 67 3242 1715 
1 67 
2 2186 67 
2 5753 68 
2 314 68 
1 68 
1 68 
3 5726 212 68 
4 1901 68 5093 5273 
2 68 1449 
3 1805 68 1948 
1 68 
2 68 3589 
1 68 
2 312 68 
1 68 
1 68 
4 2145 68 1214 279 
2 68 4366 
1 68 
1 68 
4 3966 4212 1004 68 
3 2255 68 4046 
3 68 5681 3905 
3 2694 69 4367 
2 69 915 
2 4485 69 
4 1813 136 69 3525 
4 738 5410 69 4463 
4 5796 158 69 3764 
3 5232 1961 69 
2 3700 69 
1 69 
4 2849 1010 69 5414 
3 2143 5237 69 
2 3516 69 
2 69 2239 
2 69 121 
1 69 
3 624 611 69 
1 69 
3 4632 1981 69 
1 69 
1 69 
3 4091 447 69 
2 69 5636 
1 69 
1 69 
5 5737 1076 5691 69 3407 
2 469 70 
2 2369 70 
2 5080 70 
2 3591 70 
1 70 
3 3002 3582 70 
1 70 
1 70 
3 1265 70 2843 
3 5370 70 3448 
3 5649 1436 70 
4 2684 1678 1479 70 
2 3912 70 
1 70 
2 3502 70 
2 5657 70 
1 71 
3 312 3240 71 
3 3344 1907 71 
1 71 
3 3251 2564 71 
3 5469 71 1223 
2 5547 71 
3 307 1972 71 
3 3618 71 4335 
1 71 
1 71 
2 1497 71 
3 3491 71 2994 
1 71 
4 478 71 952 2264 
3 1398 431 71 
4 1401 4684 71 5032 
2 363 72 
4 1845 3946 72 1395 
3 334 1022 72 
2 3215 72 
4 133 3459 72 1396 
1 72 
3 3099 3401 72 
3 5870 1662 72 
3 1608 3334 72 
2 3628 72 
1 72 
3 1725 1309 72 
4 4165 3366 5264 72 
1 72 
1 72 
1 72 
1 72 
3 4697 3437 72 
4 1426 4274 5790 72 
3 1837 72 1277 
3 4468 2889 72 
1 72 
2 627 73 
4 2434 4531 3059 73 
5 1171 1622 5269 73 1052 
2 3880 73 
2 4881 73 
1 73 
1 73 
2 73 1415 
3 177 73 3977 
2 2393 73 
3 1976 5633 73 
2 449 73 
2 3186 73 
2 3589 74 
1 74 
1 74 
4 980 3403 697 74 
3 2268 1374 74 
4 4372 3472 4579 74 
2 5680 74 
3 4044 5265 74 
2 707 74 
3 5620 74 2713 
2 4869 74 
1 74 
2 5892 74 
1 74 
1 74 
1 74 
1 74 
2 1324 74 
2 2728 74 
1 74 
1 74 
2 895 75 
2 75 2024 
2 1195 75 
4 4008 3927 1574 75 
2 2977 75 
4 167 2828 1796 75 
2 662 75 
1 75 
1 75 
3 4576 5886 75 
3 4909 4799 75 
2 2585 75 
3 126 1493 75 
3 2987 2138 75 
2 4101 75 
2 2018 75 
1 75 
2 5401 76 
2 76 2460 
2 76 455 
1 76 
2 76 3796 
3 76 2497 3526 
1 76 
2 76 5447 
1 76 
2 76 1375 
3 76 975 4903 
2 76 852 
5 76 4912 5179 548 2582 
2 76 531 
1 76 
3 76 4152 5046 
3 76 2912 3474 
1 76 
3 76 315 2369 
2 76 2618 
2 76 2432 
4 76 4595 2193 910 
2 77 291 
4 3250 77 1465 2179 
4 77 4697 3621 4791 
4 77 2028 2345 2135 
1 77 
3 77 170 1391 
2 77 2329 
2 77 4585 
3 77 1171 5094 
1 77 
2 77 5381 
2 77 4502 
2 77 3621 
2 4513 77 
1 77 
3 2406 77 740 
3 1604 2585 77 
6 419 149 78 1829 2209 2800 
2 78 2379 
1 78 
1 78 
3 3099 78 1688 
2 78 5775 
1 78 
3 78 2678 649 
2 78 623 
2 78 3119 
2 3227 78 
4 128 78 5207 1599 
5 3160 5522 2145 78 2459 
2 79 2740 
2 79 1291 
1 79 
3 79 3298 1686 
2 5714 79 
1 79 
2 654 79 
5 5812 2309 3611 79 2607 
2 79 3542 
3 2638 79 5153 
1 79 
1 79 
1 79 
2 79 5497 
1 79 
1 79 
1 79 
1 79 
1 79 
3 79 864 1106 
2 3167 79 
1 79 
1 80 
1 80 
2 80 3757 
3 80 2347 5482 
2 80 215 
3 80 3757 3990 
5 3212 80 3301 4581 3283 
3 3840 80 2521 
3 731 80 1913 
2 5165 80 
1 80 
2 80 1232 
2 80 3767 
4 80 567 856 2021 
1 80 
1 80 
1 80 
4 80 2903 2397 3976 
2 80 3297 
3 3019 5283 81 
2 81 4195 
3 3878 81 4836 
5 814 2567 81 839 844 
2 81 3479 
2 4034 81 
1 81 
4 1093 81 5159 1613 
3 81 5567 4673 
3 127 81 140 
1 81 
5 1456 2811 81 3389 724 
2 81 2282 
2 81 251 
1 81 
3 3047 81 4334 
4 81 1288 4623 2955 
3 81 4095 3512 
4 2775 2571 81 2241 
3 3530 81 1052 
3 81 1998 3390 
2 82 2259 
2 5867 82 
1 82 
2 3970 82 
3 5521 1207 82 
1 82 
2 894 82 
1 82 
3 1934 82 1649 
4 2075 752 82 2123 
3 1784 82 366 
2 82 2574 
3 82 825 1161 
5 102 5537 82 4099 2698 
3 4904 82 2857 
3 82 1520 163 
1 82 
2 2530 82 
4 3574 359 83 1274 
3 4864 83 1650 
4 2885 83 551 1508 
2 2258 83 
1 83 
2 83 3658 
3 1405 83 4396 
1 83 
2 83 304 
3 83 4953 951 
2 83 709 
3 4844 1570 83 
2 83 843 
4 2467 2941 83 1236 
2 4115 83 
3 84 482 4656 
4 5079 3780 84 1814 
2 4037 84 
4 84 4153 233 3945 
2 1261 84 
3 1421 3475 84 
1 84 
3 3100 4728 84 
1 84 
2 84 946 
2 4772 84 
4 2077 1746 84 1157 
1 84 
2 84 5810 
4 84 3039 3218 2538 
2 84 1780 
4 84 3604 3306 1714 
2 4402 84 
2 85 1067 
1 85 
3 1306 85 3173 
3 731 85 2490 
1 85 
3 186 85 2119 
3 1939 85 5594 
1 85 
1 85 
2 397 85 
2 5170 85 
2 3468 85 
1 85 
1 85 
2 1592 85 
2 1603 85 
2 541 85 
3 2145 85 3830 
2 2209 86 
2 3646 86 
3 4484 86 1234 
3 2057 86 3947 
2 3897 86 
1 86 
2 537 86 
1 86 
2 86 4597 
3 1404 86 3404 
2 86 2355 
3 86 4262 2883 
3 86 672 5839 
1 86 
1 86 
1 86 
1 86 
1 86 
1 86 
5 2812 1699 2625 86 391 
4 4070 87 5184 3623 
2 2233 87 
1 87 
1 87 
2 4009 87 
3 2751 87 1375 
7 4000 1078 4973 87 216 2994 2822 
1 87 
2 2382 87 
2 87 2180 
3 2869 87 2296 
2 959 87 
1 87 
3 1525 87 5030 
2 3920 87 
5 3552 1513 87 2197 4870 
3 5589 87 1310 
2 1258 87 
3 680 5008 88 
1 88 
1 88 
2 738 88 
1 88 
3 2414 88 2042 
2 88 5120 
3 88 411 2628 
3 586 88 1672 
2 166 88 
2 88 4315 
1 88 
1 88 
2 5767 88 
1 88 
1 88 
3 88 4837 995 
3 459 88 143 
3 2586 1991 88 
4 5133 5491 88 4452 
4 4983 5112 88 3763 
1 88 
1 88 
2 88 1633 
3 88 1315 5131 
2 2826 89 
1 89 
2 4647 89 
1 89 
2 89 5667 
1 89 
3 89 4143 1824 
1 89 
1 89 
2 1408 89 
2 4170 89 
4 2771 1303 89 4871 
2 4833 89 
2 4941 89 
1 89 
1 89 
1 89 
1 89 
1 89 
4 89 2439 5250 1823 
3 181 876 89 
3 3168 232 90 
2 90 4856 
5 4710 3476 5678 3283 90 
2 4501 90 
1 90 
2 90 4350 
2 3879 90 
1 90 
2 5429 90 
3 1829 1628 90 
4 4282 5368 2274 90 
1 90 
2 4357 90 
3 4117 90 5569 
2 4942 90 
2 90 204 
1 90 
1 90 
2 3325 90 
1 90 
4 4354 4815 90 3766 
3 3768 4554 91 
3 4344 91 5321 
3 799 406 91 
2 3933 91 
1 91 
1 91 
1 91 
1 91 
1 91 
1 91 
1 91 
1 91 
2 5151 91 
2 3807 91 
1 91 
2 91 1092 
1 91 
1 91 
3 5622 91 5414 
1 91 
2 3404 91 
2 3819 91 
3 5150 91 1632 
1 91 
2 5723 91 
3 4590 91 1950 
2 1594 92 
2 3587 92 
2 92 575 
2 3257 92 
5 4165 5176 171 92 1821 
3 2792 92 5363 
1 92 
3 284 3503 92 
2 488 92 
4 2884 4685 1214 92 
1 92 
2 568 92 
4 2592 1458 5244 92 
1 92 
4 2567 5605 3117 92 
1 92 
2 5002 92 
3 2164 3986 92 
1 92 
2 4321 93 
2 3507 93 
3 1325 1083 93 
3 93 414 3014 
2 108 93 
3 5872 365 93 
1 93 
1 93 
1 93 
1 93 
2 1342 93 
2 1618 93 
1 93 
1 93 
2 4291 93 
1 93 
1 93 
1 93 
2 1788 93 
3 5394 93 3448 
4 3020 3195 93 1735 
2 1722 93 
1 94 
3 2576 94 812 
2 3294 94 
1 94 
4 1509 1746 5005 94 
3 2449 3582 94 
1 94 
2 5752 94 
1 94 
1 94 
2 94 2618 
2 94 372 
2 94 1416 
1 94 
1 94 
1 94 
1 94 
4 3593 4015 5159 94 
2 94 3043 
2 95 3338 
2 1398 95 
2 3034 95 
1 95 
3 2514 4215 95 
1 95 
1 95 
2 3553 95 
2 3127 95 
4 165 4093 4519 95 
2 2086 95 
3 473 3885 95 
3 3351 4476 95 
2 1979 95 
2 458 95 
1 95 
2 2207 95 
1 95 
2 3660 95 
4 3924 4971 5005 95 
6 3492 4516 4333 4639 95 2973 
2 95 466 
2 3702 95 
2 4335 96 
3 2389 592 96 
3 4481 2516 96 
3 4730 4798 96 
2 2143 96 
2 2029 96 
1 96 
3 1055 5744 96 
1 96 
2 5254 96 
1 96 
3 3804 4062 96 
1 96 
2 96 1070 
4 1289 139 1276 96 
3 2838 96 594 
4 2789 5582 5516 96 
1 97 
3 542 4595 97 
1 97 
3 326 1980 97 
2 3491 97 
2 5876 97 
1 97 
2 97 2061 
2 2445 97 
2 4227 97 
2 817 97 
1 97 
2 1185 97 
3 192 2095 98 
1 98 
3 718 3170 98 
1 98 
2 1323 98 
3 551 4047 98 
2 4826 98 
4 4005 5734 1948 98 
1 98 
3 1112 98 4108 
3 1382 5649 98 
1 98 
3 4439 3741 98 
3 265 98 3726 
1 98 
2 5692 98 
3 1552 1927 98 
2 5218 98 
1 99 
3 869 3298 99 
2 99 2357 
2 5326 99 
2 4851 99 
2 3137 99 
2 1159 99 
3 2999 5625 99 
3 2587 4456 99 
2 4245 99 
2 977 99 
2 1099 99 
3 99 1913 3395 
1 99 
3 5634 4436 99 
2 202 99 
3 341 2332 99 
2 3450 99 
3 441 2095 99 
3 1592 3091 100 
2 814 100 
1 100 
1 100 
1 100 
4 1641 3640 100 2465 
1 100 
2 100 4478 
3 3402 864 100 
2 2697 100 
1 100 
2 4523 100 
4 2437 5528 889 100 
2 5757 100 
3 1325 1904 100 
1 100 
4 835 5069 100 1783 
2 2915 101 
3 3082 835 101 
2 4157 101 
2 5338 101 
2 3963 101 
2 334 101 
2 5112 101 
3 4095 1087 101 
1 101 
5 311 3352 3974 3662 101 
3 1345 801 101 
1 101 
1 101 
2 2069 101 
1 101 
1 101 
3 3981 3596 101 
2 5003 101 
1 101 
3 102 3081 2394 
2 102 643 
3 102 4943 1387 
1 102 
1 102 
1 102 
3 102 680 1429 
1 102 
2 102 4044 
4 102 5526 2534 1857 
3 102 1887 5449 
4 102 2342 1356 858 
3 102 5146 4550 
1 102 
4 102 2944 2711 531 
3 102 2327 4141 
1 102 
2 103 2028 
2 103 2007 
1 103 
1 103 
3 103 2505 1709 
3 103 2898 5809 
4 103 5041 3558 5571 
3 103 402 3570 
2 103 3956 
1 103 
1 103 
2 103 1583 
1 103 
4 103 5337 3256 4707 
1 103 
2 103 857 
1 103 
2 103 3071 
2 103 871 
2 103 3175 
3 103 1988 3053 
2 104 1099 
3 104 1034 324 
1 104 
2 104 2723 
1 104 
1 104 
2 104 752 
4 104 4174 4474 3395 
2 104 4041 
1 104 
2 104 1468 
1 104 
2 104 473 
5 104 5037 3679 4634 1557 
1 104 
5 104 3875 4212 4799 971 
2 104 1454 
3 4873 105 5265 
1 105 
3 105 941 3121 
4 105 1987 1495 690 
3 105 1872 3973 
1 105 
1 105 
4 105 5861 2888 5566 
1 105 
1 105 
2 105 4085 
1 105 
3 105 4434 3831 
1 105 
1 105 
2 105 3526 
1 105 
3 4909 105 1696 
2 105 2050 
1 105 
2 106 5435 
1 106 
2 106 5558 
2 106 2911 
2 106 5544 
4 106 4007 5348 2043 
1 106 
2 106 5405 
1 106 
2 106 5212 
2 106 1227 
2 106 141 
3 106 509 1656 
2 106 995 
3 2107 106 4654 
1 106 
2 106 1891 
1 106 
1 106 
3 4891 4281 107 
2 1299 107 
2 107 811 
2 107 2829 
1 107 
2 107 1964 
2 107 3797 
1 107 
1 107 
1 108 
3 108 3899 2948 
2 108 1593 
2 108 2265 
3 108 1628 2822 
1 108 
3 108 3839 4939 
1 108 
1 108 
2 108 560 
3 108 474 3152 
1 108 
2 108 4921 
4 108 247 1854 5070 
3 108 2344 3091 
2 109 5613 
1 109 
4 5054 109 3857 4317 
3 109 5882 319 
1 109 
1 109 
4 109 5002 4854 147 
3 1897 109 1933 
2 109 5510 
3 109 1236 4064 
3 109 2261 4320 
3 109 568 2159 
3 109 4779 4138 
2 109 4361 
2 109 3914 
2 3984 109 
3 109 4887 915 
1 109 
2 109 154 
3 110 4275 2059 
2 4862 110 
2 110 3074 
3 5416 110 119 
1 110 
2 110 4782 
3 110 4071 4539 
1 110 
2 110 2385 
1 110 
1 110 
3 110 2798 2440 
2 1640 110 
2 110 528 
2 4455 110 
2 110 2801 
3 110 1081 1593 
1 110 
4 5332 111 2551 3624 
1 111 
2 3229 111 
1 111 
2 111 5132 
1 111 
2 111 5286 
2 111 2840 
1 111 
3 111 4189 2610 
4 111 1495 5732 2741 
1 111 
1 111 
2 111 1466 
1 112 
3 918 112 859 
2 1075 112 
1 112 
6 752 1871 112 1349 4386 5224 
1 112 
5 112 1332 3738 1521 1652 
2 112 5085 
2 5078 112 
1 112 
1 112 
1 112 
1 112 
3 112 5822 2882 
3 2409 985 112 
2 112 4057 
2 112 2538 
2 4135 112 
1 112 
1 112 
6 112 2099 4139 362 4856 1070 
3 834 112 4704 
3 2769 112 368 
1 113 
3 1301 113 4054 
4 3104 113 5300 1801 
1 113 
4 5669 3921 113 4582 
3 113 4557 2257 
3 113 3392 823 
2 1183 113 
3 113 5543 3788 
1 113 
3 113 5565 5733 
2 3464 113 
3 113 5490 5049 
2 5459 113 
1 113 
1 113 
5 506 113 2592 1039 4119 
3 1493 4848 113 
3 4212 113 1682 
1 114 
1 114 
1 114 
1 114 
1 114 
2 114 1317 
3 114 4096 2840 
3 327 3381 114 
1 114 
1 114 
2 2380 114 
2 114 3487 
4 114 4988 5009 1491 
3 488 114 5002 
1 114 
3 114 942 4106 
4 5438 5542 114 1688 
1 115 
1 115 
3 115 293 4459 
1 115 
3 5079 115 4257 
1 115 
1 115 
2 4270 115 
2 115 5665 
4 2511 5576 115 1860 
2 3186 115 
3 1653 1509 115 
3 1077 115 3998 
2 115 4717 
3 115 543 595 
2 115 5665 
2 115 1072 
2 115 2260 
1 115 
2 115 161 
1 115 
1 115 
1 115 
2 894 115 
1 115 
2 3695 116 
1 116 
1 116 
3 3705 116 2733 
1 116 
2 4604 116 
3 130 116 4752 
1 116 
2 116 741 
2 116 141 
4 1674 3900 116 4350 
1 116 
1 116 
2 5043 116 
1 116 
1 116 
3 1351 116 5591 
2 116 5588 
3 2944 116 1581 
1 116 
3 3105 116 697 
1 116 
2 117 1063 
4 3143 117 3149 3267 
2 3367 117 
4 916 5624 133 117 
3 3713 117 2562 
1 117 
1 117 
1 117 
2 117 4940 
2 3966 117 
2 117 1337 
3 117 3421 2646 
3 2429 2167 117 
2 1605 117 
3 598 1584 117 
4 3688 460 117 2215 
3 117 2098 3210 
3 3469 117 4975 
3 4057 117 3201 
4 1024 117 1275 1394 
4 2076 117 4561 5398 
2 3532 118 
2 118 2712 
3 1436 118 3935 
2 3857 118 
1 118 
2 4346 118 
1 118 
1 118 
3 4848 1747 118 
1 118 
4 3717 5201 118 3587 
2 1168 118 
3 5083 118 3015 
2 357 118 
2 4054 118 
1 118 
2 1575 118 
1 118 
4 3170 118 5734 5120 
3 5699 571 119 
2 119 2805 
3 3108 3150 119 
1 119 
1 119 
2 4582 119 
2 3934 119 
1 119 
3 508 426 119 
1 119 
3 171 4358 119 
3 3636 1683 119 
1 119 
1 119 
2 571 120 
3 4921 120 5131 
1 120 
4 5728 3583 120 3850 
2 4410 120 
2 3087 120 
2 3783 120 
2 5332 120 
4 4803 322 120 373 
3 5714 5808 121 
3 1529 230 121 
2 4092 121 
2 5622 121 
2 4658 121 
1 121 
3 5515 121 3447 
1 121 
3 3003 121 3918 
5 1163 838 5887 121 5780 
1 121 
1 121 
3 4715 5493 121 
3 383 965 121 
3 3921 3779 121 
1 121 
1 121 
3 2476 585 121 
2 3490 121 
5 4628 773 1985 3159 121 
2 5362 121 
3 3646 1498 121 
1 121 
1 121 
2 121 1931 
2 5441 121 
2 121 3015 
1 121 
2 1139 121 
2 405 122 
2 3404 122 
2 3346 122 
2 5879 122 
2 5119 122 
5 4481 3846 1981 807 122 
1 122 
3 4818 2087 122 
2 1495 122 
3 2429 923 122 
2 1547 122 
1 122 
2 5641 122 
2 4050 122 
2 4443 122 
2 5628 122 
3 1146 3694 122 
1 122 
2 1663 122 
1 122 
4 1917 5224 1222 122 
1 122 
1 123 
1 123 
2 3877 123 
5 5557 2876 915 596 123 
3 5154 3444 123 
2 5319 123 
2 3850 123 
1 123 
2 1241 123 
2 5308 123 
3 1365 1488 123 
1 123 
2 4280 123 
2 5378 123 
2 3370 123 
1 124 
2 124 2828 
1 124 
3 4264 124 1245 
3 124 3471 3796 
4 124 1510 2657 4956 
2 124 2191 
2 124 5117 
2 124 1681 
3 124 5445 915 
1 124 
3 124 579 2115 
2 124 793 
2 125 3002 
1 125 
2 125 1868 
1 125 
4 125 326 3675 3886 
2 125 802 
4 125 1428 5397 376 
4 1970 125 5416 3216 
1 125 
1 125 
3 125 876 1561 
2 125 4572 
1 125 
2 125 4681 
5 5455 125 5819 4329 3787 
6 125 5133 3033 5112 4320 4603 
3 125 5349 3525 
1 125 
1 125 
2 126 1507 
2 126 4861 
2 126 3418 
2 126 2153 
1 126 
1 126 
3 126 5326 2876 
3 126 3244 3154 
3 126 1696 5489 
1 126 
2 126 3810 
2 126 4241 
4 126 5420 5359 445 
2 126 2931 
2 126 5056 
3 3379 126 3858 
1 126 
1 127 
1 127 
1 127 
1 127 
1 127 
1 127 
4 127 4256 2257 2346 
3 127 2566 5634 
2 127 2639 
3 127 4699 1490 
2 127 4116 
2 1420 127 
2 127 1157 
1 127 
2 127 1946 
1 127 
2 127 1735 
2 127 2118 
1 127 
1 128 
1 128 
1 128 
2 128 1892 
1 128 
3 128 152 5295 
1 128 
3 128 510 1830 
2 128 2968 
1 128 
2 128 5712 
1 128 
3 5520 128 3909 
2 982 128 
3 128 3539 303 
1 128 
1 128 
3 128 1521 4641 
3 1471 128 4034 
2 128 2768 
2 128 342 
2 128 196 
3 128 4444 3513 
2 128 1939 
2 129 3433 
3 871 129 1615 
2 129 301 
2 129 5858 
3 3020 129 4861 
3 129 5152 4950 
4 4282 129 5825 4367 
2 129 5432 
2 129 5070 
1 129 
3 3491 129 2325 
4 129 608 4583 3510 
1 129 
2 129 5428 
2 129 4184 
2 129 5551 
2 5332 129 
3 5016 129 3654 
3 1164 129 232 
1 129 
3 3187 129 4413 
1 129 
3 129 212 5853 
4 2631 129 5512 5266 
5 1638 129 855 5015 3210 
1 129 
1 129 
5 130 5352 5676 3281 2804 
2 130 4763 
1 130 
2 130 4290 
3 1475 130 3715 
2 130 4368 
2 130 317 
2 130 2582 
3 130 3386 4596 
2 2717 130 
3 718 130 5618 
2 5799 130 
3 130 1991 1170 
1 130 
1 130 
1 130 
1 130 
1 130 
2 2207 131 
3 131 199 4466 
3 151 131 5301 
3 1848 131 4976 
1 131 
3 5075 1869 131 
2 131 840 
2 131 1290 
3 131 5567 4841 
1 131 
3 5105 1551 131 
2 131 740 
1 131 
2 132 3547 
1 132 
1 132 
1 132 
1 132 
1 132 
5 132 3456 3595 321 1601 
2 4113 132 
3 5722 5325 132 
1 132 
3 4131 132 1979 
3 132 476 826 
1 132 
2 3410 132 
3 132 2155 1631 
2 1202 132 
1 132 
3 917 220 132 
2 3591 132 
1 133 
2 133 5601 
2 133 4138 
1 133 
2 4626 133 
4 512 133 3926 4822 
1 133 
1 133 
2 2125 133 
2 133 3118 
3 133 4316 998 
3 133 3693 2558 
2 4048 133 
2 133 930 
2 133 1064 
4 133 2673 2640 2554 
3 2844 133 1286 
3 133 3006 930 
2 133 2917 
4 599 2249 4629 133 
2 134 5551 
4 1384 134 457 447 
1 134 
4 2430 134 1314 3527 
3 1566 134 1798 
2 134 4821 
1 134 
1 134 
3 984 134 1581 
4 619 134 4648 2904 
2 134 5593 
8 731 3253 4147 5712 134 4514 1595 4223 
1 134 
2 1826 134 
2 5801 134 
3 134 4731 4878 
1 134 
4 3617 134 805 5116 
1 134 
4 134 1482 2889 2500 
2 134 885 
2 3250 135 
4 5198 135 1464 1508 
2 135 1709 
2 1923 135 
1 135 
1 135 
2 135 4899 
2 135 5008 
3 135 1796 2178 
2 964 135 
2 135 2952 
2 2775 135 
3 3893 135 3262 
1 135 
3 3574 538 135 
1 135 
3 4007 135 5144 
1 136 
2 5335 136 
1 136 
2 136 1143 
2 5784 136 
3 136 5126 2762 
3 1529 136 5117 
1 136 
2 136 3094 
3 136 2134 890 
1 136 
2 136 1192 
2 4496 136 
1 136 
1 136 
1 136 
3 2811 403 136 
3 136 1835 1489 
2 5016 137 
3 4886 137 349 
1 137 
1 137 
1 137 
1 137 
4 1111 4829 137 1672 
1 137 
1 137 
2 1698 137 
2 4652 137 
2 3345 137 
4 4905 5525 138 2489 
3 5055 4429 138 
2 138 5033 
1 138 
3 225 138 3010 
3 4846 138 522 
2 138 2841 
4 4031 1531 138 862 
3 326 2431 138 
2 138 2558 
1 138 
1 138 
1 138 
3 526 138 2843 
2 874 138 
2 2256 138 
2 138 5858 
3 5866 4577 138 
3 3769 610 138 
2 445 138 
3 5328 5627 138 
3 2827 4329 139 
2 1030 139 
2 4031 139 
3 3875 869 139 
2 139 274 
2 2379 139 
4 4978 3382 901 139 
3 4149 139 4804 
2 139 5619 
1 139 
3 245 4832 139 
1 139 
2 139 3446 
2 3342 139 
3 3456 139 4936 
1 139 
2 139 370 
2 139 994 
3 4685 140 5183 
4 3845 5657 140 3953 
1 140 
3 5336 2558 140 
2 5605 140 
1 140 
2 493 140 
1 140 
3 1516 140 5062 
2 2901 140 
2 140 4940 
3 3818 220 140 
1 140 
2 4676 140 
2 1375 141 
1 141 
1 141 
2 3025 141 
2 391 141 
1 141 
1 141 
3 4980 141 781 
1 141 
2 3115 141 
2 1339 141 
2 141 3573 
3 2897 4213 141 
2 1943 141 
2 1597 141 
2 5879 141 
2 141 2991 
2 141 3288 
2 142 784 
2 3059 142 
2 5139 142 
3 1109 774 142 
2 3989 142 
2 4184 142 
2 5479 142 
1 142 
3 2739 975 142 
2 142 1984 
3 2267 3544 142 
3 3235 1441 142 
1 142 
1 143 
2 388 143 
3 2502 143 5015 
1 143 
3 3323 143 3223 
2 186 143 
2 4653 143 
1 143 
2 2011 143 
2 4280 143 
3 4647 5853 143 
1 143 
2 694 143 
3 3103 1450 143 
2 144 5594 
2 3424 144 
2 965 144 
1 144 
3 3705 2226 144 
1 144 
1 144 
2 485 144 
1 144 
1 144 
4 2710 3459 2894 144 
3 1522 144 241 
2 2135 144 
2 3282 144 
1 144 
1 145 
1 145 
3 5355 3759 145 
2 5686 145 
1 145 
1 145 
1 145 
3 1678 3765 145 
1 145 
1 145 
1 145 
4 4042 4920 1255 145 
1 145 
2 5309 145 
1 145 
2 547 145 
1 145 
3 5108 804 145 
2 2606 145 
3 779 145 5896 
3 2836 3830 145 
4 5062 3426 2932 145 
1 145 
1 145 
4 1024 3740 2461 145 
3 4918 146 2161 
2 4354 146 
3 838 1727 146 
3 5702 146 2808 
1 146 
1 146 
3 2595 1581 146 
2 2824 146 
1 146 
1 146 
1 146 
1 146 
2 4483 146 
3 5818 4622 146 
1 146 
1 146 
1 146 
2 146 891 
1 146 
1 147 
3 4813 1883 147 
3 3158 890 147 
2 3610 147 
3 1789 664 147 
3 176 370 147 
3 2920 4369 147 
1 147 
2 3885 147 
2 2983 147 
3 2118 364 147 
2 4820 147 
2 1509 147 
2 2122 147 
1 147 
1 147 
2 2493 147 
2 2286 147 
1 147 
3 4769 851 147 
2 2772 147 
2 2973 148 
3 1183 5119 148 
8 5276 3132 1574 367 300 4820 2617 148 
3 3363 1672 148 
2 529 148 
4 4279 5056 3558 148 
1 148 
1 148 
1 148 
4 3023 1305 5445 148 
1 148 
1 148 
1 148 
4 2077 1679 4073 148 
2 149 4550 
2 149 2776 
2 149 309 
2 1716 149 
4 2652 149 2899 4087 
3 149 2375 1458 
3 2067 149 4552 
1 149 
3 5325 149 963 
2 149 5097 
1 149 
4 149 1037 5630 3951 
3 3317 149 314 
3 1299 149 2764 
3 598 524 149 
3 149 997 1882 
1 149 
4 149 2187 2132 3184 
3 149 3029 2637 
1 149 
3 149 1372 2644 
4 4067 3491 150 2559 
3 3317 150 4734 
1 150 
1 150 
1 150 
3 1224 150 1348 
4 150 5710 2882 3664 
2 150 5350 
2 150 214 
2 150 1233 
3 2937 150 3615 
1 150 
2 150 3864 
3 150 5728 1598 
1 150 
2 150 4898 
1 150 
3 150 5870 3522 
2 150 3401 
2 150 1058 
1 150 
2 150 648 
2 151 561 
3 151 4722 4600 
2 151 2882 
2 151 1683 
1 151 
1 151 
3 151 970 5424 
1 151 
1 151 
2 151 850 
4 3342 151 2362 2412 
2 151 3701 
1 151 
1 151 
1 151 
1 151 
7 2868 151 2850 2152 5295 1288 5034 
2 151 1664 
3 152 3033 1793 
3 1604 152 2985 
2 3361 152 
2 152 4898 
2 152 2032 
4 152 723 2582 1417 
1 152 
1 152 
1 152 
2 152 3807 
3 152 2739 5685 
1 152 
1 153 
2 153 2696 
3 153 1992 1173 
3 153 2827 3048 
1 153 
2 153 2679 
2 153 1135 
3 153 2906 1561 
2 153 2572 
2 153 4832 
3 153 2903 3302 
2 153 3196 
1 153 
1 153 
1 153 
2 2048 153 
2 154 1486 
1 154 
3 154 4893 2923 
2 1951 154 
2 4166 154 
5 3164 154 4758 5886 2561 
1 154 
2 154 4294 
4 2794 154 5826 278 
2 154 4076 
2 154 1161 
2 2914 154 
3 5468 154 487 
3 154 3621 3286 
1 154 
2 154 4620 
2 1144 154 
2 154 3772 
2 154 3822 
4 4245 154 2419 784 
2 154 2765 
1 154 
1 154 
2 489 154 
1 154 
2 155 2854 
1 155 
2 3160 155 
4 5276 155 723 4814 
2 155 1615 
1 155 
2 736 155 
5 5277 155 1040 2241 1984 
3 4377 155 778 
1 155 
2 155 3385 
2 2074 155 
1 155 
1 155 
2 790 155 
3 1150 155 2594 
1 155 
1 155 
2 155 1579 
2 3001 155 
2 156 3525 
2 156 3912 
1 156 
1 156 
3 4001 5236 156 
1 156 
3 264 156 5161 
1 156 
1 156 
5 5520 156 4883 3236 4762 
1 156 
2 2450 156 
1 156 
1 156 
1 156 
1 156 
3 2809 156 1864 
4 5277 4112 157 4059 
4 3251 5706 157 780 
1 157 
2 1457 157 
1 157 
2 3559 157 
1 157 
1 157 
2 730 157 
4 4231 157 2797 3918 
1 157 
2 2885 157 
1 157 
3 157 5834 1466 
1 157 
3 920 157 4831 
1 157 
2 157 2700 
3 157 4126 4624 
1 157 
5 1679 4288 157 1270 1392 
1 157 
2 326 157 
3 157 1192 839 
1 158 
3 1922 158 5871 
2 158 805 
5 4165 158 5298 4521 2956 
5 2387 4774 1369 4849 158 
3 2316 158 612 
1 158 
1 158 
2 158 2560 
3 4812 158 5871 
1 158 
1 158 
3 4695 2635 158 
3 3347 158 522 
1 158 
1 158 
4 1806 158 1194 5362 
3 158 2278 2334 
2 1267 158 
3 158 3194 4110 
3 205 159 415 
3 5574 1563 159 
4 2470 159 1160 1823 
2 4144 159 
1 159 
3 159 2818 5828 
2 4034 159 
3 787 2687 159 
4 4005 243 159 4179 
1 159 
2 159 5778 
2 159 2841 
2 159 3933 
2 159 672 
4 159 3676 821 5321 
4 2884 159 3038 2402 
3 1846 4874 159 
1 159 
1 159 
1 159 
2 159 3033 
2 159 1631 
1 159 
1 159 
1 159 
3 5230 159 1843 
1 160 
2 160 5013 
1 160 
2 160 1578 
5 2899 4166 160 5068 1014 
1 160 
1 160 
2 895 160 
1 160 
3 5713 160 2007 
1 160 
1 160 
2 3368 160 
1 160 
2 5439 160 
4 1420 2703 429 160 
2 160 430 
3 1263 963 160 
1 160 
1 161 
4 4073 4489 3088 161 
2 161 5145 
2 161 323 
3 1179 161 1314 
2 4052 161 
2 161 5227 
2 4023 161 
3 2004 161 5211 
2 5108 161 
2 181 161 
4 5599 2109 801 161 
1 161 
1 161 
1 161 
3 3941 161 760 
1 162 
2 3473 162 
2 1970 162 
2 1952 162 
2 4034 162 
1 162 
3 5900 459 162 
1 162 
3 2304 162 5554 
4 3064 5421 3389 162 
1 162 
2 1047 162 
3 1934 162 2087 
3 3361 336 162 
1 162 
2 2609 162 
2 162 5014 
1 162 
1 162 
1 163 
5 1513 1403 3356 163 4567 
4 5383 1624 163 4641 
2 4312 163 
1 163 
2 2728 163 
4 2164 4361 5316 163 
3 3417 163 2243 
1 163 
3 5558 5891 163 
4 2287 643 1233 163 
2 1130 163 
1 163 
1 163 
1 163 
3 3150 163 3425 
2 463 163 
2 2693 163 
1 163 
2 163 1798 
2 2552 163 
3 1518 163 3623 
1 163 
4 2027 3782 5337 163 
2 484 163 
1 164 
1 164 
2 164 4142 
1 164 
2 164 1852 
1 164 
3 4227 164 1097 
3 164 442 453 
2 164 3415 
2 164 2811 
1 164 
1 164 
2 164 3492 
5 164 4877 3213 5544 5699 
5 164 1920 3782 303 4415 
1 164 
1 164 
3 165 387 5840 
2 165 4775 
3 165 3674 5208 
3 165 2246 4753 
2 165 4722 
2 165 300 
2 165 5886 
1 165 
2 165 3251 
2 165 2246 
3 165 2287 3113 
2 165 3748 
2 165 2083 
2 165 619 
2 165 2413 
2 165 915 
1 165 
2 165 305 
2 165 2790 
3 165 4267 2327 
4 2939 166 3595 1521 
2 166 595 
1 166 
1 166 
3 166 2917 5446 
1 166 
2 166 5741 
3 166 797 1542 
3 1737 166 3398 
1 166 
3 166 1899 2284 
2 166 3407 
2 166 4302 
3 166 1637 4624 
1 166 
5 1034 166 2006 3305 3794 
3 166 5078 3417 
1 166 
2 166 4103 
2 166 267 
1 166 
1 166 
4 166 4165 756 995 
2 166 4559 
2 166 2840 
1 167 
3 167 2208 1431 
4 167 3922 2486 1049 
2 167 3838 
2 167 691 
3 167 3408 3463 
3 167 3330 4883 
2 167 5871 
1 167 
3 167 5873 3017 
3 167 612 1823 
4 167 3329 5360 2907 
1 167 
3 555 167 1049 
1 167 
2 5739 167 
3 4548 167 2263 
2 167 5749 
1 167 
2 167 673 
1 167 
2 167 581 
2 167 269 
2 167 237 
1 167 
3 167 2261 2490 
3 1110 168 369 
4 555 1550 168 442 
5 4625 168 209 3136 216 
1 168 
4 168 1400 4810 4388 
2 168 2394 
1 168 
4 5796 168 5661 1631 
2 168 589 
2 168 5764 
2 168 691 
2 168 5315 
3 2719 168 3578 
2 169 4121 
1 169 
1 169 
3 169 1009 1519 
2 169 3418 
5 5797 2127 5080 169 5497 
2 5327 169 
2 169 623 
1 169 
1 169 
2 169 4023 
2 169 2713 
4 169 2966 3933 3700 
2 169 5256 
1 169 
1 169 
3 1381 169 931 
1 169 
3 169 5025 1315 
1 169 
2 169 2413 
3 868 169 3760 
2 169 4886 
1 169 
1 169 
2 4131 169 
4 2584 1493 170 3478 
4 2975 1384 170 3148 
2 170 5183 
2 170 2574 
1 170 
2 170 3620 
4 170 1270 2000 4319 
3 1787 170 371 
2 170 955 
2 3972 170 
1 170 
1 170 
2 170 2596 
1 170 
3 170 367 483 
1 170 
1 170 
2 2246 170 
2 170 4290 
1 170 
3 5213 5712 170 
1 171 
2 873 171 
1 171 
1 171 
1 171 
4 4269 171 498 297 
2 4231 171 
3 5723 171 4747 
4 3860 171 573 346 
3 171 4514 296 
2 2493 171 
4 788 171 761 2742 
3 1739 1550 171 
1 171 
1 171 
2 171 2925 
1 171 
3 171 4780 2701 
4 800 172 1233 5029 
4 5578 172 4174 5516 
1 172 
3 172 5873 3548 
1 172 
3 1827 172 3602 
1 172 
1 172 
2 172 1562 
3 1916 1525 172 
3 537 172 5159 
1 172 
3 1550 3692 172 
3 172 2906 3851 
1 172 
1 172 
2 172 3175 
2 172 1633 
2 333 172 
2 3872 172 
1 172 
2 3367 172 
1 172 
2 172 4263 
2 172 177 
2 172 3739 
1 172 
1 173 
4 2845 173 2835 4302 
2 3383 173 
1 173 
1 173 
3 173 5730 3463 
1 173 
3 2719 173 409 
1 173 
2 173 1755 
2 173 1015 
2 547 173 
2 1190 173 
4 3750 3196 173 764 
5 3191 3784 173 1313 996 
2 4851 173 
2 173 5014 
1 173 
4 4204 1405 173 805 
2 173 4221 
3 5415 173 5031 
1 173 
4 1844 3464 3924 173 
2 5739 173 
4 5501 899 5872 173 
1 173 
4 3563 2876 174 2665 
2 5822 174 
4 3379 1382 4669 174 
4 5583 5676 174 2630 
2 2339 174 
4 732 940 174 3011 
2 4731 174 
3 5079 3498 174 
2 578 174 
2 1856 174 
2 1960 174 
1 174 
1 174 
1 174 
4 3099 1149 3678 174 
2 174 4023 
1 174 
2 175 5721 
1 175 
6 2886 5869 4518 175 856 3092 
2 175 4586 
2 2812 175 
3 175 5463 4817 
1 175 
2 175 1409 
5 2247 4472 175 4598 3310 
3 4877 175 3056 
1 175 
2 175 2373 
1 175 
2 5694 175 
2 5369 175 
1 175 
3 5292 4249 175 
1 175 
2 5423 175 
2 3787 176 
4 3344 700 176 2421 
1 176 
4 934 2188 5602 176 
4 2658 4383 4888 176 
5 869 3318 5587 5340 176 
2 682 176 
4 651 2947 176 953 
3 2501 176 4088 
2 176 997 
2 176 864 
6 5436 3088 1574 176 3545 5251 
3 3654 1583 176 
2 176 1312 
2 2168 176 
2 176 3891 
1 176 
3 2015 1927 176 
1 177 
1 177 
3 3168 177 1122 
1 177 
2 294 177 
5 749 1403 5202 177 2862 
2 1942 177 
2 1435 177 
5 2338 382 1662 1778 177 
3 3577 4334 177 
1 177 
3 3171 177 1363 
2 3190 177 
2 4705 178 
2 178 2537 
1 178 
1 178 
1 178 
1 178 
3 3131 178 695 
2 296 178 
3 3105 3176 178 
3 2408 3228 178 
1 178 
3 5515 178 4819 
5 919 3771 2256 4801 178 
1 178 
1 178 
4 2730 4034 513 178 
2 3113 178 
3 4102 178 2765 
2 3616 178 
1 179 
2 5525 179 
1 179 
3 4936 179 746 
1 179 
2 2466 179 
2 1171 179 
1 179 
3 5521 5281 179 
3 920 1414 179 
1 179 
1 179 
1 179 
3 948 5572 179 
1 179 
2 435 179 
4 2363 5178 179 5453 
1 179 
2 2664 179 
3 1166 2314 179 
6 3466 1373 1177 4474 1822 179 
2 180 749 
2 180 1932 
1 180 
2 180 633 
1 180 
2 180 1249 
1 180 
4 180 733 2530 2666 
2 180 5618 
2 180 4795 
3 180 1401 2739 
2 180 1232 
2 180 5632 
2 180 4376 
3 180 3321 3190 
4 181 2173 4446 3338 
1 181 
2 181 3448 
5 181 962 4664 5310 5831 
3 181 1646 3569 
2 181 2262 
4 181 960 4291 889 
2 181 2378 
3 181 3710 1437 
3 181 3080 1097 
3 181 1179 1486 
2 181 1622 
3 181 1739 3867 
4 181 419 356 5371 
2 181 3250 
2 181 1567 
1 181 
2 181 901 
1 181 
1 181 
2 181 4667 
2 181 3662 
2 181 359 
2 181 2192 
1 181 
2 181 5588 
3 182 750 2326 
6 2844 182 1888 2476 1024 1392 
3 182 3135 1864 
1 182 
2 182 5707 
1 182 
1 182 
3 182 4888 5642 
2 182 3349 
1 182 
2 182 4167 
1 182 
2 182 1378 
3 182 1791 1251 
2 182 4757 
3 182 5461 3665 
1 182 
2 1804 182 
2 182 903 
2 182 4415 
3 182 2477 3567 
1 182 
2 182 1580 
2 182 2464 
1 183 
1 183 
3 183 4929 1350 
2 183 845 
1 183 
1 183 
3 183 408 5379 
2 183 3545 
3 183 3602 2861 
1 183 
1 183 
5 2957 183 1342 1006 2403 
4 183 1475 929 2040 
2 183 2566 
3 184 1134 855 
1 184 
4 184 3758 1067 1582 
1 184 
6 2266 1074 184 5868 5614 4047 
1 184 
3 979 184 5461 
2 184 3946 
3 184 5561 3718 
2 184 5126 
3 184 5193 562 
3 184 427 2456 
3 184 4504 4391 
2 184 5032 
4 184 1530 1025 5828 
1 184 
2 184 2712 
3 184 3389 3521 
2 184 4360 
4 184 2524 4057 3844 
2 3292 184 
4 185 5002 4431 218 
1 185 
1 185 
3 185 3875 1688 
3 185 1851 1105 
2 185 4719 
1 185 
1 185 
2 206 185 
6 185 1993 2814 757 5774 345 
2 185 2979 
1 185 
2 185 880 
2 185 4268 
3 3342 185 992 
1 185 
1 185 
1 185 
2 185 3510 
1 185 
2 185 3468 
4 813 185 3909 1994 
1 185 
3 5402 185 1050 
4 185 2695 5661 4464 
4 1602 186 2598 865 
4 5331 186 1099 781 
1 186 
2 186 3405 
2 186 3223 
1 186 
4 4569 186 684 5754 
4 5347 186 5654 5284 
3 186 1369 1830 
5 4906 4048 186 2302 4972 
1 186 
1 186 
3 4228 186 4870 
4 1785 5368 186 2276 
1 186 
3 1432 186 1327 
1 186 
4 1367 187 5714 2542 
2 3872 187 
3 3893 187 1842 
2 187 4854 
4 3160 187 2530 4654 
4 5370 187 5228 1967 
1 187 
2 5645 187 
3 4571 187 5046 
2 187 4555 
1 187 
4 868 187 3294 3522 
2 187 4716 
3 3631 187 1633 
1 187 
2 187 4215 
1 187 
1 187 
1 188 
3 2791 207 188 
2 1529 188 
2 188 3822 
1 188 
1 188 
3 188 2854 408 
2 188 3427 
3 4305 188 2580 
3 188 1388 4747 
4 4756 188 3925 3637 
2 3255 188 
4 1494 188 2925 1504 
2 5501 188 
3 1673 188 3119 
3 2125 188 781 
1 189 
2 189 5284 
2 3769 189 
4 189 1406 3994 253 
1 189 
4 5522 189 4025 4337 
3 189 3604 946 
3 4113 189 4708 
1 189 
2 189 3722 
2 189 283 
3 189 2296 5834 
3 5330 189 3619 
1 189 
1 189 
2 189 1939 
1 189 
1 189 
2 5744 189 
1 189 
1 190 
4 1654 190 4190 2329 
4 4422 190 5534 5321 
1 190 
3 4001 4036 190 
3 190 3900 5587 
2 1129 190 
2 190 626 
2 190 776 
4 190 3390 2483 5063 
1 190 
1 190 
1 190 
2 1607 190 
1 190 
2 190 1862 
1 190 
3 190 1960 3485 
1 190 
2 2850 190 
3 190 3505 4838 
1 191 
2 4768 191 
2 191 5721 
1 191 
2 5580 191 
2 191 201 
1 191 
2 191 4104 
4 4284 3142 5626 191 
3 2391 191 5613 
2 3032 191 
1 191 
2 191 3356 
3 5168 191 2021 
2 191 942 
2 4628 191 
2 5899 191 
1 191 
1 191 
2 870 191 
1 191 
1 192 
2 192 2260 
2 192 1308 
1 192 
3 796 192 5186 
2 192 3301 
2 192 2554 
3 192 940 2353 
2 2223 192 
2 192 5496 
1 192 
3 4008 5545 192 
2 192 709 
4 284 1346 192 3236 
3 192 2877 530 
2 192 1866 
1 192 
1 193 
4 2226 193 2733 478 
1 193 
1 193 
1 193 
3 193 4544 218 
3 1225 3472 193 
2 193 5513 
3 193 994 1277 
3 2249 193 4386 
4 956 5542 193 5778 
2 2497 193 
1 193 
2 193 2276 
3 3536 193 5188 
2 193 465 
1 193 
1 193 
2 3634 193 
3 193 5567 3726 
2 5504 193 
4 5146 1307 193 4119 
3 193 3723 1910 
1 194 
1 194 
1 194 
2 4715 194 
1 194 
1 194 
1 194 
1 194 
2 1144 194 
3 4695 194 3952 
2 194 5093 
3 2145 194 4989 
2 194 3314 
2 194 2768 
2 194 1909 
4 3906 870 194 840 
1 194 
1 194 
3 4293 5787 195 
2 195 5449 
2 4487 195 
3 195 628 3151 
1 195 
5 3823 3329 195 4661 375 
1 195 
2 308 195 
5 4625 4249 195 4619 3998 
2 195 861 
1 195 
2 5137 195 
5 1546 1549 195 5301 4142 
2 3530 195 
2 2746 195 
2 195 3245 
2 195 5430 
2 195 5427 
3 195 1711 487 
3 1344 195 5243 
3 2751 195 4920 
3 195 3866 1757 
3 195 1556 5664 
2 1758 196 
3 3627 196 2649 
3 196 889 4902 
2 196 3421 
2 196 2929 
2 4909 196 
1 196 
2 196 3954 
2 4411 197 
3 399 197 5379 
1 197 
2 2322 197 
3 1618 197 4921 
2 717 197 
3 197 3137 3121 
2 2305 197 
2 3330 197 
1 197 
1 197 
3 3378 197 2401 
2 2170 197 
2 197 391 
1 197 
1 197 
1 197 
2 5232 197 
5 4378 197 4448 3175 4244 
1 197 
4 1474 2378 197 352 
2 2070 197 
1 197 
2 4140 198 
4 1263 336 5181 198 
1 198 
2 4450 198 
1 198 
4 1878 232 1103 198 
2 5526 198 
1 198 
4 5559 1771 198 2893 
1 198 
1 198 
2 2416 198 
1 198 
4 4006 929 198 5144 
2 5679 198 
2 5139 198 
1 198 
1 198 
2 1153 198 
2 2681 199 
2 199 1779 
2 5012 199 
1 199 
3 3612 2930 199 
3 539 3750 199 
2 216 199 
2 4500 199 
2 5774 199 
1 199 
1 199 
1 199 
3 2764 199 1652 
2 2037 199 
3 5729 5530 199 
1 199 
1 200 
1 200 
2 200 5498 
1 200 
2 3188 200 
2 2079 200 
3 1551 5517 200 
1 200 
2 5080 200 
2 3968 200 
2 200 3547 
2 2671 200 
5 2342 4053 5378 4390 200 
3 4810 727 200 
1 200 
2 4738 200 
5 2302 2365 4865 200 4478 
3 5255 3302 200 
3 5042 4630 201 
2 529 201 
1 201 
2 201 866 
2 3922 201 
5 5577 2269 2090 201 5619 
2 2421 201 
1 201 
4 5503 3279 4624 201 
1 201 
1 201 
1 201 
3 5082 2856 201 
2 201 616 
2 3766 201 
2 3476 201 
1 201 
2 4577 201 
2 4277 201 
2 531 202 
6 3592 4185 4879 4684 3308 202 
1 202 
3 5520 4846 202 
5 3552 2655 4222 202 2023 
1 202 
2 2361 202 
6 1163 1565 4286 4054 5162 202 
4 1016 1743 5312 202 
2 1422 202 
1 202 
1 202 
1 202 
2 4927 202 
3 2796 1855 202 
3 2391 889 202 
1 202 
3 817 4332 202 
2 4496 202 
1 202 
2 3393 202 
1 202 
3 3593 2596 203 
1 203 
1 203 
1 203 
2 1657 203 
1 203 
2 2074 203 
3 3650 2233 203 
1 203 
1 203 
1 203 
2 5563 203 
2 203 1338 
3 4042 3742 204 
2 5572 204 
2 4330 204 
3 2454 3570 204 
2 5501 204 
2 364 204 
4 2958 1376 826 204 
2 399 204 
2 2102 204 
1 204 
1 204 
3 5174 4080 204 
4 2316 2983 415 204 
1 204 
2 205 1687 
4 205 356 2166 2322 
4 205 3187 3856 994 
2 205 854 
3 205 1863 3338 
2 205 3619 
2 205 2548 
2 205 1456 
2 205 1234 
2 205 5036 
1 205 
1 205 
1 205 
4 205 1761 3030 3236 
4 205 2291 4458 3991 
2 205 2268 
1 205 
1 205 
2 206 4915 
3 206 5743 5491 
2 206 5377 
2 206 3078 
3 206 1041 829 
2 206 897 
2 206 4863 
3 206 1620 4830 
3 206 1398 3535 
4 206 1145 1656 4417 
1 206 
3 206 4576 5264 
1 206 
2 206 2834 
2 206 3736 
2 206 2671 
3 206 5510 3775 
2 206 5004 
2 207 1995 
2 207 4882 
2 207 5519 
2 207 4225 
1 207 
1 207 
1 207 
3 5417 207 1955 
1 208 
1 208 
4 208 2254 4988 1336 
2 208 4082 
3 208 3843 5261 
3 5174 208 5214 
2 1587 208 
1 208 
2 208 3259 
3 208 2029 5185 
2 208 1960 
2 208 4886 
2 208 1561 
3 208 1038 1427 
2 621 208 
3 208 4655 5613 
1 209 
3 209 4561 1967 
1 209 
1 209 
3 209 1180 2103 
1 209 
2 209 1801 
3 209 4121 4316 
1 209 
3 209 2706 5286 
5 597 1549 209 883 4139 
3 209 5009 3934 
2 209 1217 
2 222 209 
3 3628 209 4887 
1 209 
2 209 4988 
2 209 1037 
3 209 3753 2210 
3 209 5607 949 
2 1679 210 
4 5557 2961 3649 210 
2 210 452 
1 210 
2 210 4119 
4 3026 210 1904 324 
2 210 3812 
3 2050 210 2600 
4 1186 1456 210 3698 
2 1677 210 
1 210 
2 210 4518 
2 210 259 
1 210 
1 210 
4 420 563 210 1842 
1 210 
2 542 210 
1 210 
1 210 
1 210 
1 210 
1 210 
4 210 3234 3070 3357 
1 210 
3 3630 210 5851 
1 210 
1 210 
1 210 
2 898 211 
1 211 
3 2654 2638 211 
2 211 4301 
1 211 
6 3024 3083 1568 211 2460 3424 
3 211 4446 521 
2 3649 211 
2 1619 211 
1 211 
1 211 
3 5741 721 211 
4 1163 211 2016 4958 
6 3906 604 211 5787 2755 4463 
1 211 
3 211 1439 1978 
2 211 4671 
3 211 4432 1337 
3 3532 211 1902 
5 1297 212 2555 3583 4370 
1 212 
5 5376 212 4559 5827 2350 
2 5865 212 
3 3068 212 4587 
2 212 3846 
4 2163 3878 212 2280 
3 4067 4794 212 
1 212 
6 4931 212 4518 2154 2263 3547 
2 4961 212 
3 2974 813 212 
1 212 
1 212 
2 212 1878 
1 212 
2 212 2097 
1 212 
3 5713 213 5592 
3 2844 4055 213 
2 5707 213 
1 213 
2 1673 213 
4 4453 2113 213 5028 
2 4418 213 
4 3064 213 5178 2822 
1 213 
1 213 
2 2921 213 
1 213 
2 657 213 
1 213 
2 213 3917 
1 213 
2 3967 213 
1 213 
3 1259 213 4623 
2 213 2035 
2 213 4639 
2 2827 213 
3 3386 1040 213 
2 214 811 
3 4676 214 1222 
2 214 1359 
2 2310 214 
2 214 1853 
2 5438 214 
4 796 1958 214 1580 
3 5072 2187 214 
1 214 
2 214 320 
4 5054 5311 214 1597 
4 1130 214 530 4596 
2 214 1467 
2 214 3426 
2 214 3178 
3 3673 214 1200 
1 214 
3 214 5313 2196 
1 214 
4 688 4331 214 1906 
1 214 
2 214 3017 
1 215 
2 2974 215 
3 3632 2531 215 
1 215 
3 215 5344 1616 
2 2433 215 
3 834 1750 215 
1 215 
4 4004 215 2178 3725 
1 215 
3 3224 3987 215 
1 215 
3 4212 215 5837 
2 759 215 
1 215 
2 215 2992 
2 215 4924 
1 215 
1 215 
1 215 
3 2534 216 3249 
1 216 
2 4782 216 
5 4355 5004 5028 216 5013 
3 482 2156 216 
2 660 216 
1 216 
3 2545 2100 216 
3 3990 216 2159 
2 3799 216 
3 776 216 1985 
3 3125 3757 216 
2 1722 216 
3 3021 936 217 
2 542 217 
1 217 
2 2574 217 
1 217 
2 2659 217 
3 5509 217 4601 
1 217 
2 1485 217 
2 1620 217 
2 489 217 
2 698 217 
1 217 
2 1953 217 
1 217 
1 217 
2 217 4352 
2 4662 217 
2 4199 217 
1 218 
1 218 
5 3001 1788 1409 3182 218 
3 2916 3048 218 
3 3500 4299 218 
1 218 
1 218 
2 1726 218 
1 218 
1 218 
1 218 
3 3290 2015 218 
1 218 
1 218 
1 218 
1 218 
3 3026 320 218 
2 505 218 
1 219 
1 219 
1 219 
3 219 2707 2480 
2 219 3872 
2 219 798 
1 219 
1 219 
4 219 421 2134 1072 
2 219 3646 
2 219 5728 
1 219 
1 219 
2 219 5768 
3 219 4233 1564 
1 219 
1 219 
1 219 
3 219 4558 4162 
2 219 4888 
2 219 5453 
1 219 
1 220 
2 220 3334 
1 220 
3 220 5752 370 
1 220 
1 220 
1 220 
2 220 887 
3 220 561 4843 
5 220 4123 1336 2023 2180 
2 220 2696 
1 220 
3 220 1848 3606 
1 220 
3 1297 220 4485 
1 220 
1 220 
1 220 
2 220 3335 
5 3875 220 686 4801 742 
4 220 1151 2574 4263 
1 220 
2 220 3959 
1 220 
3 221 3129 1893 
2 221 3586 
2 221 1018 
2 221 5163 
3 221 3277 2983 
1 221 
3 221 497 4195 
1 221 
1 221 
2 221 4505 
1 221 
1 221 
2 221 4491 
2 221 906 
2 221 2417 
1 221 
1 221 
2 221 3794 
3 222 1924 2931 
1 222 
2 222 5155 
2 222 745 
3 222 3753 3375 
2 222 5374 
5 4399 222 1218 1237 5015 
2 222 5090 
1 222 
1 222 
1 222 
3 222 2429 758 
3 2202 440 222 
1 222 
2 222 359 
1 222 
2 222 910 
2 222 1664 
3 222 4223 3312 
3 223 2377 5660 
3 223 687 1135 
2 223 331 
2 223 3159 
3 5171 223 3562 
2 223 3276 
2 223 2205 
1 223 
3 223 4286 5766 
1 223 
3 223 5268 1415 
3 2107 223 1009 
2 223 5313 
4 5016 5726 224 3870 
2 5404 224 
3 224 2814 5509 
3 224 2724 2371 
2 2064 224 
3 224 2472 1747 
1 224 
2 224 3674 
2 224 783 
5 3878 224 1249 4272 859 
1 224 
2 224 2994 
1 224 
3 224 2496 3268 
3 3470 224 1817 
3 5402 224 5393 
2 3745 224 
2 224 2919 
1 224 
1 224 
2 224 1124 
1 224 
2 224 4167 
2 5454 224 
2 4032 224 
4 3317 224 1213 3172 
1 224 
1 225 
3 225 3617 5554 
1 225 
3 1225 225 5869 
1 225 
3 225 4492 5572 
2 225 5730 
1 225 
2 3101 225 
3 4710 5079 225 
3 1054 225 666 
2 225 1701 
4 225 459 3987 2553 
2 2090 225 
1 225 
2 225 3256 
4 225 2098 2402 5015 
2 1803 226 
2 5164 226 
2 226 5354 
4 636 226 5001 1279 
1 226 
1 226 
4 226 1012 438 452 
1 226 
4 2652 226 822 2401 
3 916 3908 226 
2 226 4108 
4 715 226 5563 3888 
3 226 315 1864 
3 226 1578 3405 
4 1867 5174 226 1388 
2 1144 226 
2 3630 226 
1 226 
1 227 
1 227 
2 227 4990 
1 227 
4 4709 354 227 5674 
3 1759 227 4457 
2 227 5751 
4 4728 227 2271 414 
2 5253 227 
1 227 
1 227 
3 1742 227 2233 
1 227 
3 227 5391 4160 
1 228 
4 2770 228 477 1757 
2 4134 228 
2 228 1084 
4 228 515 1749 5587 
2 228 2295 
2 228 1194 
2 228 3546 
3 3104 228 2101 
1 228 
1 228 
1 228 
1 228 
3 228 1333 5380 
3 1339 2472 228 
2 228 2498 
2 2794 228 
2 4048 228 
1 228 
2 1437 229 
1 229 
2 229 4492 
2 229 1315 
3 229 5531 3462 
2 2945 229 
2 229 3794 
2 1225 229 
2 5175 229 
1 229 
1 229 
2 3382 229 
1 229 
1 229 
5 2143 5283 229 3713 4535 
1 229 
3 5741 229 3215 
1 229 
2 229 3846 
2 229 3540 
2 229 235 
1 229 
3 229 885 4413 
1 229 
2 1608 229 
2 494 229 
2 1167 230 
2 4251 230 
1 230 
1 230 
2 230 1634 
1 230 
1 230 
1 230 
1 230 
1 230 
1 230 
2 5255 230 
2 2303 230 
3 5597 3776 230 
2 230 5786 
3 230 2486 4394 
1 230 
3 230 3137 3509 
1 230 
2 230 3947 
2 4072 231 
1 231 
1 231 
1 231 
4 3647 5368 231 840 
1 231 
1 231 
1 231 
2 5844 231 
2 231 232 
1 231 
2 2632 231 
3 1259 5813 231 
2 3549 231 
2 231 4046 
1 231 
3 231 4469 2037 
2 936 231 
3 4982 231 1929 
2 231 5212 
1 231 
3 232 5182 1909 
3 4759 928 232 
1 232 
1 232 
2 232 2351 
2 232 2464 
1 232 
4 3464 4035 232 973 
1 232 
2 232 3794 
1 232 
2 3802 232 
1 232 
2 232 1710 
3 4071 5042 233 
1 233 
2 233 2121 
3 1923 233 4659 
2 4344 233 
2 233 3934 
3 2200 5885 233 
2 4680 233 
1 233 
2 5536 233 
3 1343 233 4042 
2 233 3573 
2 514 233 
2 2512 233 
1 234 
4 5088 234 972 1417 
4 517 234 4782 4434 
2 4591 234 
1 234 
2 3367 234 
2 234 4564 
3 2015 234 3448 
1 234 
2 1856 234 
2 1029 234 
3 1941 234 3850 
1 235 
2 5597 235 
3 1869 2342 235 
1 235 
2 2781 235 
2 1655 235 
3 1341 4217 235 
1 235 
2 3747 235 
2 235 670 
2 3064 235 
2 4984 235 
2 4239 235 
3 4374 4309 235 
1 235 
2 5401 235 
2 5149 235 
3 3889 236 2613 
3 4982 236 5791 
1 236 
2 1026 236 
4 1209 3825 236 1277 
2 1740 236 
4 493 1175 236 1503 
1 236 
3 3540 236 1294 
2 4236 236 
2 5387 236 
1 236 
2 429 236 
1 236 
1 236 
2 5377 236 
1 237 
4 5679 237 1505 5554 
3 2574 3280 237 
1 237 
3 816 237 1864 
2 1290 237 
4 3361 4011 4057 237 
2 1853 237 
2 798 237 
2 3001 237 
2 5751 237 
2 1945 238 
1 238 
2 896 238 
1 238 
2 1145 238 
1 238 
3 238 352 4959 
1 238 
2 1420 238 
2 5002 238 
2 4712 238 
1 238 
2 4386 238 
2 238 5224 
2 5545 238 
1 238 
2 2113 238 
1 238 
1 238 
1 238 
2 967 238 
2 3709 238 
2 238 255 
2 5774 238 
3 473 4759 238 
3 284 3201 239 
1 239 
4 2823 1982 239 4993 
1 239 
2 2829 239 
1 239 
2 1758 239 
3 4684 3600 239 
1 239 
2 2167 239 
2 239 4199 
4 4050 239 810 3183 
1 239 
4 3981 239 2265 954 
1 239 
2 239 552 
2 4473 239 
1 239 
1 239 
3 3099 5462 239 
2 5622 239 
2 3580 240 
1 240 
2 3599 240 
2 2398 240 
3 1265 364 240 
1 240 
1 240 
3 1462 3949 240 
4 632 2648 240 3869 
1 240 
2 1437 240 
1 240 
2 1550 240 
4 2166 4932 2290 240 
2 2477 240 
1 240 
2 1499 240 
2 3362 240 
3 600 4052 240 
1 241 
3 1109 5880 241 
2 241 1783 
3 4470 5246 241 
1 241 
1 241 
1 241 
4 1885 5691 241 1491 
4 4100 692 2501 241 
2 1661 241 
2 3367 241 
3 920 4972 241 
3 2867 5830 241 
2 4150 241 
2 5448 241 
5 562 5656 2402 241 5274 
2 242 2228 
2 242 5308 
1 242 
1 242 
1 242 
2 242 5029 
1 242 
2 242 5369 
2 242 5811 
1 242 
2 1202 242 
1 242 
2 4941 242 
2 242 935 
2 242 5448 
2 242 3753 
4 242 5256 5341 2927 
1 242 
2 242 2782 
3 242 1579 4084 
6 242 5766 3860 3173 278 2992 
4 243 1132 3753 3213 
3 243 2547 1209 
1 243 
3 243 3681 2327 
2 243 2562 
2 3852 243 
2 243 674 
2 243 1356 
2 243 888 
2 243 2021 
1 243 
2 5575 243 
2 243 5375 
1 243 
4 243 5548 4086 1864 
3 5346 243 5462 
4 3100 243 297 2459 
2 244 5721 
1 244 
2 244 607 
1 244 
1 244 
5 1718 244 5214 2725 4725 
3 244 2572 5616 
1 244 
1 244 
1 244 
3 5292 244 2629 
4 244 5404 2721 994 
4 244 5384 3595 2059 
2 244 3979 
2 1617 244 
1 244 
3 651 2312 244 
2 244 4456 
1 244 
3 244 3750 5678 
3 245 451 4161 
2 245 1159 
3 3467 5331 245 
1 245 
2 399 245 
2 245 3484 
2 245 5269 
2 3344 245 
2 893 245 
2 245 4045 
1 245 
2 245 1571 
1 245 
1 245 
4 5076 246 4090 2683 
1 246 
2 246 5427 
2 246 373 
3 246 4701 4460 
2 246 2400 
2 246 5202 
2 1240 246 
4 3872 246 4555 1396 
3 2670 246 1793 
3 246 486 4821 
2 246 5373 
1 246 
1 246 
1 246 
1 246 
2 246 1235 
1 246 
1 247 
3 3736 247 3010 
1 247 
3 1494 247 1414 
1 247 
3 5124 2432 247 
1 247 
2 4680 247 
1 247 
1 247 
2 247 2160 
3 3409 749 247 
2 581 247 
3 455 247 2000 
3 3632 5237 247 
3 5781 4343 248 
4 1739 248 5887 4313 
1 248 
2 4533 248 
2 248 5551 
2 248 4816 
4 3730 2320 248 5319 
2 248 3603 
2 2211 248 
1 248 
2 3554 248 
1 248 
2 4893 248 
3 2867 3144 248 
1 248 
1 248 
2 4647 248 
3 5167 5500 249 
1 249 
3 1624 249 4346 
2 1036 249 
2 1870 249 
3 3348 2578 249 
2 1242 249 
1 249 
3 2845 249 254 
1 249 
1 249 
1 249 
2 249 3849 
1 249 
3 957 249 904 
1 250 
1 250 
2 250 781 
1 250 
1 250 
2 250 5614 
3 3618 3278 250 
2 626 250 
1 250 
2 250 5613 
6 4905 567 4969 387 250 5114 
2 2229 250 
4 3143 5140 250 5446 
1 250 
1 250 
2 3619 251 
3 5282 3504 251 
2 2917 251 
3 4440 251 4547 
1 251 
2 5751 251 
2 2966 251 
3 676 2494 251 
1 251 
1 251 
2 4897 251 
1 251 
2 3667 252 
3 5252 252 2807 
2 1120 252 
2 1001 252 
2 1627 252 
1 252 
2 3002 252 
4 3141 309 5772 252 
2 757 252 
2 252 1278 
1 252 
2 2100 252 
3 252 5097 3288 
2 5138 252 
5 284 4133 2112 4469 252 
1 252 
3 1194 252 5592 
3 4977 5193 252 
2 1167 252 
1 252 
1 252 
2 5604 252 
2 410 252 
2 1494 252 
1 253 
1 253 
2 4055 253 
3 5541 3458 253 
2 5389 253 
1 253 
2 1870 253 
3 1463 253 2023 
1 253 
3 3421 253 4222 
2 5390 253 
3 583 253 2307 
4 5653 2659 1171 253 
1 253 
1 254 
2 892 254 
2 5475 254 
1 254 
3 3215 3847 254 
1 254 
3 5784 3007 254 
3 2789 5489 254 
3 2940 402 254 
4 5409 5068 254 1757 
2 4714 254 
3 3364 5828 254 
3 2344 5315 254 
2 3420 254 
3 2811 2799 254 
3 2568 4686 254 
3 1000 2548 254 
2 5431 255 
1 255 
1 255 
2 1903 255 
1 255 
1 255 
2 2625 255 
2 3945 255 
3 766 2989 255 
3 2905 2662 255 
2 1728 255 
3 905 976 255 
1 255 
2 1565 255 
2 1707 255 
3 4863 255 3665 
1 255 
1 255 
2 2519 255 
2 625 255 
2 4211 255 
2 1613 256 
1 256 
3 3874 2636 256 
1 256 
4 5327 2274 256 2179 
4 3002 4935 256 1294 
1 256 
3 1919 3331 256 
1 256 
1 256 
3 3594 2094 256 
1 256 
4 1738 269 2159 256 
1 256 
1 256 
1 256 
2 1175 256 
7 2407 2470 4981 5694 5615 464 256 
2 2108 257 
3 3944 4838 257 
2 1603 257 
2 3850 257 
1 257 
1 257 
1 257 
6 1442 570 806 5286 908 257 
4 4928 3586 1688 257 
2 1727 257 
1 257 
2 2025 258 
2 3034 258 
2 5820 258 
1 258 
3 3368 3136 258 
2 2578 258 
2 3872 258 
2 5740 258 
2 1423 258 
3 3957 5500 258 
3 3191 2966 258 
1 258 
1 258 
5 2620 3246 3975 258 303 
4 895 3994 2104 258 
6 3382 3497 889 258 829 4200 
1 258 
1 258 
2 2064 259 
3 5231 5345 259 
4 2914 562 4721 259 
3 4909 5417 259 
1 259 
1 259 
2 4766 259 
5 5708 5459 2887 2859 259 
2 2590 259 
2 5006 259 
3 603 5623 259 
3 3770 932 259 
2 1480 259 
3 5218 1598 260 
3 2631 4751 260 
3 3583 5380 260 
1 260 
1 260 
5 4894 3773 1463 2042 260 
1 260 
1 260 
2 1482 260 
2 821 260 
1 260 
3 5325 3938 260 
1 260 
1 260 
2 2769 260 
1 260 
4 5134 2755 3765 260 
4 3780 2300 2085 260 
1 260 
1 260 
3 769 4127 260 
2 391 260 
1 260 
2 261 3884 
2 261 4870 
2 261 3516 
2 261 5017 
2 261 4057 
3 261 4582 977 
1 261 
1 261 
2 261 4849 
3 261 3431 2666 
1 261 
2 261 804 
2 261 2079 
3 261 2253 2680 
3 262 4616 1729 
2 262 1751 
2 262 1972 
1 262 
2 598 262 
1 262 
2 262 644 
2 262 633 
1 262 
2 262 2471 
2 262 1036 
1 262 
2 262 1611 
2 5575 262 
1 262 
2 262 2379 
1 262 
2 262 4041 
2 262 4529 
2 262 5568 
2 263 4058 
2 263 5064 
1 263 
2 263 565 
2 263 5836 
2 263 5383 
1 263 
1 263 
2 263 4751 
1 263 
3 263 5417 1863 
4 263 5376 3583 4599 
3 263 1679 5759 
1 263 
3 263 2262 5302 
2 263 2514 
3 264 5543 4785 
2 264 2658 
1 264 
2 264 2691 
2 264 4861 
3 264 4497 4436 
2 264 1711 
2 264 4490 
2 600 264 
1 264 
1 264 
6 264 470 3966 5023 2193 3996 
3 264 3738 1217 
3 264 5472 4341 
2 264 5205 
2 264 851 
2 264 4550 
1 264 
1 265 
2 265 5478 
1 265 
1 265 
1 265 
1 265 
2 265 4324 
7 3549 265 4532 2094 5030 2194 1800 
2 265 1968 
5 265 4134 5118 5485 3955 
4 265 1081 1829 1863 
3 265 5086 4900 
1 265 
5 265 1691 5457 2591 5656 
3 265 3991 2193 
1 265 
1 265 
3 265 3820 1268 
4 265 3045 4134 5130 
3 265 3332 3095 
5 265 2717 4251 2490 4320 
4 4277 2619 266 2483 
2 266 4930 
1 266 
1 266 
2 266 623 
1 266 
2 1184 266 
3 5578 266 4988 
1 266 
2 266 3242 
1 266 
1 266 
3 266 4071 4134 
4 3289 5455 266 4609 
3 266 5002 1686 
3 5290 266 3336 
3 266 3541 1396 
5 2633 266 855 614 845 
2 266 2882 
2 266 723 
2 266 3929 
2 267 2021 
2 267 5591 
1 267 
1 267 
3 267 1993 1104 
5 4453 3852 267 795 349 
3 267 2236 890 
2 771 267 
1 267 
4 267 5373 3599 1485 
2 267 1049 
2 1057 267 
2 267 2174 
2 267 777 
1 267 
2 267 693 
1 268 
3 2090 268 4099 
2 2632 268 
3 2814 268 2420 
2 268 5839 
2 268 352 
1 268 
1 268 
1 268 
3 268 2678 2765 
2 268 3654 
2 4962 269 
2 381 269 
1 269 
2 5500 269 
3 3048 269 4815 
2 269 1950 
3 2474 269 2086 
2 269 405 
2 4096 270 
1 270 
1 270 
3 2516 270 5549 
3 4676 1028 270 
1 270 
3 2147 270 3176 
5 2202 1618 3349 270 4313 
4 1366 3229 3842 270 
1 270 
2 270 3864 
2 270 2278 
1 270 
2 2146 270 
2 270 5006 
2 922 270 
2 4468 270 
1 270 
3 5459 4252 270 
1 270 
2 270 461 
3 1323 3737 270 
4 5537 270 1500 375 
1 270 
1 270 
3 2832 270 4780 
1 270 
2 270 1033 
1 270 
1 270 
1 271 
1 271 
1 271 
3 470 2521 271 
1 271 
2 271 1180 
3 3072 271 2761 
1 271 
3 5743 271 371 
1 271 
4 1957 271 2402 1711 
1 271 
2 271 4751 
1 271 
3 605 271 2580 
3 2607 271 2381 
2 271 5004 
3 2341 2810 271 
3 1697 271 2284 
2 499 272 
1 272 
1 272 
2 4699 272 
2 272 5445 
4 2606 3537 1085 272 
1 272 
1 272 
1 272 
2 272 5013 
3 2300 272 1715 
2 2129 272 
3 273 2402 1710 
5 494 1173 389 273 4920 
2 273 670 
1 273 
2 3756 273 
3 5477 4781 273 
4 2704 273 3814 5756 
2 273 4753 
1 273 
2 1005 273 
1 273 
4 5883 3812 273 2600 
3 3065 273 845 
4 5805 1982 274 3725 
1 274 
1 274 
6 353 5326 5243 274 807 4495 
3 274 5364 1780 
2 1770 274 
3 2471 5389 274 
2 1531 274 
2 2363 274 
2 4247 274 
2 274 5840 
2 5729 274 
2 5785 274 
4 1570 3299 274 1842 
1 274 
2 2963 274 
2 3878 274 
2 4230 274 
2 4322 275 
3 1553 275 5449 
1 275 
4 4726 643 993 275 
2 3679 275 
1 275 
2 1645 275 
3 4268 621 275 
1 275 
1 275 
5 3969 5392 275 4335 3917 
2 4380 275 
2 1788 275 
3 618 5219 275 
3 4073 3444 275 
3 1482 5481 275 
1 275 
2 3800 275 
2 4439 275 
3 2670 3252 275 
3 1673 356 275 
2 3973 275 
2 3691 275 
1 275 
3 3718 5222 275 
1 275 
1 275 
2 5218 275 
1 276 
3 3538 276 4785 
1 276 
1 276 
1 276 
1 276 
2 2585 276 
1 276 
1 276 
3 2276 276 5758 
3 4682 3401 276 
1 276 
1 276 
2 276 4991 
2 531 276 
3 1520 276 862 
2 3142 276 
2 1215 276 
1 276 
2 3071 276 
3 2054 276 4437 
2 277 3270 
4 894 3969 4647 277 
2 5468 277 
1 277 
1 277 
4 4904 277 1914 5191 
2 5177 277 
2 419 277 
1 277 
2 277 5188 
1 277 
4 2143 4536 277 2357 
2 768 277 
2 5472 277 
2 3069 277 
2 3596 277 
2 1190 277 
3 1086 278 3043 
2 4892 278 
3 1345 278 3793 
1 278 
1 278 
1 278 
4 2961 735 723 278 
3 1349 278 4708 
1 278 
1 278 
1 278 
1 278 
1 278 
4 5149 5548 3764 278 
2 1796 278 
1 278 
2 4591 278 
2 569 278 
2 988 278 
1 278 
2 278 1735 
3 716 3389 278 
2 4769 279 
3 583 4347 279 
2 1876 279 
4 4409 279 1256 3851 
4 3237 4620 5268 279 
1 279 
3 314 1199 279 
1 279 
1 279 
2 3968 279 
1 279 
1 279 
4 991 1409 279 3949 
3 2025 1439 279 
2 2489 279 
1 279 
4 701 5256 4274 279 
3 1421 4668 279 
2 5693 279 
1 279 
1 279 
3 831 1323 279 
2 279 4603 
1 279 
3 2940 2811 280 
3 2974 2944 280 
2 989 280 
2 5830 280 
1 280 
2 3436 280 
2 4757 280 
3 1563 4386 280 
4 3626 5743 3581 280 
1 280 
5 2131 3989 4869 280 416 
1 280 
1 280 
1 280 
2 5031 281 
1 281 
3 4652 281 3375 
1 281 
1 281 
3 2447 2882 281 
1 281 
1 281 
2 3001 281 
1 281 
3 1108 2164 281 
4 2513 790 3757 281 
3 766 4975 281 
2 887 282 
1 282 
1 282 
1 282 
1 282 
3 4605 2368 282 
3 5654 2757 282 
2 3467 282 
3 4099 466 282 
6 1202 440 3879 965 5894 282 
3 4276 4106 282 
1 282 
3 4818 3222 282 
2 3104 282 
1 282 
3 922 5682 282 
3 4715 2364 282 
1 282 
4 1759 3647 3032 282 
1 282 
2 963 283 
2 5530 283 
4 2532 2831 4915 283 
5 5149 1918 2412 5497 283 
3 3230 4848 283 
3 496 2651 283 
1 283 
2 3637 283 
3 3575 4664 283 
5 2125 2482 2306 5594 283 
1 283 
1 283 
2 2602 283 
2 2673 283 
4 5565 2000 3121 283 
2 1954 283 
1 283 
2 3383 283 
2 4620 283 
2 5473 283 
1 283 
2 4115 283 
3 4892 284 525 
3 284 5394 4640 
2 284 3581 
2 2050 284 
2 284 2403 
2 284 2851 
1 284 
2 2493 284 
2 284 5529 
2 284 4323 
2 2746 284 
1 284 
1 284 
2 284 406 
2 284 2418 
2 284 3196 
1 284 
3 284 2328 3014 
2 284 1789 
2 5150 284 
1 285 
1 285 
1 285 
4 4422 285 1747 3587 
3 285 4611 3373 
3 285 3596 1373 
4 5536 285 3477 691 
1 285 
3 285 5046 4687 
2 4250 285 
2 285 4637 
3 4050 285 4972 
4 285 3940 5380 4511 
4 285 3846 1088 2372 
4 3777 285 3520 552 
4 4906 285 5377 4366 
2 285 1502 
1 286 
4 3100 4966 286 1117 
2 286 4654 
1 286 
1 286 
2 286 4506 
1 286 
3 4796 286 5152 
3 286 4802 975 
3 286 475 4352 
2 5174 286 
2 286 4292 
3 5346 286 1822 
1 286 
2 286 5701 
2 286 2393 
2 286 2265 
1 286 
2 875 286 
3 1470 287 4494 
5 287 4292 5567 445 3572 
1 287 
3 4278 287 4653 
3 2052 287 5511 
1 287 
1 287 
1 287 
2 287 4815 
2 1343 287 
1 287 
1 287 
1 287 
3 287 1348 1776 
2 288 3336 
3 2110 288 2394 
5 4894 288 4971 3963 5681 
1 288 
1 288 
2 288 2418 
4 5596 288 3088 933 
2 605 288 
2 288 3377 
2 2872 288 
1 288 
1 288 
3 4678 288 3762 
2 288 2479 
2 1745 288 
3 288 3761 448 
2 4823 288 
3 2473 288 439 
1 288 
1 288 
2 2045 288 
2 289 3389 
1 289 
3 289 4094 2197 
2 289 3058 
1 289 
2 289 2333 
1 289 
1 289 
2 289 1198 
4 5125 289 2818 2383 
3 3164 289 4753 
2 1477 289 
3 289 4618 4602 
5 5468 3746 5165 289 1980 
1 289 
1 289 
1 289 
3 289 3444 4201 
2 290 4300 
3 290 5029 2401 
1 290 
2 290 5008 
1 290 
4 290 4898 5090 2175 
1 290 
3 3534 290 3505 
3 290 4640 4567 
3 5579 3364 290 
1 290 
1 290 
1 290 
1 291 
4 5215 2924 291 5449 
2 1385 291 
1 291 
1 291 
4 1009 291 4990 5226 
3 291 1118 5342 
1 291 
3 4808 291 1015 
1 291 
2 5138 291 
3 4996 5491 291 
3 5556 2708 291 
1 291 
2 5179 291 
2 1547 291 
2 534 291 
1 291 
2 291 5004 
1 291 
1 292 
1 292 
3 2414 4813 292 
2 292 2174 
4 3939 5478 292 1710 
1 292 
3 470 2320 292 
2 292 1142 
1 292 
2 292 3696 
4 5326 3229 1535 292 
3 848 3836 292 
2 293 5569 
4 4726 4882 293 5067 
4 3910 293 3340 3622 
1 293 
2 3860 293 
2 293 3724 
2 5866 293 
1 293 
1 293 
1 293 
3 4279 4150 293 
3 2096 293 3954 
2 5405 293 
2 293 2489 
3 3711 293 435 
2 293 1052 
3 2314 293 3420 
3 3290 293 1883 
3 3840 293 5643 
1 293 
2 3958 293 
4 3874 2966 2454 294 
3 1588 3436 294 
3 3630 294 1521 
1 294 
1 294 
3 2631 3429 294 
4 490 3805 1979 294 
1 294 
3 5574 294 1946 
2 5353 294 
3 5324 294 3832 
2 4376 294 
1 294 
2 294 825 
2 3647 294 
1 294 
4 5842 5371 295 4462 
3 295 1597 5094 
2 295 5829 
1 295 
1 295 
2 4795 295 
3 3714 295 2197 
3 4977 2170 295 
3 2049 3136 295 
3 4537 295 3698 
1 295 
2 1386 295 
3 5243 295 4639 
3 5075 926 295 
2 378 295 
5 2563 4713 2481 295 324 
1 295 
1 295 
5 4305 4513 3087 295 5686 
2 296 5572 
3 1203 5479 296 
3 4001 2362 296 
3 2047 3107 296 
2 3807 296 
2 944 296 
2 3536 296 
1 296 
3 4332 296 3904 
1 296 
4 5337 2172 296 725 
3 1036 2032 296 
6 5402 2519 1571 5771 296 3723 
2 296 4960 
3 5499 1750 296 
1 296 
4 5627 1993 549 296 
5 3907 5555 4309 3441 296 
1 296 
5 3019 985 5528 297 299 
3 4954 4636 297 
3 2207 297 573 
2 3857 297 
4 3290 5023 297 707 
2 5463 297 
2 3670 297 
1 297 
2 297 1883 
2 3345 297 
1 297 
1 297 
1 297 
4 3383 3650 4357 297 
3 297 2240 3489 
3 802 297 1689 
1 297 
3 5038 297 2239 
3 4066 297 4784 
2 2573 297 
5 2729 5332 1641 297 646 
1 298 
2 5421 298 
3 4480 4411 298 
1 298 
2 3074 298 
1 298 
2 2544 298 
2 3381 298 
1 298 
2 298 4789 
3 2674 298 1798 
1 298 
2 298 3999 
1 298 
1 298 
1 298 
1 298 
1 298 
5 2088 3675 4750 298 3979 
3 3532 4746 298 
2 298 4861 
2 4648 298 
1 298 
3 3457 2503 298 
3 3857 2660 298 
4 734 1152 1441 299 
1 299 
4 2311 1776 299 4568 
2 299 4901 
2 2248 299 
3 1922 908 299 
2 3674 299 
3 299 5571 2651 
2 2352 299 
1 299 
2 2834 299 
3 1217 345 299 
3 605 3461 299 
2 299 1429 
3 2430 1929 299 
1 299 
2 299 1360 
1 299 
1 299 
1 299 
1 299 
2 2349 299 
3 662 3497 299 
3 859 299 5517 
1 300 
2 3598 300 
1 300 
1 300 
1 300 
3 1374 1907 300 
1 300 
1 300 
2 300 1050 
2 4804 300 
3 5309 3581 300 
1 300 
4 335 5008 300 4603 
4 2671 5802 1379 300 
1 300 
1 300 
2 4264 300 
5 361 857 3218 300 3573 
2 964 300 
1 300 
2 300 3767 
3 2206 2213 300 
1 300 
2 1720 300 
2 300 1033 
2 2166 301 
2 301 634 
1 301 
1 301 
1 301 
2 4343 301 
1 301 
3 2493 3345 301 
1 301 
3 1739 301 4661 
3 4513 3813 301 
2 1438 301 
3 5417 301 1338 
2 5318 301 
2 1303 301 
1 301 
4 1312 2894 301 5793 
3 2747 301 5554 
1 301 
1 301 
2 1236 302 
1 302 
3 4595 302 1363 
2 1912 302 
2 5270 302 
3 3372 302 4861 
1 302 
2 302 977 
1 302 
1 302 
3 2285 3136 302 
1 302 
2 5396 302 
2 2772 302 
1 302 
2 907 302 
1 302 
2 2975 303 
4 4068 1077 3494 303 
2 4898 303 
1 303 
2 2850 303 
1 303 
4 2452 2574 303 3270 
3 4066 3053 303 
4 2308 3591 1526 303 
1 303 
1 303 
1 303 
1 303 
1 303 
1 303 
4 3359 4642 3668 303 
2 2532 304 
3 3278 304 1782 
1 304 
1 304 
3 4277 1322 304 
1 304 
4 2302 2857 4191 304 
4 5157 808 304 3832 
3 3321 4310 304 
1 304 
2 2135 304 
2 2172 304 
3 1904 304 2284 
2 1041 304 
2 1253 304 
2 305 1363 
1 305 
4 3200 3339 866 305 
2 4880 305 
4 3166 4040 4388 305 
1 305 
4 3939 5110 5284 305 
3 1874 3643 305 
1 305 
1 305 
1 305 
1 305 
2 3202 305 
1 305 
4 4761 4345 4522 305 
3 4206 1832 305 
2 1318 305 
2 3580 305 
1 305 
2 5139 305 
2 1947 305 
2 5201 305 
2 4973 305 
1 305 
2 306 1004 
1 306 
2 306 779 
2 306 3220 
2 306 1060 
3 306 4272 4624 
3 306 869 1704 
2 306 4194 
2 306 411 
1 306 
2 306 5567 
2 306 4775 
1 306 
4 306 3558 3826 4546 
2 306 1514 
1 306 
3 306 986 663 
3 306 3028 3714 
1 306 
2 306 2317 
2 4709 307 
2 307 632 
1 307 
4 1259 307 4812 2605 
2 307 5158 
2 307 4412 
3 3745 307 4042 
2 307 1267 
2 307 551 
2 307 1415 
2 307 4497 
1 307 
3 307 573 5685 
1 307 
1 308 
3 308 1344 3218 
2 308 3229 
1 308 
2 308 2504 
1 308 
2 308 2577 
3 308 459 5657 
1 308 
1 308 
2 5146 308 
1 308 
1 308 
2 2308 308 
2 308 1992 
2 308 1630 
2 308 4612 
2 309 1529 
2 309 4430 
1 309 
1 309 
1 309 
1 309 
2 309 2782 
2 309 2401 
2 309 4875 
2 326 309 
3 3343 309 2152 
1 309 
1 309 
2 309 2472 
2 309 2920 
2 4050 309 
4 3023 309 3542 4817 
2 5538 309 
4 309 5279 666 4600 
2 3467 309 
2 309 372 
1 309 
3 309 3636 2987 
1 309 
3 309 4965 338 
2 309 4123 
1 309 
3 309 5057 1665 
3 3140 309 5156 
1 310 
2 5536 310 
1 310 
2 310 4426 
1 310 
1 310 
1 310 
1 310 
1 310 
1 310 
3 310 722 4025 
1 310 
3 310 2725 2488 
1 310 
1 310 
1 310 
1 310 
3 2469 310 2647 
1 311 
1 311 
3 311 2032 786 
2 311 915 
1 311 
1 311 
2 311 4051 
3 311 5505 2648 
2 1585 311 
2 311 3532 
4 3361 4307 311 988 
3 311 1404 2861 
5 2999 311 3192 3007 670 
4 1808 311 3340 616 
3 3292 311 3194 
1 311 
1 311 
2 311 1889 
1 311 
1 311 
3 2340 312 2699 
2 4589 312 
1 312 
2 312 2091 
3 1240 312 5144 
1 312 
2 312 4459 
4 312 2917 3146 1462 
3 4710 312 2317 
2 312 502 
1 312 
1 312 
2 312 3107 
2 312 1444 
2 312 411 
3 312 457 5312 
1 312 
2 312 2763 
1 313 
1 313 
2 313 3682 
2 313 3085 
