4.955800e-01 1.606200e-01 2.598300e-01 2.539900e-01 6.508300e-01 
2.494700e-01 1.092500e-01 4.875200e-01 1.643200e-01 4.548200e-01 
2.761200e-01 9.551900e-01 1.540700e-01 1.159200e-01 2.132200e-01 
8.664000e-02 2.017500e-01 3.180200e-01 2.647500e-01 4.147700e-01 
1.365400e-01 1.449200e-01 7.952800e-01 1.889800e-01 1.975900e-01 
7.746100e-01 3.120900e-01 3.756400e-01 8.550500e-02 4.075500e-01 
1.035600e-01 4.161900e-01 4.856600e-01 2.639700e-01 2.639500e-01 
3.193600e-01 1.611200e-01 1.533700e-01 3.898400e-01 1.735900e-01 
3.061000e-01 1.433800e-01 5.756600e-01 4.116100e-01 3.099300e-01 
1.922200e-01 1.995600e-01 1.821500e-01 1.591400e-01 2.797400e-01 
3.920400e-01 1.591000e-01 4.550700e-01 7.848700e-02 2.635000e-01 
2.563700e-01 2.513500e-01 3.750600e-01 7.677600e-02 3.329900e-01 
2.286600e-01 2.462500e-01 1.682300e-01 2.085700e-01 2.876300e-01 
1.333400e-01 2.353700e-01 3.064200e-01 3.019500e-01 2.447000e-01 
1.858300e-01 1.418800e-01 2.181300e-01 1.930700e-01 4.577300e-01 
1.397800e-01 1.796300e-01 2.182400e-01 3.376800e-01 1.920200e-01 
2.327400e-01 7.197900e-01 2.209100e-01 1.958200e-01 2.645600e-01 
3.849100e-01 2.841000e-01 1.223300e-01 1.628600e-01 1.760000e-01 
5.272800e-01 1.803900e-01 5.169100e-01 1.879200e-01 7.889900e-02 
4.051900e-01 2.287100e-01 1.429800e-01 2.097100e-01 3.377900e-01 
4.062900e-01 1.704700e-01 9.057500e-02 1.202000e-01 4.729500e-01 
3.193400e-01 3.356100e-01 2.444000e-01 2.998000e-01 1.007200e-01 
2.231300e-01 1.676800e-01 3.655500e-01 1.625100e-01 1.616300e-01 
1.803800e-01 1.538000e-01 5.530600e-02 3.055000e-01 1.827300e-01 
2.553200e-01 1.985400e-01 3.071000e-01 3.414900e-02 2.758700e-01 
1.786300e-01 2.050000e-01 1.318100e-01 6.924200e-01 3.558700e-01 
4.096800e-01 1.153500e-01 1.520200e-01 4.056600e-01 3.880600e-01 
1.390500e-01 4.201500e-01 9.884700e-02 1.668000e-01 3.101000e-01 
1.350100e-01 8.561300e-02 6.162700e-02 3.548700e-01 7.363500e-02 
5.007800e-01 2.263800e-01 8.562600e-02 1.976800e-01 1.866900e-01 
3.104000e-01 1.048600e-01 2.197700e-01 2.836700e-01 1.973100e-01 
1.731300e-01 1.398400e-01 3.901300e-01 9.146800e-01 2.027600e-01 
1.414800e-01 2.363100e-01 1.530400e-01 5.517500e-01 2.033100e-01 
2.277800e-01 2.550000e-01 1.600700e-01 7.699300e-01 2.025500e-01 
2.569300e-01 6.513200e-02 3.223000e-01 4.730100e-01 1.923500e-01 
3.423500e-01 6.283700e-02 1.249000e-01 3.983500e-01 2.253900e-01 
4.211400e-01 7.549600e-02 5.629600e-02 2.791200e-01 6.204900e-01 
1.290700e-01 8.895200e-01 6.980400e-01 2.423400e-01 2.501200e-01 
1.579800e-01 4.486200e-01 8.012900e-02 3.082400e-01 1.727200e-01 
1.923000e-01 1.170800e-01 6.167600e-02 3.111700e-01 1.999800e-01 
1.525500e-01 9.223000e-02 1.366700e-01 2.021300e-01 7.037100e-02 
1.813400e-01 4.549900e-01 1.061400e-01 7.487100e-02 5.162500e-02 
1.220100e-01 5.655900e-02 2.799800e-01 1.947200e-01 2.589400e-01 
1.385800e-01 2.439800e-01 6.342200e-02 2.127200e-01 1.742600e-01 
6.299000e-02 2.033000e-01 2.120800e-01 2.216200e-01 1.797100e-01 
5.947300e-02 1.144800e-01 3.261400e-01 2.722100e-01 5.806300e-01 
2.482500e-01 4.469300e-01 1.913300e-01 5.021900e-02 1.131100e-01 
2.762000e-01 7.092300e-02 1.539500e-01 1.159700e-01 2.186700e-01 
2.313500e-01 4.993300e-01 1.736600e-01 2.212200e-01 3.369500e-01 
2.062700e-01 3.411900e-01 1.591500e-01 1.325500e-01 2.164200e-01 
2.268500e-01 2.249300e-01 4.476400e-01 3.570600e-01 1.990900e-01 
4.972900e-02 6.956900e-02 1.072400e-01 8.684600e-01 2.204600e-01 
1.653700e-01 2.266500e-01 6.572800e-02 3.999100e-01 2.063100e-01 
3.685500e-01 2.075200e-01 7.854200e-02 9.885200e-02 1.795300e-01 
2.255200e-01 1.693100e-01 2.074800e-01 2.042700e-01 1.487700e-01 
1.995100e-01 1.066800e-01 2.462000e-01 2.540000e-01 1.920900e-01 
1.368700e-01 7.024800e-02 2.889900e-02 2.245500e-01 2.230300e-01 
1.097700e-01 1.921400e-01 4.262900e-01 3.433400e-01 1.972000e-01 
9.175700e-02 1.702400e-01 3.808500e-01 2.320000e-01 1.969300e-01 
1.821200e-01 8.648800e-01 1.877000e-01 3.823600e-02 1.810300e-01 
1.879700e-01 4.630600e-01 2.129900e-01 2.565500e-01 5.193200e-01 
2.602500e-01 1.743200e-01 1.172800e-01 1.744500e-01 1.153600e-01 
1.095900e-01 2.171900e-01 1.283900e-01 9.613800e-02 2.446300e-01 
2.097700e-01 1.307900e-01 2.216900e-01 5.092400e-01 7.724200e-02 
6.631800e-02 2.492200e-01 2.087400e-01 1.975300e-01 2.105900e-01 
2.634200e-01 1.387500e-01 2.001100e-01 3.171300e-01 5.056100e-01 
7.616800e-02 2.073200e-01 4.906400e-01 1.109800e-01 7.427000e-02 
3.778200e-01 9.149900e-02 1.321100e-01 1.135400e-01 1.462000e-01 
1.555900e-01 2.028900e-01 1.846700e-01 1.765800e-01 1.402200e-01 
1.740300e-01 1.700100e-01 1.349200e-01 1.440300e-01 1.886100e-01 
5.129100e-02 6.180600e-01 2.643800e-01 2.108200e-01 2.522200e-01 
5.194700e-02 9.167200e-02 9.529200e-02 3.763400e-01 1.430300e-01 
1.937700e-01 1.192800e-01 2.068700e-01 2.507100e-01 2.795500e-01 
8.529200e-01 2.522900e-01 2.962000e-01 5.497800e-02 3.951100e-01 
1.488600e-01 7.571000e-02 2.782500e-01 2.967500e-01 7.032400e-02 
2.649500e-01 2.510900e-01 2.707900e-02 4.146000e-01 4.173400e-01 
3.895200e-02 6.094200e-02 2.792300e-01 5.213200e-01 1.669500e-01 
3.772900e-01 1.593800e-01 1.180100e-01 2.789300e-01 3.327200e-01 
5.115000e-02 1.359400e-01 2.042700e-01 4.503400e-01 6.282100e-02 
2.478000e-01 1.158100e-01 1.705900e-01 1.681200e-01 1.160800e-01 
4.235200e-02 2.416200e-01 2.033500e-01 1.328800e-01 1.539700e-01 
2.923700e-01 1.206200e-01 2.678000e-01 3.213400e-01 3.169600e-01 
1.410300e-01 6.826200e-02 2.841900e-01 3.068400e-01 1.717900e-01 
1.050900e-01 1.454300e-01 2.802600e-01 1.842800e-01 1.239300e-01 
3.023300e-01 3.735600e-02 2.806800e-01 3.127200e-01 4.381600e-01 
2.454400e-01 3.110100e-01 2.004700e-01 2.001800e-01 2.705300e-01 
2.132700e-01 2.037500e-01 2.778500e-01 5.180900e-01 3.199600e-01 
2.426700e-01 5.222100e-02 2.628200e-01 2.424700e-01 1.591400e-01 
4.058000e-01 1.638400e-01 2.426500e-01 1.315700e-01 7.358700e-02 
4.148200e-02 3.603300e-01 1.446200e-01 1.320600e-01 8.782100e-02 
1.764200e-01 1.431900e-01 2.002200e-01 1.986700e-01 1.862400e-01 
