1 9.900000e-01 1 9.900000e-01 1 
1 9.800000e-01 9.900000e-01 1 1 
1 1 1 9.700000e-01 1 
9.800000e-01 1 1 1 1 
9.900000e-01 1 9.700000e-01 1 9.900000e-01 
1 9.900000e-01 1 1 1 
1 1 1 1 1 
1 1 1 1 1 
1 1 1 1 1 
1 1 1 1 9.900000e-01 
1 1 1 1 1 
1 7.800000e-01 1 9.500000e-01 1 
1 1 9.900000e-01 1 6.900000e-01 
9.700000e-01 1 1 1 1 
1 1 1 1 1 
1 1 9.800000e-01 1 1 
1 1 1 1 1 
1 1 1 1 1 
1 1 1 1 1 
1 9.700000e-01 1 1 1 
1 1 1 1 1 
1 1 1 1 1 
9.500000e-01 1 1 1 1 
1 1 1 1 1 
1 1 1 9.900000e-01 1 
1 1 1 1 1 
1 1 9.900000e-01 1 1 
1 1 1 1 1 
9.900000e-01 1 1 1 1 
1 1 1 1 1 
1 1 1 1 1 
1 1 1 1 1 
1 1 1 1 1 
1 1 1 1 1 
1 1 1 1 1 
1 1 1 1 1 
1 1 9.800000e-01 1 1 
9.900000e-01 1 1 1 1 
1 1 1 1 1 
1 1 1 1 9.300000e-01 
1 1 1 1 1 
1 1 1 1 1 
1 1 1 1 9.800000e-01 
1 1 1 1 1 
1 1 1 1 1 
1 1 1 1 1 
1 1 1 1 1 
1 1 1 1 1 
1 1 1 1 1 
1 1 1 1 1 
1 1 1 1 1 
9.900000e-01 1 1 1 1 
1 1 1 1 1 
1 1 1 1 1 
1 1 1 1 1 
9.900000e-01 8.800000e-01 1 1 1 
1 1 1 1 1 
1 1 1 1 1 
9.700000e-01 9.900000e-01 1 1 1 
9.800000e-01 1 1 9.900000e-01 1 
1 1 1 1 1 
1 9.900000e-01 1 1 1 
1 1 1 1 1 
1 1 1 1 1 
1 1 1 1 1 
1 1 1 1 1 
1 9.900000e-01 1 1 9.900000e-01 
1 1 9.900000e-01 1 1 
1 1 1 1 1 
1 1 1 1 1 
1 1 1 1 1 
1 1 1 1 1 
1 1 9.900000e-01 1 1 
1 1 1 1 1 
1 1 1 1 1 
1 1 9.900000e-01 1 1 
1 1 1 1 1 
1 1 1 1 1 
1 1 1 1 1 
1 1 1 1 1 
1 1 1 1 1 
1 1 1 1 1 
1 1 1 1 1 
1 1 1 1 1 
1 1 1 1 1 
1 1 1 1 1 
1 1 1 1 1 
1 9.900000e-01 1 1 1 
1 1 1 1 1 
1 1 1 1 1 
1 1 1 1 1 
