10 2 3 4 5 6 7 8 9 10 11 
2 7 1 
20 12 13 14 15 16 17 18 19 20 21 22 23 24 25 26 1 27 28 29 30 
36 31 32 33 34 35 36 37 38 39 40 41 42 43 44 45 46 47 48 49 50 1 51 52 53 54 55 56 57 58 59 60 61 62 63 64 65 
258 66 67 68 69 70 71 72 73 74 75 76 77 78 79 80 81 82 83 84 85 86 87 88 89 90 91 92 93 94 95 96 97 98 99 100 101 102 103 104 105 106 107 108 109 110 111 112 113 114 115 116 117 118 119 120 121 122 123 124 125 126 127 128 129 130 131 132 133 134 135 136 137 138 139 140 141 142 143 144 145 146 147 148 149 150 151 152 153 154 155 156 157 158 159 160 161 162 163 164 165 166 167 168 169 170 171 172 39 173 174 175 176 177 178 179 180 181 182 183 184 185 186 187 188 189 190 191 192 193 194 195 196 197 198 199 200 201 202 203 204 205 206 207 208 209 43 210 211 212 213 214 215 216 217 218 219 220 221 222 223 224 225 226 227 228 229 230 231 232 233 234 235 236 237 238 239 240 241 242 243 244 245 246 247 248 249 250 251 252 253 1 51 254 255 256 257 258 259 260 261 262 263 55 264 56 265 266 267 268 269 270 271 272 273 274 275 276 277 278 279 280 281 282 283 284 285 286 287 288 289 290 291 292 293 294 295 296 297 298 299 300 301 302 303 304 305 306 307 308 309 310 311 312 313 314 315 316 317 
12 318 319 320 321 322 323 324 325 326 327 328 1 
7 10 2 329 330 331 1 332 
4 1 90 333 11 
13 1 334 335 16 336 337 338 339 340 341 342 343 11 
8 344 1 329 345 346 7 347 11 
15 348 203 9 336 13 349 8 350 329 1 10 351 352 353 354 
17 355 356 357 358 359 360 361 330 362 363 364 365 366 367 368 3 369 
895 370 371 372 373 374 375 376 377 378 379 380 381 382 383 384 385 342 386 387 388 389 390 391 392 393 394 395 396 397 398 399 400 401 402 403 404 405 406 407 408 409 410 411 17 412 413 414 415 416 417 418 419 420 421 422 423 424 425 426 427 428 429 430 431 432 433 434 435 436 437 438 439 440 441 442 443 444 445 446 447 448 449 450 451 452 453 454 455 456 457 458 459 460 461 462 463 464 465 466 467 468 469 470 471 472 473 474 475 476 477 478 479 480 481 482 483 484 485 486 487 488 489 490 491 492 493 494 495 496 497 498 499 500 501 502 503 504 505 506 507 508 509 510 511 512 513 514 515 516 517 518 519 520 521 522 523 524 525 526 527 528 529 530 531 532 533 534 535 536 537 538 539 540 541 542 543 544 545 546 547 548 549 550 551 552 553 554 555 556 557 558 559 560 561 562 563 564 565 566 567 568 569 570 571 572 573 574 575 576 577 578 579 580 581 582 583 584 325 585 586 587 588 589 590 591 592 593 594 595 596 597 598 599 600 601 602 603 604 605 606 607 608 609 610 611 612 613 614 615 616 617 618 619 620 621 622 623 624 625 626 627 628 629 630 631 632 633 634 635 636 637 638 639 640 641 642 643 351 644 645 646 647 648 649 650 651 652 653 654 655 656 657 658 659 660 661 662 663 664 665 666 667 668 669 670 671 672 673 674 675 676 677 678 679 680 681 682 683 684 685 686 687 688 689 690 691 692 693 694 695 696 697 698 699 700 701 702 703 704 705 706 707 708 709 710 711 14 712 713 714 715 716 717 718 719 720 322 721 722 723 724 725 726 727 728 729 730 731 732 733 734 735 736 737 738 739 740 741 742 743 744 745 746 747 748 749 750 751 752 753 754 755 756 757 758 759 760 761 762 763 764 765 766 767 768 769 770 771 772 773 774 775 776 777 778 779 780 781 782 783 784 785 786 787 788 789 790 791 335 792 793 794 795 796 797 798 799 800 801 802 803 804 805 806 807 808 809 810 811 812 813 814 815 816 817 818 819 820 821 822 823 824 825 826 827 828 829 830 326 831 832 833 834 835 836 837 838 839 840 841 842 843 844 845 846 847 848 849 850 851 852 853 854 855 856 857 858 859 860 861 862 863 864 865 866 867 868 869 870 871 872 873 874 875 876 877 878 879 880 881 882 883 884 885 886 887 888 889 890 891 892 893 894 895 896 897 898 899 900 901 902 903 904 905 906 907 908 909 910 911 912 913 914 915 916 917 918 919 920 921 922 923 924 925 926 927 928 929 930 931 932 933 934 935 936 937 938 939 940 941 942 943 944 945 946 947 948 949 950 951 952 953 954 955 956 957 958 959 960 961 962 963 964 965 966 967 968 969 970 971 972 973 974 975 976 977 978 979 980 981 982 983 984 985 986 987 988 989 990 991 992 993 994 995 996 997 998 999 1000 1001 1002 1003 1004 1005 1006 1007 1008 1009 1010 1011 1012 1013 1014 1015 1016 1017 1018 1019 1020 1021 1022 1023 1024 1025 1026 1027 1028 1029 1030 1031 1032 1033 1034 1035 1036 1037 1038 1039 1040 1041 1042 1043 1044 1045 1046 1047 1048 1049 1050 1051 1052 1053 1054 1055 1056 1057 1058 1059 1060 1061 1062 1063 1064 1065 1066 1067 1068 1069 1070 1071 1072 1073 1074 1075 1076 1077 1078 1079 1080 1081 1082 1083 1084 1085 1086 1087 1088 1089 1090 1091 1092 1093 1094 1095 1096 1097 1098 1099 1100 1101 1102 1103 1104 1105 1106 1107 1108 1109 1110 1111 1112 1113 1114 1115 1116 1117 1118 1119 1120 1121 1122 1123 1124 1125 1126 1127 1128 1129 1130 1131 3 1132 1133 1134 1135 1136 1137 1138 1139 1140 1141 1142 1143 1144 1145 1146 1147 1148 1149 1150 1151 11 1152 1153 1154 1155 1156 1157 1158 1159 1160 1161 1162 1163 1164 1165 1166 1167 1168 1169 1170 1171 1172 1173 1174 1175 1176 1177 1178 1179 1180 1181 1182 1183 1184 1185 1186 1187 1188 1189 1190 1191 1192 1193 1194 1195 1196 1197 1198 1199 1200 1201 1202 1203 1204 1205 329 1206 1207 1208 1209 1210 1211 1212 1213 1214 1215 1216 1217 1218 1219 1220 1221 1222 1223 1224 1225 1226 1227 1228 1229 1230 30 1231 1232 1233 1234 1235 1236 1237 1238 1239 1240 1241 1242 1243 1244 1245 1246 1247 1248 1249 1250 1251 1252 
518 1253 1254 1255 1256 1257 823 1258 1259 1260 13 1261 1262 1263 1264 1265 571 1266 1267 1268 1269 1270 318 1271 1272 1273 469 1274 374 375 1275 1276 380 384 1277 1278 386 1279 1280 1281 1282 1283 1284 1285 1286 1287 1288 1289 1290 1291 1292 1293 1294 1295 1296 1297 1298 1299 1300 414 1301 1302 416 417 1303 419 1304 1305 1306 422 1307 1308 1309 427 1310 1311 1312 1313 431 432 1314 1315 1316 434 1317 1318 1319 1320 436 1321 1322 440 1323 1324 1325 1326 1327 1328 1329 1330 1331 1332 451 1333 1334 457 1335 460 1336 1337 1338 1339 468 472 1340 1341 1342 1343 1344 1345 1346 478 1347 1348 482 1349 1350 1351 1352 1353 1354 1355 1356 1357 493 1358 1359 1360 1361 1362 501 1363 503 1364 509 510 1365 1366 1367 1368 1369 1370 1371 515 1372 1373 1374 1375 1376 523 1377 1378 1379 1380 531 1381 1382 1383 1384 1385 1386 1387 1388 1389 1390 542 543 1391 1392 1393 548 1394 1395 1396 1397 1398 560 1399 1400 1401 568 1402 1403 576 578 1404 1405 581 1406 583 1407 1408 584 1409 585 587 1410 1411 1412 1413 601 1414 1415 604 19 1416 1417 609 611 1418 612 1419 1420 613 1421 1422 1423 615 1424 1425 616 1426 1427 1428 1429 1430 1431 623 1432 625 1433 332 1434 630 1435 1436 1437 1438 1439 638 1440 1441 642 1442 1443 646 1444 1445 1446 1447 652 654 1448 655 1449 1450 659 1451 1452 1453 1454 664 1455 1456 1457 1458 1459 1460 1461 1462 1463 676 1464 680 1465 1466 683 686 1467 690 1468 692 694 1469 1470 1471 1472 696 701 1473 1474 704 1475 1476 1477 1478 1479 1480 1481 1482 1483 1484 1485 1486 1487 720 322 722 725 1488 1489 1490 1491 1492 1493 1494 1495 1496 731 1497 1498 1499 734 735 1500 1501 1502 1503 741 1504 1505 1506 1507 1508 1509 1510 1511 1512 1513 1514 1515 1516 772 773 1517 1518 777 1519 1520 1521 1522 1523 1524 1525 1526 783 789 335 1527 1528 1529 1530 1531 1532 798 1533 1534 1535 1536 804 806 24 1537 1538 1539 1540 809 1541 811 1542 1543 1544 1545 1546 1547 818 819 1548 1549 1550 1551 1552 833 1553 837 838 1554 845 1555 1556 1557 1558 1559 1560 1561 1562 859 861 1563 1564 1565 864 865 1566 1567 1568 868 1569 1570 1571 1572 1573 1574 1575 1576 1577 1578 1579 1580 880 1581 1582 886 1583 1584 1585 1586 1587 1588 1589 1590 1591 1592 1593 907 910 1594 1595 1596 1597 1598 1599 1600 936 942 955 964 968 972 974 975 977 981 984 989 990 996 998 1000 1020 1024 1039 1040 1042 1045 1059 1063 1066 1067 1075 1078 1080 1083 1090 1096 1098 1099 1101 1109 1120 3 1142 1154 1162 1164 1170 16 1186 1191 1195 1196 1202 1211 340 1212 1214 1217 1234 1244 
5 559 780 867 3 1225 
38 1273 878 14 1280 1287 1296 1298 1301 439 1350 1359 496 539 552 555 1441 642 1447 662 686 1468 692 1487 1488 1496 1501 9 791 1547 1548 326 1569 894 1595 1096 3 1138 1164 
7 337 13 330 3 24 26 29 
3 3 20 22 
3 3 14 23 
3 18 3 26 
1 3 
4 18 3 26 29 
2 3 19 
12 606 342 522 335 430 14 1203 17 1338 3 1322 457 
1 3 
6 22 20 3 17 342 367 
1 3 
1 3 
6 17 3 342 559 22 401 
2 3 13 
1 4 
2 71 4 
1 4 
6 40 64 79 4 44 71 
4 4 133 37 43 
5 66 4 48 79 47 
18 49 59 235 317 120 38 35 102 62 4 279 44 188 56 68 221 234 236 
8 72 70 56 67 4 130 37 221 
4 5 4 79 299 
5 4 71 64 34 44 
3 4 106 298 
1 4 
4 5 134 35 4 
18 71 46 64 40 4 79 111 120 125 133 34 37 165 175 182 221 266 270 
1 4 
2 4 44 
6 48 287 4 120 198 36 
4 4 59 36 47 
3 4 71 37 
1 4 
8 79 5 4 175 204 236 55 299 
2 64 4 
2 4 71 
1 4 
17 190 240 56 5 316 192 79 101 111 227 120 146 4 51 229 234 236 
14 70 4 5 67 108 133 151 37 38 204 224 225 236 55 
1 4 
2 4 79 
3 4 37 48 
3 79 4 153 
2 4 109 
6 4 79 72 37 224 255 
1 4 
8 4 89 133 34 40 44 52 290 
2 4 175 
27 70 81 84 90 97 122 71 140 36 153 158 170 189 192 201 205 218 220 79 5 229 244 249 271 284 72 301 
17 87 104 105 71 145 156 167 38 189 198 209 219 220 226 5 56 265 
23 74 78 94 136 140 157 73 37 161 170 190 210 214 218 79 5 233 239 259 284 294 72 316 
12 90 123 136 170 189 190 198 210 79 5 231 284 
7 93 38 5 66 237 56 301 
37 75 79 76 66 74 67 100 102 108 32 118 124 133 34 140 40 77 188 210 44 212 213 219 221 225 5 234 235 236 245 249 49 53 268 301 314 317 
12 68 66 84 93 104 109 38 189 222 5 241 62 
16 79 68 94 110 140 151 153 157 158 170 210 217 218 5 233 298 
5 71 218 79 5 68 
4 71 79 5 249 
5 96 71 196 205 5 
10 71 90 153 158 204 210 219 5 235 273 
13 81 96 153 158 192 201 218 220 79 5 249 271 68 
34 74 78 66 68 69 75 103 104 71 34 36 145 152 1419 73 159 39 175 191 206 210 44 218 224 5 51 55 265 271 58 60 277 62 1182 
1 5 
3 78 5 66 
2 5 84 
2 102 5 
12 5 72 66 82 93 116 120 223 226 248 277 305 
1 5 
4 5 93 87 1123 
6 67 5 86 171 174 199 
2 5 198 
2 5 64 
13 77 66 69 5 114 136 148 8 169 170 175 726 283 
4 5 123 230 249 
1 5 
9 5 72 301 84 70 86 119 181 297 
4 68 190 73 5 
5 133 5 212 108 131 
3 76 5 78 
3 301 5 66 
2 5 102 
2 5 190 
2 71 5 
3 5 240 55 
12 5 71 83 98 108 133 37 182 212 225 245 288 
2 79 5 
4 72 79 67 5 
3 67 5 121 
2 41 5 
2 5 158 
8 5 133 95 71 146 191 56 102 
23 5 72 119 125 128 137 138 149 165 171 174 194 204 226 227 241 253 261 278 61 289 315 316 
4 73 233 5 157 
3 5 44 55 
1 5 
1 5 
3 5 90 240 
1 5 
2 5 84 
1 5 
4 71 5 211 325 
5 198 93 109 5 250 
7 44 84 5 37 221 47 55 
2 105 5 
2 5 66 
5 5 69 91 228 249 
7 71 5 171 249 268 270 289 
4 109 44 5 178 
1 5 
2 5 256 
4 109 5 253 289 
1 5 
4 38 279 5 152 
6 312 133 5 219 309 95 
1 5 
14 71 102 64 146 35 5 225 233 44 56 95 108 131 212 
2 5 43 
3 5 190 150 
6 90 68 5 69 190 311 
5 261 235 241 5 109 
4 109 5 204 304 
2 170 5 
5 73 71 68 66 5 
1 5 
2 5 299 
1 5 
1 5 
3 5 79 67 
5 5 108 133 212 55 
2 5 190 
4 170 190 90 5 
4 5 227 194 109 
3 5 190 135 
3 73 5 56 
4 79 191 5 130 
6 5 66 77 78 73 60 
1 5 
1 5 
2 67 5 
5 68 233 73 5 110 
7 77 5 78 66 73 107 302 
2 5 79 
1 5 
3 190 68 5 
1 5 
1 5 
1 5 
3 109 5 44 
1 5 
3 5 210 67 
2 5 311 
5 170 90 195 190 5 
10 5 90 73 68 66 69 139 148 169 259 
5 109 219 87 5 124 
1 5 
1 5 
4 109 87 230 5 
10 214 44 79 51 90 190 192 5 65 228 
2 190 5 
3 5 217 293 
2 5 125 
3 1261 1254 5 
1 5 
2 5 93 
3 44 102 5 
1 5 
1 5 
1 5 
1 5 
1 5 
3 71 5 37 
5 72 5 69 66 67 
22 68 69 5 94 99 135 136 147 148 150 161 169 175 176 194 195 214 259 55 286 304 311 
8 79 225 250 5 108 152 286 312 
5 78 5 66 175 55 
1 5 
6 109 190 264 5 149 289 
3 190 5 169 
3 5 76 1263 
1 5 
8 301 69 243 67 5 88 119 47 
2 87 5 
1 5 
5 78 66 5 231 299 
1 5 
2 5 11 
6 56 138 109 77 51 5 
3 66 5 76 
4 5 240 229 79 
1 5 
1 5 
3 250 67 5 
8 69 5 77 71 68 73 79 167 
4 5 118 215 307 
6 146 5 102 71 133 95 
2 71 5 
4 68 190 5 175 
2 211 5 
1 5 
3 73 177 5 
7 5 79 68 78 73 74 66 
6 71 67 77 5 131 171 
4 67 5 78 66 
6 38 71 120 37 5 44 
2 72 5 
2 5 84 
4 5 79 62 56 
6 71 102 5 56 133 191 
4 84 109 5 67 
6 253 5 109 149 236 55 
3 123 5 175 
4 66 5 206 55 
5 5 280 91 174 293 
6 268 69 201 5 270 299 
2 5 240 
6 5 73 68 110 133 157 
4 71 55 5 37 
6 71 77 5 137 37 287 
7 37 227 5 71 56 51 55 
3 5 70 301 
1 5 
4 1517 68 1261 5 
6 114 101 5 232 206 55 
5 72 5 109 137 287 
1 5 
2 5 198 
2 5 66 
3 102 5 71 
1 5 
1 5 
2 5 84 
9 78 123 5 71 75 280 124 66 91 
4 5 119 191 209 
1 5 
1 5 
6 5 109 128 227 261 315 
2 5 1229 
2 5 62 
2 5 127 
1 5 
1 5 
4 190 5 170 68 
1 5 
4 253 5 109 137 
2 5 271 
1 5 
3 5 194 289 
4 67 79 5 291 
2 44 5 
1 5 
4 71 5 124 231 
1 5 
4 5 44 124 231 
5 66 5 78 79 262 
1 5 
2 77 5 
1 5 
1 5 
1 5 
3 5 84 79 
2 109 5 
3 5 130 37 
4 5 230 249 293 
1 5 
1 5 
2 90 5 
4 5 69 68 66 
1 5 
3 5 191 190 
5 241 235 5 47 312 
2 102 5 
6 124 109 5 194 128 264 
2 5 64 
2 265 5 
1 5 
4 177 280 5 230 
2 5 68 
1 5 
1 5 
2 5 93 
3 5 41 73 
6 142 201 5 51 231 39 
1 5 
8 71 66 5 70 93 97 198 237 
2 158 5 
1 5 
3 5 138 190 
2 84 5 
1 5 
2 211 5 
1 5 
2 5 131 
1 5 
4 5 190 136 168 
4 5 191 287 131 
1 5 
2 71 5 
3 5 109 253 
4 5 109 68 55 
3 5 71 37 
43 991 571 427 439 452 470 1340 1355 1356 1360 509 6 1402 1408 604 1418 1420 615 642 685 686 14 712 715 727 1510 1521 819 827 1555 1568 919 1597 982 1008 1133 1154 1159 1196 1203 1213 1225 1227 
5 324 1344 1378 6 711 
1 6 
4 322 324 6 325 
29 1256 14 13 1277 321 324 1314 500 6 553 325 1420 655 700 701 1519 1540 1543 1544 1553 1555 1560 862 889 1054 1055 1127 1141 1216 
3 515 324 6 
5 321 319 322 323 6 
20 843 928 711 870 831 6 900 807 674 118 386 853 322 321 351 431 13 1498 1569 370 
18 387 862 1261 16 337 6 13 1569 392 1273 1263 378 500 830 879 925 960 1141 
5 6 685 936 351 1116 
5 1323 6 1367 1544 1127 
8 13 337 1350 339 1174 7 10 11 
11 12 17 438 7 1419 361 334 780 336 349 340 
3 7 353 354 
4 936 14 1146 7 
1 8 
4 330 9 854 877 
15 1270 14 13 342 1338 485 522 559 9 24 882 954 981 988 1100 
10 330 958 1203 559 1417 351 9 826 1585 11 
42 1224 571 378 1297 17 1313 430 456 1366 1402 605 1419 642 647 664 686 1498 735 9 740 753 796 1534 803 326 1569 1580 879 913 916 925 939 942 960 1001 1090 1116 1134 1203 329 1218 1232 
1 9 
29 1090 1267 1256 1272 1268 1509 1280 1296 431 1350 1359 539 552 592 1441 1468 1487 726 1501 9 1550 830 845 859 1595 1164 1165 329 1214 
8 14 330 559 1492 9 925 960 1219 
9 1272 345 729 431 499 1491 9 1563 1216 
10 13 335 485 522 9 24 26 343 29 1232 
7 991 936 342 682 348 632 9 
2 345 10 
18 1263 396 1310 481 514 632 1445 682 341 344 1542 838 1575 10 1591 1597 1050 1146 
1 10 
2 1542 10 
2 343 11 
3 330 459 11 
1 11 
11 1416 853 336 871 1203 13 325 327 916 939 11 
1 11 
3 354 11 331 
3 331 11 353 
1 12 
1 12 
2 12 641 
1 12 
1 12 
1 12 
2 12 330 
1 12 
1 12 
2 12 1016 
1 12 
1 12 
3 26 12 369 
2 12 1492 
2 12 367 
14 372 1274 415 445 325 1253 678 705 756 781 1524 794 13 1203 
66 1254 372 374 414 436 451 463 503 521 523 546 1396 561 568 571 572 580 1272 598 627 631 633 1259 1451 669 678 694 1473 715 754 774 777 793 808 1542 813 823 855 1566 884 891 932 948 13 961 962 967 972 978 991 1042 1263 1070 1071 1086 1093 1105 1109 1124 1148 1153 1160 1176 1202 1270 1216 
27 1257 1312 1340 1360 1256 371 1396 568 626 1463 691 1268 724 756 766 772 864 1572 917 13 958 972 992 1172 1201 1208 370 
7 1396 571 1267 13 968 1156 1174 
12 813 1254 696 991 823 414 1257 371 13 1042 14 872 
9 1260 386 13 1461 14 417 1472 701 1540 
1 13 
3 1297 965 13 
9 337 1196 1367 743 326 13 392 674 879 
2 772 13 
11 1263 13 14 1256 1274 472 1493 1369 725 810 998 
1 13 
1 13 
1 13 
3 13 14 1235 
8 642 1493 13 1247 446 1265 859 1000 
48 14 13 1268 747 1260 375 389 1285 417 419 1305 1311 431 432 435 470 503 508 1379 1402 325 1451 664 665 1461 685 686 1472 1481 745 776 1540 815 840 864 883 1582 901 903 1591 916 939 952 1013 1039 1069 1116 1167 
5 1118 13 326 879 1141 
2 1129 13 
2 13 386 
2 13 1265 
12 13 396 1290 1299 1370 1411 1525 784 1542 979 1023 1250 
15 659 13 1493 1261 1274 1196 722 1162 378 712 743 1545 326 1560 1142 
3 1273 13 967 
3 435 1013 13 
1 13 
7 13 1043 345 391 1542 979 1050 
2 13 1585 
2 1116 13 
2 1123 13 
1 13 
4 729 13 559 29 
1 13 
1 13 
13 1254 817 1259 13 447 475 1362 532 1382 735 764 1555 1133 
2 13 751 
10 991 972 1521 1259 1148 13 611 1322 796 1134 
1 13 
1 13 
2 13 440 
4 1263 13 1196 509 
4 740 13 1352 1423 
2 13 415 
1 13 
18 1268 1257 1271 371 1263 1254 14 13 823 991 1267 813 374 451 919 1042 1202 1233 
6 1261 370 842 13 412 1138 
3 13 967 14 
8 13 1260 386 1461 14 375 1472 1540 
1 13 
5 386 1260 939 14 13 
2 13 521 
4 13 1230 1279 1573 
10 13 14 1273 426 567 1476 773 908 1022 1089 
1 13 
3 1224 1003 13 
1 13 
3 562 422 13 
10 1114 1118 1148 14 965 715 13 318 1254 524 
1 13 
2 13 1389 
9 13 337 685 691 24 1550 1002 1008 1207 
25 823 1350 339 14 1265 571 1179 1099 386 1154 341 1299 1196 13 1515 843 1518 890 941 1133 500 503 325 751 1216 
5 386 1260 14 13 747 
5 13 609 936 720 1247 
11 1264 1255 878 1272 669 13 1174 1273 613 679 14 
7 1013 13 386 394 470 1451 685 
8 1196 1201 823 371 13 14 571 1420 
1 13 
5 854 13 1508 1055 330 
9 13 817 318 16 1261 1255 1254 871 1481 
4 409 14 13 788 
1 13 
5 13 548 507 1254 450 
8 642 13 1423 657 1550 839 921 1227 
1 13 
6 899 370 13 831 1274 939 
3 1272 13 385 
4 532 13 404 895 
3 13 1481 730 
5 747 13 876 1047 1273 
4 507 13 442 1136 
8 919 13 414 14 991 813 823 371 
8 1140 1243 318 1272 1229 695 1263 13 
2 13 1123 
1 13 
3 811 615 13 
5 1261 1260 747 337 13 
4 672 13 14 24 
2 13 571 
2 13 349 
2 13 14 
1 13 
6 772 965 482 1114 1312 13 
5 1247 947 13 533 371 
1 13 
5 1268 1186 1395 1267 13 
2 13 1140 
1 13 
3 13 1154 14 
18 817 13 1261 1293 1298 482 568 636 1452 671 684 14 757 842 870 1262 1186 1248 
10 1013 435 318 875 386 611 13 901 1116 685 
4 900 13 1174 1377 
25 14 1493 1263 1274 13 380 510 536 611 626 1475 718 723 725 1497 742 810 886 917 955 964 974 1045 1142 1205 
2 533 13 
1 13 
5 1263 13 404 747 790 
1 13 
3 13 1102 553 
7 13 14 1263 1248 965 1396 975 
6 13 1594 1328 1203 942 1247 
10 817 1260 842 13 1140 515 568 584 850 1059 
5 845 13 345 1466 1000 
24 14 469 1266 1267 842 1258 1186 1154 13 1528 965 1509 1503 462 590 1436 758 771 809 1542 833 1599 1142 1147 
1 13 
2 13 521 
5 1270 335 342 13 522 
2 1222 13 
3 1196 13 1273 
1 13 
4 13 1196 876 611 
1 13 
1 13 
3 13 1070 1217 
10 842 965 1259 1261 991 1267 1475 14 1268 13 
1 13 
2 13 1070 
5 13 1196 16 1273 908 
3 1203 853 13 
10 606 853 1203 843 1094 13 1338 1586 1024 1178 
4 341 13 1491 1585 
18 326 967 509 611 431 1162 1272 13 743 674 322 1099 1362 910 1367 1196 1119 1263 
8 958 1203 13 1268 1267 14 1273 859 
2 13 586 
12 13 371 607 431 965 14 989 386 1331 1118 1063 829 
2 1266 13 
2 13 1554 
1 13 
4 13 442 450 605 
2 13 386 
15 13 318 1263 1253 823 1270 991 14 410 500 600 622 924 997 1157 
15 13 1254 472 14 511 1369 578 676 725 1497 1546 865 1567 955 1120 
3 13 510 794 
1 13 
2 13 1203 
3 13 345 747 
16 1260 1272 823 1273 13 14 1270 480 1299 1352 584 1409 1511 323 1551 840 
1 13 
1 13 
2 13 965 
2 13 1254 
3 13 923 1106 
6 598 371 580 13 420 484 
8 13 764 342 335 485 654 1118 24 
8 14 1268 1368 13 700 371 1440 795 
6 965 427 1361 1564 13 1227 
1 13 
1 13 
4 720 13 1254 584 
1 13 
1 13 
4 13 965 654 1007 
2 13 14 
7 13 817 656 404 1201 447 1142 
22 1247 1273 13 463 473 1371 1386 1405 608 740 1506 773 819 839 1578 893 907 1100 1110 1125 1136 1236 
2 13 1267 
1 13 
5 1263 472 13 1261 810 
5 683 13 1174 639 980 
2 13 1017 
13 1273 16 339 1359 13 845 1350 1090 1301 552 1468 1487 1595 
1 13 
1 13 
6 14 13 831 1377 664 701 
2 14 13 
1 13 
1 13 
5 961 371 572 580 13 
1 13 
8 747 1361 823 13 965 1493 14 442 
1 13 
4 13 1061 817 1023 
4 13 703 963 640 
7 13 1296 1350 845 16 539 339 
3 477 322 13 
1 13 
3 16 13 817 
4 13 823 1254 1172 
2 13 1273 
2 1261 13 
11 1123 335 13 15 340 336 772 401 1549 1585 29 
2 14 13 
5 371 580 1124 598 13 
3 13 426 1068 
5 1118 965 13 570 1584 
4 1222 13 703 956 
15 13 1280 1350 646 662 686 692 728 1501 906 1595 1031 1090 1164 1179 
2 13 1118 
3 422 13 1511 
24 372 371 1270 1273 480 642 1260 991 1254 1267 1263 13 571 1509 14 1493 469 1261 823 1253 842 839 1196 1213 
2 13 823 
8 13 563 1267 1196 1423 1580 916 939 
23 13 371 373 991 1302 337 431 436 458 568 1272 602 609 654 1468 1477 14 1488 1503 1523 318 911 1079 
6 598 371 580 13 546 793 
2 576 13 
5 991 678 1261 13 1243 
3 991 1265 13 
6 13 14 1257 573 972 1217 
1 13 
7 1196 510 1174 14 1268 1596 13 
6 13 715 760 778 840 919 
13 13 371 521 546 561 572 598 631 704 793 884 948 962 
4 13 1273 14 864 
4 1265 13 1266 1272 
9 974 13 14 1500 1268 1426 1196 1260 1191 
16 515 14 965 480 13 957 527 1432 1550 840 1583 916 939 1008 1070 1207 
2 14 13 
2 13 502 
2 14 13 
1 13 
1 13 
6 974 1261 1272 13 1443 482 
1 13 
4 13 339 1487 830 
2 1271 13 
1 13 
2 13 965 
1 13 
3 13 1378 1126 
11 371 13 580 521 561 572 631 793 884 948 962 
2 13 1541 
8 13 642 509 606 988 1493 720 1423 
2 14 13 
4 571 678 13 1391 
2 13 1272 
4 14 13 823 318 
6 1247 650 507 720 337 13 
6 1254 13 853 498 600 24 
14 13 1174 747 1276 1297 1337 503 783 1573 1587 953 1040 1089 1189 
2 533 13 
13 14 13 1247 571 433 1371 827 1578 907 982 1002 1022 1100 
4 1229 1261 1254 13 
18 1363 13 1272 1196 14 472 406 470 489 500 685 1482 753 819 1554 997 1076 1134 
5 13 14 1509 1312 1273 
13 1264 878 669 14 1273 1255 1174 13 823 1272 679 434 1000 
5 1267 1453 13 1475 785 
9 13 1196 1186 659 318 14 455 811 1211 
2 14 13 
1 13 
1 13 
1 13 
2 1267 13 
5 13 823 1268 670 762 
4 1203 509 1263 13 
3 1118 13 14 
2 13 1272 
3 1263 13 14 
8 986 472 1493 772 372 1263 1274 13 
4 13 371 817 1365 
1 13 
1 13 
4 1263 14 1265 13 
4 13 580 371 598 
8 13 720 936 345 682 688 343 1146 
2 13 371 
3 1229 13 1066 
7 13 958 1268 747 1381 674 735 
2 469 13 
1 13 
5 1186 823 13 1259 14 
3 1056 13 537 
5 551 963 13 703 1102 
3 13 357 1225 
20 337 14 1256 1263 13 16 318 385 1313 443 1374 568 600 1431 769 1547 852 1089 1190 1235 
4 1230 13 649 1172 
4 13 757 735 928 
1 13 
5 14 1528 565 13 829 
4 13 337 1255 1224 
6 1104 13 800 1159 785 828 
3 13 643 1230 
18 13 1298 1313 1401 1403 1406 1410 605 1429 1485 758 828 859 1586 992 1037 1092 1101 
1 13 
7 967 14 13 707 916 939 943 
2 13 1087 
14 1118 958 14 571 764 13 965 530 747 817 522 712 1481 1568 
8 823 1269 1362 322 1378 13 14 991 
4 13 532 747 871 
4 1247 785 443 13 
3 13 715 1471 
10 13 1267 1263 14 1274 1261 392 615 1426 730 
2 13 1583 
2 13 1272 
14 1268 565 1090 1272 13 1263 16 1350 1441 692 1547 1595 1045 1164 
4 1596 13 1272 1011 
6 13 386 337 14 1203 542 
2 13 386 
2 13 965 
3 949 13 972 
4 1273 13 747 1272 
7 678 13 371 434 613 1535 1000 
4 621 13 823 762 
4 1261 1259 13 469 
3 13 1055 457 
1 13 
10 958 843 635 1268 13 378 500 325 879 939 
2 13 1222 
11 13 1120 1154 510 1475 1350 1268 1263 785 1164 14 
3 1269 13 1266 
15 991 370 371 13 574 602 1259 669 1268 731 781 958 1132 1174 1195 
9 1261 1262 1273 13 1272 434 613 1535 1000 
3 1043 13 14 
1 13 
6 936 632 345 13 688 343 
13 14 1174 1273 823 13 1263 1320 537 810 865 974 1056 1211 
7 13 469 1259 1267 773 1100 1159 
16 430 1116 318 386 875 901 611 13 1013 435 903 820 470 1268 1379 327 
17 728 894 1268 16 386 337 1263 1260 565 1248 318 13 14 1298 1301 1488 973 
1 13 
6 936 632 1146 682 13 1520 
1 13 
3 965 13 14 
4 372 1328 430 13 
9 1268 565 14 1263 1273 662 13 1090 16 
3 13 1572 1268 
9 14 371 13 1267 813 823 991 1257 1316 
4 1140 13 1061 452 
7 1268 823 14 13 1267 374 1202 
1 13 
2 1265 13 
2 839 13 
5 1263 13 322 523 938 
13 1248 14 819 375 1555 1099 817 747 322 1263 13 542 1277 
2 13 1130 
4 13 551 564 640 
3 13 14 580 
3 370 831 13 
2 13 1259 
4 983 1203 13 652 
4 13 770 1011 1235 
1 13 
2 794 13 
3 319 13 325 
14 318 392 1006 785 13 654 823 1377 747 843 764 974 1270 1543 
4 1373 1273 13 1446 
1 13 
12 318 13 817 371 427 579 658 1485 753 840 919 1054 
2 991 13 
4 13 991 1267 823 
5 958 1274 472 13 805 
2 13 1270 
14 14 936 13 433 527 1399 600 605 1418 632 1520 1542 1585 1146 
1 13 
4 13 14 392 735 
4 13 1493 472 817 
4 372 1174 13 1144 
17 785 510 1120 1164 1268 1475 1154 1261 1567 472 380 1350 1596 14 1369 13 1263 
6 90 1350 1164 13 339 1268 
2 318 13 
5 1263 13 565 686 894 
7 13 401 341 838 1575 1597 1138 
5 448 13 747 1274 659 
7 823 14 1255 13 678 957 1174 
2 13 1174 
2 13 1229 
4 747 817 14 13 
13 404 831 13 1259 722 1414 644 1196 747 635 14 337 1261 
2 849 13 
3 13 1258 958 
2 747 13 
1 13 
6 533 13 337 411 812 1218 
3 13 1247 14 
7 13 1493 472 965 1263 1256 1274 
6 392 1367 1274 13 378 500 
1 13 
3 13 386 1116 
1 13 
49 656 1261 13 386 1305 432 449 456 475 1356 1362 514 1393 548 1399 1413 1414 1415 607 1418 635 654 668 701 712 1481 1483 730 734 735 738 750 771 1543 820 1551 1555 1558 1562 871 876 897 921 930 1026 1116 1133 1138 1148 
2 13 1174 
1 13 
3 1230 13 747 
4 13 405 431 1091 
2 1203 13 
7 13 1386 611 715 1196 1043 337 
2 13 371 
1 13 
9 13 1267 372 1224 370 1443 788 1142 1162 
6 1267 13 469 875 644 1099 
4 13 482 783 650 
6 1035 871 13 1273 1145 1013 
3 579 13 1203 
1 13 
5 13 670 1534 1203 621 
1 13 
5 404 13 522 654 712 
1 13 
7 965 1272 372 13 1081 1367 1312 
2 13 903 
1 13 
4 823 642 13 869 
2 13 708 
8 482 13 1514 817 772 1275 1312 747 
27 14 965 1148 1263 1528 372 13 1493 379 1301 1312 462 1360 1396 559 626 1436 1466 771 1573 917 1045 1048 1081 1142 1147 1154 
7 422 1248 533 917 14 13 684 
6 1085 371 1297 13 1493 1254 
1 13 
4 386 1203 13 1270 
4 1201 13 14 371 
2 13 579 
1 13 
6 330 13 1508 854 1055 15 
8 972 965 1254 678 958 370 1148 13 
1 13 
6 1189 13 14 607 1091 758 
2 13 391 
29 823 1259 1196 13 1253 1260 1298 1336 1369 614 648 657 1453 676 712 725 1497 1542 1546 828 865 1567 873 886 955 1089 1120 1164 1170 
1 13 
3 13 790 985 
5 440 1261 756 13 1318 
3 13 823 14 
3 13 475 787 
3 13 1255 16 
1 13 
5 13 572 580 371 598 
7 13 370 511 710 906 1024 1233 
4 1201 523 13 1361 
6 406 1027 1521 337 1134 13 
1 13 
2 13 14 
2 13 1426 
3 13 648 1581 
1 13 
1 13 
6 13 1123 823 1268 337 1203 
3 14 13 1272 
2 718 13 
5 876 1271 14 13 1203 
3 871 13 325 
2 371 13 
7 14 1154 1273 13 482 1268 833 
8 1263 1253 472 380 1196 13 683 536 
5 615 14 13 1196 455 
2 740 13 
10 932 13 371 374 414 451 694 1042 1086 1202 
1 13 
3 1098 386 13 
2 1236 13 
32 13 404 439 469 480 1362 532 550 555 627 1445 654 1451 701 1481 715 1486 723 734 771 1551 842 1555 848 871 917 968 985 1059 1105 1116 1148 
2 13 14 
12 1386 13 533 1196 318 611 1405 1222 14 1248 701 826 
3 747 13 685 
3 13 947 1252 
1 13 
79 13 1268 1267 1261 371 991 374 1277 1293 414 431 1320 436 451 1358 1363 509 515 548 556 568 569 1411 604 613 1428 621 638 1444 655 1449 670 683 694 696 14 712 717 1491 731 1497 769 785 789 1530 803 1537 1542 1543 1546 1560 859 865 1566 1569 1570 1575 890 924 930 972 981 997 1004 1015 1042 1263 1083 1123 1133 1162 1172 1174 1179 1196 1201 1202 1208 1215 
4 13 1035 871 1145 
2 853 13 
5 13 819 336 1273 829 
7 318 13 609 1190 1247 1352 1423 
4 650 13 648 785 
6 826 503 1273 13 1201 646 
9 1142 592 1263 1164 13 1280 339 326 1359 
10 1274 1272 13 445 542 325 705 735 1063 1158 
2 13 1082 
9 1154 482 1260 809 14 13 1273 1268 1454 
1 13 
1 13 
2 13 1253 
7 1524 1263 1174 14 965 13 1251 
6 13 14 1575 729 1201 345 
7 443 568 1263 875 13 533 699 
11 13 929 579 1437 386 715 1479 515 584 1203 1204 
1 13 
17 13 817 1224 469 1261 1254 415 480 482 493 568 1474 1518 1080 1159 1229 1248 
11 1255 13 958 431 498 325 674 712 1489 1553 879 
2 1273 13 
26 1350 13 1090 339 14 1280 1287 1296 1301 481 539 552 1441 1468 1478 1487 1542 1548 859 1592 1595 1045 1142 1164 1214 1216 
2 1303 13 
3 1168 13 1091 
4 13 1175 817 1362 
2 13 736 
4 1272 480 1273 13 
2 13 1247 
4 13 1247 642 1261 
12 13 967 497 498 325 606 1416 351 825 907 1024 1160 
6 334 13 1055 438 780 867 
2 371 13 
1 13 
1 13 
1 13 
12 1148 823 650 501 339 385 13 845 1268 1214 1267 14 
2 1219 13 
3 13 14 1377 
3 13 322 326 
2 1294 13 
7 1340 1273 13 372 14 386 581 
11 823 785 1596 14 510 1369 1493 13 1567 683 1263 
1 13 
3 854 15 13 
3 13 14 1154 
3 13 1500 769 
4 875 469 13 325 
14 817 946 13 656 747 1041 439 351 759 807 824 1034 1069 1145 
2 13 374 
3 13 785 1268 
2 991 13 
8 13 470 685 757 839 1557 870 1116 
8 13 1224 1272 747 449 489 806 921 
3 334 13 1055 
6 13 434 613 1535 1000 16 
10 674 1273 13 843 958 378 337 994 387 326 
2 13 14 
2 13 1021 
3 936 13 335 
5 13 976 386 1203 1401 
4 598 13 371 580 
1 13 
7 1254 14 13 1261 472 1268 785 
1 13 
1 13 
2 322 13 
5 1363 823 1247 13 431 
2 13 371 
1 13 
4 533 13 1272 1196 
5 728 13 16 1263 686 
4 1201 13 447 1203 
4 13 1521 1510 1196 
6 1174 1272 13 747 914 984 
3 13 1247 1085 
5 13 1273 1267 1261 445 
4 991 13 471 325 
5 1013 13 386 470 685 
1 13 
5 13 386 1451 685 767 
4 13 1270 1260 1263 
3 13 1117 965 
5 991 13 794 565 1268 
8 13 1371 609 533 853 14 1247 1322 
4 1122 13 422 496 
1 13 
4 1268 13 14 500 
3 1133 13 571 
1 13 
7 13 1273 1272 337 951 1268 1410 
2 13 897 
1 13 
10 1196 1116 386 337 13 584 652 351 570 939 
10 817 472 1312 1555 1268 772 372 1248 13 773 
2 13 1299 
8 1304 715 318 13 414 1202 579 451 
1 13 
6 13 443 747 876 1456 1207 
1 13 
5 1130 13 520 1175 980 
4 1270 823 509 13 
5 340 337 13 326 960 
3 1256 958 13 
1 13 
3 644 13 325 
4 1267 13 840 1567 
3 13 823 747 
1 13 
4 371 13 1382 813 
2 13 1305 
1 13 
1 13 
15 1272 13 14 433 332 632 682 688 720 1542 882 327 1594 343 1146 
1 13 
3 1261 700 13 
13 445 1196 386 570 13 652 351 584 916 337 1116 674 419 
1 13 
3 1555 13 431 
5 13 1258 14 337 479 
2 13 652 
3 958 13 1268 
1 13 
4 13 1224 1102 871 
3 821 13 463 
4 580 598 371 13 
4 13 1257 972 667 
2 1261 13 
4 1256 1272 13 913 
2 13 386 
2 607 13 
3 13 1270 335 
7 510 14 1261 13 472 785 1497 
2 13 564 
3 13 584 731 
32 1268 1258 678 13 372 1308 1360 501 1410 1419 635 654 674 718 1498 737 781 1529 843 1572 879 926 944 336 994 1063 1098 1133 1135 1149 1217 1229 
1 13 
6 13 1116 340 326 337 925 
3 13 371 546 
4 13 580 598 371 
4 13 1102 551 640 
4 965 472 14 13 
56 1254 13 1224 377 1297 1308 427 1312 1325 462 478 482 493 1361 503 518 1376 524 530 548 1396 1398 563 1404 1406 584 595 1425 1429 654 666 690 1481 742 766 772 781 1525 837 1564 1576 905 964 976 977 992 994 1006 1007 1051 1066 1071 1118 1170 1213 1242 
5 967 13 1259 1273 1267 
10 371 13 393 416 500 652 853 966 1179 1252 
10 13 817 1272 1271 1263 14 991 1256 1253 373 
3 1265 13 1273 
1 13 
1 13 
16 823 1268 372 13 576 14 1263 1257 371 406 667 781 949 983 992 1063 
3 686 1263 13 
10 13 683 1272 1263 14 1267 472 583 590 712 
7 1510 478 1263 1363 14 1196 13 
5 13 1401 1263 965 883 
5 1268 965 14 13 1308 
2 13 371 
6 391 1203 1043 396 13 1050 
3 923 13 537 
7 1254 1268 1391 14 13 823 335 
5 609 318 1190 1247 13 
3 972 13 707 
3 13 14 897 
3 13 787 817 
2 626 13 
1 13 
3 335 13 600 
9 1268 14 1299 13 1267 503 1411 1431 1525 
3 14 1272 13 
42 371 13 1261 374 406 414 1314 1316 451 493 509 568 571 574 575 1253 1259 655 678 694 716 717 1268 1537 823 1557 1267 874 318 900 906 1269 968 1009 1042 1263 343 1083 1119 1134 1176 1202 
10 1401 372 650 965 1268 972 13 1257 1325 1196 
4 1569 1386 13 1203 
9 1119 1263 1256 958 13 1248 1268 965 879 
3 1030 13 1247 
3 14 13 1140 
7 611 1263 13 509 823 1268 1196 
6 380 1263 1261 13 1262 14 
1 13 
12 385 14 613 1174 13 679 1264 1255 481 669 878 1273 
5 1203 337 1196 13 1500 
5 430 609 13 1203 1190 
5 13 1261 424 1041 1067 
2 823 13 
1 13 
5 965 13 1254 1305 712 
4 965 530 1268 13 
10 1405 1578 1490 1566 1386 430 1027 584 13 318 
4 13 1265 991 1263 
2 1273 13 
6 1268 1154 663 708 13 1073 
1 13 
8 386 13 394 435 470 685 759 901 
1 13 
4 1208 13 823 1500 
2 13 364 
3 538 13 1268 
1 13 
2 13 1272 
2 13 14 
2 13 881 
7 422 609 1363 1462 1386 1272 13 
5 1299 550 391 13 1267 
7 1203 13 794 853 1261 14 498 
2 13 1174 
2 747 13 
5 1222 13 796 1008 1134 
2 1254 13 
2 1247 13 
4 13 1222 995 1034 
2 565 13 
1 13 
1 13 
5 1247 871 1222 1030 13 
4 1273 13 759 824 
2 1224 13 
2 13 650 
1 13 
5 14 1090 13 386 1509 
6 1570 1203 607 14 13 1328 
4 13 1003 871 1163 
12 371 1254 1267 1268 823 991 414 813 1271 14 13 374 
12 13 396 1299 1310 1444 680 753 1511 979 1195 1201 1250 
1 13 
12 472 1164 1441 845 1487 1493 1350 13 772 14 1263 662 
1 13 
6 13 1272 1274 1229 1267 449 
3 1268 772 13 
1 13 
5 13 979 345 396 1203 
2 965 13 
1 13 
1 13 
6 715 1272 1201 1126 13 322 
7 322 13 438 672 780 854 877 
3 683 13 639 
4 1257 13 1520 1138 
3 13 1270 1253 
4 14 13 817 480 
1 13 
8 1267 13 1273 550 695 1479 1069 1229 
2 1268 13 
10 972 958 831 13 1268 14 1263 503 1529 1530 
2 1196 13 
1 13 
6 13 965 1229 14 634 1268 
7 1493 1268 1003 13 14 1267 1271 
2 13 562 
4 1061 13 386 871 
5 495 584 492 371 13 
5 965 1254 371 13 1261 
2 1449 13 
5 1260 1267 13 1268 1011 
1 13 
2 14 13 
4 13 1196 611 1222 
1 13 
2 14 13 
2 13 571 
5 842 1247 1267 13 14 
9 13 1154 1268 1312 1186 1147 772 1248 766 
2 13 832 
5 1267 823 13 14 991 
3 1203 13 1268 
6 13 1247 774 1529 898 1252 
5 13 1257 813 371 1254 
2 13 653 
4 1240 1254 1196 13 
7 1159 13 607 785 1475 642 422 
24 13 565 337 14 1280 1287 1295 339 1350 1359 539 1441 662 692 1501 1509 1548 845 1595 1039 1142 1164 1186 1214 
8 1168 13 1261 1254 847 751 783 1583 
2 650 13 
2 371 13 
4 1203 13 1298 498 
2 1487 13 
7 1293 1203 13 14 16 1272 1229 
2 1200 13 
5 13 14 1268 958 815 
13 1263 1196 14 757 1268 1174 1203 13 1247 1267 431 500 701 
6 609 13 1247 533 684 335 
4 650 13 1268 14 
8 13 477 1389 1415 640 946 963 1179 
1 13 
2 13 648 
3 371 13 817 
3 520 1175 13 
1 13 
1 13 
4 14 1261 371 13 
3 13 533 1247 
1 13 
1 13 
3 1268 13 1263 
5 13 427 462 1358 1172 
1 13 
18 386 1263 337 13 1196 875 817 747 1363 398 470 1379 685 745 327 916 939 960 
3 13 1442 905 
19 13 965 387 427 1315 1325 503 522 1398 563 566 1407 623 1442 654 1459 1514 1576 1249 
6 1271 13 991 1263 500 994 
9 1475 1261 510 1254 14 785 13 676 725 
1 13 
3 13 1586 908 
9 13 1268 823 86 399 453 559 1435 803 
3 371 13 561 
3 533 13 1247 
8 13 597 1273 1344 1354 1358 1378 1054 
6 1323 322 328 1162 1367 13 
1 13 
2 13 388 
4 13 1273 702 923 
2 13 1270 
3 678 1268 13 
16 318 747 1268 823 958 1272 404 1259 1256 1262 1263 13 431 1402 1590 911 
10 406 991 13 1148 1259 1027 611 337 1521 796 
3 1274 958 13 
3 533 450 13 
1 13 
7 729 747 13 1277 1057 16 415 
1 13 
7 13 452 466 480 695 996 1168 
6 322 1261 13 1173 326 387 
17 845 1090 482 392 1350 14 1248 13 532 1312 756 772 1154 1268 1475 472 830 
2 1229 13 
2 13 724 
5 871 1273 13 759 824 
8 13 936 345 720 632 1273 332 688 
10 1224 1312 1268 1186 772 1154 482 1248 13 1081 
12 817 371 13 1254 747 406 427 1463 772 781 859 1134 
2 13 958 
2 13 1298 
2 1254 13 
1 13 
4 371 13 1267 1224 
23 1267 1268 772 1259 14 318 13 431 468 482 1460 676 725 1500 809 1542 833 868 1599 1011 1081 1142 1147 
2 13 1265 
2 373 13 
9 1196 1256 1247 1263 1493 1224 509 13 1162 
2 831 13 
9 842 13 684 318 1196 1259 648 1089 1170 
3 13 853 371 
1 13 
12 823 1260 14 1263 756 1267 13 1270 392 500 1127 1157 
4 13 1304 1041 1571 
18 662 1090 565 785 13 16 845 1350 14 339 1287 676 725 726 1542 830 1045 1214 
2 13 339 
2 1268 13 
2 13 386 
5 1140 1265 13 847 1091 
2 13 1247 
6 14 1267 965 13 1159 785 
1 13 
12 1230 1272 1269 1261 1190 643 1114 556 372 823 1208 13 
2 13 1141 
33 13 373 678 1268 1271 1263 823 1301 1304 434 471 1372 537 1400 578 607 613 1432 1460 683 724 731 732 1500 748 1535 837 897 1000 1025 1099 1203 329 
4 13 848 923 1106 
5 1272 1260 991 13 371 
1 13 
3 498 13 1203 
10 1255 1260 823 967 565 13 1102 1272 1301 431 
2 1337 13 
2 13 1267 
2 79 13 
4 1254 1263 13 1493 
1 13 
1 13 
16 14 1268 1258 1090 13 469 1509 1503 465 482 1395 615 638 1542 1081 1147 
1 13 
1 13 
3 13 607 783 
8 13 1247 642 1203 827 982 1002 1172 
4 13 1268 583 14 
1 13 
1 13 
1 13 
7 13 678 1261 14 1043 1254 1325 
73 1259 318 823 1267 568 14 1263 13 1273 378 392 410 1297 1313 431 436 487 1352 489 1360 1361 496 500 1375 1402 570 578 1405 583 611 1418 1423 615 1428 1431 1432 1443 1457 1471 1489 1490 735 753 1510 1521 785 1537 810 811 1542 819 1554 1564 1568 1580 893 896 916 1597 939 975 992 997 1001 1064 1076 1088 1099 1116 1157 1159 1227 1235 
1 13 
2 13 1222 
1 13 
3 13 1247 1097 
17 823 1272 1261 1257 13 1043 1274 372 1254 436 532 777 795 829 838 895 1054 
10 813 14 991 414 696 13 1254 823 371 919 
45 370 13 1256 1174 337 318 1263 1273 1276 479 497 498 501 513 1381 1419 622 351 664 707 1500 752 760 762 776 803 806 24 840 883 895 336 979 993 1001 1002 1024 1040 1050 1084 1094 1096 1099 1178 1190 
2 13 840 
5 1261 1274 1270 13 472 
1 13 
4 921 584 13 430 
8 1268 372 823 1254 13 1312 1015 1172 
1 13 
1 13 
7 1274 14 615 13 1493 683 1263 
2 13 14 
7 1263 1273 13 318 568 1297 965 
11 845 1164 1350 339 13 1090 14 1360 1478 859 1595 
2 13 823 
7 845 322 13 1272 341 431 371 
6 492 1257 576 958 14 13 
3 13 337 740 
4 1579 13 340 860 
2 1254 13 
1 13 
15 13 1313 486 1386 564 1405 1431 675 1506 819 1027 1030 1034 1076 1198 
1 13 
16 13 424 337 1339 1256 647 756 842 876 946 965 1036 1147 1153 1157 1235 
5 15 641 318 13 1265 
1 13 
5 443 318 1196 13 524 
1 13 
19 13 1061 958 842 1273 1267 1259 452 1336 610 634 1485 733 254 1047 1066 1096 1143 1243 
6 13 421 643 649 750 1172 
1 13 
3 13 337 342 
5 13 414 794 1263 1268 
2 14 13 
6 13 1196 384 1224 642 708 
4 533 13 1247 816 
1 13 
1 13 
3 1274 1493 13 
2 13 1088 
4 13 1282 1456 1508 
2 965 13 
5 13 1229 1273 452 574 
4 1261 13 1254 14 
1 13 
1 13 
37 13 1259 385 433 1324 463 479 1371 533 605 1417 609 657 741 827 851 852 1578 890 898 907 1594 982 995 1029 1034 1080 1085 1099 1100 1110 1125 1157 1169 1190 1200 1236 
18 469 1268 842 13 1272 478 1396 1405 686 701 1483 773 819 917 994 1081 1142 1147 
2 13 1118 
3 1043 391 13 
3 13 837 1297 
4 821 967 13 1085 
12 370 1272 991 509 568 14 785 810 836 1580 968 1058 
52 1261 374 404 414 427 1316 439 442 1339 1356 1358 510 519 527 1386 1257 371 556 568 606 610 1452 179 1475 14 1493 1497 774 781 1546 1551 842 886 965 981 1006 1028 1042 1071 1086 1088 1091 1120 1148 1151 1183 1195 1201 1202 1208 1220 1244 
16 434 439 1272 1420 613 647 14 1268 731 791 1528 1535 843 1585 1000 1179 
20 1273 1224 372 380 1291 339 642 14 322 742 1555 1593 926 951 968 994 1263 1133 1157 1203 
15 1254 374 414 576 694 372 14 1542 949 972 992 1057 1086 1201 1217 
8 1312 482 14 1268 737 942 958 1186 
37 678 371 991 1291 404 406 1302 1273 1357 493 1395 1272 638 1443 671 684 1474 706 1477 14 1491 735 1510 1518 785 1537 1590 1600 966 1133 1134 1154 1159 1196 1229 1260 1247 
26 1259 375 386 417 419 432 456 480 1273 515 568 583 1452 1461 686 1474 14 1493 785 833 1582 904 1073 1162 1176 1179 
62 392 415 1306 1316 439 456 469 493 1369 1378 1386 536 558 568 574 1272 590 610 1438 659 1457 1460 671 679 179 14 725 1493 1497 735 747 788 1536 1546 823 1551 326 842 852 1560 1569 886 899 1254 239 938 950 955 991 998 1003 1024 1071 1091 1109 1120 1141 1172 1195 1201 1205 1244 
7 469 1272 679 14 1503 998 1133 
94 1272 823 1271 371 991 1256 380 1291 410 414 1320 1333 452 472 475 478 1362 500 509 536 1396 568 1402 1416 1426 1431 622 625 626 630 642 1443 659 662 676 683 686 692 700 701 1473 14 1486 725 728 1491 1493 742 196 1510 772 1522 1527 1528 1537 810 345 830 326 837 839 1555 1557 865 1569 894 904 1593 968 972 973 974 975 976 994 997 998 1009 1045 1063 1099 1113 1116 1119 1133 1157 1162 1174 1183 1196 1203 1211 1213 1233 
7 1273 434 613 14 1528 1535 1000 
21 385 390 431 1273 1380 1384 1388 575 582 1406 630 1444 698 14 1267 1269 969 1009 1155 1168 1225 
9 1316 482 504 582 1271 677 14 1267 1269 
65 373 991 1274 1266 1265 1299 414 339 465 482 493 501 534 1395 568 570 1272 614 620 1436 659 1453 1460 1463 684 694 696 14 717 1486 1268 1493 1500 1506 756 757 1516 1517 1519 1528 1537 823 1557 859 899 929 966 974 989 1023 1042 1047 1061 1067 1073 1080 1083 1099 1153 1154 1162 1170 1181 1196 1229 
94 372 1267 1258 991 678 1255 1273 386 1284 1299 414 1312 339 1316 1330 465 1345 1349 1357 493 501 1372 523 1400 578 583 621 1432 635 1451 662 1463 674 676 685 686 692 693 696 14 1485 725 726 1518 803 809 1542 823 833 859 873 886 906 910 913 917 944 958 972 977 981 989 992 994 997 1007 1011 1017 1042 1048 1062 1063 1066 1067 1073 1081 1084 1098 1099 1101 1113 1123 1132 1133 1142 1147 1154 1166 1174 1186 1191 1208 1233 1248 
8 991 1265 1266 1316 655 677 14 1172 
24 371 1273 1281 1288 1304 485 509 515 568 1435 1461 14 712 719 776 335 1556 904 924 954 1058 1131 1162 1205 
13 1266 414 1391 1396 593 14 806 968 1042 1263 1067 1119 1174 
65 571 1273 1267 1259 1261 1255 1274 371 339 434 446 1331 452 500 1368 515 1395 1403 582 1409 590 1253 603 611 613 624 661 662 663 668 679 14 341 766 1524 1535 804 1543 831 1556 850 876 893 897 1590 1262 913 936 951 968 974 990 1019 1022 1047 1263 1054 1096 1133 1172 1176 1179 1201 1216 1248 
73 1259 1130 1265 1260 393 1298 422 1316 434 449 1333 1340 487 496 501 1365 515 1256 533 1384 539 1391 557 568 581 1272 612 613 1444 668 679 683 692 14 713 1485 1486 1268 1502 759 1535 809 1542 826 829 326 833 844 1557 850 864 1569 879 899 1590 913 966 969 1264 1000 1010 1035 1061 1126 1145 1146 16 1196 1203 1270 1213 1229 1243 
23 380 392 445 472 1272 626 1438 659 14 718 1493 730 742 743 831 1267 1047 1135 1201 1205 1211 370 1239 
2 14 771 
4 14 1203 607 1328 
8 322 14 823 1358 1368 701 1560 1138 
2 14 1374 
2 14 421 
8 14 339 845 16 1090 565 1301 830 
3 14 1479 1270 
3 1508 14 1241 
1 14 
2 1268 14 
2 14 386 
2 1356 14 
11 845 1164 1350 14 1359 16 1487 1090 1417 1480 1585 
3 1596 14 1270 
1 14 
2 391 14 
4 1256 1263 1259 14 
1 14 
4 14 823 469 1096 
2 14 863 
2 1090 14 
11 1359 1350 16 14 339 845 1301 552 1478 1487 1595 
13 337 14 607 965 1196 377 1491 774 1529 1557 1563 1213 1251 
10 1150 14 1273 686 469 16 1094 650 1487 785 
13 918 1268 14 1043 1267 515 391 431 1411 1525 1557 989 1023 
1 14 
13 1523 1359 1280 772 16 1174 539 1528 1179 1296 14 845 686 
3 1259 571 14 
2 14 846 
5 14 1174 1270 919 1163 
5 1006 14 933 386 747 
2 1261 14 
1 14 
4 958 14 965 977 
1 14 
3 14 345 1043 
4 14 1461 386 1472 
17 772 1258 965 1208 372 1509 14 1268 1314 462 612 766 771 917 1081 1142 1147 
7 1462 650 1196 1222 642 14 337 
6 991 14 322 1312 1367 1331 
2 1118 14 
11 1273 1354 1378 694 991 14 1269 1254 1261 1268 1266 
1 14 
3 1391 788 14 
1 14 
4 683 1263 14 823 
1 14 
6 1363 1493 14 907 406 24 
4 1544 14 328 1127 
2 1247 14 
8 1576 14 1401 965 1118 1398 992 1195 
1 14 
2 14 1510 
8 1378 14 1276 479 1379 1450 691 1040 
3 1594 1426 14 
3 1400 14 1268 
4 14 1272 1314 503 
1 14 
3 1263 1273 14 
1 14 
1 14 
4 14 1229 785 1543 
3 14 607 1180 
4 335 498 14 24 
3 1224 1254 14 
5 372 1273 14 318 864 
1 14 
1 14 
1 14 
3 1126 14 319 
3 14 1414 1268 
1 14 
1 14 
2 14 1379 
2 14 1268 
27 16 565 339 662 1090 14 1287 1296 431 1359 539 552 1441 676 1468 1478 1487 725 726 845 1592 1595 1045 1142 1164 329 1214 
2 1538 14 
8 1196 411 1511 515 14 827 1423 1580 
1 14 
4 1378 14 1126 1316 
2 318 14 
5 14 1254 318 747 1286 
3 1268 14 1259 
6 1114 1277 1126 14 1254 823 
15 1350 339 1090 16 14 1287 1296 1301 539 1468 1478 1480 1487 830 1592 
8 372 1521 318 772 1196 1214 14 958 
7 1196 14 965 524 548 795 1564 
12 404 848 747 1263 817 14 500 1382 1420 655 1519 1548 
12 14 823 1322 611 1428 1482 1510 1521 890 975 1022 1116 
2 14 1547 
3 14 1273 627 
2 337 14 
9 14 378 1314 500 743 766 1560 328 1127 
4 1272 14 1277 523 
9 785 380 1261 1596 510 1475 14 725 865 
2 14 391 
5 609 533 14 1247 907 
3 1174 14 1268 
2 14 713 
3 642 14 1278 
2 14 1196 
2 14 965 
5 542 14 471 861 712 
12 14 597 319 1261 1126 1316 1328 1354 1420 655 1570 1598 
7 1348 1116 1328 1587 14 685 386 
2 14 1265 
3 1203 14 635 
4 932 14 1362 404 
1 14 
3 1273 14 1265 
1 14 
12 533 1261 1222 1254 14 1405 1506 753 819 993 1008 1022 
1 14 
2 1265 14 
4 1579 14 1102 429 
1 14 
6 1271 602 1273 14 1318 981 
2 14 1545 
2 747 14 
1 14 
6 1186 1259 1272 14 1267 465 
10 373 371 14 1248 1263 1271 372 965 772 478 
1 14 
4 1325 1118 965 14 
5 747 1418 14 720 1530 
4 1174 1268 14 1330 
7 14 650 1325 1576 883 976 992 
7 1263 14 318 386 337 1196 1133 
3 14 1272 650 
2 14 965 
9 533 1248 1386 1222 14 1196 1506 819 1008 
4 965 14 1265 650 
2 14 1118 
2 14 318 
4 14 1272 515 1429 
5 14 1500 958 913 650 
5 391 823 14 989 1299 
1 14 
2 747 14 
4 14 747 1345 735 
3 1102 747 14 
4 1263 14 853 351 
4 1247 336 1287 14 
7 318 747 1196 1520 720 14 1399 
6 337 330 79 958 14 1203 
8 322 318 1378 1362 1255 14 1519 436 
1 14 
1 14 
8 570 14 600 411 1196 1352 827 443 
1 14 
2 14 965 
8 659 14 1263 1329 583 799 1568 1594 
1 14 
4 1196 14 1363 823 
4 1409 965 14 650 
1 14 
7 1196 989 1263 642 1493 14 1222 
5 584 1268 1196 1174 14 
1 14 
1 14 
3 1123 1270 14 
5 482 14 1267 772 1528 
2 14 840 
3 14 1261 1274 
1 14 
2 523 14 
10 16 845 339 1350 1090 662 14 1480 1592 1045 
3 1118 1117 14 
6 756 1259 14 1196 1263 590 
5 823 1043 14 1265 1273 
4 1486 345 14 817 
2 713 14 
2 14 16 
1 14 
4 823 1507 14 1072 
2 14 1328 
8 371 435 903 14 386 817 1476 1268 
4 1260 14 469 1254 
5 1267 1475 785 14 614 
2 833 14 
1 14 
4 1508 1241 921 14 
3 14 1261 1196 
1 14 
3 1514 14 1118 
5 1261 1267 1174 14 1154 
9 386 1260 14 1270 375 417 1311 1472 1540 
3 14 1313 1022 
5 1148 1268 1267 14 372 
1 14 
1 14 
3 14 481 772 
1 14 
8 539 14 339 1350 845 1359 571 16 
1 14 
1 14 
3 658 1196 14 
7 375 1461 1540 386 14 1311 417 
3 371 14 1263 
4 14 842 1260 1259 
12 472 1254 14 493 1369 614 1453 676 725 1089 1120 1142 
3 422 14 1451 
3 14 571 1259 
6 14 1350 1296 845 1359 1214 
4 14 1061 1281 840 
5 1441 1359 1592 14 1287 
8 747 14 386 965 439 448 817 654 
3 1363 611 14 
3 747 14 1248 
1 14 
6 1229 715 1268 650 14 1273 
6 1273 1263 1267 14 817 1445 
13 539 14 1296 1359 845 16 1350 339 1287 1298 592 1045 1095 
5 14 16 686 571 1528 
3 1196 14 843 
3 1196 14 1008 
9 1530 823 341 1297 1259 1263 499 14 1563 
3 340 14 368 
30 14 1274 1254 1260 1267 1263 1261 380 385 392 1322 472 548 568 600 1431 626 723 742 772 774 1537 1555 865 1045 1067 1157 1183 1211 1239 
1 14 
1 14 
2 16 14 
8 1261 14 785 823 955 510 472 1254 
4 337 14 958 325 
1 14 
10 1174 1203 14 1267 1154 583 1410 869 1001 1015 
6 339 565 16 1509 1090 14 
2 1273 14 
5 571 1262 14 482 1186 
1 14 
1 14 
6 533 1405 1386 14 1222 1267 
2 14 1449 
6 14 1241 1282 438 1456 780 
10 1090 14 1312 339 482 568 612 1501 1039 1186 
10 318 1521 14 1363 1263 1196 1259 1327 896 975 
6 1043 14 515 1352 567 1557 
1 14 
1 14 
4 1118 14 1459 771 
2 14 431 
2 14 1267 
3 14 1267 239 
5 842 1268 14 1259 431 
5 1362 14 322 1267 1420 
5 14 1057 720 1418 688 
10 14 318 1196 1363 406 1360 1510 796 896 1134 
2 1263 14 
4 14 1528 571 1301 
4 1272 14 370 837 
5 989 14 391 965 1299 
1 14 
2 14 1263 
12 1264 1255 1267 14 1263 1301 482 1436 646 1488 772 1523 
6 14 1563 958 1085 1297 1063 
7 14 823 1063 1563 1585 1399 1491 
1 14 
1 14 
1 14 
3 337 14 762 
9 878 1255 1174 1272 1273 669 679 1264 14 
2 14 1261 
8 1493 823 1267 1259 1263 991 1196 14 
2 14 1351 
1 14 
7 375 14 1461 386 417 322 1472 
2 14 599 
20 1196 1257 345 823 1268 936 1273 845 1572 14 391 396 482 1154 1164 1186 785 371 720 347 
7 14 747 1272 322 823 1336 712 
4 322 14 1323 328 
3 392 14 1392 
6 510 785 1254 14 1261 823 
5 16 642 14 1364 662 
5 1362 845 14 16 1090 
2 14 559 
5 339 584 443 430 14 
6 817 747 515 1261 1254 14 
1 14 
3 843 14 322 
4 611 1196 14 505 
12 1256 322 817 318 1263 747 1493 404 14 701 917 941 
3 1270 14 1272 
9 991 1263 875 1511 1273 1267 1297 1299 14 
2 747 14 
1 14 
7 14 1277 1367 1261 322 823 392 
1 14 
2 14 747 
6 14 341 1297 1491 1529 1530 
5 1361 965 1196 14 524 
1 14 
4 371 14 823 1008 
6 510 14 929 785 725 865 
5 1196 654 1426 14 318 
10 1273 1263 823 337 16 1261 14 325 326 993 
4 1378 823 14 1040 
2 14 1163 
5 372 958 14 693 1542 
4 421 607 14 772 
1 14 
5 14 729 345 823 838 
5 1118 965 14 1401 1325 
1 14 
5 533 1247 609 14 1008 
3 14 1389 1219 
6 570 1352 337 14 1253 1196 
2 800 14 
3 386 1260 14 
4 660 584 1091 14 
2 563 14 
9 720 397 14 1255 1287 499 559 336 1530 
4 14 498 650 1122 
3 14 607 1379 
1 14 
1 14 
5 1273 14 1133 1259 1272 
3 14 345 386 
6 1350 1359 1441 14 845 1480 
3 1256 14 1263 
6 1426 936 1247 14 1329 479 
11 539 1350 14 1296 662 16 1090 339 845 1214 565 
7 14 1288 1369 578 663 725 865 
5 318 14 345 1196 729 
2 14 1378 
3 14 482 1154 
2 1259 14 
