4 2 3 4 5 
4 3 4 1 5 
5 2 6 4 1 5 
4 1 6 3 2 
5 2 1 7 6 3 
3 3 4 5 
1 5 
8 9 10 11 12 13 14 15 16 
41 17 18 19 20 21 22 23 8 24 25 26 27 28 29 30 31 32 33 34 35 36 37 38 39 40 41 42 43 44 45 46 47 48 49 50 51 52 53 54 55 56 
223 57 58 59 60 61 8 62 63 64 65 66 67 68 69 70 71 72 73 74 75 76 77 78 79 80 81 82 83 84 85 86 87 88 89 90 91 92 93 94 95 96 97 98 99 100 101 102 103 104 105 106 107 108 109 110 111 112 31 113 114 115 116 117 118 119 120 121 122 123 124 125 126 127 128 129 130 131 132 133 134 135 136 137 138 139 140 141 142 143 144 145 146 147 148 37 149 150 151 152 153 154 155 156 157 158 159 160 161 162 163 164 165 166 167 168 169 170 171 172 173 174 175 176 177 178 179 180 181 182 183 184 185 186 187 188 189 190 191 192 193 194 195 196 197 198 199 200 201 202 203 204 205 206 207 208 209 210 211 212 213 214 215 216 217 218 219 220 221 222 223 224 225 226 227 228 229 230 231 232 233 234 235 236 237 238 239 240 241 242 243 244 245 246 247 248 249 250 251 252 253 254 255 256 257 258 259 260 261 55 262 263 264 265 266 267 268 269 270 271 272 273 274 275 
10 226 19 12 22 276 8 124 277 278 279 
418 280 281 282 283 284 285 286 287 226 288 289 8 62 290 291 292 293 294 24 295 296 297 298 299 300 301 11 302 303 304 305 306 307 308 309 310 311 312 313 314 315 316 317 79 318 319 320 321 81 322 323 82 324 325 326 327 328 329 330 331 332 333 334 335 336 337 88 338 339 89 340 341 342 343 344 345 97 346 98 347 348 349 350 351 352 353 354 355 356 357 358 359 360 361 362 363 27 364 365 366 367 368 369 29 370 371 372 373 374 375 113 376 377 378 379 380 381 382 33 383 384 385 386 132 36 387 388 389 390 391 392 393 394 395 396 397 398 399 400 401 139 140 402 141 403 404 405 406 407 408 409 410 411 412 413 414 415 146 416 417 418 419 420 421 422 423 424 154 425 426 427 428 429 157 39 430 431 432 433 434 435 436 437 438 439 440 441 442 443 444 163 445 446 447 448 449 450 451 452 453 454 455 456 457 458 459 173 460 461 462 463 464 465 466 467 468 469 470 471 472 473 474 475 177 476 477 478 479 480 481 482 483 484 485 486 487 488 489 490 491 492 180 493 494 495 496 497 498 499 500 501 502 503 504 505 506 507 508 193 45 509 510 511 512 513 195 196 514 515 516 517 518 519 520 521 46 522 523 524 525 199 526 200 527 528 529 201 530 531 532 533 534 535 536 537 538 539 540 541 48 542 543 544 545 546 547 548 549 550 551 552 553 554 555 556 557 558 559 560 561 562 563 564 565 566 567 568 569 223 570 571 572 279 573 574 51 575 576 577 578 579 580 581 582 583 584 232 585 586 587 588 589 590 591 592 593 594 595 596 597 598 599 600 601 602 603 604 605 606 607 608 251 609 610 611 612 613 254 614 615 616 257 259 617 618 619 620 621 622 623 624 625 626 627 628 629 630 631 632 633 634 635 636 267 637 638 639 640 641 271 642 643 644 645 646 647 648 649 
9 650 651 652 653 654 655 8 656 657 
6 658 8 659 660 15 661 
16 662 663 664 665 666 667 668 14 669 670 671 672 673 674 675 8 
12 676 677 678 679 680 681 682 683 684 685 686 8 
51 687 688 689 9 96 690 103 691 112 32 33 36 692 693 141 143 37 38 694 695 467 40 181 696 697 191 698 699 700 701 702 207 538 703 704 49 705 562 706 707 708 709 710 711 712 713 714 255 715 716 717 
15 718 719 720 9 721 722 723 724 725 726 727 728 729 730 731 
46 22 732 290 11 68 305 308 9 82 733 89 734 735 736 33 737 36 138 738 37 421 38 163 739 485 740 741 190 510 202 204 215 742 223 572 238 743 247 604 744 255 617 745 269 746 648 
60 304 306 9 747 748 90 342 94 95 749 750 751 107 752 112 113 753 754 122 755 130 131 756 757 758 693 759 139 738 760 761 762 763 444 163 764 452 765 176 766 767 487 181 697 191 507 768 511 769 770 220 225 771 772 714 263 267 773 274 774 
194 775 776 293 24 299 300 68 69 304 305 308 777 778 9 747 79 82 779 780 781 336 84 88 339 782 89 340 722 783 93 784 749 751 785 353 355 786 27 106 368 787 788 371 117 118 789 790 380 791 130 756 792 793 137 399 758 759 139 141 403 794 143 146 147 795 796 797 421 798 422 799 154 800 39 801 802 803 804 160 805 444 163 806 807 808 166 452 809 167 810 453 456 457 811 171 765 173 460 812 813 814 177 815 42 816 817 186 818 819 820 821 190 822 44 823 824 195 825 826 199 200 827 828 829 204 830 535 538 831 211 832 833 542 834 835 276 559 707 223 836 837 572 838 839 226 840 583 52 841 235 236 842 843 593 844 845 846 847 848 849 242 850 603 851 250 852 853 854 744 612 855 255 856 617 857 620 745 858 626 859 261 860 634 635 267 716 861 862 863 864 641 865 271 648 
58 866 289 867 11 68 9 780 748 83 868 869 784 102 110 870 112 115 871 753 872 33 36 873 874 452 875 876 182 186 503 19 699 195 877 770 703 214 705 707 223 878 879 228 710 880 236 241 743 881 247 854 260 263 882 265 883 641 273 
13 884 9 885 32 886 40 42 887 888 50 889 52 716 
14 890 21 9 12 891 62 852 201 892 163 284 893 494 48 
4 9 894 895 896 
1 9 
17 12 610 897 21 246 83 9 898 315 899 900 44 45 46 528 599 603 
14 226 268 9 901 902 452 610 903 904 47 905 906 907 908 
4 12 909 9 235 
9 910 40 707 911 9 157 897 912 913 
3 9 10 90 
9 9 914 915 49 916 246 17 23 467 
18 354 917 226 19 918 17 12 9 22 916 919 920 921 915 281 467 567 922 
8 9 52 923 924 103 643 925 98 
3 246 9 774 
11 915 921 920 17 916 19 9 12 22 918 226 
16 19 194 926 927 9 246 157 66 17 10 79 770 716 111 928 929 
9 235 17 921 19 621 83 930 9 931 
56 288 368 932 933 934 909 219 935 21 897 898 936 9 551 12 610 297 937 347 351 786 377 385 938 389 405 406 410 414 417 939 434 940 449 468 474 490 492 496 941 942 45 943 46 537 540 834 558 944 945 579 227 603 946 947 628 
19 23 948 949 950 246 951 9 17 952 953 954 30 181 190 889 712 955 956 883 
12 957 186 774 958 920 959 960 169 65 961 962 9 
19 963 774 936 964 965 966 21 23 9 246 276 967 968 56 897 953 969 970 971 
10 972 973 778 276 9 909 974 975 976 977 
14 246 965 610 978 897 842 21 9 27 315 422 45 979 603 
34 980 236 522 603 178 61 981 27 982 44 983 501 610 308 9 379 707 984 39 890 985 453 986 219 987 988 12 125 989 990 991 992 993 642 
29 27 368 994 39 897 516 995 808 996 9 981 12 776 997 998 589 405 999 1000 1001 281 1002 1003 522 418 1004 1005 992 255 
15 1006 907 226 246 28 161 891 9 1007 897 372 1008 516 905 1009 
11 24 852 103 9 201 1010 1011 12 163 891 1012 
6 9 1013 17 1014 76 32 
9 23 164 1015 909 1016 709 1017 9 1018 
8 1019 12 1020 1021 1022 246 1023 9 
13 9 23 21 1024 1025 34 756 1026 179 190 889 53 255 
6 96 925 924 103 9 52 
18 1027 246 966 965 1028 964 56 1029 1030 276 774 9 963 967 936 953 1031 1032 
9 951 246 1033 9 1034 10 948 963 1035 
21 281 9 909 610 898 1036 339 353 389 442 42 816 500 512 195 532 216 1037 1038 614 54 
2 139 10 
115 1039 1040 1041 1042 1043 1044 1045 1046 1047 1048 1049 1050 1051 1052 1053 1054 1055 1056 1057 1058 1059 1060 1061 1062 1063 1064 1065 1066 1067 1068 1069 117 898 1070 1071 1072 1073 1074 139 1075 1076 1077 1078 1079 1080 1081 1082 1083 1084 1085 1086 1087 1088 1089 1090 1091 1092 1093 1094 1095 1096 1097 1098 1099 1100 1101 1102 1103 1104 1105 1106 1107 1108 1109 1110 1111 1112 1113 1114 1115 1116 1117 1118 1119 1120 1121 1122 682 1123 1124 1125 1126 1127 1128 1129 1130 1131 1132 1133 1134 1135 1136 1137 1138 1139 10 1140 1141 1142 1143 1144 1145 1146 1147 1148 
206 1149 1150 1151 1152 1153 1154 1155 1156 1157 1158 1159 1160 957 1161 1162 1163 1164 1165 1166 1167 1056 1168 1169 1170 1171 1172 1173 1174 1175 1176 1177 1178 1179 918 1180 1181 1182 1183 1184 1185 1186 1187 1188 1189 117 1190 1191 898 1192 1193 1194 1195 1196 287 1197 1198 1199 1072 1200 1201 1202 1203 1204 1205 1206 1207 139 1208 1209 1075 1077 1210 1211 1212 1213 1214 1215 1216 1217 1218 1219 1220 1221 1222 1223 1224 1225 1226 1227 1228 1229 1087 1230 1231 167 1232 1233 1234 1235 1236 1237 1238 1239 1240 1241 1242 1243 1244 1245 1246 1247 1248 1249 1250 1251 1252 1253 1254 1255 1256 1257 1258 1259 1260 1261 1262 1263 1264 1265 1266 1267 1268 1269 1270 1271 1272 1273 1274 1108 1275 1276 1277 1278 1279 1280 1281 1282 1283 1112 1284 1285 1286 1287 1288 1289 1290 1291 1292 1293 1294 1295 682 1296 1297 1298 1299 1300 1301 1302 1303 1304 1305 1306 1307 1308 1309 1310 1126 1311 1312 1313 1314 1315 1316 1317 1318 1014 1319 1320 1321 1322 1323 1324 10 1325 1326 1327 1328 1329 1330 1331 1332 1333 1334 1335 1336 
11 1337 1338 1339 652 1336 1340 1341 1342 117 139 10 
35 68 957 342 1343 1344 918 1345 1346 1347 1348 898 1349 1350 1351 1352 738 1077 1353 1354 1355 1356 1357 1358 45 1359 1360 830 1361 1362 1363 1364 1112 682 1312 10 
44 800 246 452 10 12 1365 64 186 284 1366 79 226 24 1367 1036 76 1368 327 1369 356 357 113 1370 407 145 1371 171 766 1372 185 503 192 699 520 535 1373 279 1374 237 1375 1376 1377 1378 1379 
8 103 806 1380 643 276 1381 1382 10 
15 1365 1383 226 800 452 1384 10 1385 62 1386 140 1387 1376 852 1388 
15 10 79 1389 538 186 246 169 200 774 963 1390 1391 1392 124 41 
7 709 774 10 892 169 37 1393 
3 10 246 1394 
12 61 22 21 19 778 1395 10 1396 950 764 1397 1398 
19 778 1399 518 21 1400 242 94 1401 226 284 10 1402 1403 921 103 936 405 1404 1405 
5 1406 226 1407 10 245 
7 83 1408 1409 687 10 94 1410 
22 1411 1412 1413 1414 1415 1416 1417 1418 1419 1420 1421 10 1422 1423 111 185 1424 226 1425 1426 1427 1428 
7 676 1429 1430 1431 10 1432 1433 
7 10 918 1077 96 758 1434 649 
11 1435 1436 246 226 284 1437 79 10 892 1438 135 
19 339 62 1439 439 1440 1441 1442 1443 154 163 10 1444 1445 287 1446 1447 49 1448 1449 
5 10 1450 1451 704 1452 
3 10 1453 1454 
53 226 774 10 1455 21 770 12 186 62 1391 65 1036 75 1368 1456 100 1457 354 106 111 754 1017 737 1458 692 1459 37 1460 1461 1462 187 820 1463 190 194 1464 201 203 207 544 550 218 1465 1466 1467 1037 1405 1468 855 255 615 1469 261 
4 1470 1471 1472 10 
5 12 641 452 10 808 
13 774 21 284 1473 308 610 888 745 778 10 19 226 12 
63 917 22 902 182 1474 1475 1476 888 10 965 1477 226 1478 1479 71 1368 1480 98 101 27 115 118 1481 1482 123 1483 389 1484 1485 151 152 38 1486 1487 1488 816 1489 181 183 1490 1436 1491 1492 1493 214 1494 1495 225 575 1496 1497 581 588 1375 1405 852 252 1498 908 262 630 1499 1379 
6 10 276 226 160 21 284 
3 1500 1501 10 
5 10 1502 96 676 1503 
14 676 284 10 800 96 1504 891 217 1505 90 1488 1506 1507 1508 
16 12 865 10 1408 984 21 1509 153 1410 1510 224 225 1511 1435 746 971 
11 19 1473 12 284 21 226 778 774 10 745 355 
14 114 1441 172 267 246 31 1512 87 20 962 10 1513 293 1514 
9 1515 1516 1517 1518 10 1519 1520 284 714 
2 246 10 
20 1521 1522 21 1523 1524 10 1525 1526 1527 1528 798 1529 452 1530 1531 1532 236 1533 1534 1535 
20 226 1455 20 284 10 1536 69 71 780 107 153 1537 1538 1539 211 225 849 1511 854 1435 
10 774 20 163 693 226 877 963 10 1540 391 
47 698 284 226 74 10 1541 17 222 292 1542 1543 86 87 349 1544 106 692 139 1545 1546 151 873 152 459 1547 1548 875 1549 1550 1551 516 1552 1553 225 1554 1555 1556 579 232 1502 1467 53 1557 1434 632 1558 1559 
15 12 643 516 10 921 1560 1561 246 452 1562 226 284 349 1563 1564 
15 12 34 139 368 643 177 767 83 103 344 523 1565 10 399 1566 
13 1567 1568 1569 1570 10 1571 1572 284 1573 494 1574 1575 1576 
5 10 182 257 79 1477 
3 10 701 83 
22 455 1577 1013 1578 1579 405 1580 1581 1582 274 1583 1584 1585 1586 22 1587 882 10 1588 1589 1590 1591 
44 892 163 17 10 1592 888 1593 292 63 69 1594 1595 98 1596 1563 363 109 374 1597 1482 1598 34 1599 467 1548 184 1600 699 1601 527 1602 48 593 53 1603 251 1604 1605 1606 1607 922 1608 643 275 
1 10 
6 890 1609 353 1610 778 10 
9 169 21 452 10 79 226 96 1611 1612 
8 1455 226 10 94 284 20 1395 224 
4 1613 10 1614 1615 
16 542 103 1381 1382 10 643 612 1616 1617 1618 806 1619 1620 516 226 1562 
8 1475 22 965 226 1432 902 10 888 
27 1621 122 169 892 1622 963 246 1623 1624 1625 1626 200 774 10 139 79 37 1627 986 1628 1389 72 1629 1630 1552 1631 1632 
9 950 898 10 284 778 17 20 1633 22 
14 353 1077 934 10 163 20 12 62 800 467 766 511 1634 922 
16 842 284 10 1635 452 1621 774 1636 1637 1638 641 1518 1639 90 1640 1641 
18 83 226 917 10 1477 22 1432 931 1642 141 1643 1490 1493 207 214 1644 595 961 
13 933 897 235 226 10 921 799 1645 1646 190 1566 1647 242 
30 1522 60 10 892 246 1648 778 58 21 59 1649 902 916 1650 780 782 1651 1652 153 1548 1538 1551 527 535 1653 854 1654 908 858 1655 
47 1656 1657 1658 1659 1486 1660 1661 1662 1649 716 226 1663 1664 1665 1666 1667 1668 1669 1670 10 1671 1672 1439 1673 1487 452 1436 1674 1675 1676 222 383 21 1677 1678 1679 1441 1680 163 1681 1385 1682 1683 800 677 83 1550 
3 10 284 286 
3 10 1360 633 
9 774 200 164 169 10 1684 892 1685 1505 
24 1686 965 20 1687 226 610 186 1688 1689 696 10 1288 111 1690 139 1691 1692 1693 1436 1694 1695 535 1696 955 
7 83 1697 701 1698 10 1699 1700 
5 1077 11 10 1701 65 
16 281 1702 1703 10 385 938 400 1704 494 45 1705 1706 1494 224 237 603 
6 1707 1708 1709 10 1710 1711 
3 10 1712 252 
3 208 1713 10 
2 10 1467 
9 246 1389 21 252 20 286 10 284 276 
8 905 1029 1714 20 1715 10 1716 1514 
12 898 12 778 921 891 10 367 1481 425 171 1717 569 
3 10 1718 1719 
5 10 1720 1517 1523 1721 
7 10 75 284 323 226 516 1722 
2 676 10 
13 10 891 21 452 284 142 470 1723 190 1640 211 1724 641 
6 10 222 19 368 1455 921 
36 200 96 122 1649 169 21 368 10 59 996 57 1621 1365 1625 12 1624 1725 709 875 58 286 20 774 267 226 60 284 676 892 455 98 111 1726 1503 1727 1032 
21 1728 770 1729 1730 966 12 1731 1732 10 1733 963 64 1734 1735 1736 1383 951 284 754 1737 682 
16 917 21 452 226 1475 888 246 892 1683 800 12 17 1712 115 10 1738 
4 10 137 538 1390 
6 21 10 1739 17 538 770 
2 1740 10 
3 62 10 226 
7 10 21 226 12 284 1741 1742 
5 21 10 368 1743 516 
5 10 775 177 918 1744 
4 1745 1746 10 187 
4 764 10 691 234 
16 930 226 676 452 83 888 1747 1683 96 222 1748 1528 1749 10 800 252 
10 1750 252 10 96 83 1751 1548 1752 1753 746 
10 117 1395 88 1538 10 1435 94 1408 1754 1755 
13 1756 1637 10 439 12 191 21 76 1757 1758 766 1753 1759 
6 10 284 917 246 1730 452 
6 10 1760 757 1761 1405 1762 
21 950 1763 1764 1765 1648 716 246 452 12 10 169 30 1766 37 1767 878 1465 227 1768 254 956 
7 284 528 281 219 10 764 1696 
2 1453 10 
10 226 284 21 276 10 84 1769 1017 490 531 
5 10 1770 47 907 1502 
14 1665 917 10 1771 1772 1773 1672 1774 181 1775 1776 1777 1778 1375 
41 10 268 288 19 250 12 1779 21 778 226 20 284 452 24 1780 76 95 749 1781 1782 103 1783 113 118 1784 1785 439 1786 1787 766 494 987 521 1788 1789 531 48 1790 1791 1792 883 
12 709 10 774 169 892 1017 121 1793 959 875 50 1794 
21 1795 1796 1797 1798 1799 1800 1801 1802 880 1803 10 1804 1805 1806 1807 1808 1809 1112 1810 281 1811 
6 800 1812 284 246 21 10 
17 1561 610 1813 1814 932 59 1815 10 353 289 891 219 897 236 21 936 1816 
9 770 1817 774 538 1818 10 259 226 1819 
22 892 709 10 1621 774 65 66 1456 1457 106 111 121 1820 139 157 164 41 820 1821 203 615 961 
4 10 1822 690 1823 
25 1744 1824 226 1825 62 1826 21 1827 132 775 288 282 10 984 177 1828 610 328 1829 1830 1831 461 484 573 1832 
18 774 1833 10 246 1518 90 1769 372 1834 1793 1548 470 1835 943 527 1836 1837 746 
11 226 186 610 770 10 12 1817 21 436 227 1838 
9 246 1839 1840 1841 1007 1842 1843 1844 10 
1 10 
6 1525 1845 1523 10 286 20 
20 918 1530 1744 1824 1846 1826 10 12 21 775 1847 98 384 148 171 484 573 1848 1832 1849 
39 1850 1851 452 1366 10 769 1440 1743 1365 1852 1853 1854 1855 1856 1857 1858 969 1859 382 1860 1829 1861 1862 1863 1864 1865 1866 1867 1868 1869 45 1870 1871 1872 1873 1874 267 1875 1876 
7 1877 1878 52 917 1879 1880 10 
10 1610 778 1881 1882 353 676 12 890 10 372 
44 452 1883 1833 1884 1885 1683 1886 20 343 1887 40 930 1888 222 1889 1890 83 226 246 1891 1673 892 1385 1892 1893 1477 1894 1895 10 17 986 1896 162 331 356 1483 1489 1550 1777 1495 1897 856 631 1379 
24 10 1683 888 83 1007 22 902 965 1432 1477 226 1475 100 1898 691 1899 1900 1901 959 1436 1902 194 1903 1794 
9 83 1904 1905 1906 1907 1908 1909 902 10 
16 1910 103 1911 343 10 226 1912 1683 905 1492 423 699 965 1913 1008 1914 
7 62 1366 1915 246 10 72 1916 
30 1621 246 774 22 10 748 1750 21 965 1917 775 62 65 79 1457 122 737 173 1627 41 196 200 203 535 574 1918 252 1919 1920 1921 
19 1922 1923 1924 1925 1926 10 1927 1928 1929 610 1930 1745 1931 1932 149 1933 1934 79 1935 
5 10 1936 1937 1707 1938 
11 1441 986 1439 1744 339 1939 439 1624 10 1440 1449 
28 379 10 1940 902 246 19 21 79 710 52 1941 116 1817 1942 40 799 271 226 1365 242 920 137 756 1943 1944 1945 1946 1947 
30 800 695 10 17 20 226 1948 747 749 1785 154 806 457 765 477 1949 535 210 1950 555 1790 220 223 279 1556 880 593 1405 1604 714 
7 452 62 1560 916 226 10 800 
8 226 246 790 12 774 610 10 1951 
4 79 10 182 37 
16 10 1389 1952 246 1953 289 226 56 676 12 22 21 610 917 284 1954 
14 12 1955 1956 186 1957 1958 1520 10 368 1959 1960 1961 267 1921 
8 1455 1962 10 1963 324 369 1557 947 
12 1517 1516 284 10 1515 1520 1964 1965 418 438 1627 267 
14 368 10 219 453 485 610 516 201 246 21 279 1966 775 12 
27 10 246 21 282 186 12 1833 1917 281 610 774 748 1739 1712 1967 226 65 111 121 1784 1968 139 405 943 203 535 1511 
24 626 431 920 1969 909 79 1970 774 12 10 246 703 984 1395 24 344 360 1971 465 488 199 48 1465 583 
3 246 19 10 
13 10 186 774 79 1390 1389 169 963 962 538 200 961 1391 
8 1972 10 452 268 19 1973 1974 21 
1 10 
1 10 
11 79 799 115 17 226 902 1459 217 1730 697 10 
8 10 284 1833 226 452 246 1436 128 
11 226 1975 10 898 984 1976 452 222 782 1977 284 
5 10 758 1504 1390 191 
7 94 226 1978 10 137 284 21 
3 1979 10 1980 
3 10 1715 1981 
18 1477 1982 22 965 10 1518 115 83 888 1744 1592 917 1983 1984 1910 1985 226 1737 
2 10 19 
9 246 610 1952 226 917 289 56 10 1780 
7 892 1986 10 87 1987 207 1988 
9 10 775 284 1989 79 321 1438 226 1437 
54 281 764 235 452 909 732 10 610 297 1990 1991 1992 332 1951 355 356 1993 379 1994 406 1459 414 1995 158 39 449 167 459 476 1996 505 45 1997 522 199 528 529 535 537 541 552 1998 1999 2000 2001 599 603 2002 2003 623 2004 2005 636 2006 
6 191 10 800 2007 20 765 
3 10 246 778 
32 800 10 1543 96 2008 118 138 2009 2010 151 873 1488 2011 459 1547 2012 181 2013 1551 209 1664 2014 2015 1556 232 594 676 855 254 1557 261 1558 
15 2016 22 909 191 12 2017 21 19 2018 10 368 626 2019 2020 2021 
8 125 284 1435 865 10 88 1408 107 
18 962 1434 1486 1435 94 83 88 1408 20 1395 677 96 1962 10 1541 816 1755 1557 
225 918 892 284 10 1649 21 62 2022 2023 64 1668 11 69 70 303 72 308 309 2024 1036 75 79 2025 82 325 1595 12 83 84 89 94 95 96 998 97 1942 2026 2027 355 2028 1563 2029 2030 106 28 2031 107 2032 109 110 904 372 375 1965 2033 2008 2034 115 116 118 736 2035 380 122 33 2036 2037 36 756 390 2038 2039 135 400 692 693 139 141 403 409 1459 145 146 2040 151 427 1026 1371 803 160 436 440 1645 163 445 168 2041 453 455 458 171 173 2042 1461 2043 1548 470 2044 1752 1611 2045 479 1723 480 481 487 2046 181 182 278 184 497 498 502 697 190 987 2047 191 192 2048 193 699 1640 2049 195 516 1360 200 997 47 902 535 207 1602 208 209 831 211 2050 542 1503 544 2051 214 2052 547 550 216 218 2053 2054 2055 569 919 572 2056 2057 279 573 907 2058 228 231 1466 233 586 237 1375 597 2059 600 242 1897 244 245 1511 248 2060 2061 955 744 713 254 1605 617 1469 2062 618 677 745 1434 2063 260 2064 1378 2065 882 2066 267 2067 2068 920 864 2069 746 2016 641 865 2070 272 2071 647 648 1379 
8 157 321 173 10 1365 39 353 1605 
5 22 2072 226 2073 10 
2 10 892 
9 2074 10 2075 2076 2034 1503 2077 2078 2079 
6 398 246 1522 2080 226 10 
24 875 2081 2082 96 987 2083 12 2084 638 426 2013 921 516 1617 2085 2086 281 10 2087 387 610 222 295 2088 
8 226 903 10 339 353 389 816 1037 
5 10 150 2089 2090 2091 
24 281 21 915 2092 10 1542 305 29 116 2093 397 2094 799 38 2095 2096 2097 219 707 250 616 1727 2098 267 
22 22 2099 10 21 2100 1530 93 1522 246 1991 2101 2102 167 45 2103 522 2104 552 2105 843 603 2106 
12 2107 2108 2109 226 1975 2110 890 125 62 1703 10 2111 
20 2112 2113 2114 2115 2116 2117 2118 2119 2120 2121 2122 10 2123 1743 19 2124 2125 861 2126 2127 
11 1940 2128 1840 701 10 1455 1007 2129 2130 1510 2131 
14 2132 2075 2133 10 2134 966 1745 2135 2136 2137 2138 394 2139 2140 
8 2141 22 962 10 2142 965 2143 2144 
11 226 116 10 21 69 2145 758 2146 765 190 604 
5 284 921 286 10 2147 
6 610 10 775 226 1819 259 
5 1407 918 226 10 70 
130 10 1389 62 2148 1391 2149 65 67 2150 309 75 778 2151 952 782 90 1392 92 343 97 1456 362 691 27 111 32 2008 117 1766 2102 2152 35 130 792 2153 693 2154 2155 2156 738 141 1459 37 2157 155 157 803 438 2158 166 452 172 765 2159 463 1627 174 2044 40 480 2160 42 1967 181 185 186 1436 190 822 2161 2162 44 2163 193 195 2164 199 200 528 201 47 202 877 2165 208 538 2166 770 831 2167 2168 543 2169 216 557 221 2170 2171 707 2057 907 51 2172 231 1502 236 2173 843 847 247 249 2061 955 252 255 615 2174 2175 54 260 261 55 265 2176 2177 716 2178 1730 270 865 
9 1389 22 2179 19 10 246 2149 2180 879 
7 897 226 933 10 1962 1077 1645 
5 246 2074 891 10 2181 
9 21 284 10 2182 848 235 163 460 815 
8 353 10 2108 103 12 1738 449 1866 
27 246 1833 10 1712 186 764 452 949 83 2008 127 130 692 2183 151 152 1752 1537 2184 2164 2185 1495 712 1469 1388 262 1379 
6 10 933 892 1678 2186 962 
9 226 10 12 222 453 346 778 157 610 
24 888 246 710 17 2187 2188 423 1942 2189 920 52 10 2190 19 79 21 2191 1987 2192 2193 2194 2195 2196 46 
2 1745 10 
13 10 2197 12 2198 2199 100 2157 2200 1462 2201 996 543 2202 
3 10 2203 1736 
6 244 770 10 12 1819 168 
8 2204 10 22 2205 2206 226 246 2207 
8 800 284 246 10 902 222 21 79 
9 252 522 1665 10 83 467 1436 1432 2208 
10 732 2209 10 1585 2210 2211 22 2212 2213 20 
4 2214 2215 2216 10 
11 755 2217 2206 287 1077 851 10 911 22 246 1890 
2 10 1844 
39 178 196 1977 994 10 1403 2218 935 934 570 226 20 951 12 813 2219 455 198 21 235 90 1370 692 139 2220 432 1008 2221 451 511 2222 2223 2224 2225 2226 2227 2228 1954 2229 
67 2072 288 2230 284 10 2231 2232 326 783 2233 2234 2235 28 2236 2237 2238 390 2239 401 2240 419 2241 2242 2243 163 2244 2245 1461 766 2246 2247 2248 2184 2249 521 204 532 2250 1454 906 2251 2252 2253 558 944 2254 2255 579 2256 2257 2258 843 2259 601 2260 856 2261 629 2262 2263 1032 2264 1919 2265 1923 2266 2267 
7 2268 2269 2270 452 10 2271 19 
5 10 1470 764 246 2272 
11 864 921 10 2273 21 12 2274 276 322 190 513 
5 570 226 2275 10 349 
4 2276 22 10 1289 
11 2277 2278 10 2212 20 734 102 1591 2279 919 882 
12 10 2280 2281 103 292 1594 2282 1548 2283 527 1606 1608 
78 2284 21 2148 290 1593 292 63 301 11 2285 1036 2286 2287 325 780 334 84 2288 782 341 344 2289 351 2290 361 2031 2291 1346 886 2035 790 130 398 410 2292 426 429 160 457 459 475 766 42 487 2293 43 2294 1816 2295 511 2049 514 943 2225 2226 2296 2297 542 2298 555 2299 579 597 2001 611 1612 620 621 54 2263 2300 2301 864 271 2302 645 2303 649 
3 2304 1736 11 
4 11 2305 2306 226 
15 226 12 921 11 902 191 62 356 406 415 2307 490 199 1511 2308 
15 283 2309 1760 12 782 2310 898 418 2311 2312 474 516 533 1112 2057 
58 290 2313 1795 322 2314 12 2315 2316 346 368 1481 898 125 33 383 388 2317 401 416 795 916 426 1026 158 2318 438 444 808 165 2319 2320 501 284 505 2321 512 46 200 533 540 834 551 1112 219 566 836 232 235 897 610 614 2322 2323 633 2066 864 645 56 
32 2324 2325 2326 1516 2327 2328 2329 2330 290 2024 12 2331 2332 2333 391 420 171 2334 2045 2335 2336 200 2337 2057 2338 2339 2340 614 2341 2342 641 2343 
11 290 280 12 354 2310 898 1445 1077 1108 1112 1312 
196 281 2344 286 1649 2345 62 687 2346 2347 24 297 69 307 308 310 2024 2285 75 2286 747 2348 82 324 2349 12 2350 84 2316 87 339 782 89 91 869 94 96 998 97 347 2026 99 1520 353 355 2351 2352 361 2353 363 107 1769 112 375 114 1433 871 119 1017 384 385 2354 130 2355 2038 1397 135 137 399 401 1704 759 139 140 738 1459 146 2040 2356 155 1774 1026 158 430 2357 160 805 2311 163 445 1402 166 2358 453 2359 461 2334 2320 2360 471 2361 2045 2362 767 816 2363 497 500 502 2364 504 824 1640 1551 195 516 2365 198 520 2336 2366 527 2367 2368 2226 2369 830 208 209 2370 211 542 544 550 2371 2372 218 2373 2374 2254 2054 565 2299 569 2375 224 572 2376 682 2377 226 2378 988 880 2338 912 1467 2379 2380 2381 881 597 599 2218 243 850 1376 250 2382 1604 2383 1605 617 618 2384 858 2385 2386 1388 261 2387 1607 2265 2301 2388 268 2389 920 2308 2390 641 1398 2391 2071 647 648 2392 
2 12 1977 
37 1711 1736 2393 1795 12 2394 2395 2111 904 119 736 2037 2396 130 2397 139 2398 2399 2400 2401 2402 471 176 2403 284 516 520 905 549 2371 2404 559 243 2405 2406 2388 2390 
170 59 1289 1153 2407 1151 1196 2408 2409 1271 2410 2411 2412 2413 1149 1013 2414 2415 1014 2416 2417 2418 2419 2420 2421 2422 2423 2424 2425 2426 2427 76 2428 2429 2430 2431 2432 12 2433 2434 782 923 1173 2435 2436 2437 2438 2439 2440 1447 2441 2442 2443 2444 1345 776 2445 2446 2447 2448 2449 1347 2450 2451 2452 2453 2454 2455 400 2456 2457 2458 2459 2460 418 2461 2462 2463 2464 2465 2466 2467 2468 2469 438 2470 2471 2472 2473 2474 2475 2476 2477 2478 2479 2480 2481 2482 2483 2484 2485 2486 2487 2488 2489 2490 2491 911 2492 2493 2494 2495 2496 2497 2498 2499 2500 2501 1359 2502 516 2503 2504 1263 2505 1525 2506 2507 2508 2509 2510 2511 2512 2513 2514 2515 2516 2517 1113 1115 2518 2057 2519 2520 2521 2522 2523 2524 2525 2526 2527 2528 1365 2529 2530 2531 2532 2533 2534 2535 2536 2206 2537 265 2538 2539 2540 1329 2541 639 2542 
33 2543 2544 2545 1795 12 334 338 2546 2547 2548 417 2549 2550 39 2318 2311 163 171 464 2551 2552 2246 2553 2048 1798 516 537 2017 2554 610 2555 268 2556 
56 2330 2557 2558 2559 2560 2561 2562 300 2563 2564 2565 12 339 2566 2567 2568 353 2569 2570 2571 2454 1994 2572 1957 916 2573 2574 2467 22 2575 2476 167 2576 2312 477 2577 2578 1531 2579 195 2580 2581 2515 216 2582 2583 2584 2585 2586 2587 2588 2589 2590 2591 2592 2593 
10 12 921 859 276 19 283 281 282 2594 2240 
4 2359 12 610 614 
22 1380 643 1112 103 2595 2596 583 276 2597 399 2598 1608 2298 2599 12 96 2600 460 1548 275 610 777 
10 21 12 1343 1112 842 2601 2602 950 90 1508 
3 2603 12 676 
18 12 610 1395 2604 2565 2566 2605 2606 2607 2608 2084 2609 446 2610 2050 232 2611 2612 
3 2613 2614 12 
10 12 284 2615 219 1558 39 2385 501 1561 1963 
4 2616 12 2617 2618 
5 2619 2620 12 21 862 
14 2621 2390 452 21 2588 641 289 2622 2623 605 12 2561 2624 2625 
4 703 611 276 12 
10 909 921 2337 516 2626 12 2341 2627 2628 2629 
7 2630 12 2631 2632 226 2633 2634 
8 2635 782 20 21 880 1112 12 2636 
10 1530 235 897 19 921 21 2637 12 775 413 
13 950 2638 20 1744 12 886 936 1077 939 487 507 2639 2640 
8 2089 12 676 2641 284 537 453 610 
16 19 888 774 284 745 21 12 617 610 864 226 778 82 414 45 1009 
6 920 226 246 2642 12 2345 
7 2643 12 2022 516 2644 284 344 
2 2645 12 
3 2646 2647 12 
2 12 1743 
2 12 2648 
9 368 27 909 978 44 522 12 997 603 
4 456 12 2649 2223 
5 1561 12 676 921 516 
1 12 
17 453 636 2641 12 676 418 445 2650 2651 537 344 584 2652 610 1963 408 1495 
9 2653 2654 12 2655 2656 2657 2658 2659 2660 
7 903 2661 984 12 515 218 227 
6 271 281 2273 12 921 808 
11 778 2662 12 2663 2085 368 2664 135 2665 451 1832 
18 486 2666 897 984 12 516 677 676 2667 559 284 197 806 2668 445 528 2669 369 
9 909 276 12 226 368 880 2670 2671 2672 
4 268 507 12 1546 
12 1370 516 676 875 2673 1112 12 1561 62 2674 367 520 
9 496 2675 2676 2677 544 171 573 2678 12 
7 12 1977 2679 339 353 389 2319 
7 12 1461 2222 536 1508 2612 2680 
10 2681 181 2682 2683 2684 2685 2686 12 2687 2170 
6 219 359 1396 544 1951 12 
5 2188 12 376 2688 2689 
6 288 12 276 367 406 814 
5 12 2690 732 2120 2273 
3 12 21 2691 
4 12 368 2692 2693 
10 921 770 12 288 2694 461 525 2695 556 2272 
14 353 56 233 12 898 610 289 329 21 284 76 389 2696 189 
7 21 936 12 2697 2604 2698 2587 
9 519 610 536 12 516 1561 276 542 368 
6 1636 1517 20 61 12 1445 
18 1744 452 246 800 12 2699 345 2700 2701 2702 181 184 2703 586 955 2704 2705 2706 
31 201 1112 354 2707 808 514 12 2338 633 778 790 2650 276 310 319 1963 98 2708 2709 2710 1997 1617 545 2255 565 2711 2712 1653 2003 2300 637 
7 343 12 2713 2714 2547 2715 2716 
14 2717 909 543 12 808 2718 281 367 2719 2720 505 575 588 254 
13 1112 2721 39 284 1617 603 445 2722 368 418 2087 516 12 
3 1390 12 1877 
11 272 96 452 12 2723 917 697 1436 97 2724 975 
2 12 2645 
12 12 353 475 511 936 645 1112 516 39 2722 782 276 
3 2725 12 2726 
29 289 2727 284 1852 56 21 610 329 898 233 12 2728 733 339 351 105 113 2729 167 460 180 905 2722 544 227 251 2730 1634 1379 
14 770 79 283 12 921 344 1481 33 384 2710 482 489 514 1821 
29 2013 2218 21 583 2731 12 909 399 89 405 778 531 984 612 284 475 445 516 219 2732 368 2733 786 226 501 2734 636 610 2735 
7 219 181 12 62 279 460 368 
17 62 2736 2737 368 699 2738 806 1673 1774 2739 2740 1881 588 643 12 407 1738 
8 2337 12 2741 2742 2743 2744 2745 2746 
10 1396 1919 2353 12 332 2747 361 2354 537 2001 
12 401 2650 2748 12 2670 201 514 368 984 2319 2710 565 
28 2749 537 998 2352 2750 806 2711 1638 359 2751 2752 2286 2753 284 541 2754 276 2274 2755 1027 2756 2359 2757 2758 2759 2013 1112 12 
16 2337 2760 2761 368 2762 2763 921 2764 12 246 2765 384 2013 534 944 2766 
13 1608 445 676 806 643 284 1380 516 1381 12 103 1597 593 
2 2767 12 
1 12 
1 12 
60 2768 334 2769 946 2641 2770 520 2771 2755 2772 2773 2774 2286 2775 2776 2777 806 1564 2778 2779 2733 2780 2736 2781 2782 2783 2784 368 2785 637 2786 1513 1016 132 346 1434 2787 610 2788 636 2789 2790 786 2791 2792 2793 2794 2795 1370 537 2796 327 12 676 2797 2798 448 2799 2800 2006 
103 12 447 281 909 1003 570 21 808 2671 2022 687 315 1505 323 325 337 341 98 347 355 356 357 1960 360 362 367 369 372 377 2709 381 384 385 396 138 1704 139 403 406 407 408 414 415 147 417 939 423 39 1008 2221 445 446 448 457 459 468 471 474 475 488 496 497 941 509 510 1551 196 1914 2223 516 519 46 199 990 2800 537 2227 2296 540 542 2228 834 545 553 2372 1494 555 558 559 944 563 979 223 587 603 1653 624 946 630 632 2640 636 638 
9 612 489 12 324 473 197 368 423 558 
3 12 2057 516 
8 2733 778 1979 21 1721 12 2632 1077 
10 172 880 47 180 12 368 226 767 390 453 
2 12 2206 
11 612 389 1112 1381 1617 921 103 12 581 595 1684 
5 610 516 226 284 12 
3 447 12 333 
6 603 987 544 368 39 12 
1 12 
10 528 2219 610 219 12 449 190 45 552 981 
9 2505 1983 226 1578 1879 21 12 1515 2012 
5 368 2609 474 12 509 
3 12 178 987 
4 1736 281 12 118 
11 2025 177 368 362 284 354 405 12 1459 984 2644 
14 445 368 516 1112 2087 284 418 603 12 2722 1704 39 981 125 
2 12 447 
5 609 12 426 232 2088 
7 2371 1558 2354 2014 281 519 12 
14 329 39 934 12 83 56 233 1942 936 339 898 374 1866 772 
7 268 12 226 687 372 1914 2228 
5 2662 2672 95 282 12 
3 2042 12 1374 
1 12 
4 12 240 2138 2133 
3 528 12 2102 
6 930 368 987 423 12 1736 
6 965 921 235 2393 12 2677 
5 276 898 12 1977 231 
14 850 284 782 12 21 292 98 355 1617 1494 1653 2383 946 1727 
7 226 1578 778 287 12 918 125 
10 12 2323 932 268 281 284 2233 360 2767 988 
5 610 12 2747 469 2369 
11 898 921 1744 808 775 909 12 21 226 368 1832 
2 2390 12 
22 936 1366 12 935 898 778 1591 1400 1536 921 200 2338 39 69 355 102 384 474 1404 46 944 568 
13 279 334 1838 39 2379 368 517 12 610 219 2677 557 921 
13 357 892 1881 2595 2740 1673 368 2739 2738 12 588 1774 62 
11 414 2776 558 636 319 786 453 516 610 368 12 
4 12 697 693 226 
8 610 782 276 1112 475 12 39 460 
1 12 
5 12 516 1561 2678 1376 
3 764 12 305 
24 636 808 1998 12 516 517 767 2286 909 501 537 676 2652 308 368 617 476 610 39 219 2721 874 408 943 
7 12 1112 485 610 368 279 473 
12 890 808 1112 460 12 676 583 645 782 281 537 610 
4 288 368 12 39 
14 287 12 280 198 1649 319 1757 347 385 439 475 1372 46 2296 
3 12 268 2245 
3 1699 12 282 
7 21 19 610 12 778 1513 453 
6 21 44 1942 537 12 610 
14 1736 12 368 369 2034 396 184 510 1494 2190 1511 255 627 630 
5 531 2722 516 12 490 
2 132 12 
10 12 610 281 638 2082 276 387 987 2083 232 
5 1523 852 12 2631 226 
3 2609 516 12 
2 12 276 
2 12 284 
4 12 201 2005 2392 
7 909 2558 12 988 2668 267 2307 
1 12 
3 12 39 921 
4 917 12 919 1950 
5 173 12 610 697 226 
2 12 578 
10 246 281 12 1715 2787 610 198 287 1648 527 
12 418 1789 531 12 163 76 1757 1514 1994 154 1787 189 
2 226 12 
2 936 12 
5 56 445 1370 1112 12 
1 12 
5 21 12 2182 281 20 
41 12 676 368 516 2787 226 1112 284 2609 2286 319 324 347 355 363 385 1704 442 2011 449 461 471 482 2293 824 1551 519 520 2298 550 553 2014 2299 576 579 594 946 625 632 636 637 
10 2013 485 1561 516 610 368 542 12 536 295 
7 12 1979 610 368 376 386 578 
8 368 2754 12 2786 367 1537 2757 596 
17 39 445 2597 379 251 485 537 2675 460 511 808 2722 819 583 12 1112 219 
1 12 
3 323 12 267 
73 93 20 22 950 1649 1355 800 12 21 1953 918 1744 246 892 1389 62 64 300 931 1025 81 343 97 349 1544 2029 106 28 2033 114 118 137 141 151 155 157 1371 2158 163 1723 178 1770 181 1537 1490 1436 2163 192 699 1640 1952 204 1493 1602 208 209 1664 219 1497 1502 1375 2218 603 607 713 252 1747 882 1535 269 2106 920 641 
24 21 745 778 284 226 12 2022 687 307 319 2776 372 2102 793 408 421 474 45 199 1952 535 537 843 254 
1 12 
13 2459 2547 12 1770 226 1522 102 139 495 1002 1532 535 267 
5 12 909 21 984 316 
13 12 581 643 1365 559 1975 368 276 892 21 191 1593 814 
5 909 12 897 226 610 
9 936 531 368 12 676 276 96 222 219 
26 21 782 610 1066 353 250 12 292 356 1726 410 416 449 766 478 819 511 520 1617 535 2370 555 2377 624 634 642 
12 171 284 1561 445 1112 485 610 338 806 556 12 921 
1 12 
5 12 246 2355 536 2005 
3 610 12 288 
4 201 778 610 12 
3 12 986 934 
11 113 33 103 522 12 17 32 756 2148 2608 262 
10 368 1016 12 921 39 544 2677 1736 509 2366 
4 537 402 12 1112 
11 12 641 137 172 226 1628 1457 875 1370 1834 1752 
9 2652 445 368 775 1112 984 284 286 12 
2 610 12 
8 415 12 875 516 1561 1963 369 943 
15 453 1112 280 368 610 405 516 12 39 2399 381 2608 1997 579 2712 
16 778 610 418 909 276 12 782 368 351 355 410 766 511 2678 624 947 
6 528 219 12 874 610 414 
10 1756 2209 732 12 191 289 813 1785 1787 1790 
4 12 460 634 642 
6 1980 1530 12 226 610 2713 
4 226 514 12 246 
6 12 1301 2631 226 2505 1038 
5 445 12 354 1977 1834 
2 12 1513 
5 610 171 177 12 2233 
13 888 610 12 19 687 415 446 449 461 1506 199 1009 2711 
6 12 687 324 1551 946 638 
9 1112 12 2185 306 276 226 20 1824 524 
4 368 12 201 626 
3 354 12 369 
8 39 160 12 424 279 1459 516 1484 
1 12 
4 12 898 39 921 
6 996 12 516 1112 2390 544 
8 12 1879 163 24 962 99 125 1632 
4 455 1180 12 1591 
12 921 1016 368 544 12 1736 39 2677 328 1704 573 947 
9 589 516 12 368 1112 542 603 226 284 
5 12 226 612 1651 943 
1 12 
5 284 12 56 898 1991 
24 12 933 610 1683 281 297 2232 1991 355 786 2710 414 2012 45 513 943 540 834 2372 558 2639 614 856 2749 
4 284 2182 12 226 
5 2328 62 12 22 1683 
3 284 2733 12 
8 2042 1711 12 909 219 346 281 626 
5 1736 921 2677 778 12 
11 12 886 936 20 1366 1077 950 306 1637 1744 326 
1 12 
9 12 468 921 1016 544 2677 368 381 545 
9 612 423 12 19 368 774 767 888 1963 
20 475 2678 2298 12 460 20 113 2600 782 1112 267 1736 276 806 1719 1780 351 449 766 1604 
5 12 610 56 281 934 
5 501 1473 271 12 898 
12 12 808 354 276 790 2650 778 344 360 480 1559 643 
4 903 321 984 12 
75 284 96 676 288 286 984 47 888 12 280 774 368 226 287 302 310 2286 317 324 327 1992 341 97 347 351 355 363 109 370 375 385 135 1704 408 412 414 147 939 424 428 445 446 473 474 490 493 2293 497 824 1551 46 199 2369 542 2298 553 558 565 2299 1755 232 593 594 1405 2060 1612 946 947 631 632 1607 635 636 637 642 
4 12 610 406 414 
2 12 69 
9 445 610 12 1561 368 341 388 545 587 
12 284 62 460 445 875 286 12 610 327 1370 2674 367 
8 268 163 610 12 583 1789 531 1696 
17 236 921 219 2120 12 610 315 2102 467 1548 45 46 2105 843 1511 262 2106 
5 972 12 98 762 772 
6 1637 12 487 1997 2712 614 
3 2397 12 338 
1 12 
17 1548 1562 643 550 275 438 1608 284 103 172 117 1370 610 12 1780 1596 2224 
22 874 27 219 610 246 12 687 1593 324 998 379 395 158 2245 476 942 1551 537 603 1559 1608 643 
2 12 219 
2 12 2316 
13 521 610 163 439 160 583 12 1757 355 938 424 459 565 
4 902 12 56 268 
3 12 280 281 
3 12 362 2337 
21 1884 12 453 186 909 963 588 219 930 226 21 965 117 1112 122 455 62 200 460 1474 191 
7 330 463 12 2286 341 446 2371 
28 288 453 39 584 12 359 1827 998 368 528 2274 219 307 319 361 367 414 416 422 2307 449 469 1997 943 2254 576 579 623 
12 12 21 246 2112 17 2017 65 142 143 168 203 2106 
2 610 12 
8 501 12 368 909 281 39 881 2767 
4 12 219 2233 361 
18 1112 21 612 12 276 284 950 226 610 775 368 516 1963 341 109 446 2307 497 
10 2717 257 246 2671 2157 12 909 897 965 346 
20 79 1366 284 353 226 12 1977 328 332 1769 377 2710 468 493 496 509 834 579 1612 642 
9 903 2651 587 368 589 344 12 519 509 
3 1365 12 2673 
2 12 226 
3 2324 2672 12 
2 286 12 
8 12 775 79 226 284 2787 445 527 
4 281 12 722 39 
16 236 219 2219 12 610 379 2286 2765 1997 2298 2299 839 2712 1654 2003 2006 
6 2286 676 368 445 12 516 
5 2492 2670 12 2337 778 
11 892 368 12 581 1365 460 276 191 941 1975 638 
5 12 921 338 2011 461 
4 12 246 2355 406 
16 516 941 1470 996 39 368 501 12 268 737 1963 369 408 1997 563 2712 
10 12 1975 368 21 286 324 457 2013 2366 593 
3 2614 2613 12 
5 891 12 1014 1977 2289 
8 775 1940 893 12 690 17 1542 1555 
3 368 12 558 
1 12 
9 778 12 344 284 790 360 676 516 531 
4 1827 1821 12 281 
3 1615 12 33 
7 12 610 2664 1624 962 405 986 
8 2359 284 226 610 1827 132 12 998 
14 12 778 1977 732 1282 368 935 577 2229 589 1918 267 1920 272 
3 12 903 778 
10 936 888 745 19 21 226 767 284 778 12 
7 171 496 226 12 177 921 328 
4 12 877 963 186 
10 346 83 581 1683 1833 12 1436 1953 1712 1497 
6 2720 12 537 2787 445 2796 
8 570 1975 995 778 764 2390 12 1879 
8 583 437 447 12 938 762 834 772 
16 474 268 603 537 276 2720 544 39 1112 806 12 2013 445 610 96 1998 
4 610 1473 12 745 
16 1683 919 83 1365 892 917 12 374 758 457 1914 555 2170 575 588 643 
2 12 1112 
15 782 12 2319 984 626 201 21 1970 292 355 416 449 521 531 578 
7 12 610 319 2320 2013 537 2711 
1 12 
8 610 343 226 920 12 909 800 1942 
7 368 1112 12 909 610 519 545 
15 1953 581 774 346 1712 12 1436 83 357 407 1550 535 2227 1495 1379 
7 12 570 2221 497 46 545 2381 
4 778 921 893 12 
5 998 2627 12 911 2359 
3 12 778 2085 
9 12 806 191 516 103 1380 363 21 559 
6 2793 516 222 12 1617 445 
5 115 12 1381 374 1607 
6 2754 2755 2757 2786 448 12 
7 1578 12 921 276 778 226 284 
4 1980 2073 1363 12 
5 27 219 12 284 610 
5 2632 226 2631 1301 12 
4 268 1736 12 1520 
1 12 
28 44 219 125 452 12 1016 39 874 988 890 315 368 898 978 236 27 528 21 347 377 385 497 45 1947 992 579 2678 2003 
3 19 242 12 
7 12 1847 300 2238 614 636 2106 
3 2558 2324 12 
3 842 452 12 
5 2072 1459 951 897 12 
5 921 12 387 878 1998 
133 281 288 12 291 292 295 307 308 1991 2286 319 82 2316 339 341 998 353 355 786 1993 27 28 367 904 375 379 122 402 406 408 410 414 415 416 421 422 426 39 436 438 2719 2609 446 447 167 2720 811 458 171 2159 173 460 461 464 465 472 474 475 476 479 484 816 485 2013 1816 187 501 44 193 45 1997 512 1506 195 517 2225 519 520 521 522 199 200 527 528 2226 531 539 2297 906 542 2298 552 2371 2169 216 2373 219 2299 568 1761 569 1755 579 580 584 232 1998 586 587 2380 2678 599 244 853 1508 254 909 616 2088 2322 2003 2385 2004 631 2640 634 1558 2749 2006 2266 645 648 56 
6 778 864 276 703 12 301 
19 921 12 898 775 21 778 2022 1593 1963 355 2776 369 109 374 498 510 2250 542 1654 
3 2273 12 1834 
10 524 605 56 282 12 281 2170 1637 501 291 
12 79 246 774 12 963 1456 888 169 2017 1730 1509 1769 
6 800 235 610 12 965 1395 
10 888 778 284 774 12 21 226 19 308 414 
3 12 284 226 
2 1779 12 
7 936 276 778 12 21 1438 2098 
4 12 276 2017 38 
3 936 12 1824 
3 12 219 537 
10 460 368 643 1112 12 475 2301 909 2678 2308 
6 2652 1112 2787 12 445 2796 
10 21 12 950 488 505 2161 201 223 583 2378 
2 12 423 
3 898 39 12 
3 268 12 2050 
5 368 83 12 423 1005 
9 1892 1112 181 676 844 2170 516 12 610 
6 96 445 516 368 12 2787 
11 1977 120 281 864 888 1970 962 12 2547 344 2710 
7 12 21 610 478 460 1780 642 
4 12 984 516 21 
13 368 775 219 12 445 605 516 319 1963 355 367 408 414 
7 12 445 516 2003 344 921 367 
10 12 1998 1561 486 368 555 426 1752 232 2088 
5 1578 778 287 918 12 
1 12 
19 842 12 226 137 864 21 774 114 1638 282 22 284 808 452 300 81 1548 470 746 
8 478 45 634 544 460 1112 12 516 
34 1381 528 514 103 12 581 1593 292 63 1594 1595 97 98 1596 1563 357 363 109 1597 1482 34 1866 457 1599 1548 2046 1600 1601 527 2374 1603 624 1606 1607 
3 2707 12 646 
11 782 610 276 12 281 351 416 766 982 2722 2322 
7 2707 1077 644 769 1744 12 2676 
5 284 921 12 2274 226 
10 888 21 12 226 778 19 610 774 284 2711 
4 12 74 1736 276 
2 1340 13 
2 652 13 
8 1340 1339 651 1066 60 1338 13 2744 
1 13 
1 13 
1 13 
2 2743 13 
1 13 
1 14 
2 661 14 
2 14 2587 
2 14 659 
1 15 
3 1938 15 1554 
2 721 15 
2 2488 15 
1 15 
2 668 15 
5 911 667 2207 1953 15 
1 15 
3 2558 2557 15 
1 15 
1 15 
2 2451 15 
1 15 
1 15 
46 1986 1541 2074 222 1477 892 2313 294 1668 73 307 16 1543 317 319 324 327 86 87 363 367 136 1704 139 414 416 151 1488 445 459 1643 1752 180 195 516 1552 2366 1009 553 565 2078 1502 1604 1434 946 631 
10 996 226 16 324 1563 118 1503 1664 225 1604 
1 16 
1 16 
1 16 
1 16 
7 140 1517 59 58 284 61 16 
1 16 
1 16 
1 16 
1 16 
15 2666 2736 1009 528 368 390 453 806 486 284 17 485 905 1902 71 
1 17 
2 17 2632 
6 17 1979 170 702 562 1502 
7 182 1432 1477 756 150 246 17 
14 252 842 2148 17 697 1489 226 767 79 96 267 1563 1752 2711 
14 17 697 775 986 20 2209 732 246 226 95 756 409 1405 922 
2 17 1740 
10 709 17 1518 1516 753 738 191 698 703 1628 
9 1365 17 704 1979 1526 954 122 1691 1532 
11 226 986 20 17 349 692 693 409 436 1952 207 
4 695 17 709 96 
15 62 1669 1683 22 1637 452 17 103 892 226 357 2033 184 1602 2190 
2 17 1007 
5 1007 17 101 123 239 
2 690 17 
7 695 22 17 301 201 705 611 
6 1979 2632 17 77 968 696 
8 22 1455 764 1756 17 703 877 1622 
1 17 
10 21 2074 235 2325 17 22 246 30 45 1468 
4 918 17 898 1901 
12 1445 17 66 1457 1017 139 164 695 169 698 50 1628 
6 22 1092 17 829 190 255 
1 17 
6 252 764 1712 17 949 40 
3 17 452 226 
5 20 17 91 191 764 
2 2390 17 
17 951 963 21 948 964 950 23 17 1764 246 953 118 37 157 742 878 956 
3 775 17 2458 
1 18 
1 18 
2 18 724 
2 664 18 
6 21 851 2671 18 551 979 
2 18 2034 
2 720 18 
1 18 
1 18 
1 18 
2 1401 18 
1 18 
1 18 
1 18 
12 986 1624 1948 335 734 693 1637 477 19 219 570 263 
3 353 833 19 
5 1515 19 274 2273 732 
2 1007 19 
5 921 226 286 19 2273 
4 79 186 19 558 
14 753 1365 61 986 19 284 893 764 695 950 20 888 246 928 
3 1439 19 963 
5 2013 806 982 19 985 
1 19 
2 716 19 
3 22 19 1851 
6 21 1522 19 226 916 902 
13 774 888 778 19 21 226 308 82 89 453 2013 572 580 
14 226 88 842 1983 172 875 963 1628 152 641 19 1370 1435 1557 
4 284 191 20 21 
9 888 22 2277 20 1627 186 200 877 770 
5 21 163 813 191 20 
2 20 1585 
2 20 21 
2 20 2404 
6 888 950 22 20 695 738 
5 20 2548 963 140 79 
3 20 898 265 
11 226 52 1941 20 693 21 1858 691 467 190 2059 
2 20 156 
9 20 1671 74 581 242 917 21 210 1950 
4 20 2423 21 284 
1 20 
2 20 892 
5 20 578 1968 523 972 
1 20 
18 2209 20 68 1760 872 1397 738 413 150 158 705 219 1761 577 712 714 252 270 
9 20 246 1403 191 1390 1743 220 242 21 
17 62 645 2600 460 918 511 475 154 113 163 268 1977 782 20 276 1112 806 
19 20 1395 1455 284 2022 1505 98 2708 372 692 414 1008 1410 510 2227 2228 572 1653 1557 
4 20 917 919 1453 
7 20 1365 2436 178 2381 2268 646 
20 950 748 774 20 22 1621 1750 1917 246 79 338 354 140 143 37 168 173 877 259 2066 
2 20 1944 
6 523 578 389 972 1968 20 
1 20 
49 20 2022 1391 65 66 308 79 82 89 1392 95 1457 111 114 121 35 139 1459 873 1487 164 168 169 172 41 42 1967 186 820 193 510 1640 516 200 201 203 877 770 2171 878 588 615 617 745 54 961 2177 641 648 
32 305 2545 2728 1781 693 403 148 2549 798 171 2679 471 177 941 186 199 542 550 218 21 562 2057 838 846 244 851 852 612 1618 636 862 717 
12 2423 1092 287 2194 2278 1450 1591 1004 46 829 21 2636 
5 2721 292 21 1380 778 
73 851 21 950 246 2635 68 69 1719 308 777 2427 323 82 89 344 355 786 105 2031 371 112 886 117 790 132 793 400 2665 405 421 799 163 809 453 465 475 1723 180 1403 43 1600 506 1404 514 834 554 221 2170 565 570 571 572 2056 577 1496 841 590 592 597 611 612 254 617 2174 620 745 858 947 2005 2301 639 2302 648 
2 21 799 
5 21 276 94 117 22 
1 21 
34 287 21 117 2182 246 280 284 276 965 2635 1648 921 304 351 1017 399 410 416 2292 1008 460 1461 475 766 1016 511 1914 209 2722 2228 2169 583 1398 645 
4 1441 268 21 1036 
4 1878 2278 21 22 
3 21 1547 1790 
10 778 39 610 501 851 21 2672 355 367 408 
3 823 2691 21 
5 21 970 1465 1511 971 
2 1301 21 
10 2707 778 276 21 344 2710 193 514 565 2377 
4 2603 2745 2746 21 
4 246 21 950 851 
6 778 453 2491 1667 21 2387 
1 21 
3 21 281 950 
2 1585 21 
1 21 
7 21 93 851 775 799 1530 2633 
13 235 778 21 2092 116 1522 798 779 1723 190 207 2228 1469 
32 1649 1504 21 62 64 1024 87 343 2290 2030 113 118 141 151 1371 166 452 1723 191 192 1950 1664 220 2055 222 880 586 855 616 261 1378 920 
2 1589 21 
1 21 
4 911 21 246 226 
4 2325 21 2194 1589 
3 284 21 1650 
26 191 21 687 1593 63 2286 324 2674 357 361 363 367 109 1482 461 766 740 511 1550 1601 2224 2800 2371 2374 579 593 
3 2210 21 2367 
19 21 281 936 864 81 322 1992 344 346 368 403 414 416 449 514 46 1998 2263 641 
3 778 2317 21 
2 21 1817 
3 2219 610 21 
1 21 
6 21 851 952 749 477 267 
7 21 962 2599 2652 457 334 921 
2 250 21 
12 855 1684 2283 56 284 83 1617 21 610 880 225 233 
1 21 
3 1075 1522 21 
3 460 21 449 
6 2053 21 774 79 169 2368 
2 963 21 
4 246 851 21 950 
3 2199 21 787 
5 284 21 2341 516 445 
1 21 
1 21 
3 21 1979 2025 
4 2190 1637 21 833 
3 21 776 710 
4 21 284 61 1344 
4 911 226 246 21 
1 21 
4 21 733 828 2640 
10 368 39 544 1112 281 578 501 2736 21 778 
1 21 
3 21 1642 281 
1 21 
2 775 21 
3 21 552 997 
1 21 
5 778 21 1979 2017 1850 
14 950 21 1007 1878 293 114 692 44 1640 981 607 746 2749 641 
7 453 522 21 268 236 246 2300 
5 1585 21 2628 631 2343 
1 21 
2 21 775 
7 21 963 951 246 964 953 1032 
3 21 250 2263 
2 21 94 
8 965 21 284 2635 921 2008 399 1360 
14 21 1977 775 778 722 786 792 2094 798 813 822 852 855 265 
11 851 775 21 1524 83 64 1523 24 427 48 1376 
3 610 864 21 
5 21 22 94 1779 117 
7 21 851 79 800 222 921 816 
5 181 268 21 501 1680 
1 21 
6 284 778 902 21 117 2708 
3 918 21 290 
1 21 
4 2113 21 2115 238 
7 2620 775 1702 21 1975 299 2619 
2 21 1439 
12 2112 281 21 226 276 308 808 853 611 633 641 271 
7 226 21 246 911 88 224 908 
2 2456 22 
1 22 
3 963 2280 22 
4 1066 22 284 1395 
4 1525 986 1581 22 
2 284 22 
4 22 764 2013 2711 
5 222 96 774 22 1556 
6 22 1979 414 476 528 603 
14 1904 164 22 96 327 1726 139 1546 1548 470 473 520 232 746 
1 22 
17 1649 774 1621 748 22 246 2277 770 1917 2149 95 2152 1459 1627 1737 705 574 
8 1763 1990 609 157 1568 774 22 716 
3 247 22 2368 
13 800 191 284 22 1668 304 1505 325 2708 372 2094 165 816 
7 22 2100 1736 1359 1282 284 540 
5 452 274 22 226 102 
5 163 22 40 1786 1792 
4 1502 961 23 1455 
1 23 
7 276 778 23 306 507 1037 2066 
2 23 909 
26 892 23 308 82 748 83 103 110 753 738 141 151 1460 485 182 510 516 214 572 255 615 617 745 633 2070 648 
3 40 52 23 
9 24 105 1862 416 180 1016 45 237 603 
13 24 2545 87 132 137 2549 167 47 906 48 561 249 2261 
44 2017 24 66 2426 75 2436 2739 1672 103 111 2033 117 121 1541 139 141 407 761 164 452 169 457 959 2679 181 699 1640 1602 1503 217 888 555 1985 1497 226 581 229 1365 676 955 253 1434 1378 1379 
15 1979 2635 24 1853 1526 2728 1527 1349 738 2358 1532 562 590 2713 1686 
2 2549 25 
1 25 
4 966 1764 25 1388 
21 281 305 324 27 30 116 1459 2157 1026 39 167 458 42 1403 44 46 47 543 907 248 608 
31 61 1517 58 1445 280 281 283 59 339 2219 353 27 112 755 132 389 398 403 405 39 492 500 513 1360 209 708 603 1653 612 628 56 
3 27 2717 900 
2 27 899 
2 28 906 
18 1560 226 83 1942 28 2032 110 117 182 183 190 532 207 279 1647 744 858 261 
16 2327 2324 321 2670 28 2035 2159 515 545 2337 2672 571 233 2382 2341 1849 
4 286 28 226 610 
12 1515 906 28 286 47 353 687 131 184 1914 2730 1379 
6 891 610 268 28 901 905 
6 246 226 161 897 28 47 
5 2187 865 117 83 28 
39 932 610 1990 302 315 325 346 355 368 29 403 414 2157 39 432 456 458 475 2363 43 887 505 2223 2366 201 535 540 543 1494 219 50 223 586 587 2678 2002 624 2301 56 
1 30 
26 1233 1334 1240 287 2426 2444 30 668 1200 2207 1957 803 2475 1531 2503 831 2514 2518 2668 591 1365 1314 2536 265 1329 865 
2 284 30 
2 30 2176 
1 32 
5 32 33 36 2677 235 
11 281 2733 289 32 117 33 36 1371 192 744 1921 
24 83 1751 349 2030 115 33 758 141 155 1774 435 162 2799 179 1489 768 195 1777 214 216 1644 919 581 2070 
27 1979 61 1517 59 2347 1367 74 957 965 2034 33 36 400 148 452 2042 177 766 2362 2112 2054 708 226 245 859 920 639 
11 1365 274 917 226 1751 2290 33 435 2046 768 581 
17 800 921 284 226 452 918 2345 309 33 36 1458 1830 41 190 201 586 255 
61 290 302 69 305 317 2348 322 338 782 998 97 354 362 374 116 736 33 2037 132 36 1458 397 138 403 2677 405 406 38 434 2359 461 468 2320 814 492 496 1403 1600 506 509 1506 2225 522 556 279 573 232 590 597 243 850 2382 609 612 855 1727 947 637 920 271 647 
5 103 693 33 113 1467 
2 287 34 
2 34 53 
2 34 53 
1 37 
1 37 
2 738 37 
1 37 
29 2738 1884 1480 2739 1438 396 1485 151 38 1774 1488 181 1436 2275 1491 1776 1492 2097 535 2227 1777 1843 2372 1496 955 1498 2659 1911 2706 
6 38 452 2143 115 1490 1674 
4 401 39 167 909 
6 2560 116 39 501 248 253 
16 1637 1703 113 1716 389 39 466 512 2147 1778 2322 2091 1377 267 2555 2106 
7 570 2152 405 39 945 1918 267 
24 69 306 340 2289 351 2031 389 405 39 441 808 2319 167 459 42 507 1404 572 2377 620 622 54 947 2301 
2 987 39 
6 987 578 125 531 1756 39 
5 516 306 368 39 2300 
1 39 
7 368 39 1977 2017 775 555 558 
2 528 39 
13 276 200 1511 473 414 537 172 2652 501 498 1836 39 963 
7 39 405 362 268 2341 368 1645 
3 935 39 2013 
11 516 1370 486 399 445 39 368 676 367 1598 1551 
8 475 921 936 197 496 778 516 39 
3 40 55 716 
3 40 712 252 
23 1523 2277 293 68 306 778 952 112 753 792 738 795 157 452 40 822 507 770 542 2373 842 626 716 
9 1729 140 2360 40 847 608 55 267 716 
5 813 978 40 246 950 
5 40 847 42 716 54 
4 696 1288 40 1961 
9 246 40 1680 122 892 343 226 1675 930 
4 716 2176 157 40 
7 61 59 1453 918 1517 2017 41 
1 41 
4 182 164 892 41 
1 41 
10 1516 774 169 1517 115 963 1391 884 41 203 
22 2601 1369 90 1799 2748 2466 1811 814 41 1010 494 203 2142 2147 992 568 225 241 963 253 1435 633 
27 962 2148 2149 65 868 95 111 754 140 1459 1627 739 42 821 943 203 535 574 847 1511 615 54 55 961 716 2301 746 
5 2137 42 847 54 716 
24 1077 918 83 782 110 122 397 2157 2729 2320 42 2363 182 184 186 978 44 535 543 214 241 850 616 54 
8 1729 140 896 2401 42 240 54 967 
6 1764 966 1005 42 54 1032 
2 704 42 
2 42 178 
4 42 788 1615 2006 
4 1615 788 42 88 
6 1979 762 973 43 523 772 
2 972 43 
1 43 
4 349 1836 977 43 
1 43 
4 1836 43 1023 975 
7 1530 965 315 952 44 2104 603 
3 722 368 44 
3 1699 1979 45 
6 842 379 385 45 46 992 
4 645 985 740 45 
1 45 
18 2022 321 324 88 355 360 384 456 171 471 45 515 516 201 209 583 635 2301 
4 1350 740 45 982 
17 1948 732 1749 2285 870 111 693 738 466 181 697 189 45 2373 568 2001 2303 
23 226 163 2089 2756 937 377 382 2152 938 1514 396 426 2729 1489 45 2368 2090 1373 232 2676 2088 2389 1608 
6 401 284 432 45 2366 603 
1 45 
5 2089 1016 2090 368 45 
1 45 
8 981 45 2087 962 46 2073 603 1343 
1 45 
5 2718 1525 46 1376 267 
4 1526 1532 46 577 
12 2399 1986 257 1505 1726 139 493 2223 46 1503 558 677 
7 226 1271 1589 315 1092 46 839 
15 284 610 2359 921 569 226 528 1542 361 2307 1830 46 537 1555 591 
1 46 
3 1411 1412 46 
1 46 
2 455 46 
2 368 46 
8 2278 2212 1582 776 1585 1525 1238 46 
6 46 2134 630 967 2132 2039 
4 2745 2746 47 2260 
14 1453 735 1456 1901 174 182 2201 1640 700 701 47 842 239 2260 
9 47 782 267 368 767 2668 1881 184 1370 
5 676 485 47 308 687 
2 962 48 
1 48 
1 48 
60 1154 1042 2422 2149 1156 1158 1046 1159 1162 1163 1173 1571 1447 102 1066 2445 1580 1188 287 2453 1074 1204 2454 1207 2462 1218 1633 2469 2470 2594 2485 2489 1095 1254 2503 1263 1266 1525 1274 1275 49 1110 1282 2337 1289 1291 1296 2522 1299 1126 2412 1014 2713 1323 2744 1143 1144 2342 1331 1335 
55 2409 2414 1271 1149 2419 2418 2412 59 2410 2417 1289 2411 2416 1334 1153 1151 2415 2408 2420 1013 1196 1389 2100 1180 1447 2327 2443 2445 1188 2451 287 2456 1218 2466 2467 2469 2477 2485 2492 2495 2500 1525 2513 49 1279 1282 2516 561 1290 2522 1316 1318 2330 2539 2542 
1 50 
10 1018 890 782 367 468 496 509 990 50 603 
8 79 1538 160 782 284 709 164 50 
2 1016 50 
2 2799 51 
2 2799 51 
1 51 
2 2799 51 
3 2799 977 51 
3 800 2112 52 
2 452 52 
5 281 284 52 226 897 
3 361 1031 54 
1 54 
3 131 2124 54 
4 1850 1489 1552 54 
2 54 1027 
5 967 139 54 847 268 
1 55 
2 2240 55 
1 55 
8 1112 56 226 79 2787 783 276 62 
4 79 56 233 886 
3 2633 481 56 
3 1102 58 1075 
1 58 
5 58 2423 1086 1234 1092 
5 1064 1067 1013 58 1134 
8 1064 58 1137 1125 1066 1047 1061 1091 
7 1064 58 1133 1047 1125 1099 1147 
2 58 1095 
3 1130 58 1013 
9 1125 1043 58 1044 1058 1099 1134 1143 1147 
3 1146 58 1137 
2 1281 58 
2 1294 58 
3 1118 1150 58 
1 58 
5 1125 58 1099 1134 1147 
6 1150 58 1332 1157 1111 1130 
8 1120 58 1059 1067 1137 1125 1074 1110 
9 1289 58 59 1213 1299 1130 1073 1116 1179 
2 58 1144 
4 58 1061 1116 1047 
5 58 1133 1064 1055 1066 
1 58 
8 1064 1066 1125 58 1043 1088 1058 1147 
2 58 2764 
1 58 
14 58 1133 1088 1042 1043 1044 1059 1061 1066 1074 1083 1095 1135 1144 
2 58 1075 
22 1150 1137 652 1307 1064 1234 2642 1125 1013 1256 1133 1299 1059 58 1043 869 1061 460 2120 2503 1311 1329 
7 58 1137 1042 1055 1083 1110 1134 
1 58 
1 58 
1 58 
4 58 1289 1130 1172 
6 58 59 1193 1161 1126 1138 
5 58 1102 1130 1141 1056 
5 1013 1064 1137 1055 58 
9 1199 58 1065 59 1039 1213 818 1095 1143 
2 58 1088 
20 58 59 283 61 1445 1517 306 74 965 371 113 124 2363 507 2056 1312 248 2323 265 646 
3 58 1196 1282 
3 1196 1282 58 
3 1088 58 1082 
1 58 
3 58 1088 1080 
3 1064 58 1067 
3 1116 1125 58 
3 1133 2434 58 
4 2423 58 1092 1041 
3 59 58 1095 
17 1150 1104 58 1061 1064 1076 1080 1082 2095 1094 1109 1117 1125 1127 1130 1136 1143 
2 58 1137 
2 58 1130 
3 58 1125 1043 
8 58 1041 776 1086 997 1525 710 1581 
1 58 
3 1136 58 1088 
8 1087 1130 1075 58 1064 1102 1045 1013 
3 1151 1150 58 
5 58 1294 1151 1256 1289 
1 58 
6 1053 1047 1133 1125 1044 58 
2 58 2557 
1 58 
5 58 1039 1073 1095 1130 
2 1289 58 
2 58 1088 
1 58 
6 1256 1117 1133 58 2434 1129 
2 58 1125 
3 58 59 283 
2 58 1088 
4 1055 1013 1067 58 
5 1172 1130 1289 1054 58 
54 280 1445 283 281 58 61 1517 59 292 293 304 1036 327 344 347 351 2708 361 374 2033 385 410 415 416 442 445 449 165 1830 461 1461 469 471 474 766 487 493 497 2294 511 535 2296 1696 542 834 2169 579 582 587 2001 624 625 631 642 
4 58 1122 287 2557 
1 58 
4 58 2461 2557 287 
6 1130 58 1125 1056 1058 1084 
10 2434 1133 58 1172 1294 1088 1367 1106 1129 1131 
4 58 1150 1153 1051 
1 58 
2 58 1055 
1 58 
3 2557 58 1113 
1 58 
3 1256 1130 58 
20 58 1133 1088 1043 1044 1047 1053 1055 1061 1066 1084 1091 1099 1107 1116 1132 1134 1137 1143 1147 
12 1234 1193 1013 1157 1161 58 59 1289 1072 1267 1319 1143 
3 1088 1136 58 
1 58 
4 58 1117 1106 1367 
18 1102 1289 1054 1088 1172 58 1046 1056 1187 1071 1073 1090 1095 1111 1116 1124 1311 1140 
4 1133 58 1117 1294 
2 58 1125 
19 1150 58 1044 1367 1059 1064 1066 1207 1085 2472 2486 1099 1106 1117 1125 1131 1134 1143 1147 
9 1067 1047 1133 58 1125 1053 1042 1135 1137 
3 58 1064 1134 
4 58 1088 1094 1127 
12 1125 58 1043 1048 1055 1066 1067 1194 1074 1207 1089 1134 
6 58 1072 2423 2212 2218 1535 
1 58 
2 1130 58 
5 1151 1256 58 1289 1073 
1 58 
11 1047 1125 1126 1133 1336 58 1075 1088 1013 1329 1199 
4 58 1064 1057 1013 
2 2557 58 
3 58 1332 1048 
7 58 1053 1047 1125 1044 1061 1133 
1 58 
18 1153 2439 59 1196 287 1209 1235 2484 1255 1258 1270 1279 1282 1290 1554 1300 1014 1329 
21 1051 1054 1066 59 1187 1209 1214 1215 2573 1088 1232 1252 1096 1255 1262 1118 1554 1308 1133 1329 1332 
21 1157 1164 1173 1185 59 1193 1196 287 1209 1220 1231 1251 1096 1097 1282 1313 1315 1014 1319 1141 1329 
2 59 1209 
12 59 1196 287 1209 1149 1213 1215 1255 1282 1118 1313 1014 
5 59 1240 1233 1013 1277 
4 59 2411 2414 2416 
3 1013 1277 59 
21 1151 59 1161 1054 1164 1180 1193 1206 1210 1220 1231 1238 1240 1260 1267 1269 1277 1296 1126 1320 2744 
3 1013 59 1317 
3 59 1013 1217 
3 1256 1289 59 
8 1157 1193 1210 59 1336 1072 1554 1126 
6 1256 1250 1307 1013 1281 59 
3 1240 59 1013 
8 1294 59 1206 1157 1289 1151 1186 1220 
2 1252 59 
2 59 1221 
1 59 
1 59 
2 59 1209 
1 59 
2 2419 59 
7 59 1289 1173 1071 1111 1117 1130 
8 59 287 1289 1193 1013 1151 1256 1172 
1 59 
1 59 
3 1256 59 1289 
7 1256 59 1281 1307 1289 1228 1250 
2 59 1332 
5 1213 59 1289 1056 1231 
9 1188 1332 1289 59 1014 1271 1157 1218 495 
11 59 1341 1334 2414 1271 1517 1279 1290 1301 2558 1939 
2 1281 59 
1 59 
1 59 
3 59 1332 1151 
5 1231 59 1289 1164 1220 
3 59 1130 1150 
5 59 1014 1013 1282 1180 
5 59 1252 1206 1233 1251 
4 59 1209 1211 1295 
1 59 
1 59 
10 1157 59 1151 1161 1173 1072 1246 1295 1126 1319 
3 59 1588 1137 
1 59 
18 59 1153 1149 1151 2437 287 2453 1201 2456 1209 1078 1216 1079 1282 1310 1315 1014 1332 
3 1252 1217 59 
2 1284 59 
3 59 1075 1143 
3 1287 911 59 
4 1236 59 2419 1196 
3 59 1209 1252 
2 59 2503 
3 59 1013 1280 
2 59 1256 
8 1251 1189 1157 59 1164 2452 1220 1231 
5 1209 1137 1133 59 1013 
4 1289 1256 59 1244 
17 1289 59 1150 1151 1196 1152 1153 1149 1169 1190 1202 1207 1210 1211 1221 1254 1274 
6 1209 1157 59 1161 1246 1267 
3 1190 59 1209 
4 59 1289 1281 1256 
6 59 1289 1153 1075 1056 1179 
2 59 1150 
7 1153 1150 1240 1245 1271 59 2490 
3 1196 59 2487 
8 59 1159 1197 2470 2477 1245 1255 1289 
9 1332 1013 1271 1282 1289 59 1014 1180 1335 
1 59 
9 1256 59 1157 1231 1206 1186 1239 1151 1164 
6 1256 1239 1294 1209 1166 59 
5 59 2432 2531 2574 2644 
2 59 1264 
1 59 
2 59 1256 
1 59 
3 59 1303 1261 
6 1307 1256 1289 1177 59 1281 
2 1588 59 
1 59 
8 59 1206 1220 1289 1151 1157 1179 1186 
3 1150 59 2496 
6 1189 1289 59 1154 911 1260 
5 59 1041 1066 1238 1126 
3 1300 1149 59 
3 2419 59 1201 
1 59 
9 1256 1244 59 1157 1234 1281 1308 1307 1004 
5 59 1289 2573 1220 1221 
8 1157 59 1154 1163 1215 911 1316 1320 
2 1289 59 
2 59 2731 
4 1307 59 1289 1291 
7 1208 59 1289 1307 1256 2234 1238 
3 59 1217 1215 
4 1210 59 1193 1264 
3 59 1256 1289 
1 59 
1 59 
7 1256 1307 1177 1289 1281 59 1162 
4 1189 59 1151 1206 
11 1150 2419 59 1165 1189 1197 1202 1289 1316 1321 1332 
1 59 
3 59 1013 1209 
5 59 1149 1150 1153 1217 
36 59 1160 1162 1173 1176 1177 1066 1205 1208 1212 2573 1220 1221 1225 1228 1338 1238 1244 1247 1250 1097 1265 1272 1106 1276 1281 1289 1291 2628 1296 2642 1305 1124 1307 1141 1329 
1 59 
2 59 1149 
1 59 
5 1277 1233 59 1321 1157 
2 1227 59 
2 1150 59 
6 2418 1013 2557 2092 59 287 
4 1336 59 1223 1246 
2 59 1256 
4 1289 1588 59 1013 
4 1157 1126 59 1210 
1 59 
2 59 1157 
2 1149 59 
38 59 2414 1389 2621 2100 1180 1181 2278 2443 287 2453 2457 2461 1215 1218 2573 2467 2472 2042 2492 2499 2112 1359 997 1525 2513 1282 2522 1298 2668 2532 1014 2536 2713 2206 2330 2123 1334 
5 1289 59 1256 1281 1307 
1 59 
6 1289 1013 59 1336 1209 1288 
2 1013 59 
4 59 1256 1307 1281 
5 59 1157 1154 1156 1260 
2 59 1649 
11 1014 1289 1149 59 2413 1290 1181 1301 2462 2473 1686 
2 59 1204 
14 1256 59 1049 1162 1177 1182 1212 2573 1228 1238 1250 1272 1276 1291 
29 2420 59 1014 2409 2419 2418 1271 2416 2417 1153 2412 1151 2414 1196 1149 1289 1013 2411 2410 2415 2408 1389 1188 1078 1218 1079 570 2522 881 
1 59 
3 59 1198 1285 
2 1284 59 
1 59 
4 59 1307 1200 1314 
6 1327 59 1274 2331 954 122 
55 1217 1252 1256 59 1013 1160 1164 1056 1172 1173 1176 1177 1179 1180 1186 287 1071 1208 1209 1212 1213 1218 2573 1228 1231 1233 1239 1241 1243 1244 1247 1250 1097 1266 1103 1272 1274 1279 1697 1282 1111 1290 1291 1294 1296 1307 1126 1130 1014 1322 1323 1141 1329 273 1335 
9 1014 2413 1149 1289 59 1181 1345 1279 1301 
7 1243 1013 59 1281 1256 1289 1554 
2 2558 59 
3 59 2505 2529 
9 59 1289 1050 1164 1221 1097 1117 1296 1131 
3 1193 1190 59 
6 1294 59 1256 1013 1157 1289 
1 59 
5 59 1271 2425 2573 2052 
4 1013 59 1056 1066 
3 1149 59 1235 
13 59 1181 1290 2327 1345 789 2462 2473 481 1279 2527 600 2064 
1 59 
2 59 1227 
1 59 
3 1307 59 1256 
1 59 
16 1289 59 1256 1162 1177 1066 2573 1228 1238 1243 1244 1250 1272 1276 1287 1305 
3 1150 59 1238 
1 59 
2 59 1196 
3 1066 1130 59 
6 1077 283 1445 1517 59 61 
3 1151 59 1153 
3 59 911 1287 
3 1196 59 1151 
8 1334 2415 59 1014 1240 2413 1252 1815 
2 1158 59 
2 1014 59 
4 59 1151 1193 1126 
3 1240 59 1157 
3 59 1252 1260 
2 59 1289 
3 1013 1289 59 
1 59 
1 59 
1 59 
3 59 1580 1288 
1 59 
11 287 1289 1066 1150 1256 911 1151 59 1336 1149 1143 
1 59 
2 1013 59 
12 1150 59 1196 1252 2421 1054 1178 1180 1185 1218 2493 1146 
1 59 
11 1014 59 1271 1389 1181 2576 2480 2487 911 1451 1316 
4 1218 1289 59 1013 
7 59 1161 60 1264 1274 1143 1329 
2 1340 60 
4 1256 1341 652 60 
2 652 60 
5 1337 650 652 60 2642 
5 1181 60 1338 2514 1444 
1 60 
5 61 293 2289 1350 992 
5 61 1348 1353 830 2339 
5 287 1290 1525 61 1301 
2 276 61 
5 1504 287 1924 61 2535 
2 61 1344 
2 893 61 
4 2073 1343 61 985 
2 61 1516 
3 2574 1517 61 
6 2432 2574 61 2557 1344 1636 
2 61 2328 
6 61 1516 1518 1636 452 2508 
1 61 
1 61 
2 61 1517 
5 61 1271 2100 287 881 
6 898 61 226 850 120 1506 
1 61 
2 2328 61 
3 2042 61 598 
1 61 
20 1959 892 911 287 62 64 2436 139 738 457 178 2046 696 190 769 546 555 919 581 227 
9 1523 62 2285 405 178 185 507 544 2555 
5 62 918 1133 1117 1129 
5 1649 62 79 2787 83 
2 62 962 
18 267 2787 62 327 2674 2708 367 442 1008 1548 470 1914 520 527 2227 2228 946 746 
6 226 1560 62 800 916 452 
2 418 62 
2 62 987 
3 392 62 1787 
9 452 162 62 226 1474 1683 2738 1671 83 
7 852 284 2557 994 62 64 412 
3 1906 934 62 
4 62 800 892 226 
16 226 62 1661 83 1683 905 1436 892 252 1495 181 2738 588 2651 353 2170 
13 1593 292 63 777 2129 1596 1563 363 1597 1601 2224 2800 593 
13 63 363 109 374 1597 1482 1866 1601 1777 595 1604 1559 643 
4 1593 63 109 1597 
2 64 140 
1 64 
6 64 118 1913 181 1658 1683 
1 64 
1 64 
7 252 64 284 1436 1833 896 1977 
19 1014 1271 1282 1892 1334 65 2101 111 130 1690 2113 452 195 2226 203 246 247 2534 2537 
6 65 348 142 765 203 210 
6 79 774 246 203 65 961 
4 65 774 246 1793 
1 66 
1 67 
15 295 68 2285 869 2352 107 2084 153 767 1538 201 225 1467 616 1435 
3 68 332 359 
3 68 764 284 
6 68 2085 782 2344 284 2662 
1 69 
3 1979 69 405 
2 69 728 
2 284 69 
8 778 2134 2733 921 897 69 765 267 
4 778 69 936 405 
9 1562 516 191 83 79 156 69 693 1556 
1 70 
2 70 245 
7 71 88 153 224 225 1511 1435 
1 71 
3 767 71 88 
2 1000 72 
2 1000 72 
2 72 2618 
1 72 
1 72 
3 1425 72 1417 
4 1416 1421 1425 72 
1 72 
1 72 
1 72 
3 72 2746 1417 
2 72 2618 
1 72 
1 72 
3 1416 72 1417 
1 72 
3 1709 72 1776 
1 72 
1 73 
1 73 
1 73 
11 73 691 110 115 1860 1611 182 1436 2202 262 1730 
3 284 1701 73 
11 226 892 2313 96 676 74 367 1488 2041 2370 225 
14 2179 88 94 1395 1408 962 75 153 2041 1755 224 225 1511 746 
28 2738 122 1667 2701 83 182 1665 1432 930 452 1683 246 75 349 2029 2008 118 1486 2244 1602 208 1664 1495 575 588 1388 262 1379 
2 75 218 
7 1678 1669 1895 930 75 218 620 
5 76 118 739 189 863 
3 76 178 189 
5 76 90 783 118 189 
1 76 
1 76 
2 1341 76 
9 283 76 342 898 1077 2550 1112 709 1312 
1 76 
6 1013 1636 1014 2100 287 76 
1 76 
3 1786 76 189 
3 2423 776 77 
4 1979 1334 1721 77 
1 77 
6 957 78 2614 159 768 1007 
2 268 78 
11 884 79 94 107 1739 138 767 197 705 1842 239 
6 246 169 1007 79 2017 615 
8 79 709 186 169 774 1548 470 1511 
4 79 1740 921 920 
14 79 897 246 284 877 219 226 963 774 384 2155 490 207 608 
3 79 888 2131 
7 782 79 268 1112 2364 330 226 
3 2053 79 257 
2 79 2608 
1 79 
4 79 157 201 788 
2 226 79 
6 79 129 1395 284 922 96 
2 707 79 
5 79 226 799 252 1752 
4 80 2402 558 270 
3 80 1545 1566 
1 80 
5 82 89 513 580 2005 
8 1476 83 1680 1675 535 1885 1375 1911 
4 83 110 141 182 
5 83 1674 2737 1667 1474 
11 1685 83 100 691 115 2183 1489 181 182 214 676 
1 83 
1 83 
4 930 1491 1667 83 
4 83 281 354 132 
7 83 1381 643 1617 806 103 1562 
5 83 1683 181 1492 1776 
6 83 2178 2752 2053 2170 490 
2 930 83 
10 1436 83 1672 1669 1673 1895 1544 118 1664 225 
4 774 1712 83 118 
7 1434 87 83 930 1683 222 676 
7 1477 917 987 181 1030 83 692 
4 83 452 115 931 
4 83 930 1667 1480 
7 1498 83 930 1667 1483 184 2372 
3 83 452 115 
8 909 423 83 2677 1975 368 125 399 
10 1946 83 252 1436 181 2170 1673 319 588 1379 
5 1667 83 1683 930 778 
6 83 1683 892 1884 452 575 
4 930 2114 83 1492 
3 83 1712 1884 
1 85 
1 85 
8 96 690 161 676 452 246 884 86 
9 226 996 230 1661 139 86 677 892 1752 
6 87 1347 800 2579 210 2535 
6 880 121 368 767 996 87 
5 87 610 1360 921 485 
1 87 
4 293 610 87 330 
2 88 615 
2 239 88 
14 1408 88 1435 963 522 279 1538 1457 226 423 200 788 94 943 
3 90 1514 2300 
6 2129 90 367 421 483 1776 
8 2090 2228 439 1512 987 2089 90 131 
8 734 91 380 2152 2072 2184 198 905 
11 2670 91 2327 1351 282 695 1355 1637 198 1644 961 
27 957 2432 91 342 918 1181 1520 2278 2327 898 2453 134 2454 2455 1352 1077 2480 1358 198 1112 682 1583 1579 1312 2531 2206 961 
8 91 114 695 1355 172 1637 214 1644 
1 91 
6 284 1517 91 196 198 601 
1 93 
10 93 117 799 1529 455 818 1524 231 236 744 
9 1581 1525 93 134 1366 427 176 950 852 
7 1522 2718 93 1529 2218 852 1535 
24 1271 1014 2443 287 2522 2423 1092 2492 1013 994 93 2671 1345 870 1004 2473 176 2485 2527 2108 1535 2636 1523 1585 
7 1529 995 1721 93 893 696 1532 
4 1530 93 1979 893 
2 93 151 
6 1524 1530 2718 1522 93 1526 
9 93 798 305 1527 1529 177 479 978 236 
3 289 93 911 
7 893 1526 1721 93 696 455 995 
2 93 2106 
1 93 
6 1138 1525 1524 452 93 2218 
3 94 405 2184 
9 2185 452 94 252 2140 1597 1738 448 2799 
8 2436 1962 94 1395 117 1017 153 1511 
2 94 2364 
1 95 
6 892 2074 96 1643 225 676 
4 562 96 235 998 
3 676 222 96 
7 1673 1486 1683 1657 452 1663 96 
2 96 1471 
5 96 1617 2793 875 326 
4 222 96 785 2641 
19 875 172 226 96 103 1457 1370 275 643 522 152 1628 641 117 292 1596 1563 2224 527 
1 96 
9 118 181 588 96 1776 806 1666 1673 1893 
13 946 117 222 284 528 486 445 2736 516 2598 96 368 2300 
6 2138 676 111 2721 1030 96 
1 96 
7 1161 663 96 1291 1149 1150 1938 
3 998 96 562 
7 222 191 1405 873 96 2787 1617 
7 2595 225 767 96 197 222 746 
8 610 2353 222 96 297 388 2371 2308 
4 96 514 528 1381 
5 97 1942 1371 192 902 
14 297 317 327 341 97 1704 412 446 167 461 473 2293 519 638 
10 1593 97 109 1482 1901 1601 527 1405 1604 1607 
10 1548 97 1380 643 103 1704 226 1617 692 677 
2 97 367 
2 2491 98 
3 1471 98 116 
2 99 1570 
3 99 878 1625 
2 99 1574 
2 1567 99 
2 1013 99 
4 1573 99 1574 1576 
3 99 1572 1576 
3 1569 99 1572 
2 99 2603 
3 1572 99 1573 
2 102 1590 
5 102 380 400 597 639 
2 1517 102 
6 1588 1013 2425 102 2533 1327 
4 1092 102 870 1523 
5 2210 1585 2326 102 1004 
4 1584 1517 102 2531 
3 102 1583 2532 
19 2278 1525 2423 2213 2210 2212 2326 1989 1589 750 102 1004 1582 2454 2547 796 1590 844 263 
1 102 
1 102 
8 102 1580 1194 2460 1229 1266 2512 2533 
9 2213 102 2627 801 804 1590 997 2628 1585 
5 2212 1577 1585 1589 102 
6 274 776 2423 102 405 495 
4 2017 103 214 1985 
13 457 1382 643 528 1380 1617 1616 806 276 103 1608 612 1562 
5 2595 275 1608 643 103 
4 226 643 1603 103 
6 527 1608 643 1380 103 1548 
9 103 1380 643 2286 1617 1381 1382 1537 363 
4 2596 103 946 2788 
5 643 2595 103 1603 2374 
4 921 778 643 103 
10 643 2598 2793 1617 1562 103 806 1381 1380 2596 
7 892 226 699 452 1683 103 1436 
7 103 1617 1608 643 2595 1595 1599 
12 2793 191 1381 284 2596 1617 103 1562 677 511 1977 676 
4 103 227 284 226 
4 103 643 275 2595 
8 284 516 1562 1608 1616 103 643 595 
12 275 987 103 528 1593 292 1594 1596 363 527 1603 1607 
2 1882 105 
6 2746 105 180 1882 2110 2340 
3 226 106 1432 
4 516 106 544 276 
1 108 
1 108 
4 108 970 567 971 
3 1593 109 1607 
22 344 460 399 1593 1963 347 1563 109 374 1597 1482 1546 1866 816 1601 2800 1556 232 594 1603 1604 2088 
6 2114 1678 1977 775 109 1893 
2 2132 109 
1 109 
12 2277 2149 2209 111 114 139 169 1637 186 877 770 1625 
2 705 111 
1 111 
6 732 111 139 189 2328 568 
6 1621 1568 2273 111 139 2677 
1 111 
9 198 748 877 963 186 246 1917 111 2013 
7 2547 709 695 111 1548 470 746 
1 111 
1 111 
1 111 
2 494 111 
3 1013 112 2540 
2 113 353 
2 114 1637 
13 342 1447 2327 114 1353 1355 1637 2335 2508 2328 2527 2591 2593 
20 1635 732 1636 1516 1621 1518 2209 2089 114 154 1756 2160 507 699 524 828 934 2090 2190 614 
4 361 114 1640 641 
1 114 
10 892 226 774 114 137 842 1007 452 1638 284 
1 114 
2 115 836 
3 115 676 1541 
5 1518 917 115 1516 2281 
5 226 116 2183 944 248 
1 116 
2 902 116 
4 782 117 157 438 
15 1368 1960 117 118 1690 139 418 800 452 2364 284 877 2052 1278 226 
2 117 805 
2 117 498 
1 117 
7 898 2170 344 399 117 368 767 
4 117 612 2396 552 
1 117 
1 118 
3 1544 118 1664 
3 1385 118 1913 
1 118 
1 118 
4 2674 118 1503 1379 
1 118 
3 1544 118 1664 
11 1486 1436 1673 452 1657 1663 800 1666 677 222 118 
5 1773 118 162 1436 262 
3 118 1550 1664 
11 1476 1480 118 793 1436 1491 1492 2372 1496 1911 2705 
4 880 676 226 118 
5 1884 1438 118 1486 699 
1 118 
5 1909 1672 118 758 1375 
5 162 892 1671 118 1486 
12 1680 1544 357 118 407 1486 181 1550 1776 2227 1664 1495 
4 1909 1476 931 118 
5 1474 2643 118 1682 955 
3 118 2748 1683 
1 118 
8 1438 118 2141 1776 1893 1683 253 1618 
5 2122 2126 118 1682 2127 
6 1474 118 1673 1776 955 856 
2 2739 118 
4 1675 1679 118 2127 
31 1884 1678 1385 1676 2738 1544 118 1483 2714 141 2798 151 1488 181 182 184 501 1436 503 699 2703 1602 2166 575 1496 1497 581 1375 1747 2178 1379 
3 374 121 816 
2 121 1477 
4 2557 1279 893 122 
1 122 
1 122 
1 122 
3 1389 1649 122 
2 696 122 
2 122 1979 
1 122 
1 122 
1 122 
8 1814 158 1789 122 2385 1112 2406 521 
2 1289 123 
2 2746 123 
5 2745 123 420 1700 980 
2 1699 123 
2 1433 124 
3 1975 125 862 
4 934 125 1706 237 
11 284 676 516 1561 445 125 496 2298 368 1563 385 
1 125 
3 1703 125 2048 
2 126 188 
1 126 
3 1735 126 1427 
1 126 
7 126 2401 505 2344 2345 2405 286 
11 2030 127 141 1487 200 575 588 712 252 1499 2106 
1 128 
1 131 
3 131 438 213 
2 131 934 
2 132 2359 
1 133 
4 778 133 2650 511 
1 134 
9 1526 371 134 2613 1532 1815 2335 1451 2713 
1 135 
7 800 226 1877 137 799 778 452 
1 137 
1 139 
4 875 460 139 996 
4 921 139 235 399 
4 1729 140 1731 1734 
8 1728 140 951 966 1733 1731 1732 1734 
6 246 1432 140 155 207 615 
4 1979 1728 1729 140 
3 1729 140 2259 
2 1729 140 
4 1729 1908 140 1728 
2 1709 140 
26 2316 2394 2111 383 396 140 2677 423 468 277 496 1779 506 2096 511 2050 2251 2404 2055 2344 881 601 258 2405 286 649 
4 140 877 1984 214 
4 141 357 1537 251 
3 1455 143 200 
3 694 1458 144 
1 146 
1 146 
5 313 147 765 178 238 
15 306 1855 343 2395 403 148 452 171 177 189 2494 507 214 2339 646 
6 2126 149 187 240 256 2140 
2 149 1874 
3 1683 452 151 
1 151 
3 986 2774 151 
3 152 186 770 
3 917 919 152 
9 692 676 638 470 252 1503 1469 226 152 
2 152 154 
3 2229 2184 153 
6 1435 610 225 516 153 2787 
8 1637 2574 938 154 477 705 2001 1918 
5 154 418 531 1791 439 
1 154 
2 154 2042 
4 280 764 156 2316 
5 764 610 1919 156 2316 
1 156 
3 2137 157 878 
5 1861 896 157 716 967 
2 2032 157 
3 157 2032 246 
1 157 
1 157 
7 2065 160 544 2720 284 172 615 
4 161 452 2459 455 
1 162 
2 162 2121 
2 1665 162 
9 930 162 917 284 357 407 1776 1777 1897 
1 162 
12 930 1893 1513 1774 1678 1974 1673 1427 1680 162 1483 1550 
6 1774 181 162 930 917 1381 
3 2134 162 934 
4 1736 163 854 619 
7 163 527 216 634 2599 2598 511 
2 163 775 
1 163 
1 163 
2 200 163 
3 191 163 477 
3 163 883 1449 
4 439 477 163 1374 
1 163 
5 521 1791 163 439 1696 
4 163 477 191 785 
4 163 1757 1789 1792 
4 1791 163 883 1944 
3 1392 164 172 
2 182 164 
7 281 286 288 2017 1977 165 2361 
1 165 
2 1806 165 
2 288 165 
3 1808 962 165 
1 165 
1 165 
1 165 
3 1808 2466 165 
1 165 
2 1806 165 
3 1797 165 1805 
1 165 
3 1799 165 1803 
1 165 
4 2116 165 2124 2259 
2 165 962 
1 166 
1 167 
3 1979 167 1696 
4 1316 1721 2101 167 
5 2250 610 276 167 2286 
4 168 810 173 190 
1 168 
4 168 244 2711 259 
2 2100 169 
3 169 354 566 
2 170 2181 
1 170 
4 171 177 487 622 
1 171 
2 171 177 
4 171 537 566 569 
1 171 
2 171 178 
6 2609 920 171 1112 2406 998 
1 171 
5 1855 323 177 403 171 
8 2030 172 181 200 208 575 252 1388 
4 470 482 613 172 
3 172 2774 1837 
4 172 975 943 977 
2 1835 172 
2 173 406 
1 174 
2 174 239 
1 174 
2 1455 174 
2 930 174 
2 174 266 
2 1890 176 
1 177 
2 177 605 
1 177 
2 177 903 
3 1030 178 841 
2 178 743 
3 353 2038 178 
2 893 178 
1 178 
5 178 1986 1744 1930 1832 
1 178 
3 178 2114 2250 
2 178 756 
1 178 
2 1432 178 
3 1764 178 2778 
2 178 890 
1 178 
1 178 
1 178 
6 251 643 178 1381 1617 389 
1 178 
1 178 
1 178 
1 178 
2 2679 178 
1 178 
2 2114 178 
2 178 1746 
1 178 
1 178 
3 348 1723 179 
3 784 179 842 
4 380 179 494 577 
2 1919 179 
4 357 407 1008 180 
3 1610 180 1609 
1 181 
9 2643 181 930 535 1885 1497 1669 1683 1499 
3 1474 1884 181 
1 181 
2 181 2390 
1 181 
1 181 
3 1845 181 265 
2 2738 181 
9 2411 1389 2100 2450 2487 181 2488 2512 631 
7 1678 2271 1618 2643 181 1550 1776 
1 181 
4 2739 1438 1486 181 
1 181 
3 1774 226 181 
1 182 
2 2353 182 
1 182 
4 708 1007 182 1562 
2 182 687 
1 182 
5 2220 875 183 2613 2713 
1 183 
3 1907 183 1377 
3 1908 1906 183 
5 2114 1907 2141 183 1734 
3 1674 183 1671 
2 184 214 
4 930 1474 1667 184 
1 184 
3 1658 1385 184 
7 1370 184 390 368 905 782 581 
5 2347 2489 185 2162 2513 
1 185 
5 1627 186 200 877 770 
5 1756 1920 186 570 935 
6 186 268 1967 359 1880 1761 
3 186 570 1918 
4 186 196 916 1957 
4 1930 187 1926 1934 
4 268 2237 1986 187 
4 1347 187 2344 2535 
1 187 
4 1931 1922 1930 187 
3 1930 1932 187 
2 1930 187 
2 1930 187 
10 1922 1986 1855 1932 1927 187 1928 1931 1926 1929 
4 1930 187 1926 1933 
4 1927 1986 1930 187 
2 1931 187 
2 1922 187 
2 187 2127 
1 188 
1 188 
3 663 188 1554 
3 1181 2456 189 
3 190 562 239 
2 756 190 
8 902 1560 226 389 422 190 586 255 
1 190 
3 1792 771 190 
1 190 
3 2358 190 1495 
3 2013 190 603 
4 732 191 986 2209 
2 191 2029 
5 191 758 800 435 2368 
4 219 193 332 2354 
5 453 697 452 195 216 
6 2207 668 452 195 575 588 
2 195 267 
2 2450 196 
1 196 
5 911 289 2561 196 1921 
1 196 
3 2426 196 1365 
3 1649 196 368 
3 954 196 2631 
6 2031 1538 197 225 2059 248 
14 636 319 612 297 542 510 344 473 2652 2651 197 2776 1617 558 
1 198 
2 198 226 
1 199 
6 246 774 200 2171 2177 1919 
3 200 762 772 
2 1971 201 
4 2319 201 583 633 
2 201 1969 
1 204 
1 204 
2 1776 204 
12 1702 2107 457 2012 209 1494 555 559 577 237 1976 862 
4 2107 1975 209 2370 
23 285 2344 1795 329 2230 2031 398 766 482 941 2403 209 2370 544 561 570 851 1604 1618 1388 633 267 2555 
1 211 
22 972 1527 918 690 371 1731 1400 447 874 2358 1692 893 696 827 1814 212 704 980 841 1451 2384 2342 
4 479 2049 212 598 
1 213 
1 214 
4 380 214 2065 746 
2 1737 214 
3 892 1592 214 
8 1855 1932 1930 2248 996 217 676 1923 
2 217 255 
1 217 
2 218 1585 
4 219 909 878 2002 
5 610 500 236 501 219 
3 219 516 808 
2 219 610 
4 219 289 439 2564 
1 219 
1 219 
9 524 474 344 537 552 2385 558 219 610 
8 808 609 2322 219 610 414 579 638 
2 2751 219 
1 219 
7 219 1756 276 1112 359 986 2354 
3 1990 219 909 
8 603 610 344 219 552 2650 2307 637 
2 219 610 
6 463 219 431 1473 778 2006 
7 970 367 552 219 2641 610 2005 
3 2195 220 2106 
7 1436 226 246 222 850 252 2164 
1 222 
1 222 
6 556 2652 222 2787 2013 445 
4 222 501 380 1975 
19 745 559 610 584 362 222 872 1627 355 361 2292 446 2011 740 1947 2691 945 579 232 
3 445 222 388 
2 222 2084 
2 226 223 
16 288 957 1795 1592 1456 892 2220 2280 941 2295 538 223 841 2381 615 621 
1 223 
1 223 
1 223 
1 223 
9 767 453 226 368 774 612 984 310 2776 
1 226 
4 226 284 282 2338 
3 827 226 384 
2 226 284 
1 226 
1 226 
4 1436 452 226 1949 
5 800 1833 1712 917 226 
8 778 936 1977 1962 276 226 2643 2170 
4 226 902 1765 1766 
5 1112 892 699 226 452 
6 226 423 230 918 723 2702 
3 276 226 903 
1 226 
4 226 921 286 2711 
3 226 284 1852 
2 1005 226 
2 226 284 
3 1434 226 1435 
10 1271 918 2112 2421 2463 226 392 505 1363 1759 
1 226 
2 226 246 
5 284 226 2324 2338 282 
4 226 919 643 1365 
1 226 
4 226 288 2337 1706 
3 276 226 1980 
4 295 226 629 1736 
1 226 
3 1649 1298 226 
5 226 2198 1484 1462 820 
3 918 284 226 
3 800 226 1736 
3 778 226 1077 
7 280 775 246 226 287 282 370 
1 226 
3 756 1962 226 
2 516 226 
2 246 226 
1 226 
1 226 
3 1301 2630 226 
4 2485 226 1983 1769 
4 226 886 281 770 
1 226 
1 226 
1 226 
3 226 888 917 
2 226 284 
8 1515 2345 2679 2251 228 608 268 2390 
4 1350 992 228 598 
6 1541 707 230 249 676 2391 
2 230 240 
2 230 2078 
2 2079 230 
3 676 230 2076 
2 230 2077 
1 231 
2 232 2088 
3 2665 426 232 
2 426 232 
4 1395 2015 295 232 
6 323 2665 2662 232 592 1398 
1 232 
5 347 385 2800 992 232 
7 2081 1617 232 638 610 987 387 
6 987 1637 307 1514 990 234 
6 987 1637 1514 990 234 2091 
3 2090 934 234 
4 799 1263 235 2527 
1 235 
3 880 235 851 
2 1088 235 
2 1736 235 
2 235 930 
2 235 620 
1 236 
11 1271 1014 1892 1447 2445 2451 1820 2469 1359 236 881 
4 2203 1389 236 1815 
5 246 453 236 522 395 
2 2106 236 
2 236 978 
3 236 522 2238 
10 452 605 934 2007 236 1533 522 538 1712 2103 
4 1975 2229 237 1976 
3 1525 237 251 
1 237 
4 2746 2745 1610 237 
3 286 1736 237 
7 918 1271 1024 2042 538 238 864 
4 1389 2115 238 861 
8 1857 2116 1908 238 1873 1498 1618 2390 
3 2113 238 861 
5 2124 2118 2114 1810 238 
1 238 
2 2116 238 
1 238 
4 1066 335 522 238 
2 1772 238 
3 1679 238 2127 
3 1271 2621 238 
4 1029 1810 2116 238 
1 238 
5 238 1745 2152 1679 2127 
6 238 1935 1682 2126 1679 2122 
1 239 
3 1513 239 1380 
1 239 
3 2722 239 1460 
4 2136 1005 1619 240 
3 394 240 2140 
5 1005 1403 1778 240 2388 
1 240 
3 2132 2138 240 
3 964 1763 240 
4 2136 394 1552 240 
1 240 
4 2133 240 1745 1537 
3 1678 1908 241 
2 962 241 
2 931 241 
2 241 2150 
3 2146 242 2368 
2 242 2145 
3 243 934 962 
6 2402 276 246 963 692 467 
6 1621 1013 963 877 246 247 
3 2277 246 2144 
1 246 
7 1515 935 987 877 246 2126 2222 
1 246 
1 246 
2 246 1459 
1 246 
7 257 2671 965 246 909 897 543 
2 452 246 
3 246 610 903 
2 1637 246 
2 246 626 
2 246 1915 
2 246 452 
3 246 252 2008 
1 246 
2 246 1683 
1 246 
1 246 
5 2577 782 1112 610 246 
14 581 2031 2739 778 246 331 1484 2292 2702 1495 1653 614 631 1379 
3 774 246 1967 
1 246 
1 246 
3 246 2787 778 
2 2207 246 
3 246 913 956 
3 246 774 1967 
3 1683 246 1484 
2 247 1435 
1 247 
2 1822 249 
4 782 444 502 250 
3 1645 1477 252 
6 1515 252 1536 268 1754 2229 
4 252 2186 487 1537 
2 2185 253 
3 2190 255 908 
3 2194 333 255 
1 255 
7 2187 699 2191 423 1637 828 255 
2 2190 255 
1 255 
1 255 
4 776 2188 804 255 
2 2007 255 
1 255 
2 2201 257 
2 257 2053 
3 257 823 2691 
2 257 2201 
4 2197 257 1007 2200 
2 1432 257 
2 2101 258 
1 260 
2 2207 260 
12 1271 2327 1517 287 2461 2623 373 2449 2572 2668 260 265 
10 911 2446 2623 2569 668 2500 1953 2205 2175 260 
1 262 
7 1621 1948 693 764 1637 477 263 
4 1582 807 263 1585 
1 263 
7 2627 1004 1590 1138 263 1585 274 
5 2620 2627 263 1589 1585 
2 2216 264 
2 2216 264 
3 2215 264 2214 
1 265 
7 284 1524 452 1535 1138 355 267 
5 898 379 811 552 267 
3 2017 267 1904 
3 267 368 589 
3 2152 267 330 
6 996 909 267 368 2274 316 
6 806 1548 267 1380 2793 527 
4 921 276 610 267 
6 610 2651 276 267 284 1389 
7 930 267 1370 368 588 1673 767 
9 2668 767 390 1370 799 368 267 782 1514 
6 2184 570 2718 267 2107 1754 
3 1977 2388 268 
1 268 
2 501 268 
4 484 268 401 541 
2 268 1244 
1 268 
1 268 
2 268 1923 
4 2304 268 605 2105 
1 268 
3 290 1034 268 
2 2708 268 
2 268 2259 
1 268 
2 1436 268 
3 528 268 419 
2 268 288 
1 268 
3 1986 2399 268 
1 268 
5 1857 268 612 2776 1816 
3 2072 1736 268 
1 268 
1 268 
4 268 537 284 2751 
3 268 2354 344 
1 268 
1 268 
1 268 
4 1732 268 2242 1810 
3 1006 268 1007 
2 891 268 
1 268 
6 848 2319 276 2690 268 808 
1 268 
2 284 268 
3 610 268 2720 
1 268 
2 769 269 
2 2270 269 
2 2269 269 
6 2714 2701 2703 1893 269 2706 
2 338 270 
7 1625 322 335 734 736 613 271 
6 361 2223 537 2301 271 647 
4 930 2714 2703 272 
1 273 
7 2150 748 877 950 1621 2390 274 
7 1517 1271 784 776 1004 1585 274 
1 274 
3 2017 868 275 
2 1644 275 
2 275 2426 
3 275 2388 816 
2 2393 276 
5 284 986 1395 276 1366 
19 806 516 536 2298 276 284 552 2640 2675 2385 2371 445 610 361 367 1597 414 1816 553 
1 276 
1 276 
5 276 2717 1343 936 561 
4 276 919 2391 800 
1 276 
4 2170 782 2013 276 
5 1561 445 276 516 2308 
2 276 1112 
2 276 2017 
4 418 1112 368 276 
3 610 276 2352 
11 610 445 276 516 552 292 2286 1704 511 2371 2299 
9 284 610 276 552 2385 445 2298 516 2308 
7 1551 1512 2652 276 843 344 939 
9 2274 984 936 909 963 284 778 276 624 
2 276 778 
3 276 2335 986 
2 2238 277 
1 278 
1 278 
7 542 2736 537 432 998 279 2003 
7 2354 2293 279 2299 284 624 1558 
1 280 
3 280 2707 283 
3 280 284 288 
2 280 289 
3 281 676 1434 
1 281 
1 281 
7 1760 610 1736 1761 284 281 530 
2 281 809 
2 288 281 
7 281 329 936 1970 360 583 2263 
5 921 584 965 281 284 
1 281 
5 934 610 645 281 1998 
3 281 1077 401 
9 2327 2560 282 2045 548 2337 606 2341 903 
4 2620 282 804 707 
3 1582 282 1585 
12 1636 2328 1014 1517 1301 2330 1516 2623 2324 282 2206 903 
10 1636 1624 2623 2670 2327 2569 282 1354 503 1362 
1 282 
9 1271 1014 2557 2327 289 282 2476 2515 2583 
3 2560 1288 282 
2 282 2405 
2 282 2341 
3 2338 282 284 
4 1721 282 1636 2303 
2 284 282 
17 2341 2627 2445 2324 282 903 1013 302 2670 358 362 2608 2644 2048 534 554 2405 
7 284 282 2024 344 405 2334 2045 
3 282 1744 1344 
2 282 1610 
12 282 2627 903 2324 302 2670 2333 824 944 2337 2382 2389 
3 282 1013 1979 
2 282 844 
6 1924 1736 1711 284 1977 1398 
5 1711 309 2072 284 920 
1 284 
3 1915 284 918 
3 921 284 2720 
1 284 
3 2371 284 2796 
1 284 
4 1395 284 361 2297 
4 284 359 1899 1558 
9 1951 2385 359 284 388 2371 2255 2001 2308 
3 463 557 284 
1 284 
1 284 
4 893 284 1979 1946 
8 284 921 291 998 361 1717 569 591 
2 951 284 
2 284 1795 
2 918 284 
5 284 965 2386 909 1077 
5 1649 284 2728 1461 1539 
1 284 
7 559 909 676 468 2677 988 284 
3 807 284 2729 
7 2145 987 879 2677 820 284 1950 
4 284 516 402 2385 
6 2796 284 1434 1976 1977 460 
11 2354 536 806 1558 610 2298 286 284 2286 2350 388 
7 1492 501 930 368 1667 284 2702 
4 986 610 284 950 
5 806 284 643 2595 1599 
2 284 2376 
2 284 2375 
5 936 790 2672 460 284 
3 626 284 2672 
2 284 406 
2 284 610 
4 2017 284 769 589 
6 284 2759 2627 2341 921 903 
3 2635 399 284 
2 1979 284 
10 610 2399 284 297 2286 2354 1997 2369 1696 2299 
2 284 2363 
2 284 793 
5 284 286 2230 2134 2283 
4 2629 987 284 2341 
13 2277 284 1887 286 2072 2114 300 2604 404 493 577 2587 715 
3 2074 284 2290 
2 431 284 
3 2284 286 397 
2 286 1736 
2 1744 286 
2 286 1654 
2 286 525 
1 286 
5 286 474 2248 996 2385 
1 286 
3 286 1711 966 
3 1470 286 2148 
2 286 1977 
3 752 286 1736 
5 2337 286 2332 1736 1711 
3 286 1830 1696 
1 287 
6 1014 2421 2433 287 2463 1282 
3 287 1282 1014 
3 287 1282 1014 
7 1155 2452 287 1892 1282 2412 1014 
6 2414 2411 1014 1013 287 1282 
7 287 2474 2487 1279 1290 1316 2542 
9 2419 2416 1155 1181 287 1271 1282 2412 1014 
4 287 1282 1316 1014 
5 1155 2414 287 1282 1014 
3 287 1282 1014 
4 287 1263 1282 1014 
8 2414 1171 287 1201 1236 1252 1282 1014 
4 287 2477 1282 1014 
7 287 2408 1332 2433 2463 2042 2498 
3 287 1013 2504 
14 287 1041 1450 1591 776 2447 759 1086 2485 2491 1525 1138 2636 1585 
1 287 
4 287 1298 1580 2444 
6 892 287 1959 911 2436 2282 
4 2481 778 287 2709 
1 287 
1 287 
1 287 
1 287 
5 287 1517 1353 1222 2574 
4 287 2408 2421 2533 
4 287 1085 1106 1117 
1 287 
7 287 769 1365 2426 892 2458 1538 
3 1196 287 2468 
2 2475 287 
3 2472 287 1149 
1 287 
1 287 
1 287 
6 287 1271 1014 2492 1525 2528 
4 911 287 2425 2503 
5 1014 287 1013 2100 2337 
4 287 2207 2577 2514 
4 287 2492 2423 2558 
2 287 2475 
2 287 2206 
3 1892 1955 287 
4 287 1014 673 2100 
3 287 1206 2411 
6 1271 2509 1196 287 1013 1517 
6 289 1517 1585 287 1013 2486 
2 287 1517 
5 1014 866 1196 287 1939 
2 287 1271 
3 2436 287 717 
4 2558 287 455 1770 
2 1588 287 
6 287 1271 2472 2501 1115 2206 
4 1013 1301 287 1279 
4 2408 287 2421 2042 
1 287 
1 287 
4 287 962 1014 1803 
4 287 289 1014 1271 
2 287 2437 
4 2100 287 1013 1014 
3 1013 1217 287 
1 287 
5 1133 287 2461 1271 2439 
4 287 1279 1525 1301 
3 2413 2505 287 
5 287 911 2561 2438 2448 
5 289 2558 2557 287 2330 
5 1217 2420 287 1014 2515 
1 287 
2 287 2494 
3 287 1334 1517 
3 287 2427 2527 
1 287 
2 2668 287 
2 1149 287 
6 2423 1525 1014 287 1013 2065 
3 1133 287 2454 
6 287 2413 1892 1216 1334 2512 
3 287 1892 665 
3 287 1915 1013 
2 287 1215 
4 2423 287 793 1565 
10 1271 287 2443 1014 2522 2447 2505 1525 554 2529 
2 1332 287 
3 287 1744 2479 
2 1014 287 
2 287 1232 
1 287 
2 287 2421 
4 287 2558 1271 2527 
3 2207 287 1014 
3 2461 287 2557 
1 287 
6 1066 287 911 2444 1203 1013 
2 287 2422 
7 2492 1293 287 380 2474 481 2579 
1 287 
1 287 
3 287 1355 1636 
2 287 2453 
1 287 
2 287 2620 
4 2487 287 1588 1892 
4 1271 1915 287 1014 
4 911 1341 2446 287 
5 2558 2330 2477 289 287 
2 1014 287 
1 287 
3 911 287 2761 
1 287 
1 287 
1 287 
7 1013 1282 287 1271 1014 2492 1525 
1 287 
2 287 2558 
1 287 
1 287 
7 1636 287 2092 1301 2481 2499 1525 
3 287 2542 2443 
3 1293 287 2492 
1 287 
4 1583 1517 287 1222 
4 1271 1584 2558 287 
5 287 1580 2539 1588 2433 
2 1389 287 
4 1924 1504 287 1347 
3 911 287 1271 
2 1389 287 
1 287 
3 287 1014 2533 
2 1633 287 
1 287 
4 287 1014 2413 2528 
1 288 
1 288 
3 891 288 775 
1 288 
7 1585 288 345 455 1628 633 2556 
2 288 754 
4 288 775 891 894 
2 288 1445 
1 288 
1 288 
1 288 
1 288 
4 288 1977 1366 934 
2 2547 288 
17 670 289 1353 2476 2501 2579 1100 1263 1113 1115 1122 1376 2586 2558 2330 1145 1686 
19 1181 2557 670 2447 289 2459 432 2476 2576 2499 2515 2583 1292 2524 2668 606 2532 2589 2591 
1 289 
4 2324 2331 289 933 
4 289 2475 1957 300 
1 289 
1 289 
2 289 1994 
5 295 2566 289 2604 2735 
5 289 295 2604 2565 2587 
1 289 
1 289 
4 2623 2328 2207 289 
1 289 
1 289 
2 289 2206 
9 289 1298 1150 1256 1307 1289 1239 1271 1281 
6 2432 1222 289 1352 1353 1756 
1 289 
3 289 2558 1334 
3 289 2446 2169 
1 289 
4 289 2505 1504 2557 
1 289 
1 289 
1 289 
3 2558 2330 289 
2 289 2760 
2 2744 289 
2 2557 289 
6 289 2390 2566 340 660 2735 
2 289 300 
2 289 2558 
1 289 
3 2558 1636 289 
1 289 
2 1636 289 
2 1013 290 
8 292 1594 407 1599 2374 1603 1557 1606 
4 292 1598 1601 1604 
2 292 449 
4 292 1780 1551 1601 
3 292 1780 814 
3 292 766 511 
2 293 962 
1 293 
3 294 791 1575 
5 295 2390 340 2566 2565 
1 295 
1 295 
1 295 
6 2337 467 2609 474 295 1463 
7 295 610 381 2608 428 445 1830 
1 295 
1 295 
2 295 330 
4 1721 1904 296 560 
3 1453 296 560 
1 297 
1 298 
1 298 
3 1422 298 1413 
2 299 862 
5 2213 2325 299 2511 862 
3 1271 2123 300 
1 300 
6 2207 2327 2328 2206 300 2569 
1 300 
1 300 
1 302 
8 1589 2213 2212 302 2337 591 2382 2341 
4 1256 1589 302 844 
2 302 2389 
2 303 2064 
5 303 427 481 1961 600 
5 303 689 371 704 600 
3 798 303 1038 
1 303 
6 893 778 304 782 850 2383 
4 2423 1525 304 776 
1 305 
1 306 
2 501 306 
6 368 833 2720 610 306 2286 
5 307 319 367 1547 2006 
4 1256 1340 309 1066 
5 1675 1884 2031 1893 310 
4 2337 1222 310 384 
2 311 350 
2 312 2647 
2 2646 312 
1 314 
1 316 
7 1719 319 344 360 2709 514 2003 
5 319 1963 2226 545 1379 
9 319 1963 414 2011 471 814 943 625 2300 
1 320 
1 320 
2 320 2660 
1 320 
1 320 
1 320 
2 930 320 
2 2655 320 
1 321 
6 2664 2663 2085 323 391 1398 
2 323 2662 
3 323 2662 568 
4 778 323 2082 2085 
2 687 324 
1 324 
9 2206 911 1271 2558 324 432 1008 2483 2228 
1 324 
8 903 1516 2328 2337 2341 325 360 554 
6 1525 325 722 368 2157 543 
9 2733 903 325 2765 786 391 548 2377 2378 
2 327 546 
5 327 520 806 1370 1661 
3 2286 328 449 
3 646 987 328 
14 915 1736 1625 921 328 397 406 468 496 506 509 2366 2368 1494 
8 475 610 603 909 328 412 511 624 
5 892 775 329 2072 1871 
1 330 
1 331 
1 331 
2 2687 331 
1 331 
1 331 
1 331 
2 331 2683 
1 333 
1 333 
2 335 2263 
4 2013 2199 336 787 
1 337 
1 337 
1 338 
1 338 
1 339 
1 340 
1 340 
1 343 
1 343 
4 343 2271 2738 1436 
5 2739 2034 343 2372 2170 
5 2738 2271 343 1683 2275 
2 2738 343 
2 343 1667 
3 343 2271 930 
5 344 2310 790 644 646 
7 767 1370 1112 858 880 344 2241 
4 344 2650 2427 368 
8 633 790 544 360 501 354 344 2720 
9 872 692 2037 584 344 485 648 1819 361 
5 344 524 552 558 474 
7 1013 1721 1904 893 1271 345 479 
4 2271 1683 345 2275 
1 345 
1 345 
4 2289 346 899 543 
5 1524 994 346 1529 2229 
2 610 346 
10 2348 346 610 1769 2710 2752 576 579 2640 2266 
5 777 347 414 1552 2800 
9 353 782 645 347 351 385 424 449 2131 
1 349 
1 349 
1 352 
1 352 
1 353 
4 353 893 775 2364 
4 965 2367 987 353 
2 905 353 
3 2733 355 1242 
1 355 
8 355 367 371 916 2731 1403 504 2672 
1 355 
3 2565 355 2587 
6 687 357 367 2307 1551 834 
2 1476 357 
11 357 407 2701 1891 1436 930 2703 1375 1683 2704 1379 
8 892 930 1895 1681 357 407 2702 2170 
2 357 407 
2 2742 358 
2 358 2741 
2 358 656 
5 1013 652 1157 358 2585 
6 2746 1006 358 791 1699 2110 
8 2745 1421 1006 358 791 1610 1698 2110 
2 359 402 
3 962 1676 360 
4 501 610 842 361 
1 361 
3 361 2254 1999 
3 2720 361 1484 
1 361 
3 361 448 596 
3 361 367 596 
2 987 361 
3 361 448 596 
1 361 
2 361 2382 
2 362 2584 
2 362 2518 
1 362 
1 362 
2 1062 362 
3 362 552 2672 
1 362 
3 401 364 540 
1 367 
2 367 2798 
1 367 
1 367 
1 367 
2 367 2798 
4 1835 1749 367 2798 
1 367 
7 2022 612 453 1963 367 408 2250 
1 367 
2 367 1861 
1 367 
1 367 
1 367 
1 367 
1 367 
1 367 
1 367 
3 367 448 596 
14 1036 1368 367 1370 438 445 2011 550 1755 576 1556 2174 625 632 
2 367 1598 
2 367 2798 
1 367 
1 367 
1 367 
6 367 1546 1601 2224 594 1604 
1 367 
1 367 
5 2350 367 2370 576 625 
1 367 
6 2773 2774 367 2789 2769 1683 
7 1537 917 1020 367 1022 1023 1019 
7 2721 806 1617 2087 368 367 1380 
