155 2 3 4 5 6 7 8 9 10 11 12 13 14 15 16 17 18 19 20 21 22 23 24 25 26 27 28 29 30 31 32 33 34 35 36 37 38 39 40 41 42 43 44 45 46 47 48 49 50 51 52 53 54 55 56 57 58 59 60 61 62 63 64 65 66 67 68 69 70 71 72 73 74 75 76 77 78 79 80 81 82 83 84 85 86 87 88 89 90 91 92 93 94 95 96 97 98 99 100 101 102 103 104 105 106 107 108 109 110 111 112 113 114 115 116 117 118 119 120 121 122 123 124 125 126 127 128 129 130 131 132 133 134 135 136 137 138 139 140 141 142 143 144 145 146 147 148 149 150 151 152 153 154 155 156 
170 36 157 158 26 159 160 161 162 163 164 165 166 167 168 169 170 171 172 173 174 175 176 177 178 179 180 181 182 183 184 185 186 187 188 189 190 191 192 110 193 194 195 196 197 198 199 200 201 202 203 204 205 206 207 208 209 210 211 212 213 214 215 216 217 143 218 219 220 221 222 223 224 225 226 227 228 229 230 231 232 233 234 235 236 237 238 239 240 241 242 243 244 245 246 247 248 249 250 251 252 253 254 255 256 257 258 259 260 261 262 263 264 265 266 267 268 269 270 271 272 1 273 274 275 276 277 278 279 280 281 282 283 284 285 286 287 288 289 290 291 292 293 294 295 296 297 298 299 300 301 302 303 304 305 306 307 308 309 310 311 312 313 314 315 316 317 318 319 320 321 
135 313 322 323 324 325 326 327 328 329 330 331 332 333 334 187 335 336 337 338 339 340 341 342 343 344 345 346 347 348 349 350 351 352 353 354 355 1 356 357 358 359 360 361 362 6 363 364 365 366 367 368 369 370 371 372 144 373 374 375 376 377 378 379 380 381 382 383 384 385 250 386 387 388 389 390 391 392 393 103 394 395 396 397 398 399 400 401 402 403 404 405 406 407 408 409 410 411 412 413 414 415 416 417 418 419 420 421 422 423 424 425 426 427 428 429 430 431 432 171 433 434 435 34 436 437 438 439 440 441 442 443 444 445 446 447 
80 1 448 449 450 451 452 453 454 455 456 457 458 459 460 461 462 463 464 465 66 466 467 468 469 470 471 472 473 474 475 476 477 478 479 480 481 482 483 484 485 486 487 488 489 490 491 492 493 494 58 495 496 497 498 499 500 501 502 503 504 505 506 507 508 138 509 273 147 510 511 512 513 514 515 516 517 313 518 519 520 
42 1 427 521 522 523 524 525 526 527 528 482 529 530 531 532 533 534 535 536 537 538 539 43 540 541 542 543 421 544 545 546 547 313 548 549 550 551 552 553 554 555 556 
32 3 481 557 558 559 560 561 562 563 564 565 250 566 567 568 569 570 571 572 573 88 574 575 576 577 578 579 580 1 581 582 583 
28 66 584 585 586 587 1 588 589 590 591 592 593 594 595 596 597 598 599 600 601 602 603 604 605 606 607 467 608 
41 294 609 1 610 611 612 613 614 615 616 617 618 619 620 621 622 623 624 595 625 626 627 628 629 630 631 632 633 634 635 36 636 637 394 638 639 640 641 642 211 643 
34 66 644 645 646 612 647 648 649 650 651 652 653 654 655 656 657 658 659 660 661 662 663 664 665 666 590 1 667 88 668 669 670 671 672 
18 673 674 675 676 677 495 678 679 680 681 682 683 684 685 220 686 1 687 
21 427 209 688 612 689 690 691 692 693 694 1 695 696 697 698 548 699 700 701 702 703 
20 704 395 705 706 707 708 148 337 709 710 711 712 713 714 715 716 1 717 718 36 
16 719 720 721 643 299 722 723 724 1 725 711 726 727 728 729 432 
15 730 731 708 732 733 734 735 736 98 218 737 562 1 738 739 
14 740 741 742 743 744 745 335 746 747 748 749 750 1 751 
15 752 753 754 755 756 757 758 1 759 760 761 762 763 764 765 
14 766 767 768 769 770 1 771 772 773 774 313 775 776 777 
11 1 778 779 780 781 782 401 783 36 784 562 
13 785 786 787 788 789 790 791 792 793 794 795 1 796 
13 1 797 798 799 800 801 744 802 803 804 805 806 807 
12 808 809 509 810 811 812 486 813 814 199 1 474 
10 815 1 816 126 817 818 819 820 821 822 
10 823 824 825 826 827 828 829 830 1 831 
10 832 833 834 587 36 835 836 837 838 1 
199 579 450 51 839 840 841 842 843 844 845 846 847 848 849 512 850 851 852 853 854 855 856 857 858 859 721 731 860 861 862 863 323 864 865 866 867 868 869 870 871 872 873 874 875 876 140 877 878 879 880 881 882 883 884 885 886 887 888 889 648 890 891 892 893 894 895 896 897 898 899 900 901 902 903 904 905 906 907 908 909 910 911 912 138 481 588 913 914 915 916 917 918 919 920 718 921 922 923 924 925 926 927 928 929 930 931 932 933 934 935 936 937 938 939 202 940 941 942 943 159 944 945 66 687 946 947 948 949 950 951 952 953 954 955 956 957 958 959 250 960 961 962 963 964 965 741 966 602 373 967 968 969 970 971 972 973 974 975 976 977 978 979 980 642 320 981 982 983 984 500 985 986 987 988 989 990 991 992 993 994 36 995 996 997 998 999 1000 1001 1002 1003 62 1004 1005 1006 1 352 1007 1008 1009 
122 36 1010 1011 1012 1013 1014 1015 1016 2 1017 1018 1019 1020 1021 1022 1023 1024 819 1025 1026 1027 732 562 1028 1029 168 170 1030 1031 1032 224 1033 1034 1035 624 1036 1037 1038 1039 1040 1041 1042 611 1043 791 1044 1045 1046 1047 1048 1049 1050 285 1051 1052 1053 1054 1055 1056 1057 1058 1059 587 1060 863 1061 759 1062 434 1063 1064 1065 1066 1067 250 1068 1069 1070 1071 1072 1073 1074 1075 1076 1077 1078 1079 1080 1081 1082 1083 1084 1085 1086 1087 1088 209 961 1089 1090 1091 995 1092 1093 1094 1095 1096 1097 574 1098 1099 1100 142 514 507 220 270 246 64 66 138 1 
9 752 672 296 541 579 526 1 36 315 
8 157 1 36 568 614 420 439 468 
6 138 421 1 439 36 732 
4 999 579 727 1 
3 138 1 640 
4 67 352 111 1 
5 162 867 569 1 418 
5 579 1 3 960 520 
2 759 1 
167 138 427 438 579 66 721 25 996 218 588 1024 593 67 159 1090 1027 68 622 52 663 867 440 90 71 353 28 170 485 364 568 147 329 921 544 826 265 952 397 749 400 369 696 585 768 383 479 994 126 863 27 727 813 313 288 1020 2 780 520 450 1089 89 439 602 576 873 298 299 669 569 1039 977 798 45 678 932 235 937 901 24 49 838 157 481 1 372 87 526 1025 161 1026 751 730 529 1091 455 164 1029 429 166 468 92 297 1032 828 96 279 330 784 1042 922 1016 106 1048 420 415 352 640 97 716 26 1023 819 533 8 412 1095 567 208 250 50 1021 860 681 160 428 687 163 965 416 523 174 637 944 76 29 262 12 884 804 18 196 236 739 254 772 482 524 241 456 1007 1093 167 584 881 665 1100 941 
11 250 49 781 999 209 977 1062 1 939 85 415 
7 250 66 152 138 529 211 1 
7 162 49 1 250 288 372 882 
4 1011 1 961 429 
4 313 1 648 383 
2 53 1 
4 5 373 158 1 
9 758 66 881 579 237 250 906 1 748 
6 302 49 1 126 36 604 
1 1 
4 138 1 373 863 
2 676 1 
83 138 51 1023 624 498 405 579 254 157 766 85 526 811 962 752 37 429 166 641 168 326 918 1080 45 512 36 438 66 1 450 1024 360 960 862 68 145 1070 72 699 682 39 258 174 1033 100 799 761 117 656 250 1068 738 54 171 812 683 251 264 1089 160 482 351 86 965 220 839 387 1037 282 587 533 1027 835 164 169 1095 487 758 881 714 626 446 804 
26 36 1 427 640 726 250 996 372 138 87 1026 1068 971 461 67 960 752 841 54 711 1099 768 499 254 325 288 
28 67 25 874 956 49 86 1031 460 136 361 997 356 320 250 618 811 314 96 334 1 66 457 713 87 772 968 875 740 
10 467 322 177 106 180 1 1026 534 36 165 
11 1076 836 220 231 68 704 42 1080 1 427 766 
7 87 1 950 480 1027 49 50 
4 1 530 951 126 
5 431 125 1 819 261 
3 1007 706 1 
4 352 4 1 915 
6 158 913 567 838 1 288 
1 1 
2 1 1063 
3 25 1 389 
2 211 1 
4 323 1 26 337 
2 1 138 
89 138 587 254 1020 143 1 811 69 466 622 144 965 820 967 38 364 653 9 842 317 975 785 418 705 764 371 957 833 313 288 529 106 113 36 209 157 567 26 781 352 4 440 164 741 913 869 416 570 400 358 898 49 362 483 645 7 760 715 721 863 329 827 935 579 838 780 158 533 256 548 806 758 465 710 87 961 377 481 415 51 421 25 731 85 663 240 173 333 44 
29 1023 578 960 36 1089 50 622 567 314 522 771 405 945 1 221 760 319 981 51 811 389 587 85 779 70 866 172 258 32 
10 1 565 515 250 49 835 53 837 36 138 
9 1 870 66 450 322 157 218 520 149 
15 315 1062 946 620 618 915 567 388 919 780 579 524 545 1 67 
9 961 587 1 36 102 210 861 809 159 
5 427 133 706 1 49 
6 731 388 1 251 1021 1033 
5 523 962 1 99 250 
7 85 781 453 438 957 792 1 
5 1 36 1089 467 926 
8 628 535 279 360 494 558 1 986 
8 415 254 802 831 452 427 861 1 
7 1 209 1036 372 138 996 323 
3 548 1 95 
3 1 372 218 
2 879 1 
3 94 296 1 
3 1 1071 996 
27 145 37 721 360 663 1092 326 357 200 477 692 578 415 67 811 719 449 899 49 467 157 1 820 223 75 66 649 
20 751 277 1033 1043 126 167 488 49 251 567 459 925 415 192 209 51 539 838 338 1 
27 66 163 667 948 186 534 834 438 51 54 727 1074 330 334 36 442 751 429 1 133 138 361 918 1000 862 944 50 
14 931 681 269 360 913 450 259 157 731 6 1 9 579 779 
11 138 179 533 699 176 739 587 1 458 616 36 
6 567 36 397 1 549 860 
12 372 244 1 241 820 873 456 428 1027 209 595 160 
6 386 1 360 288 36 138 
5 438 421 130 143 1 
7 488 375 878 677 284 1 83 
5 364 80 255 1 158 
5 1 913 454 51 36 
4 1 802 36 721 
6 220 668 1 315 352 14 
3 567 74 1 
5 1083 420 1 503 49 
8 481 587 704 427 1 325 731 765 
5 1 579 218 71 766 
4 829 1 250 3 
3 579 604 1 
1 1 
5 1 36 108 52 66 
3 1 145 438 
3 106 1022 1 
2 459 1 
4 1 273 524 2 
4 1 32 622 823 
6 1 721 321 364 741 315 
4 520 849 66 1 
3 1 579 226 
5 1 372 732 758 1030 
5 1 657 299 263 708 
4 641 1 415 49 
2 1 751 
2 1 898 
4 795 905 1 322 
1 1 
3 1 392 779 
2 130 1 
3 1 240 768 
3 56 1 731 
74 138 427 250 838 766 86 823 466 529 663 524 429 1061 296 576 946 172 1074 391 448 141 45 849 809 746 1066 350 1098 213 36 438 209 143 1 754 406 1004 1020 495 587 164 841 341 579 996 960 160 356 212 604 569 976 827 666 1088 781 240 389 740 1011 888 606 232 621 1050 477 287 989 905 1057 22 1060 964 55 
3 752 765 1 
2 1 848 
1 1 
4 486 93 123 1 
2 1 377 
2 588 1 
7 87 481 162 825 72 719 1 
4 138 1 667 821 
2 223 1 
3 51 961 1 
4 521 687 1 582 
141 36 49 579 313 288 587 1020 143 25 780 158 450 26 1022 87 732 745 314 482 356 290 164 741 1010 1061 773 274 275 432 276 786 660 260 229 796 31 1044 889 1088 563 47 447 940 856 126 438 209 420 996 567 89 1026 962 4 68 361 865 866 1069 219 362 522 868 211 222 641 92 968 375 521 876 702 29 242 1038 79 378 613 216 615 412 1060 751 667 1070 292 869 278 262 185 267 511 700 591 405 676 453 66 162 441 442 947 974 906 254 731 1 1021 588 681 1025 439 294 604 38 826 764 912 50 255 640 835 1007 166 173 759 226 843 1078 936 896 817 506 65 838 360 1024 730 727 758 134 
4 1 211 1090 372 
8 1 752 877 475 389 331 1059 25 
8 892 732 126 620 779 787 327 1 
2 26 1 
28 66 618 364 638 2 1 681 161 509 392 891 634 721 782 1094 691 926 837 250 138 209 372 291 93 126 466 1073 190 
15 3 386 66 365 256 250 988 158 704 440 931 685 1 254 872 
13 85 241 427 963 1090 107 1 466 1028 220 782 270 49 
7 604 1 322 776 482 1094 963 
5 4 1013 36 1 602 
4 673 1 158 12 
4 361 1 250 69 
4 1 328 1027 1031 
2 1 288 
5 1 699 38 296 955 
3 1 1070 510 
3 211 1 1024 
4 754 814 1 481 
2 1 166 
31 85 640 751 752 504 427 420 372 861 866 706 565 28 214 1066 36 88 273 329 2 250 66 313 69 800 428 382 363 569 49 819 
28 2 292 788 188 268 903 66 860 361 862 43 766 593 144 440 148 254 395 661 908 731 255 95 59 426 138 388 346 
13 1094 952 559 993 520 360 579 36 845 25 640 71 2 
11 218 752 91 406 313 777 49 250 126 36 2 
12 738 841 1092 36 720 371 143 2 731 740 1052 960 
15 138 1021 864 1090 33 467 724 337 838 39 2 250 1091 133 910 
10 87 621 745 36 766 730 2 815 356 526 
13 126 430 968 49 36 174 138 840 632 66 643 1027 2 
10 704 619 2 1092 254 52 1045 209 996 780 
8 49 672 427 156 2 138 36 1091 
9 222 36 438 869 663 427 660 86 2 
8 2 533 423 238 26 925 501 49 
6 1027 313 721 2 49 1069 
7 26 36 524 360 2 552 250 
5 49 3 1020 1023 2 
6 1029 126 182 360 67 2 
9 769 727 178 2 877 588 138 66 1001 
14 1038 610 1081 1100 2 881 924 176 36 164 963 624 49 750 
5 470 1006 948 2 863 
7 89 2 1090 431 675 839 174 
4 2 414 52 998 
4 520 2 636 173 
5 2 208 89 687 587 
5 52 835 2 209 730 
4 450 2 860 432 
6 302 172 359 523 948 2 
3 479 860 2 
4 820 997 313 2 
2 138 2 
5 2 260 87 466 579 
2 2 3 
4 730 2 533 158 
3 220 2 200 
2 143 2 
3 277 454 2 
5 86 653 353 438 2 
2 2 314 
2 567 2 
4 1010 2 540 288 
3 36 860 2 
2 724 2 
3 2 288 708 
4 21 429 699 2 
4 2 732 189 85 
3 699 466 2 
5 1000 2 25 395 951 
2 479 2 
1 2 
4 2 963 619 677 
1 2 
3 2 526 587 
3 36 179 2 
34 838 91 66 2 567 86 730 37 1094 816 298 180 79 1049 579 637 1075 498 938 126 520 996 430 967 165 11 138 992 143 26 863 1091 970 666 
9 71 415 877 646 460 463 982 2 352 
11 139 38 864 316 154 2 8 138 304 63 667 
8 2 1022 372 126 528 509 227 909 
2 126 2 
3 293 157 2 
3 2 659 236 
2 2 138 
2 415 2 
25 36 160 440 292 459 102 250 69 2 1069 668 228 81 649 1059 254 14 738 483 579 712 967 325 427 467 
11 313 588 353 991 2 377 564 779 138 1087 647 
12 49 1032 2 145 10 698 533 189 313 53 26 98 
8 781 576 67 611 2 288 959 250 
7 823 138 2 427 721 922 167 
6 519 2 288 135 85 831 
7 26 631 520 2 364 854 593 
4 677 1020 2 968 
5 2 255 114 138 561 
5 2 693 212 427 883 
8 454 237 427 218 364 352 2 930 
3 250 138 2 
3 250 587 2 
3 365 53 2 
3 126 2 549 
1 2 
4 489 781 2 609 
5 663 36 2 372 712 
4 36 288 215 2 
3 44 228 2 
4 471 168 684 2 
1 2 
14 2 313 1090 450 124 66 970 888 438 530 998 558 1003 126 
12 760 36 91 294 351 1090 145 679 2 757 592 766 
6 2 504 289 138 1088 681 
1 2 
2 91 2 
2 2 732 
3 550 26 2 
2 250 2 
1 2 
2 643 2 
96 126 579 313 587 1020 2 50 1022 1023 160 3 162 631 68 439 144 663 867 315 37 221 6 387 170 1030 767 333 978 44 230 541 247 49 780 370 1021 618 74 427 157 454 640 950 281 266 25 526 440 1029 257 38 288 838 143 721 766 567 26 51 218 593 962 745 289 361 865 273 966 782 294 373 39 452 684 459 574 332 103 149 849 736 411 823 964 274 484 551 229 953 770 447 971 836 36 841 448 
7 86 534 2 288 73 962 49 
3 721 2 392 
1 2 
40 49 277 1097 574 847 804 313 158 66 218 428 1068 965 869 838 469 288 450 593 144 557 643 36 1020 372 681 738 165 596 540 340 628 138 2 50 1095 78 595 766 304 
13 2 158 95 226 781 520 603 321 587 138 814 588 998 
11 144 486 899 66 626 2 740 281 427 356 783 
7 528 508 313 250 566 524 2 
5 49 67 360 2 453 
6 2 568 88 964 765 548 
6 138 732 819 186 2 1023 
5 588 352 2 56 819 
5 288 138 36 825 2 
4 2 579 427 116 
5 49 427 911 434 2 
2 36 2 
3 250 2 840 
2 2 138 
5 2 721 348 520 158 
3 88 2 960 
3 2 26 145 
2 295 2 
4 1023 2 524 1084 
10 110 2 250 699 548 916 4 157 623 965 
7 2 138 752 687 315 250 520 
13 1069 567 1026 490 1010 637 670 370 556 618 565 138 2 
5 354 1100 138 2 615 
7 86 191 738 2 254 772 479 
7 427 2 354 138 374 839 862 
4 2 36 77 752 
4 2 921 1009 345 
6 795 2 250 313 256 340 
5 731 2 576 1030 49 
5 588 1081 743 950 2 
5 731 380 579 2 94 
4 2 526 26 602 
1 2 
5 780 2 946 126 323 
50 250 138 579 866 92 39 452 459 975 251 262 401 1051 50 819 995 619 66 712 946 59 906 427 198 438 254 2 481 520 861 221 223 657 637 195 236 1058 912 36 838 996 1060 602 972 151 981 1087 676 1052 1057 
8 2 772 250 242 927 603 781 579 
9 438 838 1074 882 617 2 589 369 138 
9 509 610 533 143 1077 299 510 2 996 
8 218 138 653 2 579 158 721 486 
11 438 297 485 766 657 2 841 1075 402 214 802 
8 241 564 250 372 2 8 322 138 
5 820 271 415 579 2 
8 2 83 579 152 620 126 867 27 
6 2 698 293 669 588 36 
5 313 476 209 2 36 
5 2 116 36 13 291 
4 353 633 619 2 
3 780 776 2 
5 2 182 1071 45 435 
3 718 567 2 
6 211 254 2 467 779 801 
5 2 441 681 502 640 
3 1023 1060 2 
1 2 
1 2 
1 2 
2 2 438 
1 2 
1 2 
61 138 587 780 372 1023 961 219 706 220 362 868 605 825 169 969 1030 331 490 184 575 499 438 721 420 520 415 160 4 529 663 1091 281 41 17 36 569 1039 250 66 254 2 157 1024 360 860 352 3 811 240 865 752 1070 5 257 298 999 584 808 495 407 347 
15 861 827 67 51 193 138 322 726 786 2 625 997 1060 439 706 
10 250 70 112 2 98 406 27 1070 274 608 
7 373 913 360 721 211 2 487 
3 2 66 751 
3 2 642 1098 
5 808 861 645 67 2 
6 2 1094 480 51 25 861 
4 1072 2 112 255 
14 3 450 314 69 779 52 294 146 405 120 333 661 1078 481 
15 726 1023 3 64 25 919 721 946 1062 693 79 649 958 287 1056 
7 731 450 997 677 873 3 821 
6 50 101 3 218 438 867 
9 49 640 769 1070 708 3 85 949 918 
6 686 443 141 751 3 953 
2 3 150 
8 865 157 732 36 433 66 367 3 
8 484 1021 974 36 751 971 3 87 
3 140 313 3 
6 980 834 579 721 250 3 
5 322 693 250 3 66 
5 773 51 3 87 825 
3 534 15 3 
2 731 3 
4 64 12 3 162 
3 3 420 86 
2 829 3 
3 281 254 3 
3 3 126 996 
3 481 3 860 
3 632 3 947 
4 3 491 640 764 
3 280 3 948 
3 880 3 158 
2 313 3 
2 3 268 
3 3 596 1071 
3 490 3 126 
4 49 780 241 3 
17 25 765 838 3 313 883 36 579 210 261 228 32 1057 66 819 98 58 
11 3 587 192 36 1023 721 421 219 457 300 926 
7 3 278 444 619 276 853 428 
3 3 481 588 
9 126 51 256 138 163 427 816 3 466 
6 85 993 730 552 3 881 
3 3 66 1025 
4 427 3 182 360 
29 138 863 825 551 49 1020 588 1089 159 738 440 442 871 258 662 313 415 88 819 3 170 172 316 77 406 359 945 85 92 
12 1033 138 588 250 914 87 998 773 3 149 51 158 
5 587 313 66 3 138 
6 687 157 536 962 763 3 
11 36 551 66 112 3 713 224 228 143 95 417 
4 3 144 231 522 
4 498 3 773 481 
3 842 329 3 
3 438 3 732 
5 290 3 407 529 36 
4 3 250 473 275 
5 825 66 441 161 3 
45 438 805 157 91 294 548 50 1023 455 741 872 79 1084 36 962 667 387 923 81 472 505 313 235 254 1060 3 998 39 579 212 698 724 139 970 458 1053 427 708 396 886 115 143 978 1090 719 
11 25 250 701 860 567 761 316 43 3 47 943 
2 3 278 
9 969 970 94 735 854 138 3 617 790 
2 579 3 
5 3 219 587 131 66 
4 810 516 3 138 
5 551 421 3 579 468 
4 3 914 511 284 
7 622 3 765 964 1064 733 383 
3 781 157 3 
4 36 41 381 3 
2 863 3 
2 402 3 
10 3 593 752 92 523 934 765 834 1059 144 
5 3 250 744 372 49 
7 158 839 825 73 70 3 468 
12 534 126 828 3 1085 67 140 62 1071 772 799 1021 
4 3 972 587 481 
4 126 996 3 618 
8 143 1021 794 1090 252 3 832 122 
6 641 524 565 430 467 3 
3 996 3 8 
7 158 485 1024 12 913 202 3 
4 3 708 372 438 
7 36 732 3 660 675 90 508 
2 3 738 
2 1021 3 
5 66 36 996 667 3 
6 288 1060 1029 3 18 437 
4 3 293 385 1028 
1 3 
2 838 3 
6 3 1089 322 49 138 67 
6 315 360 160 3 126 593 
3 313 369 3 
1 3 
2 534 3 
1 3 
2 250 3 
3 138 3 36 
1 3 
4 840 1090 3 177 
29 649 680 721 781 579 78 66 438 874 117 36 85 360 864 37 868 295 521 473 217 698 313 86 3 687 210 667 808 785 
4 3 36 66 529 
3 732 364 3 
3 66 3 33 
3 997 3 1037 
18 138 781 880 338 911 157 961 100 721 963 28 313 3 870 466 622 851 36 
14 66 950 379 986 958 557 511 536 93 29 803 5 3 353 
3 3 562 781 
4 168 3 531 852 
4 3 677 772 867 
1 3 
5 803 3 450 158 1031 
60 250 731 372 218 861 5 456 166 712 816 1031 624 878 920 228 263 893 590 985 656 36 438 288 681 1060 3 772 145 264 126 157 50 781 454 1091 72 227 101 1039 449 990 962 915 1007 1022 256 356 468 53 744 78 11 789 613 591 359 222 167 278 829 
9 254 36 860 157 533 3 91 354 1034 
9 1068 126 40 199 3 620 87 49 36 
9 1027 3 164 209 588 393 1020 520 587 
10 587 439 948 56 552 3 780 176 471 932 
6 13 731 3 181 865 138 
4 3 461 329 439 
6 264 26 995 851 3 742 
2 3 302 
3 3 676 654 
2 3 401 
45 427 126 1092 530 138 87 862 107 36 93 75 789 288 481 415 781 3 772 865 738 699 325 167 1076 396 764 473 310 1029 293 368 49 748 313 520 726 290 192 453 780 372 819 240 930 774 
14 250 29 36 431 3 314 28 1094 1004 138 995 433 534 813 
8 158 66 144 360 250 218 36 3 
6 962 305 3 138 371 964 
7 87 138 846 3 360 548 975 
6 618 532 327 963 3 613 
4 915 354 3 509 
2 683 3 
3 725 3 49 
3 3 138 250 
4 126 250 1042 4 
3 427 85 4 
29 640 240 611 510 516 4 36 88 254 49 567 1022 69 866 324 786 518 478 900 322 829 641 25 138 681 181 849 426 1017 
4 1093 766 704 4 
6 288 78 529 1066 4 250 
5 438 75 138 258 4 
19 1024 725 668 1090 250 997 692 587 786 228 721 4 773 931 427 602 712 96 191 
6 721 524 461 36 372 4 
8 91 36 4 427 579 704 618 1068 
5 51 567 4 353 529 
4 4 89 692 372 
10 819 722 4 250 109 218 288 86 981 866 
6 782 51 1097 4 210 832 
5 433 4 758 455 50 
1 4 
5 660 4 587 886 210 
1 4 
2 66 4 
14 356 4 66 143 1065 126 420 145 653 186 201 860 704 1008 
10 7 917 4 218 162 85 304 76 393 52 
8 427 36 618 28 379 4 388 721 
3 254 1028 4 
5 175 953 623 4 587 
5 238 976 861 4 431 
4 4 641 712 372 
4 415 4 370 438 
2 21 4 
4 4 574 721 140 
2 4 298 
3 4 126 85 
6 879 493 450 4 960 520 
6 36 203 277 183 779 4 
3 4 320 54 
29 66 25 533 4 565 6 390 539 36 912 101 438 1023 860 640 998 366 342 322 604 1016 288 1091 133 355 721 962 963 155 
13 49 146 644 1090 138 36 1016 801 829 4 804 635 5 
10 218 526 4 66 660 591 732 1038 1047 622 
8 712 948 330 704 4 250 855 1089 
7 969 520 622 293 4 36 395 
10 256 130 745 4 968 21 1024 292 588 587 
7 865 316 622 4 518 49 683 
4 4 86 731 94 
5 4 865 663 772 234 
8 997 275 4 1090 350 313 646 1074 
5 916 4 800 671 344 
2 4 593 
2 478 4 
2 77 4 
4 126 10 313 4 
1 4 
3 4 1007 1031 
5 366 49 4 209 895 
3 50 313 4 
5 819 866 25 4 922 
4 861 1071 168 4 
4 1023 305 4 960 
2 4 100 
5 961 533 4 242 157 
2 372 4 
2 4 138 
4 26 1071 520 4 
4 397 4 257 662 
11 291 212 520 603 996 444 1049 21 587 143 4 
6 4 792 291 838 450 153 
5 879 138 4 421 380 
3 4 25 49 
2 4 678 
3 948 26 4 
3 68 1078 4 
5 640 450 4 760 378 
2 4 1024 
3 450 4 487 
3 4 223 520 
34 36 69 209 4 1065 731 255 593 732 835 509 274 224 684 34 478 1020 830 507 313 944 838 288 485 178 570 268 519 563 438 159 430 604 113 
6 738 779 415 137 5 138 
13 67 740 365 811 860 781 1024 1029 568 776 138 5 674 
7 36 663 5 74 622 386 182 
18 1089 5 780 170 126 393 574 110 36 1073 897 686 272 687 738 455 257 70 
4 664 897 5 781 
16 5 285 207 36 979 250 579 163 483 659 917 991 49 27 721 855 
3 962 5 540 
3 5 212 257 
15 865 5 38 66 457 126 313 369 36 835 416 960 708 663 452 
9 55 240 668 999 901 438 579 5 902 
5 587 579 5 423 934 
4 443 724 5 655 
26 36 673 755 1095 919 589 640 481 428 869 504 49 960 89 811 291 1028 5 168 188 991 66 1033 773 587 220 
16 567 1032 806 251 409 1030 87 552 439 5 52 1031 335 866 389 787 
5 877 5 947 588 77 
6 766 421 848 772 363 5 
5 961 860 5 555 765 
2 587 5 
4 1060 86 481 5 
4 254 527 5 195 
4 250 5 27 1041 
2 1024 5 
2 1025 5 
4 36 731 5 604 
2 70 5 
1 5 
1 5 
9 66 962 372 273 11 5 442 80 259 
8 890 626 609 90 5 1027 919 232 
6 779 996 620 246 5 889 
7 360 364 5 1050 250 379 860 
6 819 357 5 431 170 534 
2 5 620 
1 5 
3 5 637 537 
2 275 5 
6 632 587 421 558 254 6 
5 916 557 6 77 240 
2 159 6 
3 816 6 947 
2 226 6 
9 18 766 767 422 26 795 792 14 6 
3 520 6 138 
3 219 6 294 
15 721 393 481 951 745 6 710 68 587 1069 157 795 275 579 955 
5 6 618 257 1091 594 
37 250 138 612 209 6 99 721 593 966 373 275 1014 303 450 534 36 86 67 961 751 70 726 1028 967 917 771 574 194 837 618 706 90 457 59 616 668 66 
6 36 1024 522 6 28 259 
8 126 313 157 1072 6 36 1056 33 
3 66 6 520 
4 6 1021 603 754 
2 996 6 
2 6 1027 
7 524 475 6 26 567 254 250 
2 6 313 
9 221 6 1055 1024 36 721 126 1033 282 
6 780 6 863 1027 683 636 
5 85 6 1090 67 917 
73 36 209 964 882 138 250 1020 372 415 811 289 295 1093 531 102 1048 284 49 996 1024 1026 1027 27 292 296 530 744 30 834 784 104 883 376 658 66 288 587 721 25 731 218 88 352 159 526 779 70 677 773 565 6 820 727 669 1037 332 670 263 44 725 186 379 114 34 990 1006 126 456 659 594 1040 862 950 
1 6 
2 704 6 
2 137 6 
2 6 1090 
7 795 653 1010 36 745 7 313 
4 749 860 7 36 
1 7 
53 138 66 815 662 230 207 250 1021 1026 726 1028 353 531 538 179 470 836 126 26 67 89 823 454 362 557 579 431 767 101 1048 509 430 565 637 1002 685 1054 313 255 704 7 49 533 1007 486 1020 731 71 390 999 377 463 24 
24 261 355 132 430 360 361 699 486 649 860 720 734 138 255 173 36 219 7 283 678 25 715 535 297 
4 290 533 1050 7 
5 724 7 427 9 941 
5 7 427 960 138 483 
2 241 7 
21 520 492 406 824 386 860 567 1070 720 1083 36 158 254 829 7 250 224 826 631 1029 1024 
5 765 579 566 7 874 
6 7 810 254 91 8 622 
4 7 254 828 349 
2 1031 7 
2 718 7 
1 7 
2 975 7 
2 640 7 
10 454 7 636 147 776 285 36 25 288 865 
5 289 7 571 509 255 
13 1060 544 732 520 7 1039 781 481 138 146 104 45 126 
6 313 732 863 838 7 734 
4 7 126 721 732 
2 7 745 
8 681 315 7 977 726 819 1014 695 
3 234 8 549 
6 8 667 174 632 913 291 
5 221 838 450 8 26 
6 9 8 567 1008 823 11 
5 427 138 684 443 8 
4 867 1089 8 28 
5 8 649 276 939 138 
3 8 89 567 
4 375 8 290 971 
26 721 1060 468 566 391 567 687 1061 275 1032 669 929 1026 456 443 896 766 143 51 250 70 661 731 8 806 881 
7 205 916 354 8 300 288 165 
8 860 296 70 8 550 429 553 141 
3 8 126 163 
16 1024 782 67 111 751 485 487 819 420 8 36 66 483 523 595 381 
6 273 948 470 8 663 860 
6 174 8 427 26 1025 49 
3 8 314 838 
4 49 8 256 549 
1 8 
3 77 254 8 
6 1021 876 985 1024 714 8 
2 842 8 
14 8 968 936 250 224 881 1028 755 745 1060 869 593 961 774 
6 8 610 557 343 681 164 
3 300 917 8 
2 143 8 
3 482 8 640 
6 8 178 823 677 602 577 
8 36 275 8 727 587 288 555 209 
3 8 1089 143 
1 8 
28 138 481 159 533 326 8 31 344 635 157 953 50 701 601 1020 1096 830 693 250 450 864 973 797 1000 305 516 1007 36 
12 49 450 472 738 869 1094 8 393 138 861 878 117 
4 318 25 751 8 
7 164 1030 249 254 8 864 13 
3 1070 9 482 
6 1070 319 66 9 742 694 
5 9 745 1017 490 210 
4 781 1072 219 9 
4 9 1023 41 25 
7 218 323 615 85 415 9 588 
2 9 1082 
1 9 
1 9 
8 292 66 1021 9 192 1010 584 466 
3 9 1070 436 
4 1020 9 962 532 
4 913 9 49 427 
7 677 293 288 9 876 116 1024 
2 9 579 
6 579 526 705 1023 215 9 
6 9 397 138 463 167 483 
4 158 618 322 9 
4 587 508 9 360 
16 529 66 235 36 489 85 126 523 623 313 867 835 167 9 811 250 
3 9 525 849 
4 9 36 915 731 
4 9 209 126 970 
13 372 9 138 1071 768 87 211 610 400 996 860 134 415 
8 218 567 731 98 530 912 9 454 
7 579 987 732 36 618 9 297 
3 275 9 579 
3 9 731 491 
3 166 9 27 
4 10 148 533 761 
4 522 721 879 10 
4 10 176 965 397 
6 436 48 138 869 10 288 
10 324 636 94 225 10 657 205 579 424 719 
5 588 986 10 36 513 
3 241 1025 10 
2 415 10 
15 36 1095 242 632 10 450 254 995 88 138 427 608 305 954 143 
3 49 10 860 
7 49 864 445 694 577 10 487 
6 250 997 613 238 520 10 
3 587 144 10 
3 10 327 524 
16 618 25 274 838 10 363 36 962 524 840 817 731 415 179 837 137 
2 11 1041 
1 11 
1 11 
4 919 721 11 143 
4 85 11 458 454 
5 640 227 323 11 333 
3 11 683 645 
2 11 608 
4 829 11 36 871 
1 11 
7 415 11 832 1068 372 297 220 
10 438 152 11 49 273 89 1090 199 588 201 
2 138 11 
4 1026 11 373 640 
4 838 138 11 704 
1 11 
18 144 165 451 702 101 1054 581 466 456 738 12 587 865 1029 53 484 728 991 
3 66 12 659 
10 815 314 157 711 57 567 871 72 313 12 
1 12 
8 529 372 198 326 396 12 14 116 
1 12 
4 12 565 866 66 
5 12 926 706 13 50 
10 218 427 484 288 454 472 235 740 834 12 
5 51 1076 12 1020 364 
3 629 12 49 
3 12 66 588 
2 36 12 
3 779 1089 12 
5 1060 12 303 598 25 
6 85 677 133 13 787 372 
4 588 593 13 161 
49 66 481 752 825 691 268 313 618 565 576 838 996 567 353 795 222 97 13 674 911 143 25 606 579 250 455 739 36 420 766 415 454 1029 468 169 1030 975 1041 332 252 809 85 526 323 292 874 316 112 475 
3 13 751 459 
2 13 852 
6 162 590 197 532 372 13 
4 579 13 454 446 
8 323 587 50 438 314 13 567 608 
8 138 36 87 173 579 13 637 30 
2 13 704 
1 13 
11 188 1090 36 138 357 14 209 1039 180 163 789 
35 427 138 687 671 587 807 25 520 779 488 1023 324 844 101 14 886 579 161 66 73 1071 432 544 336 158 88 665 618 964 668 812 973 282 284 125 
23 1089 520 483 604 260 417 751 329 29 669 14 115 138 26 976 397 765 605 141 245 368 606 200 
2 14 381 
4 842 14 605 588 
3 1009 14 375 
3 250 14 875 
1 14 
20 524 254 360 161 521 641 398 914 277 14 986 49 1018 750 763 438 218 704 782 771 
4 36 721 14 89 
7 712 51 15 126 256 522 161 
6 15 138 66 372 112 25 
3 15 434 645 
3 1090 15 283 
5 387 15 579 20 427 
14 631 163 15 138 486 963 565 967 584 1030 930 607 646 250 
3 825 15 126 
2 15 765 
4 44 15 868 438 
3 36 15 585 
5 738 15 174 754 1060 
18 36 330 118 87 732 642 86 157 317 15 722 138 622 1060 327 567 786 850 
14 50 274 27 386 140 160 279 49 789 313 16 157 127 721 
1 16 
9 901 811 16 126 992 155 750 571 789 
3 631 533 16 
2 16 1031 
2 241 16 
7 138 49 16 115 66 461 44 
6 35 826 1005 16 26 138 
5 67 16 516 241 66 
4 16 49 673 373 
2 998 16 
4 16 738 913 363 
5 16 138 438 344 66 
12 101 381 352 732 537 386 594 259 127 926 16 747 
25 254 1021 781 241 917 897 721 250 864 163 913 562 536 767 17 49 126 158 618 451 102 53 888 995 293 
5 587 766 250 562 17 
5 36 124 667 17 50 
3 326 17 173 
3 975 17 250 
6 738 17 67 933 784 567 
13 51 438 289 424 427 17 536 277 489 1042 36 961 389 
9 334 366 579 17 138 361 788 454 533 
3 631 438 17 
2 17 1095 
6 1021 602 522 301 17 146 
2 17 160 
1 18 
17 780 550 479 67 304 141 122 731 219 946 579 521 322 870 717 18 88 
20 66 313 1021 524 431 301 885 18 36 1096 577 138 1014 287 351 438 779 165 250 70 
23 415 66 126 289 522 221 766 1068 525 382 255 838 438 18 1010 427 604 75 422 420 37 647 234 
8 143 866 460 738 145 622 18 250 
2 18 256 
6 1008 771 36 18 579 1095 
5 415 19 863 66 1085 
6 454 450 751 314 19 138 
4 19 141 719 534 
3 158 19 773 
7 730 19 754 752 427 438 1060 
2 375 19 
3 19 1092 26 
5 961 75 562 19 510 
2 999 19 
4 392 19 926 1089 
11 584 802 1078 120 721 281 884 19 565 907 562 
3 138 946 19 
3 640 880 20 
4 36 870 1060 20 
4 389 49 914 20 
4 491 20 157 1030 
3 304 20 482 
6 20 966 97 78 795 293 
4 981 20 421 426 
6 20 49 482 254 957 36 
2 20 372 
6 1010 66 1063 20 618 534 
3 731 1046 20 
5 838 313 21 415 319 
4 721 126 21 71 
3 595 378 21 
14 313 533 663 21 51 85 67 66 915 579 49 522 754 828 
5 936 49 731 916 21 
3 36 21 439 
4 155 255 913 21 
4 706 163 587 22 
7 427 356 966 209 560 1055 22 
4 1040 138 687 22 
1 22 
18 438 352 26 500 36 622 360 22 157 861 552 288 260 261 608 459 56 886 
11 85 91 66 946 184 579 22 1023 295 883 1025 
6 134 927 838 22 324 989 
1 22 
16 914 612 111 250 587 923 1020 126 889 1069 222 1009 23 636 979 1072 
2 23 593 
11 866 371 721 746 313 388 133 23 334 262 360 
5 36 23 593 138 759 
4 126 23 66 314 
6 596 23 36 811 389 935 
11 450 23 482 427 696 1081 593 886 103 1029 339 
4 23 520 640 879 
3 78 223 23 
4 24 698 392 460 
3 1023 24 66 
7 976 332 386 712 24 579 87 
8 529 68 24 663 138 520 180 49 
4 250 24 53 587 
6 687 963 143 68 567 24 
32 66 821 290 404 59 36 781 605 126 952 250 138 209 254 721 86 352 1025 963 702 808 611 625 24 520 510 288 960 162 687 876 1003 
7 176 49 278 25 919 388 955 
5 687 25 266 164 414 
8 25 161 50 1071 293 126 1032 250 
7 734 25 367 861 917 66 630 
3 25 917 138 
2 731 25 
3 159 25 1021 
2 442 25 
4 25 254 1095 996 
3 536 128 25 
6 126 113 250 664 25 450 
2 751 25 
3 25 420 434 
3 25 423 723 
2 354 25 
3 25 375 224 
3 484 526 25 
2 25 138 
1 25 
1 25 
1 25 
28 1007 623 36 313 481 428 466 90 667 1061 537 181 183 620 585 682 25 588 551 196 947 158 593 960 522 373 342 911 
21 871 842 157 314 71 641 1031 1074 78 1037 1099 427 320 1020 288 471 1050 501 819 319 25 
11 438 963 278 49 158 87 879 1060 864 579 25 
13 577 785 47 66 1045 26 605 209 36 175 360 25 384 
14 766 25 1021 862 162 1028 877 683 640 643 415 914 211 1064 
13 138 432 489 868 529 25 602 313 250 438 704 487 329 
15 450 459 1037 500 710 138 288 534 1062 157 782 825 67 892 25 
10 296 325 424 614 25 33 250 36 663 892 
6 748 865 25 415 138 313 
11 533 631 641 676 254 66 167 1045 872 138 25 
5 779 69 798 25 420 
7 696 861 360 1082 25 706 1085 
5 144 869 372 25 873 
5 25 36 324 872 91 
9 721 880 594 914 25 975 415 51 1077 
3 25 736 51 
6 838 25 138 1015 657 629 
6 25 535 210 173 140 864 
4 25 427 641 94 
8 674 82 830 1045 478 862 511 25 
6 25 797 420 994 346 874 
8 44 618 49 25 631 174 36 357 
4 290 579 39 25 
5 227 579 25 820 352 
4 795 25 1040 36 
2 25 780 
6 463 731 372 25 829 819 
1 25 
5 126 240 25 1034 766 
4 550 138 823 25 
4 1084 1071 25 549 
2 143 25 
4 867 25 141 866 
3 427 25 949 
1 25 
2 498 25 
3 25 138 618 
5 1071 25 766 524 525 
3 119 66 25 
3 85 256 25 
3 963 450 25 
4 754 530 36 25 
2 530 25 
2 158 25 
1 25 
3 126 25 120 
4 44 288 138 25 
2 795 25 
2 158 25 
2 212 25 
2 162 25 
5 721 264 860 420 25 
5 668 481 288 138 25 
12 25 814 88 96 395 656 766 610 59 316 763 66 
10 25 1018 738 361 380 874 823 976 799 864 
8 811 70 444 58 25 665 427 1060 
6 558 273 25 812 619 491 
9 843 567 25 467 766 842 633 526 578 
5 326 87 932 25 49 
7 70 549 25 323 691 533 839 
2 427 25 
3 36 25 280 
5 36 500 25 222 1074 
4 25 1040 823 372 
2 174 25 
3 25 168 86 
7 76 794 25 765 711 143 353 
4 25 821 1038 289 
1 25 
2 25 618 
4 25 438 228 745 
4 88 25 454 144 
4 918 431 36 25 
2 25 771 
3 531 25 386 
3 66 828 25 
4 138 25 812 631 
2 25 36 
2 25 209 
3 615 37 25 
2 138 25 
4 590 25 36 1021 
3 25 1060 1023 
4 25 974 373 1024 
5 25 1089 87 36 520 
3 25 67 360 
10 25 287 779 126 323 796 1083 820 70 288 
6 25 560 860 343 535 138 
10 623 1017 87 182 345 514 175 25 431 484 
3 326 25 893 
6 579 250 25 283 54 421 
4 25 55 565 202 
4 838 25 159 36 
6 1089 470 25 640 250 327 
2 25 681 
5 1020 152 565 25 839 
2 51 25 
4 25 804 75 66 
5 1023 25 421 323 1040 
3 25 221 996 
16 269 502 838 1091 50 126 67 533 34 860 529 591 49 161 25 478 
15 313 25 631 26 136 66 504 40 792 1048 567 772 71 537 420 
17 25 548 74 527 1090 250 441 1036 251 687 138 655 372 481 363 49 427 
16 146 1035 443 420 862 174 481 967 969 837 25 745 838 145 900 205 
10 441 259 381 250 731 1019 25 126 996 579 
9 1060 675 1056 49 66 273 36 254 25 
7 802 25 250 816 1000 1095 567 
7 25 745 218 567 209 963 66 
8 51 164 486 225 138 631 25 1023 
5 313 963 485 25 375 
8 372 209 666 240 25 1020 375 1037 
7 1071 50 1094 617 250 330 25 
3 390 25 288 
3 25 731 640 
4 25 138 330 943 
8 721 66 442 600 288 874 770 25 
6 914 471 25 732 834 126 
5 608 37 25 1021 36 
4 250 372 25 1054 
3 25 823 526 
2 332 25 
6 288 803 1023 67 25 459 
2 25 210 
1 25 
1 25 
4 25 427 629 1023 
5 738 25 77 421 678 
2 669 25 
3 144 25 1089 
4 1060 25 126 821 
3 427 25 579 
6 533 25 526 1023 704 219 
3 754 209 25 
3 25 159 357 
3 25 880 36 
9 288 766 1027 25 681 439 434 26 1082 
26 721 291 550 394 400 959 84 36 50 126 509 1042 25 165 847 341 964 391 1034 572 138 209 667 79 579 288 
13 1023 1041 314 684 490 454 51 184 25 1020 324 1017 419 
8 177 240 255 372 361 481 25 762 
7 313 530 37 25 30 793 587 
5 202 966 640 87 25 
2 173 25 
2 25 587 
3 240 838 25 
3 439 126 25 
2 759 25 
3 579 175 25 
9 36 25 57 860 138 427 497 587 640 
4 784 612 25 466 
4 280 823 25 735 
9 138 1072 26 275 781 653 806 584 195 
4 1035 26 40 126 
1 26 
2 147 26 
4 567 780 26 608 
2 26 876 
4 26 482 36 481 
5 450 997 646 26 948 
3 914 738 26 
2 26 964 
24 66 138 430 655 579 861 225 520 36 360 823 1068 1093 970 713 955 254 640 250 26 126 997 587 171 
24 26 162 864 389 571 941 138 845 780 330 250 392 977 766 587 36 1023 653 399 776 1089 73 1058 629 
7 26 250 138 450 212 108 427 
31 49 997 648 26 313 981 942 36 323 1071 502 1065 250 481 372 1025 353 659 820 171 260 306 985 833 958 991 1021 67 731 968 272 
21 49 138 657 517 629 313 568 593 1060 454 622 576 154 26 36 522 542 579 395 486 943 
10 138 36 624 543 820 679 358 838 26 1023 
10 36 587 138 50 701 579 275 618 26 52 
15 579 26 164 549 54 36 995 169 577 430 1091 49 150 573 91 
10 567 533 145 587 469 1047 26 864 631 402 
11 36 593 172 704 721 26 522 250 438 829 401 
11 313 721 643 745 534 250 282 1062 26 115 800 
10 51 426 534 597 497 861 427 150 756 26 
6 36 841 534 26 220 618 
7 86 49 26 576 73 533 361 
4 996 888 26 428 
3 1011 26 963 
3 79 26 962 
8 419 26 1091 866 49 970 861 579 
5 483 174 927 26 138 
7 313 26 604 427 730 1071 36 
6 26 579 923 817 884 958 
5 541 688 721 997 26 
5 36 772 26 448 996 
2 26 86 
2 138 26 
5 879 165 26 863 869 
2 26 807 
3 1028 483 26 
5 36 961 579 26 587 
3 209 26 509 
5 589 551 126 861 26 
3 26 1091 288 
3 161 288 26 
2 372 26 
4 704 978 26 587 
3 576 26 816 
4 965 323 569 26 
4 26 352 288 126 
3 1021 288 26 
4 26 140 218 386 
24 138 718 539 989 372 862 965 789 942 288 26 915 126 1024 427 751 798 618 314 750 401 306 604 631 
5 26 860 126 618 138 
6 26 866 323 37 70 1030 
3 806 61 26 
3 381 864 26 
4 1023 520 466 26 
4 26 452 126 157 
1 26 
9 254 50 49 456 429 26 698 781 1020 
8 26 823 138 1092 169 275 218 565 
11 315 326 654 153 138 26 645 313 593 49 644 
15 1023 501 667 1039 389 84 841 971 302 731 26 890 897 507 349 
8 1089 647 823 26 1091 569 1010 321 
3 524 143 26 
7 861 490 87 290 922 126 26 
3 26 209 293 
4 438 713 26 53 
3 291 874 26 
5 515 322 26 138 795 
1 26 
3 49 26 53 
4 829 283 26 174 
4 871 650 26 995 
4 26 100 593 946 
4 372 272 890 26 
4 389 785 871 26 
1 26 
3 219 288 26 
4 138 242 26 126 
19 49 988 484 1072 944 26 360 36 1021 953 717 524 76 638 405 794 67 732 614 
20 490 578 145 162 730 482 26 240 241 176 414 36 139 392 454 699 372 583 743 962 
14 427 481 166 36 566 1072 1051 26 960 1037 313 162 209 1027 
7 791 1069 85 438 161 26 165 
5 1020 26 451 579 36 
9 26 146 641 971 159 209 439 143 320 
10 36 533 775 966 847 681 26 254 784 49 
3 26 780 640 
3 254 460 26 
3 126 318 26 
3 26 861 50 
4 174 26 276 36 
