10 2 3 4 5 6 7 8 9 10 11 
24 12 13 14 15 16 17 18 19 20 21 22 23 1 24 25 26 27 28 29 30 31 32 33 34 
26 35 36 37 38 39 40 1 41 42 43 44 45 46 47 48 49 50 51 52 53 54 55 56 57 58 59 
41 60 61 62 63 64 65 66 67 68 69 1 70 71 72 73 74 75 76 77 78 79 80 81 82 83 84 85 86 87 88 89 90 91 92 93 94 95 96 97 98 99 
17 100 101 102 103 104 105 106 1 107 108 109 110 73 111 112 113 114 
19 115 116 72 117 118 119 120 121 122 123 124 125 126 127 128 1 129 130 131 
37 132 133 134 135 136 137 138 139 140 141 142 143 144 145 146 147 148 149 150 151 152 153 154 155 156 157 158 159 160 161 162 163 1 164 165 166 167 
136 168 169 170 171 172 173 174 175 176 177 178 179 180 181 182 183 184 185 186 187 188 189 190 191 192 193 194 195 196 197 198 199 200 201 202 203 204 205 206 207 208 209 210 211 212 213 214 215 132 216 217 218 92 219 220 221 222 223 224 225 226 227 228 229 230 231 232 233 234 235 236 237 1 238 70 239 240 241 242 243 244 245 246 247 248 249 250 251 252 253 254 255 107 256 257 258 259 260 261 262 263 264 265 266 267 268 27 269 270 271 272 273 274 275 276 277 278 279 280 281 282 283 284 285 286 287 288 289 290 291 292 293 294 295 296 297 
22 298 299 300 301 302 303 304 305 306 307 308 309 1 310 311 312 313 238 314 315 316 317 
21 318 319 320 321 322 323 324 325 326 327 328 329 330 233 73 331 130 332 333 1 334 
13 335 336 61 337 338 339 340 341 342 343 1 344 345 
46 346 347 348 349 350 351 352 353 354 355 356 357 358 359 174 360 361 362 363 364 365 366 367 368 369 370 371 372 373 374 375 376 377 378 379 380 381 382 383 70 384 385 386 2 387 388 
12 19 389 390 391 392 393 394 395 396 2 397 398 
13 399 400 401 402 287 403 404 405 406 2 168 407 408 
12 409 410 411 412 413 414 415 416 417 2 418 419 
13 420 421 422 423 424 425 426 427 428 429 430 2 431 
13 432 433 2 434 435 436 109 437 438 439 325 440 441 
10 442 2 443 444 445 446 447 448 449 450 
34 448 451 452 453 454 455 456 457 458 459 460 461 462 73 463 464 465 466 467 468 469 13 470 471 472 473 474 475 476 477 478 2 479 339 
15 480 481 482 483 484 485 486 487 55 2 488 489 490 491 492 
12 2 210 493 494 495 496 497 498 499 500 501 502 
11 503 70 504 505 506 507 508 509 2 510 511 
10 512 513 514 2 515 516 517 518 519 520 
20 521 522 523 524 525 441 383 526 527 528 529 530 531 532 2 533 534 535 536 537 
58 538 539 540 541 330 542 543 544 545 546 547 548 549 550 551 552 553 554 555 556 557 558 559 560 561 562 563 564 565 566 567 568 523 569 570 571 350 482 422 572 573 109 574 575 576 577 578 579 580 2 581 582 583 584 585 586 587 588 
50 542 589 40 590 591 592 593 594 2 595 596 597 598 599 344 600 67 601 602 603 604 605 606 607 478 608 609 610 611 612 470 613 614 615 616 617 544 618 619 620 621 622 623 624 625 626 627 628 629 361 
22 630 147 631 632 633 634 2 635 636 637 638 639 640 641 642 643 644 645 646 647 648 8 
14 649 650 651 652 653 654 132 655 656 657 658 659 2 660 
17 661 662 663 664 665 666 667 668 368 2 669 275 670 147 671 672 673 
10 674 675 2 676 677 446 678 679 680 681 
138 471 437 682 482 683 684 441 685 686 687 688 689 690 691 692 693 694 695 696 697 698 699 700 701 702 703 704 705 706 707 132 708 709 710 711 712 419 713 714 715 225 716 717 718 719 720 721 722 723 421 724 725 726 83 727 728 729 730 731 732 733 734 735 479 736 737 738 739 740 741 742 743 744 745 746 747 748 749 750 751 752 753 754 755 756 757 758 759 760 547 761 762 763 764 765 766 767 768 769 770 771 772 773 774 775 776 777 427 296 778 779 780 781 782 783 784 785 786 787 788 789 790 791 792 793 794 2 795 796 797 798 799 800 801 802 803 804 805 
20 806 807 168 808 809 810 811 812 813 814 815 816 610 817 818 2 819 393 427 820 
66 482 821 822 823 824 825 2 826 827 828 160 829 830 346 651 831 363 832 132 833 834 835 836 837 838 839 840 841 842 843 844 845 488 217 846 847 848 849 850 851 852 853 854 480 855 856 857 858 859 380 860 861 862 219 863 864 865 813 866 867 868 869 767 870 871 872 
19 421 873 874 875 876 877 878 2 879 745 880 881 393 108 882 883 884 70 885 
34 886 887 888 889 890 891 892 893 894 895 896 897 898 3 899 900 901 902 469 210 903 904 905 906 907 908 909 910 911 820 912 913 914 915 
16 432 916 273 917 712 918 919 920 921 922 3 471 923 924 925 926 
16 588 927 928 929 930 931 926 3 343 932 933 934 935 936 909 937 
10 938 939 940 941 942 3 943 944 945 946 
43 97 384 947 948 949 950 951 952 953 954 955 956 3 957 958 959 960 961 962 963 964 965 966 967 968 969 970 971 972 973 974 975 976 977 978 132 979 980 981 982 983 984 985 
18 986 987 988 989 990 991 992 993 210 994 995 26 996 163 997 367 3 998 
59 999 1000 1001 1002 1003 1004 471 1005 451 1006 575 1007 1008 1009 1010 1011 1012 1013 1014 1015 1016 55 1017 1018 1019 1020 1021 1022 1023 1024 1025 449 1026 1027 1028 1029 1030 1031 1032 1033 1034 1035 1036 720 1037 1038 1039 1040 1041 1042 1043 1044 1045 1046 1047 1048 3 1049 1050 
20 168 1009 801 760 1051 1052 1053 1054 1055 1056 3 444 1057 105 1058 1059 1060 325 1061 1062 
10 1063 1064 1065 1066 3 1067 1068 1069 1070 1071 
57 1072 1073 1074 1075 1076 1077 1078 1079 1080 1081 90 1082 184 1083 676 1084 622 1085 1086 618 1087 1088 1089 1063 1090 1091 1092 1093 3 1094 1095 93 1096 1097 366 240 576 1098 1099 1100 887 1101 1102 1103 361 1104 73 1105 1106 1107 993 1108 1109 1110 1111 1112 1113 
110 208 1114 1115 1116 1117 1118 1119 1120 1121 1122 1123 1124 1125 672 1126 1127 1128 1129 1130 1131 969 1132 469 259 1133 142 1134 1135 1136 1137 73 1138 1139 1140 105 1141 154 1142 1143 334 1144 1145 1146 1147 771 475 1148 1149 1150 1151 1152 564 1153 1154 1155 1156 1157 719 1158 155 1159 1160 1161 1162 1163 3 1164 1165 1166 1167 1168 1169 1170 1171 1172 1110 1173 1174 1175 1005 882 1176 1177 1178 1179 1180 1181 1182 1183 67 1184 393 1185 1186 1187 1188 1189 1190 1113 1191 1192 1193 1194 1195 1196 1197 1198 1199 1200 1201 
49 1199 1202 1203 1204 1205 1206 1207 1208 1209 1210 1211 812 1212 1213 1181 1214 3 1215 829 1216 1217 1218 1219 1220 1221 1222 339 614 1223 1224 1225 1226 1227 1115 1228 1229 560 1230 1231 1232 226 1233 1234 1235 1236 1237 1238 1239 771 
19 1240 1030 3 1241 1242 1243 156 1244 1245 1246 477 1247 1248 1249 1250 1251 1252 1253 1254 
56 1095 1255 1256 1257 1164 1258 1259 1260 636 1261 1262 158 1263 712 1264 1265 1266 70 463 687 3 56 1267 1268 1269 1270 1197 80 444 411 165 1271 1272 1273 1274 1275 1276 1277 1278 1279 1280 1281 1282 1283 1284 1285 1286 1287 1288 1289 1225 187 1290 721 1291 1292 
13 898 1293 1294 720 1295 1296 1292 1297 1298 1299 1300 3 389 
10 651 1084 210 911 1147 755 3 1120 469 518 
2 607 3 
2 339 3 
6 375 3 1163 247 538 1013 
4 638 3 132 632 
85 132 352 70 73 420 1095 1292 167 337 361 1140 659 383 1039 123 138 944 699 820 892 20 766 489 1129 393 67 711 160 187 448 113 335 989 758 1149 320 3 75 1106 1107 1040 338 471 755 208 771 437 480 427 1138 542 60 913 834 902 384 888 84 519 685 686 1096 41 688 589 785 1228 223 694 334 1279 355 966 775 168 621 881 148 406 126 874 321 517 591 236 
7 792 1095 3 48 897 914 393 
34 471 1104 833 697 1123 64 771 156 1297 217 886 3 264 139 795 332 1207 70 1227 976 92 1254 132 714 1033 586 72 683 310 272 721 935 534 1205 
8 337 996 1298 3 426 71 67 462 
4 3 471 1177 1218 
24 132 218 319 559 1075 616 1246 922 421 190 641 427 940 989 375 781 722 4 591 167 55 1164 677 140 
6 115 393 11 298 683 4 
5 4 160 70 67 339 
3 395 4 281 
5 4 192 57 712 196 
1 4 
4 348 4 798 632 
73 339 1292 1214 438 123 878 829 1212 70 45 926 1288 26 656 561 949 1123 817 1023 62 977 55 711 981 1102 902 384 211 995 1228 904 1121 1252 1134 1043 595 284 132 97 1060 630 383 685 267 1249 696 391 799 1168 996 90 315 256 880 518 578 666 206 393 719 4 478 947 353 58 1154 955 1298 708 208 1115 94 166 
3 249 4 771 
5 4 74 382 1139 339 
182 132 393 67 55 469 755 208 711 1110 420 845 1199 437 981 97 172 682 538 712 80 113 382 955 299 315 1211 880 834 1140 896 992 216 1238 218 173 1148 1073 91 1114 84 1065 306 961 503 12 1084 464 1220 396 656 665 223 661 1071 578 696 790 891 34 1070 825 270 698 274 253 908 162 1035 22 1183 707 168 719 352 940 427 187 909 156 137 929 482 361 778 978 684 1296 384 4 490 105 395 82 444 125 519 889 783 414 419 413 681 997 1026 362 1248 1221 1267 458 793 1121 1252 740 912 200 203 381 119 1285 1218 57 512 421 71 470 48 345 398 1223 1061 236 753 663 471 167 935 1175 655 62 925 268 1143 965 370 1180 996 480 447 1185 72 676 1047 8 1139 781 748 856 134 228 1123 709 632 1227 895 723 462 670 153 815 1106 303 764 286 1196 871 520 1019 738 448 1228 1204 1291 
13 1298 1199 1143 70 4 174 421 382 420 311 73 58 1227 
29 768 682 57 1051 4 604 292 844 721 411 836 874 70 895 478 6 805 132 645 437 1188 1218 1139 780 757 997 887 643 956 
123 168 55 469 208 1110 420 488 934 538 720 1227 557 308 544 87 935 880 978 724 432 1066 470 1214 947 781 1173 686 758 642 176 1003 223 660 453 242 579 5 990 535 336 1099 1147 103 393 981 1185 971 339 400 264 708 1223 10 1094 200 723 319 591 577 171 437 909 755 520 845 771 45 160 940 620 712 90 931 1102 361 256 778 1140 896 475 4 218 44 630 1203 650 558 302 390 576 656 972 812 1216 594 95 1178 88 301 1031 703 921 1172 743 114 523 71 19 1065 1163 687 667 267 825 1123 632 132 682 992 823 963 553 959 
10 437 918 821 4 484 69 1111 1070 523 209 
11 393 4 427 132 945 187 1178 1201 294 207 55 
5 4 519 1074 352 1288 
3 4 92 393 
4 4 469 913 755 
5 494 1106 895 118 4 
29 471 346 48 764 1287 934 1087 719 1298 886 220 906 90 1228 132 1278 1196 1199 967 447 319 760 70 482 4 422 632 321 423 
10 1104 926 1199 338 4 1033 107 1298 368 630 
8 4 712 212 420 113 189 512 70 
12 475 886 835 1171 895 1095 971 4 297 31 437 898 
11 995 731 619 152 55 320 944 70 4 306 683 
4 4 904 931 124 
7 683 1298 1203 622 4 393 711 
33 469 746 541 579 742 597 542 518 768 447 1238 4 686 731 409 843 1095 432 650 414 484 73 689 1280 1179 1292 811 1207 339 914 719 641 675 
4 4 447 1086 73 
2 863 4 
38 1199 375 726 749 437 331 785 195 850 288 1286 478 1060 393 115 156 758 682 992 4 1238 44 314 73 167 337 1289 1079 447 471 296 340 909 80 217 306 67 855 
7 1024 104 791 549 4 861 70 
13 57 8 132 845 113 4 462 525 404 258 77 755 1251 
12 393 44 1204 610 137 531 4 836 720 471 748 632 
6 4 847 814 67 806 1095 
4 4 73 413 890 
3 846 4 964 
33 488 934 109 471 721 4 67 321 615 972 501 711 620 1227 931 840 880 432 1288 165 996 39 945 480 895 110 241 1109 1081 70 1211 726 597 
8 365 168 760 4 1199 736 1288 176 
4 1057 4 393 920 
8 403 325 999 514 942 683 5 252 
3 5 612 1199 
4 488 976 5 1028 
2 5 73 
8 449 315 91 737 863 830 5 912 
17 137 757 650 110 42 1223 582 1110 70 1219 830 45 1065 168 456 5 214 
3 420 5 1014 
21 437 8 1065 543 520 167 450 132 778 822 81 872 480 196 1292 124 5 305 1141 665 693 
2 5 34 
23 123 1208 1059 346 155 224 282 17 132 97 1249 1283 5 423 466 469 312 471 811 389 25 367 266 
8 1072 295 310 1019 97 402 105 5 
7 507 1155 463 427 437 5 296 
8 331 512 352 346 745 964 5 722 
27 55 427 929 896 960 92 1011 1055 208 70 377 393 1211 240 1142 1165 651 210 339 260 1133 5 155 668 149 723 82 
2 73 5 
22 61 452 1176 566 168 156 522 638 393 482 875 6 282 1292 352 311 90 695 520 190 447 151 
8 684 260 6 338 727 132 1050 447 
6 472 1185 427 928 712 6 
6 488 461 6 755 79 856 
3 70 630 6 
6 375 1205 173 1298 6 132 
5 6 336 721 586 455 
2 6 925 
7 415 55 719 67 109 6 778 
14 423 172 1007 875 771 689 1217 85 961 341 6 107 1113 745 
9 523 969 70 488 6 339 270 771 780 
8 1137 414 816 719 6 711 534 55 
6 1200 421 168 6 326 821 
4 780 681 6 840 
10 931 441 632 440 469 995 187 6 1287 1185 
5 1179 1291 10 6 549 
8 488 471 363 533 1174 511 361 6 
191 70 339 719 55 471 711 771 437 682 187 72 448 909 931 57 375 137 299 308 8 1072 986 1066 886 1266 1247 976 518 189 658 39 613 1141 877 146 1006 784 116 640 192 762 576 787 789 677 615 563 849 616 1280 619 409 800 1269 1261 942 1213 1125 144 773 1137 416 168 335 403 1228 571 527 1077 639 67 469 755 420 488 1218 1199 981 210 172 1138 325 1019 534 880 978 92 250 298 465 521 7 348 398 916 140 1289 120 370 28 351 775 769 587 393 520 745 31 447 934 1095 80 167 929 60 1047 33 507 756 257 425 961 889 956 1020 442 412 171 751 1124 1283 304 1170 1023 54 969 707 397 1292 296 542 723 992 971 1107 209 720 683 995 925 1221 647 1241 500 749 1202 905 610 73 1110 1185 721 676 249 482 346 544 840 107 896 109 188 383 1048 345 1186 614 575 714 592 1225 143 539 974 1183 996 160 382 75 356 1172 
8 7 393 924 1285 723 211 573 197 
4 563 70 7 940 
2 7 996 
2 168 7 
28 955 352 523 105 762 1216 530 1260 1285 469 814 1283 70 651 420 93 483 696 1218 451 856 197 132 7 1199 721 745 252 
7 534 824 427 1143 808 7 55 
5 483 1218 307 57 7 
6 891 60 132 7 897 195 
3 940 7 384 
3 845 45 7 
3 7 132 469 
4 132 7 1243 375 
5 306 683 1093 7 1025 
7 848 933 7 1213 210 684 132 
6 861 1095 7 27 210 29 
5 1174 1075 55 7 172 
3 7 113 1102 
5 1138 173 1162 7 417 
4 115 1008 7 1036 
3 1039 84 7 
5 70 475 7 763 308 
8 383 1242 578 7 1149 588 45 393 
17 712 45 908 109 1073 624 1032 968 1219 1146 534 385 516 490 113 808 7 
20 90 822 580 719 7 47 228 115 212 762 449 439 427 168 436 469 70 57 331 603 
4 7 392 683 759 
3 7 48 822 
8 976 471 168 651 613 7 210 534 
21 520 1218 62 55 1084 73 33 1115 339 755 999 319 441 1192 911 132 640 168 955 7 848 
7 488 986 167 7 914 841 1221 
3 242 70 7 
3 40 833 7 
9 791 393 1067 7 375 494 749 312 488 
9 7 208 719 1012 915 48 472 97 886 
4 981 67 386 7 
18 90 7 573 70 829 1263 161 375 55 208 722 60 132 107 216 1218 981 721 
95 70 339 73 520 1199 160 620 115 382 523 808 724 423 1066 861 105 1114 298 451 1020 634 1026 1000 857 1230 1223 1205 1120 1151 797 1063 14 206 132 719 352 845 447 156 249 1060 311 1290 1161 878 277 234 290 420 159 465 1150 262 1208 287 208 823 219 348 55 711 1110 187 860 544 1238 478 490 424 748 98 42 136 745 1057 1227 8 340 425 835 320 667 855 377 623 609 32 127 407 596 657 1034 477 512 170 
9 1138 1227 8 482 393 1095 538 242 432 
7 168 683 1117 1211 471 996 8 
10 683 1130 73 438 538 1242 8 979 132 323 
36 1138 296 723 879 8 684 423 124 132 462 812 1251 996 393 538 1266 541 366 605 1027 148 644 746 572 856 824 561 697 437 608 1220 70 676 421 361 486 
13 719 520 507 1242 8 488 150 1072 547 786 120 409 70 
10 237 8 667 720 12 753 1199 1066 1217 71 
8 340 711 1095 352 8 437 420 414 
11 8 588 1185 956 712 896 98 73 761 997 994 
9 684 306 1227 1126 1158 929 8 782 1095 
4 512 8 480 614 
6 547 427 8 319 1217 557 
4 508 964 1191 8 
4 412 8 239 501 
4 8 339 983 624 
5 607 670 834 490 8 
5 8 265 249 44 393 
1 8 
3 8 281 1184 
33 771 8 75 362 1280 1080 988 132 757 168 310 437 955 315 834 1174 129 596 557 319 1049 440 70 352 48 1248 55 434 990 755 1102 1025 468 
12 361 940 351 8 210 855 475 132 502 1298 1024 973 
12 427 132 1110 414 719 82 251 393 384 769 913 8 
12 8 384 309 427 943 60 897 297 462 642 409 115 
8 1125 8 308 1158 745 509 683 740 
6 132 470 552 746 8 64 
5 293 897 884 471 8 
8 448 442 584 8 682 1103 285 631 
7 8 793 916 978 140 90 1292 
4 107 1266 64 8 
7 640 379 137 8 133 520 414 
5 967 8 1057 972 339 
3 306 437 8 
6 237 542 70 8 1238 73 
3 8 720 405 
2 8 1013 
2 8 70 
3 1076 8 999 
2 1185 8 
4 168 67 780 8 
4 719 8 420 75 
69 70 45 471 909 8 989 506 1076 278 73 427 1185 1019 384 1266 518 436 605 773 168 745 632 375 523 1264 658 660 1088 55 711 1110 395 758 914 943 716 791 489 296 875 310 402 822 685 1056 349 290 469 895 421 1203 383 165 679 213 393 683 1089 952 67 420 480 113 167 1247 1004 689 1003 775 
8 8 421 612 74 383 507 711 132 
48 132 682 8 159 352 684 1285 480 895 931 216 670 310 781 1065 848 330 147 825 1119 970 420 40 21 338 892 469 35 1003 520 256 944 50 458 1224 755 113 747 146 1167 1130 435 719 299 188 748 1215 1121 
8 652 471 133 558 67 8 346 1294 
13 156 423 217 82 649 639 469 1116 1087 8 298 886 683 
4 473 217 8 208 
5 1048 105 8 845 430 
3 296 8 863 
16 325 228 8 210 748 1243 1108 513 70 430 167 875 615 978 507 529 
14 212 213 1300 8 840 302 927 231 33 90 364 929 57 767 
10 70 929 352 469 1276 8 60 624 1140 73 
7 585 682 168 33 8 361 1138 
7 863 337 8 432 258 864 80 
5 913 909 825 8 829 
4 940 1110 8 448 
5 70 55 8 73 864 
2 109 8 
5 469 299 384 31 8 
4 384 46 848 8 
5 8 958 534 1223 1218 
8 156 216 847 249 421 1199 70 8 
3 8 546 335 
2 1218 8 
7 571 421 217 8 1199 325 986 
5 306 780 8 725 423 
3 10 718 8 
3 8 168 747 
2 347 8 
6 8 55 296 1218 70 671 
4 572 8 200 174 
3 712 9 8 
8 621 181 1104 522 346 341 8 352 
9 423 113 8 735 44 689 437 755 1249 
8 1060 97 313 1095 8 339 331 384 
9 892 8 169 1231 73 444 1296 792 162 
6 613 389 8 291 521 647 
4 8 823 420 1274 
5 860 259 393 1294 8 
2 1000 8 
4 8 541 664 53 
4 958 8 909 515 
31 296 393 725 943 1218 1060 557 516 771 862 444 411 713 966 469 8 880 821 1161 691 550 794 228 884 800 184 68 132 168 1158 1095 
9 1227 721 608 808 8 712 469 132 520 
10 1210 616 1126 393 896 8 471 189 1243 929 
8 137 1009 663 868 375 990 100 8 
4 751 8 995 70 
1 8 
4 310 1289 482 8 
12 420 1073 965 8 73 210 67 771 918 643 1211 352 
12 542 960 8 492 442 931 1185 632 898 761 620 132 
7 432 353 220 8 471 92 465 
11 8 771 903 45 782 1138 712 1000 266 611 245 
11 1199 632 116 522 113 412 1159 721 630 779 8 
2 8 926 
7 168 845 1104 954 8 1069 507 
4 996 300 8 1286 
6 498 73 546 393 57 8 
4 184 960 8 802 
6 672 259 8 523 109 943 
4 73 1292 8 67 
6 321 761 70 712 1038 8 
4 1114 964 8 718 
5 70 8 662 125 690 
3 428 8 361 
6 57 913 1051 770 8 1116 
6 482 36 1123 1292 708 8 
4 8 1048 70 651 
5 456 8 29 432 1274 
3 1288 1106 8 
4 168 971 339 8 
3 208 8 621 
4 1170 903 8 896 
5 925 895 8 847 623 
5 8 841 186 960 63 
5 909 1024 115 109 8 
2 8 512 
2 8 67 
3 8 194 808 
4 840 8 620 70 
5 1227 8 168 14 1173 
5 8 90 306 717 981 
3 1110 584 8 
4 208 168 8 487 
3 243 296 8 
4 338 72 1095 8 
5 8 193 1110 755 308 
2 8 75 
2 8 110 
21 427 172 249 834 215 382 1020 111 1218 434 1009 291 208 950 90 862 475 132 31 8 236 
4 8 190 520 83 
11 212 1218 9 686 448 132 1081 771 1158 168 61 
16 210 70 845 225 132 620 1264 1069 475 311 487 755 1277 9 940 712 
4 825 523 263 9 
5 9 1271 73 745 981 
9 9 1092 393 719 1134 73 217 940 683 
6 764 745 9 746 70 866 
5 452 9 132 971 895 
2 107 9 
17 84 90 419 1251 199 70 9 177 288 719 352 232 770 145 1040 771 478 
4 1134 544 139 9 
19 469 153 427 493 841 560 337 293 132 1292 191 9 496 73 755 779 520 847 711 
5 190 525 831 9 431 
14 57 210 9 255 711 110 187 395 1273 641 208 845 684 767 
11 546 9 71 557 115 299 909 918 681 1249 168 
5 164 109 996 9 620 
4 879 241 9 731 
12 1218 632 888 898 677 9 996 411 1138 90 798 751 
18 1221 893 187 720 337 772 1218 70 9 934 746 1026 1027 916 1187 862 104 67 
3 996 9 456 
1 9 
2 1138 10 
11 80 179 160 73 60 10 670 421 331 187 609 
9 383 55 10 168 682 84 1219 699 423 
18 719 779 1093 1262 393 425 1250 1283 97 745 80 415 512 268 10 929 55 437 
2 331 10 
3 830 10 171 
3 10 381 1218 
15 393 1056 10 17 978 814 1163 100 231 132 1185 848 42 375 216 
2 127 10 
6 10 724 882 471 814 421 
2 10 551 
2 10 430 
4 10 902 210 25 
21 480 722 241 476 946 156 90 643 996 745 319 112 455 10 542 384 993 339 680 322 1015 
3 10 588 57 
5 1017 10 339 1132 1217 
10 45 10 1043 647 438 339 55 767 657 723 
6 438 229 55 447 132 11 
6 121 632 11 73 488 466 
20 469 58 683 1066 220 1284 90 999 308 375 471 1105 55 393 315 490 878 549 11 1129 
14 210 81 1242 747 831 116 292 756 11 745 682 811 1024 55 
70 73 480 1095 926 331 724 384 1173 727 1116 815 385 693 241 1094 355 198 52 69 333 132 1004 67 719 755 676 512 87 19 46 962 430 668 789 182 11 168 160 1057 840 1092 756 634 716 456 626 778 1218 632 1133 848 543 697 940 538 113 1238 862 971 998 1149 334 277 528 711 1110 712 125 62 1223 
11 463 1230 799 11 90 730 471 168 501 711 175 
6 402 239 1057 124 11 1204 
4 999 11 1094 1104 
3 538 37 11 
4 11 1175 26 444 
11 927 70 404 1019 469 929 399 1260 11 132 1120 
21 845 783 80 529 12 112 609 33 109 720 132 1199 711 1047 1298 822 239 211 1173 864 638 
5 642 12 235 588 469 
8 168 66 1247 711 735 12 1084 132 
4 469 557 12 208 
4 955 25 1095 12 
5 12 413 188 132 1033 
41 137 520 546 1001 471 488 712 115 722 256 218 306 1116 466 571 430 910 112 1248 55 1218 1281 968 12 715 1193 168 210 187 441 76 782 70 845 507 756 608 239 175 640 699 
10 756 469 383 913 12 567 258 1157 448 67 
6 943 12 971 780 600 719 
4 413 339 12 55 
3 132 12 1110 
5 976 12 769 1167 921 
1 12 
3 12 964 1111 
5 909 12 632 832 1079 
30 188 12 720 475 986 992 1005 219 73 271 1104 438 131 1146 70 1158 755 172 1139 44 26 55 847 927 452 516 1295 766 874 544 
4 12 187 934 70 
8 1297 430 12 682 676 33 131 1274 
3 685 12 217 
4 98 1218 12 376 
9 393 1138 860 172 512 12 585 44 495 
6 826 109 676 40 1298 12 
6 1214 393 29 12 81 642 
3 12 466 900 
5 719 70 797 12 132 
2 12 909 
4 1174 1098 12 986 
4 659 12 845 482 
5 12 1209 880 913 614 
36 720 120 664 860 60 1159 424 1258 1199 132 325 1214 403 1087 990 617 144 53 447 929 478 1242 1107 416 90 337 12 744 208 167 252 999 913 902 1060 164 
4 886 723 12 365 
6 168 1039 12 542 113 1052 
5 421 1101 561 1018 12 
3 12 1159 197 
3 712 12 33 
4 400 70 12 324 
18 132 721 12 1038 632 1204 71 1093 296 69 393 168 410 701 512 940 1121 70 
16 845 55 353 393 12 209 132 320 24 1015 208 572 154 67 1114 506 
24 67 189 141 339 12 70 896 782 190 241 208 392 55 529 39 1141 331 621 1219 622 225 226 923 604 
7 155 12 339 634 510 1047 393 
3 166 12 1051 
3 1260 12 862 
3 12 583 1261 
12 109 480 1047 986 243 13 49 678 1274 1066 1258 456 
8 531 726 692 736 1058 13 73 655 
4 421 67 996 13 
5 157 957 393 384 13 
110 70 90 720 113 385 154 1271 34 1226 55 996 1199 620 999 909 421 337 1217 778 724 490 1159 93 251 1160 655 667 640 410 75 997 500 368 928 615 1041 923 13 1261 392 1136 859 132 67 719 471 447 172 448 860 382 321 808 621 383 1173 164 61 264 717 1222 729 1011 32 639 73 821 189 302 56 429 1277 86 1270 1138 325 544 366 985 115 99 792 990 1110 940 989 945 208 711 1218 45 249 683 169 670 613 647 422 1220 1204 592 133 1275 899 245 184 77 596 901 1048 
2 572 13 
10 1218 70 310 1046 845 63 13 208 840 1098 
5 821 1044 13 70 1139 
2 132 13 
7 423 70 132 745 13 1170 403 
9 406 682 1241 1062 471 345 652 14 1100 
8 73 830 496 14 381 1234 1139 468 
2 730 14 
9 420 462 110 341 14 208 948 661 861 
12 845 14 462 100 132 375 940 509 1003 398 471 899 
9 902 951 345 935 14 92 1049 1289 507 
3 432 14 201 
6 14 1051 471 399 767 55 
5 591 1185 168 14 1064 
5 1218 1047 484 14 585 
5 173 87 190 132 15 
6 382 393 711 469 15 872 
8 249 15 314 860 1132 72 759 48 
8 488 260 132 181 15 483 634 1026 
9 469 15 544 95 70 351 355 1114 427 
16 175 189 492 1224 502 70 446 87 903 973 126 886 197 15 1019 959 
12 621 446 457 123 535 321 1225 437 929 634 734 15 
5 15 1200 375 1227 132 
4 1200 15 150 469 
2 721 15 
8 31 519 15 711 70 306 902 919 
39 471 70 972 244 1135 55 926 210 82 918 1275 16 132 137 256 523 71 861 621 569 175 452 1273 106 1206 207 996 723 726 73 528 168 402 847 208 1003 1258 730 663 
27 471 209 391 885 31 70 71 780 34 208 378 480 393 60 432 898 1110 319 1173 327 231 16 172 725 127 228 1294 
10 463 25 856 16 433 393 1164 542 719 80 
22 471 727 556 1140 620 1164 80 109 124 212 398 917 168 240 232 16 566 968 1130 462 320 172 
8 1177 16 780 909 168 721 375 655 
7 321 471 856 610 16 168 132 
3 927 58 16 
44 55 986 208 1167 16 471 190 701 70 117 31 448 723 75 32 308 413 996 811 550 1300 469 296 113 60 781 189 608 815 1215 614 732 111 1081 156 544 833 1160 1186 179 138 697 596 887 
3 565 16 271 
3 1161 393 16 
9 339 216 719 363 16 329 352 214 1097 
3 16 309 1227 
21 87 500 405 471 275 1012 1156 73 17 169 421 97 258 1084 1256 220 36 994 508 447 996 
3 490 17 422 
7 1200 1275 1133 296 17 1102 187 
3 210 469 17 
12 542 1055 471 156 1095 831 490 772 17 1114 641 208 
45 55 172 90 823 771 480 721 926 321 1069 415 1040 111 657 709 70 31 72 74 968 471 107 451 591 1080 73 860 1104 778 779 650 175 240 948 916 946 199 17 132 187 83 1234 447 542 581 
18 482 574 462 1138 1020 1185 171 902 361 335 554 67 334 904 663 520 1234 17 
5 1150 512 156 17 458 
3 129 17 187 
12 352 31 160 482 129 17 24 603 801 960 712 1063 
8 194 18 1182 132 1300 926 257 1030 
2 18 1047 
14 1199 42 1240 18 488 1258 344 70 483 242 1124 249 48 621 
1 18 
4 414 415 18 30 
39 488 87 684 686 1255 1034 437 335 877 132 907 393 90 1234 471 375 902 1247 1248 999 115 80 1001 889 622 492 716 513 168 760 1291 70 1069 845 432 116 88 18 804 
25 393 70 1288 634 469 222 1158 19 353 994 427 931 512 1217 298 601 18 132 194 55 833 1298 896 757 1138 
9 1172 632 536 41 18 156 104 1199 755 
7 576 931 945 107 540 826 18 
9 437 137 913 168 19 41 679 902 755 
9 558 1274 719 304 19 361 420 115 821 
7 1095 557 73 19 755 882 845 
3 1074 723 19 
6 19 121 507 469 1047 331 
10 339 1227 105 389 275 999 1199 684 316 19 
3 981 19 415 
4 19 70 210 439 
1 19 
2 19 1240 
5 996 1288 632 19 118 
27 172 1002 1221 897 776 507 986 438 402 658 962 58 643 190 1257 712 423 1148 19 403 1124 926 70 92 1239 923 1227 
12 720 48 1005 787 19 668 340 823 1139 480 422 111 
8 19 1185 668 648 861 726 70 996 
8 258 132 19 721 490 168 888 1113 
12 109 1058 336 620 913 369 1111 352 933 485 19 794 
3 1251 498 19 
6 720 1199 187 971 19 400 
87 70 208 711 981 1095 720 1104 137 308 470 1158 212 519 250 569 345 417 455 1007 615 1087 143 1146 805 719 1218 771 210 1292 249 544 833 684 1066 756 1174 353 577 225 1205 940 1264 132 156 1102 109 347 661 557 1262 45 427 507 35 129 50 796 435 73 590 498 471 996 488 448 721 542 1019 87 337 1072 546 875 218 19 976 1111 413 410 574 349 550 849 1094 1250 78 807 
22 676 192 73 469 70 747 26 1150 1216 679 955 1214 1024 1039 814 948 1242 635 19 471 961 542 
96 70 208 996 420 845 447 955 421 337 432 93 159 41 425 251 403 569 1255 1017 131 506 665 1275 1124 1135 843 673 469 755 327 170 693 132 352 1218 427 1138 1057 1227 542 684 423 1158 211 781 747 531 762 499 36 1167 1280 406 866 393 632 682 929 1004 891 966 771 651 436 340 193 801 55 520 981 97 57 683 470 19 258 399 1204 59 80 1104 912 31 1214 1292 90 1102 109 811 437 480 999 722 1066 1026 579 
5 808 165 684 19 117 
3 19 1148 213 
3 547 712 19 
14 73 745 804 361 188 153 296 19 83 591 771 45 299 681 
4 19 1240 331 520 
3 168 47 19 
14 72 67 306 1092 755 26 1298 811 747 168 19 740 90 375 
2 31 19 
42 339 70 107 971 389 1097 634 178 1199 208 1288 785 576 1191 437 210 913 564 720 541 716 1012 485 55 33 505 471 643 727 463 824 486 97 884 745 632 934 421 331 948 20 1129 
2 780 20 
26 31 25 438 1290 956 623 373 255 33 518 963 132 80 720 949 936 20 70 1095 1092 169 831 273 1280 115 441 
7 1203 516 412 137 139 20 444 
5 87 74 408 20 794 
4 480 466 20 824 
3 172 480 20 
6 299 844 1193 290 20 687 
36 132 97 544 33 935 1160 161 1007 118 102 352 444 845 125 493 336 73 996 895 164 447 630 1065 412 577 20 941 755 173 1039 956 680 469 1240 131 1233 
5 208 546 55 20 538 
18 720 1190 20 70 999 436 548 183 542 168 935 805 337 155 1039 465 433 393 
2 20 1001 
6 414 671 257 20 940 447 
8 21 308 488 755 745 560 999 556 
3 79 164 21 
4 603 366 1001 21 
6 546 1102 833 308 21 400 
1 21 
6 469 21 264 1005 467 1163 
6 21 1105 1300 630 869 471 
5 132 1247 432 21 393 
4 97 21 340 181 
3 414 21 188 
5 725 70 22 902 745 
4 940 782 895 22 
5 22 480 1294 1031 941 
7 520 986 471 22 383 208 676 
25 1161 455 1211 469 173 1054 934 929 462 834 216 960 1173 1248 404 750 209 111 820 1218 352 132 262 1106 22 
6 180 1257 432 1140 760 22 
7 403 929 976 1110 191 22 833 
4 757 759 22 385 
3 22 131 1165 
26 70 178 695 1095 321 1159 755 439 23 82 168 448 722 835 339 1102 366 283 744 711 112 748 632 382 1017 1299 
5 447 1095 216 1204 23 
8 1097 100 667 1036 845 1040 895 23 
5 668 23 248 625 518 
8 361 249 483 23 155 1218 612 1078 
3 55 23 1199 
11 87 67 482 515 23 208 132 50 720 771 811 
9 55 632 70 520 527 419 23 469 76 
40 471 632 173 132 934 1057 1227 526 168 73 70 352 996 771 745 115 542 1047 1288 779 519 250 1084 506 197 23 160 210 308 618 476 1226 755 860 935 107 438 726 525 297 
6 929 723 24 243 132 1178 
5 115 978 260 24 239 
17 940 970 74 25 640 73 208 137 300 420 168 125 266 660 745 24 662 
2 24 916 
9 1211 889 721 92 309 24 771 988 520 
4 632 24 520 557 
5 643 132 519 24 755 
5 883 24 1075 420 339 
9 384 24 346 605 719 658 1060 216 1194 
5 137 24 534 1106 632 
8 996 696 679 471 390 24 93 1116 
4 996 1227 1228 24 
3 131 24 791 
18 1110 861 159 723 1238 530 536 155 659 681 138 665 24 227 126 1155 57 132 
4 415 1218 73 24 
4 24 751 449 534 
2 1087 24 
13 73 171 343 70 1110 53 172 909 169 339 25 745 489 
4 745 25 561 132 
3 25 845 450 
12 480 172 711 840 1091 1093 25 1048 1211 87 1220 247 
25 437 257 928 520 87 331 469 422 1040 854 132 436 25 593 1232 55 1276 1218 26 1118 200 471 470 490 377 
6 632 1264 783 25 339 107 
18 808 1001 1093 469 25 26 1188 393 361 73 427 1013 168 307 132 961 413 488 
2 25 757 
15 986 496 720 25 609 229 974 489 746 264 755 311 352 469 698 
8 179 760 173 981 31 474 25 788 
4 490 685 25 757 
5 701 337 91 130 25 
7 469 249 1227 895 849 25 427 
4 25 328 735 720 
3 192 755 25 
2 25 73 
2 25 438 
1 25 
4 423 940 493 25 
19 469 711 811 311 179 349 768 895 25 863 453 526 979 893 73 1218 996 249 187 
6 73 452 211 25 721 727 
5 833 60 719 721 25 
6 46 308 25 780 493 574 
9 931 25 172 747 745 67 378 996 539 
2 745 25 
6 134 620 25 1199 808 132 
4 480 25 1298 45 
4 428 1218 25 681 
4 423 115 1106 25 
4 840 723 353 25 
2 25 1158 
7 1238 25 420 469 745 620 471 
3 1228 620 25 
9 25 863 352 231 1158 721 132 625 1148 
8 1256 25 237 383 394 1299 172 931 
3 25 133 167 
8 438 560 871 745 469 908 25 1139 
6 41 955 910 132 25 722 
10 480 1005 73 842 132 44 1103 619 25 450 
5 488 73 469 25 892 
4 154 70 25 67 
7 1006 940 746 25 73 87 471 
5 25 1298 970 905 156 
4 437 25 1043 807 
5 1097 105 861 927 25 
3 25 591 388 
4 194 25 643 289 
6 661 219 1053 408 25 366 
3 121 25 57 
4 821 747 132 25 
9 931 25 154 37 176 347 862 689 332 
8 55 1229 1065 1105 1217 26 809 833 
4 469 719 26 727 
11 26 407 475 60 583 55 73 437 1077 1008 811 
3 393 132 26 
3 771 542 26 
4 73 992 862 26 
3 67 641 26 
5 427 187 168 393 26 
4 602 87 26 97 
1 26 
4 26 935 886 1165 
2 26 354 
3 882 448 26 
2 597 26 
6 1058 26 495 441 802 156 
3 72 384 26 
6 529 661 900 26 172 208 
4 26 719 720 640 
3 26 183 51 
5 250 427 172 26 352 
7 26 168 346 319 546 955 1131 
6 93 26 32 1218 425 132 
4 940 934 26 259 
5 209 516 26 722 101 
11 1218 393 26 625 243 132 1104 159 1177 886 682 
10 1217 1138 46 374 913 427 178 26 132 954 
6 216 132 97 469 26 393 
6 132 60 629 251 1165 26 
3 26 1279 375 
4 26 520 983 44 
4 26 132 84 576 
31 996 1185 1057 423 569 570 891 771 1175 73 299 26 690 466 563 1078 745 1211 312 393 168 1085 97 801 1045 257 1257 286 1060 894 643 
12 393 26 384 278 1199 415 420 444 723 55 239 1288 
9 44 26 384 719 811 86 845 447 1117 
8 26 482 881 168 956 833 280 722 
8 1248 638 182 218 778 155 26 886 
6 788 613 26 886 515 571 
2 339 26 
2 934 26 
3 1217 26 926 
2 616 26 
12 81 761 488 73 67 260 27 739 684 499 912 119 
5 684 194 1204 27 655 
38 480 519 543 27 339 129 1271 530 70 208 382 811 711 314 93 520 80 978 257 757 658 260 449 695 794 526 461 66 336 828 755 360 965 54 73 471 512 1256 
2 27 993 
13 448 643 168 678 1088 986 785 415 27 339 412 385 480 
4 27 886 470 880 
4 48 1089 27 739 
1 27 
5 27 346 115 54 624 
5 212 27 393 132 745 
9 393 197 352 27 523 160 904 132 606 
7 87 310 27 60 595 1139 436 
9 73 347 27 190 1229 1103 368 1218 1093 
18 1218 634 527 1198 462 584 722 27 683 972 331 72 256 1212 480 999 728 620 
3 172 886 27 
4 944 722 72 27 
1 27 
11 132 683 1211 27 1189 850 243 676 996 334 393 
2 27 464 
3 771 28 212 
13 1298 979 437 939 73 105 1278 721 928 1240 1145 87 28 
12 1102 50 792 274 28 773 33 1083 159 471 113 137 
4 28 1147 399 211 
2 28 812 
2 676 28 
12 878 723 393 390 631 672 70 960 424 28 1043 808 
8 1161 28 1227 1029 951 67 73 70 
5 168 437 28 334 835 
9 208 132 940 670 462 682 529 632 28 
9 896 534 711 1095 55 860 670 28 373 
5 523 28 208 73 1185 
7 29 469 70 585 402 720 605 
3 270 523 29 
5 438 70 29 252 420 
4 1216 247 29 375 
7 534 70 29 107 806 471 886 
4 29 67 895 695 
9 168 393 514 29 174 73 1041 722 1064 
8 464 515 339 1199 463 113 1110 29 
4 29 771 914 676 
13 1066 70 659 29 929 698 210 319 1138 1051 183 393 658 
6 492 881 1114 29 236 1266 
5 655 29 780 266 45 
4 29 1111 841 471 
1 30 
2 87 30 
24 132 647 1143 363 802 1199 367 172 669 996 745 30 70 827 934 339 470 1159 1290 506 654 845 992 44 
4 132 314 60 30 
8 1292 389 929 1231 30 634 795 755 
6 860 531 451 208 30 470 
6 1148 981 30 331 1118 488 
8 565 1162 30 70 311 475 128 534 
25 31 658 320 219 471 70 1203 73 72 338 745 194 132 90 818 998 1062 854 960 210 613 399 1064 1272 363 
27 132 191 86 57 1203 647 302 100 145 723 31 393 860 1032 337 212 1160 170 171 157 1122 471 61 643 84 945 208 
17 447 456 172 177 631 472 1059 471 31 1163 146 70 310 630 116 469 210 
10 771 31 686 548 208 812 364 55 67 1261 
8 87 31 685 73 1167 298 55 447 
9 31 48 487 1221 989 810 73 818 1245 
6 1218 730 55 946 861 31 
9 1110 588 87 1117 240 807 208 31 124 
9 1104 620 1239 31 711 998 270 1061 1246 
5 844 1144 31 996 249 
2 31 390 
5 471 755 339 31 107 
3 931 31 55 
5 512 115 666 31 632 
6 31 70 67 960 531 137 
5 339 427 57 172 31 
5 70 931 670 31 546 
5 352 31 320 1138 55 
3 788 1220 31 
6 382 549 748 31 427 721 
2 983 31 
2 73 31 
2 1194 31 
3 31 1199 736 
2 31 861 
7 1025 711 832 70 132 1019 31 
6 1102 67 855 31 273 73 
4 31 755 70 437 
1 31 
48 132 55 541 960 971 1005 339 67 31 871 168 1019 346 310 690 830 208 1292 782 209 70 557 469 632 512 659 340 1074 419 410 1190 86 126 1245 707 97 934 1138 955 308 896 1219 175 842 348 393 745 1072 
41 1242 31 339 155 259 176 117 1018 238 352 1218 1047 1247 36 1138 955 926 913 48 1024 250 1002 268 64 380 70 299 902 1107 474 1217 462 1174 73 996 722 861 82 441 748 919 
6 720 31 935 1229 926 249 
6 31 1154 755 1057 132 57 
8 960 985 1027 352 1139 1214 31 760 
5 31 208 339 447 480 
6 845 719 288 393 1138 31 
3 269 31 233 
58 339 1130 168 831 70 80 321 725 302 1056 794 132 1141 622 422 1277 207 67 755 1199 45 31 934 1292 1057 87 896 821 189 123 841 165 430 559 590 452 354 606 1143 126 1091 529 1128 393 1003 469 210 156 173 370 1268 981 1095 306 717 809 739 1124 
34 393 490 93 201 713 469 315 832 132 463 73 31 1105 1095 482 346 1047 361 546 518 41 174 897 49 661 606 551 1022 468 1185 375 1211 480 1266 
35 745 559 132 469 31 57 1019 48 1114 250 260 525 759 571 701 121 1138 167 1103 437 72 382 1253 424 558 794 97 931 860 650 465 742 1110 137 418 
20 352 643 512 996 575 623 840 612 471 1218 60 331 112 919 712 667 31 896 167 645 
22 70 31 113 683 534 621 521 454 848 334 420 73 172 948 1106 567 427 655 868 132 376 133 
11 73 168 929 339 996 1102 327 31 976 762 393 
11 808 883 232 1100 719 503 940 1067 421 31 249 
11 1092 890 31 464 390 520 420 836 90 97 1240 
10 31 1161 558 1095 116 590 480 339 423 873 
5 31 811 1141 929 643 
2 393 31 
8 31 340 860 420 401 851 929 688 
4 87 84 31 313 
3 895 427 31 
1 31 
5 415 759 778 1185 31 
4 551 31 240 348 
4 98 31 705 390 
5 104 814 31 1191 1037 
3 1055 70 31 
7 31 923 934 630 1115 719 636 
6 996 31 191 70 1165 478 
3 755 31 1163 
5 31 1028 87 964 721 
3 31 73 944 
5 31 375 745 989 512 
61 711 620 321 1177 1225 132 480 137 1097 493 889 503 561 34 1010 539 953 744 1110 331 1116 520 31 538 926 1072 523 475 1187 398 303 1052 301 1250 869 208 676 860 1158 338 814 112 980 168 981 1236 1199 569 1105 574 639 1218 721 1296 124 191 1193 562 1152 755 682 
13 87 172 315 913 546 192 1113 838 967 833 579 303 31 
12 996 478 471 1141 31 210 470 234 886 338 561 587 
13 512 993 216 701 93 1028 210 784 1057 31 70 712 168 
7 811 931 132 164 1116 31 90 
4 31 507 1148 1218 
5 314 253 132 536 31 
3 31 940 1218 
5 759 31 845 174 70 
2 845 31 
50 73 70 55 1019 889 160 308 546 92 1105 1000 693 293 678 471 1110 361 451 339 719 996 488 745 31 210 299 926 992 1214 478 875 1264 493 449 527 453 552 118 741 78 709 132 520 632 187 512 240 714 50 858 
12 339 31 353 786 132 338 860 1254 469 935 352 1126 
15 632 1162 1063 31 448 510 545 1161 842 105 72 833 927 187 548 
12 811 90 818 208 926 944 31 73 55 940 829 1127 
9 721 510 157 753 734 411 1151 941 31 
11 80 1133 31 935 508 1131 547 715 98 42 447 
6 176 630 31 257 268 781 
6 471 31 137 724 156 132 
4 1050 1296 31 153 
5 771 31 80 303 70 
1 31 
3 361 31 55 
6 406 33 310 334 31 217 
4 557 87 31 72 
5 1185 189 132 357 31 
3 306 272 31 
50 471 45 31 57 469 685 298 520 187 256 1217 124 995 518 125 593 1180 1157 1218 249 1211 845 437 965 1193 55 73 132 620 1292 1072 475 46 306 259 1229 1187 764 68 669 1100 999 998 525 1240 649 827 1156 846 786 
4 31 436 881 315 
4 208 31 132 651 
3 986 31 1011 
4 132 31 208 55 
2 462 31 
1 31 
14 437 780 123 846 986 73 624 734 107 70 1095 31 393 339 
10 308 1296 783 833 321 31 437 260 1018 520 
18 1218 424 836 128 72 1233 232 125 1142 481 206 31 888 672 778 421 560 354 
11 427 1161 895 821 60 210 31 70 761 471 73 
9 711 31 259 177 1115 352 504 384 1199 
7 70 31 1110 841 779 543 346 
5 748 132 1267 1012 31 
7 55 31 1069 902 634 90 480 
6 31 756 811 881 771 173 
7 132 31 1185 463 1218 1110 938 
6 995 547 31 625 700 1097 
4 132 873 31 339 
5 1086 70 1218 31 823 
7 1046 208 533 31 91 164 1196 
6 393 31 941 651 242 56 
3 195 70 31 
8 721 31 466 249 1029 632 484 719 
3 678 31 57 
2 31 469 
3 31 168 370 
3 314 66 31 
5 31 1297 992 340 67 
6 132 249 31 1105 1048 1165 
7 1251 441 42 1108 620 31 471 
4 603 31 265 676 
3 1058 1200 31 
5 878 992 447 475 31 
5 72 490 1280 31 469 
3 32 94 665 
4 581 689 469 32 
18 880 155 1051 1217 1148 544 472 393 250 168 655 285 563 725 1228 138 1191 32 
4 719 589 32 1120 
4 1138 687 32 1065 
21 471 963 1115 591 728 32 1155 557 338 786 478 427 758 929 109 622 632 749 87 518 862 
10 46 895 928 653 172 32 73 912 944 685 
3 32 33 955 
13 1292 137 325 745 32 470 1158 1266 327 94 1186 883 737 
4 70 32 339 427 
2 32 126 
4 67 32 1292 979 
5 1203 687 32 682 758 
1 32 
5 507 32 35 55 1071 
21 996 33 1141 1075 127 1219 396 1191 249 781 74 452 1067 393 1287 1298 587 719 847 1230 865 
9 208 33 107 931 156 934 890 346 158 
7 437 33 463 790 168 244 73 
7 1164 138 172 33 485 480 1042 
6 221 70 33 73 300 210 
4 367 33 1298 450 
4 33 771 676 1200 
5 1140 830 632 1202 33 
6 46 167 221 758 67 33 
7 400 323 33 828 105 104 711 
8 482 987 309 999 719 33 436 338 
5 720 33 360 1072 707 
22 469 33 1066 1266 509 559 496 746 589 940 779 163 57 757 623 999 1048 884 448 1296 1176 427 
11 33 1188 187 507 1194 986 183 1256 70 296 55 
7 1142 512 978 657 168 83 33 
8 93 1218 726 72 780 931 1201 33 
3 33 1227 1168 
3 1010 33 746 
1 33 
19 217 847 927 286 999 1282 1185 33 395 860 1095 541 128 567 722 339 97 979 132 
8 33 161 281 673 783 719 1288 308 
4 757 711 33 576 
3 471 33 87 
4 72 691 487 33 
34 471 514 488 447 676 346 33 310 383 92 1041 214 373 771 978 403 753 540 299 395 73 262 453 142 754 70 1181 352 1095 622 168 1084 717 1194 
5 1053 33 778 771 96 
12 361 1085 420 308 94 821 228 280 33 1110 1100 840 
9 33 146 210 723 160 325 852 339 226 
5 1148 469 550 132 33 
3 90 647 33 
3 730 1075 33 
3 33 1247 848 
2 33 909 
3 542 682 33 
5 188 708 90 168 33 
11 70 422 916 1178 425 1218 137 118 33 172 1215 
2 33 168 
3 33 1097 755 
2 33 393 
22 1227 1264 679 730 520 756 366 168 888 745 375 683 721 840 1214 659 411 393 33 437 1188 245 
18 168 1163 931 1219 33 688 1271 420 402 706 91 464 147 1121 534 1159 712 582 
14 811 296 1084 992 315 897 594 249 588 33 1025 387 339 950 
8 926 220 33 104 571 89 215 557 
4 223 346 220 33 
3 33 821 1064 
5 1095 33 1160 471 303 
1 33 
6 252 33 723 1227 1214 1071 
3 499 33 745 
3 1217 33 1033 
5 70 33 711 1298 574 
4 107 410 1102 33 
6 1056 1238 1095 789 34 727 
4 72 361 55 34 
9 755 124 216 1072 115 469 34 208 1185 
2 34 883 
5 34 447 132 1099 989 
8 67 337 168 1199 804 880 34 655 
3 172 34 313 
15 132 999 1104 97 635 70 808 374 990 67 878 34 1088 249 73 
7 623 55 671 34 772 934 786 
6 1001 601 45 453 34 327 
8 34 1022 876 725 1288 1093 528 814 
5 34 193 480 833 249 
3 421 34 913 
21 57 35 613 376 599 1110 1026 635 83 132 212 165 624 665 80 747 644 1218 1065 414 625 
4 35 427 44 72 
10 981 1151 314 1218 860 465 986 35 780 55 
9 447 35 944 976 745 525 755 132 70 
5 726 35 95 1213 822 
6 471 140 35 620 70 960 
5 55 35 210 577 242 
3 35 315 557 
2 620 35 
30 488 1139 1296 1092 944 812 732 514 97 1057 79 210 557 1161 1025 1121 504 304 1023 208 666 70 280 1109 1110 72 781 83 35 550 
16 113 251 176 73 722 132 448 1093 279 70 659 719 384 35 962 711 
10 140 720 56 980 462 190 193 862 913 35 
7 83 421 49 1042 35 314 257 
6 1199 972 403 393 940 35 
4 35 369 605 1183 
2 35 393 
18 909 330 404 67 451 1229 712 438 1148 1096 785 981 35 503 419 55 447 375 
4 414 279 35 259 
7 1065 35 85 438 67 640 1007 
4 35 580 957 132 
2 35 80 
3 998 35 447 
4 70 35 574 155 
21 996 935 248 132 35 360 221 37 282 538 70 73 853 208 1004 311 371 393 90 902 424 
3 35 352 575 
3 160 35 50 
6 70 812 630 471 104 35 
22 981 712 897 375 221 1008 480 35 451 55 885 746 353 614 78 374 189 1268 1244 466 1107 272 
8 1199 208 87 981 35 56 161 669 
2 165 35 
8 195 437 524 856 1185 36 132 315 
3 1194 36 423 
5 74 256 420 36 311 
4 722 712 36 419 
4 931 1146 99 36 
4 73 928 357 36 
4 1283 60 1116 36 
6 739 384 393 462 996 36 
3 36 133 1255 
7 1005 1238 132 280 122 36 70 
23 712 745 81 1159 758 713 261 37 1210 67 462 1247 442 1189 1177 36 339 628 420 755 1226 437 863 
11 426 361 37 582 1104 840 757 984 345 217 1027 
8 812 921 393 542 1218 650 37 117 
23 70 509 177 132 217 415 730 811 251 375 521 507 113 218 345 678 471 321 724 670 728 37 1110 
2 1243 37 
23 210 561 450 721 85 129 836 132 97 257 822 698 996 861 989 37 920 73 588 572 694 448 749 
2 1076 37 
3 466 146 37 
23 73 1096 719 97 676 520 940 507 711 822 881 739 627 362 480 315 611 132 1138 80 935 1116 37 
20 70 490 1185 1064 57 986 37 599 940 909 520 1183 488 965 73 934 756 760 713 404 
2 37 482 
2 37 1142 
3 1148 787 38 
2 650 38 
40 73 60 935 1105 70 523 1252 393 382 833 188 556 339 222 611 996 725 403 492 134 1110 934 1185 1139 1004 658 758 302 579 899 1119 504 752 38 469 299 1251 1192 945 141 
5 488 792 38 505 759 
4 132 996 100 38 
6 354 208 249 266 190 38 
10 889 38 743 895 84 812 210 55 758 645 
8 1200 75 38 97 683 450 940 393 
5 1233 38 331 688 437 
6 67 1102 1071 73 39 1214 
6 470 437 39 480 402 723 
5 67 482 996 1001 39 
3 862 296 39 
3 404 39 656 
4 208 1105 1065 39 
3 1242 745 39 
3 614 39 262 
17 160 39 70 137 1095 712 711 988 187 575 471 1217 470 609 350 67 813 
9 488 623 1200 176 482 72 995 39 132 
5 39 1047 392 905 1064 
4 39 227 1234 248 
4 39 1237 73 414 
15 682 441 265 257 1266 891 711 113 281 39 1000 715 696 507 655 
7 124 470 70 544 39 1206 132 
5 896 339 1129 462 39 
5 1217 39 482 811 73 
10 39 359 269 1120 1220 112 180 742 96 977 
6 39 70 632 771 256 935 
4 39 55 249 471 
4 39 198 746 80 
5 437 155 423 39 352 
4 45 125 132 39 
5 210 523 580 39 1141 
11 73 83 354 468 711 339 132 39 277 304 480 
7 643 73 899 97 420 198 39 
3 39 414 188 
3 132 39 546 
1 39 
11 724 509 132 996 39 469 159 357 57 889 102 
3 964 39 67 
12 845 216 70 73 1227 835 325 195 132 632 39 522 
8 557 650 1092 171 1071 817 39 840 
3 897 745 39 
27 67 457 471 469 1185 167 1288 1004 888 39 914 680 301 288 132 1056 547 745 70 719 913 1298 995 1118 166 73 902 
1 39 
4 182 39 618 702 
2 39 927 
4 39 1218 393 715 
21 231 427 546 361 935 40 834 389 161 506 1224 132 774 1030 1095 1217 462 888 778 634 372 
2 831 40 
4 525 40 187 955 
9 55 931 40 393 208 877 687 744 60 
7 73 252 880 187 393 375 40 
3 1211 1007 40 
16 755 1010 132 70 40 361 676 1049 73 1092 862 1219 799 804 594 90 
5 40 748 331 44 633 
4 176 448 432 40 
12 981 84 67 129 1025 253 132 788 771 956 40 1014 
54 393 1199 331 724 1176 135 923 1018 469 97 1028 471 58 170 67 1218 314 464 520 1017 691 755 172 427 712 909 931 557 722 432 40 561 312 740 942 132 420 1095 676 821 976 747 532 461 70 488 940 647 263 949 620 531 391 316 
7 72 1039 1136 40 176 393 70 
8 1159 339 682 1008 907 690 40 771 
23 833 1117 771 840 643 1066 831 100 342 1292 375 337 880 1159 456 204 393 490 160 447 41 493 471 
9 1199 1089 960 168 259 1187 246 41 755 
11 1095 447 41 1218 352 882 949 1289 491 495 544 
5 1095 462 712 1050 41 
7 73 403 719 41 208 420 210 
9 940 909 1174 208 41 1138 471 981 339 
10 361 925 41 576 1241 45 463 498 711 1226 
6 1073 1048 1119 132 41 579 
6 41 904 469 124 488 991 
6 41 913 591 998 1095 151 
7 296 252 1104 1218 41 42 1110 
5 838 41 745 992 1018 
5 113 774 41 1116 393 
5 41 784 165 432 480 
7 1110 202 544 53 41 1155 1250 
4 995 41 1205 106 
4 41 1276 383 331 
3 1227 1139 41 
5 512 471 41 996 333 
6 779 1010 41 712 378 996 
13 132 755 208 70 469 707 711 41 414 345 110 721 1140 
5 168 41 438 296 132 
1 41 
4 883 1285 41 720 
4 895 132 41 67 
8 188 712 91 470 41 282 338 1112 
8 41 895 995 187 1264 145 707 862 
8 41 471 1195 315 886 70 412 168 
8 172 1266 1039 315 927 1215 715 41 
5 996 102 748 742 41 
3 656 794 41 
4 986 47 442 41 
4 505 73 41 1041 
4 41 1269 683 155 
6 57 41 81 870 351 1240 
4 447 1116 168 41 
2 41 70 
4 151 41 1110 514 
2 737 41 
3 41 382 268 
12 41 1220 1027 490 377 152 1292 470 55 997 488 1215 
6 55 437 306 41 514 542 
5 845 393 1031 667 41 
4 898 1118 41 824 
5 67 334 581 655 41 
2 41 396 
2 620 41 
4 41 791 1280 395 
14 70 132 385 443 455 408 389 712 41 957 1170 520 346 720 
11 833 393 1218 1068 41 541 1006 274 800 214 132 
4 992 404 41 187 
4 763 116 1002 41 
7 72 406 670 272 386 808 42 
3 42 745 377 
4 585 42 1095 846 
2 507 42 
5 1296 738 42 113 436 
7 981 719 208 1138 42 325 873 
19 1292 42 198 471 168 1211 620 895 99 520 719 1218 339 748 1175 714 1096 1243 341 
5 390 803 603 42 466 
3 684 42 109 
12 90 620 67 529 1211 168 249 42 375 1229 241 1222 
3 690 70 42 
3 682 399 42 
6 43 757 44 168 441 1164 
8 957 935 667 43 682 407 865 1218 
12 488 952 70 105 107 904 43 886 810 73 210 589 
14 471 174 43 132 833 999 1270 168 469 670 389 1255 337 73 
4 164 821 725 43 
3 43 1218 1048 
9 785 262 447 43 299 1127 1266 437 1223 
3 43 74 70 
7 947 1203 868 43 979 70 820 
11 875 173 44 745 110 832 771 132 711 469 1187 
5 1006 44 70 256 155 
5 44 76 1110 454 711 
9 851 821 1237 1218 528 1199 44 60 148 
4 932 204 44 208 
3 591 132 44 
3 44 620 516 
3 44 90 360 
5 1197 437 187 1251 44 
4 97 44 427 298 
1 44 
2 44 651 
9 862 845 348 70 520 160 44 432 50 
3 620 847 44 
5 44 88 790 1265 1203 
6 375 537 212 469 80 44 
4 44 880 634 208 
4 208 636 44 1000 
1 44 
4 1185 541 44 719 
13 478 979 895 302 992 1227 726 1149 1225 1173 339 482 44 
10 896 642 1224 44 145 883 544 382 541 321 
5 44 342 469 73 339 
45 719 169 1001 1002 1105 1008 720 1288 659 453 1248 873 132 249 778 1139 48 727 241 147 1112 350 469 996 512 87 83 94 55 955 840 436 1200 175 177 866 1053 339 513 845 482 44 292 986 56 
5 55 1057 934 44 902 
10 582 1111 430 1134 745 44 480 788 514 858 
4 1118 44 395 372 
3 44 877 73 
5 725 771 847 399 44 
2 44 378 
17 44 872 469 73 1218 1227 651 434 708 496 471 724 947 512 67 149 187 
5 642 194 576 721 44 
19 469 437 57 471 44 690 342 1138 81 1189 927 880 1247 613 239 1009 1199 361 262 
12 952 745 337 44 800 720 1162 755 1095 589 940 499 
9 44 507 70 79 530 276 723 55 566 
7 132 1265 712 913 44 55 375 
3 216 801 44 
3 44 97 895 
37 45 929 534 886 105 509 1074 668 1013 1036 70 73 356 208 1292 421 44 339 1217 189 222 1009 132 940 721 847 787 289 168 393 745 538 783 293 755 895 689 
8 74 673 359 44 469 1097 466 1202 
3 1024 44 1095 
5 124 45 746 44 465 
10 383 436 413 721 671 168 269 1129 45 70 
8 160 67 782 46 811 739 1227 45 
13 934 922 339 531 1238 45 745 749 352 1011 212 272 1034 
7 1140 999 622 45 1199 689 170 
6 981 45 680 1042 1098 542 
4 1006 210 940 45 
7 345 50 168 45 809 964 1138 
7 861 382 70 895 210 67 45 
2 683 45 
7 57 73 70 273 67 45 1161 
7 1275 132 471 444 719 462 45 
3 191 132 45 
4 177 45 756 251 
3 45 1069 758 
2 45 719 
6 45 1114 962 55 480 337 
5 45 171 719 210 423 
3 609 760 45 
3 45 411 333 
5 113 760 434 45 339 
6 302 1280 1097 67 45 307 
4 45 471 420 1154 
3 393 997 45 
3 45 132 126 
34 711 172 169 55 712 721 438 1004 366 934 318 471 1217 670 314 259 699 132 219 1241 717 45 1185 1296 810 393 1104 614 1120 448 1150 1056 1166 150 
18 1095 1295 361 463 574 641 70 69 895 1214 715 400 396 1016 72 45 1291 940 
13 45 1247 1218 1019 423 55 70 73 218 1117 508 828 1199 
9 107 728 970 719 132 821 384 45 747 
6 45 113 937 780 1151 835 
6 70 138 71 676 719 45 
3 45 691 1148 
2 650 45 
6 361 920 469 155 1249 45 
4 652 73 50 45 
13 902 1150 571 750 680 849 45 70 462 938 808 1144 473 
5 45 1092 55 154 339 
7 470 168 45 439 1138 1148 1230 
5 168 45 1142 888 759 
2 745 45 
1 45 
4 714 1135 67 45 
5 45 111 811 1013 534 
3 45 432 771 
3 771 45 353 
13 249 814 745 361 571 471 568 191 448 298 45 469 177 
11 926 379 999 998 512 260 375 676 861 45 393 
6 488 683 427 866 45 393 
12 168 45 895 757 249 781 1199 656 429 507 727 1123 
5 45 1105 757 150 681 
9 861 53 741 684 1218 73 498 45 325 
7 423 45 422 824 60 1063 48 
7 599 113 45 800 616 740 511 
3 45 1138 1266 
6 471 427 357 686 210 45 
3 45 67 837 
1 45 
5 45 398 1047 279 132 
2 83 45 
4 132 449 73 45 
9 45 73 421 346 1092 287 393 339 507 
10 1199 372 712 469 187 45 1004 131 148 1299 
5 70 45 344 620 1057 
4 996 45 833 115 
6 59 424 745 45 613 926 
6 856 75 521 73 45 1238 
3 87 45 130 
3 45 70 771 
3 46 45 845 
2 442 45 
5 70 45 900 132 935 
2 45 186 
30 935 1298 257 875 438 787 1091 70 981 73 464 916 407 769 620 208 117 132 720 176 660 1222 45 840 734 940 1138 325 129 205 
4 427 814 132 45 
6 45 1000 745 771 315 1072 
5 72 45 834 544 860 
4 647 45 1104 926 
3 711 45 490 
6 821 808 480 45 180 737 
4 160 1218 940 45 
5 745 487 771 352 45 
8 845 917 45 1251 704 834 1198 529 
2 45 1026 
4 45 70 791 80 
4 1228 48 1080 45 
3 643 1194 45 
46 70 168 137 71 98 668 719 745 90 676 80 81 1174 174 782 1161 878 449 1231 456 1222 563 231 393 45 480 1104 996 46 444 517 375 1117 1000 1140 260 101 132 346 621 914 228 468 1075 705 899 
11 1292 416 803 827 1095 956 127 945 417 434 45 
3 45 836 75 
4 46 132 1111 828 
10 818 73 86 683 208 1086 1071 682 483 46 
9 70 393 341 93 382 513 46 471 631 
6 168 57 1014 469 120 46 
3 46 420 961 
3 87 57 46 
3 109 168 46 
2 374 46 
3 251 926 46 
18 1218 647 525 771 70 620 113 256 97 541 170 991 720 507 1060 1251 1057 46 
3 46 643 67 
4 132 46 146 890 
13 947 470 755 1139 67 860 375 46 73 368 471 715 868 
7 427 46 1039 856 1027 1275 210 
5 470 73 664 137 46 
19 393 614 955 963 771 986 124 179 333 628 1110 448 712 870 808 174 589 1138 46 
70 471 745 160 712 167 557 1102 314 395 613 856 1240 787 836 1009 750 928 1192 752 1068 324 469 722 1211 1140 1163 1272 139 132 542 516 227 59 352 771 72 886 780 46 298 642 339 1057 888 790 70 315 1048 535 1253 408 996 1292 137 643 507 1238 688 1064 565 393 296 249 1001 1075 610 230 236 365 985 
11 105 821 711 861 1293 992 320 155 1251 384 46 
8 70 393 1039 172 541 964 46 700 
7 315 161 132 462 70 46 687 
5 1185 1060 393 1199 46 
8 339 168 46 105 73 227 70 1069 
5 414 1093 46 986 210 
6 46 132 745 1092 48 415 
5 393 520 46 1005 926 
29 471 168 1016 70 287 868 73 1296 1092 656 837 532 1102 978 46 250 177 456 550 431 416 520 57 860 462 71 169 1115 97 
10 70 46 132 80 570 808 67 55 532 1197 
7 642 713 771 46 902 1060 589 
5 46 168 340 821 1150 
4 678 242 1199 46 
2 46 542 
4 488 780 46 946 
6 437 400 447 46 438 958 
1 46 
2 745 46 
3 959 46 1075 
14 168 46 90 925 200 70 569 534 339 1116 1218 1178 87 873 
4 462 690 46 1298 
10 650 47 1218 771 444 726 476 488 460 1033 
5 1005 132 399 47 1138 
9 173 47 953 470 154 171 375 338 712 
7 930 251 47 144 1284 1057 216 
2 913 47 
3 47 711 687 
3 47 60 690 
12 1104 208 500 852 1140 712 447 132 47 926 348 1277 
8 507 447 352 624 1095 70 187 47 
6 240 311 109 1146 47 67 
5 469 47 321 1013 745 
11 92 47 467 1219 1194 940 1211 1080 306 801 172 
4 67 940 70 47 
3 47 1218 721 
3 756 47 57 
5 471 924 1066 447 48 
5 432 834 572 632 48 
4 620 48 508 462 
5 420 444 389 375 48 
1 48 
4 137 387 48 345 
5 132 393 48 388 685 
3 321 48 469 
2 167 48 
8 755 543 469 299 208 860 48 1025 
3 1107 48 1086 
13 833 814 1069 720 132 172 671 196 1166 48 960 208 1027 
3 70 48 784 
3 913 48 719 
3 132 48 1032 
3 48 393 1066 
5 393 301 48 632 861 
3 1218 682 48 
3 420 48 310 
6 389 363 244 48 275 452 
7 48 420 434 1124 471 393 1215 
4 48 542 1015 218 
5 1247 719 299 48 393 
3 48 650 80 
3 48 617 55 
9 471 1134 132 805 187 48 87 482 1046 
2 352 48 
2 840 48 
6 321 48 132 109 922 137 
3 1243 337 48 
6 70 1022 48 133 210 137 
3 48 263 90 
4 129 80 821 48 
15 97 48 981 621 480 1095 461 98 448 520 841 76 883 276 67 
6 1001 404 48 132 255 90 
4 676 482 48 168 
5 70 130 447 48 1139 
26 67 1218 771 1057 55 471 1110 719 49 678 132 999 1039 817 711 814 1200 267 469 115 308 87 107 48 195 273 
2 1219 49 
5 49 421 211 245 505 
3 49 1139 361 
11 895 70 49 763 1227 833 779 1055 745 242 1138 
4 363 49 799 57 
22 650 981 81 188 120 448 564 80 58 1185 71 478 821 49 1239 580 86 871 346 367 67 826 
4 512 49 572 1174 
5 427 217 499 442 49 
