3 2 3 4 
26 5 6 7 8 9 10 11 12 5 6 13 3 1 7 14 15 16 17 8 18 9 19 20 21 10 22 
11 2 5 6 1 7 8 23 9 19 21 10 
2 24 1 
37 23 12 2 6 13 25 26 24 27 7 15 28 8 29 23 9 19 30 21 31 10 6 7 8 9 10 24 11 2 3 16 27 28 30 32 33 22 
34 12 5 34 35 2 5 36 37 13 38 39 7 15 8 23 9 19 40 21 41 10 7 8 9 10 24 2 3 16 18 27 28 30 32 
27 12 5 6 2 5 6 13 15 8 23 9 19 21 10 8 9 10 24 11 2 3 16 27 28 30 32 22 
34 12 5 6 7 2 5 6 13 42 43 7 15 44 9 19 45 21 10 46 47 48 9 10 24 11 2 3 16 18 27 28 30 32 22 
27 12 5 6 7 8 2 5 6 13 7 15 8 23 19 21 10 10 24 11 2 3 16 27 28 30 32 22 
36 12 5 6 7 8 9 2 5 6 13 49 50 51 52 53 54 7 14 15 8 55 56 9 19 21 24 11 2 3 16 18 27 28 30 32 22 
20 34 57 58 59 60 61 62 63 64 34 2 5 7 8 23 9 19 21 10 65 
10 5 6 7 8 23 9 19 21 10 2 
33 66 5 6 7 8 9 10 24 67 68 69 70 71 72 73 74 75 76 77 78 79 19 80 81 82 2 27 28 30 83 84 32 85 
8 10 2 24 23 19 21 31 33 
22 5 6 7 8 9 10 24 2 86 87 88 66 89 18 90 27 28 30 91 92 93 32 
10 2 5 6 7 8 23 9 19 21 10 
11 2 94 95 96 97 98 99 19 100 101 102 
9 2 6 103 15 8 23 19 21 10 
1345 104 105 106 107 108 109 110 111 112 113 114 115 116 117 118 119 120 121 122 123 124 125 126 127 128 129 130 131 132 133 134 135 136 137 138 139 140 141 142 143 144 145 146 147 148 149 150 151 152 153 154 155 156 157 158 159 160 161 162 163 164 165 166 167 168 169 170 171 172 173 174 175 176 177 178 179 180 181 182 183 23 184 185 186 187 188 189 190 191 192 193 194 195 196 197 198 199 200 201 202 203 204 205 206 207 208 209 210 211 212 213 214 215 216 217 218 219 220 221 222 223 224 225 226 227 228 229 230 231 232 233 234 235 236 237 238 239 240 241 242 243 244 245 246 247 248 249 250 12 5 6 7 8 9 21 10 251 252 253 254 255 256 257 258 259 260 261 262 263 264 265 266 267 268 269 270 271 272 273 274 275 276 277 278 279 280 281 282 283 284 285 286 287 288 289 290 291 292 293 294 24 295 296 297 298 299 300 301 302 303 304 35 305 306 307 109 308 309 310 311 312 313 314 315 316 317 318 319 320 321 322 323 324 325 326 327 328 329 330 331 332 333 334 335 336 337 338 339 340 341 342 343 344 345 346 347 348 68 349 13 350 351 352 353 354 355 356 357 358 359 360 361 362 363 364 365 366 367 368 369 370 371 372 373 374 375 376 377 378 379 380 381 382 383 384 385 386 387 388 389 390 391 392 393 394 395 396 397 398 399 400 401 402 403 404 405 406 407 408 409 410 411 412 413 414 415 416 417 418 419 420 421 422 423 424 425 426 427 428 429 430 431 432 433 434 435 436 437 438 439 440 441 442 443 444 445 446 447 448 449 450 451 452 453 454 455 456 457 458 459 460 461 462 463 464 465 466 467 468 469 470 471 472 473 474 475 476 477 478 479 480 481 482 483 484 485 486 487 488 489 490 491 492 493 494 495 496 497 498 499 500 501 502 503 504 505 506 507 508 509 510 511 512 513 514 515 516 517 518 519 520 521 522 523 524 525 526 527 528 529 530 531 532 533 534 535 536 537 538 539 540 541 542 543 544 545 546 547 548 549 550 551 552 553 554 555 556 557 558 559 560 561 562 563 564 565 566 567 568 569 570 571 572 573 574 575 576 577 578 579 580 581 582 583 584 585 586 587 588 589 590 591 592 593 594 595 596 597 598 599 600 601 602 603 604 605 606 607 608 609 610 611 612 613 614 615 616 617 618 619 620 621 622 623 624 625 626 627 628 629 630 631 632 633 634 635 636 637 638 639 640 641 642 643 644 645 646 647 648 40 649 650 651 652 653 654 655 656 657 658 34 57 58 59 60 61 62 63 64 11 659 660 661 662 663 664 665 666 667 668 669 670 671 672 673 674 675 676 677 678 679 680 681 682 683 684 685 686 687 688 689 690 691 692 693 694 695 696 697 698 699 700 701 702 703 704 705 706 707 708 709 710 711 712 713 714 715 716 717 718 719 720 721 722 723 724 725 726 727 728 729 730 731 732 733 734 735 736 737 738 739 740 741 742 743 744 745 746 747 748 749 750 751 752 753 754 755 756 757 758 759 760 761 762 763 764 765 766 767 768 769 770 771 772 773 774 775 776 777 778 779 780 781 782 783 784 785 786 787 788 789 790 791 792 793 794 795 796 797 798 799 800 801 802 803 804 805 806 807 808 809 810 811 812 813 814 815 816 817 818 819 820 821 822 823 824 825 826 827 828 829 830 831 832 833 834 835 836 837 838 2 3 14 16 17 18 20 839 840 841 842 843 844 845 846 847 848 849 850 851 852 853 854 855 856 857 858 859 860 861 862 863 864 865 866 867 868 869 870 90 871 872 873 874 875 876 877 878 879 880 881 882 883 884 885 886 887 888 889 890 891 892 893 894 895 896 897 898 899 900 901 902 903 904 905 906 907 908 909 910 911 912 913 914 915 916 917 918 919 920 921 922 923 924 925 926 927 928 929 930 931 932 933 934 935 936 937 938 939 940 941 942 943 944 945 946 947 948 949 950 951 952 953 954 955 956 957 958 959 960 961 962 963 964 965 966 967 968 969 970 971 972 973 974 975 976 977 978 979 980 981 982 983 984 985 986 987 988 989 990 991 992 993 994 995 996 997 998 999 1000 27 28 30 31 1001 1002 1003 1004 1005 1006 1007 1008 1009 1010 1011 83 1012 1013 1014 1015 1016 1017 1018 1019 1020 1021 1022 1023 1024 1025 1026 1027 1028 1029 1030 1031 1032 1033 1034 1035 1036 1037 1038 1039 1040 1041 1042 1043 1044 1045 1046 1047 1048 1049 1050 1051 1052 1053 1054 1055 1056 1057 1058 1059 1060 1061 1062 1063 1064 1065 1066 1067 1068 1069 1070 1071 1072 1073 1074 1075 1076 1077 1078 91 1079 1080 1081 1082 1083 1084 1085 1086 1087 1088 1089 1090 1091 1092 1093 1094 1095 1096 1097 1098 1099 1100 1101 1102 1103 1104 1105 1106 1107 1108 1109 1110 1111 1112 1113 1114 1115 1116 1117 1118 1119 1120 1121 1122 1123 1124 1125 1126 1127 1128 1129 1130 1131 1132 1133 1134 1135 1136 92 1137 1138 1139 1140 1141 1142 1143 1144 1145 1146 1147 1148 1149 1150 1151 1152 1153 1154 1155 1156 1157 1158 1159 1160 1161 1162 1163 1164 1165 1166 1167 1168 1169 1170 1171 1172 1173 1174 1175 1176 1177 1178 1179 1180 1181 1182 1183 1184 1185 1186 1187 1188 1189 1190 1191 1192 1193 1194 1195 1196 1197 1198 1199 1200 1201 1202 1203 1204 1205 1206 1207 1208 1209 1210 1211 1212 1213 1214 1215 1216 1217 1218 1219 1220 1221 1222 1223 1224 1225 1226 1227 1228 1229 1230 1231 1232 1233 1234 1235 1236 1237 1238 1239 1240 1241 1242 1243 1244 1245 1246 1247 1248 1249 1250 93 1251 1252 1253 1254 1255 1256 1257 1258 1259 1260 1261 1262 1263 1264 1265 1266 1267 1268 1269 1270 1271 1272 1273 1274 1275 1276 1277 1278 1279 1280 1281 1282 1283 1284 1285 1286 1287 1288 1289 1290 1291 1292 1293 1294 1295 1296 1297 1298 1299 1300 1301 1302 1303 1304 1305 1306 1307 1308 1309 1310 1311 1312 1313 1314 1315 1316 1317 1318 1319 1320 1321 1322 1323 1324 1325 1326 1327 1328 1329 1330 1331 1332 1333 1334 1335 1336 1337 1338 1339 1340 1341 1342 1343 1344 1345 1346 1347 1348 1349 1350 1351 1352 1353 1354 1355 1356 1357 1358 1359 1360 1361 1362 1363 1364 1365 1366 1367 1368 1369 1370 1371 1372 1373 1374 1375 1376 1377 1378 1379 1380 1381 1382 1383 1384 1385 1386 1387 1388 1389 1390 1391 1392 1393 1394 1395 1396 1397 1398 1399 1400 32 50 65 54 33 56 22 
3 2 23 19 
29 12 5 6 7 8 9 24 23 19 10 294 24 11 2 3 14 16 18 27 28 30 31 1139 1369 32 50 54 56 22 
9 2 5 7 8 23 9 19 21 10 
52 66 167 5 33 19 12 5 6 7 9 21 259 294 24 87 436 603 644 40 34 57 58 59 60 61 62 63 64 11 25 3 14 16 18 20 906 938 27 28 30 31 1077 1139 1154 1369 1372 32 50 65 54 56 22 
24 5 21 294 5 6 13 7 15 65 8 23 9 19 21 4 10 60 14 31 1139 1369 50 54 56 
5 5 38 153 29 23 
1 5 
13 5 5 6 13 7 15 65 8 23 9 19 21 10 
12 5 5 6 13 7 15 8 23 9 19 21 10 
2 5 25 
12 5 5 6 13 7 15 8 23 9 19 21 10 
8 5 1139 24 14 23 56 19 21 
11 5 6 13 7 15 8 23 9 19 21 10 
7 23 5 50 54 14 56 19 
15 6 57 58 59 38 60 61 62 23 44 63 19 64 11 11 
11 66 184 6 86 734 735 736 19 603 644 1077 
2 6 1154 
10 6 1365 179 720 962 184 1371 1372 41 1372 
15 66 6 86 34 57 58 59 60 61 62 63 64 25 1154 65 
3 6 67 366 
4 6 23 19 49 
6 66 6 86 366 37 1372 
1 8 
1 8 
2 8 34 
1 8 
1 8 
10 8 57 58 59 60 61 62 63 64 65 
1 8 
2 10 40 
6 10 24 23 19 21 33 
1 10 
1 10 
1 10 
6 10 24 23 19 21 33 
1 10 
7 10 31 33 24 23 19 21 
21 34 58 59 38 60 61 62 23 63 19 64 11 47 58 59 60 61 62 63 64 65 
21 34 57 57 59 38 60 61 62 23 63 19 64 11 47 59 60 61 62 63 64 65 
21 34 57 58 57 58 38 60 61 62 23 63 19 64 11 47 60 61 62 63 64 65 
22 34 57 58 59 57 58 59 38 24 61 62 65 23 63 19 64 11 47 61 62 63 64 
21 34 57 58 59 60 57 58 59 38 60 62 23 63 19 64 11 47 62 63 64 65 
21 34 57 58 59 60 61 57 58 59 38 60 61 23 63 19 64 11 47 63 64 65 
21 34 57 58 59 60 61 62 57 58 59 38 60 61 62 23 19 64 11 47 64 65 
21 34 57 58 59 60 61 62 63 57 58 59 38 60 61 62 23 63 19 11 47 65 
15 24 60 27 57 58 59 38 61 62 23 63 19 64 11 47 
105 88 125 155 415 304 556 35 737 742 305 327 168 647 1086 169 170 364 87 161 1008 171 172 215 1319 13 353 280 354 1342 173 571 141 174 306 422 38 653 1010 153 140 248 67 177 178 1231 179 291 300 181 92 182 659 1298 183 307 819 464 1376 263 383 820 23 283 184 1011 185 186 385 108 109 1079 286 188 1221 189 190 191 292 192 1080 581 365 194 1012 366 41 1081 572 196 269 197 293 139 199 569 89 86 87 67 109 403 519 15 1375 85 
21 66 86 87 86 556 1165 87 13 233 107 248 39 695 108 109 952 1081 66 110 109 85 
7 349 13 19 350 349 350 556 
1 13 
3 13 76 82 
2 13 84 
2 13 84 
3 13 79 79 
2 13 78 
1 13 
2 13 70 
1 13 
2 13 74 
3 13 73 73 
2 13 84 
1 13 
2 13 70 
6 112 182 13 112 19 115 
4 71 72 13 80 
7 87 13 67 108 109 1081 66 
19 125 155 304 35 305 87 173 306 38 67 307 108 109 41 199 66 87 67 15 
53 66 86 86 168 169 170 161 1008 171 172 173 571 174 422 153 67 177 178 179 291 181 182 183 307 23 184 185 186 108 109 188 189 190 191 292 192 194 645 289 196 197 115 199 66 67 109 554 645 15 938 1142 1237 85 
6 1342 66 89 89 15 1375 
9 88 108 88 366 269 66 109 15 1375 
4 291 15 820 19 
16 283 277 278 279 280 281 15 282 283 284 285 286 19 287 288 1340 
23 66 383 1136 93 1251 1252 1253 15 1254 1255 1256 19 581 1257 293 1166 1251 1252 1253 1254 1255 1257 1388 
12 92 1251 1252 1253 15 1254 1255 1256 19 581 1257 293 
1 17 
1 17 
1 17 
1 17 
1 17 
1 17 
1 17 
1 17 
1 17 
1 18 
5 105 106 19 105 849 
65 104 104 804 1050 1142 1336 843 844 159 1143 1243 1028 106 19 849 850 394 554 569 106 159 392 393 394 677 678 679 680 681 804 809 810 840 841 842 843 844 845 846 847 848 849 850 986 987 988 989 1027 1028 1029 1050 1141 1142 1143 1144 1145 1146 1147 1148 1149 1150 1151 1152 1323 1336 
54 104 105 988 159 105 1149 19 849 159 392 393 394 677 678 679 680 681 786 804 809 810 840 841 842 843 844 845 846 847 848 849 850 986 987 988 989 1027 1028 1029 1050 1141 1142 1143 1144 1145 1146 1147 1148 1149 1150 1151 1152 1323 1336 
5 19 67 689 269 110 
11 19 66 89 269 86 87 67 109 366 1207 85 
17 19 66 269 86 87 67 87 67 108 19 366 269 66 89 317 366 85 
6 19 269 67 710 269 107 
5 112 113 19 114 115 
36 111 351 652 1124 1007 161 354 1236 653 113 608 910 659 828 655 656 1195 83 19 114 572 115 658 113 114 115 182 354 608 655 658 683 827 828 1007 83 
20 111 112 827 1007 161 215 354 571 141 112 653 910 19 114 289 115 658 115 182 683 
9 111 112 113 141 112 19 115 182 683 
34 111 112 113 114 161 571 112 113 909 910 19 167 182 259 290 87 353 354 591 593 608 655 658 683 684 685 686 827 828 837 904 1007 83 1078 
1 19 
9 118 119 120 19 121 118 119 120 121 
9 117 117 119 120 19 121 119 120 121 
9 117 118 117 118 120 19 121 120 121 
9 117 118 119 117 118 119 19 121 121 
9 117 118 119 120 117 118 119 120 19 
1 19 
3 19 532 1214 
16 125 126 127 128 129 130 131 132 19 133 134 135 136 128 129 1313 
127 124 19 126 127 128 129 130 131 132 134 135 136 66 191 200 201 202 203 204 205 206 208 271 272 303 86 314 475 491 492 493 494 496 604 605 695 701 702 703 704 705 706 749 750 780 852 853 879 889 919 920 921 922 923 924 925 926 927 928 929 930 931 932 933 934 935 936 937 938 967 968 969 970 971 980 981 982 987 1025 1026 1049 1054 1060 1061 1062 1063 1064 1065 1066 1074 1075 1082 1083 1084 1087 1129 1134 1135 1167 1168 1177 1179 1185 1218 1224 1225 1226 1227 1244 1245 1246 1247 1248 1249 1250 1267 1268 1311 1312 1313 1314 1315 1356 1366 1367 1370 1373 
81 124 125 475 1167 131 132 19 133 134 135 136 127 128 129 130 131 132 133 134 135 136 271 272 303 475 491 492 493 494 604 605 749 750 852 853 879 967 968 969 970 971 1025 1026 1054 1060 1061 1062 1063 1064 1065 1066 1082 1083 1084 1087 1134 1135 1167 1185 1224 1225 1226 1227 1244 1245 1246 1247 1248 1249 1250 1267 1268 1311 1313 1314 1315 1356 1366 1367 1370 1373 
10 124 125 126 131 132 19 133 134 135 136 
32 124 124 125 1244 126 1026 1062 1135 605 131 132 1065 19 1066 133 134 1315 135 494 272 136 131 272 605 1026 1062 1065 1066 1135 1244 1314 1315 
40 124 124 125 492 1224 1244 1267 126 1026 1062 1135 1314 605 131 1063 1064 1312 132 1065 19 133 134 135 494 136 131 492 605 967 1026 1062 1063 1064 1065 1135 1224 1244 1267 1312 1314 
10 124 125 126 131 132 19 133 134 135 136 
103 124 126 127 128 129 130 271 125 604 1025 1087 1134 1311 1370 1225 126 128 1245 129 1246 969 1226 1367 132 970 1227 19 1083 1247 1248 1249 133 134 750 135 136 853 132 133 134 135 136 271 272 303 475 491 492 493 494 604 605 749 750 852 853 879 967 968 969 970 971 1025 1026 1054 1060 1061 1062 1063 1064 1065 1066 1082 1083 1084 1087 1134 1135 1167 1185 1224 1225 1226 1227 1244 1245 1246 1247 1248 1249 1250 1267 1268 1311 1312 1313 1314 1315 1356 1366 1367 1370 1373 
80 124 126 127 128 129 130 131 125 126 131 19 133 134 135 136 133 134 135 136 271 272 303 475 491 492 493 494 604 605 749 750 852 853 879 967 968 969 970 971 1025 1026 1054 1060 1061 1062 1063 1064 1065 1066 1082 1083 1084 1087 1134 1135 1167 1185 1224 1225 1226 1227 1244 1245 1246 1247 1248 1249 1250 1267 1268 1311 1312 1313 1314 1315 1356 1366 1367 1370 1373 
85 124 126 127 128 129 130 131 132 491 1060 1313 126 131 132 695 19 134 298 135 136 134 135 136 271 272 303 475 491 492 493 494 604 605 695 749 750 852 853 879 967 968 969 970 971 1025 1026 1054 1060 1061 1062 1063 1064 1065 1066 1082 1083 1084 1087 1134 1135 1167 1185 1224 1225 1226 1227 1244 1245 1246 1247 1248 1249 1250 1267 1268 1311 1312 1313 1314 1315 1356 1366 1367 1370 1373 
80 124 126 127 128 129 130 131 132 133 125 126 131 132 19 133 135 136 135 136 271 272 303 475 491 492 493 494 604 605 749 750 852 853 879 967 968 969 970 971 1025 1026 1054 1060 1061 1062 1063 1064 1065 1066 1082 1083 1084 1087 1134 1135 1167 1185 1224 1225 1226 1227 1244 1245 1246 1247 1248 1249 1250 1267 1268 1311 1312 1313 1314 1315 1356 1366 1367 1370 1373 
80 124 126 127 128 129 130 131 132 133 134 125 126 131 132 19 133 134 136 136 271 272 303 475 491 492 493 494 604 605 749 750 852 853 879 967 968 969 970 971 1025 1026 1054 1060 1061 1062 1063 1064 1065 1066 1082 1083 1084 1087 1134 1135 1167 1185 1224 1225 1226 1227 1244 1245 1246 1247 1248 1249 1250 1267 1268 1311 1312 1313 1314 1315 1356 1366 1367 1370 1373 
80 124 126 127 128 129 130 131 132 133 134 135 125 126 131 132 19 133 134 135 271 272 303 475 491 492 493 494 604 605 749 750 852 853 879 967 968 969 970 971 1025 1026 1054 1060 1061 1062 1063 1064 1065 1066 1082 1083 1084 1087 1134 1135 1167 1185 1224 1225 1226 1227 1244 1245 1246 1247 1248 1249 1250 1267 1268 1311 1312 1313 1314 1315 1356 1366 1367 1370 1373 
1 19 
3 183 19 139 
5 66 138 19 178 1400 
57 66 1317 334 340 368 342 343 346 347 19 348 327 342 366 367 368 369 370 371 372 373 496 551 554 612 740 811 812 813 814 815 816 817 818 821 822 987 1014 1015 1016 1017 1018 1019 1020 1021 1022 1023 1024 1071 1218 1219 1220 1222 1223 1237 1241 1383 
79 113 114 66 525 229 231 262 240 19 167 175 176 180 184 187 193 195 198 227 228 229 230 231 232 233 234 236 237 238 239 240 241 242 243 244 258 259 260 261 264 265 266 267 268 282 293 324 325 525 526 527 528 529 533 534 727 728 955 957 959 960 984 985 1009 1053 1073 1077 1079 1115 1140 1202 1203 1204 1223 1290 1334 1335 1345 1400 
23 143 144 145 146 147 148 19 149 150 143 144 145 146 147 148 149 150 404 838 1098 1099 1100 1101 
22 142 142 145 146 1098 1099 1100 19 1101 144 145 146 147 148 149 150 404 838 1098 1099 1100 1101 
10 142 142 143 161 145 146 177 184 19 572 
20 142 143 144 142 404 838 143 146 19 146 147 148 149 150 404 838 1098 1099 1100 1101 
19 142 143 144 145 142 143 145 19 147 148 149 150 404 838 1098 1099 1100 1101 1316 
6 142 142 143 145 146 19 
6 142 142 143 145 146 19 
6 142 142 143 145 146 19 
6 142 142 143 145 146 19 
6 19 278 283 524 768 1340 
4 153 154 19 154 
25 66 152 19 154 167 225 259 273 87 313 436 25 839 903 938 953 962 1070 1077 1186 1191 1325 1344 1355 1371 
4 152 152 153 19 
14 66 410 411 19 156 86 327 410 411 512 513 514 515 516 
2 155 19 
3 158 159 19 
14 157 477 478 479 480 481 484 486 487 19 477 1105 1106 1107 
7 105 106 157 105 106 19 849 
12 161 162 163 19 164 165 166 161 162 163 164 165 
39 112 113 115 66 144 160 160 162 163 19 164 165 162 163 164 165 166 167 182 259 87 397 398 399 400 401 402 436 474 655 733 778 905 940 1114 1115 1122 1316 1349 
13 160 161 160 161 317 163 19 164 165 163 164 165 317 
11 160 161 162 160 161 162 19 164 165 164 165 
12 160 161 162 163 160 161 162 163 19 165 165 1316 
11 160 161 162 163 164 160 161 162 163 19 164 
21 160 161 398 19 399 400 401 402 315 397 398 399 400 401 402 501 592 733 778 940 1122 
38 168 169 170 161 171 172 173 141 174 175 153 176 177 178 179 180 181 182 183 23 184 185 186 187 188 189 190 19 191 192 193 194 195 196 197 115 198 199 
9 66 167 1272 19 1273 259 87 913 1273 
6 66 167 19 257 259 87 
28 66 167 532 19 259 87 532 535 668 669 670 671 672 673 674 675 676 720 938 1270 1326 1327 1328 1329 1330 1331 1332 1333 
6 66 167 19 259 87 1218 
8 66 167 291 19 645 259 87 938 
9 66 167 329 19 259 86 87 692 1218 
7 66 167 19 259 87 938 1332 
13 167 141 176 180 187 19 193 195 198 180 259 959 1400 
31 167 175 228 229 231 233 141 234 235 236 239 240 241 242 19 243 244 180 231 234 235 236 259 260 261 262 747 959 1009 1203 1400 
16 66 144 167 505 961 1091 1092 1034 291 19 1093 645 259 87 436 907 
6 66 167 19 139 259 87 
11 66 167 720 19 259 87 720 938 1332 37 1372 
13 167 175 141 175 176 187 19 193 195 198 259 959 1400 
7 66 167 19 257 259 87 938 
21 66 167 1007 161 215 571 112 653 113 659 1195 83 19 114 115 658 259 87 617 899 1179 
10 66 138 167 649 19 259 87 938 1127 1237 
25 66 144 167 35 141 306 291 1077 19 581 224 259 87 436 573 574 603 643 644 736 908 938 1077 1114 37 
19 66 167 535 536 537 538 507 19 259 87 507 535 536 537 538 539 540 541 542 
5 66 167 19 259 87 
27 167 175 180 228 229 231 233 141 234 235 236 239 240 241 242 19 243 244 231 236 259 260 261 262 747 959 1400 
8 66 167 19 259 87 535 938 1332 
13 66 167 255 801 19 257 255 257 259 87 740 801 938 
9 66 167 19 257 259 87 740 938 1350 
8 66 167 125 19 199 259 87 1127 
13 66 167 1108 1164 882 875 876 1230 19 259 87 403 1179 
28 167 175 180 228 229 231 233 141 234 235 236 533 239 240 241 242 19 243 244 231 236 259 260 261 262 747 959 1400 
8 66 167 19 257 259 87 740 938 
31 167 175 180 228 229 231 233 141 234 235 236 239 240 241 242 19 243 244 231 233 234 236 258 259 260 261 262 959 1009 1203 1400 
15 66 167 894 895 896 897 19 257 259 87 894 895 896 897 1127 
6 66 167 1272 19 259 87 
29 167 175 180 228 229 231 233 141 259 234 235 236 239 240 241 242 19 243 244 231 234 236 259 260 261 747 959 1203 1400 
21 66 167 191 446 447 449 450 451 452 453 454 456 457 19 458 459 259 86 87 1179 1218 
9 125 201 202 203 204 205 19 206 919 
45 200 125 202 203 204 205 19 206 780 202 203 204 206 208 695 701 702 703 704 705 706 780 919 920 921 922 923 924 925 926 927 928 929 930 931 932 933 934 935 936 937 1049 1074 1075 1168 
45 200 201 125 201 203 204 205 19 206 780 203 204 206 208 695 701 702 703 704 705 706 780 919 920 921 922 923 924 925 926 927 928 929 930 931 932 933 934 935 936 937 1049 1074 1075 1168 
44 200 201 202 125 201 1049 202 204 205 19 206 204 206 208 695 701 702 703 704 705 706 780 920 921 922 923 924 925 926 927 928 929 930 931 932 933 934 935 936 937 1049 1074 1075 1168 
45 200 201 202 203 125 201 202 203 205 19 206 780 206 208 695 701 702 703 704 705 706 780 919 920 921 922 923 924 925 926 927 928 929 930 931 932 933 934 935 936 937 1049 1074 1075 1168 
45 200 201 202 203 204 125 980 981 982 19 206 208 695 701 702 703 704 705 706 780 920 921 922 923 924 925 926 927 928 929 930 931 932 933 934 935 936 937 980 981 982 1049 1074 1075 1168 
45 200 201 202 203 204 125 201 202 203 204 205 19 780 208 695 701 702 703 704 705 706 780 919 920 921 922 923 924 925 926 927 928 929 930 931 932 933 934 935 936 937 1049 1074 1075 1168 
1 19 
9 125 201 202 203 204 205 19 206 919 
1 19 
1 19 
20 212 213 214 215 216 217 218 219 19 220 221 212 213 215 216 217 218 219 220 221 
20 211 211 213 214 215 216 217 218 219 19 220 221 213 215 216 217 218 219 220 221 
21 211 212 211 212 214 215 216 217 218 219 19 220 221 215 216 217 218 219 220 221 880 
17 211 212 213 215 19 965 966 215 216 217 218 219 220 221 964 965 966 
28 113 66 182 211 212 213 214 211 212 213 214 216 217 218 219 19 220 221 216 217 218 219 220 221 880 964 965 966 
20 211 212 213 215 211 212 213 214 215 217 218 219 19 220 221 217 218 219 220 221 
20 211 212 213 215 216 211 212 213 214 215 216 218 219 19 220 221 218 219 220 221 
22 211 212 213 215 216 217 211 212 213 214 215 216 217 1199 1200 219 19 220 221 219 220 221 
20 211 212 213 215 216 217 218 211 212 213 214 215 216 217 218 19 220 221 220 221 
21 211 212 213 215 216 217 218 219 211 212 213 214 215 216 217 659 218 219 19 221 221 
20 211 212 213 215 216 217 218 219 220 211 212 213 214 215 216 217 218 219 19 220 
3 223 19 223 
7 222 222 1346 1347 1348 19 1059 
2 184 19 
2 153 19 
8 247 472 19 249 230 248 249 472 
24 228 229 230 231 232 233 141 234 235 236 237 238 239 240 241 242 19 243 244 231 232 243 744 1400 
26 176 187 193 195 198 227 229 231 141 240 19 229 230 235 236 237 238 239 241 243 265 534 957 1009 1079 1345 
54 141 176 187 193 195 198 227 228 228 231 233 141 234 235 236 957 239 240 241 19 243 244 266 230 231 233 234 235 236 237 238 239 240 241 242 243 244 265 266 268 525 528 529 534 957 960 985 1009 1079 1202 1204 1334 1335 1345 
17 227 228 229 231 233 141 226 234 235 236 239 240 241 19 243 244 232 
65 141 176 187 193 195 198 227 228 229 230 227 1269 229 141 259 526 1009 260 176 527 533 957 1400 240 187 529 959 1079 19 243 193 960 265 195 198 268 233 234 235 236 237 238 239 240 241 242 243 244 260 265 268 525 528 529 534 957 960 985 1009 1079 1202 1204 1334 1335 1345 
17 227 227 230 141 260 1203 261 237 262 238 19 264 266 267 260 262 264 
34 176 187 193 195 198 227 229 230 229 231 141 259 1400 240 959 19 960 265 195 268 235 236 237 238 239 241 243 265 67 534 957 1009 1079 1345 
34 176 187 193 195 198 227 229 230 229 231 141 176 527 1203 240 529 19 265 195 198 268 235 236 237 238 239 241 243 265 534 957 1009 1079 1345 
35 176 187 193 195 198 227 229 230 525 228 229 231 233 234 176 236 239 240 241 242 19 243 244 236 237 238 239 241 243 265 534 957 1009 1079 1345 
42 176 187 193 195 198 227 229 230 235 228 229 231 233 141 234 176 235 261 239 240 187 241 242 19 243 244 193 265 195 198 237 238 239 241 243 265 529 534 957 1009 1079 1345 
16 227 232 228 229 231 233 141 234 235 236 239 240 241 19 243 244 
17 227 232 228 229 231 233 141 234 235 236 239 240 241 19 243 244 959 
36 176 187 193 195 198 227 229 230 235 236 237 238 228 229 231 233 141 234 235 236 533 240 241 19 243 244 267 241 243 265 529 534 957 1009 1079 1345 
44 141 176 187 193 195 198 227 228 229 230 231 233 234 235 236 237 238 239 229 231 141 19 241 242 243 244 260 262 265 268 525 528 529 534 957 960 985 1009 1079 1202 1204 1334 1335 1345 
35 176 187 193 195 198 227 229 230 235 236 237 238 239 228 229 231 233 141 234 235 236 1335 239 240 242 19 243 244 243 265 534 957 1009 1079 1345 
21 176 187 193 195 198 227 235 236 241 229 231 141 240 19 243 265 534 957 1009 1079 1345 
40 176 187 193 195 198 227 229 230 231 235 236 237 238 239 241 227 228 229 231 233 141 234 235 236 957 239 240 241 242 1079 19 244 264 260 265 534 957 1009 1079 1345 
28 176 187 193 195 198 227 229 230 235 236 237 238 239 241 243 229 231 141 259 526 240 19 265 534 957 1009 1079 1345 
6 246 247 248 19 249 250 
23 245 247 19 249 250 664 665 666 667 777 1067 1068 1389 1390 1391 1392 1393 1394 1395 1396 1397 1398 1399 
33 226 245 246 19 249 248 249 250 471 472 473 664 665 666 667 777 833 834 1067 1068 1117 1118 1119 1120 1180 1181 1182 1183 1232 1389 1393 1394 1398 
33 66 245 1180 247 226 19 249 250 67 412 664 665 666 667 777 808 851 984 1051 1067 1068 1389 1390 1391 1392 1393 1394 1395 1396 1397 1398 1399 1400 
38 226 245 246 247 248 833 247 226 472 834 19 473 250 471 472 473 664 665 666 667 777 833 834 1067 1068 1117 1118 1119 1120 1180 1181 1182 1183 1232 1389 1393 1394 1398 
26 245 1389 246 247 1068 248 19 249 664 665 666 667 777 1067 1068 1389 1390 1391 1392 1393 1394 1395 1396 1397 1398 1399 
1 19 
4 253 19 505 1091 
34 252 505 961 1091 1092 1034 291 19 1093 645 505 732 753 754 755 756 757 758 759 760 761 762 763 764 765 766 961 1033 1034 1035 1091 1092 1093 1374 
1 19 
6 189 256 189 19 257 257 
2 255 19 
10 189 255 255 169 181 189 190 19 194 196 
15 141 259 260 261 262 263 19 264 265 195 266 267 268 260 264 
51 198 231 233 244 258 168 169 170 161 171 172 173 141 174 526 175 153 176 177 178 179 180 181 182 183 1400 23 184 185 186 187 959 188 189 190 19 191 192 193 194 195 196 197 115 198 199 260 262 525 959 1400 
40 231 232 258 258 1269 231 232 141 259 526 1009 176 527 1203 261 533 262 1400 240 187 529 959 1079 19 243 193 264 265 195 266 267 198 261 262 264 266 267 533 1201 1203 
25 232 236 258 260 141 260 176 1203 262 187 19 193 264 265 195 266 267 198 262 264 266 267 533 1201 1203 
33 141 232 258 260 261 525 1201 232 259 260 176 527 1203 261 533 1400 240 187 529 959 1079 19 193 264 265 195 266 267 264 266 267 1201 1203 
10 66 258 296 297 808 19 325 436 737 1400 
22 232 243 258 260 261 262 258 232 141 260 1203 261 262 1079 19 266 267 266 267 533 1201 1203 
26 231 233 234 236 258 260 261 262 228 229 231 233 141 234 235 236 239 240 241 242 19 243 244 268 1009 1203 
20 229 232 258 260 261 262 264 229 141 260 1203 261 262 19 264 267 267 533 1201 1203 
20 232 239 258 260 261 262 264 266 141 260 1203 261 533 262 19 264 266 533 1201 1203 
11 231 233 234 258 229 231 141 240 19 265 1203 
16 66 89 560 774 108 109 19 110 109 366 692 740 774 110 1207 107 
1 19 
12 131 125 126 131 132 19 133 134 135 272 136 272 
14 128 271 271 125 126 128 131 132 19 133 134 135 136 1060 
3 153 307 19 
3 275 19 276 
9 274 19 276 885 886 887 888 1031 1377 
3 274 275 19 
58 278 279 280 281 282 283 284 285 286 19 287 288 278 279 280 281 283 285 286 287 288 308 309 310 331 332 389 390 391 415 416 417 418 520 606 646 647 693 725 726 768 769 770 772 773 774 775 836 873 972 91 1215 1337 1339 1353 1362 1363 1364 
66 277 277 279 331 151 280 332 281 282 283 284 285 286 19 287 288 279 280 281 282 283 285 286 287 288 308 309 310 331 332 389 390 391 415 416 417 418 520 606 646 647 693 725 726 744 767 768 769 770 772 773 774 775 836 873 972 91 1215 1216 1337 1339 1340 1353 1362 1363 1364 
64 277 278 277 278 280 281 282 283 284 285 286 19 287 288 725 726 280 281 282 283 285 286 287 288 308 309 310 331 332 389 390 391 415 416 417 418 520 606 646 647 693 725 726 767 768 769 770 772 773 774 775 836 873 972 91 1215 1216 1337 1339 1340 1353 1362 1363 1364 
76 66 277 278 279 277 278 279 647 281 774 282 283 285 286 19 1080 287 288 281 282 283 285 286 287 288 293 308 309 310 325 331 332 389 390 391 415 416 417 418 520 606 646 647 693 725 726 740 767 768 769 770 772 773 774 775 835 836 873 958 972 1010 1051 91 1196 1197 1198 1215 1216 1337 1338 1339 1340 1353 1362 1363 1364 
62 277 278 279 280 277 278 279 280 282 283 284 285 286 19 287 288 282 283 285 286 287 288 308 309 310 331 332 389 390 391 415 416 417 418 520 606 646 647 693 725 726 767 768 769 770 772 773 774 775 836 873 972 91 1215 1216 1337 1339 1340 1353 1362 1363 1364 
80 277 278 279 280 281 278 415 279 835 770 1337 647 1362 1086 772 1216 280 141 1010 281 836 774 768 383 283 1079 285 286 19 1080 287 288 973 293 725 283 285 286 287 288 308 309 310 331 332 389 390 391 415 416 417 418 520 606 646 647 693 725 726 767 768 769 770 772 773 774 775 836 873 972 91 1215 1216 1337 1339 1340 1353 1362 1363 1364 
71 66 277 278 279 280 281 282 277 278 279 1215 1337 647 151 91 280 332 281 282 693 284 285 286 19 287 288 285 286 287 288 308 309 310 331 332 389 390 391 415 416 417 418 520 606 646 647 693 725 726 767 768 769 770 772 773 774 775 836 873 972 91 1079 1215 1216 1337 1339 1340 1353 1362 1363 1364 
47 277 278 279 281 283 19 285 286 287 288 308 309 310 331 332 389 390 391 415 416 417 418 520 606 646 647 693 725 726 768 769 770 772 773 774 775 836 873 972 91 1215 1337 1339 1353 1362 1363 1364 
65 277 278 279 280 281 282 283 277 278 279 1337 647 280 1010 281 282 283 284 286 19 287 288 286 287 288 308 309 310 331 332 389 390 391 415 416 417 418 520 606 646 647 693 725 726 767 768 769 770 772 773 774 775 836 873 972 91 1215 1216 1337 1339 1340 1353 1362 1363 1364 
67 66 277 278 279 280 281 282 283 285 277 278 279 769 280 281 1339 282 283 284 285 19 287 288 287 288 308 309 310 331 332 389 390 391 415 416 417 418 520 606 646 647 693 725 726 767 768 769 770 772 773 774 775 836 871 873 972 992 91 1215 1216 1337 1339 1340 1353 1362 1363 1364 
67 277 278 279 280 281 282 283 285 286 277 278 389 279 1215 390 1216 280 281 282 283 284 285 286 19 775 288 288 308 309 310 331 332 389 390 391 415 416 417 418 520 606 646 647 693 725 726 767 768 769 770 772 773 774 775 836 873 972 91 1215 1216 1337 1339 1340 1353 1362 1363 1364 
65 277 278 279 280 281 282 283 285 286 287 277 278 279 647 280 1010 281 282 283 284 285 286 19 287 308 309 310 331 332 389 390 391 415 416 417 418 520 606 646 647 693 725 726 744 767 768 769 770 772 773 774 775 836 873 972 91 1215 1216 1337 1339 1340 1353 1362 1363 1364 
6 113 820 19 645 87 1316 
3 19 115 909 
26 66 172 177 184 253 19 292 87 366 421 612 811 812 813 814 815 816 817 818 821 822 90 961 1108 1237 1319 
8 66 291 19 87 366 740 786 795 
22 66 282 743 1338 280 744 141 481 1339 527 820 19 581 747 298 748 973 478 92 93 1337 1386 
4 24 23 19 21 
3 296 297 19 
19 263 295 425 488 620 807 489 297 19 740 297 425 488 489 620 740 807 808 963 
21 263 295 296 425 488 620 807 963 489 296 808 19 740 425 488 489 620 740 807 808 963 
58 133 293 19 408 409 414 537 623 624 625 626 627 628 629 630 631 632 633 634 635 636 637 638 639 640 641 695 696 697 698 699 700 740 746 752 779 826 851 892 893 947 948 949 950 951 952 984 1002 1003 1004 1005 1051 1052 1117 1182 1271 1337 1364 
1 19 
6 66 19 538 811 987 1177 
1 19 
1 19 
10 125 126 131 132 19 133 134 135 136 1312 
10 66 86 465 466 467 468 469 470 19 327 
6 66 86 751 19 751 1124 
5 66 184 86 19 644 
10 66 273 86 87 317 319 19 322 323 1192 
15 277 278 279 280 309 281 310 282 283 284 285 286 19 287 288 
15 308 277 278 279 280 281 282 283 284 285 286 19 287 288 310 
16 308 277 278 279 647 280 309 281 282 283 284 285 286 19 287 288 
1 19 
2 313 19 
3 312 153 19 
2 125 19 
16 316 317 318 319 320 321 19 322 323 166 316 318 320 321 323 905 
25 315 315 501 902 317 318 319 320 502 503 504 321 19 322 806 323 318 320 321 501 502 503 504 806 902 
39 162 307 315 316 319 162 109 19 322 323 318 319 320 321 322 323 501 502 503 504 661 662 805 806 898 899 900 901 902 903 904 905 906 907 908 1265 1294 1295 1296 
25 315 316 315 805 902 316 317 319 320 502 503 504 321 19 322 806 323 320 321 502 503 504 805 806 902 
36 307 315 316 317 318 317 19 322 323 320 321 322 323 501 502 503 504 661 662 805 806 898 899 900 901 902 903 904 905 906 907 908 1265 1294 1295 1296 
21 315 316 318 315 316 317 318 319 502 503 504 321 19 322 806 323 321 502 503 504 806 
23 315 316 318 320 315 902 316 317 318 319 320 502 503 504 19 322 806 323 502 503 504 806 902 
36 307 315 316 317 318 319 320 321 317 319 19 323 323 501 502 503 504 661 662 805 806 898 899 900 901 902 903 904 905 906 907 908 1265 1294 1295 1296 
53 307 315 316 317 318 319 320 321 322 315 501 805 898 899 900 901 902 317 903 904 905 906 319 907 1294 1295 1296 19 322 908 501 502 503 504 661 662 805 806 898 899 900 901 902 903 904 905 906 907 908 1265 1294 1295 1296 
2 141 19 
4 280 141 263 19 
5 327 19 328 327 328 
10 66 326 326 155 304 1071 140 19 1072 328 
4 326 326 327 19 
4 173 19 330 330 
3 329 329 19 
15 278 277 278 279 280 281 282 283 284 285 286 19 287 288 768 
15 278 283 277 278 279 280 281 282 283 284 285 286 19 287 288 
19 334 335 336 337 338 339 340 341 342 343 344 345 346 347 19 348 337 339 341 
49 140 333 1014 340 342 343 1172 346 347 19 348 335 336 337 338 339 340 341 342 343 344 345 346 347 348 440 609 610 611 613 614 615 616 617 618 974 1169 1170 1171 1172 1173 1174 1175 1176 1177 1178 1179 1317 1318 
26 333 334 336 338 339 340 613 342 343 344 614 345 346 347 19 348 336 337 338 339 340 341 344 345 440 974 
28 333 335 440 974 334 335 338 339 340 354 422 343 344 345 346 347 19 348 337 338 339 340 341 342 344 345 440 974 
22 333 333 334 335 336 338 339 340 341 342 343 344 345 346 347 19 348 339 341 342 1024 1173 
25 333 335 336 337 334 335 336 339 340 342 343 344 345 346 347 19 348 339 340 341 342 344 345 440 974 
28 333 335 336 337 338 333 334 335 336 337 338 340 341 342 343 344 345 346 347 19 348 340 341 342 344 345 440 974 
53 140 333 334 335 336 337 338 339 334 335 336 338 339 342 343 344 345 346 347 19 348 341 342 343 344 345 346 347 348 440 609 610 611 613 614 615 616 617 618 974 1169 1170 1171 1172 1173 1174 1175 1176 1177 1178 1179 1317 1318 
20 333 337 339 333 334 335 336 337 338 339 340 342 343 344 345 346 347 19 348 342 
70 140 333 334 335 337 338 339 340 341 974 1014 1169 1317 334 336 337 338 339 1171 340 341 1017 613 140 343 344 1172 1173 614 1174 345 346 1176 347 616 617 618 1177 19 1178 348 343 344 345 346 347 348 440 609 610 611 613 614 615 616 617 618 974 1169 1170 1171 1172 1173 1174 1175 1176 1177 1178 1179 1318 
47 140 333 334 335 336 337 338 339 340 341 342 334 340 342 346 347 19 348 344 345 346 347 348 440 609 610 611 613 614 615 616 617 618 974 1169 1170 1171 1172 1173 1174 1175 1176 1177 1178 1179 1317 1318 
25 333 335 336 337 338 339 340 341 342 334 335 336 338 339 340 342 343 345 346 347 19 348 345 440 974 
25 333 335 336 337 338 339 340 341 342 344 334 335 336 338 339 340 342 343 344 346 347 19 348 440 974 
48 140 333 334 335 336 337 338 339 340 341 342 343 344 345 334 340 342 343 1172 347 19 348 347 348 440 609 610 611 613 614 615 616 617 618 974 1169 1170 1171 1172 1173 1174 1175 1176 1177 1178 1179 1317 1318 
58 140 333 334 335 336 337 338 339 340 341 342 343 344 345 346 1169 334 1170 1171 340 342 343 1173 1174 1175 346 1176 1177 19 1178 1318 348 1179 348 440 609 610 611 613 614 615 616 617 618 974 1169 1170 1171 1172 1173 1174 1175 1176 1177 1178 1179 1317 1318 
51 140 333 334 335 336 337 338 339 340 341 342 343 344 345 346 347 334 340 342 343 615 346 347 616 617 618 19 440 609 610 611 613 614 615 616 617 618 974 1169 1170 1171 1172 1173 1174 1175 1176 1177 1178 1179 1317 1318 
6 68 68 19 350 350 556 
7 68 349 68 349 19 366 556 
25 112 352 353 354 355 356 357 358 359 360 19 361 362 363 352 354 355 356 357 358 359 360 361 362 363 
24 351 351 353 354 355 356 357 358 359 360 19 361 362 363 354 355 356 357 358 359 360 361 362 363 
38 66 351 352 19 115 355 356 357 358 359 360 361 362 363 436 570 571 572 584 585 587 588 589 592 594 595 596 598 599 600 601 602 837 909 910 1238 1240 1357 
32 112 113 66 336 351 352 351 352 355 112 356 357 358 359 360 19 361 362 363 115 355 356 357 358 359 360 361 362 363 655 827 1316 
24 351 352 354 351 352 353 354 356 357 358 359 360 19 361 362 363 356 357 358 359 360 361 362 363 
24 351 352 354 355 351 352 353 354 355 357 358 359 360 19 361 362 363 357 358 359 360 361 362 363 
24 351 352 354 355 356 351 352 353 354 355 356 358 359 360 19 361 362 363 358 359 360 361 362 363 
24 351 352 354 355 356 357 351 352 353 354 355 356 357 359 360 19 361 362 363 359 360 361 362 363 
24 351 352 354 355 356 357 358 351 352 353 354 355 356 357 358 360 19 361 362 363 360 361 362 363 
24 351 352 354 355 356 357 358 359 351 352 353 354 355 356 357 358 359 19 361 362 363 361 362 363 
24 351 352 354 355 356 357 358 359 360 351 352 353 354 355 356 357 358 359 360 19 362 363 362 363 
24 351 352 354 355 356 357 358 359 360 361 351 352 353 354 355 356 357 358 359 360 19 361 363 363 
24 351 352 354 355 356 357 358 359 360 361 362 351 352 353 354 355 356 357 358 359 360 19 361 362 
6 66 1010 19 366 786 1010 
4 66 19 366 1400 
17 66 89 109 556 364 140 39 291 108 109 19 292 365 41 269 350 1207 
8 368 369 140 370 371 372 19 373 
18 140 367 1015 1016 1219 140 1019 1220 1020 1021 19 1024 369 370 371 372 373 1318 
9 367 368 140 371 19 370 371 372 373 
8 367 368 369 140 371 372 19 373 
9 367 369 370 368 369 140 19 372 373 
7 367 370 368 369 140 371 19 
7 367 370 368 369 140 371 19 
18 375 376 377 378 379 380 381 382 383 384 385 19 386 387 388 376 377 387 
12 374 379 381 383 384 385 19 387 376 377 382 387 
16 374 374 375 999 378 379 380 381 382 383 384 385 19 386 387 388 
16 374 374 375 999 378 379 380 381 382 383 384 385 19 386 387 388 
12 374 376 377 379 381 383 384 385 19 387 382 387 
34 374 375 376 377 378 1209 1210 999 1211 1212 381 1213 383 384 385 19 380 381 382 384 386 387 388 562 569 998 999 1000 1209 1210 1211 1212 1213 1266 
12 374 376 377 379 381 383 384 385 19 387 382 387 
33 374 375 376 377 378 379 380 999 1211 379 562 383 384 385 19 387 569 382 384 386 387 388 562 569 998 999 1000 1209 1210 1211 1212 1213 1266 
17 374 376 377 375 999 378 379 380 381 383 384 385 19 386 387 388 387 
44 66 282 374 375 376 377 378 379 380 381 382 557 558 559 560 561 562 563 92 564 565 385 19 566 387 567 568 569 384 386 387 388 562 569 689 998 999 1000 1209 1210 1211 1212 1213 1266 
32 374 375 376 377 378 379 380 381 382 999 1211 379 381 383 385 19 387 569 386 387 388 562 569 998 999 1000 1209 1210 1211 1212 1213 1266 
40 66 374 375 376 377 378 379 380 381 382 383 384 19 569 386 387 388 557 558 559 560 561 562 563 564 565 566 567 568 569 729 998 999 1000 1209 1210 1211 1212 1213 1266 
12 374 376 377 382 379 381 383 384 385 19 387 387 
34 374 375 376 377 378 380 381 382 383 384 386 374 375 999 378 379 380 381 382 383 384 385 19 386 388 388 560 561 562 564 565 566 567 569 
12 374 376 377 382 387 379 381 383 384 385 19 387 
17 287 277 278 279 390 280 391 281 282 283 284 285 286 19 287 288 390 
17 287 389 277 278 389 279 280 1010 281 282 283 284 285 286 19 287 288 
14 389 277 278 279 280 281 282 283 284 285 286 19 287 288 
7 105 393 106 19 394 393 841 
7 392 392 105 106 19 394 841 
19 105 392 393 804 1050 988 105 106 19 678 679 680 681 804 842 846 988 989 1050 
4 396 19 396 602 
3 395 395 19 
8 161 398 19 399 400 401 402 166 
10 166 397 161 19 399 400 401 402 166 402 
15 166 397 398 161 19 400 402 166 400 401 402 733 778 940 1122 
16 166 397 398 399 161 19 399 401 402 166 401 402 733 778 940 1122 
14 166 397 398 400 161 19 399 400 402 166 402 733 778 940 
17 166 397 398 399 400 401 161 398 19 399 400 401 166 733 778 940 1122 
4 19 192 66 1081 
6 145 142 143 145 146 19 
2 406 19 
5 405 1297 19 1259 1297 
1 19 
3 413 19 298 
6 413 414 19 298 699 893 
3 155 155 19 
13 155 155 512 513 514 515 516 19 512 513 514 515 516 
3 248 19 1052 
5 408 409 19 414 893 
4 409 413 19 298 
21 66 282 277 278 279 416 280 281 417 418 282 283 284 285 286 19 287 288 416 417 418 
16 415 277 278 415 279 280 281 418 282 283 284 285 286 19 287 288 
15 415 277 278 415 279 280 281 282 283 284 285 286 19 287 288 
16 415 416 277 278 415 279 280 281 282 283 284 285 286 19 287 288 
7 420 421 422 423 424 19 420 
26 419 419 1302 1303 421 422 1304 423 424 19 1305 1306 1307 421 423 424 517 890 1302 1303 1304 1305 1306 1307 1309 1324 
21 419 420 420 1303 422 291 423 424 19 423 424 517 890 1302 1303 1304 1305 1306 1307 1309 1324 
20 66 87 336 419 420 421 424 19 423 424 517 890 1302 1303 1304 1305 1306 1307 1309 1324 
19 419 420 421 420 421 422 424 19 424 517 890 1302 1303 1304 1305 1306 1307 1309 1324 
20 419 420 421 422 423 420 421 422 423 19 517 890 1302 1303 1304 1305 1306 1307 1309 1324 
5 296 297 296 297 19 
15 427 428 429 430 431 432 433 434 435 436 19 437 438 439 434 
35 426 428 429 430 431 432 433 434 435 436 19 437 438 439 428 429 430 431 432 433 434 435 436 437 438 439 941 942 943 944 945 946 1165 1240 1349 
35 426 427 427 429 430 431 432 433 434 435 436 19 437 438 439 429 430 431 432 433 434 435 436 437 438 439 941 942 943 944 945 946 1165 1240 1349 
35 426 427 428 427 428 430 431 432 433 434 435 436 19 437 438 439 430 431 432 433 434 435 436 437 438 439 941 942 943 944 945 946 1165 1240 1349 
35 426 427 428 429 427 428 429 431 432 433 434 435 436 19 437 438 439 431 432 433 434 435 436 437 438 439 941 942 943 944 945 946 1165 1240 1349 
35 426 427 428 429 430 427 428 429 430 432 433 434 435 436 19 437 438 439 432 433 434 435 436 437 438 439 941 942 943 944 945 946 1165 1240 1349 
35 426 427 428 429 430 431 427 428 429 430 431 433 434 435 436 19 437 438 439 433 434 435 436 437 438 439 941 942 943 944 945 946 1165 1240 1349 
35 426 427 428 429 430 431 432 427 428 429 430 431 432 434 435 436 19 437 438 439 434 435 436 437 438 439 941 942 943 944 945 946 1165 1240 1349 
38 426 427 428 429 430 431 432 433 426 427 1240 1349 428 429 430 431 432 433 435 436 19 437 438 439 435 436 437 438 439 941 942 943 944 945 946 1165 1240 1349 
41 426 427 428 429 430 431 432 433 434 427 941 428 429 942 943 430 431 432 433 434 944 945 436 946 19 437 438 439 436 437 438 439 941 942 943 944 945 946 1165 1240 1349 
42 426 427 428 429 430 431 432 433 434 435 427 428 429 161 353 430 431 153 432 177 433 434 435 263 23 184 19 437 438 439 437 438 439 941 942 943 944 945 946 1165 1240 1349 
35 426 427 428 429 430 431 432 433 434 435 436 427 428 429 430 431 432 433 434 435 436 19 438 439 438 439 941 942 943 944 945 946 1165 1240 1349 
35 426 427 428 429 430 431 432 433 434 435 436 437 427 428 429 430 431 432 433 434 435 436 19 437 439 439 941 942 943 944 945 946 1165 1240 1349 
35 426 427 428 429 430 431 432 433 434 435 436 437 438 427 428 429 430 431 432 433 434 435 436 19 437 438 941 942 943 944 945 946 1165 1240 1349 
16 336 334 335 336 338 339 340 342 343 344 345 346 347 19 348 974 
9 442 443 444 19 445 442 443 444 445 
4 441 441 19 796 
3 441 441 19 
3 441 441 19 
4 441 441 19 796 
25 199 447 448 449 450 451 452 453 454 455 456 457 19 458 459 448 449 450 451 452 453 454 455 456 459 
24 199 446 448 449 450 451 452 453 455 456 19 458 459 448 449 450 451 452 453 454 455 456 457 459 
26 446 447 446 447 449 450 451 452 453 454 456 457 19 458 459 449 450 451 452 453 454 455 456 457 458 459 
26 199 446 447 448 446 447 448 450 451 452 453 454 456 457 19 458 459 450 451 452 453 454 455 456 457 459 
26 199 446 447 448 449 446 447 448 449 451 452 453 454 456 457 19 458 459 451 452 453 454 455 456 457 459 
26 199 446 447 448 449 450 446 447 448 449 450 452 453 454 456 457 19 458 459 452 453 454 455 456 457 459 
26 199 446 447 448 449 450 451 446 447 448 449 450 451 453 454 456 457 19 458 459 453 454 455 456 457 459 
27 199 446 447 448 449 450 451 452 446 447 448 449 450 451 452 454 455 456 457 19 458 459 454 455 456 457 459 
24 199 446 448 449 450 451 452 453 446 447 448 449 450 451 452 453 456 457 19 458 459 455 456 459 
18 446 447 453 446 447 448 449 450 451 452 453 454 456 457 19 458 459 457 
26 199 446 447 448 449 450 451 452 453 454 455 446 447 448 449 450 451 452 453 454 457 19 458 459 457 459 
24 199 446 448 449 450 451 452 453 454 455 456 447 448 449 450 451 452 453 455 456 19 458 459 459 
16 199 446 447 448 449 450 451 452 453 454 455 456 457 448 19 459 
26 199 446 447 448 449 450 451 452 453 454 455 456 457 446 447 448 449 450 451 452 453 454 456 457 19 458 
9 461 462 463 464 19 461 462 463 464 
8 460 460 462 463 464 19 462 463 
8 460 461 460 461 463 464 19 463 
8 460 461 462 460 461 462 464 19 
7 66 460 461 462 463 460 19 
10 304 466 467 469 470 19 466 467 469 470 
10 304 465 465 467 469 470 19 467 469 470 
10 304 465 466 465 466 469 470 19 469 470 
4 304 469 19 469 
12 304 465 466 467 468 465 466 467 468 470 19 470 
10 304 465 466 467 469 465 466 467 469 19 
6 247 472 19 249 473 473 
10 226 249 471 1117 247 226 1120 19 249 1117 
12 249 471 471 1232 247 1182 1183 19 249 1180 1183 1232 
2 161 19 
10 126 125 126 131 132 19 133 134 135 136 
15 477 478 479 480 481 482 483 484 485 486 487 19 482 483 485 
46 158 476 1102 158 1103 478 479 480 481 1104 484 485 1105 486 487 1106 19 1107 478 479 480 481 482 483 484 485 486 487 581 648 745 746 1102 1103 1104 1105 1106 1107 1137 1138 1161 1320 1321 1386 1387 1388 
46 158 476 477 477 1161 1320 1386 1387 479 745 480 481 484 486 487 19 746 293 479 480 481 482 483 484 485 486 487 581 648 744 745 746 1102 1103 1104 1105 1106 1107 1137 1138 1161 1320 1321 1386 1387 1388 
38 158 476 477 478 477 478 480 481 484 486 487 19 480 481 482 483 484 485 486 487 581 648 745 746 1102 1103 1104 1105 1106 1107 1137 1138 1161 1320 1321 1386 1387 1388 
38 158 476 477 478 479 477 478 479 481 484 486 487 19 481 482 483 484 485 486 487 581 648 745 746 1102 1103 1104 1105 1106 1107 1137 1138 1161 1320 1321 1386 1387 1388 
44 158 293 476 477 478 479 480 477 1137 1320 478 479 480 484 1388 486 487 1321 19 482 483 484 485 486 487 581 648 745 746 973 1102 1103 1104 1105 1106 1107 1137 1138 1161 1320 1321 1386 1387 1388 
15 476 476 477 478 479 480 481 483 484 485 486 487 19 483 485 
15 476 482 476 477 478 479 480 481 482 484 485 486 487 19 485 
38 158 476 477 478 479 480 481 482 483 477 478 479 480 481 486 487 19 485 486 487 581 648 745 746 1102 1103 1104 1105 1106 1107 1137 1138 1161 1320 1321 1386 1387 1388 
16 476 477 482 483 476 477 478 479 480 481 482 483 484 486 487 19 
38 158 476 477 478 479 480 481 482 483 484 485 477 478 479 480 481 484 487 19 487 581 648 745 746 1102 1103 1104 1105 1106 1107 1137 1138 1161 1320 1321 1386 1387 1388 
39 158 476 477 478 479 480 481 482 483 484 485 486 477 478 479 480 481 484 486 1321 19 581 648 745 746 1102 1103 1104 1105 1106 1107 1137 1138 1161 1320 1321 1386 1387 1388 
6 296 297 489 296 297 19 
6 296 297 488 296 297 19 
1 19 
13 133 125 492 126 131 132 493 19 133 134 135 494 136 
13 129 491 125 126 129 131 132 1185 19 133 134 135 136 
10 491 125 126 131 132 19 133 134 135 136 
24 128 129 491 125 126 131 132 19 133 134 135 136 604 750 853 969 970 1060 1083 1134 1225 1311 1313 1367 
6 496 497 498 499 500 19 
18 495 125 140 497 498 499 500 19 581 498 499 500 955 956 958 1072 1354 1361 
12 495 496 19 498 499 500 955 956 958 1072 1354 1361 
19 495 496 496 955 956 497 499 958 500 1361 19 499 500 955 956 958 1072 1354 1361 
15 495 496 498 496 497 498 500 19 500 955 956 958 1072 1354 1361 
15 495 496 498 499 496 497 498 499 19 955 956 958 1072 1354 1361 
16 316 323 316 317 319 502 503 504 19 322 323 166 502 503 504 905 
27 316 318 320 321 501 501 316 317 318 319 320 503 504 321 1294 1295 1296 19 322 806 323 503 504 806 1294 1295 1296 
21 316 318 320 321 501 502 501 316 317 318 319 320 502 504 321 19 322 806 323 504 806 
23 316 318 320 321 501 502 503 501 316 317 318 319 320 502 503 321 1295 19 322 806 323 806 1295 
20 177 253 252 732 753 754 755 756 757 758 253 759 760 761 762 19 763 764 765 766 
1 19 
16 185 535 536 537 538 185 19 535 536 537 538 539 540 541 542 1400 
8 509 510 19 509 510 535 537 1013 
6 508 508 510 19 510 1013 
6 508 509 508 509 19 1013 
1 19 
12 411 155 513 514 411 515 516 19 513 514 515 516 
12 411 512 155 512 514 411 515 516 19 514 515 516 
12 411 512 513 155 512 513 411 515 516 19 515 516 
12 411 512 513 514 155 512 513 514 411 516 19 516 
12 411 512 513 514 515 155 512 513 514 411 515 19 
6 420 421 422 423 424 19 
9 519 520 521 522 19 523 524 522 523 
7 518 19 524 66 522 523 524 
17 518 277 278 279 280 281 282 283 284 285 286 19 287 288 522 523 958 
5 518 19 522 523 1080 
9 518 518 519 520 521 19 523 524 523 
9 518 522 518 519 520 521 522 19 524 
7 518 519 522 523 151 519 19 
13 141 235 262 229 231 141 259 526 527 528 240 529 19 
8 231 244 259 260 525 141 19 529 
13 231 234 260 262 293 525 727 1290 141 728 19 1203 1337 
7 525 229 231 141 240 19 1335 
14 231 234 260 262 525 229 231 141 526 236 239 240 19 1203 
1 19 
1 19 
4 170 170 123 19 
14 193 231 239 260 262 267 141 260 1203 261 19 264 266 267 
15 228 229 231 233 141 234 235 236 239 240 241 242 19 243 244 
22 185 507 508 536 170 537 538 539 540 185 541 507 188 19 542 536 537 538 539 540 541 542 
15 185 507 535 535 537 538 185 507 19 537 538 539 540 541 542 
17 185 507 535 536 508 535 536 538 185 507 19 298 538 539 540 541 542 
16 185 507 535 536 537 535 536 537 300 185 507 19 539 540 541 542 
8 535 535 536 537 538 185 507 19 
8 535 535 536 537 538 185 507 19 
8 535 535 536 537 538 185 507 19 
8 535 535 536 537 538 185 507 19 
2 19 544 
2 543 19 
1 19 
10 547 548 549 19 550 551 552 553 554 547 
20 546 546 548 549 19 550 551 552 553 554 548 549 550 551 552 553 554 690 691 692 
19 546 547 547 549 19 550 551 552 553 554 549 550 551 552 553 554 690 691 692 
22 546 547 548 690 547 691 548 19 550 551 552 553 692 554 550 551 552 553 554 690 691 692 
19 546 547 548 549 547 548 549 19 551 552 553 554 551 552 553 554 690 691 692 
20 546 547 548 549 550 547 140 548 549 19 550 552 553 554 552 553 554 690 691 692 
18 546 547 548 549 550 551 547 548 549 19 550 551 553 554 553 690 691 692 
19 546 547 548 549 550 551 552 547 548 549 19 550 551 552 554 554 690 691 692 
31 105 546 547 548 549 550 551 552 553 547 87 622 140 548 549 19 550 551 553 690 691 692 782 783 784 786 789 791 795 810 884 
1 19 
7 66 67 366 68 349 19 350 
25 383 558 559 560 561 562 563 564 565 385 19 566 567 568 569 558 559 560 561 563 564 565 566 567 568 
26 383 557 557 559 560 561 562 563 564 565 385 19 566 567 568 569 559 560 561 563 564 565 566 567 568 729 
25 383 557 558 557 558 560 561 562 563 564 565 385 19 566 567 568 569 560 561 563 564 565 566 567 568 
28 269 383 557 558 559 557 558 559 561 562 563 564 565 385 19 566 387 567 568 569 561 563 564 565 566 567 568 729 
27 383 557 558 559 560 557 558 559 560 562 563 564 565 385 19 566 387 567 568 569 563 564 565 566 567 568 729 
22 381 383 557 558 559 560 561 999 1211 379 381 383 384 385 19 387 569 563 565 566 567 569 
25 383 557 558 559 560 561 557 558 559 560 561 562 564 565 385 19 566 567 568 569 564 565 566 567 568 
26 383 557 558 559 560 561 563 557 558 559 560 561 563 565 385 19 566 387 567 568 569 565 566 567 568 729 
27 383 557 558 559 560 561 563 564 557 558 559 560 561 562 563 564 385 19 566 387 567 568 569 566 567 568 729 
27 383 557 558 559 560 561 563 564 565 557 558 559 560 561 562 563 564 565 385 19 387 567 568 569 567 568 729 
27 383 557 558 559 560 561 563 564 565 566 557 558 559 560 561 562 563 564 565 385 19 566 387 568 569 568 729 
25 383 557 558 559 560 561 563 564 565 566 567 557 558 559 560 561 563 564 565 385 19 566 567 569 999 
34 105 66 381 383 384 385 557 558 559 560 561 562 563 564 565 566 567 568 999 1211 379 562 381 383 384 385 19 387 729 998 999 1000 1211 1266 
7 353 571 19 572 584 602 909 
25 113 115 66 182 87 570 353 19 572 572 584 585 587 588 589 592 594 595 596 599 600 601 602 1316 1357 
24 112 66 144 570 571 585 586 587 353 571 588 1357 592 594 595 596 598 599 600 19 602 589 601 938 
4 184 19 574 574 
4 573 573 184 19 
6 576 577 578 19 579 580 
11 575 789 577 578 19 579 580 577 578 579 580 
10 575 576 576 578 19 579 580 578 579 580 
10 575 576 577 576 577 19 579 580 579 580 
10 575 576 577 578 576 577 578 19 580 580 
10 575 576 577 578 579 576 577 578 19 579 
21 66 184 293 496 477 478 479 480 481 484 486 487 19 808 875 1085 92 93 1337 1386 1400 
1 19 
1 19 
23 570 585 586 587 353 571 588 589 590 591 592 593 594 595 596 597 598 599 600 601 19 602 600 
26 572 584 586 587 353 571 588 1357 594 595 596 598 599 600 19 602 587 588 592 595 596 598 599 600 602 1357 
21 572 584 585 1155 1156 1157 1158 1159 1160 19 587 588 592 594 595 596 598 599 600 602 1357 
26 572 584 585 585 586 353 571 588 1357 592 594 595 598 599 600 19 602 588 592 595 596 598 599 600 602 1357 
24 572 584 585 587 585 586 587 353 571 1357 594 595 598 599 600 19 602 592 595 596 599 600 602 1357 
7 584 353 571 19 572 602 909 
3 584 19 602 
5 584 19 115 602 909 
24 572 584 587 585 586 587 1008 353 571 588 1357 594 595 598 599 600 19 602 166 595 596 598 600 602 
4 584 19 115 602 
17 572 584 585 587 588 592 586 353 571 19 595 596 598 599 600 602 1357 
26 572 584 585 587 588 592 585 586 587 353 571 588 1357 592 594 598 599 600 19 602 596 598 599 600 602 1357 
21 572 584 585 585 586 587 353 571 588 1357 592 594 595 598 599 19 602 598 599 602 1357 
4 584 19 602 909 
25 572 584 585 587 588 592 595 596 585 586 587 353 1357 592 594 595 596 599 600 19 602 599 600 602 1357 
26 572 584 585 587 588 592 595 596 598 585 586 587 353 571 588 1158 594 595 596 598 600 19 602 600 602 1357 
26 572 584 585 587 588 592 595 598 599 584 585 586 587 353 571 588 1357 592 594 595 598 599 19 602 602 1357 
7 584 353 571 19 572 602 909 
37 572 584 585 587 588 592 595 596 598 599 600 395 570 741 1162 585 586 587 353 571 588 589 590 1357 591 592 593 594 595 596 597 598 599 600 601 19 1357 
4 35 23 184 19 
14 131 125 126 605 131 132 19 133 134 135 494 136 605 852 
17 128 129 604 125 604 1370 126 128 129 131 132 19 133 134 135 136 1370 
14 277 278 279 280 281 282 283 284 285 286 19 287 288 726 
3 608 19 608 
7 112 607 607 112 19 115 1218 
19 610 334 611 340 612 613 342 343 614 615 346 347 616 617 618 19 348 611 613 
18 609 334 340 612 613 342 343 614 615 346 347 616 617 618 19 348 611 613 
19 609 609 610 334 340 612 613 342 343 614 615 346 347 616 617 618 19 348 613 
23 609 610 611 811 812 813 814 1008 815 816 817 140 291 818 819 820 1237 19 821 822 613 815 1237 
24 335 342 609 610 611 609 610 334 611 340 612 342 343 614 615 346 347 616 617 618 19 348 614 615 
21 335 342 609 610 611 613 1317 334 340 613 342 343 615 346 347 616 617 618 19 348 615 
23 348 609 610 611 613 614 334 340 613 342 343 1172 614 346 347 616 617 618 19 348 616 617 618 
21 342 348 609 610 611 613 614 615 334 340 342 343 615 346 347 617 618 19 348 617 618 
22 342 348 609 610 611 613 614 615 616 334 340 342 343 182 615 346 347 616 618 19 348 618 
22 342 348 609 610 611 613 614 615 616 617 334 340 342 343 615 346 347 616 617 19 348 1318 
1 19 
5 296 297 296 297 19 
4 622 19 622 1121 
7 554 621 621 19 740 812 1121 
38 624 625 626 627 628 629 630 631 632 633 634 635 636 637 638 19 639 298 640 641 624 625 626 627 628 629 630 631 632 633 634 635 636 637 638 639 640 641 
38 623 623 625 626 627 628 629 630 631 632 633 634 635 636 637 638 19 639 298 640 641 625 626 627 628 629 630 631 632 633 634 635 636 637 638 639 640 641 
38 623 624 623 624 626 627 628 629 630 631 632 633 634 635 636 637 638 19 639 298 640 641 626 627 628 629 630 631 632 633 634 635 636 637 638 639 640 641 
38 623 624 625 623 624 625 627 628 629 630 631 632 633 634 635 636 637 638 19 639 298 640 641 627 628 629 630 631 632 633 634 635 636 637 638 639 640 641 
38 623 624 625 626 623 624 625 626 628 629 630 631 632 633 634 635 636 637 638 19 639 298 640 641 628 629 630 631 632 633 634 635 636 637 638 639 640 641 
38 623 624 625 626 627 623 624 625 626 627 629 630 631 632 633 634 635 636 637 638 19 639 298 640 641 629 630 631 632 633 634 635 636 637 638 639 640 641 
38 623 624 625 626 627 628 623 624 625 626 627 628 630 631 632 633 634 635 636 637 638 19 639 298 640 641 630 631 632 633 634 635 636 637 638 639 640 641 
38 623 624 625 626 627 628 629 623 624 625 626 627 628 629 631 632 633 634 635 636 637 638 19 639 298 640 641 631 632 633 634 635 636 637 638 639 640 641 
38 623 624 625 626 627 628 629 630 623 624 625 626 627 628 629 630 632 633 634 635 636 637 638 19 639 298 640 641 632 633 634 635 636 637 638 639 640 641 
38 623 624 625 626 627 628 629 630 631 623 624 625 626 627 628 629 630 631 633 634 635 636 637 638 19 639 298 640 641 633 634 635 636 637 638 639 640 641 
38 623 624 625 626 627 628 629 630 631 632 623 624 625 626 627 628 629 630 631 632 634 635 636 637 638 19 639 298 640 641 634 635 636 637 638 639 640 641 
38 623 624 625 626 627 628 629 630 631 632 633 623 624 625 626 627 628 629 630 631 632 633 635 636 637 638 19 639 298 640 641 635 636 637 638 639 640 641 
38 623 624 625 626 627 628 629 630 631 632 633 634 623 624 625 626 627 628 629 630 631 632 633 634 636 637 638 19 639 298 640 641 636 637 638 639 640 641 
38 623 624 625 626 627 628 629 630 631 632 633 634 635 623 624 625 626 627 628 629 630 631 632 633 634 635 637 638 19 639 298 640 641 637 638 639 640 641 
38 623 624 625 626 627 628 629 630 631 632 633 634 635 636 623 624 625 626 627 628 629 630 631 632 633 634 635 636 638 19 639 298 640 641 638 639 640 641 
38 623 624 625 626 627 628 629 630 631 632 633 634 635 636 637 623 624 625 626 627 628 629 630 631 632 633 634 635 636 637 19 639 298 640 641 639 640 641 
38 623 624 625 626 627 628 629 630 631 632 633 634 635 636 637 638 623 624 625 626 627 628 629 630 631 632 633 634 635 636 637 638 19 298 640 641 640 641 
38 623 624 625 626 627 628 629 630 631 632 633 634 635 636 637 638 639 623 624 625 626 627 628 629 630 631 632 633 634 635 636 637 638 19 639 298 641 641 
38 623 624 625 626 627 628 629 630 631 632 633 634 635 636 637 638 639 640 623 624 625 626 627 628 629 630 631 632 633 634 635 636 637 638 19 639 298 640 
1 19 
3 184 19 644 
6 306 643 35 23 184 19 
10 172 177 253 289 87 87 938 19 961 1142 
15 277 278 279 647 280 281 282 283 284 285 286 19 287 288 647 
28 66 280 282 283 285 288 310 646 277 278 646 279 280 281 1353 282 283 284 285 286 19 287 288 767 1216 1337 1340 1353 
9 477 478 479 480 481 484 486 487 19 
2 183 19 
1 19 
8 652 653 654 655 656 657 19 658 
4 112 651 655 19 
7 112 113 66 182 651 19 658 
3 651 655 19 
11 112 651 652 654 161 354 112 19 115 657 827 
4 112 651 19 712 
3 651 655 19 
8 112 113 182 651 112 653 19 115 
5 112 66 182 220 19 
1 19 
6 662 317 319 19 322 323 
6 661 317 319 19 322 323 
1 19 
9 246 247 248 665 666 667 19 249 250 
8 664 246 247 248 19 249 250 667 
8 664 246 247 248 19 249 250 667 
9 664 246 247 248 665 666 19 249 250 
23 669 170 670 671 672 673 674 675 19 676 669 670 671 672 673 674 675 1270 1328 1329 1330 1331 1333 
35 668 668 1270 170 1326 670 1327 1328 671 672 1329 673 1330 1331 674 1332 675 19 676 1333 670 671 672 673 674 675 1270 1326 1327 1328 1329 1330 1331 1332 1333 
26 668 669 668 669 170 671 672 673 674 675 19 676 671 672 673 674 675 1270 1326 1327 1328 1329 1330 1331 1332 1333 
29 668 669 670 668 669 170 1326 670 1327 672 673 674 1332 675 19 676 672 673 674 675 1270 1326 1327 1328 1329 1330 1331 1332 1333 
27 668 669 670 671 668 669 170 670 1328 671 673 674 675 19 676 673 674 675 1270 1326 1327 1328 1329 1330 1331 1332 1333 
26 668 669 670 671 672 668 669 170 670 671 672 674 675 19 676 674 675 1270 1326 1327 1328 1329 1330 1331 1332 1333 
26 668 669 670 671 672 673 668 669 170 670 671 672 673 675 19 676 675 1270 1326 1327 1328 1329 1330 1331 1332 1333 
27 668 669 670 671 672 673 674 668 669 170 1326 670 671 672 673 674 19 676 1270 1326 1327 1328 1329 1330 1331 1332 1333 
19 668 669 670 671 672 673 674 675 170 19 1270 1326 1327 1328 1329 1330 1331 1332 1333 
8 678 679 680 105 106 681 19 988 
16 677 840 841 842 843 844 845 846 105 106 847 848 19 849 850 394 
5 677 105 106 19 394 
5 677 105 106 19 394 
5 677 105 106 19 394 
1 19 
5 112 113 19 114 115 
5 685 686 19 115 685 
8 684 684 827 686 19 115 686 827 
6 684 685 685 19 115 828 
1 19 
1 19 
3 107 383 19 
14 549 547 691 548 549 19 550 551 552 553 692 554 691 692 
14 549 690 690 547 548 549 19 550 551 552 553 692 554 692 
16 549 690 691 690 547 691 173 548 549 19 550 551 552 553 269 554 
14 283 277 278 279 280 281 282 283 284 285 286 19 287 288 
1 19 
14 133 67 125 701 201 202 203 204 205 19 133 298 206 780 
19 947 948 949 951 19 952 298 947 948 949 950 951 952 984 1002 1003 1004 1005 1400 
6 779 19 298 698 779 984 
6 697 779 699 19 298 699 
5 698 409 698 19 298 
3 19 298 826 
14 695 125 201 202 702 203 204 703 205 19 704 206 705 706 
10 701 125 201 202 203 204 205 19 206 919 
11 701 125 201 202 203 204 205 19 704 206 919 
11 701 703 125 201 202 203 204 205 19 206 919 
11 701 125 201 202 203 1075 204 205 19 206 919 
10 701 125 201 202 203 204 205 19 206 919 
3 1186 19 1186 
10 709 711 712 19 713 709 710 711 712 713 
10 708 708 711 712 19 713 710 711 712 713 
8 708 709 711 712 19 713 110 712 
10 708 709 710 708 709 712 19 713 712 713 
12 708 709 710 711 708 709 710 711 656 19 713 713 
10 708 709 710 711 712 708 709 711 712 19 
1 19 
12 716 717 718 719 720 721 722 19 723 724 720 724 
20 715 717 718 719 720 721 722 19 723 724 717 718 719 720 721 722 723 724 1193 1365 
20 715 716 716 718 719 720 721 722 19 723 724 718 719 720 721 722 723 724 1193 1365 
20 715 716 717 716 717 719 720 721 722 19 723 724 719 720 721 722 723 724 1193 1365 
21 715 716 717 718 716 1365 717 718 720 721 722 19 723 724 720 721 722 723 724 1193 1365 
30 179 715 716 717 718 719 715 1193 716 170 1365 717 718 719 179 721 722 19 723 724 721 722 723 724 1193 1330 37 1365 1372 1400 
20 715 716 717 718 719 720 716 717 718 719 720 722 19 723 724 722 723 724 1193 1365 
20 715 716 717 718 719 720 721 716 717 718 719 720 721 19 723 724 723 724 1193 1365 
20 715 716 717 718 719 720 721 722 716 717 718 719 720 721 722 19 724 724 1193 1365 
22 715 716 717 718 719 720 721 722 723 715 1193 716 717 718 719 720 721 722 19 723 1193 1365 
16 279 282 277 278 279 280 281 773 282 283 284 285 286 19 287 288 
15 279 277 278 606 279 280 281 282 283 284 285 286 19 287 288 
5 527 141 728 19 1140 
6 527 727 141 19 1053 1073 
10 558 560 561 564 565 385 19 566 567 569 
2 731 19 
2 730 19 
4 505 253 19 1091 
7 161 19 399 400 401 402 166 
3 35 19 736 
3 35 19 736 
5 35 734 184 735 19 
7 66 738 263 739 19 740 740 
3 737 19 739 
4 737 738 19 740 
17 296 297 737 737 280 622 140 296 297 739 189 190 19 292 194 298 269 
3 602 19 909 
2 66 19 
9 293 744 745 19 746 747 748 744 747 
14 293 743 227 278 743 835 1103 478 1339 19 747 288 748 747 
13 478 743 477 1102 478 479 480 481 484 486 487 19 1386 
15 478 743 477 478 479 480 481 484 1105 486 487 19 298 1107 1386 
12 293 743 744 743 1338 744 176 187 19 193 748 198 
6 293 743 744 747 19 973 
10 125 126 131 132 19 133 134 750 135 136 
12 131 749 125 126 131 132 19 133 134 135 494 136 
3 305 305 19 
2 19 298 
5 505 253 19 1035 1091 
4 505 253 19 1091 
4 505 253 19 1091 
4 505 253 19 1091 
5 505 253 19 1035 1091 
5 505 253 19 1035 1091 
4 505 253 19 1091 
5 505 253 19 1035 1091 
4 505 253 19 1091 
4 505 253 19 1091 
4 505 253 19 1091 
4 505 253 19 1091 
5 505 253 19 1035 1091 
4 505 253 19 1091 
15 278 279 647 280 281 282 768 283 285 286 19 287 288 769 873 
20 282 767 277 278 279 331 1215 151 280 281 282 283 284 285 286 19 287 288 1216 1340 
21 286 277 278 279 767 770 771 772 280 281 773 774 282 283 284 285 286 19 775 287 288 
15 282 769 277 278 279 280 281 282 283 284 285 286 19 287 288 
6 769 872 873 19 871 872 
16 282 769 277 278 279 280 281 282 283 284 285 286 19 287 288 1337 
15 725 769 277 278 279 280 281 282 283 284 285 286 19 287 288 
18 269 280 282 769 277 278 279 280 281 282 283 284 285 286 19 287 288 269 
16 287 769 277 278 279 280 281 282 283 284 285 286 19 287 288 1339 
1 19 
7 246 247 248 19 249 250 1389 
7 161 19 399 400 401 402 166 
5 697 698 697 19 298 
15 201 202 204 206 695 125 201 1049 202 203 204 205 19 206 919 
20 782 783 784 785 786 787 788 789 790 791 19 792 793 794 795 787 790 792 793 794 
24 781 783 784 786 884 789 791 19 795 554 783 784 785 786 787 788 789 790 791 792 793 794 795 884 
24 781 782 782 784 786 884 789 791 19 795 554 784 785 786 787 788 789 790 791 792 793 794 795 884 
24 781 782 783 782 783 786 884 789 791 19 795 554 785 786 787 788 789 790 791 792 793 794 795 884 
16 781 782 783 784 786 788 789 791 19 795 787 788 790 792 793 794 
27 781 782 783 784 785 782 783 784 364 884 789 106 791 19 292 795 554 787 788 789 790 791 792 793 794 795 884 
20 781 781 782 783 784 785 786 788 789 790 791 19 792 793 794 795 790 792 793 794 
16 781 785 787 782 783 784 785 786 789 791 19 795 790 792 793 794 
25 576 781 782 783 784 785 786 787 788 782 783 784 786 884 791 19 795 554 790 791 792 793 794 795 884 
20 781 787 781 782 783 784 785 786 787 788 789 791 19 792 793 794 795 792 793 794 
24 781 782 783 784 785 786 787 788 789 790 782 783 784 786 884 789 19 795 554 792 793 794 795 884 
20 781 787 790 781 782 783 784 785 786 787 788 789 790 791 19 793 794 795 793 794 
20 781 787 790 792 781 782 783 784 785 786 787 788 789 790 791 19 792 794 795 794 
20 781 787 790 792 793 781 782 783 784 785 786 787 788 789 790 791 19 792 793 795 
25 781 782 783 784 785 786 787 788 789 790 791 792 793 794 782 783 784 786 884 789 791 19 292 554 884 
4 442 797 19 445 
2 796 19 
3 799 19 800 
2 798 19 
2 798 19 
3 189 189 19 
2 803 19 
2 802 19 
6 105 394 105 106 19 394 
11 318 323 317 318 319 19 322 806 323 806 908 
23 316 318 320 321 502 503 504 805 805 902 316 317 318 319 320 502 503 504 321 19 322 323 902 
6 296 297 296 297 808 19 
8 263 297 807 248 296 297 19 581 
6 105 810 106 19 810 848 
9 809 809 988 105 106 19 850 554 848 
26 612 812 813 814 815 816 817 140 291 300 818 819 820 19 821 822 812 813 814 815 816 817 818 821 822 1237 
26 612 811 811 813 814 815 816 817 622 140 291 818 819 820 19 821 822 813 814 815 816 817 818 821 822 1237 
25 612 811 812 811 812 814 815 816 817 140 291 818 819 820 19 821 822 814 815 816 817 818 821 822 1237 
25 612 811 812 813 811 812 813 815 816 817 140 291 818 819 820 19 821 822 815 816 817 818 821 822 1237 
26 612 811 812 813 814 811 812 813 814 612 816 817 140 291 818 819 820 19 821 822 816 817 818 821 822 1237 
25 612 811 812 813 814 815 811 812 813 814 815 817 140 291 818 819 820 19 821 822 817 818 821 822 1237 
25 612 811 812 813 814 815 816 811 812 813 814 815 816 140 291 818 819 820 19 821 822 818 821 822 1237 
25 612 811 812 813 814 815 816 817 811 812 813 814 815 816 817 140 291 819 820 19 821 822 821 822 1237 
14 66 612 811 812 813 814 815 816 817 818 19 821 822 1237 
18 66 289 293 612 811 812 813 814 815 816 817 818 1086 19 821 822 90 1237 
26 612 811 812 813 814 815 816 817 818 811 812 813 814 1008 815 816 817 140 291 818 819 820 19 822 822 1237 
25 612 811 812 813 814 815 816 817 818 821 811 812 813 814 815 816 817 140 291 818 819 820 19 821 1237 
1 19 
3 1310 19 913 
1 19 
3 19 700 298 
9 113 685 354 112 828 685 655 19 115 
7 112 827 1308 112 686 19 115 
1 19 
3 831 19 832 
8 830 19 832 975 976 977 1379 1380 
3 830 831 19 
6 249 247 834 19 249 834 
6 249 833 833 247 19 249 
5 282 744 280 836 19 
15 282 835 277 278 279 280 281 282 283 284 285 286 19 287 288 
3 353 19 115 
6 145 142 143 145 146 19 
2 153 19 
11 678 988 1027 105 1028 106 1029 19 988 1028 1029 
7 678 392 105 393 106 19 988 
10 678 986 987 105 989 106 19 394 988 1336 
8 105 678 105 106 19 848 986 988 
7 105 678 988 105 106 19 988 
6 678 105 106 19 988 1023 
6 678 105 106 19 394 988 
5 678 105 106 19 988 
9 678 809 988 843 105 810 106 19 988 
10 105 106 678 104 159 1243 105 106 19 988 
8 105 678 810 988 105 106 19 988 
3 248 19 298 
11 125 604 126 131 132 19 133 134 135 136 853 
12 131 852 125 126 131 132 19 133 134 135 494 136 
1 19 
1 19 
1 19 
1 19 
12 1187 1188 1089 863 19 867 1189 863 867 1187 1188 1189 
1 19 
1 19 
2 1089 19 
1 19 
12 858 1187 1188 858 1089 19 867 1189 867 1187 1188 1189 
1 19 
1 19 
1 19 
12 858 863 1187 1188 858 1089 863 19 1189 1187 1188 1189 
1 19 
1 19 
3 1186 19 1186 
6 771 872 873 286 19 1339 
5 771 871 771 873 19 
17 771 871 872 277 278 279 767 280 281 282 283 284 285 286 19 287 288 
4 875 876 19 877 
22 192 874 876 19 877 581 1081 876 877 881 882 883 1085 1108 1109 1110 1111 1112 1113 1164 1229 1230 
20 192 874 875 875 19 877 877 881 882 883 1085 1108 1109 1110 1111 1112 1113 1164 1229 1230 
23 874 875 876 1108 1164 882 875 876 1230 19 881 882 883 1085 1108 1109 1110 1111 1112 1113 1164 1229 1230 
1 19 
10 125 126 131 132 19 133 134 135 136 1311 
3 213 215 19 
6 882 875 876 19 877 883 
8 192 877 881 875 876 19 877 1109 
6 881 875 876 19 877 1085 
16 782 783 784 786 789 791 795 782 783 784 786 789 791 19 795 554 
10 886 887 275 888 19 886 887 888 1031 1377 
10 885 885 887 275 888 19 887 888 1031 1377 
11 885 886 885 1031 886 275 888 19 888 1031 1377 
10 885 886 887 885 886 887 275 19 1031 1377 
3 125 19 1127 
6 420 421 422 423 424 19 
1 19 
2 19 298 
4 413 409 19 298 
9 196 895 896 897 19 196 895 896 897 
9 196 894 894 896 897 19 196 896 897 
9 196 894 895 894 895 897 19 196 897 
9 196 894 895 896 894 895 896 19 196 
25 323 899 900 901 902 317 903 904 905 906 319 907 19 322 908 323 899 900 901 903 904 905 906 907 908 
25 323 898 898 900 901 317 903 904 905 906 319 182 907 19 322 908 323 900 901 903 904 905 906 907 908 
24 323 898 899 898 899 901 317 903 904 905 906 319 907 19 322 908 323 901 903 904 905 906 907 908 
27 323 898 899 900 898 899 900 317 903 904 905 906 319 907 1294 1295 1296 19 322 908 323 903 904 905 906 907 908 
15 316 318 321 323 806 898 316 317 318 319 321 19 322 806 323 
25 323 898 899 900 901 898 899 900 901 317 904 905 906 153 319 907 19 322 908 323 904 905 906 907 908 
26 323 898 899 900 901 903 898 899 900 901 317 903 905 906 319 907 1295 19 322 908 323 115 905 906 907 908 
27 323 898 899 900 901 903 904 315 501 898 899 900 901 161 317 903 904 906 319 907 19 322 908 323 906 907 908 
25 323 898 899 900 901 903 904 905 898 899 900 901 317 903 904 905 319 907 23 19 322 908 323 907 908 
25 323 898 899 900 901 903 904 905 906 898 899 900 901 317 903 904 905 906 319 177 19 322 908 323 908 
26 323 898 899 900 901 903 904 905 906 907 805 898 899 900 901 317 903 904 905 906 319 907 184 19 322 323 
20 115 570 741 1162 1190 1316 353 589 591 910 1199 1200 597 1238 601 19 290 910 1098 1238 
14 112 113 115 909 1316 353 909 1238 19 1098 1099 1237 1238 1316 
11 912 913 914 915 19 916 912 913 914 915 916 
11 911 911 913 914 915 19 916 913 914 915 916 
13 911 912 911 168 912 914 915 19 824 916 914 915 916 
11 911 912 913 911 912 913 915 19 916 915 916 
11 911 912 913 914 911 912 913 914 19 916 916 
11 911 912 913 914 915 911 912 913 914 915 19 
1 19 
1 19 
33 200 208 125 201 920 202 921 922 702 923 924 925 926 927 204 703 928 929 930 931 932 19 933 934 935 936 704 206 705 937 706 780 981 
9 919 125 201 202 203 204 205 19 206 
9 919 125 201 202 203 204 205 19 206 
9 919 125 201 202 203 204 205 19 206 
9 919 125 201 202 203 204 205 19 206 
9 919 125 201 202 203 204 205 19 206 
9 919 125 201 202 203 204 205 19 206 
9 919 125 201 202 203 204 205 19 206 
9 919 125 201 202 203 204 205 19 206 
9 919 125 201 202 203 204 205 19 206 
9 919 125 201 202 203 204 205 19 206 
9 919 125 201 202 203 204 205 19 206 
9 919 125 201 202 203 204 205 19 206 
9 919 125 201 202 203 204 205 19 206 
9 919 125 201 202 203 204 205 19 206 
9 919 125 201 202 203 204 205 19 206 
9 919 125 201 202 203 204 205 19 206 
9 919 125 201 202 203 204 205 19 206 
9 919 125 201 202 203 204 205 19 206 
19 645 125 170 87 172 174 153 179 181 183 23 184 188 189 190 19 194 979 572 
1 19 
7 161 19 399 400 401 402 166 
25 435 427 428 429 942 943 430 431 432 433 434 435 944 945 436 946 19 437 438 439 942 943 944 945 946 
25 435 941 427 941 428 429 943 430 431 432 433 434 435 944 945 436 946 19 437 438 439 943 944 945 946 
26 435 941 942 427 941 428 429 942 430 431 432 433 434 435 944 945 436 946 1221 19 437 438 439 944 945 946 
25 435 941 942 943 427 941 428 429 942 943 430 431 432 433 434 435 945 436 946 19 437 438 439 945 946 
25 435 941 942 943 944 427 941 428 429 942 943 430 431 432 433 434 435 944 436 946 19 437 438 439 946 
25 435 941 942 943 944 945 427 941 428 429 942 943 430 431 432 433 434 435 944 945 436 19 437 438 439 
18 696 948 696 949 950 951 19 952 298 948 949 950 951 952 1002 1003 1004 1005 
21 696 947 947 1002 696 1003 949 1004 951 19 952 1005 298 949 950 951 952 1002 1003 1004 1005 
18 696 947 948 947 948 696 950 951 19 952 298 950 951 952 1002 1003 1004 1005 
10 947 949 947 948 696 949 951 19 952 298 
17 696 947 948 949 950 947 948 696 949 19 952 298 952 1002 1003 1004 1005 
18 67 696 947 948 949 950 951 947 948 696 949 951 19 298 1002 1003 1004 1005 
2 153 19 
2 19 1344 
14 498 496 956 141 497 498 499 957 958 500 959 19 960 1072 
9 498 955 496 497 498 499 500 19 958 
20 229 231 243 955 228 229 231 233 141 234 235 236 239 240 241 242 19 243 244 958 
15 498 955 496 956 280 520 497 498 499 957 500 19 1080 960 1072 
20 231 233 259 260 262 955 1269 1345 141 259 1009 175 176 180 238 187 19 193 195 198 
9 231 233 955 958 229 231 141 240 19 
6 177 253 291 253 19 645 
3 153 19 37 
4 297 296 297 19 
5 214 215 19 965 966 
7 214 964 214 215 19 966 966 
7 214 964 965 214 215 19 965 
14 125 126 129 968 131 969 132 970 19 971 133 134 135 136 
10 967 125 126 131 132 19 133 134 135 136 
12 131 967 125 126 131 132 19 133 134 135 494 136 
12 131 967 125 126 131 132 19 133 134 135 494 136 
10 967 125 126 131 132 19 133 134 135 136 
14 277 278 279 280 281 282 283 284 285 286 19 287 288 973 
9 282 293 972 481 1339 19 748 1337 1340 
17 336 342 440 334 335 336 338 339 340 342 343 344 345 346 347 19 348 
4 976 831 19 978 
5 975 977 831 19 978 
5 976 831 978 19 978 
7 977 975 977 1379 1380 976 19 
2 938 19 
8 205 125 981 982 205 19 981 982 
9 205 980 125 919 980 982 205 19 982 
8 205 980 981 125 980 981 205 19 
1 19 
7 696 141 697 248 19 985 298 
6 984 229 231 141 240 19 
10 842 987 988 843 105 989 106 19 987 989 
12 842 986 125 986 988 140 300 105 989 106 19 989 
30 106 394 810 840 844 848 850 986 987 677 840 841 842 843 844 845 846 105 106 847 848 19 849 850 394 1242 1351 1382 1383 1384 
9 842 986 987 986 987 105 106 19 394 
10 991 992 993 994 995 996 19 997 991 992 
17 990 990 1291 992 993 994 995 996 19 997 992 993 994 995 996 997 1291 
17 990 991 990 991 993 994 995 996 286 19 997 993 994 995 996 997 1291 
15 990 991 992 991 992 994 995 996 19 997 994 995 996 997 1291 
15 990 991 992 993 991 992 993 995 996 19 997 995 996 997 1291 
15 990 991 992 993 994 991 992 993 994 996 19 997 996 997 1291 
15 990 991 992 993 994 995 991 992 993 994 995 19 997 997 1291 
15 990 991 992 993 994 995 996 991 992 993 994 995 996 19 1291 
10 999 379 381 1000 383 384 385 19 569 1000 
26 376 377 379 381 382 384 387 562 569 998 1266 379 381 1000 383 384 385 19 568 569 1000 1209 1210 1211 1213 1266 
11 998 999 998 999 379 381 383 384 385 19 569 
1 19 
15 948 947 948 696 1003 949 1004 951 19 952 1005 298 1003 1004 1005 
15 948 1002 947 948 1002 696 949 1004 951 19 952 1005 298 1004 1005 
15 948 1002 1003 947 948 1002 696 1003 949 951 19 952 1005 298 1005 
15 948 1002 1003 1004 947 948 1002 696 1003 949 1004 951 19 952 298 
1 19 
6 112 113 182 112 19 115 
9 66 87 592 612 821 1086 19 1085 1294 
21 231 260 959 228 229 231 233 141 234 176 235 236 239 240 241 242 19 243 244 265 195 
9 66 282 285 288 364 390 364 280 19 
2 66 19 
2 66 19 
4 508 509 510 19 
17 334 342 1015 1016 1017 1018 140 1019 1020 1021 1022 1023 19 1024 1017 1019 1021 
24 368 1014 1016 140 1019 1220 1020 1021 19 1024 1016 1017 1018 1019 1020 1021 1022 1023 1024 1218 1219 1220 1222 1223 
23 368 1014 1015 1015 140 1019 1220 1020 1021 19 1024 1018 1019 1020 1021 1022 1023 1024 1218 1219 1220 1222 1223 
11 342 1014 1014 1015 140 1019 1220 1020 1021 19 1024 
11 1014 1015 1016 140 1019 1220 1020 1021 19 1024 1019 
29 368 1014 1015 1016 1017 1018 1014 1218 1015 1016 1018 140 1220 1022 1023 19 1024 1222 1223 1020 1021 1022 1023 1024 1218 1219 1220 1222 1223 
27 368 1014 1015 1016 1017 1018 1218 1015 1016 1219 140 1019 1220 1021 19 1024 1222 1223 1021 1022 1023 1024 1218 1219 1220 1222 1223 
24 368 1014 1015 1016 1017 1018 1020 1014 1015 1016 140 1019 1220 1020 19 1024 1022 1023 1024 1218 1219 1220 1222 1223 
11 1014 1019 1015 1016 140 1019 1220 1020 1021 19 1024 
13 1014 1019 1015 1016 845 140 1172 1019 1220 1020 1021 19 1024 
25 368 1014 1015 1016 1017 1018 1019 1020 1021 1022 1023 1015 337 1016 140 1019 1220 1020 1021 19 1218 1219 1220 1222 1223 
12 131 125 126 1026 131 132 19 133 134 135 136 1026 
19 128 129 1025 125 1025 1134 126 128 129 131 132 19 133 134 135 136 1134 1313 1314 
4 840 105 106 19 
6 105 840 840 105 106 19 
5 840 840 105 106 19 
1 19 
7 887 885 886 887 275 888 19 
1 19 
5 1034 1035 253 19 1034 
8 177 253 1033 1033 1035 253 19 1035 
10 1033 1034 753 757 758 1034 253 760 19 765 
13 1037 1038 1039 1040 1041 1042 1043 1044 1045 19 1046 1047 1048 
24 1036 1038 1039 1040 1041 1042 1044 1045 19 1046 1047 1048 1038 1039 1040 1041 1042 1043 1044 1045 1046 1047 1048 1221 
24 1036 1037 1037 1039 1040 1041 1042 1044 1045 19 1046 1047 1048 1039 1040 1041 1042 1043 1044 1045 1046 1047 1048 1221 
24 1036 1037 1038 1037 1038 1040 1041 1042 1044 1045 19 1046 1047 1048 1040 1041 1042 1043 1044 1045 1046 1047 1048 1221 
24 1036 1037 1038 1039 1037 1038 1039 1041 1042 1044 1045 19 1046 1047 1048 1041 1042 1043 1044 1045 1046 1047 1048 1221 
25 1036 1037 1038 1039 1040 1037 1038 1039 1040 1042 1044 1045 19 1046 1047 1048 1042 1043 1044 1045 1046 1047 1048 1221 1400 
25 1036 1037 1038 1039 1040 1041 1037 1038 1039 1040 1041 1043 1044 1045 19 1046 1047 1048 1043 1044 1045 1046 1047 1048 1221 
14 1036 1042 1037 1038 1039 1040 1041 1042 1044 1045 19 1046 1047 1048 
24 1036 1037 1038 1039 1040 1041 1042 1043 1037 1038 1039 1040 1041 1042 1045 19 1046 1047 1048 1045 1046 1047 1048 1221 
24 1036 1037 1038 1039 1040 1041 1042 1043 1044 1037 1038 1039 1040 1041 1042 1044 19 1046 1047 1048 1046 1047 1048 1221 
24 1036 1037 1038 1039 1040 1041 1042 1043 1044 1045 1037 1038 1039 1040 1041 1042 1044 1045 19 1047 1048 1047 1048 1221 
24 1036 1037 1038 1039 1040 1041 1042 1043 1044 1045 1046 1037 1038 1039 1040 1041 1042 1044 1045 19 1046 1048 1048 1221 
24 1036 1037 1038 1039 1040 1041 1042 1043 1044 1045 1046 1047 1037 1038 1039 1040 1041 1042 1044 1045 19 1046 1047 1221 
10 203 780 125 201 202 203 204 205 19 206 
6 105 394 105 106 19 394 
5 280 248 19 298 1052 
4 412 1051 19 298 
3 141 728 19 
9 125 126 131 132 19 133 134 135 136 
9 1056 19 1057 1058 1059 1056 1057 1058 1059 
9 1055 1055 19 1057 1058 1059 1057 1058 1059 
9 1055 1056 1055 1056 19 1058 1059 1058 1059 
9 1055 1056 1057 1055 1056 19 1057 1059 1059 
10 1055 1056 1057 1058 1055 223 1056 19 1057 1058 
18 133 125 126 1061 1062 131 1063 1064 132 1065 19 1066 133 134 135 494 272 136 
10 1060 125 126 131 132 19 133 134 135 136 
15 128 129 1060 125 1373 126 128 129 131 132 19 133 134 135 136 
14 129 1060 125 1087 126 129 131 132 19 133 134 135 136 1087 
12 129 1060 125 126 129 131 132 19 133 134 135 136 
14 128 129 1060 125 126 128 129 131 132 19 133 134 135 136 
12 128 1060 125 126 128 131 132 19 133 134 135 136 
8 246 247 1068 248 19 249 250 1068 
9 250 1067 1067 246 247 248 19 249 250 
1 19 
2 153 19 
3 327 140 19 
10 327 496 955 497 498 499 958 500 1361 19 
3 141 728 19 
9 125 201 202 203 1075 204 205 19 206 
11 705 1074 125 201 202 203 204 205 19 206 1168 
1 19 
7 184 35 141 153 23 184 19 
2 19 115 
23 66 231 243 260 262 264 282 228 229 231 233 141 234 235 236 283 239 240 241 242 19 243 244 
8 66 280 282 958 521 1363 19 1340 
6 66 67 875 403 19 85 
11 125 126 131 132 19 1083 133 134 135 136 1084 
12 131 1082 125 126 131 132 19 133 134 135 494 136 
10 1082 125 126 131 132 19 133 134 135 136 
8 1086 1008 875 876 19 877 581 883 
6 66 282 820 1008 1085 19 
12 131 1063 125 126 131 1063 132 19 133 134 135 136 
2 1089 19 
8 858 861 863 867 1088 19 1187 1188 
1 19 
25 177 253 252 732 753 754 755 1092 756 757 758 253 759 760 761 762 19 763 764 765 1093 766 1092 1093 1107 
8 177 253 1091 1091 253 19 1093 1093 
8 177 253 1091 1092 1091 1092 253 19 
2 19 1095 
2 1094 19 
5 1297 1097 19 1097 1261 
4 1096 1096 19 1261 
8 143 142 143 145 146 909 910 19 
8 143 142 143 145 146 910 1238 19 
6 143 142 143 145 146 19 
6 143 142 143 145 146 19 
15 477 745 477 478 479 480 481 484 486 487 19 1107 1105 1107 1386 
11 477 744 477 478 479 480 481 484 486 487 19 
13 477 477 478 479 480 481 484 486 487 19 1107 1105 1107 
18 477 746 477 1102 158 478 479 480 481 1104 484 486 487 1106 19 1107 1106 1107 
13 477 1105 477 158 478 479 480 481 484 1105 486 487 19 
19 477 1102 1104 1105 1091 477 1102 158 478 479 480 481 1104 484 1105 486 487 19 746 
17 192 877 875 291 1109 1110 876 1111 19 877 1112 1113 1109 1110 1111 1112 1113 
7 1108 1108 882 875 876 19 877 
6 1108 1108 875 876 19 877 
6 1108 1108 875 876 19 877 
6 1108 1108 875 876 19 877 
6 1108 1108 875 876 19 877 
5 161 1115 184 19 1115 
5 1114 1114 161 141 19 
1 19 
12 472 1118 1119 247 472 1120 19 249 298 1118 1119 1120 
5 1117 1117 247 19 249 
5 1117 1117 247 19 249 
6 472 1117 1117 247 19 249 
3 621 622 19 
6 161 19 399 400 402 166 
7 1124 1125 1126 19 1124 1125 1126 
8 112 1123 305 1123 1125 19 1125 1126 
7 1123 1124 1123 1124 1126 19 1126 
6 1123 1125 1123 1124 1125 19 
12 1128 889 183 1129 1130 19 191 1131 1132 196 1133 1129 
6 1127 1129 19 1133 1129 1133 
8 1127 1128 125 1127 1128 19 1133 1133 
2 1127 19 
2 1127 19 
2 1127 19 
6 1127 1128 1129 1128 1129 19 
15 131 1026 125 126 1026 1135 131 132 19 133 134 135 494 136 1135 
15 128 129 1134 125 1134 126 128 129 131 132 19 133 134 135 136 
3 92 19 1255 
11 481 477 478 479 480 481 484 486 487 19 1138 
10 1137 477 478 479 480 481 484 486 487 19 
5 31 24 23 19 21 
3 727 141 19 
15 1142 1143 1144 1145 105 1146 1147 106 1148 1149 1150 1151 19 1152 1146 
23 105 1141 87 1143 1144 105 1146 1147 106 1149 19 645 1143 1144 1145 1146 1147 1148 1149 1150 1151 1152 1323 
21 105 1141 1142 1142 1144 105 1146 1147 106 1149 19 1144 1145 1146 1147 1148 1149 1150 1151 1152 1323 
20 1141 1142 1143 1142 1143 105 1146 1147 106 1149 19 1145 1146 1147 1148 1149 1150 1151 1152 1323 
10 1141 1142 1143 1144 105 1146 1147 106 1149 19 
21 1141 1142 1143 1144 1145 1141 1142 1143 1144 105 1147 106 1149 19 1147 1148 1149 1150 1151 1152 1323 
20 1141 1142 1143 1144 1145 1146 1142 1143 1144 105 1146 106 1149 19 1148 1149 1150 1151 1152 1323 
10 1141 1142 1143 1144 105 1146 1147 106 1149 19 
21 106 1141 1142 1143 1144 1145 1146 1147 1148 1142 1143 1144 105 1146 1147 106 19 1150 1151 1152 1323 
10 1141 1142 1143 1144 105 1146 1147 106 1149 19 
10 1141 1142 1143 1144 105 1146 1147 106 1149 19 
10 1141 1142 1143 1144 105 1146 1147 106 1149 19 
1 19 
4 36 38 23 19 
12 586 1156 1157 1158 1159 1160 19 1156 1157 1158 1159 1160 
12 586 1155 1155 1157 1158 1159 1160 19 1157 1158 1159 1160 
12 586 1155 1156 1155 1156 1158 1159 1160 19 1158 1159 1160 
13 586 599 1155 1156 1157 1155 1156 1157 1159 1160 19 1159 1160 
12 586 1155 1156 1157 1158 1155 1156 1157 1158 1160 19 1160 
12 586 1155 1156 1157 1158 1159 1155 1156 1157 1158 1159 19 
10 478 477 478 479 480 481 484 486 487 19 
3 602 909 19 
1 19 
6 192 877 875 876 19 877 
15 67 427 428 429 430 431 432 433 434 435 436 19 437 438 439 
2 92 19 
10 126 125 126 131 132 19 133 134 135 136 
9 125 201 202 203 1075 204 205 19 206 
24 342 347 334 1170 1171 340 342 343 1172 1173 1174 1175 346 1176 347 1177 19 1178 348 1179 1173 1176 1178 1318 
27 347 1169 334 1171 340 342 343 1173 1174 1175 346 1176 347 1177 19 348 1179 1171 1173 1174 1175 1176 1177 1178 1179 1317 1318 
28 342 347 1169 1170 334 1170 340 342 343 1173 1174 1175 346 1176 347 1177 19 348 1179 1173 1174 1175 1176 1177 1178 1179 1317 1318 
14 334 342 346 615 1023 1169 334 340 342 343 346 347 19 348 
30 342 347 1169 1170 1171 1169 334 1170 337 1171 340 342 343 1174 1175 346 1176 347 1177 19 348 1179 1174 1175 1176 1177 1178 1179 1317 1318 
28 342 347 1169 1170 1171 1173 334 1170 1171 340 342 343 1173 1175 346 1176 347 1177 19 348 1179 1175 1176 1177 1178 1179 1317 1318 
27 347 1169 1170 1171 1173 1174 334 1170 1171 340 342 343 1173 1174 346 1176 347 1177 19 348 1179 1176 1177 1178 1179 1317 1318 
31 342 347 1169 1170 1171 1173 1174 1175 1169 334 1170 1171 340 342 343 1173 1174 1175 346 347 1177 19 1178 1318 348 1179 1177 1178 1179 1317 1318 
30 342 347 1169 1170 1171 1173 1174 1175 1176 125 334 1170 1171 340 342 343 300 1173 1174 1175 346 1176 347 19 348 1179 1178 1179 1317 1318 
21 342 347 1169 1176 1169 334 1170 1171 340 342 343 1173 1174 1175 346 1176 347 1177 19 348 1179 
32 347 1169 1170 1171 1173 1174 1175 1176 1177 1178 125 334 1170 1171 340 342 343 1173 182 1174 1175 346 1176 347 1221 1177 19 192 348 199 1317 1318 
8 248 1181 247 1182 1183 19 249 473 
4 1180 247 19 249 
6 473 1180 247 19 249 298 
6 473 1180 247 19 249 473 
1 19 
10 492 125 126 131 132 19 133 134 135 136 
6 707 870 870 153 19 707 
12 858 863 867 1188 858 1089 863 19 867 1189 1188 1189 
12 858 863 867 1187 1187 858 1089 863 19 867 1189 1189 
11 858 863 867 1187 1188 1187 1188 858 863 19 867 
2 909 19 
2 153 19 
2 307 19 
12 720 724 716 717 718 719 720 721 722 19 723 724 
2 1195 19 
4 112 182 1194 19 
4 1197 280 1198 19 
5 1196 280 1198 19 1198 
5 1196 1197 1197 280 19 
3 218 909 19 
3 218 909 19 
12 262 1202 260 1203 1204 261 262 19 264 266 267 1203 
7 1201 229 231 141 1204 240 19 
26 232 234 260 261 262 264 266 267 533 1201 1201 141 260 176 527 261 262 529 19 264 265 195 266 267 198 268 
7 1201 1202 229 231 141 240 19 
5 1206 1207 19 1206 1207 
5 1205 1205 1207 19 1207 
8 1205 1206 1205 1206 108 19 366 269 
1 19 
15 379 1210 999 1211 379 1212 381 1213 383 384 385 19 1210 1212 1213 
15 379 1209 1209 999 1211 379 1212 381 1213 383 384 385 19 1212 1213 
16 379 381 384 562 569 1209 1210 999 379 381 383 384 385 19 569 1213 
13 379 1209 1210 1209 1210 379 381 1213 383 384 385 19 1213 
15 379 1209 1210 1212 1209 1210 999 1211 379 1212 381 383 384 385 19 
2 123 19 
17 283 287 768 277 278 279 1216 280 281 282 283 284 285 286 19 287 288 
16 282 287 1215 278 279 647 280 281 282 768 283 285 286 19 287 288 
1 19 
23 1019 1020 125 1015 171 173 1016 1219 140 608 1019 1220 1020 1021 1221 19 1024 1222 1223 199 1219 1222 1223 
17 368 1020 1218 1218 1015 1016 140 1019 1220 1020 1021 19 1024 1222 1223 1222 1223 
23 368 1015 1016 1017 1018 1019 1020 1021 1022 1023 1024 1218 1219 1015 1016 140 1019 1020 1021 19 1024 1222 1223 
17 66 943 1179 1218 1037 1038 1039 1040 1041 1042 1044 1045 19 1046 1047 1048 1400 
17 1019 1020 1218 1219 1218 1015 1016 1219 140 1019 1220 1020 1021 19 1024 1223 1223 
18 1019 1020 1218 1219 1222 1218 1015 1016 141 1219 140 1019 1220 1020 1021 19 1024 1222 
16 129 125 1225 126 129 131 1226 132 1227 19 133 134 135 136 1225 1227 
13 131 1224 125 1224 126 131 132 19 133 134 135 494 136 
13 131 1224 125 126 131 1312 132 19 133 134 135 136 1312 
12 131 1224 125 1224 126 131 132 19 133 134 135 136 
1 19 
6 875 876 1230 19 877 1230 
8 192 877 1229 1229 875 876 19 877 
2 66 19 
5 473 247 19 249 473 
3 1234 1235 19 
5 1233 1235 19 1235 1343 
5 1233 1234 1234 19 1343 
2 112 19 
20 612 811 812 813 814 87 815 612 816 817 140 291 910 818 183 819 820 19 821 822 
8 909 910 1099 1316 353 909 910 19 
1 19 
16 434 427 428 429 353 430 431 432 433 434 435 436 19 437 438 439 
2 140 19 
5 988 1243 19 1381 1382 
10 105 849 1242 1381 19 1351 1381 1382 1383 1384 
24 128 129 125 126 128 1245 129 1246 131 132 19 1247 1248 1249 133 134 135 1250 136 1245 1246 1247 1248 1249 
12 131 1244 125 1244 126 131 132 19 133 134 135 136 
12 131 1244 125 1244 126 131 132 19 133 134 135 136 
12 131 1244 125 1244 126 131 132 19 133 134 135 136 
12 131 1244 125 1244 126 131 132 19 133 134 135 136 
12 131 1244 125 1244 126 131 132 19 133 134 135 136 
10 1244 125 126 131 132 19 133 134 135 136 
4 92 93 92 19 
4 92 93 92 19 
4 92 93 92 19 
4 92 93 92 19 
5 92 93 1136 92 19 
3 92 93 19 
4 92 93 92 19 
13 1259 1260 1261 19 1262 1263 1264 1259 1260 1261 1262 1263 1264 
17 1258 1258 1297 1260 1261 406 1298 1299 19 1262 1263 1264 1260 1261 1262 1263 1264 
13 1258 1259 1258 1259 1261 19 1262 1263 1264 1261 1262 1263 1264 
15 1258 1259 1260 1258 1259 1260 1096 1097 19 1262 1263 1264 1262 1263 1264 
13 1258 1259 1260 1261 1258 1259 1260 1261 19 1263 1264 1263 1264 
13 1258 1259 1260 1261 1262 1258 1259 1260 1261 19 1262 1264 1264 
13 1258 1259 1260 1261 1262 1263 1258 1259 1260 1261 19 1262 1263 
5 317 319 19 322 323 
9 999 999 379 381 383 384 385 19 569 
12 129 125 126 129 1268 131 132 19 133 134 135 136 
10 1267 125 126 131 132 19 133 134 135 136 
5 231 260 959 19 1400 
13 669 668 669 170 670 671 672 673 674 675 19 676 1329 
2 19 298 
3 168 197 19 
3 168 168 19 
3 1275 19 1275 
3 1274 1274 19 
1 19 
1 19 
1 19 
1 19 
1 19 
1 19 
1 19 
1 19 
1 19 
1 19 
1 19 
1 19 
1 19 
1 19 
3 527 141 19 
9 991 991 992 993 994 995 996 19 997 
1 19 
1 19 
10 323 502 901 1008 317 319 502 19 322 323 
12 323 502 504 901 904 317 319 502 504 19 322 323 
9 323 502 901 317 319 502 19 322 323 
5 406 1096 1259 406 19 
3 66 1259 19 
2 1259 19 
1 19 
1 19 
8 420 420 421 422 1309 423 424 19 
8 420 421 420 421 422 423 424 19 
7 420 420 421 422 423 424 19 
7 420 420 421 422 423 424 19 
7 420 420 421 422 423 424 19 
7 420 420 421 422 423 424 19 
2 828 19 
7 1302 420 421 422 423 424 19 
2 824 19 
13 131 125 879 126 131 1312 132 19 133 134 135 494 136 
14 129 1226 1311 303 125 129 131 1226 132 19 133 134 135 136 
15 133 124 125 126 1026 1314 131 132 19 133 134 1315 135 494 136 
14 129 1313 125 126 1026 128 129 131 132 19 133 134 135 136 
12 128 1313 125 126 128 131 132 19 133 134 135 136 
11 909 910 1238 161 354 571 146 910 19 164 289 
19 140 342 614 334 1170 1171 340 343 1173 1174 1175 346 1176 347 1177 19 1318 348 1179 
22 347 1176 1317 1169 334 1170 1171 340 368 342 343 1173 1174 1175 346 1176 347 618 1177 19 348 1179 
3 66 291 19 
13 478 481 477 478 479 480 481 484 486 487 1321 19 1321 
14 481 487 1320 477 1320 478 479 480 481 484 486 487 19 1386 
1 19 
9 1142 1143 1144 105 1146 1147 106 1149 19 
6 420 421 422 423 424 19 
2 153 19 
16 669 671 675 669 170 670 1328 671 672 673 674 675 19 676 1329 1330 
13 669 671 669 170 670 671 672 673 674 675 19 676 1329 
15 669 672 1326 668 669 170 670 671 672 673 674 675 19 676 1329 
20 669 668 1270 669 170 1326 670 1327 1328 671 672 673 1330 1331 674 1332 675 19 676 1333 
15 669 1329 668 669 170 1326 670 671 720 672 673 674 675 19 676 
13 669 1329 668 669 170 670 671 672 673 674 675 19 676 
16 669 671 1329 669 170 174 670 671 179 672 673 674 675 188 19 676 
13 669 1329 668 669 170 670 671 672 673 674 675 19 676 
6 229 231 141 1335 240 19 
8 241 1334 229 231 141 528 240 19 
5 105 842 105 106 19 
26 282 283 285 277 278 279 647 1338 772 280 281 1339 527 282 283 284 285 286 19 1340 581 287 288 298 973 293 
6 293 747 1337 280 19 1340 
20 286 293 744 973 1337 277 278 279 871 280 281 282 283 284 285 286 19 775 287 288 
19 1337 1338 278 279 647 151 91 280 281 282 768 283 285 286 19 1080 287 288 973 
2 1342 19 
4 88 66 1341 19 
3 1234 1235 19 
4 954 153 19 1355 
16 959 228 229 231 233 141 234 235 236 239 240 241 242 19 243 244 
4 223 1347 1348 19 
5 223 1346 1348 19 1348 
5 223 1346 1347 1347 19 
16 434 427 428 429 161 430 431 432 433 434 435 436 19 437 438 439 
2 190 19 
4 988 1243 19 1381 
1 19 
15 647 277 278 279 647 280 281 282 283 284 285 286 19 287 288 
6 496 497 498 499 500 19 
3 1344 153 19 
9 125 126 131 132 19 133 134 135 136 
24 572 585 587 588 592 595 596 598 600 602 585 586 587 353 571 588 594 595 596 598 599 600 19 602 
3 1359 19 1359 
3 1358 1358 19 
1 19 
8 498 1072 496 497 498 499 500 19 
16 282 277 278 279 280 281 282 1363 283 284 285 286 19 1364 287 288 
15 1080 1362 277 278 279 280 281 282 283 284 285 286 19 287 288 
15 1362 277 278 279 280 281 282 283 284 285 286 19 287 288 298 
13 719 720 37 716 717 718 719 720 721 722 19 723 724 
10 125 126 131 1367 132 19 133 134 135 136 
12 131 1366 125 126 131 132 19 133 134 135 494 136 
1 19 
4 24 23 19 21 
12 131 605 125 126 605 131 132 19 133 134 135 136 
3 37 153 19 
7 37 37 179 720 23 19 41 
10 1062 125 126 131 132 19 133 134 135 136 
3 253 1375 19 
5 1374 88 19 66 89 
2 66 19 
6 885 886 887 275 888 19 
1 19 
4 978 1380 831 19 
4 978 1379 831 19 
8 1243 1242 1351 1382 1243 1383 1384 19 
5 1381 1242 988 1243 19 
6 1381 988 140 1243 1384 19 
5 1381 1383 988 1243 19 
1 19 
19 478 477 1102 1387 478 479 745 480 481 484 1388 486 487 1321 19 581 746 293 1388 
11 478 1386 477 478 479 480 481 484 486 487 19 
13 481 1386 477 1386 478 479 480 481 92 484 486 487 19 
20 250 777 1390 1391 1392 246 1393 1394 1395 247 248 1396 1397 1398 19 1399 249 250 1390 1397 
6 1389 1389 246 248 19 250 
5 1389 246 248 19 250 
5 1389 246 248 19 250 
7 1389 246 247 248 19 249 250 
7 1389 246 247 248 19 249 250 
5 1389 246 248 19 250 
5 1389 246 248 19 250 
6 1389 1389 246 248 19 250 
7 1389 246 247 248 19 249 250 
5 1389 246 248 19 250 
27 231 233 259 260 262 227 1269 696 141 259 175 248 176 720 180 263 1041 187 507 1221 19 581 193 365 195 139 198 
