2 2 3 
1 1 
4 1 4 5 6 
3 7 8 3 
3 3 9 10 
2 11 3 
3 12 4 10 
1 4 
1 5 
10 7 13 14 15 16 17 18 19 20 5 
1 6 
7 21 22 23 7 24 25 26 
2 27 10 
4 28 29 30 10 
5 18 31 30 32 10 
2 20 10 
3 20 10 33 
7 15 34 35 31 20 10 36 
4 37 38 20 10 
13 10 18 39 40 30 41 16 36 42 43 17 19 44 
2 45 12 
23 46 47 48 49 50 51 52 53 54 55 12 56 57 58 59 60 61 62 63 64 65 66 67 
1 12 
19 68 69 70 71 72 73 74 75 76 77 78 79 80 81 12 82 83 84 85 
1 12 
12 86 87 88 89 90 91 12 92 93 94 95 96 
5 97 98 13 99 100 
1 14 
1 14 
6 14 101 15 102 103 20 
4 15 18 33 32 
2 15 31 
2 17 31 
1 18 
1 18 
6 18 104 105 106 107 20 
2 108 19 
1 19 
4 109 110 111 20 
1 20 
3 112 113 20 
2 114 20 
3 115 116 20 
3 117 118 20 
1 21 
2 22 119 
56 120 121 122 22 123 124 125 126 127 128 129 130 131 132 133 134 135 136 137 138 139 140 141 142 143 144 145 146 147 148 149 150 151 152 153 154 155 156 157 158 159 160 161 162 163 164 165 166 167 168 169 170 171 172 173 174 
5 175 176 177 22 178 
2 22 179 
36 180 181 182 183 184 185 186 187 188 189 190 191 192 193 194 195 22 196 197 198 199 200 201 202 203 204 205 206 207 208 209 210 211 212 213 214 
5 215 22 216 217 218 
2 22 66 
1 22 
10 219 90 220 221 22 222 223 59 224 225 
4 22 226 227 228 
7 96 229 22 230 231 232 233 
14 234 188 235 236 237 22 119 238 239 240 241 242 243 244 
3 22 119 245 
6 22 215 66 246 247 54 
5 22 248 63 249 250 
7 215 66 22 251 252 144 253 
6 254 119 22 255 65 66 
4 22 256 60 248 
5 257 258 66 22 259 
3 22 260 62 
35 215 22 261 262 246 263 264 265 136 52 266 267 268 269 270 271 272 273 59 274 275 276 61 277 278 279 62 119 280 248 281 64 282 283 284 
3 285 119 22 
14 286 287 288 289 290 291 292 293 294 295 296 297 298 24 
83 299 300 301 302 303 304 83 292 305 306 71 307 308 309 310 311 312 313 314 315 316 317 318 319 320 321 322 323 324 325 326 135 327 328 329 330 331 332 296 333 334 335 336 337 338 339 340 341 342 85 343 344 77 345 24 346 347 348 349 350 351 352 353 354 91 355 356 357 358 359 360 361 362 94 363 364 365 366 367 368 369 370 371 
17 372 373 374 375 376 377 378 379 380 381 382 24 383 384 385 386 387 
115 388 389 390 391 392 78 314 316 393 394 395 396 318 397 398 399 400 401 323 76 402 403 300 404 405 406 326 407 408 409 410 329 330 411 301 412 413 414 415 332 416 333 417 418 419 336 420 421 85 343 77 422 423 24 424 425 426 427 428 347 348 429 74 349 430 431 432 433 434 435 436 437 438 439 440 441 356 357 358 442 443 444 445 446 361 447 69 94 448 449 450 364 451 452 453 299 454 455 456 457 458 459 304 460 461 462 463 464 465 466 467 369 468 469 470 
51 471 472 373 473 311 474 314 315 318 475 321 476 477 478 479 326 480 481 482 328 332 296 483 336 340 484 85 485 24 486 427 348 487 488 489 353 490 91 355 154 442 491 492 493 494 495 364 365 496 370 497 
19 403 498 499 500 501 502 24 503 504 505 506 507 508 509 510 511 367 512 513 
65 514 515 516 71 305 304 517 394 518 234 301 519 314 318 399 321 323 520 325 480 481 408 521 328 522 330 296 333 419 523 336 524 525 340 85 526 344 24 486 427 527 348 487 528 353 529 91 530 355 531 357 532 361 491 492 363 365 533 534 535 465 369 370 497 536 
93 537 538 539 540 373 375 541 542 543 374 544 545 546 547 93 548 549 550 372 551 552 126 553 554 397 555 556 557 499 480 558 559 501 560 561 562 563 564 483 565 566 567 502 568 569 570 571 572 573 574 343 382 575 576 24 577 578 579 580 581 582 583 354 584 585 586 587 505 588 589 590 506 591 592 593 508 594 595 596 597 598 599 600 601 602 603 604 605 606 607 608 609 513 
26 610 611 612 613 614 615 616 617 618 71 619 620 83 621 339 622 623 624 24 349 625 626 457 461 627 628 
22 548 629 71 69 447 630 311 314 323 325 631 632 296 333 336 85 24 633 487 91 634 491 
57 301 300 234 515 635 394 517 305 518 304 636 71 637 638 311 314 315 318 323 639 640 408 521 641 522 642 643 644 296 333 645 525 340 646 24 486 647 648 427 649 348 650 431 91 355 224 442 361 651 652 653 365 533 535 367 654 655 
28 656 657 658 659 660 661 662 663 664 665 666 667 668 669 670 671 672 673 674 675 676 677 678 24 679 680 681 91 
11 682 683 397 684 685 24 578 686 687 310 507 
23 688 473 689 289 690 691 692 693 694 695 301 696 290 697 698 699 700 701 332 296 702 24 703 
34 704 705 706 707 708 709 710 711 712 713 714 303 715 716 717 718 719 615 720 721 722 723 724 725 726 727 728 729 404 730 296 24 731 732 
13 733 734 76 735 736 737 738 739 24 434 69 740 741 
61 547 742 743 542 538 543 744 745 746 747 548 549 372 748 749 750 379 751 752 753 754 499 138 755 756 501 757 758 139 562 252 759 502 760 568 761 762 24 763 764 765 766 767 768 769 770 771 772 773 585 253 506 507 774 775 776 596 509 777 778 603 
24 69 72 779 780 311 353 781 782 316 24 783 71 300 369 784 434 77 785 91 640 430 135 74 357 
113 786 787 788 789 790 791 792 793 794 795 796 797 798 799 800 801 802 803 804 805 806 807 808 809 810 811 812 813 814 815 816 817 818 819 820 821 822 823 824 825 826 827 828 829 830 831 832 833 834 835 836 837 838 839 840 841 842 843 844 845 345 846 847 848 849 850 851 852 853 854 855 856 857 858 859 860 861 862 863 864 865 866 867 868 869 870 871 872 873 874 875 876 877 878 879 880 881 882 883 884 885 886 887 888 889 890 891 892 893 894 895 26 896 
21 897 898 899 900 901 902 903 824 904 905 906 907 908 88 909 910 911 912 913 26 914 
11 915 916 87 917 918 542 89 919 920 921 26 
35 922 923 924 373 925 541 926 374 540 927 928 372 797 742 750 929 930 558 931 932 933 934 88 935 936 937 938 350 939 940 941 942 943 26 944 
39 945 549 538 946 947 948 262 499 949 247 266 950 951 952 953 954 955 572 54 935 765 233 956 957 584 958 959 960 941 961 962 963 964 965 966 967 607 732 26 
55 94 968 471 969 970 393 69 971 972 973 345 415 974 397 135 300 77 379 395 975 399 976 74 79 977 978 979 72 301 78 980 515 357 981 336 982 311 316 983 328 296 340 85 343 984 527 985 986 530 987 988 989 492 990 26 
16 991 992 993 994 981 995 831 996 840 997 998 999 843 1000 884 26 
23 542 373 374 544 375 550 377 554 981 558 950 75 933 566 567 935 576 939 940 942 600 607 26 
31 548 69 515 304 301 784 447 71 311 314 316 318 399 321 325 135 640 522 332 336 343 344 487 91 530 355 361 364 496 366 26 
2 640 26 
9 256 229 399 640 139 56 277 26 284 
1 27 
1 27 
2 27 100 
2 27 99 
1 30 
1 30 
1 30 
1 36 
1 36 
1 36 
1 36 
1 37 
1 39 
1 39 
1 39 
1 41 
1 41 
1 42 
1 43 
1 43 
1 44 
1 44 
13 249 215 66 46 261 250 57 58 277 62 248 281 67 
10 47 133 141 145 147 149 156 164 172 174 
21 47 262 930 264 134 758 139 252 141 762 147 150 582 253 158 774 160 161 163 164 173 
1 47 
4 47 240 144 493 
4 47 240 264 220 
1 47 
17 541 544 549 134 373 562 540 548 546 75 372 772 47 561 547 745 173 
1 47 
1 47 
2 240 47 
1 47 
2 47 578 
3 47 192 547 
4 219 220 47 120 
4 47 121 126 160 
16 94 471 47 69 311 314 316 326 640 334 85 427 91 530 361 369 
2 47 66 
2 745 47 
13 84 549 548 742 405 538 743 745 760 47 762 769 774 
5 47 121 543 96 84 
3 264 47 222 
3 121 120 47 
1 47 
1 47 
4 123 47 61 173 
2 47 120 
2 220 47 
7 47 121 120 222 228 220 274 
2 47 157 
3 47 120 240 
2 121 47 
2 240 47 
3 47 236 359 
1 47 
5 745 235 72 47 548 
5 742 47 240 538 548 
3 240 120 47 
3 148 47 499 
2 121 47 
1 47 
6 47 549 134 121 252 253 
4 47 121 264 162 
6 264 47 161 219 173 220 
2 121 47 
4 121 47 120 220 
1 47 
1 47 
1 47 
4 542 549 745 47 
1 47 
1 47 
2 47 264 
4 120 549 47 247 
6 240 121 47 126 144 162 
7 940 120 582 264 240 47 507 
1 48 
1 48 
1 48 
1 48 
3 49 234 782 
2 182 50 
2 208 50 
15 391 192 50 213 210 184 199 201 194 204 180 214 207 189 198 
8 192 50 195 184 194 214 207 189 
8 213 182 183 192 204 198 194 50 
5 207 186 202 50 214 
2 50 185 
1 50 
5 50 755 57 507 198 
10 207 204 213 194 192 182 183 201 202 50 
1 50 
1 50 
12 204 183 182 201 132 50 195 184 194 207 189 198 
3 50 209 199 
7 183 204 192 182 50 184 189 
5 192 183 204 201 50 
2 202 50 
1 50 
7 192 188 182 213 50 184 214 
5 182 210 209 193 50 
1 50 
7 182 391 192 50 195 204 189 
6 50 196 214 185 207 189 
1 50 
9 201 182 213 192 50 195 184 194 189 
1 50 
1 50 
7 202 182 192 183 50 185 189 
3 211 50 181 
3 193 50 199 
3 182 50 199 
3 208 50 212 
2 211 50 
7 182 50 184 204 214 189 198 
7 213 202 182 185 183 198 50 
7 262 51 59 61 217 119 66 
1 51 
2 215 51 
1 51 
4 133 264 54 162 
9 124 133 264 54 146 147 774 162 164 
1 54 
3 140 54 147 
1 54 
14 344 534 448 973 234 301 308 78 445 54 535 353 487 225 
10 54 487 343 515 224 353 448 644 652 308 
17 816 559 755 908 998 572 55 852 543 919 541 876 878 880 921 884 893 
1 55 
11 55 549 373 800 746 954 955 765 147 581 507 
4 249 96 56 277 
1 56 
1 56 
1 56 
3 90 919 56 
18 78 318 478 324 179 330 525 343 783 647 57 429 74 224 445 494 448 653 
3 57 154 774 
10 546 747 745 766 57 767 152 507 466 237 
2 236 57 
1 57 
1 57 
16 123 124 129 252 57 149 769 151 274 155 253 156 508 776 173 174 
1 57 
5 764 57 767 959 507 
1 57 
1 57 
2 642 58 
3 59 264 66 
7 264 743 961 59 90 280 172 
5 119 279 66 63 60 
4 229 250 60 119 
4 507 249 119 60 
1 61 
8 121 264 749 160 84 549 61 240 
11 262 160 121 240 547 264 749 61 84 549 280 
1 62 
1 62 
2 63 96 
2 802 64 
3 910 64 883 
13 822 831 917 852 857 860 386 871 64 883 886 895 284 
1 65 
2 66 119 
8 280 66 215 961 121 372 90 253 
2 66 548 
15 220 121 219 66 124 246 247 140 252 523 253 161 162 171 174 
1 66 
4 90 946 66 743 
1 66 
1 66 
1 66 
1 66 
1 66 
1 66 
1 66 
3 66 147 240 
1 66 
1 66 
4 229 96 66 119 
3 66 991 881 
2 66 248 
6 66 262 755 247 773 253 
2 119 66 
1 66 
1 66 
5 96 541 259 928 66 
1 67 
4 293 287 68 975 
4 286 293 68 692 
12 396 701 298 302 690 703 293 291 68 693 289 692 
6 975 288 81 729 698 68 
12 975 81 698 295 330 332 293 490 688 68 693 536 
5 288 294 298 703 68 
15 311 734 321 328 413 340 345 938 490 441 69 448 68 496 944 
8 290 288 542 287 286 295 490 68 
7 698 691 298 291 68 693 295 
7 301 691 290 293 68 703 294 
23 975 487 72 78 82 74 81 357 783 782 77 336 422 515 640 974 91 644 973 394 430 69 68 
3 68 542 973 
9 688 301 703 698 288 68 291 691 294 
14 389 307 71 673 329 411 525 339 351 352 440 361 69 364 
13 71 78 318 399 321 327 523 780 85 345 91 69 365 
42 515 305 71 78 314 471 395 318 81 321 323 328 295 330 333 419 298 336 525 338 340 783 703 348 487 74 431 91 531 357 224 361 447 69 652 94 448 451 653 465 655 468 
4 288 729 69 450 
12 636 326 481 329 488 431 439 445 69 448 653 82 
46 71 78 399 734 323 520 324 327 481 411 642 643 414 415 332 333 338 339 420 343 344 485 783 346 633 347 348 429 74 349 431 352 354 439 440 358 444 446 69 94 364 365 462 467 468 469 
13 683 78 323 639 301 333 417 74 431 352 69 653 465 
13 925 374 544 372 373 540 375 580 588 69 962 942 604 
5 417 357 491 69 299 
6 379 330 413 224 69 225 
2 373 69 
5 80 397 684 345 69 
24 974 72 91 357 135 405 517 434 78 422 760 292 430 94 471 336 399 345 77 69 325 85 427 653 
1 69 
1 69 
16 77 301 430 135 71 69 94 422 394 74 78 344 357 72 427 530 
10 357 78 430 321 471 394 69 783 353 72 
9 71 976 422 94 981 69 135 91 85 
7 357 782 69 339 644 351 973 
18 78 72 644 301 379 74 69 71 94 640 434 361 234 973 399 422 394 300 
1 69 
2 69 516 
17 394 448 783 515 471 69 434 300 542 301 72 292 357 74 94 315 988 
3 69 351 430 
10 69 77 304 305 74 78 71 465 515 301 
8 517 336 430 304 945 782 234 69 
9 77 69 357 456 471 74 311 94 530 
12 346 487 69 393 303 459 441 72 344 135 71 493 
6 69 783 394 304 300 397 
16 91 397 301 422 515 292 434 357 980 430 72 74 717 69 783 361 
7 303 299 374 542 71 69 745 
16 439 448 74 394 301 391 416 234 308 783 782 71 515 290 69 481 
2 69 430 
13 69 290 71 81 357 72 304 525 693 783 94 405 698 
11 74 78 71 77 515 69 305 465 304 301 433 
3 69 515 135 
3 717 722 69 
27 69 94 74 448 72 975 77 783 394 357 471 301 71 422 515 973 311 324 296 343 427 91 530 355 359 491 371 
2 459 69 
9 304 462 980 69 301 620 471 417 515 
9 615 456 459 69 76 304 299 317 348 
16 301 471 74 981 78 395 357 292 399 72 515 91 69 976 379 974 
4 69 397 471 776 
1 69 
20 976 336 69 393 780 351 75 71 304 471 399 357 725 94 713 234 414 91 359 225 
16 74 69 94 304 471 393 314 326 427 527 487 488 353 531 224 361 
15 980 86 471 69 792 300 310 445 292 311 427 985 91 530 990 
10 69 644 434 304 326 487 531 356 361 364 
4 422 304 71 69 
17 304 976 74 301 71 357 69 458 339 467 422 72 78 448 399 515 517 
8 713 76 71 304 743 612 69 421 
10 89 940 375 373 472 925 69 542 941 548 
11 69 472 299 317 322 478 479 343 355 358 370 
9 304 422 542 514 458 69 357 305 299 
11 69 344 393 74 72 315 85 427 224 990 225 
4 304 69 75 399 
13 94 487 357 69 351 976 74 430 336 78 399 782 72 
7 399 357 783 487 71 346 69 
44 394 307 447 69 74 473 301 71 456 471 311 314 315 317 399 321 478 325 480 328 643 332 296 336 340 484 85 343 485 427 348 488 352 91 355 356 442 359 361 491 625 512 655 370 
4 351 71 69 304 
6 69 782 357 336 152 343 
3 545 927 69 
18 465 346 71 299 344 135 78 399 301 69 94 535 357 783 74 318 328 531 
2 69 471 
3 399 69 74 
12 304 487 919 299 69 71 72 439 94 346 430 417 
12 78 304 69 981 460 548 974 300 405 74 945 72 
4 421 94 69 459 
13 760 547 549 538 742 546 69 745 941 73 507 78 548 
1 69 
6 69 135 74 434 71 85 
5 72 74 69 351 357 
2 69 336 
51 750 377 378 126 395 262 554 376 379 981 499 824 758 932 905 950 561 951 75 933 380 565 306 567 745 381 573 382 428 70 89 851 384 938 918 581 385 386 940 495 961 596 597 890 373 601 602 923 608 944 84 
82 372 797 544 800 542 377 916 378 901 126 948 554 376 751 981 557 480 558 824 931 758 905 561 75 933 380 565 306 566 567 745 570 935 999 573 574 936 763 577 70 89 851 938 918 489 855 350 580 770 504 939 228 585 586 919 590 940 941 495 541 72 920 596 93 597 962 963 599 510 548 890 942 309 550 967 604 923 606 607 732 944 513 
54 542 549 375 377 948 376 751 981 824 329 931 75 306 566 567 745 381 570 572 935 999 486 763 70 89 851 918 771 504 585 586 919 590 959 592 507 915 940 960 961 541 595 93 890 741 601 550 928 923 607 608 732 609 944 
29 377 376 981 558 950 75 380 306 566 567 570 573 70 579 350 939 583 584 919 588 374 940 93 597 963 942 601 550 607 
17 374 925 373 923 372 375 805 951 998 572 70 581 588 942 601 605 607 
24 93 372 373 567 550 918 375 923 70 924 374 395 752 557 951 380 381 998 384 581 385 940 599 607 
5 924 373 372 542 70 
17 308 548 742 372 70 547 538 917 745 84 318 756 757 340 91 776 598 
17 918 377 919 541 375 70 373 548 372 750 752 824 758 932 938 770 504 
14 797 70 927 372 918 374 377 540 474 831 996 738 838 386 
6 75 981 70 792 541 372 
2 915 70 
5 372 377 70 998 884 
8 372 377 945 542 793 70 999 575 
8 381 981 70 259 928 541 797 372 
3 915 70 750 
2 423 71 
2 71 299 
2 970 71 
10 182 201 710 71 330 413 427 429 653 511 
3 421 71 713 
9 71 447 520 326 343 344 487 353 91 
23 71 78 314 315 318 399 321 327 330 296 336 484 485 783 427 487 74 431 436 357 442 535 655 
9 945 377 71 301 372 548 476 340 91 
5 288 71 542 430 530 
18 418 71 80 421 310 745 743 615 621 548 456 542 75 327 328 341 91 603 
6 716 71 459 714 637 625 
27 94 304 357 300 471 394 71 644 96 447 74 311 474 318 340 343 485 427 348 354 91 355 356 361 363 449 535 
2 71 733 
6 457 552 459 526 71 412 
5 71 713 725 456 459 
6 73 719 459 71 421 744 
2 71 82 
17 547 71 549 748 538 546 542 311 480 138 332 483 526 486 489 587 365 
8 980 472 430 783 782 71 986 655 
1 71 
5 71 78 516 74 533 
1 71 
1 71 
3 71 304 299 
7 615 441 401 725 459 71 713 
5 980 292 308 71 391 
7 459 421 304 615 71 474 343 
4 71 304 762 91 
6 71 629 538 330 643 687 
7 71 307 456 305 643 338 364 
2 71 397 
10 782 71 515 301 421 717 433 459 74 446 
4 71 433 304 531 
15 459 71 423 392 397 403 479 414 419 744 349 451 366 461 713 
17 71 311 314 316 318 640 328 296 336 427 347 348 431 352 491 449 465 
6 388 71 421 621 506 459 
2 71 719 
1 71 
1 71 
26 976 487 783 357 72 391 630 74 344 135 336 448 640 311 345 422 394 353 535 314 399 71 644 436 78 447 
6 459 71 719 713 372 615 
4 71 304 234 391 
21 71 542 311 314 315 396 322 324 406 481 328 331 296 484 85 648 431 355 364 653 469 
12 303 430 422 78 71 304 515 467 394 305 450 301 
3 71 456 713 
8 71 333 419 420 622 485 535 655 
9 83 71 311 318 321 328 85 346 369 
1 71 
4 394 71 427 531 
2 71 643 
2 71 527 
8 303 71 304 330 986 531 448 364 
5 71 304 299 515 520 
6 292 459 615 71 326 412 
5 357 71 394 72 78 
1 71 
3 542 71 304 
15 303 783 71 234 515 447 643 646 345 986 531 532 224 652 510 
4 71 304 419 486 
11 301 71 393 399 77 427 357 445 492 94 535 
18 234 292 71 303 301 439 321 478 481 330 336 525 427 348 488 531 224 225 
3 71 422 399 
3 302 71 431 
5 301 421 713 459 71 
4 71 458 478 485 
1 71 
3 71 639 465 
2 71 485 
11 71 397 402 325 755 417 339 432 357 596 511 
15 615 610 717 612 722 711 71 459 718 619 76 726 401 623 626 
4 71 348 352 452 
24 719 71 423 398 401 402 403 326 612 412 414 419 337 339 421 428 441 505 451 625 366 457 464 713 
2 71 365 
3 71 421 76 
4 467 304 71 338 
2 925 71 
3 713 459 71 
13 422 454 71 301 74 636 305 323 478 639 333 633 361 
3 71 236 745 
9 304 71 639 643 348 431 491 653 462 
5 542 71 304 301 472 
7 304 430 71 474 574 653 534 
4 71 748 538 546 
20 301 473 311 315 399 321 325 135 336 338 340 341 343 344 345 91 357 362 72 513 
7 478 406 484 350 351 72 468 
4 471 81 357 72 
5 72 381 469 399 414 
1 72 
4 395 945 72 918 
3 783 72 649 
8 452 351 234 72 465 357 448 472 
6 552 72 421 351 526 980 
10 743 542 405 74 973 357 974 75 373 72 
11 430 330 304 72 542 303 448 550 783 782 74 
1 72 
7 72 644 542 405 75 527 488 
5 430 472 357 394 72 
9 717 452 304 433 399 72 357 394 455 
13 74 78 745 374 405 974 72 783 742 542 538 446 530 
22 394 301 346 344 72 783 94 77 393 74 326 296 427 488 355 531 356 224 492 364 497 225 
10 487 762 783 527 344 483 448 303 72 357 
5 405 540 542 72 373 
4 293 292 72 290 
8 357 336 72 467 77 422 74 307 
7 91 447 72 762 487 74 974 
6 326 562 72 548 757 123 
3 72 234 542 
9 760 824 72 583 772 507 372 745 373 
3 72 94 292 
5 72 536 783 487 74 
1 73 
20 742 760 90 372 743 749 507 941 84 538 75 73 940 546 745 547 548 549 157 935 
2 73 825 
10 538 84 507 745 75 549 73 548 562 748 
10 740 73 548 75 84 760 547 549 507 538 
1 73 
8 380 549 547 541 373 538 73 374 
11 743 685 549 744 75 546 538 73 459 745 919 
14 423 919 84 549 73 760 743 742 548 546 75 745 538 596 
51 242 742 743 946 547 236 543 80 374 685 940 84 746 941 228 549 538 188 73 745 548 748 925 749 546 556 499 755 756 501 250 562 933 955 502 568 578 764 765 768 773 583 508 774 495 596 598 509 367 513 174 
12 548 240 740 538 743 745 73 760 549 507 547 75 
5 507 84 760 73 562 
4 547 73 373 445 
3 456 73 391 
5 546 538 73 357 733 
10 742 471 373 507 73 548 940 538 75 941 
2 74 352 
27 683 78 321 323 639 328 330 301 643 296 333 334 419 336 338 340 648 348 74 431 91 440 445 652 94 655 225 
4 320 408 74 653 
10 311 78 324 639 642 783 348 74 530 653 
2 78 74 
1 74 
5 393 615 304 74 440 
3 78 74 645 
3 74 78 94 
3 300 264 74 
1 74 
7 74 301 78 234 299 448 332 
6 722 74 405 783 401 479 
6 91 483 74 344 488 438 
2 783 74 
2 783 74 
13 517 94 74 486 976 644 135 345 314 91 396 336 325 
13 448 436 487 420 361 783 445 74 439 346 535 301 344 
3 74 445 975 
3 408 78 74 
3 469 74 224 
11 399 783 394 447 433 78 74 427 531 224 361 
8 290 973 693 74 783 701 762 497 
2 755 75 
58 748 546 90 549 556 379 753 405 499 743 138 755 501 757 562 952 75 416 759 744 745 502 760 568 761 935 762 486 764 766 855 770 771 504 772 925 583 742 505 155 506 507 508 940 774 941 596 548 740 777 367 512 778 603 470 732 84 513 
5 900 75 745 853 550 
23 542 797 126 902 555 824 950 75 306 567 381 998 845 89 918 489 919 588 927 873 597 942 944 
25 373 544 797 374 226 800 126 948 824 75 933 380 570 382 577 89 504 959 386 940 921 967 606 607 284 
61 378 901 948 396 397 321 751 752 405 480 481 559 825 329 931 758 75 933 297 483 566 745 88 760 998 574 783 486 577 938 430 489 293 350 770 352 582 584 540 385 866 919 444 591 959 374 915 652 494 776 920 93 597 890 168 373 550 604 468 607 84 
8 226 139 75 507 915 548 942 84 
12 126 824 758 932 561 75 306 541 93 373 923 607 
3 800 75 360 
34 126 549 684 405 499 743 755 562 952 75 954 955 745 760 568 733 236 770 772 925 583 742 505 506 591 507 774 740 367 512 778 538 746 470 
27 126 549 379 132 405 499 562 75 759 502 760 685 766 770 504 772 583 253 507 508 940 774 598 510 548 367 84 
76 742 543 945 800 547 373 538 126 395 397 556 379 752 263 753 499 138 755 501 757 758 562 952 75 954 955 759 380 745 502 760 568 761 569 935 77 762 578 764 765 766 855 350 768 769 770 771 772 773 583 958 154 155 506 507 508 940 960 493 94 774 941 961 775 596 365 598 777 367 778 741 966 607 732 84 513 
48 547 546 538 90 126 556 753 405 499 743 559 138 755 501 747 562 75 252 759 745 502 568 685 765 766 769 770 504 773 228 583 742 505 253 506 374 507 508 160 879 777 367 168 746 966 928 172 84 
24 375 539 542 373 374 377 481 558 75 566 567 576 763 578 580 583 919 588 961 93 879 601 604 607 
2 580 75 
3 75 401 479 
3 75 571 587 
5 75 373 372 797 93 
3 924 540 75 
7 507 745 562 75 548 538 549 
5 377 981 75 924 373 
7 75 375 89 93 567 550 373 
6 75 226 542 549 572 596 
2 75 743 
7 544 792 75 373 372 126 962 
36 75 538 84 941 546 745 548 742 549 507 744 740 743 946 547 748 126 556 756 501 757 952 954 955 578 764 851 768 773 583 591 493 596 598 509 778 
1 75 
1 75 
11 75 901 924 915 928 373 597 945 923 567 372 
10 375 787 75 788 550 374 93 373 542 732 
18 372 75 93 540 374 550 798 373 375 377 981 558 950 933 565 570 935 606 
9 507 84 538 546 548 75 745 740 549 
3 548 75 745 
6 567 75 373 541 375 374 
2 75 553 
7 374 90 226 376 559 945 75 
7 609 945 919 75 372 375 373 
6 542 919 75 469 742 373 
3 597 385 75 
3 93 550 75 
7 542 373 945 75 609 541 919 
12 507 745 550 80 742 743 583 562 75 685 548 131 
3 75 375 919 
11 928 306 373 915 75 919 550 551 588 604 732 
6 75 376 747 228 372 377 
4 75 542 121 174 
27 546 75 748 548 946 742 507 940 547 745 744 375 743 941 746 549 550 538 562 756 933 578 768 773 591 495 596 
4 90 75 375 542 
5 75 374 84 373 920 
3 374 373 75 
4 75 981 405 553 
12 75 580 550 306 927 928 375 942 540 376 959 604 
2 75 974 
4 373 945 75 374 
6 748 542 562 546 583 75 
2 374 75 
1 75 
4 75 959 745 946 
2 374 75 
17 562 559 583 548 373 742 743 456 940 75 507 84 372 506 745 538 732 
11 542 540 372 75 924 375 373 952 565 575 607 
8 547 507 562 75 379 743 548 745 
5 75 377 373 981 933 
3 93 75 959 
7 375 376 918 372 75 374 550 
3 75 372 915 
5 538 743 397 75 84 
8 580 373 942 306 550 588 542 75 
2 75 376 
5 541 373 567 75 851 
17 597 93 745 75 375 373 550 544 374 945 542 377 541 376 743 548 90 
3 372 374 75 
8 75 374 797 758 932 934 573 577 
4 662 661 76 457 
4 662 616 76 617 
9 459 713 76 711 349 625 626 457 628 
2 76 676 
1 76 
25 723 707 710 704 706 727 721 709 719 720 397 76 520 412 414 724 339 622 428 441 687 626 726 457 82 
5 656 719 611 705 76 
4 611 721 76 625 
1 76 
2 76 457 
2 76 338 
4 423 397 76 625 
3 615 76 433 
8 717 726 722 711 76 457 626 628 
1 76 
8 357 621 398 617 76 459 612 725 
10 76 717 722 615 457 623 725 711 726 612 
1 76 
8 623 722 612 76 667 711 726 717 
2 416 77 
4 77 762 427 655 
1 77 
1 77 
3 304 465 77 
2 77 649 
2 637 78 
3 303 78 465 
3 78 398 635 
1 78 
7 467 465 78 454 305 515 517 
10 78 94 422 95 135 96 318 296 85 427 
1 78 
4 245 78 517 304 
10 437 304 78 976 467 417 416 515 445 357 
10 78 317 318 399 296 483 346 427 530 225 
2 521 78 
3 445 78 655 
2 234 78 
3 430 515 78 
3 477 634 78 
2 78 980 
1 78 
7 301 78 542 445 515 655 225 
13 305 467 430 980 516 234 391 303 311 301 469 517 78 
2 78 783 
11 986 394 78 301 646 515 357 630 652 433 406 
6 704 705 716 616 674 79 
4 709 704 667 79 
1 79 
1 79 
3 663 676 79 
4 663 676 79 610 
3 611 79 610 
4 661 660 676 79 
2 716 79 
2 727 79 
1 79 
5 669 670 657 79 628 
1 79 
4 670 667 780 79 
4 667 676 669 79 
1 79 
1 79 
4 299 925 742 79 
2 79 656 
1 79 
7 663 670 709 613 661 79 660 
1 79 
1 79 
1 79 
1 79 
1 79 
1 80 
3 80 305 515 
3 310 546 80 
7 549 80 547 578 505 507 961 
1 80 
4 615 416 80 983 
3 290 81 298 
1 81 
2 288 81 
6 294 81 698 295 298 783 
3 287 288 81 
6 290 288 294 81 332 536 
1 81 
2 81 698 
2 81 729 
1 81 
9 975 691 290 289 695 294 81 332 298 
1 81 
1 81 
3 288 81 536 
1 81 
6 291 301 81 288 295 298 
7 716 728 724 615 657 656 82 
5 710 616 656 706 82 
6 705 728 721 724 615 82 
4 710 721 615 82 
1 82 
5 676 724 615 657 82 
6 391 721 707 615 705 82 
10 722 717 612 718 726 623 626 457 82 628 
1 82 
13 459 421 392 402 612 412 343 428 349 432 451 82 464 
7 723 716 727 728 398 724 82 
1 82 
10 704 656 719 727 664 728 398 724 714 82 
12 722 328 335 419 623 485 711 626 726 457 82 628 
4 722 711 457 82 
10 716 728 616 403 724 615 424 428 459 82 
2 615 82 
7 706 710 707 724 615 617 82 
10 717 718 335 526 623 711 626 457 82 628 
5 727 728 615 714 82 
10 721 706 719 716 727 709 714 615 704 82 
6 402 412 343 625 626 82 
8 615 717 623 711 626 457 82 628 
8 665 716 728 723 724 615 714 82 
8 727 82 704 714 706 716 719 723 
5 975 82 302 289 696 
1 82 
1 82 
14 538 373 90 580 743 548 374 566 745 918 919 596 945 82 
6 546 400 736 737 83 512 
3 292 304 83 
1 83 
2 83 733 
2 83 733 
3 83 928 381 
1 83 
7 83 546 538 562 502 568 508 
4 945 83 548 374 
39 538 546 748 549 673 930 379 753 499 138 755 757 562 952 759 745 760 761 935 574 486 578 766 89 771 772 583 155 506 507 940 774 775 596 548 367 778 84 513 
38 538 546 745 549 397 499 480 138 755 560 247 266 562 955 759 760 578 765 349 768 769 773 583 505 506 507 508 940 774 941 961 775 596 598 603 607 732 84 
7 538 421 403 562 583 505 84 
65 546 538 549 236 548 374 539 372 742 373 542 126 397 556 379 751 753 499 743 137 138 755 329 501 562 954 955 759 760 568 761 569 935 486 763 578 764 765 766 768 769 770 771 772 773 583 958 154 505 506 507 508 774 495 961 775 594 596 598 367 466 168 607 732 84 
7 546 549 767 228 583 507 84 
5 800 549 236 581 84 
17 405 755 501 757 562 766 770 771 583 742 591 507 774 778 538 470 84 
6 499 252 770 253 507 84 
9 380 89 932 372 752 84 938 772 387 
5 374 745 542 84 373 
9 380 940 959 919 377 548 84 542 750 
9 745 549 919 548 84 742 538 775 777 
2 772 84 
22 84 743 537 549 538 507 280 742 188 226 748 548 456 546 745 941 940 756 765 768 773 776 
6 755 562 379 583 507 84 
8 562 742 548 538 379 748 84 493 
12 372 940 380 373 548 609 919 544 542 121 959 84 
8 549 742 84 548 745 743 547 538 
22 742 542 743 548 745 547 538 84 546 311 499 138 502 770 771 772 506 508 774 495 509 367 
6 745 742 84 538 548 834 
10 630 138 84 415 536 548 538 121 488 492 
6 373 84 550 374 745 925 
10 538 242 745 766 84 940 772 548 507 562 
11 745 84 961 743 549 507 940 228 755 90 548 
10 538 549 742 548 236 84 745 547 748 764 
6 961 746 236 946 84 242 
11 583 940 548 755 562 84 773 743 772 745 507 
7 138 240 745 84 549 743 548 
14 84 745 542 748 546 538 373 749 940 548 380 760 547 549 
9 742 374 745 760 548 748 538 84 945 
16 742 547 538 745 760 548 84 546 750 126 754 764 768 773 495 776 
13 772 507 583 743 745 940 280 84 549 548 562 755 768 
15 507 138 84 742 546 538 220 547 748 743 760 745 121 548 235 
6 743 548 84 745 742 753 
7 341 84 240 772 542 379 755 
6 538 548 753 940 549 84 
7 748 742 84 538 562 548 546 
1 85 
4 300 669 85 343 
1 85 
11 317 324 406 179 481 330 296 419 85 355 359 
35 517 542 304 691 301 394 975 234 315 321 477 406 327 481 328 330 332 296 336 85 526 486 427 487 488 528 529 531 356 445 361 535 654 497 536 
2 85 94 
1 85 
2 788 86 
4 807 831 566 86 
47 786 992 807 810 811 812 814 815 816 817 818 819 828 829 830 995 831 833 835 836 566 839 840 841 844 847 850 852 854 856 857 859 860 861 866 871 874 875 886 888 889 796 892 894 895 86 896 
1 86 
1 86 
12 816 819 822 831 835 1000 852 860 874 875 886 86 
14 816 824 831 832 561 844 382 1000 845 345 857 887 893 86 
3 852 385 86 
3 831 852 86 
1 86 
4 788 798 875 86 
20 798 901 554 817 905 950 933 381 89 540 919 927 386 940 541 879 373 923 609 86 
16 797 993 994 981 824 567 844 845 852 922 872 873 885 887 796 86 
1 86 
13 994 747 834 852 228 545 541 877 548 373 923 944 86 
2 831 86 
2 257 86 
1 86 
1 86 
6 936 881 901 86 919 376 
2 86 852 
4 86 788 787 816 
1 86 
1 86 
3 788 86 841 
3 788 86 991 
2 788 86 
1 86 
2 788 86 
2 86 788 
6 226 791 807 788 86 792 
4 852 797 86 788 
2 788 86 
3 788 791 86 
1 86 
2 842 86 
3 86 791 259 
1 86 
13 372 798 544 792 86 540 380 915 87 373 541 374 495 
5 86 917 852 542 500 
1 86 
1 86 
2 788 86 
2 788 86 
2 86 788 
14 381 850 788 259 801 86 849 792 872 92 787 794 791 860 
2 86 792 
2 86 788 
3 86 800 761 
3 791 788 86 
2 86 788 
1 86 
2 381 86 
2 788 86 
3 86 788 92 
3 788 86 810 
3 919 86 821 
2 92 86 
4 798 788 792 86 
4 540 798 86 792 
1 86 
2 86 788 
1 86 
3 86 831 852 
3 788 86 831 
10 905 962 86 562 374 372 606 373 921 919 
16 86 794 849 791 800 226 259 788 806 793 798 994 817 825 856 860 
2 539 86 
2 788 86 
4 373 86 538 548 
4 852 788 86 875 
4 792 259 86 788 
2 86 869 
2 86 788 
6 852 86 259 788 791 831 
2 788 86 
1 86 
2 86 886 
1 86 
1 86 
3 788 86 542 
1 86 
1 86 
2 858 86 
1 86 
3 259 788 86 
3 798 86 831 
3 86 798 540 
4 86 791 788 901 
5 86 856 791 796 788 
2 226 86 
2 800 86 
2 226 86 
7 549 896 86 981 797 550 924 
3 918 226 86 
4 991 278 86 805 
1 86 
3 259 86 258 
4 92 86 226 384 
3 896 86 798 
5 791 788 259 86 863 
3 798 792 86 
3 892 788 86 
2 788 86 
7 373 374 542 918 372 86 924 
1 86 
3 788 86 888 
3 86 226 792 
2 86 788 
3 86 788 259 
4 86 788 879 885 
2 899 87 
1 87 
2 87 897 
2 87 539 
8 87 542 373 797 805 905 565 874 
3 87 905 540 
1 87 
1 87 
8 901 797 372 917 373 87 902 851 
1 87 
2 87 912 
2 87 226 
1 87 
2 87 258 
1 87 
2 907 87 
1 87 
1 87 
16 374 925 542 543 948 824 565 88 383 580 959 961 920 921 602 387 
2 373 88 
5 259 379 825 905 88 
15 924 372 540 374 373 377 948 476 380 381 88 880 890 601 732 
35 373 797 375 540 374 542 550 226 805 752 753 931 758 932 934 380 88 842 573 574 936 577 851 233 579 956 580 505 506 960 364 962 967 732 944 
6 542 88 585 932 373 915 
5 226 541 88 915 851 
2 798 89 
13 373 544 372 925 800 374 797 377 376 565 89 927 942 
10 377 378 555 557 565 89 918 879 597 890 
13 538 546 945 673 376 306 763 89 350 507 915 463 923 
1 89 
10 797 540 923 381 936 89 588 360 962 942 
10 549 374 931 738 565 89 580 588 386 284 
1 89 
4 89 121 742 940 
6 928 89 919 373 374 542 
9 959 372 544 89 919 609 380 750 920 
15 599 373 797 89 940 541 542 93 935 507 583 991 372 567 941 
4 609 959 89 919 
12 374 90 567 89 499 373 548 93 538 742 745 933 
5 373 927 89 919 805 
1 89 
8 542 372 292 373 89 959 380 750 
5 941 375 373 93 89 
32 374 742 548 377 372 547 373 89 375 743 541 797 538 93 930 752 499 755 758 933 764 765 350 768 770 773 583 507 596 777 513 174 
16 89 548 538 373 90 743 499 755 562 933 350 939 583 507 367 513 
12 540 376 375 93 89 306 543 923 373 927 588 604 
1 89 
9 800 292 374 540 919 372 373 89 998 
20 90 395 948 476 324 565 572 573 577 956 771 925 385 590 960 365 548 741 607 732 
10 90 266 562 951 767 956 957 583 507 594 
1 90 
8 541 374 945 915 918 90 542 373 
1 90 
7 93 540 567 375 797 372 90 
6 372 946 377 376 90 953 
7 90 546 548 538 742 562 597 
2 951 90 
6 562 546 228 548 90 745 
8 546 562 228 507 743 90 548 745 
4 946 945 90 919 
2 946 90 
3 90 745 548 
14 242 90 541 542 374 915 752 758 932 934 938 588 594 600 
5 90 919 374 548 945 
13 743 548 90 372 374 745 685 550 915 262 247 765 767 
7 90 919 561 927 306 373 851 
4 90 981 375 373 
1 90 
1 90 
3 90 549 548 
4 90 541 373 919 
1 91 
1 91 
2 390 91 
1 91 
1 91 
9 317 318 480 296 297 336 91 224 536 
9 311 480 296 340 486 91 589 492 365 
10 286 729 698 296 336 783 91 532 290 289 
9 316 643 340 343 427 348 91 530 355 
1 91 
1 91 
1 91 
9 479 406 328 413 338 345 650 91 653 
20 93 92 567 372 798 374 375 373 316 557 340 999 382 91 587 386 365 879 963 599 
1 91 
2 687 91 
1 91 
2 345 91 
5 445 439 91 406 655 
1 91 
2 321 91 
1 91 
3 353 345 91 
5 811 933 278 92 881 
2 788 92 
2 798 92 
4 852 800 798 92 
2 788 92 
2 381 92 
1 92 
8 377 384 944 376 226 540 542 92 
5 92 385 981 373 374 
3 92 792 791 
