12 2 3 4 5 6 7 8 9 10 11 12 13 
12 1 14 15 16 17 18 19 20 21 22 23 24 
115 25 26 27 28 29 30 1 31 14 32 33 34 35 36 37 38 39 40 41 42 43 44 45 46 47 48 49 50 51 52 53 54 55 56 57 58 59 60 61 62 63 64 65 66 67 68 69 70 71 11 72 73 18 74 75 76 77 78 79 80 81 82 83 84 85 86 87 88 89 90 91 92 93 94 95 96 97 98 99 100 101 102 103 104 105 106 107 108 109 110 111 112 113 114 115 116 117 118 119 120 121 122 123 124 125 126 127 128 129 130 131 132 133 134 135 
207 136 137 138 7 139 140 141 142 143 144 145 146 147 148 149 150 151 152 153 154 155 156 157 158 159 160 1 14 161 162 163 164 165 166 167 168 169 170 171 172 173 40 174 41 175 176 43 177 178 179 180 45 47 181 182 49 183 184 185 186 187 188 189 190 191 192 193 194 195 196 197 198 199 60 200 201 202 203 204 205 64 206 207 208 209 210 211 212 213 214 215 216 217 18 218 219 79 220 221 222 223 224 225 226 227 228 229 230 231 232 87 233 234 235 236 237 238 90 239 240 241 242 243 244 245 95 246 247 248 249 98 99 250 251 252 253 254 105 106 255 256 257 258 259 260 261 262 263 264 265 266 267 268 269 270 271 272 273 274 275 276 277 118 278 119 279 280 281 282 283 284 120 121 285 286 13 287 288 289 290 291 122 292 293 127 294 295 296 297 298 299 300 301 302 303 131 304 305 306 307 308 309 310 311 312 313 135 
48 146 314 315 148 316 317 1 14 318 164 177 319 183 320 321 322 323 324 325 326 18 327 83 84 86 89 328 329 330 331 332 333 334 249 335 336 337 338 113 276 119 339 340 341 342 343 344 345 
144 346 347 148 348 349 157 350 142 153 351 352 1 14 32 353 354 355 162 163 164 167 356 170 357 172 40 358 41 359 176 43 180 46 360 187 361 190 362 363 364 365 195 366 367 368 203 369 62 64 370 207 208 371 372 209 211 373 212 374 214 375 376 377 378 18 379 380 79 381 221 223 224 382 83 225 383 384 236 385 386 90 387 388 239 389 390 391 392 393 248 249 98 99 100 394 252 395 396 105 106 397 256 398 399 400 401 402 403 274 404 113 114 276 277 119 405 120 406 121 285 13 287 407 408 409 293 410 127 295 411 129 412 300 413 131 414 415 416 304 306 310 311 417 418 
116 419 420 421 422 150 423 424 143 144 425 1 426 427 428 429 430 4 431 432 433 434 435 436 437 438 439 440 441 442 443 16 444 445 202 446 447 448 449 450 451 452 453 454 455 456 457 458 459 460 20 461 462 463 464 465 466 467 468 469 470 471 472 473 474 475 476 477 478 479 480 481 482 483 484 249 485 149 486 487 488 489 490 491 492 493 494 495 496 497 498 499 500 501 502 503 504 505 506 507 508 509 510 511 13 512 513 514 515 516 517 518 317 519 520 521 313 
356 522 523 524 525 526 527 528 351 142 529 148 530 1 531 32 532 533 534 535 536 161 537 538 162 539 540 541 542 543 164 544 545 546 547 548 549 550 551 552 553 554 555 556 39 173 557 176 558 559 178 180 560 181 561 562 563 564 565 566 567 568 569 570 189 190 571 572 573 574 575 576 577 578 194 195 579 580 581 582 583 584 585 586 587 588 589 590 591 592 593 594 595 596 597 598 599 600 601 201 602 202 603 604 605 606 607 608 157 62 609 610 611 612 206 613 614 615 616 617 618 619 620 67 621 622 623 624 625 626 627 628 629 630 631 632 633 634 635 216 636 637 638 639 18 379 640 641 642 643 644 645 646 647 648 649 650 651 652 653 654 221 655 656 657 658 224 659 660 661 662 663 225 664 665 666 667 668 669 670 227 231 671 672 673 674 675 676 677 678 679 680 681 682 683 90 684 685 686 687 688 689 690 691 692 693 694 695 696 697 698 244 699 700 701 702 703 704 705 706 707 708 709 710 711 712 713 714 715 716 102 717 718 719 720 721 722 723 724 725 726 727 728 729 254 730 731 732 733 734 735 736 737 738 739 257 740 741 742 743 261 744 745 746 747 264 748 749 750 751 403 752 753 754 755 756 757 758 268 759 760 761 269 762 273 763 764 765 766 767 114 768 769 116 770 771 772 773 774 775 119 776 777 778 779 780 281 781 782 783 285 286 784 785 786 787 788 789 790 791 792 793 794 292 795 796 797 798 799 295 800 801 802 803 804 805 300 806 302 807 808 809 810 811 812 305 813 814 815 816 132 312 817 818 819 820 821 
21 822 823 1 824 142 825 826 827 828 829 830 831 832 833 834 835 836 837 838 839 840 
17 841 828 833 842 829 843 844 845 1 824 823 584 846 847 848 142 12 
9 105 849 1 3 850 851 148 852 853 
13 10 854 855 856 857 858 859 860 861 1 833 862 829 
58 863 4 152 346 158 159 143 6 141 147 864 156 1 315 146 865 194 160 140 150 148 139 151 254 144 164 149 7 154 866 142 137 157 867 385 145 21 258 153 155 170 868 314 136 38 193 869 870 871 872 873 874 875 876 877 878 879 880 
17 881 351 5 882 355 6 4 142 80 3 424 2 883 157 884 885 234 
20 153 886 887 888 889 16 154 457 2 30 890 891 892 893 894 895 896 897 898 899 
23 900 2 156 901 902 154 7 889 143 865 144 903 15 904 905 893 906 907 457 908 887 99 897 
13 909 2 902 910 316 911 491 912 913 155 351 914 915 
9 5 916 3 522 2 148 4 8 6 
16 917 918 2 919 920 921 922 923 924 925 351 926 927 928 929 930 
33 931 932 156 912 933 152 934 153 900 865 935 2 936 316 144 155 937 913 30 351 457 938 7 150 142 149 889 939 940 330 511 941 342 
21 942 943 2 944 162 170 357 945 47 51 946 215 947 948 231 244 99 105 949 13 305 
6 950 151 2 951 952 953 
8 954 955 2 956 957 958 959 960 
5 486 942 2 961 962 
20 963 964 965 966 901 967 968 969 970 971 972 973 974 3 975 976 977 978 979 980 
11 981 982 983 984 438 985 986 987 3 988 989 
3 3 990 991 
57 992 922 993 994 995 996 997 998 999 1000 1001 1002 1003 1004 1005 1006 1007 1008 1009 1010 1011 1012 1013 1014 1015 1016 1017 3 73 1018 220 222 1019 1020 84 1021 1022 1023 1024 837 1025 1026 1027 1028 1029 1030 1031 1032 112 1033 1034 1035 1036 1037 1038 306 1039 
68 1040 1041 1042 1043 1044 1045 1046 1047 1048 40 1049 1050 177 1051 1052 1053 1054 1055 1056 1057 1058 1059 1060 1061 1062 1063 1064 1065 1066 1067 1068 3 1069 1070 1071 1072 1073 1074 1075 1076 1077 1078 1079 1080 721 1081 1082 254 1083 1084 1085 1086 1087 1088 1089 1090 1091 1092 1093 1094 1095 1096 1097 1098 1099 133 880 1100 
420 1101 1102 1103 1104 1105 962 1106 1107 1108 1109 1110 1111 1112 1113 1114 1115 1116 1117 162 1118 163 1119 924 1120 1121 165 1122 37 1123 1124 1125 1126 1127 1128 1129 1130 1131 1132 1133 1134 15 173 1135 40 435 1136 1137 1138 1139 1140 1141 1142 1143 1144 1145 1146 1147 1148 1149 1150 1151 1152 1153 1154 1155 1156 1157 1158 1159 1160 1161 1162 1163 1164 904 1165 439 1166 1167 53 1168 1169 1170 1171 1172 1173 1174 1175 1176 1177 1178 193 1179 1180 443 1181 1182 1183 1184 1185 1186 1187 1188 1189 1190 59 906 1191 1192 1193 1194 1195 60 1196 1197 1198 1199 1200 61 445 1201 1202 153 1203 1204 1205 1206 1207 1208 1209 1210 1211 1212 1213 1214 1215 1216 1217 1218 1219 894 1220 1221 1222 1223 940 1224 895 1225 1226 1227 1228 1229 1230 1231 1232 1233 215 1234 882 1235 3 1236 1237 1238 1239 1240 1241 907 1242 1243 1244 1245 1246 1247 1248 75 1249 1250 1251 1252 1253 1254 1255 327 890 1256 1257 1258 1259 20 1260 1261 462 1262 1263 1264 1265 1266 1267 225 1268 1269 1270 1271 1272 1273 1274 1275 668 1276 1277 1278 1279 85 908 1280 1281 1282 1283 1284 1285 234 1286 235 1287 1288 1289 1290 1291 887 1292 1293 1294 1295 330 1296 332 1297 1298 1299 1300 1301 1302 1303 1304 1305 1306 1307 245 1308 1309 1310 1311 478 1312 1313 482 1314 1315 1316 1317 1318 334 1319 1320 1321 1322 1323 1324 1325 1326 1327 1328 1329 1330 1331 1332 1333 491 1334 1335 1336 1337 1338 1339 1340 1341 1342 1343 1344 1345 1346 1347 1348 1349 1350 1351 1352 261 1353 1354 497 1355 1356 1357 1358 1359 876 1360 1361 1362 403 1363 1364 1365 897 1366 1367 1368 1369 1370 112 1371 1372 1373 1374 1375 1376 1377 1378 1379 1380 1381 1382 1383 1384 1385 1386 1387 1388 118 1389 1390 1391 1392 1393 1394 1395 507 1396 1397 510 1398 1399 280 1400 1401 511 283 1402 1403 1404 1405 1406 1407 1408 1409 1410 1411 1412 1413 1414 1415 1416 1417 1418 1419 1420 342 879 1421 1422 1423 1424 124 1425 1426 1427 1428 1429 343 1430 1431 898 1432 1433 1434 1435 1436 1437 1438 1439 412 1440 1441 520 1442 1443 1444 899 1445 1446 1447 1448 1449 133 1450 134 1451 
5 177 3 1452 1453 1454 
13 1455 1456 8 522 695 783 1457 529 1458 6 1459 3 1460 
9 1461 1462 1463 1464 626 3 1465 1466 1467 
84 399 1468 1469 1470 876 1471 1472 1473 1474 1475 1476 1477 1478 125 1479 1480 1481 1482 1483 1484 1485 1486 1487 1488 1286 1489 404 1490 1491 1492 1493 344 1494 1495 1496 1497 1498 1499 1500 1501 1502 1503 1504 1505 1241 359 1506 1507 390 1508 1509 1510 829 1511 1512 3 1513 1514 1515 1516 1517 86 1518 1519 371 833 1520 1521 1522 1523 1524 1525 1526 1527 1528 1529 1530 1531 1532 1404 215 1533 1534 1535 
12 137 1536 1537 72 1538 148 3 315 157 1539 81 1540 
6 73 986 3 1541 1542 1543 
13 1544 424 3 1545 1546 351 30 1547 1169 69 1548 1549 1550 
36 1551 13 545 1552 1553 1554 1555 1556 274 1557 600 1558 1559 1560 529 1561 1562 1563 367 526 803 3 522 1564 773 1565 120 1566 1567 1568 682 40 783 1569 266 1570 
18 529 777 526 3 8 1571 1572 682 551 695 254 315 1573 697 522 523 1574 1575 
139 1576 551 1577 1578 522 1579 920 1580 1581 1582 143 1551 148 1583 739 783 351 153 1561 1584 30 600 4 1585 146 526 3 161 1586 6 1587 1588 1572 1455 1589 527 1590 1591 1592 29 142 695 315 157 523 529 1593 1594 1595 1596 1597 1598 549 38 1599 1600 361 1174 1601 1602 1603 1604 1605 1606 1607 870 1608 210 1609 1610 629 1611 1612 1613 1614 1615 378 1616 75 1617 1618 1619 1620 1621 1622 86 1623 1624 684 1625 1626 1627 1076 1628 1629 1630 1631 1632 1633 1634 1635 1636 100 1637 1638 1639 1336 729 1640 741 1641 1642 1643 270 1644 1645 113 1646 115 1647 1648 1649 781 1650 121 1651 1652 1653 1654 1655 1570 1656 1657 809 1658 1659 1660 132 1661 
14 266 1662 4 153 419 1663 527 522 62 3 6 254 523 1664 
9 359 1665 260 3 371 1512 1666 142 1516 
13 523 1465 1667 522 4 784 6 254 920 3 148 153 1572 
26 148 1561 1668 1551 1669 3 526 1670 600 1671 1672 1673 920 1674 1675 1676 374 1677 1678 682 142 529 1679 1680 1681 1682 
13 1683 3 1684 1685 148 1686 1687 527 1688 4 1689 522 137 
26 315 968 1690 1691 551 1692 146 1668 523 1693 1664 6 526 1694 1695 527 1696 3 1697 1698 522 1699 1700 224 677 790 
14 153 21 612 4 1685 783 3 522 1664 523 1582 682 146 148 
9 3 541 523 850 300 883 522 1386 353 
5 4 179 580 1511 3 
1 3 
9 3 351 315 21 261 148 142 59 185 
1 3 
17 1514 1663 805 254 30 148 351 3 1040 1568 869 619 1225 224 1283 676 1395 
5 1500 3 60 1470 1526 
2 3 1503 
5 153 3 988 739 137 
3 600 3 137 
2 3 1672 
20 185 234 524 3 112 153 385 30 51 1182 603 63 1252 86 249 261 111 1374 113 1439 
8 30 817 4 193 142 153 3 54 
3 865 30 3 
15 522 153 254 8 419 3 523 1664 529 6 41 64 79 98 105 
4 3 1030 59 1558 
13 522 1572 777 523 527 1586 3 254 161 62 6 551 4 
1 3 
1 3 
6 3 8 185 523 522 148 
5 351 153 3 522 137 
8 3 1000 1038 110 37 112 888 1022 
11 83 695 523 866 883 1450 500 112 538 3 522 
2 3 234 
17 161 695 312 1539 157 142 148 1561 137 600 805 3 1551 35 1613 225 118 
6 185 385 28 986 3 36 
5 157 1465 347 3 224 
7 40 30 664 1557 1587 3 234 
8 529 527 3 523 347 161 522 740 
8 1455 148 682 128 988 266 3 1563 
5 162 234 403 3 157 
7 62 908 3 4 254 6 105 
8 300 3 359 315 176 331 14 1460 
5 351 148 1667 3 35 
3 1579 3 1581 
12 528 148 865 6 5 3 146 315 351 319 70 129 
7 849 148 28 5 1571 3 277 
12 525 153 1675 143 315 3 522 254 30 351 739 1590 
14 185 40 59 3 424 523 5 1212 335 317 148 237 234 34 
28 1581 347 594 653 1551 373 865 1561 545 690 137 1586 157 546 254 1571 277 153 315 522 692 4 3 331 600 403 180 1580 
1 3 
6 5 351 647 142 682 3 
8 527 523 522 4 3 137 6 8 
4 177 234 157 3 
9 1684 861 523 3 142 1572 143 858 522 
5 1465 153 1667 3 148 
6 1561 3 522 883 347 1558 
14 600 252 4 599 526 1664 529 682 740 1551 560 148 1465 3 
3 1205 3 377 
1 3 
10 551 3 6 4 1664 1558 662 522 62 254 
17 315 153 523 331 162 6 403 3 185 522 16 157 254 21 4 676 148 
15 1580 1455 522 254 777 40 3 6 778 805 315 157 192 347 153 
3 695 3 1561 
9 8 551 153 659 522 3 523 1572 678 
9 300 137 234 865 153 157 215 695 3 
2 153 3 
21 21 3 185 315 385 112 157 254 908 331 79 175 62 146 6 236 153 4 335 353 11 
18 680 4 274 176 1586 1514 771 594 527 315 1511 195 351 6 153 3 1649 1460 
1 3 
5 1579 157 1581 3 1558 
7 274 234 3 856 729 161 835 
3 1546 3 69 
8 3 1541 234 355 59 148 157 180 
15 148 157 28 522 30 3 59 69 70 671 1025 718 105 261 417 
10 3 5 180 59 418 157 655 6 40 1460 
7 3 351 254 419 8 522 6 
10 1694 40 157 204 148 1581 1558 3 1579 1203 
18 8 554 968 1572 148 522 1664 3 690 695 523 1551 597 525 1465 571 610 635 
5 484 3 859 1546 1480 
8 1539 30 180 4 72 3 385 234 
29 8 6 600 1664 1572 968 1690 1551 522 529 148 5 3 526 523 4 682 527 209 871 671 1567 715 755 769 795 801 804 816 
10 3 849 1565 4 526 1465 6 38 1603 1567 
34 1580 942 315 153 254 1587 1590 1592 4 3 1576 1589 40 777 1675 739 143 525 146 527 522 585 805 1572 347 351 6 865 1663 157 1611 1613 1653 413 
13 527 4 817 551 783 1551 600 3 762 523 522 968 157 
3 185 3 1339 
6 1546 3 30 343 897 142 
38 399 833 383 1512 3 1507 1503 1484 1526 1491 1286 762 1501 448 1404 234 861 359 1509 1031 1505 363 1478 371 390 1533 1469 1517 1529 1515 1522 1485 1524 1487 1516 404 34 1156 
10 223 157 277 3 234 164 418 1562 744 869 
15 525 4 1667 551 148 523 522 6 1465 1572 153 1586 3 254 402 
9 3 676 1565 284 266 545 590 1563 77 
9 528 83 6 425 3 215 1450 1511 1495 
13 1212 1062 1465 538 315 180 3 148 850 399 418 157 1479 
21 525 6 522 1586 551 148 682 3 153 1572 523 1465 1667 4 1511 353 225 239 402 1430 413 
9 522 1586 40 1689 523 8 527 153 3 
11 234 3 148 29 351 920 30 1673 817 157 153 
6 283 3 1233 890 30 343 
9 3 682 523 522 1664 254 153 551 4 
4 4 942 487 13 
68 522 148 348 1561 347 35 4 547 166 1009 45 564 565 360 188 361 1174 56 194 195 57 587 615 68 72 1680 327 220 224 1620 668 873 908 87 674 236 385 386 90 387 684 690 1633 1321 250 103 719 394 252 1336 1029 256 257 743 274 769 776 13 1652 288 1513 796 411 1539 344 302 416 312 
1 4 
4 4 912 506 13 
13 4 433 442 450 480 481 249 1031 502 508 13 936 934 
9 1684 1561 1583 1696 350 1695 4 1019 13 
145 1101 14 1105 962 9 1117 159 924 10 971 543 4 1122 1700 953 528 920 144 552 1130 945 40 42 44 860 865 1145 1148 1160 419 8 563 439 51 441 573 1172 193 846 831 316 1184 195 584 1191 60 598 1584 909 369 205 1663 1684 1534 856 150 1672 6 1223 1609 211 1229 452 1237 72 1238 935 824 647 652 20 654 224 662 1267 664 1270 912 1273 1275 670 231 908 468 234 677 89 1519 1292 92 1627 473 351 1309 482 827 1319 857 829 843 1337 733 1344 399 258 156 261 1641 752 762 1371 404 1033 277 148 1394 1036 825 1400 1401 834 1405 785 13 513 290 1414 1420 523 124 1427 1440 301 989 823 304 980 813 309 1660 1448 1572 1003 312 817 
18 144 4 40 16 346 1062 606 7 1454 85 92 149 506 121 13 523 1440 1671 
34 425 865 142 428 430 4 419 158 316 16 346 450 211 451 456 460 20 7 868 900 478 149 491 422 492 497 420 143 506 509 510 13 902 934 
5 4 865 346 506 13 
30 971 4 40 5 177 46 47 186 1184 346 323 367 315 1238 824 647 947 83 948 678 964 328 335 105 844 337 506 121 13 788 
7 4 346 657 1531 685 506 13 
268 849 351 1583 1696 142 1465 35 347 355 1568 538 162 540 541 4 164 1596 545 1597 1700 547 167 168 551 357 554 555 173 40 174 557 176 43 44 942 5 180 1600 319 45 1558 47 561 8 360 568 570 51 53 189 361 191 572 192 576 322 195 581 582 196 584 585 1062 587 588 1688 198 199 366 367 368 599 600 200 1605 1584 202 369 607 157 370 206 207 614 615 1672 6 67 621 372 209 623 212 1225 629 1561 630 11 215 1613 633 1541 72 217 1581 639 18 640 77 641 380 645 647 648 650 81 651 220 653 661 1590 382 83 1619 1454 668 873 228 230 84 86 1586 676 233 679 385 681 682 683 1624 387 687 388 239 389 690 93 875 242 243 244 1022 245 1633 699 95 1562 704 1024 1025 248 99 713 250 721 723 395 724 726 727 728 254 731 732 733 1031 397 739 740 259 742 137 1685 1551 1553 262 264 751 752 266 754 755 267 111 757 758 1455 1643 270 112 271 273 764 1566 276 768 115 769 116 277 771 773 1589 1579 119 776 1395 778 780 781 782 284 340 1670 1563 13 287 288 289 408 790 792 523 348 410 127 1430 298 801 299 802 853 803 805 130 344 300 1570 302 989 131 1516 1580 416 810 305 309 310 815 1572 133 312 817 818 313 1664 821 418 
14 421 7 144 143 994 430 4 315 453 20 468 506 509 13 
30 351 158 142 426 428 4 1128 1150 1157 346 446 867 1234 424 459 1257 20 7 912 868 1299 421 1332 864 494 1347 1356 506 13 515 
19 162 4 1129 346 205 456 463 467 249 486 497 22 275 504 506 508 13 513 301 
16 351 1101 4 346 1210 1246 1251 20 1289 156 336 1372 506 13 513 1420 
147 902 900 30 891 354 355 162 4 164 165 170 357 903 172 15 173 40 358 41 176 43 177 47 904 187 1166 362 321 56 195 905 196 324 59 1192 60 205 1204 1205 869 1212 62 206 616 6 68 211 1228 628 1229 214 1615 457 1249 1251 896 327 20 223 224 661 225 226 671 85 908 87 1283 234 235 680 385 237 1624 238 1290 887 240 241 93 696 244 245 836 249 99 100 102 1329 103 104 1543 252 1336 253 254 1338 105 106 256 258 261 402 1357 403 897 268 270 1374 274 275 276 277 1395 1397 780 280 284 941 121 286 1670 13 877 341 293 127 295 298 412 1440 300 301 131 899 304 305 306 308 309 132 133 880 818 313 135 418 
10 351 4 1129 15 16 893 468 486 508 13 
7 4 321 447 17 20 502 13 
11 425 865 152 142 351 4 16 346 20 506 13 
149 530 1062 523 1664 8 522 990 148 4 14 35 354 537 355 162 1596 1597 945 172 40 174 176 177 178 180 319 182 183 189 572 362 192 575 1602 364 195 196 324 198 199 600 200 1605 369 204 370 206 870 613 6 374 215 632 882 633 635 72 378 74 379 640 641 78 646 872 223 658 224 1619 225 664 226 669 873 671 673 87 233 385 238 386 387 91 388 244 1022 392 393 1024 1542 99 250 100 103 721 1569 395 1639 729 105 108 399 257 742 267 111 268 270 112 500 113 115 277 775 280 781 121 285 1651 13 287 1652 289 122 791 1094 126 1426 297 130 412 300 806 413 302 1516 810 305 306 307 308 133 312 817 313 819 417 821 418 
18 144 150 4 419 346 446 447 452 424 459 912 466 868 474 249 498 506 13 
16 425 142 351 4 346 861 1201 1687 1519 1309 1342 506 1472 952 13 1458 
4 4 1231 1401 13 
49 522 1583 4 1689 523 1577 527 348 942 1684 594 8 531 1595 1699 546 40 559 1600 188 362 574 587 367 607 64 1614 72 638 76 647 220 654 1618 224 225 228 678 1076 707 718 255 109 949 783 789 1430 804 806 
53 244 682 1572 8 305 4 258 148 522 252 347 151 6 850 194 153 157 551 30 1672 1696 21 865 1561 777 203 355 318 173 188 1166 325 1205 894 1228 215 639 1251 78 232 249 99 718 261 1357 500 1374 280 283 878 412 300 418 
10 215 4 30 1572 6 1511 682 522 523 402 
19 5 277 4 6 148 271 153 522 8 572 354 1225 628 234 744 285 13 1094 126 
5 4 1465 249 30 153 
8 1551 1561 1579 1690 1581 545 4 137 
5 148 279 4 6 237 
6 148 522 762 527 4 1511 
9 522 4 861 315 1551 942 213 222 228 
20 6 315 21 347 311 4 153 1467 365 195 371 380 248 399 260 1524 13 787 293 1469 
3 522 4 523 
5 4 157 6 153 306 
15 805 30 522 284 162 148 153 551 4 8 682 300 1551 234 355 
9 1465 1551 600 233 148 1062 4 157 1605 
4 4 315 335 105 
33 157 1572 850 1551 244 8 1561 153 1696 600 810 522 523 1672 682 252 1582 777 527 347 4 1586 6 148 353 215 1251 80 106 402 500 412 414 
15 806 157 29 351 344 4 146 153 5 1465 695 331 31 1611 91 
11 4 1675 1664 522 234 737 157 8 1583 523 527 
9 1675 1691 315 4 695 522 49 872 296 
27 314 8 6 4 374 740 148 348 522 523 157 659 575 364 200 369 671 87 399 111 113 118 288 408 130 307 417 
5 4 8 522 350 523 
9 682 4 1664 157 551 585 523 522 234 
5 5 1561 157 4 380 
2 995 4 
21 4 1594 1148 1166 51 59 67 210 214 73 86 384 386 99 105 261 270 272 1374 1646 123 
14 355 4 234 659 522 541 682 307 551 783 565 1465 146 1614 
4 351 153 6 4 
6 1217 162 161 137 4 237 
10 1684 522 1565 666 157 865 527 4 8 148 
9 942 545 8 739 6 522 4 274 527 
11 523 805 4 234 254 385 148 585 1558 1579 1581 
17 148 1696 347 695 350 522 4 157 1561 1454 348 523 1453 384 1624 100 285 
8 4 142 1696 30 13 350 234 60 
11 523 137 522 351 8 527 4 162 1624 1368 13 
43 347 805 274 739 6 351 551 695 142 1561 223 148 170 348 1664 523 659 522 4 527 137 1558 277 744 8 525 350 777 157 153 1174 595 603 207 619 326 655 224 240 1632 1501 106 1469 
8 148 522 153 4 300 254 682 157 
3 1691 4 1694 
8 4 148 277 223 157 200 1681 1094 
17 1511 157 866 254 682 237 385 522 1664 805 148 523 4 319 870 217 393 
12 180 1551 157 849 148 1094 4 1541 288 198 234 778 
4 1648 640 8 4 
12 258 4 471 148 522 523 849 8 783 7 252 358 
15 4 252 244 347 254 850 6 522 355 162 215 500 280 412 413 
7 233 651 157 234 4 1558 115 
8 153 865 4 1667 258 151 1465 142 
19 153 1511 523 258 292 524 600 148 8 252 739 682 522 4 1565 274 616 157 968 
25 1561 523 4 1572 527 594 195 572 148 274 529 6 545 522 551 525 526 682 347 210 224 1501 800 1469 310 
3 585 6 4 
11 6 148 1586 682 600 4 119 522 1551 523 384 
15 968 523 40 1561 1696 585 1689 207 4 1686 527 185 1683 273 245 
20 142 1516 6 258 836 144 424 4 840 279 1000 1503 351 1509 419 153 1610 780 404 835 
8 1565 522 6 148 4 1564 682 739 
5 315 169 4 942 522 
9 1572 185 6 523 315 4 153 747 254 
26 162 21 176 478 4 157 148 258 203 850 30 353 34 355 163 565 1166 869 1251 239 103 1386 280 129 412 300 
7 594 523 4 522 8 252 527 
15 522 551 148 771 861 529 234 199 523 299 1691 279 1572 1583 4 
7 4 522 600 1055 246 279 299 
2 4 523 
14 600 28 1696 1689 1686 1687 4 1683 1551 148 1465 1684 161 137 
7 6 988 8 529 4 739 522 
5 942 315 28 169 4 
18 1675 153 277 385 157 682 6 4 195 198 628 234 1682 744 1094 126 308 309 
67 243 740 53 1664 4 526 527 1565 142 137 525 1579 942 374 572 594 545 529 1581 1572 585 347 254 1571 195 1561 699 315 1663 274 1451 8 523 1584 560 1455 783 777 522 153 682 681 74 348 157 659 46 1582 207 554 695 161 6 1511 1577 351 1690 697 968 550 1607 1609 1680 1290 1627 1641 795 
30 161 594 6 529 1694 798 1663 254 1683 523 72 783 153 527 522 4 30 942 131 682 157 560 8 353 1574 565 1252 1076 245 410 
5 1663 277 153 157 4 
13 771 681 777 527 8 523 590 545 4 522 594 740 551 
13 148 529 942 169 161 600 1580 4 347 315 527 658 729 
4 630 4 260 365 
9 234 942 4 148 1583 1503 522 551 523 
11 142 1675 599 522 523 347 8 351 21 4 1586 
8 162 4 1465 523 522 742 551 817 
8 148 157 1589 4 1597 174 1605 204 
82 153 4 522 682 744 164 142 1664 805 30 223 849 14 1594 354 318 550 173 1138 178 182 565 186 191 193 59 200 604 204 1205 869 1212 894 870 1225 1228 71 217 1474 379 75 78 872 669 230 86 1283 1290 91 239 691 1542 1321 249 103 1639 1336 728 261 402 109 1509 1357 111 1368 270 500 1374 118 280 1651 289 878 879 795 1094 125 126 298 1439 133 418 
4 30 4 153 1510 
6 4 6 137 523 105 1368 
19 385 616 4 153 258 167 188 199 1205 1251 86 707 261 1357 876 1374 879 292 415 
7 157 866 4 348 153 547 357 
11 682 131 551 234 522 215 1664 6 4 523 148 
8 153 1511 351 195 680 4 594 527 
5 4 258 523 153 291 
7 522 4 1583 303 148 551 251 
11 148 271 1579 4 1551 347 1565 522 600 523 224 
30 739 1696 527 8 153 1586 4 777 942 783 21 810 594 1572 157 1561 1454 522 551 148 1672 523 347 1668 355 162 176 203 687 300 
9 153 758 1541 4 30 522 148 210 225 
8 522 218 4 600 729 265 279 299 
7 1664 1696 254 682 522 4 1690 
10 419 148 260 4 824 1667 616 6 1526 170 
22 351 882 908 162 7 59 313 151 140 153 1217 5 6 1459 4 1465 420 865 234 158 331 165 
15 347 348 157 522 523 739 1561 695 148 1579 137 650 4 1551 1581 
11 1583 600 4 1561 522 551 1551 303 242 1076 259 
25 137 523 153 551 4 695 1586 522 682 968 1664 1561 527 6 162 176 202 203 206 216 637 95 292 295 802 
2 4 153 
54 594 1664 8 682 351 148 523 153 1663 4 522 1551 1511 527 920 29 1582 355 39 358 41 43 561 53 191 196 199 367 203 62 64 613 618 1225 214 375 79 647 224 225 85 87 247 98 99 100 105 398 114 121 13 127 305 135 
7 523 1586 4 161 522 942 438 
5 4 137 315 6 153 
5 8 137 374 157 4 
21 900 153 902 4 142 162 1138 202 205 206 211 1231 215 882 237 241 1509 275 13 293 301 
7 251 551 527 522 796 4 148 
25 170 425 4 1526 359 42 835 363 365 370 371 377 229 383 390 1523 248 399 400 1371 404 1524 787 1469 1516 
25 1443 162 30 529 941 185 59 682 403 313 153 523 142 817 522 234 237 8 112 4 51 1205 1357 1374 878 
4 148 1395 4 385 
3 522 4 303 
7 1567 8 1565 148 4 529 849 
5 4 600 246 279 299 
21 1561 348 271 849 1454 4 1579 347 739 148 38 1554 41 378 77 669 755 773 1563 128 1570 
5 148 4 157 1561 1638 
14 695 522 1455 659 348 1675 8 667 523 153 157 4 527 1578 
10 659 4 1578 1572 1675 523 522 8 1586 943 
10 148 1673 40 153 4 1561 157 234 185 600 
22 148 1577 851 4 527 1664 523 347 695 1551 682 659 522 600 164 613 372 382 687 243 266 285 
4 185 403 682 4 
22 529 551 526 1453 1454 682 522 1571 600 8 523 1664 527 1551 148 4 619 210 665 1685 1655 1559 
46 153 1561 1565 1581 600 551 137 1579 523 650 6 682 968 594 1551 739 695 4 527 1664 522 1568 38 190 195 1457 206 207 617 647 381 224 668 698 1632 106 109 753 769 1386 773 780 286 790 292 295 
7 1465 1667 4 258 865 153 151 
6 5 153 4 6 148 385 
27 164 153 385 157 223 990 351 6 849 4 148 142 354 195 198 628 226 873 84 87 676 1682 744 1094 126 308 309 
1 4 
9 246 299 600 218 4 265 167 211 217 
14 1572 203 523 215 30 157 522 529 234 4 850 1511 153 162 
16 1551 8 783 1664 1582 682 4 523 385 1696 522 1571 551 350 1511 600 
3 4 523 1579 
8 30 912 162 4 313 890 908 134 
16 148 347 153 1579 522 682 1664 1581 523 1465 695 4 1561 173 1094 128 
13 523 164 8 522 525 1697 157 271 192 1031 4 551 6 
10 742 4 1664 1683 8 682 1561 153 274 522 
11 551 1551 4 6 600 526 522 527 148 157 523 
10 1551 180 148 849 374 600 351 137 4 200 
8 234 530 1583 4 148 327 385 157 
2 142 4 
6 1581 385 241 651 523 4 
19 616 1696 545 522 968 274 1565 739 523 557 252 4 8 350 695 780 237 206 668 
9 529 6 311 4 385 170 153 258 526 
9 1551 527 600 1683 523 682 4 1664 817 
13 831 522 682 942 274 153 252 4 6 523 8 527 1386 
7 315 1675 522 695 179 4 404 
9 157 4 522 523 551 682 740 861 1055 
8 1561 529 4 523 522 234 148 153 
16 1572 522 246 1687 551 348 265 218 4 942 1583 523 1580 148 217 279 
34 162 244 777 215 850 1511 305 526 522 523 478 153 6 148 4 682 1572 1561 8 157 173 48 1166 196 325 639 1251 80 103 718 500 1386 1392 307 
8 1465 1667 865 4 142 151 258 153 
12 1561 137 157 968 8 849 1664 522 523 682 4 148 
7 551 522 4 1583 242 251 263 
7 1170 4 861 142 351 153 6 
34 4 1565 8 157 523 942 21 1696 551 1454 1582 1572 522 695 682 527 594 254 1551 1579 1586 1561 1668 739 347 777 153 1672 148 355 162 709 300 1660 
7 4 1031 28 6 157 153 172 
10 1539 180 4 351 157 1465 314 373 300 186 
6 223 754 157 153 4 277 
6 4 142 153 277 148 223 
14 527 522 6 4 682 1664 148 551 207 1465 523 549 565 413 
9 348 347 4 350 522 6 523 170 293 
14 8 137 1561 523 4 148 768 522 346 157 142 351 990 72 
11 148 7 157 421 600 4 153 882 249 261 283 
16 1121 5 180 1157 438 986 1218 1267 1452 385 887 328 484 13 317 307 
42 146 149 349 351 35 169 170 39 40 358 175 5 179 46 320 51 322 213 214 80 222 224 83 228 85 87 386 331 332 99 100 396 105 106 256 337 121 13 343 296 130 344 
17 937 144 934 142 5 1154 321 17 1246 20 908 1284 330 334 336 1389 342 
7 314 7 1495 1511 5 1212 86 
4 162 5 1583 234 
7 148 83 199 5 861 1511 157 
6 331 5 865 343 336 315 
6 153 5 316 155 403 1611 
5 5 315 1454 148 849 
4 146 1443 5 328 
8 157 522 347 803 683 153 5 1561 
3 5 162 300 
4 195 616 5 1572 
10 1579 137 1581 153 30 5 419 651 948 289 
5 323 314 5 146 1443 
1 5 
8 336 30 334 342 1443 316 5 20 
17 901 5 315 177 320 894 80 87 384 707 249 99 335 105 336 1389 339 
3 315 30 5 
1 5 
6 316 1443 5 30 905 330 
9 331 175 146 5 351 1465 86 105 878 
13 316 331 5 911 152 1443 320 1183 1249 1281 330 1389 342 
3 5 146 315 
3 5 865 911 
4 331 5 349 915 
4 343 849 148 5 
2 5 153 
7 1443 20 316 30 336 5 330 
15 315 30 5 1107 320 1183 1224 1233 1281 1306 340 878 124 345 134 
6 137 5 315 148 34 177 
3 343 5 934 
16 152 159 158 143 144 156 147 150 145 151 146 362 6 866 13 312 
82 148 525 350 1696 1568 162 540 170 555 1552 176 1011 570 571 192 576 1601 195 324 591 985 1577 203 610 1607 207 614 6 630 635 378 74 76 640 641 1680 224 661 662 1267 228 231 87 1283 1586 682 386 1479 243 1630 244 1633 94 250 100 988 1637 1638 1639 727 740 137 266 755 757 761 271 1464 768 771 1648 284 121 789 348 853 805 1570 810 305 311 817 
21 350 148 347 1580 1696 1561 161 540 180 192 195 6 374 224 238 250 137 266 268 299 311 
5 910 315 6 915 339 
29 347 541 548 1131 1048 181 141 360 192 193 576 195 1688 1577 606 6 1561 1562 394 1029 1464 768 281 523 292 348 853 1453 311 
188 142 1101 14 1040 891 914 1111 354 537 1117 159 539 971 892 1700 953 528 37 551 552 524 1131 1133 40 860 942 177 1151 1157 8 956 567 1165 187 1167 51 441 53 573 442 1173 1177 577 831 365 194 1184 195 580 963 1191 1193 598 1199 369 1663 1212 1534 315 856 448 150 867 6 372 68 211 1225 17 1231 1232 1238 1240 1246 19 424 459 896 647 81 1256 652 1258 20 1260 654 152 1687 947 224 463 659 662 1267 83 1270 912 1454 670 948 467 231 671 85 1284 874 1074 1288 681 89 938 1292 240 881 1632 836 1562 1315 1319 1320 484 249 721 1337 254 335 733 106 1339 999 735 1341 736 1347 399 1084 1349 1350 156 1352 746 1362 1086 752 762 763 404 1375 114 154 968 1382 838 277 148 1392 1397 778 508 1400 1550 1402 121 951 1405 1563 952 513 288 1414 792 1420 523 1424 1427 1096 1435 518 521 304 307 955 813 816 133 312 880 1100 
11 425 935 902 1131 362 1212 6 1243 1268 396 1354 
9 225 500 176 105 6 215 131 48 413 
7 157 234 164 6 277 153 351 
30 478 600 157 1511 162 850 529 254 777 523 551 682 148 203 215 153 783 305 1572 1561 522 6 718 244 173 14 186 371 402 111 
5 1561 695 551 374 6 
7 238 385 21 6 148 153 1639 
9 202 315 551 153 1673 1511 254 6 403 
12 1512 865 260 1516 6 390 34 42 377 80 1479 125 
6 1562 350 148 6 374 137 
6 6 40 1465 137 815 148 
7 153 352 346 6 157 161 1572 
5 365 6 260 1516 125 
3 180 6 157 
10 1526 351 260 6 170 363 371 229 390 399 
6 942 682 148 1672 6 522 
20 6 682 161 594 523 1551 527 529 522 148 1586 659 526 551 1664 254 600 146 38 633 
3 6 148 851 
10 6 142 148 351 180 387 659 1464 600 157 
6 157 1503 6 260 148 1516 
13 1489 1516 355 260 1481 365 6 170 861 390 34 42 125 
6 6 817 351 271 148 523 
4 1503 6 87 307 
18 348 157 1454 522 1551 6 523 356 1679 44 180 360 630 224 476 257 1670 288 
6 585 942 522 6 254 523 
2 6 650 
9 1487 359 1516 1477 260 6 1478 1512 96 
12 347 695 157 679 266 817 1465 1561 6 1607 40 1457 
10 8 682 942 522 6 523 416 234 968 157 
5 6 148 170 183 551 
5 522 942 6 274 523 
8 6 1465 148 551 271 1572 522 1464 
5 390 1516 6 260 125 
17 551 331 192 6 661 522 185 1591 209 1561 771 649 527 682 523 1664 1685 
31 6 522 314 148 137 153 157 535 357 191 59 199 73 223 237 386 887 105 262 876 500 276 277 118 281 13 289 291 293 1428 411 
9 385 659 315 347 157 137 6 185 905 
10 137 1503 530 523 157 6 600 148 522 369 
3 157 148 6 
7 817 148 600 529 522 1586 6 
19 1516 6 260 365 34 359 835 371 1529 383 1624 1479 1523 399 404 1524 1404 125 1505 
3 6 1465 407 
3 821 6 157 
6 740 157 682 199 6 522 
3 137 6 350 
10 1581 1579 858 968 861 148 157 526 6 523 
3 6 352 315 
4 148 522 523 6 
6 6 942 522 523 585 254 
18 1515 876 157 351 365 180 6 530 170 1516 142 390 1487 260 34 1529 125 130 
3 6 260 1371 
1 6 
14 127 355 762 529 153 523 1225 234 176 522 6 131 163 1683 
15 6 522 30 8 153 523 358 321 1212 78 87 99 261 1357 272 
20 351 762 390 142 6 1503 1465 522 1512 260 1516 523 296 34 211 1479 1523 1632 125 1505 
2 525 6 
2 6 650 
2 6 391 
5 148 1503 522 180 6 
2 6 968 
10 148 6 225 709 783 529 1465 560 786 690 
5 902 6 425 385 137 
12 215 850 157 153 1511 162 176 522 30 203 6 671 
12 522 6 203 121 523 866 131 565 157 1586 353 310 
4 771 6 680 176 
2 237 6 
17 527 682 681 137 523 1586 524 1561 1464 526 1551 6 529 148 551 522 379 
10 1568 180 600 112 1464 682 157 1503 522 6 
11 1001 1585 234 162 6 157 148 153 113 126 130 
29 425 142 158 902 144 422 428 41 1199 1201 1206 447 62 211 935 327 1258 7 912 468 1077 248 486 1083 498 114 825 1403 840 
7 144 428 1166 7 249 510 1444 
32 150 1102 1112 1120 435 1139 1150 445 447 1220 452 454 7 1266 466 868 1279 1294 1301 1304 476 478 149 488 1377 1381 509 1434 1440 520 1448 313 
11 144 430 432 419 459 461 7 912 1299 515 902 
2 447 7 
34 158 425 150 351 900 14 37 1149 1161 442 1064 447 211 1233 896 890 1258 7 947 463 1278 86 1283 470 1077 480 713 488 1083 1388 505 1406 1408 515 
45 1040 159 144 1133 1157 419 1052 956 1180 1184 1061 963 1191 1534 1485 867 1238 935 1248 424 7 1267 912 1275 1279 470 1318 1344 1350 156 260 1086 352 780 1400 1401 1402 1405 517 1096 411 129 1440 980 813 
5 7 1487 150 1210 521 
1 7 
5 144 419 150 420 7 
3 865 7 499 
9 7 496 144 422 149 450 467 508 510 
2 7 458 
8 422 934 7 911 1139 1274 1324 1410 
2 7 140 
3 7 1583 994 
6 1115 7 30 421 1119 1147 
2 7 458 
3 1673 1684 7 
9 997 26 986 314 7 920 524 1667 255 
19 910 142 30 865 7 478 1204 1205 1211 1237 1238 1246 1305 485 1336 1357 1369 1374 1440 
1 7 
6 7 351 938 142 1276 1302 
8 424 140 865 7 351 901 1280 1403 
3 7 30 899 
1 7 
7 30 7 466 520 865 421 469 
4 158 865 7 150 
10 965 968 155 423 419 158 421 7 424 498 
6 7 1511 351 1522 125 840 
3 1695 7 1694 
4 7 140 144 430 
4 865 7 144 495 
14 902 1266 158 865 7 1299 937 421 142 1139 1257 1294 1358 1434 
4 7 149 496 901 
5 7 421 469 1364 1440 
4 492 886 932 7 
6 144 7 910 865 151 1184 
9 7 16 153 459 903 15 20 897 899 
3 7 431 436 
6 150 7 158 351 422 457 
2 7 144 
2 422 7 
5 30 865 7 1209 1357 
4 351 424 151 7 
1 7 
2 7 1127 
8 158 421 469 865 7 1119 445 1324 
9 7 468 1667 430 865 351 996 911 151 
9 149 865 142 154 911 419 7 1231 467 
5 7 1119 445 454 466 
7 528 524 425 488 7 424 1324 
5 934 911 7 932 202 
1 7 
5 7 865 142 1511 902 
5 158 967 7 1381 1408 
2 7 1268 
4 374 7 650 421 
2 492 7 
18 421 7 30 934 144 1112 355 1120 439 1200 215 1297 485 1356 1386 300 520 1444 
1 7 
6 424 140 7 520 1274 1444 
9 140 7 912 932 1129 904 1257 897 899 
5 7 30 142 1184 1197 
1 7 
5 997 314 7 351 117 
10 1187 439 7 478 910 901 1112 1120 1274 1305 
5 419 154 151 7 24 
2 136 7 
7 421 524 7 424 1015 470 514 
2 901 7 
2 1004 7 
7 865 902 910 7 144 30 17 
5 7 144 886 455 477 
4 7 911 951 1235 
3 512 7 150 
3 911 7 451 
3 7 430 453 
5 144 1667 151 30 7 
4 7 447 419 158 
5 7 932 429 865 1449 
12 1061 300 203 385 157 234 718 7 176 162 353 70 
2 510 7 
7 7 1306 140 1667 912 865 155 
1 7 
4 510 151 994 7 
2 424 7 
14 146 158 7 144 150 149 156 147 152 151 145 159 143 139 
3 1227 7 30 
10 865 1667 151 140 154 932 7 351 911 430 
8 7 421 149 144 1112 1139 1324 513 
10 886 30 430 7 144 420 1160 906 501 504 
4 7 865 20 30 
2 7 494 
7 865 509 142 152 151 351 7 
3 528 7 488 
4 422 7 424 150 
2 7 1242 
7 425 902 7 865 1140 1184 1197 
4 7 864 351 865 
2 7 911 
10 30 1227 7 478 421 480 1160 445 1274 1444 
3 7 426 351 
416 526 529 531 32 532 533 535 161 355 1568 538 162 163 539 540 541 542 543 164 544 545 546 1598 547 548 549 168 550 551 169 552 554 171 555 1134 556 38 39 173 40 557 41 1552 176 43 558 559 178 179 180 1600 560 45 46 47 181 48 561 562 182 8 563 565 566 567 186 570 189 190 571 572 573 192 574 575 1602 577 578 194 195 580 582 196 585 586 324 587 1688 589 199 366 592 367 594 595 596 985 597 598 599 600 1584 602 202 203 603 604 605 606 157 62 64 610 611 612 1461 206 207 614 615 616 617 618 619 620 67 209 622 623 68 624 212 625 213 626 374 627 629 70 630 631 375 632 1614 633 634 635 216 636 637 217 639 18 379 218 76 640 641 642 643 644 645 1686 647 648 649 650 651 652 381 654 221 1618 656 657 658 224 659 660 661 662 663 382 225 665 666 667 668 669 873 670 227 230 231 671 672 673 85 232 87 1586 674 675 676 384 234 677 678 679 680 385 681 682 683 90 387 684 685 686 688 239 389 690 691 92 692 693 695 1076 242 243 1629 696 1077 697 698 244 1631 245 1023 94 699 700 702 704 705 393 246 708 1024 247 1025 709 712 98 99 713 1501 250 714 715 716 100 102 717 988 251 720 721 722 252 724 725 726 728 729 254 730 731 732 733 734 735 255 397 738 739 398 740 259 741 742 261 402 745 137 1685 1551 1553 746 747 263 748 403 752 753 754 755 756 758 268 759 760 269 1643 762 112 271 1464 273 1644 764 766 274 404 1566 114 768 769 1647 116 770 771 1386 772 773 774 775 119 776 777 778 780 280 281 284 121 783 285 286 784 785 1563 786 287 1652 787 877 788 408 789 122 790 791 792 793 523 292 795 796 797 798 799 127 295 296 1591 297 298 299 803 804 805 412 300 1469 1570 806 413 302 989 807 303 131 809 416 810 811 812 305 813 814 310 815 816 132 311 1572 312 817 818 417 1664 820 821 135 
349 142 143 1696 522 1663 351 350 148 659 1583 1695 531 533 535 161 355 1568 538 982 163 539 540 541 543 544 545 546 547 548 549 551 552 554 171 555 556 39 40 557 41 176 43 558 559 178 180 1600 560 46 47 181 48 561 562 182 8 563 565 566 568 571 191 572 573 192 574 1555 1602 577 194 195 580 582 584 585 586 587 588 1688 589 199 591 592 367 593 594 596 985 597 598 1577 599 600 1584 202 603 606 1212 157 62 64 610 611 612 206 207 614 615 616 617 67 372 209 623 210 624 625 374 627 628 629 70 214 630 631 375 632 633 216 636 637 217 638 639 379 76 219 641 642 644 645 1686 647 648 872 650 381 1618 656 657 658 224 660 661 662 663 225 665 666 667 668 669 670 227 230 231 671 672 673 86 232 1586 674 676 384 677 678 680 236 681 682 683 90 387 684 685 687 239 690 691 241 92 692 693 694 695 1076 243 1629 696 1077 697 698 244 699 700 701 704 706 707 708 1025 709 711 712 99 713 250 714 716 102 988 719 721 252 395 724 725 726 728 729 254 730 731 732 733 734 735 255 397 738 739 398 740 741 261 402 744 745 1685 1551 1553 747 403 752 753 754 755 757 758 268 759 760 761 269 1643 271 273 763 764 765 274 404 768 769 116 771 1386 772 773 774 119 776 777 778 779 280 281 282 284 783 285 1670 784 1563 786 287 877 788 291 789 122 791 792 793 794 292 795 796 797 798 127 294 295 800 1591 297 298 801 299 803 804 805 300 1570 806 413 302 807 131 808 416 810 811 812 305 813 814 310 815 132 311 1572 312 817 818 1664 820 135 
30 351 540 1700 551 552 555 561 8 438 575 577 59 598 1219 206 627 637 647 654 1267 670 470 690 488 780 782 1430 803 416 1003 
44 347 539 1674 551 1583 8 568 1487 888 195 599 600 946 207 1016 1672 625 1229 635 872 224 912 669 925 85 690 1482 1337 1083 1031 1551 761 1464 116 994 405 121 285 785 127 803 1671 131 1580 
57 535 538 38 39 40 1679 44 46 8 565 568 577 585 367 607 207 625 644 647 652 657 224 664 680 682 689 694 695 697 95 395 725 740 746 754 755 761 762 273 1386 119 782 1678 120 287 877 1698 792 293 803 804 300 1570 416 522 811 818 
139 531 532 533 161 541 545 548 549 168 551 552 945 40 41 176 559 178 1600 560 45 46 8 563 565 568 189 190 572 574 575 578 194 195 582 590 591 367 594 598 600 604 64 612 207 616 618 620 210 624 625 633 216 636 637 638 76 644 1686 647 651 1618 224 661 225 670 227 228 674 384 678 680 681 682 90 240 1629 697 244 1631 699 704 706 707 709 712 252 726 728 254 730 731 106 734 735 738 740 259 741 742 745 747 752 755 758 268 760 271 273 274 770 771 772 119 776 777 778 781 121 784 287 788 789 122 791 792 294 295 801 803 804 805 1570 416 810 305 813 310 132 818 
24 351 142 962 551 8 831 1508 861 1224 1238 1240 83 470 1530 689 1025 966 1382 847 967 514 129 1436 1003 
100 531 1467 32 533 535 355 538 539 540 546 548 551 554 38 39 40 44 8 565 566 568 573 577 579 582 585 367 594 597 600 1584 62 612 207 614 620 630 217 76 643 644 647 221 224 661 662 225 664 228 1586 678 680 682 683 685 688 389 690 695 697 95 1025 715 725 726 735 740 741 743 261 402 264 755 273 1695 771 1386 119 777 280 1678 783 786 1698 789 792 793 293 410 298 803 804 1570 416 522 811 813 814 818 1664 
12 861 537 551 8 157 630 387 721 1637 734 399 289 
9 529 8 551 522 161 1586 527 523 709 
4 8 527 522 594 
9 594 527 8 777 522 529 1573 523 1572 
5 8 1570 755 551 1076 
7 523 385 526 529 1664 522 8 
1 8 
6 351 530 8 1464 1551 157 
16 1690 523 526 1664 1551 522 529 545 701 148 8 1565 1691 1694 70 130 
12 1678 783 522 525 1454 1583 8 666 1696 351 523 529 
10 849 8 523 347 1572 524 522 148 348 529 
12 148 527 522 1684 8 350 523 1700 550 48 186 1685 
5 1558 1551 600 522 8 
8 681 523 594 8 968 522 142 738 
4 8 523 522 551 
28 1690 8 148 527 1565 523 522 1568 538 166 38 1554 1163 190 591 207 224 227 87 1564 1566 769 773 782 1563 292 128 818 
11 682 161 597 529 1591 8 522 1586 523 777 87 
12 148 137 8 522 600 1583 740 861 238 572 523 659 
24 1672 522 1511 8 1669 1696 1503 968 1684 594 350 1586 527 681 551 1453 666 740 1031 1454 523 529 574 1603 
9 551 522 8 310 523 565 40 803 527 
12 806 8 541 817 600 234 224 682 659 522 783 795 
117 524 8 528 148 523 530 527 529 522 351 525 531 534 355 1568 162 544 548 549 356 39 173 40 358 46 182 565 566 186 1174 578 195 580 585 367 596 597 598 64 611 207 620 625 627 217 640 380 646 647 650 651 1618 657 659 660 382 664 665 227 230 232 384 681 684 239 242 696 244 699 701 703 704 708 709 711 98 1501 102 718 251 721 252 731 259 760 273 1644 274 769 1647 770 1386 281 285 1670 785 1563 287 877 122 790 791 794 127 800 1591 297 801 299 803 1469 303 131 416 305 310 135 
9 351 803 1687 522 8 527 523 524 142 
6 1453 8 996 1454 856 1193 
14 597 523 529 8 148 682 1582 522 1551 562 224 766 116 786 
12 1673 524 803 347 522 523 682 148 594 1465 8 565 
10 1668 522 585 523 661 682 1683 8 851 1664 
16 1664 682 739 783 1565 1581 148 523 1579 849 522 8 1582 750 869 292 
5 8 1465 666 522 523 
7 1586 8 527 523 585 522 161 
14 522 527 8 523 682 1664 637 224 225 680 95 727 410 818 
10 8 524 740 148 522 968 523 681 738 254 
10 682 1664 522 1551 554 8 523 690 968 600 
7 8 522 527 523 1511 788 142 
3 750 137 8 
40 523 225 8 682 578 555 695 659 783 137 798 1572 529 740 681 1582 768 680 526 661 522 1586 1664 777 234 527 585 215 817 310 756 551 1574 549 186 1620 1076 877 1460 413 
7 8 529 594 817 522 523 551 
3 351 8 522 
13 525 8 523 1551 526 659 600 527 529 148 682 594 1467 
2 8 1695 
9 522 1561 1664 8 148 1580 682 1465 347 
11 522 8 1031 116 523 936 347 1016 1583 695 610 
21 1561 597 523 157 600 8 682 522 1551 527 1664 148 659 164 547 574 207 224 669 1641 769 
9 522 142 523 529 351 777 8 783 656 
20 682 1664 8 659 1591 1586 548 527 572 768 1572 662 523 594 522 1571 697 161 777 612 
8 527 8 180 524 522 157 1572 682 
13 1454 8 1465 1453 1664 1551 1583 350 1696 1672 148 347 682 
9 529 351 1664 526 682 523 524 522 8 
7 551 682 522 8 527 565 717 
2 8 529 
12 523 594 682 522 597 8 351 551 1664 49 872 1023 
4 1581 8 148 1579 
8 527 522 1690 148 8 594 523 529 
2 8 1674 
9 8 942 523 142 148 847 1464 824 10 
33 522 1664 8 1663 523 551 526 695 148 682 1586 683 529 1582 556 559 1600 182 565 191 208 210 375 656 657 224 873 676 685 692 398 1643 121 
4 8 695 523 522 
10 1664 600 161 522 523 148 1551 8 137 682 
6 1580 8 523 148 1561 1572 
4 600 8 523 522 
6 527 8 227 773 1563 128 
6 523 347 545 527 695 8 
7 8 523 762 682 522 671 715 
5 8 754 523 1561 765 
59 1586 682 527 523 522 1664 529 8 1467 532 533 161 543 548 555 566 568 574 580 582 367 598 611 612 207 618 624 630 216 637 643 649 224 662 225 227 87 681 240 697 244 709 716 728 254 106 740 752 755 274 771 789 803 804 1570 810 305 813 814 
7 1558 1454 1698 195 522 8 616 
6 8 523 682 522 551 667 
11 529 523 8 522 551 546 554 572 580 690 116 
15 594 682 523 142 527 1664 524 777 8 551 1571 522 745 740 351 
9 8 1580 523 1561 525 148 522 231 95 
96 148 522 849 8 572 1583 527 157 523 525 1691 529 739 1467 355 542 1598 547 550 38 40 174 176 44 562 568 1602 57 587 589 367 369 206 209 1541 72 218 647 872 220 655 663 665 228 673 87 680 387 686 389 690 692 1076 243 1022 95 701 703 246 1542 1564 251 723 731 1685 748 265 1643 270 271 273 274 767 1566 769 770 119 279 281 782 1563 287 288 122 1513 795 294 803 804 1655 805 1570 809 810 313 417 
5 1453 812 8 739 1454 
5 8 1551 522 810 682 
10 522 523 1632 1683 8 1503 59 1465 817 195 
8 718 1586 234 522 527 755 8 659 
3 522 1561 8 
8 522 1668 8 1696 1672 523 350 143 
7 682 526 1664 8 148 161 1582 
2 1453 8 
2 8 736 
8 1454 8 116 347 522 523 571 695 
6 8 522 794 594 523 551 
19 574 594 662 523 1571 527 8 1591 777 529 697 1586 1572 522 47 694 1076 709 877 
6 271 645 8 254 157 988 
8 347 529 659 8 522 523 148 664 
7 522 523 148 8 1561 137 739 
15 523 153 522 739 527 8 595 206 326 655 237 248 1509 780 292 
9 1696 274 523 1578 522 968 1454 8 1638 
6 527 594 522 8 1586 254 
9 1639 195 53 1505 273 8 522 1541 762 
5 551 522 527 529 8 
3 148 1565 8 
2 522 8 
10 522 148 523 755 681 680 817 1570 803 8 
5 522 8 527 594 523 
12 551 803 526 527 682 522 1664 661 8 525 523 738 
3 522 8 33 
8 551 523 695 8 524 690 522 1561 
6 153 223 523 164 8 277 
6 148 522 8 523 40 803 
15 1690 347 8 374 530 522 594 1670 523 650 529 148 1565 229 1509 
3 522 523 8 
5 8 1572 523 157 522 
11 666 647 678 527 8 157 367 523 681 148 522 
3 8 699 522 
18 1561 948 690 347 1583 8 1610 1453 525 1621 1454 849 116 695 157 522 682 1061 
5 523 666 522 8 527 
12 1690 524 527 968 252 594 560 8 522 523 777 1572 
7 1586 661 682 161 523 527 8 
11 1452 740 162 522 148 523 1583 8 659 300 737 
11 347 522 148 8 849 551 1465 157 1601 201 756 
6 522 523 148 157 8 347 
6 695 1668 523 522 8 797 
8 594 1695 1698 740 649 522 8 529 
10 527 1664 1556 529 659 682 522 8 526 523 
5 148 8 523 522 613 
8 551 8 712 650 721 1558 157 803 
25 161 1586 148 254 1551 8 682 551 523 529 526 659 740 524 351 142 1664 146 522 274 527 681 600 633 89 
7 522 1562 523 8 148 1664 682 
8 1695 740 8 522 594 1698 643 384 
17 8 1561 1579 522 148 551 523 1465 630 376 646 476 703 250 274 406 815 
16 943 1587 1572 1503 551 682 148 527 1664 522 8 204 327 1321 1651 291 
9 526 351 8 522 142 1664 762 682 1465 
8 1565 8 148 1690 1579 1551 1581 87 
7 783 8 522 142 351 161 524 
10 600 195 740 1579 1581 1454 1558 8 616 113 
8 1696 523 522 968 585 1643 573 8 
9 1664 147 551 682 526 522 585 523 8 
6 522 942 8 157 523 228 
41 8 551 522 523 1586 1573 351 1583 547 550 180 565 186 568 572 574 195 367 604 369 614 639 644 647 224 661 678 386 690 692 102 268 269 271 771 784 787 795 798 803 806 
4 8 523 551 522 
25 148 347 740 1561 522 1572 1583 529 153 8 849 527 659 523 556 565 625 638 1618 384 680 1076 747 771 806 
12 594 777 529 142 8 522 523 347 351 574 612 98 
6 8 600 523 522 1551 682 
10 526 1579 157 529 551 142 614 8 682 75 
8 523 551 682 600 8 1586 273 522 
15 522 8 523 539 548 558 189 633 636 693 700 706 714 741 802 
7 523 522 8 596 268 877 1591 
9 523 292 1565 522 30 137 274 148 8 
9 795 572 525 234 8 522 523 266 157 
14 1561 8 527 524 1664 522 523 351 142 1605 1633 704 758 796 
13 1573 112 522 351 592 157 153 8 119 1570 523 412 180 
4 522 740 8 523 
11 523 1465 522 783 8 600 1683 1062 157 1076 729 
9 1465 682 522 990 1664 8 527 137 523 
3 522 682 8 
14 523 585 148 1675 1690 773 277 8 522 778 53 726 99 128 
7 142 46 8 523 522 1683 968 
13 527 161 529 8 146 522 1586 523 681 659 803 633 102 
9 695 8 1664 148 522 1561 682 1663 378 
21 8 529 600 1664 661 560 523 522 527 682 526 1551 153 565 623 240 694 709 106 1570 414 
26 522 527 148 351 682 988 523 8 1551 777 1664 594 551 543 548 561 565 623 633 647 1618 224 227 678 804 416 
187 148 347 526 8 523 527 529 1583 522 1561 1572 849 1467 355 1568 162 163 546 1598 550 554 555 556 38 39 173 557 1679 176 44 560 47 562 182 565 186 568 570 572 574 575 576 577 578 580 196 585 587 199 1012 366 592 367 594 596 598 602 607 206 207 209 212 625 1614 635 638 379 77 644 647 648 651 652 1618 657 223 224 663 225 664 665 674 675 384 234 679 680 681 89 686 689 239 690 692 694 695 1076 696 697 95 701 703 393 1024 247 1025 712 1501 715 717 718 723 252 724 725 254 731 732 733 738 739 740 261 744 746 748 750 752 753 754 755 756 760 271 272 273 274 1566 769 770 771 1386 774 119 780 281 284 1678 286 1670 784 1563 786 787 792 794 795 796 797 294 295 1591 297 801 803 804 805 300 1469 1570 806 302 807 131 808 416 810 811 305 814 310 816 817 818 819 417 135 
13 1583 8 1695 1696 148 1573 523 522 529 585 324 1076 786 
6 137 8 523 551 40 522 
6 585 147 8 523 529 522 
5 600 682 8 1551 522 
8 1572 810 523 271 148 244 8 942 
4 529 8 522 810 
6 1696 528 968 526 682 8 
26 137 682 1551 597 1561 529 1465 525 524 8 523 522 1572 1503 600 148 1664 659 562 627 635 87 709 116 410 1431 
4 234 522 8 523 
13 695 682 1551 943 600 659 8 849 523 585 1664 522 87 
6 522 1590 777 8 666 523 
9 523 612 1586 682 526 8 803 680 783 
63 523 8 526 1572 1561 1664 522 682 1675 1573 529 32 356 39 40 177 179 565 571 192 195 585 586 591 610 627 70 635 72 378 642 872 224 679 1625 692 1633 701 704 712 250 101 103 252 724 744 755 268 271 274 116 1386 284 1651 1670 784 786 292 797 296 805 807 305 
7 551 153 522 8 523 682 1591 
16 526 777 1573 1586 523 529 527 594 522 8 682 39 574 612 224 804 
5 522 523 274 1511 8 
10 522 148 8 551 523 527 634 224 702 817 
4 523 8 666 522 
11 551 600 523 8 682 695 1551 1664 538 1679 1624 
4 522 783 8 699 
8 600 551 650 8 682 1664 856 1551 
10 551 148 670 1561 527 522 8 523 695 1590 
6 1668 8 522 1693 849 1454 
7 740 666 523 1590 527 8 775 
9 527 523 237 783 1572 161 1591 8 331 
5 523 522 8 551 1695 
22 594 803 810 527 8 1582 612 690 531 1591 762 523 551 680 817 522 777 305 1174 1076 877 410 
1 8 
4 523 1465 551 8 
10 523 1465 527 8 1586 522 1664 695 682 646 
8 968 8 1454 522 148 523 424 1696 
4 522 8 666 523 
10 592 1570 8 682 522 1664 119 529 1573 756 
6 594 522 803 8 523 1076 
6 682 8 578 756 762 522 
12 551 8 1511 300 162 682 161 806 112 355 604 500 
3 523 8 137 
2 8 522 
13 530 29 551 148 8 523 1464 157 1465 522 351 920 646 
2 8 522 
10 682 1561 1551 1663 148 600 1583 1464 1664 8 
8 682 1664 695 8 523 522 148 1561 
10 1664 529 523 682 526 8 522 1672 1696 1573 
7 523 529 8 527 148 522 676 
8 8 347 1668 560 148 1580 1565 853 
9 522 523 234 148 777 527 594 8 1572 
13 40 157 228 783 673 522 942 1062 8 523 246 1639 109 
4 523 522 527 8 
9 600 522 523 148 8 682 527 551 1618 
12 523 148 1583 682 8 1687 1691 942 1672 1572 1684 522 
7 142 522 148 523 351 8 682 
5 8 523 530 522 527 
7 523 1583 527 8 351 522 529 
5 8 1673 351 1675 609 
4 8 1583 178 639 
13 522 527 682 523 1664 1586 8 968 543 561 625 760 789 
36 148 522 8 682 1586 523 1664 1551 1568 1554 40 557 1163 190 56 195 600 601 206 615 616 212 221 85 244 1564 250 266 274 1566 121 789 292 802 305 818 
41 1572 526 347 1579 1664 1465 527 8 522 529 594 682 777 523 148 1561 1586 547 548 180 561 565 598 639 76 643 647 649 655 1618 224 661 227 672 95 706 393 759 762 297 801 
9 529 1586 1643 40 523 8 527 522 666 
9 865 1684 522 157 148 527 8 232 286 
7 529 1668 137 8 849 1454 1453 
16 523 1663 1664 849 164 682 277 223 695 8 195 234 1624 1094 126 1426 
5 527 522 523 8 598 
5 682 8 526 522 351 
8 522 968 523 1572 8 527 661 214 
5 600 682 522 8 1551 
5 1698 8 1695 1462 968 
6 1579 1664 682 8 557 564 
3 8 1695 148 
10 148 522 594 142 351 8 682 1561 527 523 
7 8 522 523 274 1664 682 1551 
15 1573 522 148 8 523 526 920 1696 1466 682 1673 1672 593 765 308 
23 529 8 1664 682 1565 783 347 523 527 1551 522 266 695 1561 526 148 119 594 534 604 623 1076 1570 
9 1664 640 682 522 8 565 715 717 816 
7 1465 523 851 8 1696 347 148 
8 8 670 148 522 1590 523 527 245 
5 740 522 523 1591 8 
13 738 1664 783 968 8 523 551 682 522 1582 527 1591 1638 
5 526 523 525 347 8 
20 1551 522 351 526 1561 8 142 740 1467 168 592 619 652 709 717 402 404 122 125 813 
4 351 1571 8 523 
6 148 523 522 1572 785 8 
5 593 754 8 1561 523 
4 1664 8 554 522 
3 1683 8 600 
12 350 148 522 523 1696 1672 1583 347 8 565 574 312 
19 148 1664 682 274 1465 551 1671 1551 1670 600 522 1675 137 572 545 119 8 523 1690 
10 1664 551 1693 527 600 1572 522 8 682 1551 
26 1579 659 1664 1465 661 777 682 8 148 1572 347 594 1551 522 523 527 1561 529 1586 217 1618 227 384 106 1570 414 
5 522 1586 523 527 8 
15 274 545 266 1563 523 1561 148 1565 590 522 1690 8 38 1554 676 
4 523 522 8 682 
4 8 157 522 706 
8 523 1586 1572 8 137 527 522 148 
41 522 529 8 523 527 533 355 162 546 39 176 565 573 574 195 598 1212 64 612 637 224 662 227 681 693 697 244 709 100 728 740 771 121 786 789 800 300 806 810 812 305 
16 1583 8 148 351 522 527 849 1693 1561 523 1673 200 869 873 676 100 
2 523 8 
15 1511 274 425 524 153 682 968 148 1565 522 8 616 1664 211 292 
7 40 157 8 1610 1561 527 148 
10 148 545 8 968 1551 1663 524 526 1565 600 
39 522 529 523 1698 8 1580 161 1591 32 355 539 550 38 40 557 1600 47 565 186 573 202 654 224 225 673 694 244 702 707 729 755 760 281 877 122 795 410 804 1570 
10 1586 659 695 1664 682 522 523 527 8 43 
6 522 525 551 8 142 764 
10 529 8 523 683 777 554 522 695 682 410 
7 522 659 260 170 682 8 1505 
7 527 1586 522 8 146 523 563 
13 161 527 594 523 777 1586 8 522 739 529 1572 347 738 
11 1691 8 522 1584 1690 274 1693 551 1668 148 46 
7 157 968 523 8 551 522 527 
11 526 527 682 148 8 523 529 1664 522 351 1669 
4 8 523 522 529 
7 8 1561 551 682 1664 523 611 
15 523 798 659 234 600 522 682 1570 783 224 550 8 119 669 1542 
8 8 682 523 137 670 522 1561 259 
6 8 642 522 695 682 523 
7 522 659 523 8 565 225 795 
2 8 522 
9 551 8 523 777 1691 942 207 1695 1694 
9 527 740 8 551 148 523 682 1664 119 
7 148 8 1563 739 666 1565 252 
33 1664 526 523 525 8 551 659 594 522 527 148 1551 682 600 524 529 549 552 555 38 324 623 625 629 1614 646 1618 678 694 709 716 1685 806 
19 1551 8 161 119 522 1570 1586 594 529 682 783 600 527 526 1664 817 523 681 697 
29 1664 1663 1465 527 600 523 849 695 522 347 8 1551 1561 148 682 173 1600 53 191 1603 195 199 869 1225 72 234 100 1643 121 
15 8 682 659 777 803 661 523 161 1572 157 522 550 177 718 1430 
9 682 695 523 1561 522 1586 968 8 1664 
4 682 8 1664 523 
6 600 40 8 1618 522 1551 
23 527 1586 148 522 523 594 157 8 777 347 600 1551 1572 1561 682 1598 176 602 687 688 244 709 1654 
7 523 526 8 682 1664 529 522 
6 522 523 1453 8 777 601 
10 142 351 594 527 529 523 8 425 522 762 
7 523 522 594 8 529 1664 682 
7 650 148 1561 8 522 523 361 
6 119 351 682 8 522 756 
37 522 1663 682 1698 8 523 1664 1683 699 347 1690 157 148 142 1574 550 565 566 60 603 372 623 871 378 232 1624 389 1076 1632 1542 709 261 122 294 804 1659 133 
16 148 682 1581 739 560 1664 8 526 529 545 1465 522 523 1561 527 153 
3 682 8 157 
3 8 523 522 
8 8 856 157 522 148 1664 392 1642 
3 9 1311 1329 
8 844 841 847 142 843 824 9 10 
9 146 142 9 10 584 842 248 843 823 
5 419 1511 142 9 838 
5 861 1493 832 1525 9 
9 833 142 834 1525 9 1500 1470 1492 829 
7 9 10 1158 1176 846 1223 1383 
10 1525 827 833 142 834 9 34 10 12 1522 
1 9 
10 351 142 859 528 9 1131 1244 1088 295 1003 
7 1511 861 858 1493 9 826 1342 
10 856 1484 9 34 10 12 1522 827 829 125 
6 142 9 1500 1470 827 829 
12 390 109 9 1665 260 211 839 1158 1487 1485 1500 1223 
10 9 1487 153 1500 843 865 351 1470 211 838 
5 1331 9 1546 28 1039 
9 1487 9 840 351 825 1402 839 1546 836 
7 1665 9 1487 1156 835 838 840 
9 1610 419 839 9 448 1485 1526 211 838 
2 10 823 
3 920 824 10 
10 142 824 10 1500 1470 1488 1492 836 1404 823 
3 146 10 823 
1 10 
7 142 828 10 1158 1176 1223 1383 
6 528 1003 861 10 584 823 
1 10 
42 1040 540 557 860 322 600 200 1605 202 11 635 640 661 1454 84 1586 874 234 1074 682 692 705 743 744 1551 264 266 277 148 778 340 120 1670 288 1426 1430 1431 805 1098 302 1100 1664 
12 355 162 176 48 203 11 215 1386 280 130 412 300 
9 1465 556 1601 368 11 757 271 1644 1647 
1 11 
10 350 347 148 1696 1668 1672 945 11 1024 727 
2 1525 12 
4 860 12 1481 857 
11 351 142 553 12 703 109 1390 1093 1653 833 821 
3 855 142 12 
11 861 1515 832 1254 1489 1530 92 12 395 1525 1003 
8 1131 831 1215 975 12 966 117 1513 
6 849 855 1673 351 142 12 
30 159 528 962 547 169 319 530 371 1483 832 217 1254 826 1021 1489 92 12 1522 1025 395 858 1342 1525 1695 847 125 297 1436 304 1003 
1 12 
2 1541 13 
13 150 867 865 1102 1150 1152 1220 868 1377 941 13 518 1448 
108 145 142 1102 429 1115 1116 162 1119 1124 1125 144 1128 1130 1133 359 1140 1147 1154 1157 1158 1159 1160 320 439 1166 1167 189 1172 442 1176 1184 16 61 445 446 205 1212 1221 940 1231 451 1234 452 1238 1241 456 1246 896 890 1258 20 1260 462 1264 1266 83 466 900 467 87 468 1284 1285 1296 1299 473 1305 836 1319 249 1324 1328 103 1332 491 864 1337 1349 1350 156 742 1364 897 499 502 275 338 1378 508 1398 1399 1401 511 1402 121 13 1409 513 1412 1413 1416 1418 517 1427 518 1440 301 1448 
9 346 199 870 70 1620 238 1639 13 413 
8 150 351 425 1150 868 864 1377 13 
12 421 150 158 1150 864 144 867 1369 1377 13 1440 1448 
16 53 13 882 1225 1450 557 778 1516 153 1395 1212 805 234 215 1283 126 
6 157 13 40 234 199 866 
4 13 119 1567 817 
12 234 580 600 1551 695 525 13 157 1465 179 523 1649 
10 1465 157 778 277 148 1031 13 585 137 522 
5 968 13 1693 351 849 
2 13 148 
15 1470 1487 1494 30 13 237 1532 1500 385 1477 34 1534 1241 399 1469 
13 612 13 667 709 526 565 1591 522 1582 153 523 783 551 
6 335 13 261 162 234 343 
5 13 1459 237 234 30 
4 153 13 351 29 
2 351 14 
10 157 30 313 258 14 1169 869 249 1357 1450 
4 14 48 70 94 
2 14 1134 
1 14 
9 15 893 455 890 887 492 1375 1385 510 
8 16 30 886 153 902 314 385 15 
4 525 889 15 69 
6 15 888 16 20 912 1428 
16 424 932 901 934 30 886 865 15 904 893 1200 896 897 283 899 134 
9 15 1288 1270 1352 153 938 351 892 1237 
6 1288 1270 351 15 938 891 
7 890 154 15 903 933 16 886 
8 30 162 1228 234 895 1340 15 331 
8 15 899 30 1419 1300 897 904 894 
9 1187 865 424 937 351 890 153 15 951 
11 865 932 890 457 15 16 30 153 481 895 124 
2 30 15 
10 457 30 443 890 481 15 153 932 904 895 
9 144 865 1169 16 153 1249 424 20 258 
12 1129 442 16 453 1254 890 331 485 489 25 1395 1406 
20 937 422 144 914 419 16 153 17 452 887 473 491 1346 258 1375 352 1401 517 411 1447 
4 153 16 457 893 
9 932 16 153 481 30 1324 890 895 899 
4 16 153 386 334 
4 30 16 510 907 
3 906 16 30 
11 316 16 142 137 153 30 1148 79 249 105 283 
3 142 912 17 
9 914 349 439 17 456 485 491 1346 1375 
31 938 1113 1117 432 1177 1187 1211 17 1231 1257 1270 1272 467 468 1284 471 1310 1324 493 495 1351 336 1359 338 1387 508 1406 1419 1422 519 1441 
24 158 525 422 938 425 150 419 139 142 351 1487 889 1118 1177 909 17 1257 20 481 1340 502 283 951 1449 
4 938 914 17 20 
5 351 910 902 17 913 
6 349 1187 339 17 1194 1199 
4 18 1334 1342 1345 
1 19 
1 19 
2 1576 19 
21 142 1040 1041 40 1049 43 44 438 1059 842 19 1069 1073 1074 1076 1078 721 254 754 133 1100 
1 19 
6 28 1004 19 925 1546 936 
1 19 
3 30 142 19 
9 922 994 525 1001 1004 936 997 19 1028 
3 1016 19 1183 
3 928 1270 19 
5 1031 1270 1016 19 927 
1 19 
1 19 
1 20 
16 1104 1160 904 455 890 20 471 481 1340 897 499 508 1403 1441 899 1449 
13 1120 1166 893 1212 1228 1251 20 1275 1297 1385 1396 1397 1440 
10 961 144 140 432 316 890 20 471 478 345 
6 419 425 142 20 1375 352 
14 997 1001 922 993 992 994 140 571 1016 1004 20 925 1031 1375 
10 1140 1157 316 452 896 20 1372 1375 1420 902 
25 351 891 892 942 1152 441 913 911 1212 1246 1249 1259 20 1271 912 1288 1336 1352 1357 1372 1375 1389 1397 1405 961 
1 20 
3 30 20 865 
8 864 20 153 1205 261 1357 1374 1440 
37 1003 148 351 1696 136 1672 995 938 161 169 190 584 366 213 375 379 381 222 658 224 21 225 228 230 687 244 729 732 255 398 121 1458 295 800 299 305 24 
5 1474 651 21 692 269 
1 21 
6 157 1464 527 853 142 21 
3 1503 525 21 
5 424 351 146 21 948 
7 327 351 947 1465 21 146 635 
2 161 21 
1 22 
12 351 912 1117 1154 1173 896 493 1359 22 1406 1419 1441 
3 351 159 22 
3 142 351 22 
1 23 
2 351 23 
4 23 425 351 960 
3 23 958 960 
2 23 957 
1 23 
3 957 23 956 
4 938 1352 934 24 
7 528 861 30 142 1508 1273 24 
8 425 351 974 1191 976 25 977 979 
2 146 25 
5 969 1203 447 976 25 
3 528 859 25 
6 528 1040 474 25 1381 1408 
53 351 1568 543 1699 548 1048 1600 46 561 562 1174 1012 447 206 617 210 637 379 656 224 874 677 689 1307 713 252 395 1638 1083 738 25 747 749 760 1643 1370 1464 274 1695 116 119 780 978 782 1678 1698 122 791 409 292 1433 302 807 
2 965 25 
1 25 
4 142 146 351 25 
2 25 978 
1 25 
3 977 963 25 
2 859 25 
3 963 965 25 
4 25 963 974 979 
3 972 25 968 
3 977 25 963 
3 25 142 425 
3 982 984 26 
4 523 981 1580 26 
1 26 
3 1465 26 981 
8 1465 26 523 1551 1455 347 522 1466 
7 314 26 997 36 438 1013 73 
2 26 1465 
13 1580 1561 523 1454 522 347 1693 26 56 613 77 221 681 
4 522 142 148 26 
8 27 157 674 1569 277 1648 991 312 
3 990 27 1531 
5 28 1004 1271 1546 936 
4 28 1016 1546 936 
10 525 434 28 1016 1004 925 149 504 1546 936 
6 942 184 28 1544 1000 1546 
6 553 28 1178 467 1546 1440 
9 438 28 986 1004 925 484 1031 1546 936 
2 28 1546 
6 351 28 1544 1016 1031 1546 
7 995 28 211 69 1028 1546 1038 
10 1144 28 1062 1016 1004 925 1031 1546 936 418 
3 28 1062 1546 
13 524 858 528 1525 861 142 831 942 28 1544 1546 847 1037 
14 992 997 922 994 936 1001 28 1016 1271 925 1028 490 1546 1039 
1 28 
1 28 
1 28 
1 28 
4 137 1453 1454 28 
1 28 
3 28 1583 347 
12 1695 968 1694 1698 682 28 1697 1584 1693 1466 1462 1684 
3 1038 986 28 
1 28 
6 488 1503 1512 1610 28 1233 
14 525 28 1001 994 993 1487 1004 999 936 926 571 928 1031 1362 
2 28 1303 
1 28 
5 1454 141 1672 1029 28 
1 28 
3 28 1525 861 
8 1673 157 148 28 1561 600 1551 69 
3 580 28 522 
9 682 522 1673 1062 148 157 853 28 1025 
10 112 529 861 522 148 523 1024 682 28 528 
1 28 
1 28 
4 28 1000 1004 925 
11 28 1664 137 350 1672 1663 1578 1454 1668 1453 1019 
3 28 63 1034 
18 28 148 999 1001 1487 997 936 140 525 1016 1123 548 571 873 928 285 125 306 
4 1696 1454 28 1453 
2 142 28 
2 1030 28 
2 28 1546 
2 28 142 
3 1676 28 1003 
6 1585 1000 28 1123 1013 69 
4 1673 1004 28 837 
9 849 425 351 967 1693 1663 29 53 920 
2 29 920 
1 29 
2 1673 29 
1 29 
1 29 
1 29 
1 29 
6 1672 968 1696 29 350 1684 
3 920 29 1673 
1 29 
2 29 1673 
5 425 1511 1061 29 1146 
1 29 
1 29 
3 29 218 297 
2 1069 29 
2 1673 29 
1 29 
3 29 1673 920 
1 29 
8 29 1511 425 1052 635 1082 500 1088 
12 29 148 1002 1001 143 174 1605 157 673 1024 729 130 
1 29 
3 1077 29 424 
2 29 1673 
3 1455 1465 29 
2 29 1142 
1 29 
3 29 920 1056 
1 29 
1 29 
2 29 1673 
2 29 920 
5 1673 29 920 849 351 
2 29 1673 
25 600 673 534 523 682 161 683 661 1582 225 29 755 612 817 1683 1465 920 709 522 1537 251 716 1584 40 565 
7 29 1511 523 424 419 522 1064 
2 920 29 
1 29 
3 1503 29 1673 
2 29 1673 
2 29 1061 
6 424 29 968 1511 419 525 
2 351 29 
1 29 
3 351 29 425 
1 29 
3 831 29 1061 
1 29 
2 1626 29 
1 29 
4 1691 1697 1466 29 
2 29 856 
10 157 234 284 277 744 198 223 29 164 200 
1 29 
3 29 351 425 
2 1673 29 
3 29 1693 849 
1 29 
5 29 1673 849 920 351 
4 142 351 152 30 
6 421 1204 865 864 30 1448 
1 30 
2 30 932 
2 30 142 
1 30 
3 343 30 1306 
2 30 1446 
2 1673 30 
2 1227 30 
2 351 30 
5 30 509 421 478 485 
4 911 1187 30 1441 
1 30 
9 30 865 435 1147 1164 1180 1220 1355 1440 
2 30 865 
10 142 911 30 1343 1441 951 351 1187 1257 1272 
2 912 30 
8 469 1147 865 466 30 1180 435 1440 
7 485 478 1448 933 30 421 1343 
2 30 314 
2 30 142 
4 1031 30 1407 1038 
2 865 30 
2 865 30 
1 30 
2 30 465 
3 865 150 30 
5 30 481 154 901 151 
3 142 30 865 
7 30 1525 859 350 831 352 351 
1 30 
8 30 865 1402 425 351 1158 1327 1350 
3 522 884 30 
1 30 
1 30 
1 30 
4 30 1587 258 234 
8 30 432 421 509 1257 1324 452 1434 
6 937 865 517 30 1184 1348 
2 30 1402 
2 1067 30 
1 30 
5 30 1001 1211 1406 1441 
2 30 142 
4 1052 1528 30 1511 
9 1301 1115 30 865 1119 435 1151 1220 1440 
4 30 142 908 185 
3 30 424 1187 
8 150 867 864 421 30 868 1377 1448 
4 1355 1147 30 351 
3 30 864 938 
1 30 
6 1221 316 951 1211 30 865 
3 30 1227 1326 
5 1533 1487 839 30 125 
12 351 1288 30 1495 314 425 865 150 1372 1237 937 1232 
16 1500 1487 846 1511 1133 1402 1470 865 30 828 835 1285 1291 1522 1327 1350 
2 865 30 
6 932 142 520 30 510 865 
2 30 424 
1 30 
6 545 739 30 1690 1561 1455 
3 1115 1299 30 
2 30 351 
11 1459 300 30 933 215 153 185 162 420 865 1194 
4 30 865 351 1441 
2 30 1378 
4 900 882 30 37 
2 30 304 
1 30 
3 142 865 30 
3 30 951 351 
9 551 40 30 195 1465 968 137 1667 709 
2 1466 30 
5 30 846 865 828 1285 
4 912 30 351 911 
2 30 996 
1 30 
5 425 1115 1301 30 1119 
2 1415 30 
3 30 1249 59 
5 336 1284 926 343 30 
11 865 351 1209 517 482 1140 142 456 30 425 146 
1 30 
2 1227 30 
13 30 911 1257 1113 1117 1149 1211 896 485 915 1341 1349 1351 
1 30 
2 30 1338 
1 30 
6 1692 425 142 963 30 351 
3 1465 30 153 
3 30 351 553 
3 30 1166 915 
2 1511 30 
1 30 
5 30 517 1278 1257 482 
2 30 1389 
4 915 351 419 30 
3 30 890 478 
6 419 1692 30 159 1268 1387 
1 30 
3 965 115 30 
5 153 30 439 1102 1440 
13 153 261 237 1580 1459 162 941 1357 439 234 30 96 1397 
3 30 419 1274 
2 30 1214 
1 30 
3 462 30 1184 
3 30 426 152 
8 439 911 30 1511 1187 1144 1154 1353 
17 403 153 777 317 1586 523 234 30 865 351 933 938 352 869 86 1624 130 
1 30 
2 1207 30 
2 859 30 
2 30 1218 
5 1561 1696 30 188 249 
5 314 30 1216 1364 1448 
4 1402 30 524 1313 
5 30 1115 1147 421 864 
3 30 865 1154 
2 1392 30 
11 846 1665 1487 30 1511 142 828 835 1285 1522 1383 
4 1511 343 30 528 
12 234 164 351 1663 805 254 53 30 148 869 1283 402 
1 30 
11 30 1110 1155 1186 1235 1246 1326 507 1422 520 1444 
7 234 153 162 1251 933 30 894 
4 153 30 142 525 
1 30 
8 468 160 30 351 911 1257 865 258 
3 30 351 1157 
6 30 424 343 1015 1281 134 
3 865 150 30 
3 493 1227 30 
1 30 
7 142 30 439 891 1157 1305 1440 
8 30 146 528 142 439 425 351 865 
1 30 
4 30 528 1511 351 
10 876 30 1303 1532 1499 1477 1515 865 34 1534 
2 30 516 
3 352 1354 30 
2 30 831 
1 30 
9 1343 865 439 152 1227 938 30 351 316 
2 30 1477 
2 30 425 
8 153 938 900 30 1443 336 1182 1389 
1 30 
10 215 300 152 176 162 237 30 153 933 1228 
3 225 59 30 
1 30 
5 858 861 1525 30 901 
2 1288 30 
2 351 30 
14 911 30 481 912 150 1117 1139 1187 1197 1231 452 1284 1324 1340 
5 30 424 419 351 865 
3 938 30 1300 
4 30 1673 351 865 
5 1445 30 1302 1415 1320 
1 30 
2 30 1326 
2 865 30 
1 30 
7 421 30 865 452 1318 1324 1434 
9 425 314 30 524 1673 347 142 351 1602 
8 352 1511 30 1201 475 1390 1401 1440 
1 30 
9 351 911 142 30 891 892 927 1284 928 
5 1300 30 992 1004 938 
4 911 30 1441 1117 
3 142 962 30 
9 485 520 480 1324 30 432 1206 1340 1449 
4 425 142 933 30 
4 30 1514 1511 441 
1 30 
3 30 424 1197 
3 421 425 30 
2 30 442 
4 30 343 1233 336 
1 30 
9 53 424 1395 30 1225 347 869 234 153 
10 316 30 1257 1270 865 351 1441 911 1352 1183 
5 1158 1176 1223 865 30 
8 1489 1532 30 34 1535 1492 1522 125 
1 30 
8 938 30 351 891 892 1157 1255 1440 
2 152 30 
4 30 224 234 153 
2 30 1158 
4 351 142 1662 30 
1 30 
3 421 452 30 
1 30 
2 30 865 
4 30 478 933 1375 
2 1454 30 
10 150 30 422 1372 865 1164 452 1335 1355 1399 
4 30 895 1259 1271 
5 30 421 1147 1180 1440 
5 441 30 1445 1261 1320 
8 1499 30 1494 1477 1532 1534 1017 1241 
2 421 30 
5 865 1237 439 30 485 
4 30 343 1107 502 
5 30 1667 1454 1562 968 
2 1337 30 
3 30 159 142 
2 30 911 
2 822 30 
1 30 
4 1402 30 1673 1219 
1 30 
2 351 30 
2 30 1687 
1 30 
3 425 30 1266 
4 351 30 142 865 
4 1302 1261 30 351 
7 651 30 1495 137 234 1579 1581 
1 30 
1 30 
12 865 911 30 1257 1266 432 466 509 1139 904 1274 470 
1 30 
4 30 1227 1155 1263 
4 1158 1402 30 1133 
2 865 30 
5 1514 30 153 822 1487 
1 30 
3 1436 30 837 
3 30 150 865 
1 30 
4 30 916 1458 1342 
3 30 1299 1511 
10 30 137 153 938 234 40 439 1357 1374 1397 
6 525 142 30 865 351 1308 
5 1511 153 30 1189 1450 
4 351 1642 30 123 
6 912 30 932 1274 1257 894 
3 1187 30 351 
8 1525 1334 1458 159 861 30 916 832 
7 30 1117 1120 1246 1351 1408 1440 
4 142 425 30 1511 
2 30 916 
3 30 902 910 
3 150 351 30 
3 1140 30 1389 
5 1441 30 1187 351 865 
11 1133 351 1487 1526 1395 865 30 425 1485 1158 1402 
5 1187 30 911 1441 1343 
6 351 938 30 961 891 1284 
2 30 1211 
3 352 30 1243 
4 1299 1115 30 1151 
4 30 478 150 1399 
16 162 30 403 261 462 1336 1459 439 938 237 234 882 153 941 1205 1397 
3 30 452 1667 
5 911 30 951 1419 1441 
1 30 
1 30 
3 351 1016 30 
1 30 
5 1218 1448 865 454 30 
1 30 
1 30 
1 30 
6 1503 194 234 30 236 1511 
4 30 868 439 1440 
3 1696 968 30 
4 400 142 260 30 
7 152 938 937 30 1157 1299 1420 
1 30 
13 941 59 261 237 30 1459 439 162 153 1336 185 234 1397 
10 938 351 886 936 937 935 30 910 902 1297 
1 30 
6 868 864 30 421 1150 867 
3 30 1168 865 
1 30 
1 30 
4 421 30 967 474 
3 30 351 528 
7 1223 30 1487 828 846 1535 1505 
1 30 
3 886 933 30 
17 526 215 682 274 295 1511 30 551 522 695 1562 478 300 850 523 529 48 
3 911 1201 30 
2 424 30 
9 1443 938 316 1198 1249 30 336 1348 331 
3 856 1268 30 
1 30 
6 300 1545 1445 30 351 1222 
1 30 
2 142 30 
11 1670 901 30 153 148 53 869 1283 1350 262 1402 
2 933 30 
9 1336 30 1357 1205 938 153 1374 933 351 
2 865 30 
4 1299 865 1356 30 
4 30 425 351 142 
8 30 1268 142 902 865 425 1511 160 
16 30 1458 351 865 425 1395 1133 1141 1158 1219 1485 1522 1313 1327 1350 838 
4 419 30 932 442 
9 1470 1487 390 30 1500 843 1526 34 125 
5 938 30 142 425 351 
6 424 901 1144 911 951 30 
2 30 1123 
5 30 474 424 967 1343 
2 865 30 
2 432 30 
1 30 
2 30 865 
2 865 30 
4 351 142 1667 30 
4 1445 30 1181 1261 
3 30 865 1449 
2 1511 30 
2 30 865 
5 951 30 1359 911 895 
6 937 152 1372 30 351 142 
1 30 
3 911 1227 30 
1 30 
3 30 351 1511 
1 30 
7 1691 1663 157 849 30 744 1624 
4 142 30 351 865 
3 30 889 385 
1 30 
8 849 161 131 1511 524 806 30 148 
6 1466 1503 30 1663 690 849 
2 1511 30 
2 968 30 
5 452 1266 30 421 1139 
2 30 351 
4 861 30 528 1331 
1 30 
1 30 
4 1541 30 234 59 
25 1448 425 1119 933 30 1268 421 868 439 1204 996 1115 1237 1288 454 941 1511 153 142 1343 865 143 1301 1147 1369 
13 911 951 932 1359 30 1144 1113 1117 1167 1272 1284 1349 1351 
1 30 
10 30 323 1249 328 330 334 261 336 1389 342 
8 1514 30 1511 478 1227 420 520 480 
6 30 1547 1261 1302 1392 1415 
3 30 1511 1108 
2 30 902 
12 868 30 1150 421 1218 142 865 864 1102 1120 1364 1440 
6 912 30 1274 1416 499 932 
6 30 1338 882 869 70 129 
2 30 224 
4 314 1583 31 639 
21 350 1672 1696 31 548 553 1009 192 576 1604 601 608 1607 1561 635 1454 1029 743 1032 273 812 
37 1696 351 148 1583 143 849 1453 1672 31 539 548 553 1009 192 576 322 1604 595 601 610 617 374 635 655 1019 1298 244 1307 705 713 988 1029 743 1032 266 273 305 
16 148 1561 32 40 1163 985 1066 77 224 1628 1634 100 1638 268 1539 1659 
1 32 
3 274 32 378 
6 942 159 32 1334 1342 1402 
7 32 1166 1205 249 1357 1374 879 
6 106 80 113 1541 32 565 
2 522 33 
3 33 1012 749 
1 33 
21 1676 1696 1691 1668 1697 522 350 525 968 347 33 537 945 584 369 382 721 723 1671 416 417 
68 148 33 165 1598 555 174 43 558 177 984 186 570 361 1174 576 1601 1192 985 603 205 1066 987 378 74 640 872 650 220 652 382 873 948 673 232 674 1479 690 93 1076 391 95 249 711 712 721 1638 335 740 757 851 1644 404 275 769 1647 116 771 284 120 410 127 805 130 301 131 307 310 818 
8 33 1175 1012 985 1584 754 1092 1431 
10 682 568 594 1551 170 33 600 1690 529 762 
1 34 
20 1568 1477 1516 260 522 1494 1532 1470 195 170 1531 1500 682 1501 551 876 207 1503 34 125 
17 1500 827 843 1526 834 1487 1484 34 1158 54 1485 1488 1492 836 876 1404 1469 
2 34 1534 
2 159 34 
6 1494 1532 1477 34 1534 1476 
5 234 1583 1503 943 34 
1 34 
3 1494 1473 34 
14 1499 34 1534 1473 377 1241 1247 1532 1494 1530 1303 1522 876 1469 
4 34 377 1523 125 
13 1516 1512 1666 1517 1665 1465 1505 390 359 347 130 404 34 
2 117 34 
5 855 34 1515 371 1489 
2 525 34 
3 861 1525 34 
7 833 1470 1500 1487 34 1534 125 
10 1500 1402 425 1526 1470 34 835 1350 125 840 
1 34 
28 525 1484 426 34 1515 1156 1158 1500 1470 835 1534 1016 1223 377 1529 912 836 1329 1031 399 1350 876 1665 838 1383 839 1404 125 
5 843 1666 1470 1500 34 
6 1481 858 861 34 371 1286 
2 34 1535 
4 34 1515 1535 125 
9 1286 1470 1513 843 1666 827 1665 34 1535 
3 34 832 826 
10 1499 1477 1532 34 1534 1473 1303 1476 876 1469 
6 34 1157 1535 1321 129 317 
1 34 
1 34 
1 34 
8 34 1534 1241 1532 1494 1530 1303 1477 
17 1526 1487 834 827 843 1484 34 1158 1470 835 54 1485 1488 836 876 1404 1469 
11 195 1664 207 522 1675 1531 551 682 34 125 1469 
1 34 
24 34 548 55 1584 603 1015 946 370 211 373 1474 651 230 387 690 1080 1368 404 408 125 1431 1469 1516 417 
2 34 1535 
10 787 1512 404 390 1383 34 619 1479 1523 125 
1 34 
3 34 1535 125 
3 528 962 34 
7 630 234 258 616 34 211 125 
2 235 34 
57 34 355 163 548 168 358 1146 319 1158 49 563 1052 1061 199 1195 1211 448 206 1223 1224 832 1240 224 1268 1276 240 473 1077 698 718 1514 1335 254 1338 1083 106 1344 1368 1386 780 825 280 281 1401 1417 1424 1430 1432 129 317 412 1440 300 131 1444 1446 1660 
11 34 359 42 1015 377 1529 1479 1523 404 125 1505 
6 600 859 1696 137 34 1492 
8 1511 34 53 1534 1276 1329 106 1444 
10 858 1525 1487 1481 1491 34 1241 1535 399 125 
26 148 157 1503 1526 260 34 359 42 363 869 370 371 211 377 1529 1666 383 1479 390 1523 1632 399 404 1524 125 1469 
4 34 1479 1523 125 
1 34 
3 142 159 34 
1 34 
2 34 1535 
13 1533 1158 833 1223 1286 1665 1477 861 829 448 1402 34 125 
10 1516 1665 260 1517 1505 1512 390 1478 404 34 
8 260 390 170 1639 1516 1527 34 125 
16 858 861 34 1515 1131 854 1483 1254 826 1535 1021 827 829 1342 1665 1003 
14 34 1500 1470 54 365 1485 1535 248 1350 260 1404 125 1516 840 
2 34 1524 
3 34 1146 1535 
7 1516 1512 390 399 1487 34 125 
6 528 858 1477 1665 1499 34 
5 147 991 34 1501 1469 
11 1499 1477 34 1534 1473 1241 1286 1494 1303 876 1469 
6 34 1156 1534 1535 1522 125 
18 876 1665 142 1532 1484 1303 351 1499 1241 1533 1487 34 1477 1494 1514 1473 1471 425 
16 1525 34 1533 1504 1286 1515 1507 1383 1521 1491 1492 1490 1665 1526 1495 1528 
1 35 
2 35 1076 
1 35 
7 137 1455 35 72 118 307 1659 
1 35 
11 863 148 36 600 200 619 245 1542 111 1460 1439 
7 795 157 600 234 36 817 1541 
3 36 153 1546 
5 995 1003 1546 999 37 
4 1547 37 1392 1549 
23 1002 922 997 996 1000 994 992 1003 998 1004 1001 995 993 999 37 1544 837 1543 110 838 117 1035 124 
3 1445 1545 37 
1 37 
3 1576 37 1545 
3 1592 351 37 
88 849 148 1691 522 525 1583 523 1467 537 538 542 1598 166 169 554 38 173 40 174 176 44 562 568 572 576 1602 587 367 985 200 602 209 374 72 647 872 220 653 663 87 680 681 686 690 692 243 1022 95 701 703 1564 250 251 723 254 739 1685 1553 748 753 755 1643 762 271 273 274 1566 769 116 770 771 119 281 782 1563 287 1652 288 122 294 803 804 805 1570 809 416 810 305 
5 522 1561 347 38 1607 
5 1551 522 523 148 38 
6 545 739 773 266 1565 38 
4 523 38 1611 1570 
3 38 644 1570 
2 38 75 
16 1581 1579 148 542 38 191 195 595 204 63 646 655 94 98 108 115 
3 273 38 1601 
1 38 
109 148 1583 1672 1453 350 1696 355 1568 162 1596 1598 166 356 38 40 1552 176 44 141 183 1163 570 572 192 1601 1602 195 324 588 593 599 1584 605 1217 207 615 210 627 635 72 378 1617 1680 650 224 661 670 87 1586 384 679 682 690 695 244 1022 1633 94 1634 704 1635 250 101 988 251 723 252 1637 724 740 137 752 266 755 267 1455 762 270 765 274 1566 771 773 1648 1589 778 781 284 286 1563 794 348 796 298 1654 1655 805 300 1570 302 807 416 810 305 815 312 818 1661 1664 
13 1696 1583 351 1672 350 148 1663 38 360 648 1307 1386 126 
21 1561 590 545 600 351 522 523 682 1690 551 1565 266 1551 148 1594 38 77 1646 773 128 802 
8 1565 545 600 1690 739 1551 38 212 
31 1568 538 545 38 1554 557 189 206 621 212 630 653 224 668 243 1564 727 264 755 1643 274 773 780 782 120 1563 292 128 802 1570 305 
12 522 682 1579 1561 600 739 1664 1581 545 1551 148 38 
5 120 119 38 871 264 
19 739 1565 1664 347 1561 274 545 53 523 682 522 551 968 148 1690 38 1469 1658 417 
4 157 990 38 1570 
30 347 1569 783 1551 680 40 1565 1561 523 1555 522 148 755 771 594 526 1664 600 527 682 266 1556 529 534 38 623 671 715 795 804 
10 39 574 598 612 224 84 87 273 763 281 
61 522 142 1684 523 1668 148 533 355 162 163 540 39 40 176 43 565 362 574 575 588 64 612 207 326 214 632 637 217 651 224 661 382 682 687 690 92 695 244 707 102 728 732 740 747 269 764 116 770 771 119 776 280 121 789 127 299 300 806 131 810 305 
12 533 1574 39 659 671 683 695 697 715 725 754 1695 
5 817 39 225 565 1573 
1 39 
6 40 1611 1589 1549 121 919 
9 350 347 1580 523 161 40 224 271 1582 
8 1696 40 1677 1607 617 1029 268 269 
32 1663 148 166 40 557 1558 191 581 1613 650 327 653 82 655 224 664 243 1321 250 395 108 740 750 266 1643 274 1566 115 771 282 284 305 
22 1592 525 148 1583 982 40 570 588 1577 599 1205 228 87 100 988 727 1589 121 783 348 299 1658 
28 148 1663 166 40 557 1600 1558 191 581 1613 327 653 82 655 224 87 1321 250 395 108 1643 274 1566 115 284 1651 291 818 
17 1577 554 40 557 176 47 565 585 607 224 1076 709 254 760 281 877 305 
46 525 161 539 318 547 1674 434 40 178 141 1011 571 576 600 1672 1561 635 217 1474 639 659 661 1454 230 1676 1586 1452 682 683 242 1562 251 723 732 735 737 1551 768 148 778 289 523 299 303 1580 1664 
17 142 1694 148 1687 1695 1466 522 1503 1684 523 529 1561 40 1012 224 1076 790 
5 40 1611 1590 1038 418 
62 1583 347 522 148 523 1668 1561 849 529 531 546 548 40 176 559 565 574 585 367 594 604 1212 64 612 618 209 638 647 659 665 231 87 678 389 694 697 244 712 252 106 255 738 739 740 741 1685 269 771 772 776 784 788 789 127 804 413 807 131 416 810 305 132 
6 40 1138 75 651 121 1651 
3 40 1604 1680 
7 1576 148 1561 1580 40 233 121 
9 1585 148 40 85 693 704 706 758 121 
19 682 667 522 551 1664 523 546 40 574 612 384 696 707 709 1636 759 760 783 877 
4 40 1550 121 1580 
1 40 
4 40 234 1563 185 
2 40 161 
5 40 1561 1685 157 148 
5 157 233 148 40 1605 
8 1465 522 1561 1551 600 40 682 810 
1 40 
11 522 527 1581 968 783 523 148 40 805 585 161 
7 347 851 1561 40 1465 1559 640 
8 1267 600 523 157 40 522 1551 1561 
7 1674 548 805 1672 40 120 1684 
5 1453 40 1454 1588 1607 
9 148 174 670 233 849 1597 1062 40 157 
2 1622 40 
12 1453 1578 347 1677 1552 1604 40 224 1668 378 1623 1624 
1 40 
3 40 142 224 
7 40 1015 211 635 1639 781 840 
7 121 321 1576 1555 177 40 1585 
1 40 
6 72 1579 148 40 121 1581 
6 186 40 682 161 522 803 
2 40 153 
1 40 
2 1561 40 
15 740 522 523 40 1664 661 551 803 681 731 771 682 161 527 809 
3 40 157 148 
4 866 565 137 40 
2 40 635 
2 40 1606 
3 1607 40 1624 
13 1212 817 1623 40 192 390 744 148 194 153 1426 701 1607 
2 695 40 
2 40 1090 
3 224 142 40 
2 1455 40 
4 40 522 523 527 
2 40 347 
3 522 40 527 
9 274 195 351 1516 817 40 404 1683 603 
7 148 670 137 40 695 1561 347 
3 1455 40 1561 
2 1561 40 
2 40 1591 
5 530 347 1561 40 1639 
8 40 760 617 1465 347 267 1455 968 
11 234 866 357 1637 40 729 157 347 1610 619 1524 
1 40 
4 572 142 40 224 
3 821 40 1339 
15 1565 40 600 1551 1581 522 1579 968 805 148 1698 523 585 656 741 
5 40 522 551 851 1465 
1 40 
3 40 185 1563 
5 40 522 1465 551 851 
5 1561 40 990 347 201 
3 40 106 872 
1 40 
7 695 40 1581 234 651 157 1587 
5 40 137 1551 522 157 
3 40 121 856 
3 40 1561 810 
4 273 40 1561 600 
1 40 
1 40 
3 1580 40 1568 
4 1539 40 1455 817 
4 142 1511 40 305 
2 1561 40 
2 41 1292 
25 142 351 1040 41 53 585 1225 1581 224 225 226 679 1562 723 1029 254 744 1579 782 121 523 1426 1431 805 817 
114 849 1561 529 523 1583 148 522 535 1568 538 556 557 41 1679 178 560 46 47 562 182 565 570 572 574 576 577 195 580 585 587 199 367 594 598 607 157 62 625 644 647 648 651 652 1618 657 224 670 674 384 234 679 680 681 239 690 692 695 95 701 703 247 712 98 1501 715 723 252 724 725 1029 254 738 739 740 744 750 753 755 756 760 271 273 766 274 1566 769 116 770 771 119 780 281 284 286 784 792 794 294 1591 801 803 804 805 1570 302 807 808 811 814 310 817 818 821 135 
14 1525 1487 42 835 1534 1223 1535 1666 1479 1530 1492 1522 1523 839 
6 1516 1665 42 1488 1479 1492 
18 43 438 1174 205 81 467 93 1307 248 497 1358 502 275 508 1414 127 301 131 
21 1696 556 44 46 1677 606 1607 1672 642 1586 244 705 727 1029 743 1464 790 853 1671 305 1572 
4 548 1674 44 792 
13 695 849 153 551 523 682 148 374 1679 44 630 769 1395 
9 525 1668 1675 143 1464 1673 44 1680 769 
33 148 142 525 1583 1668 1696 162 548 1674 1048 176 44 942 1677 576 1603 58 1688 366 606 1561 1454 1019 244 1562 725 1029 732 754 768 853 1453 305 
32 1109 1043 555 358 1049 44 860 437 1051 1057 1059 1065 1260 1267 1072 1676 1074 1075 1022 1313 1024 1080 1081 736 754 270 778 1097 1671 1039 133 1100 
8 1669 1583 1672 525 1696 44 1603 583 
18 44 178 179 1680 223 231 85 676 695 1682 1501 736 268 269 769 121 296 1671 
5 1673 1583 44 1464 1037 
6 1696 1668 1578 1672 44 1607 
8 682 1696 526 529 1684 968 539 44 
7 1664 682 701 1670 44 526 374 
8 44 1588 1561 137 1675 1671 224 347 
2 198 44 
4 277 223 1675 44 
16 556 45 603 210 1686 220 225 673 677 1076 1632 402 767 286 294 817 
23 1697 142 1691 1687 1693 161 541 548 1048 45 141 437 189 1603 1012 1584 220 92 732 742 1678 1698 1572 
13 600 522 1586 273 541 148 1551 523 803 1596 45 47 384 
7 522 523 1683 527 45 210 220 
10 351 159 552 45 1584 1684 220 1316 732 299 
6 350 522 1672 523 148 45 
5 161 45 210 220 132 
22 1467 1568 538 545 1700 166 46 1163 582 630 637 653 224 676 247 1564 769 773 119 1563 790 817 
17 1697 1694 538 179 46 197 600 1684 217 732 1551 1464 1092 1698 790 1426 800 
4 46 1191 1201 1695 
13 1040 46 1012 1684 874 705 988 1695 770 778 1698 790 1098 
13 538 1700 46 197 1012 1584 449 225 1691 1695 115 1698 800 
23 529 1573 1693 1692 968 1694 861 1699 46 141 569 1012 1584 449 643 649 683 708 749 751 1698 523 800 
48 347 1578 162 539 548 1674 1048 176 942 46 141 192 193 1677 576 606 1217 1668 617 1672 210 1561 220 656 1454 683 689 244 1562 247 713 725 1032 754 757 1370 1464 768 148 281 1678 523 292 1513 348 853 1453 305 
8 1700 46 1012 1684 1691 1464 285 1092 
18 1695 529 1691 526 1693 1694 1684 968 1699 46 1012 595 643 649 749 1643 783 817 
5 161 968 1698 46 1695 
9 524 148 1697 1690 541 142 1694 46 351 
