16 2 3 4 5 6 7 8 9 10 11 12 13 14 15 16 17 
26 18 19 20 21 22 23 24 25 26 27 28 1 29 30 31 32 33 34 35 36 37 38 39 40 41 42 
26 43 44 45 46 47 48 49 50 51 1 52 53 54 55 56 57 58 59 60 61 62 63 64 65 66 67 
22 68 69 70 71 72 73 74 75 76 77 1 78 79 80 81 82 83 84 85 86 87 88 
15 89 90 91 92 1 93 94 95 96 97 98 99 100 101 102 
19 103 104 105 106 107 108 1 109 110 111 112 113 114 115 116 117 118 119 120 
23 121 122 123 124 125 126 127 128 129 1 130 131 132 133 134 135 136 137 138 139 140 141 142 
18 143 144 145 146 147 148 149 150 151 1 152 153 154 155 156 157 158 159 
25 160 161 162 163 164 165 166 167 168 169 170 171 172 1 173 174 175 176 177 178 179 180 181 182 183 
22 184 185 186 187 188 189 190 1 191 192 193 194 195 196 197 198 199 200 201 202 203 204 
24 205 206 207 208 209 210 211 212 1 213 214 215 216 217 218 219 220 221 222 223 224 225 226 227 
18 228 229 1 230 231 232 233 234 235 236 237 238 239 240 241 242 243 244 
24 245 246 247 248 249 250 1 251 252 253 254 255 256 257 258 259 260 261 262 263 264 265 266 267 
26 268 269 270 271 272 273 274 275 276 1 277 278 279 280 281 282 283 284 285 286 287 288 289 290 291 292 
25 293 294 295 296 297 298 299 300 301 302 303 304 1 305 306 307 308 309 310 311 312 313 314 315 316 
21 317 318 319 320 321 322 323 324 325 326 1 327 328 329 330 331 332 333 334 335 336 
22 337 338 339 340 341 1 342 343 344 345 346 347 348 349 350 351 352 353 354 355 356 357 
18 2 358 359 360 361 362 363 364 365 366 367 368 369 370 371 372 373 374 
29 375 376 2 377 378 379 380 381 382 383 384 385 386 387 388 389 390 391 392 393 394 395 396 397 398 399 400 401 402 
17 403 2 404 405 406 407 408 409 410 411 412 413 414 415 416 417 418 
24 2 419 420 421 422 423 424 425 426 427 428 429 430 431 432 433 434 435 436 437 438 439 440 441 
17 442 2 443 444 445 446 447 448 449 450 451 452 453 454 455 456 457 
24 2 458 459 460 461 462 463 464 465 466 467 468 469 470 471 472 473 474 475 476 477 478 479 244 
25 2 480 481 482 483 484 485 486 487 488 489 490 491 492 493 494 495 496 497 498 499 500 501 502 503 
19 2 504 505 506 507 508 509 510 511 512 513 514 515 516 517 518 519 520 521 
21 522 2 523 524 525 526 527 528 529 530 531 532 533 534 535 536 537 538 539 540 541 
31 542 2 543 544 545 546 547 548 549 550 551 552 553 554 555 556 557 558 559 560 561 562 563 564 565 566 567 568 569 570 571 
21 572 2 573 574 575 576 577 578 579 580 581 582 583 584 585 586 587 588 589 590 591 
25 2 592 593 594 595 596 597 598 599 600 601 602 603 604 605 606 607 608 609 610 611 612 613 614 615 
18 2 616 617 618 619 620 621 622 623 624 625 626 627 628 629 630 631 632 
23 2 633 634 635 636 637 638 639 640 641 642 643 644 645 646 647 648 649 650 651 652 653 654 
19 2 655 656 167 657 658 659 660 661 662 663 664 665 666 667 668 669 670 671 
20 2 672 673 674 675 676 677 678 679 680 681 682 683 684 685 686 687 688 689 690 
19 691 2 692 693 694 695 696 697 698 699 700 701 702 703 704 705 706 707 708 
29 709 710 2 711 712 713 714 715 716 717 718 719 720 721 722 723 724 725 726 727 728 729 730 731 732 733 734 735 736 
24 2 737 738 739 740 741 742 743 744 745 746 747 748 749 750 751 752 753 754 755 756 757 758 759 
17 2 760 761 762 763 764 765 766 767 768 769 770 771 772 773 774 775 
24 228 2 776 777 778 779 780 781 782 783 784 785 786 787 788 789 790 791 792 793 794 795 796 797 
25 798 799 800 2 801 802 803 804 805 806 807 808 809 810 811 812 813 814 815 816 817 818 819 820 821 
11 822 2 823 824 825 826 827 828 829 830 831 
26 2 832 833 834 835 836 837 838 839 840 841 842 843 844 845 846 847 848 849 850 851 852 853 854 855 856 
25 2 857 858 859 860 861 862 863 864 865 866 867 868 869 870 871 872 873 874 875 876 877 878 879 880 
26 881 882 883 884 885 3 886 887 888 889 890 891 892 893 894 895 896 897 898 899 900 901 902 903 904 905 
24 906 907 908 3 909 910 911 912 913 914 915 916 917 918 919 920 921 922 923 924 925 926 927 928 
32 929 930 931 932 3 933 934 935 936 303 659 937 938 939 940 941 942 943 944 945 946 947 948 949 950 951 952 953 954 955 956 957 
20 958 959 960 961 962 3 963 964 965 966 967 968 969 970 971 972 973 974 975 976 
20 977 3 978 979 980 981 982 983 984 985 986 987 988 989 990 991 992 993 994 995 
20 996 997 998 999 1000 1001 1002 3 1003 1004 1005 1006 1007 1008 1009 1010 1011 1012 1013 1014 
10 1015 3 1016 1017 1018 1019 1020 1021 1022 1023 
22 1024 3 1025 1026 1027 1028 1029 1030 1031 1032 1033 1034 1035 1036 1037 1038 1039 1040 1041 1042 1043 1044 
21 1045 3 1046 1047 1048 1049 1050 1051 1052 1053 1054 1055 1056 1057 1058 1059 1060 1061 1062 1063 1064 
24 1065 1066 1067 3 1068 1069 1070 1071 1072 1073 1074 1075 1076 1077 1078 1079 1080 1081 1082 1083 1084 1085 1086 1087 
24 1088 1089 1090 1091 3 1092 1093 1094 1095 1096 1097 1098 1099 1100 1101 1102 1103 1104 1105 1106 1107 1108 1109 1110 
22 1111 1112 1113 3 1114 1115 1116 1117 1118 1119 1120 1121 1122 1123 1124 1125 1126 1127 1128 1129 1130 1131 
16 1132 1133 3 1134 1135 1136 1137 1138 1139 1140 1141 1142 1143 1144 1145 1146 
15 1147 1148 3 1149 1150 1151 1152 1153 1154 1155 310 1156 1157 1158 1159 
20 1160 1161 3 1162 1163 1164 1165 1166 1167 1168 1169 1170 1171 1172 1173 1174 1175 1176 632 1177 
24 1178 1179 3 1180 1181 1182 1183 1184 1185 1186 1187 1188 1189 1190 1191 1192 1193 1194 1195 1196 1197 1198 1199 1200 
19 1201 3 1202 1203 1204 1205 1206 1207 1208 1209 1210 1211 1212 1213 1214 100 1215 1216 1217 
16 1218 1219 3 1220 1221 1222 1223 1224 1225 1226 1227 1228 1229 1230 1231 1232 
23 1233 1234 1235 1236 3 1237 1238 1239 1240 1241 1242 1243 1244 1245 1246 1247 1248 1249 1250 1251 1252 1253 1254 
20 1255 1256 3 1257 1258 1259 1260 1261 1262 1263 1264 1265 1266 1267 1268 1269 1270 1271 1272 1273 
16 1274 1275 1276 3 1277 1278 1279 1280 1281 1282 1283 1284 1285 1286 1287 1288 
13 1289 1290 1291 3 1292 1293 1294 1295 1296 1297 1298 1299 1300 
21 1301 1302 3 1303 1304 1305 1306 1307 1308 1309 1310 1311 1312 1313 1314 1315 1316 1317 1318 1319 1320 
27 1321 1322 1323 3 1324 1325 1326 1327 1328 1329 1330 1331 1332 1333 1334 1335 1336 1337 1338 1339 1340 1341 1342 1343 1344 1345 1346 
18 1347 1348 1349 3 1350 1351 1352 1353 1354 1355 1356 1357 1358 1359 1360 1361 1362 1363 
26 1364 1365 1366 1367 1368 1369 1370 1371 4 1372 1373 1374 1375 1376 1377 1378 1379 1380 1381 1382 1383 1384 1385 1386 1387 1388 
20 1389 1390 1391 1392 4 1393 1394 1395 1396 1397 1398 1399 1400 1401 1402 1403 1404 1405 1406 1407 
22 1408 1409 1410 1411 1412 4 1413 1414 1415 1416 1417 1418 1419 1420 1421 1422 1423 1424 1425 1426 1427 1428 
22 1429 1430 1431 1432 1433 1434 4 1435 1436 1437 1438 1439 1440 1441 1442 1443 1444 1445 1446 1447 1448 1449 
17 1450 1451 1452 1453 4 1454 1455 1456 1457 1458 1459 1460 1461 1462 1463 1464 1465 
20 1466 1467 1468 4 1469 1470 1471 1472 1473 1474 1475 1476 1477 1478 1479 1480 1481 1482 1483 1484 
26 1485 1486 1487 1488 1489 4 1490 1491 1492 1493 1494 1495 1496 1497 1498 1499 1500 1501 1502 1503 1504 1505 1506 1507 1508 1509 
20 1510 1511 1512 1513 4 1514 1515 1516 1517 1518 1519 1520 1521 645 1522 1523 1524 1525 1526 1527 
24 1528 1529 1530 1531 1532 1533 1534 1535 1536 4 1537 1538 1539 1540 1541 1542 1543 1544 1545 1546 1547 1548 1549 1550 
25 1551 1552 1553 1554 1555 1556 1557 1558 4 1559 1560 1561 1562 1563 1564 1565 1566 1567 1568 1569 1570 1571 1572 1573 1574 
27 1575 1576 1577 1578 1579 4 1580 1581 1582 1583 1584 1585 1586 1587 1588 1589 1590 1591 1592 1593 1594 1595 1596 1597 1598 1599 1600 
22 1601 1602 1603 1604 4 1605 1606 1607 1608 1609 1610 1611 1612 1613 1567 1614 1615 1616 1617 1618 1619 1620 
24 1621 1622 1623 1624 4 1625 1626 1627 1628 1629 1630 1631 1632 1633 1634 1635 1636 1637 609 1638 1639 1640 1641 1642 
27 1643 1644 1645 1646 1647 1648 4 1649 1650 1651 1652 1653 1654 1655 1656 1657 1658 1659 1660 1661 1662 1663 1664 1665 1666 1667 1668 
20 1669 1670 1671 1672 4 1673 1674 1675 1676 1677 1678 1679 1680 1681 1682 1683 1684 1685 1686 1687 
22 1688 1689 1690 1691 1692 4 341 1693 1694 1695 1696 1697 1698 1699 1700 1701 1702 1703 1704 1705 1706 1707 
19 1708 1709 4 1710 1711 1712 1713 1714 1715 1716 1717 1718 1719 1720 1721 1722 1723 1724 1725 
21 1726 1727 4 1728 1729 1730 1731 1732 1733 1734 1735 1736 1737 1738 1739 1740 1741 1742 1743 1744 1745 
17 996 1746 1747 1748 4 1749 1750 1751 1752 1753 1754 1755 1756 1757 1758 1759 1760 
19 1364 1761 1762 4 1763 1764 1765 1766 1767 1768 1769 1770 1771 1772 1773 1774 1775 1776 1777 
21 1778 1779 1780 1781 4 1782 1783 1784 1785 1786 1787 1788 1789 1790 1791 1792 1793 1794 1795 1796 1797 
23 1798 1799 1800 1801 1802 1803 5 1804 1805 1806 1807 1808 1809 1810 1811 668 1812 1813 1814 1815 1816 1817 1818 
30 1819 1820 1821 1822 1823 1824 1825 5 1826 1827 1828 1829 1830 1831 1832 1833 1834 1835 1836 1837 1838 1128 1839 1840 1841 1842 1843 1844 1845 1846 
23 1847 1848 1849 1850 1851 1852 1853 5 1854 1855 1856 1857 255 1858 1859 1860 1861 1862 1863 1864 1865 1866 1867 
11 1868 1869 1870 1871 5 1872 1873 1874 1875 1876 1877 
18 1878 1879 1880 1881 1882 1883 5 1884 1885 1886 1887 1888 1889 1890 1891 1892 1893 1894 
7 1895 1896 1897 1898 1899 1900 5 
3 5 866 1139 
2 485 5 
1 5 
1 5 
3 1389 777 5 
3 5 59 707 
2 5 1311 
1 5 
1 6 
1 6 
2 633 6 
1 6 
1 6 
1 6 
2 6 200 
1 6 
1 6 
3 6 470 1523 
1 6 
1 6 
1 6 
2 6 1213 
2 6 974 
1 6 
1 6 
1 6 
1 7 
2 7 287 
1 7 
1 7 
1 7 
2 7 1615 
1 7 
1 7 
1 7 
1 7 
1 7 
1 7 
1 7 
2 7 1213 
2 7 1416 
1 7 
1 7 
1 7 
2 1783 7 
1 7 
1 7 
1 7 
1 8 
1 8 
2 8 1660 
1 8 
1 8 
1 8 
1 8 
1 8 
1 8 
1 8 
2 1047 8 
2 8 1415 
1 8 
1 8 
1 8 
1 8 
1 8 
2 9 393 
1 9 
1 9 
2 9 1360 
2 9 514 
2 9 948 
1 9 
2 9 32 
1 9 
1 9 
2 1353 9 
1 9 
1 9 
1 9 
1 9 
1 9 
1 9 
1 9 
1 9 
1 9 
3 9 285 1382 
1 9 
1 9 
1 9 
1 10 
1 10 
1 10 
1 10 
1 10 
1 10 
1 10 
2 1372 10 
1 10 
1 10 
1 10 
1 10 
2 10 1505 
1 10 
2 1123 10 
2 1646 10 
2 109 10 
1 10 
1 10 
2 696 10 
2 1562 10 
1 11 
1 11 
1 11 
1 11 
1 11 
1 11 
2 545 11 
1 11 
1 11 
2 11 433 
1 11 
2 1281 11 
2 1322 11 
2 11 1107 
2 870 11 
1 11 
1 11 
1 11 
1 11 
1 11 
1 11 
1 11 
1 11 
2 12 38 
1 12 
3 1734 1587 12 
1 12 
1 12 
1 12 
1 12 
1 12 
1 12 
1 12 
1 12 
3 658 12 456 
2 12 1156 
1 12 
1 12 
1 12 
2 23 12 
1 13 
2 1781 13 
1 13 
2 1658 13 
2 419 13 
1 13 
1 13 
1 13 
1 13 
2 919 13 
3 1528 91 13 
1 13 
1 13 
1 13 
1 13 
1 13 
2 13 590 
1 13 
2 13 1213 
1 13 
2 1184 13 
1 13 
2 693 13 
1 14 
1 14 
1 14 
1 14 
1 14 
2 870 14 
1 14 
1 14 
1 14 
1 14 
1 14 
1 14 
2 1437 14 
1 14 
3 1556 1309 14 
1 14 
1 14 
2 14 180 
3 583 14 1838 
2 122 14 
1 14 
1 14 
1 14 
1 14 
2 1590 14 
1 15 
1 15 
2 1529 15 
1 15 
2 453 15 
2 1887 15 
1 15 
1 15 
3 616 1606 15 
2 1803 15 
3 45 922 15 
1 15 
1 15 
1 15 
1 15 
3 458 1647 15 
1 15 
4 575 1765 56 15 
1 15 
1 15 
1 15 
1 15 
1 15 
1 15 
2 547 16 
1 16 
2 1429 16 
1 16 
2 436 16 
1 16 
1 16 
2 1793 16 
2 891 16 
1 16 
2 1254 16 
1 16 
1 16 
2 1261 16 
2 1822 16 
1 16 
1 16 
1 16 
1 16 
1 16 
1 17 
1 17 
1 17 
1 17 
3 487 83 17 
1 17 
1 17 
2 548 17 
2 692 17 
1 17 
1 17 
2 1685 17 
1 17 
1 17 
2 1256 17 
1 17 
1 17 
1 17 
1 17 
1 17 
1 17 
1 18 
1 18 
3 18 586 1681 
1 18 
1 18 
2 18 981 
1 18 
1 18 
2 18 1443 
1 18 
2 18 470 
1 18 
2 18 955 
1 18 
1 18 
1 18 
1 18 
2 19 809 
2 19 762 
2 19 408 
2 19 1346 
1 19 
2 19 927 
1 19 
1 19 
1 19 
1 19 
1 19 
1 19 
2 19 1783 
3 19 491 759 
1 19 
1 19 
1 19 
1 19 
3 160 19 509 
1 19 
1 19 
1 19 
1 19 
1 19 
3 19 741 855 
1 19 
2 19 1053 
1 19 
1 20 
1 20 
1 20 
1 20 
1 20 
2 377 20 
1 20 
1 20 
1 20 
2 20 1054 
2 20 728 
1 20 
1 20 
1 20 
1 20 
1 20 
4 1690 21 249 1027 
1 21 
1 21 
1 21 
1 21 
1 21 
2 21 1519 
1 21 
1 21 
1 21 
1 21 
1 21 
1 21 
1 21 
3 21 214 1228 
1 21 
1 21 
2 21 321 
1 21 
2 21 571 
1 21 
3 21 1259 1618 
1 21 
1 22 
1 22 
2 22 720 
1 22 
1 22 
1 22 
1 22 
1 22 
1 22 
1 22 
1 22 
2 22 297 
1 22 
3 22 1027 669 
2 22 239 
1 22 
2 23 308 
2 1452 23 
1 23 
1 23 
1 23 
1 23 
1 23 
1 23 
1 23 
1 23 
1 23 
3 23 720 1738 
3 23 112 368 
1 23 
1 23 
2 23 1172 
1 23 
1 23 
1 23 
1 23 
1 23 
1 23 
1 24 
1 24 
1 24 
2 24 511 
1 24 
3 24 1141 96 
1 24 
2 24 341 
1 24 
1 24 
1 24 
2 24 388 
1 24 
2 24 1307 
1 24 
3 24 527 1035 
1 24 
1 24 
1 24 
2 24 842 
1 24 
1 24 
2 24 1837 
1 24 
1 25 
1 25 
1 25 
1 25 
1 25 
3 858 25 393 
1 25 
3 483 25 1699 
1 25 
1 25 
2 164 25 
1 25 
2 25 1629 
1 25 
1 25 
1 25 
2 25 1094 
1 25 
1 26 
1 26 
2 26 972 
1 26 
2 960 26 
3 26 495 775 
1 26 
1 26 
2 26 1246 
1 26 
1 26 
2 26 1180 
1 26 
2 26 782 
2 26 769 
1 26 
1 26 
1 26 
1 26 
1 26 
1 27 
1 27 
2 27 922 
3 27 211 901 
1 27 
2 317 27 
2 27 344 
2 27 1827 
1 27 
1 27 
1 27 
2 27 1128 
2 27 926 
1 27 
1 27 
1 27 
2 27 877 
2 27 1210 
2 712 27 
1 27 
1 27 
1 27 
2 27 1104 
2 27 1319 
1 27 
1 27 
1 27 
1 27 
1 27 
3 27 870 438 
1 28 
1 28 
1 28 
2 28 310 
1 28 
1 28 
1 28 
2 1115 28 
1 28 
1 28 
1 28 
2 28 286 
1 28 
1 28 
2 360 28 
1 28 
1 28 
1 28 
3 28 845 261 
1 28 
1 29 
1 29 
1 29 
1 29 
2 929 29 
1 29 
1 29 
1 29 
1 29 
2 29 1337 
1 29 
1 29 
1 29 
3 1184 1515 29 
1 29 
1 29 
1 29 
2 29 80 
1 29 
2 1136 29 
1 29 
1 29 
1 29 
2 29 928 
2 301 30 
1 30 
2 1752 30 
1 30 
1 30 
1 30 
3 30 792 687 
1 30 
1 30 
1 30 
1 30 
2 30 1060 
1 30 
1 30 
1 30 
1 30 
2 30 57 
2 105 31 
1 31 
1 31 
2 31 1725 
1 31 
2 31 1269 
1 31 
1 31 
1 31 
1 31 
1 31 
2 1886 31 
2 75 31 
2 1657 31 
1 31 
1 31 
1 31 
2 31 1461 
1 31 
1 31 
2 746 31 
3 1242 31 1287 
1 32 
1 32 
1 32 
4 835 32 239 1875 
3 45 1531 32 
2 802 32 
1 32 
1 32 
1 32 
1 32 
1 32 
1 32 
1 32 
2 89 32 
2 32 455 
1 32 
1 32 
1 33 
1 33 
1 33 
1 33 
1 33 
2 33 1570 
1 33 
2 783 33 
1 33 
1 33 
1 33 
1 33 
1 33 
1 33 
1 33 
2 622 33 
1 33 
1 33 
2 1799 33 
2 34 773 
3 1621 345 34 
2 34 267 
1 34 
1 34 
2 34 203 
1 34 
1 34 
2 998 34 
1 34 
1 34 
2 1580 34 
2 1227 34 
1 34 
1 34 
1 34 
2 34 100 
2 34 1177 
1 35 
2 1497 35 
1 35 
4 560 1475 35 773 
2 35 924 
1 35 
1 35 
1 35 
1 35 
2 35 1103 
3 739 838 35 
3 444 469 35 
1 35 
1 35 
1 35 
1 35 
1 35 
1 35 
1 35 
2 413 35 
2 1073 35 
2 35 1777 
1 35 
1 35 
1 35 
1 35 
1 35 
1 35 
1 36 
1 36 
2 719 36 
1 36 
3 1334 36 399 
2 1699 36 
2 1541 36 
1 36 
2 36 1639 
2 36 653 
1 36 
1 36 
2 36 1867 
1 36 
1 36 
1 36 
2 1635 36 
1 36 
1 36 
1 36 
1 36 
1 36 
2 388 36 
1 37 
1 37 
2 376 37 
2 1049 37 
1 37 
1 37 
1 37 
1 37 
2 1891 37 
2 536 37 
1 37 
1 37 
1 37 
3 691 712 37 
1 37 
2 527 37 
3 936 876 38 
2 99 38 
1 38 
1 38 
1 38 
1 38 
2 535 38 
2 679 38 
1 38 
1 38 
1 38 
1 38 
2 1396 38 
2 1518 38 
1 38 
1 38 
3 1075 622 38 
1 38 
1 38 
1 38 
2 38 955 
1 38 
1 39 
1 39 
1 39 
1 39 
2 660 39 
1 39 
1 39 
1 39 
2 1257 39 
1 39 
1 39 
3 375 1292 39 
1 39 
1 39 
1 39 
1 39 
2 1070 39 
1 39 
2 1572 39 
1 39 
1 39 
1 39 
2 1775 39 
1 39 
1 40 
1 40 
2 1185 40 
1 40 
1 40 
2 40 1687 
1 40 
1 40 
1 40 
2 1849 40 
1 41 
1 41 
1 41 
2 658 41 
1 41 
2 1034 41 
2 719 41 
2 1888 41 
1 41 
1 41 
2 499 41 
1 41 
2 1885 41 
3 1305 590 41 
1 41 
1 41 
1 41 
1 41 
1 41 
1 41 
1 41 
2 1511 41 
1 41 
2 399 41 
1 41 
1 42 
2 509 42 
1 42 
2 937 42 
1 42 
1 42 
2 1159 42 
1 42 
1 42 
2 95 42 
1 42 
1 42 
1 42 
4 273 219 42 571 
1 42 
1 42 
1 42 
1 42 
1 42 
2 776 42 
2 558 42 
1 42 
1 42 
1 42 
2 43 1039 
1 43 
1 43 
1 43 
1 43 
1 43 
1 43 
1 43 
1 43 
1 43 
2 43 325 
2 43 1385 
1 43 
1 43 
1 43 
1 43 
1 43 
1 43 
1 43 
1 43 
2 43 545 
1 43 
1 43 
1 43 
1 43 
1 44 
1 44 
1 44 
1 44 
1 44 
1 44 
1 44 
1 44 
1 44 
2 44 1460 
1 44 
1 44 
1 44 
2 44 254 
1 44 
1 44 
3 44 544 303 
1 44 
3 44 713 1464 
2 44 1816 
2 44 554 
2 44 380 
2 44 615 
2 45 596 
2 45 1419 
1 45 
2 45 1665 
1 45 
1 45 
1 45 
2 45 776 
2 45 860 
2 45 1141 
1 45 
1 45 
1 45 
1 45 
1 45 
1 45 
1 45 
2 45 1623 
1 45 
2 45 165 
1 45 
1 45 
1 45 
1 45 
1 45 
1 45 
3 45 370 796 
1 45 
2 45 1805 
2 46 1299 
1 46 
2 46 526 
3 46 1652 1526 
1 46 
1 46 
1 46 
1 46 
1 46 
1 46 
1 46 
1 46 
1 46 
1 46 
2 524 46 
1 46 
2 46 117 
1 46 
1 46 
2 1761 47 
1 47 
1 47 
1 47 
4 47 363 1338 1480 
2 47 1754 
1 47 
1 47 
1 47 
1 47 
1 47 
1 47 
1 47 
2 1690 47 
1 47 
1 47 
1 47 
1 47 
1 47 
2 48 86 
1 48 
2 48 699 
1 48 
1 48 
2 48 1518 
1 48 
1 48 
1 48 
1 48 
1 48 
1 48 
1 48 
1 48 
1 48 
1 48 
1 48 
1 48 
1 48 
1 49 
1 49 
1 49 
1 49 
1 49 
1 49 
1 49 
2 49 1027 
2 1611 49 
2 50 1084 
1 50 
1 50 
4 419 50 455 1022 
1 50 
2 50 1064 
1 50 
1 50 
1 50 
1 50 
2 837 50 
2 495 50 
1 50 
2 50 1500 
1 50 
2 881 50 
1 50 
1 50 
1 50 
1 50 
2 1392 50 
3 51 1341 1507 
1 51 
3 51 1715 153 
1 51 
2 763 51 
3 51 1615 1386 
2 1322 51 
1 51 
2 51 401 
3 51 412 1200 
1 51 
2 1485 51 
1 51 
1 51 
1 51 
2 51 627 
1 51 
1 51 
1 51 
2 51 1029 
2 1237 52 
1 52 
1 52 
2 52 1143 
1 52 
2 52 814 
1 52 
1 52 
2 52 729 
1 52 
2 52 792 
1 52 
1 52 
1 52 
1 52 
1 52 
1 52 
1 52 
1 52 
2 1024 52 
1 52 
1 52 
2 52 1574 
1 53 
2 53 1630 
1 53 
1 53 
1 53 
1 53 
2 53 520 
1 53 
1 53 
1 53 
2 1552 53 
3 53 1598 1387 
2 53 1268 
1 53 
1 53 
2 718 53 
2 53 564 
1 53 
1 53 
2 53 218 
1 53 
1 53 
3 1116 1186 53 
1 54 
1 54 
1 54 
1 54 
2 579 54 
2 54 1110 
1 54 
2 1833 54 
1 54 
1 54 
1 54 
1 54 
3 54 1310 198 
2 1895 54 
1 54 
1 54 
1 54 
4 90 1564 553 54 
1 54 
1 54 
1 54 
2 1614 55 
1 55 
1 55 
1 55 
2 55 611 
1 55 
1 55 
2 55 95 
1 55 
3 485 938 55 
1 55 
2 1068 55 
1 55 
1 55 
1 55 
2 56 1640 
1 56 
1 56 
1 56 
1 56 
1 56 
1 56 
1 56 
1 56 
2 56 240 
1 56 
1 56 
3 1347 863 56 
1 57 
1 57 
1 57 
2 1352 57 
1 57 
1 57 
1 57 
1 57 
1 57 
1 57 
1 57 
1 57 
2 57 473 
1 57 
1 57 
1 57 
1 57 
2 57 708 
1 58 
1 58 
2 533 58 
1 58 
1 58 
1 58 
3 605 58 265 
2 824 58 
2 58 1110 
1 58 
1 58 
2 1772 58 
1 58 
1 58 
1 58 
1 58 
2 1248 58 
1 58 
1 58 
1 58 
1 58 
1 58 
2 1054 58 
1 59 
1 59 
1 59 
1 59 
1 59 
1 59 
2 1327 59 
1 59 
1 59 
2 559 59 
1 59 
1 59 
4 134 59 116 263 
1 59 
1 59 
1 59 
1 59 
1 60 
1 60 
1 60 
2 60 1506 
1 60 
1 60 
1 60 
1 60 
1 60 
2 60 703 
2 433 60 
1 60 
1 60 
1 60 
2 1560 60 
1 61 
1 61 
1 61 
1 61 
2 1065 61 
1 61 
1 61 
1 61 
1 61 
2 61 654 
1 61 
1 61 
1 61 
2 530 61 
1 61 
2 61 1194 
1 61 
1 61 
1 61 
1 61 
1 61 
2 327 61 
1 62 
2 351 62 
2 806 62 
1 62 
2 62 440 
1 62 
2 330 62 
1 62 
1 62 
1 62 
1 62 
1 62 
1 62 
2 1100 62 
2 638 62 
2 1773 62 
1 62 
1 62 
1 62 
1 63 
1 63 
2 1402 63 
1 63 
1 63 
1 63 
1 63 
2 216 63 
1 63 
1 63 
1 63 
1 63 
1 63 
2 63 654 
2 1546 63 
1 64 
1 64 
1 64 
2 809 64 
1 64 
1 64 
1 64 
1 64 
1 64 
1 64 
2 958 64 
1 64 
1 65 
1 65 
1 65 
1 65 
2 845 65 
1 65 
2 493 65 
1 65 
2 282 65 
2 1123 65 
2 65 101 
1 65 
1 65 
2 1315 65 
3 1627 1314 65 
1 65 
2 1900 65 
1 65 
2 565 65 
1 65 
1 66 
3 1051 217 66 
1 66 
2 1610 66 
1 66 
1 66 
2 1207 66 
2 1615 66 
1 66 
1 66 
1 66 
1 66 
1 66 
2 741 66 
1 66 
2 1870 66 
2 601 66 
2 981 66 
1 66 
1 66 
2 1045 66 
1 66 
1 66 
1 66 
1 66 
3 378 1520 66 
2 1159 67 
1 67 
1 67 
1 67 
1 67 
2 1163 67 
2 170 67 
1 67 
1 67 
1 67 
1 67 
2 1363 67 
1 67 
2 163 67 
1 67 
1 67 
2 1358 67 
2 68 87 
1 68 
2 68 1753 
1 68 
1 68 
1 68 
1 68 
1 68 
2 68 191 
1 68 
1 68 
1 68 
1 68 
1 68 
2 1709 68 
1 68 
1 68 
1 68 
2 68 180 
1 68 
1 68 
3 68 892 1756 
2 68 1050 
2 68 1099 
1 68 
2 69 99 
1 69 
1 69 
2 69 1044 
1 69 
1 69 
1 69 
2 69 788 
1 69 
1 69 
2 69 1890 
1 69 
1 69 
2 69 1276 
1 69 
1 69 
1 69 
1 69 
2 69 1620 
1 70 
2 70 1663 
2 1644 70 
1 70 
1 70 
1 70 
1 70 
2 70 154 
2 70 135 
2 70 1557 
1 70 
2 930 70 
1 70 
2 70 1843 
1 70 
1 70 
1 70 
2 70 1693 
1 70 
1 70 
1 70 
2 319 71 
1 71 
1 71 
1 71 
1 71 
1 71 
1 71 
1 71 
2 71 280 
1 71 
1 71 
1 71 
1 71 
1 71 
2 71 366 
1 71 
1 71 
2 71 1569 
1 71 
1 71 
1 71 
1 72 
2 1605 72 
2 459 72 
2 1691 72 
1 72 
1 72 
3 1800 72 1890 
1 72 
1 72 
1 72 
2 72 915 
2 72 650 
1 72 
1 72 
2 72 924 
1 72 
1 73 
1 73 
1 73 
1 73 
1 73 
1 73 
1 73 
1 73 
1 73 
2 712 73 
1 73 
1 73 
1 73 
1 73 
2 73 981 
1 73 
1 73 
1 73 
1 73 
2 74 1056 
1 74 
1 74 
1 74 
1 74 
1 74 
1 74 
1 74 
1 74 
1 74 
1 74 
1 74 
2 710 74 
1 74 
1 74 
2 74 1037 
1 74 
2 1624 74 
1 74 
1 74 
2 74 196 
2 74 1221 
2 1045 74 
1 74 
1 74 
1 75 
2 75 853 
1 75 
1 75 
1 75 
2 75 605 
1 75 
1 75 
3 1001 75 789 
2 75 425 
2 75 1346 
1 75 
1 75 
2 75 112 
2 1602 75 
1 75 
2 961 75 
1 75 
3 76 255 1811 
2 295 76 
1 76 
2 76 659 
1 76 
1 76 
1 76 
1 76 
1 76 
1 76 
1 76 
1 76 
1 76 
2 743 76 
1 76 
1 76 
1 76 
1 76 
2 76 1288 
1 76 
1 76 
1 76 
1 76 
2 77 1834 
2 77 1098 
1 77 
2 1801 77 
1 77 
2 77 282 
2 77 1417 
1 77 
1 77 
2 77 1232 
1 77 
2 77 204 
1 77 
2 77 1128 
1 77 
1 77 
2 77 79 
1 77 
2 77 1446 
2 77 677 
1 77 
3 1674 77 816 
1 77 
2 77 1087 
1 78 
1 78 
1 78 
1 78 
1 78 
2 78 702 
1 78 
2 78 1770 
1 78 
1 78 
1 78 
1 78 
2 230 78 
1 78 
1 78 
2 78 292 
1 78 
1 78 
1 78 
1 78 
1 78 
1 78 
2 1671 78 
2 1099 78 
1 78 
1 78 
1 79 
2 79 1524 
1 79 
1 79 
2 1451 79 
2 301 79 
1 79 
1 79 
1 79 
2 1324 79 
2 79 1023 
1 79 
2 79 1723 
2 1132 79 
4 126 1050 1328 79 
1 79 
1 79 
2 79 440 
2 1778 79 
2 79 1407 
2 692 80 
1 80 
2 80 946 
2 80 1502 
1 80 
1 80 
2 80 1315 
1 80 
2 80 516 
2 1089 80 
1 80 
1 80 
1 80 
1 80 
2 80 753 
1 80 
1 80 
1 80 
2 745 80 
2 1147 80 
1 80 
1 80 
1 81 
2 1410 81 
1 81 
2 81 199 
2 81 308 
1 81 
1 81 
1 81 
1 81 
2 961 81 
1 81 
2 1754 81 
1 81 
1 81 
2 81 646 
2 248 81 
1 81 
2 145 81 
1 81 
1 81 
4 1409 1829 81 1701 
1 81 
2 932 81 
1 81 
1 81 
1 81 
1 82 
1 82 
2 82 1597 
1 82 
1 82 
2 82 1572 
1 82 
1 82 
1 82 
1 82 
1 82 
1 82 
3 360 1749 82 
1 82 
1 82 
1 82 
2 82 348 
1 82 
2 82 827 
1 83 
1 83 
3 419 83 990 
2 1453 83 
1 83 
2 83 1425 
1 83 
1 83 
1 83 
1 83 
2 1897 83 
3 742 511 83 
1 83 
2 83 1663 
1 83 
1 83 
1 83 
1 83 
1 83 
1 83 
1 84 
2 1378 84 
1 84 
1 84 
1 84 
1 84 
1 84 
2 1047 84 
2 1888 84 
1 84 
1 84 
1 84 
1 84 
1 84 
1 84 
2 1613 84 
1 84 
2 636 84 
1 85 
1 85 
1 85 
1 85 
1 85 
1 85 
1 85 
1 85 
2 230 85 
1 85 
1 85 
1 85 
2 469 85 
1 85 
1 85 
1 85 
1 85 
1 85 
1 85 
1 85 
1 86 
1 86 
1 86 
2 1681 86 
1 86 
2 1821 86 
2 618 86 
2 1366 86 
3 982 1654 86 
1 86 
2 1385 86 
1 86 
1 86 
1 86 
1 86 
2 977 87 
1 87 
1 87 
1 87 
2 310 87 
1 87 
1 87 
1 87 
1 87 
2 1582 87 
1 87 
2 1189 87 
2 1270 87 
1 87 
2 87 820 
1 87 
2 730 87 
2 1619 88 
1 88 
1 88 
2 246 88 
1 88 
3 387 139 88 
1 88 
1 88 
1 88 
1 88 
1 88 
1 88 
1 88 
1 88 
1 88 
2 324 88 
1 88 
1 88 
1 88 
1 88 
1 89 
2 89 690 
2 89 1456 
2 1554 89 
1 89 
2 89 302 
1 89 
2 89 957 
1 89 
1 89 
1 89 
1 89 
1 89 
2 1528 89 
1 89 
1 89 
1 89 
1 89 
2 89 925 
1 89 
1 89 
1 90 
1 90 
2 90 1751 
2 90 331 
1 90 
1 90 
1 90 
1 90 
2 90 549 
1 90 
2 90 1663 
1 90 
1 90 
1 90 
2 90 1118 
2 1551 90 
1 90 
1 90 
2 90 502 
2 90 286 
1 90 
1 90 
1 90 
1 90 
2 90 1421 
2 90 1862 
1 90 
1 90 
1 91 
1 91 
2 91 831 
1 91 
1 91 
1 91 
1 91 
1 91 
1 91 
1 91 
1 91 
1 91 
1 91 
1 91 
1 91 
2 91 1844 
1 91 
1 91 
1 91 
1 91 
2 91 749 
1 92 
1 92 
2 92 1336 
1 92 
1 92 
1 92 
1 92 
2 658 92 
1 92 
1 92 
1 93 
1 93 
1 93 
1 93 
1 93 
1 93 
1 93 
2 93 844 
2 93 644 
2 298 93 
3 839 1716 93 
1 93 
3 1456 1399 93 
2 768 93 
1 93 
1 93 
1 93 
2 1124 94 
1 94 
2 1698 94 
1 94 
1 94 
2 94 1317 
