10 2 3 4 5 6 7 8 9 10 11 
20 12 13 1 14 15 16 17 18 19 20 21 22 23 24 25 26 27 28 29 30 
22 31 32 33 1 34 35 36 37 38 39 40 41 42 43 44 45 46 47 48 49 50 51 
19 1 52 53 54 55 56 57 58 59 60 61 62 63 64 65 66 67 68 69 
30 70 1 71 72 73 74 75 76 77 78 79 80 81 82 83 84 85 86 87 88 89 90 91 92 93 94 95 96 97 98 
28 99 100 101 102 103 104 1 105 106 107 108 109 110 111 112 113 114 115 116 117 118 119 120 121 122 123 124 125 
19 126 127 1 128 129 130 131 132 133 134 135 136 137 138 139 140 141 142 143 
18 1 144 145 146 147 148 149 150 151 152 153 154 155 156 157 158 159 160 
23 161 1 162 163 164 165 166 167 168 169 170 171 172 173 174 175 176 177 178 179 180 181 182 
20 1 183 184 185 186 187 188 189 190 191 192 193 194 195 196 197 198 199 200 201 
20 202 203 204 205 1 206 207 208 209 210 211 212 213 214 215 216 217 218 219 220 
23 221 222 223 224 225 226 227 228 229 230 2 231 232 233 234 235 236 237 238 239 240 241 242 
19 243 244 245 246 247 248 249 250 2 251 252 253 254 255 256 257 258 259 260 
23 261 262 263 2 264 265 266 267 268 81 269 270 271 272 273 274 275 276 277 278 279 280 281 
15 282 283 284 285 286 287 2 288 289 290 291 292 293 294 295 
18 296 297 298 299 300 301 302 2 303 304 305 306 307 308 309 310 311 312 
19 313 314 315 316 317 2 318 319 320 321 322 323 324 325 326 327 328 329 330 
26 331 332 333 334 335 2 336 337 338 339 340 341 342 343 344 345 346 347 348 349 350 351 352 353 354 355 
24 356 357 358 359 360 361 362 363 364 2 365 366 367 368 369 370 371 372 373 374 375 376 377 378 
25 379 380 381 382 2 383 384 385 386 387 388 389 390 391 392 393 394 395 396 397 398 399 400 401 402 
19 403 404 405 2 406 407 408 409 410 411 412 413 414 415 416 417 418 419 420 
32 421 422 423 424 425 426 427 428 2 429 430 431 432 433 434 435 436 437 438 439 440 441 442 443 444 445 446 447 448 449 450 451 
16 452 453 454 2 455 456 457 458 459 460 461 462 463 464 465 466 
36 467 468 469 470 471 472 2 473 474 475 476 477 478 479 480 481 482 483 484 485 486 487 488 489 490 491 492 493 494 495 496 497 498 499 500 501 
29 502 503 504 505 506 507 508 509 510 2 511 512 513 514 515 516 517 518 519 520 521 522 523 524 525 526 527 528 529 
21 530 531 532 533 2 534 535 536 537 538 539 540 541 542 543 544 545 449 546 547 548 
21 549 550 551 552 553 554 2 555 556 557 558 559 560 561 562 563 564 565 566 567 568 
18 569 570 571 2 572 573 574 575 576 577 578 579 580 581 582 583 584 585 
22 586 587 588 589 590 591 592 593 594 595 596 597 2 598 599 600 601 602 603 604 605 606 
24 607 608 609 610 611 612 2 613 614 615 59 616 617 618 619 620 621 622 623 624 625 626 627 628 
22 629 630 631 632 633 634 3 635 636 637 638 639 640 641 642 643 644 579 645 646 647 648 
20 649 650 3 651 652 653 654 655 656 657 658 659 660 661 662 663 664 665 666 667 
18 668 669 670 671 672 673 3 674 675 676 677 678 679 680 681 682 683 684 
15 685 686 687 688 3 689 690 691 692 693 694 695 696 697 698 
22 699 700 701 702 703 704 705 706 3 707 708 709 710 711 712 713 714 715 716 717 718 719 
16 720 721 722 3 723 724 57 725 726 727 728 729 730 731 732 733 
20 734 735 736 737 738 739 740 3 741 742 743 744 745 746 747 748 749 750 751 752 
20 753 754 755 756 3 757 758 759 760 761 762 763 764 765 766 767 768 769 770 771 
22 772 773 774 775 776 777 778 779 3 780 781 782 783 784 785 786 787 788 789 790 791 792 
22 793 794 795 796 797 798 3 799 800 801 802 803 804 805 806 807 808 809 810 811 812 813 
25 814 815 816 817 818 819 3 820 821 822 823 824 825 826 827 828 664 829 830 831 832 833 834 835 836 
22 837 838 839 840 841 3 842 843 844 845 846 847 848 849 84 850 851 852 853 854 855 856 
25 857 858 859 860 861 862 863 3 864 865 866 867 868 869 870 871 872 873 874 875 876 877 878 879 880 
18 881 882 883 884 885 886 887 888 889 3 890 891 288 892 893 894 895 896 
22 897 898 899 900 901 902 903 3 904 905 906 907 908 909 910 911 912 913 914 915 916 917 
20 918 919 920 921 922 923 924 3 925 926 927 928 929 930 931 932 933 934 935 936 
27 937 938 939 940 941 942 943 3 944 945 946 947 948 949 950 951 952 953 954 955 956 957 958 959 960 961 962 
14 963 964 3 965 966 967 968 969 970 971 972 973 974 975 
30 976 977 978 979 980 981 982 983 984 3 985 986 987 988 989 990 991 992 993 994 995 996 997 998 999 1000 1001 1002 1003 1004 
22 1005 1006 1007 1008 1009 1010 1011 1012 3 1013 1014 1015 1016 1017 1018 1019 1020 1021 1022 1023 1024 1025 
20 1026 1027 1028 1029 1030 1031 3 1032 1033 1034 1035 1036 1037 1038 1039 1040 1041 1042 1043 1044 
23 1045 1046 1047 1048 1049 1050 1051 1052 1053 4 1054 1055 1056 1057 1058 1059 1060 1061 1062 1063 1064 1065 1066 
13 1067 1068 1069 1070 1071 1072 4 1073 1074 1075 1076 1077 1078 
20 1079 1080 1081 1082 1083 1084 1085 1086 1087 4 1088 1089 1090 1091 1092 1093 1094 1095 1096 1097 
17 1098 1099 1100 1101 1102 1103 1104 1105 4 1106 1107 1108 1109 1110 1111 1112 1113 
17 1114 1115 1116 1117 1118 1119 1072 4 1120 1121 1122 1123 1124 1125 1126 1127 1128 
15 1129 1130 1131 36 1132 1133 4 1134 1135 1136 1137 1138 1139 1140 1141 
26 1142 1143 1144 1145 1146 1147 1148 1149 1150 1151 1152 1153 1154 1155 1156 1157 4 1158 1159 1160 1161 1162 1163 1164 1165 1166 
25 1167 1168 1169 1170 1171 1172 1173 1174 4 1175 1176 1177 1178 1179 1180 1181 1182 1123 1183 1184 1185 30 1186 1187 1188 
15 1189 1190 1191 1192 4 1193 1194 1195 1196 1197 1198 1199 1200 1201 1202 
20 1203 1204 1205 1206 1207 1208 1209 1210 4 1211 1212 1213 1214 1215 1216 1217 1218 1219 1220 1221 
16 1222 1223 1224 1225 1226 1227 1228 1229 1230 1231 4 1232 1233 1234 1235 1236 
21 1237 1238 4 1239 1240 1241 1242 1243 1244 1245 1246 1247 1248 1249 1250 1251 1252 1253 1254 1255 1256 
18 1257 1258 1259 1260 1261 4 1262 1263 1264 1265 1266 1267 1268 1269 1270 1271 1272 1273 
22 1274 1275 1276 1277 1278 1279 1280 1281 4 1282 1283 1284 1285 1286 1287 1288 1289 1290 1291 1292 1293 1294 
28 1295 1296 1297 1298 1299 1300 1301 1302 1303 1304 1305 1306 4 1307 1308 1309 1310 1311 1312 1313 1314 1315 1316 1317 1318 1319 1320 1321 
28 1322 1323 1324 1325 1326 1327 1328 1329 1330 1331 1332 1333 1334 1335 1336 4 1337 1338 1339 1340 1341 1342 1343 1344 1345 1346 1347 1348 
21 1349 1350 1351 1352 1353 1354 4 1355 1356 1357 1358 1359 1360 1361 1362 1363 1364 1365 1366 1367 1368 
20 1369 1370 1371 1372 1373 1374 1375 1376 1377 4 1378 1379 1380 1381 1382 1383 1384 1385 1386 1387 
18 1388 1389 1390 1391 1392 1393 1394 1395 1396 5 1397 1398 1399 1400 1401 1402 1403 1404 
21 1405 1406 1407 1408 1409 1410 1411 1412 1413 1414 1415 1416 1417 1418 1419 1420 1421 5 1422 1423 1424 
31 1425 1426 1427 1428 1429 1430 1431 1432 1433 1434 1435 1436 1437 5 1438 1439 1440 1441 1442 1443 1444 1445 1446 1447 1448 1449 1450 1451 1452 1453 1454 
27 1455 1456 1457 1458 1459 1460 1461 1462 1463 1464 1465 1466 1467 1468 1469 5 1470 1471 1472 1473 1474 1475 1476 1477 1478 1479 1480 
27 1481 1482 1483 1484 1485 1486 1487 1488 1489 1490 1491 1492 1493 1494 1495 5 1496 1497 1498 1499 1500 1501 1502 1503 1504 1505 1506 
20 1507 1508 1509 1510 1511 1512 1513 1514 1515 1516 1517 1518 5 1519 1520 1521 1522 1523 1524 1525 
20 1526 1527 1528 1529 1530 1531 1532 1533 1534 1535 1536 5 1537 1538 1539 1540 1541 1542 1543 1544 
22 1545 1546 1547 1548 1549 1550 1551 1552 1553 1554 1555 1556 1557 1558 5 1559 1560 1561 1562 1563 1564 1565 
25 1566 1567 1568 1569 1570 1571 1572 1573 1574 1575 5 1576 1577 1578 1579 1580 1581 1582 1583 377 1584 1585 1586 1587 1588 
19 1589 1590 1591 1592 1593 1594 1595 1596 1597 1598 5 1599 1600 1601 1602 1603 1604 1605 1606 
18 1607 1608 1609 1610 1611 1612 1613 1614 1615 1616 5 1617 1618 1619 1620 1621 1622 1623 
20 1624 1625 14 671 1626 1627 1628 1629 1630 5 1631 1632 1633 1634 1635 1636 1637 1638 1639 1640 
14 1641 1642 1643 1644 1645 1646 1647 1648 1649 5 1650 1651 1652 1653 
19 1654 1655 1656 1657 1658 1659 1660 1661 1662 271 5 1663 1664 1665 1666 1667 1668 1669 1670 
14 1671 1672 1673 1674 1675 1676 42 5 1677 1678 1679 1680 1681 1682 
24 1683 1684 1685 1686 1687 1688 1689 1690 1691 1692 1693 1694 1695 1696 1697 5 1698 1699 1700 1701 1702 1703 1704 1705 
16 1706 1707 1708 1709 1710 1711 1712 1713 1714 1715 1716 1717 5 1718 1719 1720 
25 1721 1722 1723 1724 1725 1726 1727 1728 1729 1730 1731 1732 1733 1734 5 1735 1736 1737 1738 1739 1740 1741 1742 1743 1744 
16 1745 1746 1747 1748 1749 1750 1751 1752 1753 1754 1755 1756 5 1757 1758 1759 
36 1760 1761 1762 1763 1764 1765 1766 1767 1768 1552 1769 1770 1771 1772 1773 1774 1775 5 1776 1777 1778 1779 1780 1781 1782 1783 1784 1785 1786 1787 1788 1789 1790 1791 1792 1793 
14 1794 1795 1796 1797 1798 1799 1800 1801 1802 1803 5 1804 1805 1806 
16 1807 1808 1809 1810 1811 1812 1813 1814 1815 1816 1817 1818 1819 5 1820 1821 
27 1822 1823 1824 1825 1826 1827 1828 1829 1830 1831 1832 474 1833 1834 1835 5 1836 1837 1838 1839 1840 1841 1842 1843 1844 1845 1846 
15 1847 1848 1849 1850 1851 1852 1853 1854 1855 1856 5 1857 1858 1859 1860 
13 1861 1862 1863 1864 1865 1866 1867 1868 5 1869 1870 1871 1872 
19 1873 1874 1875 1876 1877 1878 1879 1880 1881 1882 1883 5 1884 1885 1886 1887 1888 1889 1890 
18 1891 1892 1893 1894 1895 1896 1897 1898 1899 1900 1901 5 1902 1903 1904 1905 1906 1584 
18 1907 1051 1908 1909 1910 1911 1912 1913 1914 1915 1916 5 1917 1918 1919 1920 1921 1922 
28 1923 1924 1925 1926 1927 1928 1929 1930 1931 1932 1933 1934 1935 1936 1937 1938 1939 1940 5 1941 1942 1943 1944 1945 1946 1947 1948 1949 
17 1950 1951 1952 1953 1954 1955 1956 1957 1958 1959 1960 1961 1962 6 1963 1964 1965 
26 1966 1967 1968 1969 1970 1971 1972 1973 1070 1974 1975 1976 1977 1978 1979 1980 1981 6 1982 1983 1984 1985 1986 1987 1988 1989 
19 1990 1991 1992 1993 1994 1995 1996 1997 1998 1999 6 2000 2001 2002 2003 2004 2005 2006 2007 
26 2008 2009 2010 2011 2012 2013 2014 2015 2016 2017 2018 2019 2020 2021 2022 2023 6 2024 2025 2026 2027 159 2028 2029 2030 2031 
23 2032 2033 2034 2035 2036 381 2037 2038 2039 2040 2041 2042 2043 2044 2045 2046 2047 2048 6 2049 2050 2051 2052 
23 2053 2054 2055 2056 2057 2058 2059 2060 2061 2062 2063 2064 2065 6 2066 2067 2068 2069 2070 2071 2072 2073 2074 
23 2075 2076 2077 2078 2079 2080 2081 2082 2083 2084 2085 2086 2087 2088 2089 2090 6 2091 2092 2093 2094 2095 2096 
5 2097 2098 2099 2100 6 
1 6 
3 1532 6 463 
2 261 6 
1 6 
3 904 1550 6 
1 6 
1 6 
1 6 
2 1150 6 
1 6 
2 746 6 
1 6 
1 6 
1 6 
2 6 1294 
3 1775 6 878 
1 6 
1 6 
1 6 
2 331 7 
2 1281 7 
1 7 
1 7 
1 7 
3 478 1091 7 
1 7 
1 7 
1 7 
1 7 
2 554 7 
1 7 
1 7 
2 1594 7 
3 1612 7 1759 
1 7 
1 7 
2 870 7 
3 1143 1796 8 
1 8 
1 8 
1 8 
1 8 
1 8 
2 1725 8 
3 439 957 8 
1 8 
1 8 
2 1419 8 
1 8 
1 8 
1 8 
1 8 
2 102 8 
1 8 
1 9 
1 9 
2 458 9 
1 9 
2 1083 9 
2 1809 9 
1 9 
1 9 
1 9 
1 9 
1 9 
1 9 
2 9 1161 
2 285 9 
2 235 9 
2 9 1220 
1 9 
1 9 
1 9 
1 9 
1 9 
1 9 
4 1531 291 1198 10 
1 10 
2 1307 10 
1 10 
1 10 
1 10 
3 1608 2037 10 
1 10 
2 1381 10 
2 324 10 
1 10 
1 10 
1 10 
1 10 
2 1714 10 
1 10 
1 10 
2 1400 10 
2 349 10 
3 803 1359 11 
2 737 11 
1 11 
2 1457 11 
2 1213 11 
2 418 11 
1 11 
1 11 
1 11 
1 11 
1 11 
1 11 
1 11 
1 11 
1 11 
1 11 
1 11 
1 11 
2 293 11 
1 12 
1 12 
1 12 
1 12 
1 12 
2 12 678 
1 12 
1 12 
1 12 
1 12 
2 12 1400 
1 12 
1 12 
1 12 
2 12 175 
1 12 
1 12 
2 12 729 
1 12 
2 12 651 
2 12 999 
1 12 
1 13 
2 13 344 
1 13 
1 13 
1 13 
1 13 
2 13 1989 
2 13 890 
1 13 
1 13 
1 13 
2 13 329 
1 13 
1 13 
1 13 
3 13 1246 762 
1 13 
1 13 
3 14 109 716 
2 424 14 
1 14 
1 14 
2 14 435 
1 14 
1 14 
1 14 
1 14 
1 14 
2 14 83 
1 14 
1 14 
2 14 1576 
1 14 
2 14 1585 
1 14 
2 14 1055 
2 14 1444 
2 14 1264 
1 14 
1 15 
1 15 
1 15 
2 15 174 
2 1129 15 
1 15 
2 15 44 
1 15 
3 15 892 523 
3 183 15 396 
2 1083 15 
2 15 220 
1 15 
1 15 
1 16 
1 16 
3 16 1310 993 
1 16 
2 16 444 
2 16 872 
2 16 1221 
2 2042 16 
1 16 
1 16 
1 16 
1 16 
1 16 
1 16 
1 16 
1 16 
1 16 
2 1081 17 
1 17 
1 17 
1 17 
1 17 
1 17 
1 17 
2 983 17 
1 17 
1 17 
1 17 
2 17 192 
3 1766 17 1125 
1 17 
1 17 
1 17 
2 254 17 
1 17 
4 126 18 1443 1561 
2 942 18 
1 18 
1 18 
1 18 
1 18 
2 2077 18 
3 1154 1072 18 
1 18 
1 18 
1 18 
1 18 
1 18 
2 244 18 
1 18 
1 18 
1 18 
3 18 1491 1365 
3 18 1293 201 
2 511 18 
2 707 18 
3 1483 18 998 
3 2079 1072 18 
2 18 372 
1 18 
2 1459 19 
2 19 1538 
1 19 
2 1087 19 
1 19 
2 1175 19 
1 19 
2 19 1902 
1 19 
1 19 
1 19 
1 19 
1 19 
1 19 
1 19 
1 19 
3 775 19 354 
2 2087 19 
1 19 
1 19 
1 19 
5 2013 78 19 1479 1387 
1 19 
1 20 
1 20 
2 103 20 
1 20 
1 20 
2 720 20 
2 537 20 
1 20 
1 20 
1 20 
1 20 
1 20 
2 1194 20 
1 20 
1 20 
1 20 
1 20 
2 291 20 
1 20 
1 20 
1 20 
1 20 
1 20 
1 20 
1 21 
3 21 827 2000 
1 21 
2 21 1719 
2 21 1759 
2 588 21 
1 21 
2 21 416 
1 21 
2 21 1249 
1 21 
2 781 21 
1 21 
2 410 21 
1 21 
2 207 21 
1 21 
1 21 
2 1979 22 
2 433 22 
1 22 
2 262 22 
1 22 
1 22 
1 22 
2 1775 22 
1 22 
4 2037 483 969 22 
1 22 
2 1507 22 
2 422 22 
1 22 
2 265 22 
1 22 
2 532 22 
1 22 
3 1410 151 22 
1 22 
2 1976 22 
1 22 
1 22 
2 300 22 
1 22 
1 22 
1 22 
2 1559 22 
2 22 26 
1 22 
1 22 
1 23 
2 976 23 
3 23 1138 1789 
1 23 
2 688 23 
1 23 
3 163 23 719 
2 1762 23 
3 746 23 696 
2 1296 23 
1 23 
2 108 23 
1 23 
2 475 23 
2 23 1218 
1 24 
1 24 
1 24 
2 1803 24 
2 1260 24 
1 24 
1 24 
2 24 92 
2 24 465 
1 24 
2 1361 24 
2 131 24 
1 24 
1 24 
1 24 
2 2017 24 
3 1511 430 24 
2 1798 24 
1 24 
1 24 
2 1997 24 
1 24 
1 24 
1 24 
1 24 
1 24 
1 24 
1 24 
2 24 1138 
2 730 24 
1 24 
1 24 
1 24 
1 24 
1 24 
1 25 
2 25 1269 
1 25 
1 25 
1 25 
2 1081 25 
2 1797 25 
1 25 
1 25 
2 25 350 
1 25 
1 25 
1 25 
1 25 
2 25 1386 
2 25 1161 
1 25 
1 25 
2 1648 25 
1 25 
1 25 
2 290 25 
1 25 
1 25 
1 25 
2 1747 25 
1 25 
1 25 
1 26 
2 2087 26 
3 1015 437 26 
2 1755 26 
2 1747 26 
1 26 
1 26 
2 385 26 
1 26 
1 26 
1 26 
2 1170 26 
1 26 
1 26 
3 1328 1996 26 
1 26 
1 26 
1 26 
1 26 
1 27 
1 27 
2 671 27 
1 27 
1 27 
3 136 27 1166 
1 27 
2 1952 27 
1 27 
1 27 
1 27 
1 27 
2 27 1000 
2 1238 27 
2 1135 27 
1 27 
1 27 
1 27 
1 27 
1 27 
2 741 28 
1 28 
1 28 
1 28 
2 1594 28 
1 28 
1 28 
1 28 
1 28 
1 28 
2 31 28 
1 28 
1 28 
2 1194 28 
1 28 
1 28 
2 963 28 
1 29 
2 681 29 
3 408 1073 29 
1 29 
1 29 
2 29 1273 
1 29 
1 29 
1 29 
2 663 29 
1 29 
1 29 
3 1723 1314 29 
1 29 
2 29 1166 
1 29 
1 29 
1 29 
1 29 
1 29 
1 29 
2 30 1066 
1 30 
2 1397 30 
1 30 
1 30 
1 30 
1 30 
1 30 
2 1938 30 
1 30 
2 1784 30 
1 30 
1 30 
1 30 
1 30 
1 30 
1 30 
1 30 
1 30 
1 30 
2 1470 30 
1 30 
1 31 
2 31 1413 
1 31 
2 31 975 
1 31 
1 31 
1 31 
1 31 
1 31 
1 31 
1 31 
1 31 
1 31 
1 31 
1 31 
1 31 
1 31 
1 31 
1 31 
1 31 
1 32 
1 32 
2 32 240 
1 32 
1 32 
1 32 
1 32 
1 32 
1 32 
1 32 
1 32 
1 32 
1 32 
1 32 
2 32 595 
2 32 41 
1 32 
1 32 
1 32 
1 33 
1 33 
2 33 1798 
3 33 551 81 
1 33 
1 33 
1 33 
2 33 1150 
1 33 
1 33 
2 33 226 
1 33 
1 33 
2 587 33 
1 33 
1 33 
2 33 1164 
1 34 
1 34 
2 34 1646 
2 34 456 
1 34 
1 34 
1 34 
2 34 1089 
1 34 
1 34 
1 34 
2 34 460 
1 34 
1 34 
1 35 
1 35 
2 35 1021 
1 35 
2 35 1945 
1 35 
2 35 1604 
1 35 
2 35 351 
1 35 
1 35 
1 35 
2 35 810 
1 35 
1 35 
1 35 
1 35 
2 261 35 
1 35 
1 35 
2 35 458 
3 36 384 1283 
1 36 
2 1876 36 
1 36 
1 36 
1 36 
1 36 
1 36 
2 36 2005 
2 36 238 
2 36 496 
2 36 1573 
1 36 
1 36 
2 37 1158 
1 37 
2 37 874 
2 203 37 
1 37 
2 37 1600 
1 37 
2 569 37 
1 37 
2 1301 37 
1 37 
2 37 1710 
4 37 460 117 1003 
1 37 
1 37 
1 37 
1 37 
1 37 
2 37 1166 
1 38 
3 2075 1507 38 
1 38 
4 1526 38 1697 807 
1 38 
1 38 
1 38 
1 38 
1 38 
3 38 1036 258 
1 38 
1 38 
1 38 
1 38 
1 38 
1 38 
2 1763 38 
1 38 
3 38 1340 875 
1 39 
1 39 
1 39 
2 39 372 
1 39 
1 39 
1 39 
3 2059 1996 39 
1 39 
3 39 414 1160 
1 39 
1 39 
1 39 
1 39 
1 39 
2 2010 39 
1 39 
1 39 
1 39 
1 39 
3 1725 39 1040 
1 40 
1 40 
1 40 
1 40 
1 40 
1 40 
2 1831 40 
2 40 1089 
1 40 
1 40 
2 202 40 
1 40 
1 40 
1 40 
2 756 40 
1 40 
2 966 40 
3 40 711 1021 
1 40 
1 40 
2 40 960 
2 41 1262 
2 2015 41 
1 41 
1 41 
1 41 
2 41 1981 
1 41 
1 41 
2 927 41 
1 41 
1 41 
1 41 
1 41 
3 404 41 1402 
1 41 
2 1206 41 
1 41 
2 41 1402 
1 41 
1 41 
2 41 2048 
1 41 
1 41 
1 42 
1 42 
1 42 
1 42 
1 42 
1 42 
1 42 
1 42 
1 42 
1 42 
1 42 
2 1222 42 
1 42 
1 42 
1 42 
1 42 
1 42 
1 42 
1 42 
1 42 
1 43 
1 43 
1 43 
1 43 
1 43 
2 1706 43 
1 43 
1 43 
1 43 
1 43 
1 43 
1 43 
3 1726 43 1501 
2 43 143 
1 43 
2 301 43 
1 43 
2 736 43 
2 43 771 
1 43 
1 43 
2 43 122 
1 43 
1 43 
1 44 
1 44 
1 44 
2 1276 44 
1 44 
2 1208 44 
1 44 
1 44 
1 44 
2 250 44 
2 44 1619 
3 1862 290 44 
2 1824 44 
2 44 2027 
2 1873 44 
1 44 
1 45 
1 45 
1 45 
1 45 
1 45 
1 45 
1 45 
2 111 45 
1 45 
1 45 
1 45 
1 45 
1 45 
1 45 
1 45 
1 45 
1 45 
1 45 
2 1426 45 
1 45 
1 45 
1 46 
2 1913 46 
1 46 
1 46 
2 989 46 
1 46 
1 46 
2 1610 46 
1 46 
2 822 46 
1 46 
2 1632 46 
2 1769 46 
1 46 
2 46 1255 
1 46 
1 46 
1 46 
1 46 
1 47 
2 1873 47 
1 47 
2 1462 47 
1 47 
2 332 47 
1 47 
1 47 
1 47 
1 47 
2 47 1681 
1 47 
1 47 
1 47 
1 47 
1 47 
1 47 
1 47 
1 47 
1 47 
2 151 47 
2 1674 47 
2 47 1475 
2 47 813 
2 1697 47 
1 47 
2 48 585 
1 48 
1 48 
2 809 48 
2 1786 48 
1 48 
2 430 48 
1 48 
1 48 
2 1019 48 
1 48 
2 1158 48 
2 632 48 
2 453 49 
2 1917 49 
1 49 
2 1057 49 
1 49 
1 49 
1 49 
2 320 49 
1 49 
1 49 
1 49 
1 49 
4 2013 1916 49 2030 
2 922 49 
2 2045 49 
2 2083 49 
1 49 
2 298 49 
1 49 
1 49 
3 1517 1269 49 
1 49 
2 49 352 
2 49 241 
2 561 49 
1 49 
1 49 
2 746 49 
2 1304 49 
2 1044 50 
2 50 1670 
1 50 
1 50 
1 50 
1 50 
2 1513 50 
1 50 
1 50 
2 1285 50 
2 532 50 
1 50 
1 50 
1 50 
2 972 50 
2 1399 50 
3 701 810 50 
1 50 
1 50 
1 50 
1 50 
1 51 
1 51 
1 51 
2 1649 51 
1 51 
1 51 
1 51 
3 1749 1471 51 
1 51 
1 51 
2 762 51 
1 51 
1 51 
1 51 
2 792 51 
2 1405 51 
1 51 
2 1194 51 
3 1005 1208 51 
1 52 
2 52 1463 
1 52 
1 52 
1 52 
1 52 
2 52 97 
1 52 
1 52 
1 52 
2 52 278 
1 52 
3 52 979 1343 
1 52 
1 52 
1 52 
1 52 
1 52 
1 52 
1 52 
1 52 
3 607 52 1105 
1 53 
2 53 1287 
1 53 
2 100 53 
1 53 
4 53 338 56 353 
2 588 53 
1 53 
2 53 1284 
1 53 
1 53 
1 53 
1 54 
1 54 
4 313 507 54 1552 
2 54 1348 
3 165 54 292 
1 54 
1 54 
1 54 
3 359 54 1946 
1 54 
4 54 800 692 1487 
1 54 
2 54 131 
2 54 2086 
2 54 1472 
1 54 
1 54 
1 54 
1 54 
1 55 
1 55 
3 55 1719 1759 
1 55 
1 55 
1 55 
1 55 
2 55 1066 
1 55 
1 55 
1 55 
1 55 
1 55 
1 55 
2 1994 55 
1 55 
1 56 
2 56 1560 
1 56 
1 56 
1 56 
1 56 
1 56 
1 56 
2 1727 56 
2 56 59 
1 56 
2 56 325 
1 56 
1 56 
1 56 
2 286 57 
1 57 
1 57 
1 57 
1 57 
1 57 
2 57 563 
1 57 
1 57 
3 454 57 495 
1 57 
1 57 
2 57 2067 
1 58 
2 144 58 
2 58 1975 
1 58 
1 58 
1 58 
1 58 
2 1389 58 
3 58 675 115 
1 58 
1 58 
1 58 
2 338 58 
1 58 
1 58 
1 58 
3 734 58 974 
1 58 
2 58 781 
6 2040 1396 58 517 173 1562 
1 58 
1 58 
2 58 684 
1 58 
4 554 58 600 752 
2 1393 59 
1 59 
2 59 1965 
2 59 541 
1 59 
1 59 
1 59 
1 59 
3 1624 361 59 
1 59 
1 59 
1 59 
1 59 
1 59 
1 59 
1 59 
1 59 
1 59 
1 59 
1 59 
1 59 
1 59 
1 60 
1 60 
1 60 
1 60 
2 60 1451 
4 60 391 1043 582 
1 60 
1 60 
1 60 
2 183 60 
1 60 
1 60 
1 60 
1 60 
1 61 
1 61 
1 61 
2 61 829 
1 61 
3 886 61 1044 
1 61 
2 61 2030 
1 61 
1 61 
2 206 61 
1 61 
1 61 
1 61 
3 1558 61 1618 
2 61 466 
3 1923 1657 61 
2 61 176 
2 302 61 
2 848 62 
2 62 2003 
1 62 
1 62 
1 62 
1 62 
1 62 
1 62 
1 62 
1 62 
1 62 
1 62 
1 62 
1 62 
1 62 
1 63 
3 1828 562 63 
1 63 
1 63 
1 63 
1 63 
1 63 
1 63 
1 63 
2 63 258 
1 63 
1 63 
2 412 63 
1 63 
1 63 
1 63 
1 63 
1 63 
2 63 932 
1 63 
1 64 
1 64 
2 1432 64 
3 471 1463 64 
1 64 
2 814 64 
2 64 1560 
2 64 280 
1 64 
1 64 
1 64 
1 64 
3 503 64 996 
1 64 
1 64 
1 64 
2 591 64 
1 65 
1 65 
2 884 65 
1 65 
1 65 
1 65 
1 65 
2 127 65 
1 65 
2 720 65 
3 1835 65 1075 
2 1014 65 
1 65 
2 1068 65 
1 65 
1 65 
1 65 
1 65 
1 65 
2 65 349 
2 65 121 
1 66 
3 1591 461 66 
1 66 
1 66 
1 66 
2 2056 66 
2 743 66 
1 66 
2 1599 66 
2 66 1004 
1 66 
2 66 1737 
3 1991 185 66 
1 66 
1 66 
2 298 66 
1 66 
1 66 
2 66 2003 
2 598 66 
1 66 
2 66 2074 
1 66 
1 66 
1 66 
1 66 
1 66 
2 67 1680 
1 67 
1 67 
1 67 
1 67 
1 67 
2 67 544 
1 67 
2 1615 67 
1 67 
1 67 
2 1493 67 
1 67 
1 67 
1 67 
1 67 
1 67 
1 67 
2 67 771 
1 67 
1 67 
2 1057 67 
1 67 
1 67 
1 67 
1 67 
2 1082 67 
1 68 
1 68 
1 68 
1 68 
1 68 
1 68 
2 1714 68 
1 68 
1 68 
1 68 
2 202 68 
1 68 
2 477 68 
1 68 
1 68 
1 68 
3 2084 348 68 
1 68 
1 68 
2 1465 68 
1 69 
1 69 
1 69 
2 1390 69 
2 1915 69 
1 69 
1 69 
1 69 
1 69 
2 1806 69 
1 69 
1 69 
3 191 1521 69 
1 69 
1 69 
1 69 
1 69 
2 516 69 
2 377 69 
1 70 
2 70 1149 
2 70 1372 
1 70 
1 70 
2 1167 70 
1 70 
1 70 
3 70 1796 1161 
2 609 70 
1 70 
2 70 1020 
3 70 231 200 
1 70 
3 70 827 831 
1 70 
1 70 
2 71 1041 
1 71 
1 71 
2 71 1729 
1 71 
2 71 439 
1 71 
2 71 1633 
2 630 71 
1 71 
1 71 
1 71 
1 71 
3 71 1698 2029 
2 71 154 
1 71 
1 71 
1 71 
1 71 
1 71 
1 72 
2 72 915 
1 72 
2 1508 72 
1 72 
1 72 
1 72 
2 72 1259 
1 72 
1 72 
1 72 
1 72 
1 72 
3 72 1814 1935 
2 72 1986 
1 72 
2 1794 72 
1 72 
2 331 72 
2 72 279 
1 72 
1 72 
1 72 
1 72 
1 72 
1 72 
2 72 1193 
1 72 
2 72 1895 
1 72 
1 73 
2 73 1975 
2 205 73 
1 73 
2 356 73 
2 73 2091 
1 73 
2 940 73 
3 1046 73 1260 
2 73 1694 
2 73 1368 
1 73 
2 73 1637 
1 73 
1 73 
2 73 627 
2 73 1033 
2 73 1093 
1 73 
1 73 
2 73 959 
1 73 
1 73 
1 73 
2 73 377 
1 73 
1 74 
1 74 
2 74 352 
1 74 
2 74 2024 
1 74 
2 74 1089 
1 74 
1 74 
1 74 
2 74 348 
1 74 
2 1333 74 
1 74 
1 74 
1 74 
1 74 
1 74 
2 74 1806 
2 74 1662 
2 74 869 
2 2061 74 
1 74 
1 74 
1 74 
1 74 
3 754 75 432 
2 1428 75 
1 75 
1 75 
2 75 483 
1 75 
2 1011 75 
1 75 
1 75 
1 75 
2 75 996 
1 75 
1 75 
1 75 
2 75 1381 
1 75 
1 75 
1 75 
1 75 
2 756 76 
1 76 
1 76 
1 76 
1 76 
2 183 76 
2 108 76 
1 76 
1 76 
2 1908 76 
1 76 
1 76 
3 357 1875 76 
1 76 
1 76 
1 76 
1 76 
1 76 
1 76 
1 77 
1 77 
1 77 
1 77 
1 77 
2 77 111 
1 77 
3 1081 77 89 
1 77 
1 77 
2 77 1577 
1 77 
2 77 2094 
3 1970 77 1217 
2 77 448 
3 1115 77 1263 
2 331 77 
2 77 1161 
2 1611 77 
1 77 
1 77 
2 78 1942 
1 78 
1 78 
1 78 
1 78 
1 78 
1 78 
3 78 731 1757 
1 78 
1 78 
2 78 274 
2 1555 78 
1 78 
1 78 
1 78 
1 78 
1 78 
1 78 
2 78 96 
2 78 276 
1 78 
1 78 
2 78 1919 
2 79 1779 
1 79 
2 1296 79 
1 79 
1 79 
3 79 573 139 
1 79 
1 79 
1 79 
1 79 
3 1303 79 1869 
3 1610 739 79 
1 79 
1 79 
1 79 
2 705 79 
1 79 
1 79 
1 80 
2 189 80 
2 80 1976 
3 925 80 1600 
2 80 1563 
2 80 140 
1 80 
2 80 1776 
2 1330 80 
1 80 
1 80 
2 80 1217 
3 1769 891 80 
1 80 
1 80 
1 80 
1 80 
2 1175 81 
1 81 
1 81 
1 81 
1 81 
2 1834 81 
1 81 
1 81 
2 929 81 
2 1412 81 
1 81 
1 81 
1 81 
2 1467 81 
1 81 
1 81 
1 81 
2 1912 82 
1 82 
1 82 
1 82 
1 82 
2 687 82 
1 82 
2 82 520 
2 1029 82 
1 82 
1 82 
1 82 
1 82 
2 83 2068 
2 83 1737 
1 83 
2 83 1219 
1 83 
1 83 
1 83 
1 83 
2 83 1500 
1 83 
1 83 
1 83 
2 1928 83 
1 83 
1 83 
1 83 
2 1006 83 
1 84 
1 84 
1 84 
2 84 958 
1 84 
1 84 
1 84 
1 84 
1 84 
2 1322 84 
2 947 84 
1 84 
1 85 
1 85 
1 85 
1 85 
1 85 
1 85 
1 85 
1 85 
1 85 
1 85 
1 85 
2 1464 85 
1 85 
1 85 
3 756 85 961 
2 1418 85 
1 85 
2 85 2002 
1 85 
1 85 
1 85 
1 85 
1 85 
2 862 86 
1 86 
1 86 
1 86 
2 745 86 
1 86 
1 86 
1 86 
3 1355 86 197 
1 86 
1 86 
1 86 
1 86 
3 1100 406 86 
1 86 
1 87 
1 87 
2 598 87 
1 87 
3 150 87 792 
2 869 87 
2 1122 87 
1 87 
2 1408 87 
2 1973 87 
1 87 
1 87 
1 87 
1 87 
1 87 
1 87 
3 1655 1306 87 
1 87 
1 87 
1 87 
1 87 
1 87 
1 87 
1 87 
1 88 
1 88 
3 534 88 527 
1 88 
2 1033 88 
1 88 
1 88 
1 88 
1 88 
1 88 
2 533 88 
2 88 1906 
2 1573 88 
1 88 
4 1100 407 140 88 
1 89 
1 89 
2 459 89 
2 89 769 
1 89 
1 89 
2 325 89 
1 89 
1 89 
3 930 1619 89 
1 89 
1 89 
2 2047 89 
1 89 
1 89 
3 428 89 122 
2 1614 89 
1 89 
1 89 
2 1589 89 
1 89 
1 89 
1 89 
1 89 
2 617 89 
1 89 
2 967 89 
1 89 
1 89 
2 454 89 
1 89 
1 89 
1 89 
1 89 
2 1441 90 
1 90 
3 144 1396 90 
2 508 90 
3 670 484 90 
1 90 
2 2022 90 
1 90 
1 90 
2 470 90 
1 90 
1 90 
3 1378 1499 90 
1 91 
1 91 
2 166 91 
1 91 
1 91 
1 91 
1 91 
2 1438 91 
1 91 
1 91 
1 91 
1 91 
2 1891 91 
1 91 
1 91 
1 92 
1 92 
3 2044 893 92 
1 92 
1 92 
1 92 
2 1238 92 
1 92 
1 92 
2 799 92 
1 92 
1 92 
2 1629 92 
2 1284 92 
1 92 
2 1911 92 
1 92 
1 92 
1 92 
1 92 
1 92 
1 92 
1 92 
2 1995 92 
1 92 
1 93 
1 93 
1 93 
1 93 
1 93 
1 93 
1 93 
1 93 
1 93 
1 93 
1 93 
1 93 
1 93 
1 93 
1 94 
2 892 94 
1 94 
1 94 
1 94 
1 94 
1 94 
1 94 
3 2090 1599 94 
1 94 
1 94 
2 2026 94 
3 938 895 95 
1 95 
2 1538 95 
2 722 95 
1 95 
1 95 
1 95 
1 95 
1 95 
1 95 
1 95 
1 95 
1 95 
1 95 
1 95 
1 95 
1 95 
2 2040 95 
3 1975 1819 96 
1 96 
1 96 
1 96 
2 96 1453 
1 96 
1 96 
1 96 
1 96 
1 96 
1 96 
2 363 96 
1 96 
1 96 
1 96 
2 1756 96 
1 97 
2 1535 97 
1 97 
1 97 
2 1837 97 
2 1641 97 
2 919 97 
1 97 
2 1373 97 
2 988 97 
2 977 97 
1 97 
2 97 1588 
1 97 
1 97 
1 97 
2 1219 98 
1 98 
1 98 
1 98 
2 2017 98 
2 1666 98 
1 98 
1 98 
1 98 
1 98 
1 98 
1 98 
2 1438 98 
1 98 
1 98 
2 615 98 
1 98 
1 98 
1 98 
2 1566 98 
1 98 
1 98 
2 703 98 
2 1087 98 
1 98 
1 98 
1 98 
1 99 
1 99 
2 99 556 
1 99 
1 99 
1 99 
1 99 
1 99 
1 99 
1 99 
1 99 
1 99 
1 99 
1 99 
1 99 
2 99 1169 
1 100 
1 100 
1 100 
1 100 
2 100 1558 
1 100 
1 100 
2 100 1730 
1 100 
4 1891 1144 100 1456 
3 100 1609 441 
1 100 
1 100 
2 421 100 
1 100 
2 100 819 
1 100 
1 100 
1 100 
1 100 
2 100 1439 
1 100 
1 100 
2 100 249 
1 101 
2 101 1307 
1 101 
1 101 
2 101 1112 
2 101 1845 
3 101 779 544 
2 101 487 
1 101 
1 101 
2 101 404 
1 101 
2 101 1700 
3 1223 101 1313 
1 101 
2 101 728 
1 101 
1 101 
1 102 
1 102 
2 102 787 
1 102 
1 102 
3 102 988 377 
1 102 
2 815 102 
1 102 
3 102 1927 482 
1 102 
1 102 
1 102 
1 102 
2 102 1800 
1 102 
2 102 1485 
1 102 
2 102 1872 
2 102 894 
1 102 
2 102 1418 
3 102 1210 988 
1 102 
2 103 2085 
1 103 
1 103 
1 103 
1 103 
3 103 430 189 
1 103 
1 103 
3 103 1161 1890 
1 103 
2 103 303 
1 103 
2 1824 103 
2 103 990 
1 103 
2 103 1772 
2 103 834 
1 103 
1 103 
1 103 
1 103 
1 104 
1 104 
1 104 
2 104 1300 
1 104 
1 104 
2 104 779 
1 104 
2 104 1502 
1 104 
1 104 
1 104 
1 104 
1 104 
2 104 1141 
2 1654 104 
1 104 
1 104 
1 104 
1 104 
1 104 
2 104 1316 
2 754 105 
1 105 
2 105 337 
1 105 
2 105 353 
1 105 
1 105 
1 105 
2 105 991 
2 105 1365 
2 2032 105 
2 105 1092 
3 531 105 373 
1 105 
1 105 
2 105 1869 
2 105 1460 
1 105 
1 105 
2 105 1557 
1 105 
1 105 
1 106 
1 106 
1 106 
1 106 
