23 2 3 4 5 6 7 8 9 10 11 12 13 14 15 16 17 18 19 20 21 22 23 24 
22 25 26 27 28 29 30 31 32 33 34 35 36 37 38 39 1 40 41 42 43 44 45 
25 46 47 48 49 50 51 52 53 54 55 56 57 58 59 60 61 1 62 63 64 65 66 67 68 69 
18 70 71 72 73 74 75 76 77 78 79 1 80 81 82 83 84 85 86 
12 87 88 89 90 91 92 93 94 1 95 96 97 
20 98 99 100 101 102 103 104 105 106 107 108 109 110 111 112 1 113 114 115 116 
22 117 118 119 120 121 122 123 124 125 126 127 128 1 129 130 131 132 133 134 135 136 137 
23 138 139 140 141 142 143 144 145 146 147 148 149 150 151 1 152 153 154 155 156 157 158 159 
16 160 161 162 163 164 165 166 167 168 169 170 171 1 172 173 174 
28 175 176 177 178 179 180 181 182 183 184 185 186 187 188 189 190 191 192 193 194 195 196 1 197 198 199 200 201 
23 202 203 204 205 206 207 208 209 210 211 212 213 214 1 215 216 217 218 219 220 221 222 223 
27 224 225 226 227 228 229 230 231 232 233 234 235 236 237 238 1 239 240 241 242 243 244 245 246 247 248 249 
14 250 251 252 253 254 255 256 257 258 1 259 260 261 262 
19 263 264 265 266 267 268 269 270 271 272 273 274 275 1 276 277 278 279 280 
24 281 282 283 284 285 286 287 288 289 290 291 292 293 294 1 295 296 297 298 299 300 301 302 303 
22 304 305 306 307 308 309 310 311 312 313 314 315 316 317 318 319 320 321 1 322 323 324 
21 325 326 327 328 329 330 331 332 333 334 335 336 337 1 338 339 340 341 342 343 344 
15 345 346 347 348 349 350 351 352 353 1 354 355 356 357 358 
13 359 360 361 362 363 364 365 366 367 368 369 1 370 
21 371 372 373 374 375 376 377 378 379 380 381 382 1 383 384 385 386 387 388 389 390 
24 391 392 393 394 395 396 397 398 399 400 401 402 403 404 405 1 406 407 408 409 410 411 412 413 
24 414 415 416 417 418 419 420 421 422 423 424 425 426 427 428 429 430 431 1 432 433 434 435 436 
24 437 438 439 440 441 442 443 444 445 446 447 448 449 450 451 452 453 454 1 455 456 457 458 459 
27 460 461 462 463 464 465 466 467 468 469 470 471 472 473 474 475 476 477 478 479 480 1 481 482 483 484 485 
22 2 486 487 488 489 490 491 492 493 494 495 496 497 498 499 500 501 502 503 504 505 506 
13 2 507 508 509 510 511 512 513 514 515 516 517 518 
21 2 519 520 521 522 523 524 525 526 527 528 529 530 531 532 533 455 534 535 536 537 
16 2 538 539 540 541 542 543 544 545 546 547 548 549 550 551 552 
17 2 553 554 555 556 557 558 559 560 561 562 563 564 565 566 567 568 
24 2 569 570 571 572 573 574 575 576 577 578 579 580 581 582 583 584 585 586 587 588 589 590 591 
21 2 592 593 594 595 596 597 598 599 600 601 602 603 604 605 606 607 608 609 610 611 
29 612 2 613 614 615 616 617 618 619 620 621 622 623 624 625 626 627 628 629 630 631 632 633 634 635 636 637 638 639 
22 640 2 641 642 643 644 645 646 647 648 649 650 651 652 653 654 655 656 657 658 659 660 
20 2 661 662 663 664 665 666 667 668 669 670 671 672 673 674 675 676 677 678 679 
27 2 680 681 682 683 684 685 686 687 688 689 690 691 692 693 694 695 696 697 698 699 700 701 702 703 704 705 
26 2 706 707 708 709 710 711 712 713 714 715 716 717 718 719 720 721 722 723 724 725 726 727 728 729 730 
18 2 731 732 733 734 735 736 737 738 739 740 741 742 743 744 745 746 747 
23 2 748 749 750 751 752 753 754 755 756 757 758 759 760 761 762 763 764 765 766 767 768 769 
29 2 770 771 772 773 774 775 776 777 778 779 780 781 782 783 784 785 786 787 788 789 790 791 792 793 794 795 796 797 
17 2 798 799 800 801 802 803 804 805 806 807 808 809 810 811 812 813 
21 2 814 815 816 817 818 819 820 821 822 823 824 825 826 827 828 829 830 831 832 833 
22 2 834 835 836 837 838 839 840 841 842 843 844 845 846 847 848 849 850 851 852 853 854 
15 2 855 856 857 858 859 860 861 862 863 864 865 866 867 868 
19 2 869 870 871 872 873 874 875 876 877 878 879 880 881 882 883 884 885 886 
16 2 887 888 889 890 891 892 893 894 895 896 897 898 899 900 901 
14 3 902 903 904 905 906 907 908 909 910 911 912 913 914 
11 3 915 916 917 918 919 920 921 922 923 924 
22 3 925 926 927 928 929 930 931 932 933 934 935 936 937 938 939 940 941 942 943 944 945 
17 3 946 947 948 949 950 951 952 953 954 955 956 957 958 959 960 961 
25 3 962 963 964 965 966 967 968 969 970 971 972 973 974 975 976 977 978 979 980 981 982 983 984 985 
28 986 3 987 988 989 990 991 992 993 994 995 996 997 998 999 1000 1001 1002 1003 1004 1005 1006 1007 1008 1009 1010 1011 1012 
28 3 1013 1014 1015 1016 1017 1018 1019 1020 1021 1022 1023 1024 1025 1026 1027 1028 1029 1030 1031 1032 1033 1034 1035 1036 82 1037 1038 
20 1039 3 1040 1041 1042 1043 1044 1045 1046 1047 1048 1049 1050 1051 1052 1053 1054 1055 1056 1057 
23 3 1058 1059 1060 1061 1062 1063 1064 1065 1066 1067 1068 1069 1070 1071 1072 1073 1074 1075 1076 1077 1078 1079 
17 3 1080 1081 1082 1083 1084 1085 1086 1087 1088 1089 1090 1091 1092 1093 1094 1095 
15 3 1096 1097 1098 1099 1100 1101 1102 1103 1104 1105 1106 1107 1108 1109 
20 3 1110 1111 1112 1113 1114 1115 1116 1117 1118 1119 1120 1121 1122 1123 1124 1125 1126 1127 1128 
23 3 1129 1130 1131 1132 1133 1134 1135 1136 1137 1138 1139 1140 1141 1142 1143 1144 1145 1146 1147 1148 1149 1150 
23 3 1151 1152 1153 1154 1155 1156 1157 1158 1159 1160 1161 1162 1163 1164 1165 1166 1167 1168 1169 1170 1171 1172 
21 1173 1174 3 1175 1176 1177 1178 1179 1180 1181 1182 1183 1184 1185 1186 1187 1188 1189 1190 1191 1192 
26 3 1193 1194 1195 1196 1197 572 1198 1199 1200 1201 1202 1203 1204 1205 1206 1207 1208 1209 1210 1211 1212 1213 1214 1215 1216 
20 3 1217 1218 1219 1220 1221 1222 1223 1224 1225 1226 1227 1228 1229 1230 1231 1232 1233 1234 1235 
33 3 1236 1237 1238 1239 1240 1241 1242 1243 1244 1245 1246 1247 1248 1249 1250 1251 1252 1253 1254 1255 1256 1257 1258 1259 1260 1261 1262 1263 1264 1265 1266 1267 
16 3 1268 1269 1270 1271 1272 1273 1274 1275 1276 1277 1278 1279 1280 1281 1282 
32 3 1283 1284 1285 1286 1287 1288 1289 1290 1291 1292 1293 1294 1295 1296 1297 1298 1299 1300 1301 1302 1303 1304 1305 1306 1307 1308 1309 1310 1311 1312 1313 
11 3 1314 1315 1316 1317 1318 1319 1320 1321 1322 1323 
19 3 1324 1325 1326 1327 1328 1329 1330 1331 1332 1333 1334 1335 1336 1337 1338 1339 1340 1341 
21 3 1342 1343 1344 1345 1346 1347 1348 1349 1350 1351 1352 1353 1354 1355 1356 1357 1358 1359 1360 1361 
14 3 1362 1363 1364 1365 1366 1367 1368 1369 1370 1371 1372 1373 1374 
25 1375 1376 1377 4 1378 1379 1380 1381 1382 1383 1384 1385 1386 1387 1388 1389 1390 1391 1392 1393 1394 1395 1396 1397 1398 
20 1399 4 1400 1401 1402 1403 1404 1405 1406 1407 1408 1409 1410 1411 1412 1413 1057 1414 1415 1416 
19 4 1417 1418 1419 1420 1421 1422 1423 1424 1425 1426 1427 1428 1429 1430 1431 1432 1433 1434 
21 1435 1436 4 1437 1438 1439 1440 1441 1442 1443 1444 1445 1446 1447 1448 1449 1450 1451 1452 1453 1454 
13 4 1455 1456 1457 1458 1459 1460 1461 1462 1463 1464 1465 1466 
23 1467 4 1468 1469 1470 1471 1472 1473 1474 1475 1476 1477 1478 1479 1480 1481 1482 1483 1484 1485 1486 1487 1488 
14 4 1489 1490 1491 1492 1493 1494 1495 1496 1497 1498 1499 1500 1501 
16 1502 4 1503 1504 1505 1506 1507 1508 1509 1510 1511 1512 1513 1514 1515 1516 
20 1517 1518 4 1519 1520 1521 1522 1523 1524 1525 1526 1527 1528 530 1529 1530 1531 1532 1533 1534 
22 1535 1536 1537 1538 4 1539 1540 1541 1542 1543 1544 1545 1546 1547 1548 1549 1550 1551 1552 1553 1554 1555 
22 1556 4 1557 1558 1559 1560 1561 1562 1563 1564 1565 1566 1567 1568 1569 1570 1571 1572 1573 1574 1575 1576 
21 4 1577 1578 1579 1580 1581 1582 1583 1584 1585 1586 1587 1588 1589 1590 1591 1592 1593 1594 1595 1596 
19 4 1597 1598 52 1599 1600 1601 1602 1603 1604 1605 1606 1588 1607 1608 1609 1610 1611 1612 
25 4 1613 1614 1615 1616 1617 1618 1619 1620 1621 1622 1461 1623 1624 1625 1626 1627 1628 1629 1630 1631 1632 1633 1634 1635 
24 1636 1637 4 1638 1639 1640 1641 1642 1643 1644 1645 1646 1647 1648 1649 1650 1651 1652 1653 1654 1655 1656 1657 1658 
24 4 1659 1660 1661 1662 465 1663 1664 1665 1666 1667 1668 1669 1670 1671 1672 1673 1674 1675 1676 1677 1678 1679 1680 
31 4 1681 1682 1683 1684 1685 1686 1687 1688 1689 1690 1691 972 1692 1693 1694 1695 1696 1697 1698 1699 1700 1701 1702 1703 1704 1705 1706 1707 1708 1709 
22 1710 1711 1712 1713 5 1714 1715 1716 1717 1718 1719 1720 1721 1722 1723 1724 1725 1726 1727 1728 1729 1730 
20 1731 5 1732 1733 1734 1735 1736 1737 1738 1739 1740 1741 1742 1743 1744 1745 1746 1747 1748 1749 
22 1750 5 1751 1752 1753 1754 1755 1756 1757 1758 1759 1760 1761 1762 1763 1764 1765 1766 1767 1768 1769 1770 
22 1771 5 1772 1773 1774 1775 1776 1777 1778 1779 1780 1781 1782 1783 1784 1785 1786 1787 1788 1789 1790 1791 
23 1792 5 1793 1794 1795 1796 1797 1798 1799 1800 1801 1802 1803 450 1804 1805 1806 1807 1808 1809 1810 1811 1812 
16 1813 5 1814 1815 1816 1817 1818 1819 1820 1821 1822 1823 1824 1825 1826 1827 
16 5 1828 888 682 1829 1830 1831 1832 1833 1834 405 1835 1836 1837 1838 1839 
26 1840 5 1841 1842 1843 1844 1845 1846 1847 1848 1179 1849 1850 1851 1852 1853 1854 1855 1856 1857 1858 1859 1860 1861 1862 1863 
19 1864 5 1865 1866 1867 1868 1869 1870 1871 1872 1873 1874 1875 1876 1877 1878 1879 1880 1881 
25 1882 1883 5 1884 1885 1886 1887 1888 1889 1890 1891 1892 1893 1894 1895 1896 1897 1898 1899 1900 1901 1902 1903 1904 1905 
29 1906 1907 5 1908 1909 1910 1911 1912 1913 1914 1915 1916 1917 187 1918 1919 1920 1921 1922 1923 1924 1925 1926 1927 1928 1929 1930 1931 1932 
24 1933 1934 1935 1936 6 1937 1938 1939 1940 1941 1942 1943 1944 1945 1946 1947 1948 1949 1950 1951 1952 1953 1954 1955 
28 1956 372 1957 1958 1959 1960 1961 1962 6 1963 1964 1965 1966 1967 1968 1969 1970 1971 1972 1973 587 1974 1975 1976 1977 1978 1979 1980 
17 1981 6 1982 1983 1984 1985 1986 1987 1988 1989 1990 1991 1992 1993 1994 1995 1996 
20 1997 1998 6 1999 2000 2001 2002 2003 2004 2005 2006 2007 2008 2009 293 2010 2011 2012 2013 2014 
32 2015 2016 2017 2018 6 2019 2020 2021 2022 2023 2024 2025 2026 2027 2028 2029 2030 2031 2032 2033 2034 2035 2036 2037 2038 2039 2040 1592 2041 2042 2043 2044 
14 2045 2046 2047 2048 2049 6 2050 2051 2052 2053 2054 2055 2056 2057 
23 2058 2059 2060 2061 2062 2063 6 2064 2065 2066 2067 2068 2069 2070 2071 2072 2073 2074 2075 2076 2077 2078 2079 
24 2080 2081 2082 2083 6 2084 2085 2086 2087 2088 2089 2090 2091 2092 2093 2094 2095 2096 2097 2098 2099 2100 2101 2102 
8 2103 6 2104 2105 2106 2107 2108 2109 
24 2110 2111 2112 2113 2114 6 2115 2116 2117 2118 2119 2120 2121 2122 2123 2124 2125 2126 2127 2128 2129 2130 2131 2132 
22 2133 2134 2135 2136 2137 6 2138 2139 2140 2141 2142 2143 2144 2145 2146 2147 2148 2149 2150 2151 2152 2153 
24 2154 2155 2156 2157 6 2158 2159 2160 2161 2162 2163 2164 2165 2166 2167 2168 2169 2170 2171 2172 2173 2174 2175 2176 
21 2177 2178 2179 2180 6 2181 2182 2183 2184 2185 2186 2187 2188 2189 2190 2191 2192 2193 2194 2195 2196 
18 2197 2198 6 2199 2200 2201 2202 2203 2204 2205 2206 2207 2208 2209 2210 2211 2212 2213 
18 2214 2215 2216 2217 1641 6 2218 2219 2220 2221 2222 2223 2224 2225 2226 2227 2228 2229 
18 2230 2231 2232 2233 6 2234 2235 2236 2237 2238 2239 2240 2241 2242 2243 2244 2245 2246 
19 2247 2248 2249 6 2250 2251 2252 2253 2254 2255 2256 2257 2258 2259 2260 2261 2262 2263 2264 
24 2265 2266 2267 6 2268 2269 2270 2271 2272 2273 2274 2275 2276 2277 2278 480 2279 2280 2281 2282 2283 2284 2285 2286 
19 2287 2288 6 2289 2290 2291 2292 2293 2294 2295 2296 2297 2298 2299 2300 2301 2302 2303 2304 
20 2305 2306 2307 2308 7 2309 2310 2311 2312 2313 2314 2315 2316 2317 2318 2319 2320 2321 2322 2323 
16 2324 2325 2326 2327 2328 7 2329 2330 2331 2332 2333 2334 2335 2336 2337 2338 
29 2339 2340 2341 2342 7 2343 2344 2345 2346 2347 2348 2349 2350 2351 878 2352 2353 2354 2355 2356 2357 2358 2359 2360 2361 2362 2363 2364 2365 
25 2366 2367 2368 2369 2370 7 2371 2372 2373 2374 2375 2376 2377 2378 2379 2380 2381 2382 2383 2384 2385 2386 2387 2388 2389 
20 2390 2391 2392 2393 7 2394 2395 2396 2397 2398 2399 2400 809 2401 2402 2403 2404 2405 2406 2407 
22 2408 2409 2410 7 2411 2412 2413 2414 2415 2416 2417 2418 2419 2420 2421 2422 2423 2424 2425 2426 2427 2428 
21 2429 2430 2431 2432 2433 2434 7 2435 2436 2437 2438 2439 2440 2441 2442 2443 2444 2445 2446 2447 2448 
14 2449 2450 7 2451 2452 2453 2454 2455 2456 2457 2458 2459 2460 2388 
25 2461 2462 2463 2464 2465 2466 2467 2468 2469 2470 7 2471 2472 2473 2474 2475 333 2476 2477 2478 2479 2480 2481 2482 2483 
18 2484 2485 2486 2487 7 2488 2489 2490 2491 2492 2493 2494 2495 2496 2497 2498 2499 2500 
18 2501 2502 2503 2504 7 2505 2506 2507 2508 2509 2510 2511 2512 2513 408 2514 2515 2516 
28 2517 7 2518 2519 2520 2521 2522 2523 2524 2525 2526 2527 2528 2529 2530 2531 2532 2533 2534 2535 2536 2537 2538 2539 2540 2541 2542 2543 
24 2544 2545 2546 7 2547 2548 2549 2550 2551 2552 2553 2554 2555 2556 2557 2558 2559 2560 2561 2562 2563 2564 2565 2566 
13 2567 2568 2569 7 2570 2571 2572 2573 2574 2575 2576 2577 2578 
20 2579 7 2580 2581 2582 2583 2584 2585 2586 2587 2588 2589 2590 2591 2592 2593 2594 2595 2596 2597 
29 2598 2599 2600 7 2601 2602 2603 2604 2605 2606 2607 2608 2609 2610 2611 2612 2613 2614 2615 2616 701 2617 2618 2619 2620 2621 2622 2623 2624 
20 2625 2626 2627 2628 7 2629 2630 2631 2632 2633 2634 2635 2636 2637 2638 2639 2640 2641 2642 2643 
20 2644 2645 2646 2647 2648 2649 7 2650 2651 2652 2653 2654 2655 2656 2657 2637 2658 2659 2660 2661 
24 2662 7 2663 2664 2665 2666 2667 2668 2669 2670 2671 2672 2673 983 2674 2675 2676 2677 911 2678 2679 2680 2681 2682 
18 2683 2684 2685 2686 2687 7 2688 2689 2690 2691 2692 2693 2694 2695 2696 2697 2698 2699 
2 2700 7 
1 8 
1 8 
1 8 
2 8 1651 
2 8 600 
1 8 
1 8 
1 8 
1 8 
2 8 2418 
1 8 
1 8 
2 571 8 
1 8 
1 8 
1 8 
1 8 
1 8 
2 1418 8 
1 8 
1 8 
2 1111 8 
1 9 
1 9 
1 9 
1 9 
1 9 
1 9 
1 9 
1 9 
1 9 
1 9 
1 9 
1 9 
1 9 
2 523 9 
3 2134 9 581 
1 10 
1 10 
1 10 
1 10 
1 10 
1 10 
1 10 
3 234 10 1646 
3 2572 10 1947 
1 10 
1 10 
1 10 
2 10 97 
1 10 
1 10 
1 10 
1 10 
1 10 
1 10 
2 10 218 
3 416 10 1763 
1 10 
1 10 
1 10 
1 10 
1 10 
2 10 1170 
2 11 2420 
1 11 
2 11 1920 
1 11 
3 1130 11 2495 
1 11 
3 11 1355 2597 
1 11 
3 11 368 320 
1 11 
5 1376 11 1564 1922 1146 
1 11 
1 11 
1 11 
2 520 11 
1 11 
2 11 194 
2 11 369 
2 11 2031 
1 11 
3 11 351 2403 
2 1333 11 
1 12 
1 12 
1 12 
1 12 
1 12 
2 12 1410 
1 12 
2 2068 12 
1 12 
1 12 
2 182 12 
1 12 
2 12 1208 
1 12 
1 12 
2 12 2099 
1 12 
1 12 
4 2234 1620 905 12 
2 507 12 
1 12 
1 12 
1 12 
1 12 
1 12 
1 12 
1 13 
1 13 
1 13 
1 13 
1 13 
2 2105 13 
2 419 13 
1 13 
1 13 
1 13 
2 13 2099 
2 13 1393 
1 13 
1 14 
2 2570 14 
1 14 
4 988 628 14 789 
1 14 
1 14 
3 14 2497 730 
1 14 
1 14 
1 14 
2 569 14 
2 575 14 
1 14 
2 1909 14 
1 14 
1 14 
1 14 
1 14 
3 2371 15 2281 
1 15 
1 15 
1 15 
1 15 
1 15 
1 15 
1 15 
1 15 
1 15 
1 15 
1 15 
2 101 15 
1 15 
1 15 
1 15 
1 15 
1 15 
2 1868 15 
2 15 1149 
1 15 
2 15 1410 
3 1153 15 705 
2 2342 16 
2 16 2621 
1 16 
1 16 
2 2111 16 
1 16 
1 16 
1 16 
3 1773 1158 16 
1 16 
2 2366 16 
1 16 
1 16 
2 1785 16 
1 16 
1 16 
2 210 16 
1 16 
1 16 
1 16 
1 16 
3 1803 431 17 
2 622 17 
1 17 
3 399 17 1881 
1 17 
1 17 
1 17 
3 954 17 1398 
2 125 17 
2 1300 17 
1 17 
1 17 
1 17 
1 17 
2 2506 17 
2 17 2387 
2 17 457 
1 17 
1 17 
2 836 17 
3 416 1317 18 
2 18 567 
1 18 
1 18 
1 18 
1 18 
2 18 222 
2 18 2699 
2 821 18 
1 18 
2 2210 18 
2 1698 18 
1 18 
3 1061 18 1313 
2 2531 19 
2 2459 19 
3 2325 2200 19 
1 19 
1 19 
2 827 19 
2 941 19 
2 2605 19 
1 19 
2 210 19 
2 19 219 
2 1751 19 
3 1597 1729 20 
3 99 2287 20 
3 1719 1807 20 
1 20 
1 20 
2 1139 20 
1 20 
1 20 
1 20 
1 20 
2 2006 20 
1 20 
1 20 
1 20 
1 20 
1 20 
2 985 20 
1 20 
3 708 453 20 
2 509 20 
3 1835 2499 21 
3 2112 2589 21 
2 1899 21 
1 21 
1 21 
4 448 1138 1495 21 
2 1432 21 
1 21 
4 2290 328 822 21 
1 21 
1 21 
1 21 
1 21 
2 1920 21 
2 93 21 
4 570 1287 910 21 
1 21 
2 127 21 
2 1475 21 
1 21 
1 21 
2 1978 21 
1 21 
2 1505 22 
1 22 
3 345 195 22 
1 22 
2 423 22 
2 256 22 
1 22 
1 22 
1 22 
4 2287 489 418 22 
1 22 
4 2049 1447 1280 22 
1 22 
3 1217 1042 22 
2 1750 22 
1 22 
1 22 
2 325 22 
2 1920 22 
1 22 
1 22 
1 22 
1 22 
3 903 1253 23 
1 23 
1 23 
1 23 
1 23 
2 874 23 
3 1330 2165 23 
2 1766 23 
2 834 23 
1 23 
1 23 
2 396 23 
1 23 
3 1817 91 23 
1 23 
2 2020 23 
2 389 23 
1 23 
2 27 23 
1 23 
2 341 23 
1 23 
1 23 
1 24 
1 24 
2 2348 24 
2 2266 24 
2 1027 24 
2 85 24 
1 24 
3 2450 1411 24 
2 2163 24 
1 24 
2 2248 24 
1 24 
2 2685 24 
2 502 24 
1 24 
1 24 
2 624 24 
2 2684 24 
2 1447 24 
1 24 
2 115 24 
1 24 
1 24 
3 2200 1739 24 
2 1704 24 
1 24 
3 25 581 1593 
1 25 
1 25 
2 25 423 
1 25 
1 25 
1 25 
1 25 
1 25 
2 25 1354 
1 25 
2 25 1818 
1 25 
3 25 1817 1416 
1 25 
2 25 633 
2 25 473 
1 25 
1 25 
1 25 
2 25 1272 
2 26 243 
2 26 903 
3 26 2248 390 
1 26 
1 26 
1 26 
3 26 2413 2690 
1 26 
1 26 
1 26 
1 26 
1 26 
2 1238 27 
2 27 216 
2 27 1674 
2 27 2574 
3 2110 27 173 
1 27 
2 27 1475 
1 27 
1 27 
2 27 2617 
1 27 
3 27 879 78 
1 27 
1 27 
1 27 
2 27 1167 
1 27 
1 27 
2 1314 27 
1 28 
1 28 
2 28 579 
2 28 2682 
1 28 
2 28 2508 
1 28 
1 28 
1 28 
2 28 1657 
2 28 1819 
1 28 
2 28 851 
1 28 
1 28 
2 29 2205 
1 29 
2 29 2035 
1 29 
1 29 
2 29 2679 
1 29 
1 29 
1 29 
2 29 2384 
1 29 
1 29 
1 29 
1 29 
2 346 29 
1 29 
2 30 273 
2 30 406 
2 30 150 
2 30 61 
1 30 
2 30 1612 
3 1524 30 274 
1 30 
2 30 2035 
1 30 
3 540 30 2604 
1 30 
4 486 30 1389 174 
2 855 30 
2 30 1322 
1 30 
1 30 
2 30 1856 
2 99 30 
2 30 1250 
1 30 
2 1936 30 
1 30 
2 31 1607 
1 31 
1 31 
2 986 31 
1 31 
2 31 758 
2 1753 31 
1 31 
2 31 142 
1 31 
2 1909 31 
1 31 
1 31 
1 31 
2 771 31 
4 1247 31 1452 1862 
1 31 
2 31 1403 
1 31 
1 31 
1 32 
1 32 
1 32 
3 1039 32 651 
2 1199 32 
2 32 898 
1 32 
1 32 
1 32 
1 32 
2 326 32 
1 32 
3 2202 32 476 
1 32 
1 32 
1 32 
2 266 32 
1 32 
1 32 
2 32 1421 
1 32 
2 32 501 
2 32 2109 
1 32 
1 32 
1 32 
2 32 2596 
1 32 
1 33 
1 33 
1 33 
1 33 
1 33 
2 33 1631 
1 33 
1 33 
2 33 2678 
1 33 
1 33 
3 615 2412 33 
1 33 
1 33 
2 1330 33 
1 33 
1 33 
1 33 
1 33 
2 1343 33 
1 33 
3 1713 34 2073 
3 2292 34 757 
1 34 
1 34 
1 34 
1 34 
1 34 
2 34 671 
2 2626 34 
1 34 
2 668 34 
2 34 1117 
2 34 1745 
1 34 
1 34 
2 34 1899 
1 34 
1 34 
1 34 
1 35 
1 35 
2 35 93 
1 35 
1 35 
2 35 910 
1 35 
1 35 
2 35 2641 
1 35 
1 35 
1 35 
1 35 
1 35 
2 35 2074 
1 35 
1 35 
1 35 
2 35 922 
1 35 
1 35 
2 35 132 
1 35 
1 35 
1 35 
2 35 303 
1 36 
2 36 2273 
2 36 389 
2 2215 36 
3 888 36 2532 
2 36 2633 
1 36 
2 1735 36 
1 36 
1 36 
2 1847 36 
1 36 
2 2567 36 
1 36 
1 36 
1 36 
2 36 1171 
1 36 
1 36 
1 36 
1 36 
1 36 
2 2001 36 
1 36 
2 269 36 
1 37 
2 998 37 
2 37 974 
1 37 
1 37 
1 37 
1 37 
1 37 
1 37 
1 37 
1 37 
3 931 37 1280 
2 2546 37 
1 37 
2 37 1232 
1 37 
1 37 
2 1736 38 
1 38 
2 38 951 
3 38 1298 2483 
2 38 2076 
2 1329 38 
1 38 
1 38 
1 38 
2 662 38 
2 597 38 
2 1026 38 
1 38 
2 1161 38 
1 38 
1 38 
2 1327 38 
1 38 
2 38 1210 
1 38 
1 38 
1 38 
2 2026 39 
4 1613 39 2591 606 
2 39 1182 
1 39 
1 39 
1 39 
1 39 
1 39 
2 39 1610 
1 39 
2 39 1595 
1 39 
1 39 
1 39 
1 39 
1 39 
2 1375 39 
2 1998 39 
2 2484 39 
2 266 39 
1 39 
1 39 
2 2583 39 
1 39 
1 39 
2 1247 39 
1 39 
2 2453 39 
1 40 
1 40 
1 40 
2 40 1485 
1 40 
1 40 
4 2568 2291 40 2210 
2 40 1280 
3 40 2658 1996 
1 40 
1 40 
2 121 40 
3 1525 1105 40 
1 40 
2 40 912 
2 1999 40 
2 2569 41 
1 41 
1 41 
1 41 
2 41 2174 
1 41 
2 1970 41 
2 353 41 
2 399 41 
1 41 
1 41 
1 41 
1 41 
3 2438 364 41 
1 41 
1 41 
3 1314 1159 41 
1 41 
1 41 
1 41 
2 445 42 
2 1465 42 
2 42 344 
1 42 
2 1436 42 
1 42 
1 42 
1 42 
2 2438 42 
1 42 
1 42 
2 42 2597 
1 42 
1 42 
1 42 
2 1737 42 
1 42 
2 42 550 
2 1870 42 
1 42 
2 2430 42 
2 582 43 
1 43 
1 43 
2 2121 43 
1 43 
1 43 
1 43 
1 43 
1 43 
2 2342 43 
2 883 43 
1 43 
1 43 
1 43 
1 44 
3 1938 2362 44 
2 1000 44 
1 44 
1 44 
2 442 44 
1 44 
1 44 
2 1319 44 
2 119 44 
2 530 44 
1 44 
3 1061 2189 44 
1 44 
2 865 44 
1 44 
2 2552 44 
1 44 
3 1492 961 45 
4 710 1003 93 45 
1 45 
2 1503 45 
1 45 
1 45 
1 45 
1 45 
2 2700 45 
1 45 
2 957 45 
2 617 45 
1 45 
1 45 
1 45 
1 46 
3 437 508 46 
1 46 
3 46 1590 242 
2 46 1716 
1 46 
1 46 
1 46 
4 46 2253 685 406 
3 2214 46 135 
2 46 812 
2 46 1094 
1 46 
1 47 
2 47 1730 
4 47 2599 1616 1027 
2 47 2373 
1 47 
1 47 
1 47 
2 47 698 
1 47 
1 47 
2 48 1769 
1 48 
1 48 
1 48 
1 48 
2 48 943 
3 1375 48 742 
1 48 
1 48 
2 48 1509 
1 48 
2 48 1396 
1 48 
1 48 
1 48 
1 48 
3 1489 48 365 
1 48 
3 48 930 2635 
1 48 
1 48 
1 49 
2 49 2385 
2 49 2069 
1 49 
1 49 
2 750 49 
2 49 1204 
2 49 1611 
2 49 332 
1 49 
1 49 
3 49 1425 897 
2 49 1315 
2 49 1514 
1 49 
3 887 49 2446 
3 1660 50 2661 
2 50 2405 
1 50 
2 50 1139 
1 50 
2 2179 50 
2 50 1033 
2 50 1874 
1 50 
1 50 
2 50 86 
1 50 
2 733 50 
1 50 
2 1417 50 
1 50 
1 50 
1 50 
1 50 
1 50 
2 50 2475 
3 50 1112 135 
2 50 1186 
2 50 387 
2 595 51 
1 51 
3 266 51 1454 
2 51 2492 
2 51 1718 
2 51 1626 
2 51 1464 
1 51 
2 51 1229 
1 51 
1 51 
2 51 1978 
3 732 51 1923 
2 51 1914 
2 871 51 
1 51 
1 51 
2 888 51 
2 51 1179 
2 1539 51 
1 51 
2 51 1588 
1 51 
2 51 1340 
1 51 
1 51 
1 51 
1 52 
1 52 
1 52 
1 52 
1 52 
1 52 
1 52 
2 52 1138 
2 52 1486 
1 52 
1 52 
1 52 
1 52 
2 52 759 
4 917 464 52 1677 
1 52 
1 52 
2 52 1955 
1 52 
1 52 
3 968 52 2291 
1 52 
2 52 1970 
1 52 
2 1598 52 
2 52 2398 
4 1325 615 53 1551 
1 53 
1 53 
2 53 427 
3 2235 53 2278 
2 2307 53 
1 53 
1 53 
1 53 
2 53 1693 
1 53 
1 53 
1 53 
1 53 
1 53 
1 53 
2 2135 53 
1 53 
3 71 53 2420 
1 54 
1 54 
1 54 
3 54 881 358 
1 54 
1 54 
1 54 
1 54 
1 54 
1 54 
1 54 
1 54 
2 2197 54 
2 54 2612 
2 54 1494 
1 54 
3 1888 54 1205 
2 54 1672 
3 54 2575 1677 
1 54 
1 54 
1 54 
1 55 
1 55 
2 55 2541 
1 55 
1 55 
1 55 
2 55 1484 
2 1935 55 
1 55 
1 55 
2 1473 55 
1 55 
1 55 
1 55 
2 55 913 
2 55 1896 
2 56 2696 
2 56 1410 
3 56 2300 2541 
3 1581 56 1575 
1 56 
1 56 
1 56 
1 56 
1 56 
3 56 810 1235 
2 56 2375 
2 56 2542 
2 56 2123 
1 56 
1 57 
3 57 1298 159 
2 57 983 
1 57 
2 57 2677 
1 57 
1 57 
2 57 672 
3 57 1761 2299 
1 57 
2 1160 57 
1 57 
2 57 1256 
1 57 
3 57 1357 1454 
1 57 
1 57 
2 57 2210 
1 57 
1 58 
2 206 58 
1 58 
2 1151 58 
1 58 
2 2016 58 
2 58 2513 
1 58 
3 1906 58 1572 
3 1020 396 58 
3 965 376 58 
2 2267 58 
1 58 
1 58 
1 58 
1 58 
2 1347 58 
2 58 212 
1 58 
1 58 
3 58 2496 300 
1 58 
2 1132 59 
1 59 
3 2160 59 303 
2 59 1337 
1 59 
1 59 
2 2016 59 
2 312 59 
2 59 830 
2 59 1120 
2 59 761 
1 59 
1 59 
1 59 
1 59 
1 59 
2 59 534 
3 59 1529 2258 
2 59 1924 
2 59 201 
2 59 722 
1 59 
1 60 
1 60 
2 2630 60 
1 60 
1 60 
2 2189 60 
3 1004 60 94 
1 60 
1 60 
2 772 60 
1 60 
1 60 
2 60 2404 
2 60 984 
1 60 
1 60 
1 60 
1 60 
1 60 
1 60 
1 61 
1 61 
1 61 
1 61 
1 61 
1 61 
2 616 61 
1 61 
1 61 
1 61 
1 61 
3 952 61 2079 
2 1074 61 
2 61 2196 
1 61 
2 236 61 
1 61 
2 61 766 
2 61 1679 
1 61 
1 61 
2 61 2279 
1 61 
1 61 
2 427 62 
1 62 
2 2138 62 
1 62 
2 2076 62 
1 62 
1 62 
1 62 
1 62 
1 62 
1 62 
1 62 
3 994 2084 62 
1 62 
1 62 
3 1983 62 745 
2 2496 62 
1 62 
2 1105 62 
1 63 
1 63 
3 519 2121 63 
1 63 
1 63 
1 63 
1 63 
3 1349 1656 63 
1 63 
1 63 
2 2689 63 
3 607 63 795 
1 63 
1 63 
3 588 63 2514 
1 63 
1 63 
2 437 63 
1 63 
2 2106 63 
2 1122 63 
1 63 
1 63 
2 1960 63 
1 63 
2 2562 63 
1 63 
1 63 
1 63 
2 63 1811 
2 63 1673 
1 63 
1 64 
1 64 
1 64 
1 64 
4 2648 1388 64 506 
1 64 
2 1909 64 
1 64 
1 64 
1 64 
1 64 
1 64 
4 425 805 742 64 
1 64 
2 2314 64 
1 65 
2 2588 65 
1 65 
2 1619 65 
2 406 65 
1 65 
1 65 
1 65 
1 65 
2 65 1634 
1 65 
1 65 
2 2686 65 
1 65 
1 65 
3 751 1111 65 
1 65 
2 334 65 
1 65 
1 65 
1 65 
1 65 
2 1893 65 
1 65 
1 65 
1 65 
1 65 
1 65 
2 2051 65 
2 2023 65 
2 65 358 
3 830 66 537 
2 66 958 
1 66 
3 345 1894 66 
1 66 
2 877 66 
1 66 
1 66 
2 583 66 
1 66 
2 1667 67 
2 1039 67 
1 67 
2 764 67 
1 67 
2 753 67 
3 443 654 67 
1 67 
1 67 
2 67 223 
2 1498 67 
1 67 
1 67 
2 1154 67 
1 67 
3 1855 2208 67 
4 1538 2085 1009 67 
1 67 
1 68 
2 659 68 
1 68 
2 1725 68 
2 2493 68 
3 1617 1145 68 
1 68 
2 1243 68 
1 68 
1 68 
1 68 
1 68 
3 495 2259 68 
2 208 68 
1 68 
2 1124 68 
3 1510 2042 68 
1 68 
2 1430 68 
1 68 
1 69 
1 69 
1 69 
1 69 
1 69 
1 69 
1 69 
2 2699 69 
1 69 
2 1960 69 
1 69 
1 69 
1 69 
3 70 931 786 
2 70 212 
1 70 
2 70 2064 
1 70 
1 70 
1 70 
1 70 
1 70 
1 70 
1 70 
1 70 
1 70 
2 70 1272 
2 70 581 
1 70 
2 70 2028 
1 70 
2 70 261 
1 70 
1 70 
2 70 936 
1 70 
3 70 2549 332 
2 71 2236 
1 71 
1 71 
1 71 
2 71 609 
1 71 
1 71 
1 71 
1 71 
2 71 2360 
1 71 
5 2305 1097 229 71 302 
3 71 467 1632 
1 71 
1 71 
1 71 
1 71 
3 71 2438 499 
3 2252 72 976 
2 72 156 
1 72 
1 72 
2 72 631 
1 72 
3 2253 72 2259 
2 72 1465 
2 72 957 
1 72 
1 72 
2 72 1832 
1 72 
3 72 2402 1360 
1 72 
2 72 397 
3 1774 72 1788 
2 72 2637 
1 73 
2 838 73 
1 73 
1 73 
1 73 
1 73 
1 73 
1 73 
1 73 
1 73 
2 1539 73 
1 73 
3 425 73 478 
1 73 
2 73 2693 
1 73 
1 73 
2 73 607 
1 73 
5 988 2393 1506 73 1124 
1 74 
1 74 
1 74 
1 74 
2 1982 74 
1 74 
3 74 1783 83 
1 74 
2 74 1951 
2 992 74 
4 835 74 1424 2670 
1 74 
1 75 
1 75 
1 75 
1 75 
1 75 
1 75 
2 75 1090 
1 75 
3 525 75 409 
1 75 
1 75 
1 75 
1 75 
2 2485 75 
1 75 
1 75 
1 75 
3 2061 1086 75 
2 75 801 
2 1021 75 
1 75 
1 75 
3 76 1837 941 
1 76 
1 76 
2 887 76 
2 1869 76 
2 76 1072 
2 396 76 
1 76 
1 76 
3 76 1334 1576 
1 76 
1 76 
1 76 
2 1887 77 
2 890 77 
1 77 
2 414 77 
3 2250 77 1454 
1 77 
1 77 
2 77 934 
3 2001 77 1358 
1 77 
1 77 
1 77 
2 77 959 
1 77 
1 77 
1 78 
1 78 
1 78 
2 1758 78 
1 78 
1 78 
1 78 
2 575 78 
2 810 78 
1 78 
1 78 
1 78 
2 78 1168 
1 78 
1 78 
1 78 
1 78 
1 78 
1 79 
1 79 
2 2308 79 
3 79 1952 1340 
3 1445 1005 79 
1 79 
1 79 
2 1698 79 
1 79 
1 79 
1 79 
1 79 
1 79 
2 79 1827 
1 79 
1 79 
2 1039 79 
2 2066 79 
1 79 
1 79 
2 2610 79 
1 80 
3 1580 2198 80 
2 2072 80 
1 80 
1 80 
1 80 
1 80 
2 80 2320 
2 212 80 
1 80 
1 80 
1 80 
1 80 
2 80 2243 
1 80 
1 80 
2 1137 80 
1 80 
1 80 
2 1099 80 
2 80 1498 
1 81 
1 81 
1 81 
2 1557 81 
2 1099 81 
1 81 
2 1962 81 
1 81 
1 81 
1 81 
2 2369 81 
3 1007 81 82 
1 81 
2 905 81 
1 81 
2 102 81 
2 486 81 
1 81 
2 780 81 
1 81 
2 371 82 
4 2167 2536 82 1037 
2 2076 82 
1 82 
2 1727 82 
1 82 
1 82 
1 82 
1 82 
1 82 
2 592 82 
1 82 
1 82 
2 778 82 
2 953 82 
2 574 82 
2 771 83 
1 83 
1 83 
2 917 83 
2 1347 83 
1 83 
3 1286 83 2387 
3 1638 242 83 
2 2095 83 
1 83 
1 83 
1 83 
1 83 
2 991 83 
1 83 
1 83 
1 83 
1 83 
2 645 83 
2 1411 83 
1 83 
3 1292 1949 83 
1 83 
2 2670 84 
1 84 
3 1620 2055 84 
2 1806 84 
1 84 
2 112 84 
1 84 
1 84 
1 84 
1 84 
2 182 84 
1 84 
1 84 
1 84 
2 84 2623 
3 2110 141 84 
1 84 
1 84 
1 84 
1 84 
2 1243 84 
2 547 84 
1 84 
3 2575 2213 85 
3 962 2089 85 
1 85 
1 85 
1 85 
1 85 
1 85 
1 85 
2 1324 85 
1 85 
1 85 
1 85 
1 85 
2 1075 85 
2 85 1266 
2 521 85 
1 85 
1 85 
3 1027 1076 85 
1 85 
2 1211 85 
1 85 
1 86 
1 86 
1 86 
1 86 
1 86 
2 2326 86 
1 86 
1 86 
2 2426 86 
1 86 
1 86 
1 86 
2 1048 86 
1 86 
2 1935 86 
1 86 
1 86 
3 1542 356 86 
1 86 
1 86 
1 86 
1 86 
1 86 
2 86 484 
1 86 
1 86 
1 86 
1 86 
1 86 
2 87 2528 
1 87 
2 2464 87 
3 661 87 2679 
2 87 2071 
1 87 
2 87 906 
1 87 
3 1882 87 990 
2 87 373 
2 87 2191 
3 87 2117 2535 
1 87 
1 87 
1 87 
3 87 1345 2221 
1 87 
2 87 1601 
1 87 
2 371 87 
3 916 87 2280 
3 2369 1754 88 
2 88 2539 
1 88 
1 88 
2 713 88 
2 748 88 
2 88 849 
2 88 1860 
2 88 483 
1 88 
1 88 
1 88 
1 88 
1 88 
2 88 673 
1 88 
1 88 
2 1986 88 
1 88 
2 428 89 
2 89 370 
1 89 
2 598 89 
2 1731 89 
1 89 
1 89 
1 89 
2 1520 89 
2 2165 89 
1 89 
2 89 1118 
1 89 
2 89 195 
1 89 
1 89 
2 444 89 
1 89 
1 89 
2 925 89 
1 89 
1 90 
1 90 
2 312 90 
2 90 1433 
1 90 
1 90 
2 90 2699 
1 90 
1 90 
2 90 2631 
1 90 
1 90 
3 1461 90 1855 
1 90 
2 90 317 
1 90 
1 90 
2 90 1433 
1 90 
1 90 
1 90 
1 91 
2 91 2639 
1 91 
1 91 
1 91 
1 91 
1 91 
1 91 
2 91 2376 
1 91 
1 91 
2 325 91 
1 91 
2 1822 91 
2 1639 91 
2 373 91 
2 91 1994 
1 91 
1 91 
2 91 1265 
1 91 
1 92 
1 92 
1 92 
1 92 
3 450 499 92 
2 497 92 
2 92 548 
1 92 
1 92 
3 92 2637 1805 
1 92 
1 92 
1 92 
1 92 
2 1548 92 
1 93 
1 93 
1 93 
1 93 
3 2648 93 1428 
2 2349 93 
1 93 
2 391 93 
1 93 
2 1489 93 
1 93 
1 93 
2 94 2659 
2 94 1926 
1 94 
1 94 
1 94 
1 94 
1 94 
2 716 94 
3 2226 94 2698 
1 94 
2 2316 94 
1 94 
2 2401 94 
1 94 
2 2026 94 
3 1783 94 1339 
2 586 94 
1 94 
1 94 
1 94 
2 1738 94 
1 94 
2 94 607 
1 94 
1 95 
1 95 
1 95 
1 95 
2 299 95 
2 1493 95 
2 852 95 
1 95 
1 95 
1 95 
2 969 95 
1 95 
1 95 
1 95 
1 95 
1 95 
1 95 
2 328 95 
2 1718 96 
2 2463 96 
1 96 
1 96 
2 2392 96 
2 1502 96 
2 1074 96 
1 96 
1 96 
1 96 
3 2258 2657 96 
2 1305 96 
2 1317 96 
2 2397 96 
2 96 1095 
1 96 
1 96 
4 393 2525 676 96 
1 96 
1 96 
2 2223 96 
1 96 
1 96 
1 96 
2 1137 97 
2 2651 97 
2 2260 97 
4 602 1274 276 97 
1 97 
1 97 
1 97 
1 97 
2 999 97 
1 97 
1 97 
1 97 
1 97 
1 97 
4 204 404 432 97 
1 97 
2 212 97 
2 998 97 
2 1169 97 
1 97 
2 1841 97 
1 97 
1 97 
1 97 
1 97 
1 97 
1 97 
1 98 
1 98 
3 98 1087 1695 
2 98 590 
1 98 
3 98 870 2198 
1 98 
1 98 
1 98 
1 98 
1 98 
1 98 
1 98 
1 98 
2 98 183 
3 98 2318 2387 
2 98 1634 
2 98 2641 
2 98 1463 
2 98 1538 
1 98 
1 98 
2 98 1030 
1 99 
1 99 
1 99 
1 99 
3 99 1371 1259 
1 99 
2 99 1583 
1 99 
2 99 2321 
2 99 2500 
1 99 
1 99 
2 99 2216 
1 99 
3 99 820 1035 
1 99 
1 99 
1 99 
1 99 
1 99 
1 99 
1 99 
3 99 997 412 
1 99 
1 99 
1 100 
2 100 1459 
2 100 1232 
1 100 
1 100 
2 100 1748 
1 100 
1 100 
2 100 2183 
1 100 
1 100 
1 100 
1 100 
2 100 1808 
1 100 
2 100 806 
1 101 
2 101 787 
2 101 813 
1 101 
3 101 1510 728 
1 101 
1 101 
1 101 
1 101 
2 101 381 
1 101 
1 101 
1 101 
1 101 
1 101 
1 101 
1 101 
1 101 
1 102 
3 102 1157 1134 
1 102 
1 102 
1 102 
2 102 452 
3 2216 102 2405 
1 102 
2 102 1312 
1 102 
1 102 
3 770 102 1854 
1 102 
2 102 1391 
1 102 
2 102 2321 
2 102 220 
1 102 
1 102 
1 102 
3 102 555 577 
1 102 
1 102 
1 102 
1 102 
1 102 
2 2324 102 
2 102 1358 
1 102 
1 102 
1 103 
1 103 
1 103 
1 103 
2 103 425 
1 103 
2 103 1311 
1 103 
2 2487 103 
1 103 
2 1638 103 
1 103 
1 103 
2 104 2612 
1 104 
1 104 
2 104 1484 
1 104 
1 104 
2 1378 104 
1 104 
2 104 1552 
2 104 2697 
2 104 231 
2 104 948 
1 104 
2 1714 104 
2 1558 104 
2 661 104 
2 104 694 
1 104 
4 104 752 1221 1599 
1 104 
2 104 2137 
2 104 1204 
1 105 
2 105 2089 
1 105 
1 105 
3 105 1229 2126 
2 105 1340 
1 105 
2 105 2096 
1 105 
4 1660 2081 105 2226 
1 105 
1 105 
2 105 2210 
2 105 2490 
1 105 
2 105 1621 
2 105 2087 
1 105 
1 105 
3 105 239 260 
2 105 2274 
1 105 
1 105 
1 106 
1 106 
2 106 255 
2 106 1255 
1 106 
1 106 
2 106 634 
3 523 107 1651 
2 308 107 
2 392 107 
1 107 
2 107 2575 
1 107 
1 107 
2 107 1721 
1 107 
1 107 
1 107 
3 1238 858 107 
2 107 2146 
2 107 1108 
1 107 
1 107 
2 2084 107 
1 107 
1 107 
1 107 
1 107 
1 107 
1 107 
1 108 
2 108 174 
2 108 1055 
1 108 
2 108 2078 
3 1219 108 2542 
1 108 
1 108 
1 108 
1 108 
2 2662 108 
1 108 
1 108 
3 108 2122 2147 
3 108 2523 2146 
1 108 
1 108 
1 108 
1 108 
1 108 
1 108 
1 109 
1 109 
1 109 
1 109 
1 109 
1 109 
3 1153 109 2193 
1 109 
1 109 
3 468 109 2272 
1 109 
3 443 109 1759 
1 109 
2 1598 109 
1 109 
1 109 
1 109 
2 109 2261 
1 109 
1 109 
2 818 109 
1 109 
1 109 
1 110 
1 110 
2 967 110 
1 110 
1 110 
1 110 
2 110 1989 
1 110 
2 2631 110 
1 110 
2 2450 110 
1 110 
3 1178 110 881 
1 110 
2 1720 110 
1 110 
3 2160 110 2207 
1 110 
1 110 
2 1206 110 
2 1070 111 
3 1557 1938 111 
1 111 
3 361 111 483 
1 111 
2 624 111 
1 111 
1 111 
2 553 111 
1 111 
2 111 2193 
2 111 1339 
1 111 
5 2092 804 111 355 1127 
1 111 
1 111 
2 1659 111 
2 112 911 
2 709 112 
3 2021 1968 112 
2 112 2680 
1 112 
1 112 
1 112 
2 112 1725 
1 112 
2 112 1902 
1 112 
1 112 
3 1848 2089 112 
1 112 
1 112 
1 112 
1 113 
1 113 
1 113 
1 113 
2 113 242 
2 1043 113 
2 1399 113 
2 2684 113 
1 113 
1 113 
1 113 
1 113 
1 113 
3 1569 2384 113 
1 113 
1 113 
1 113 
1 114 
3 509 470 114 
1 114 
2 1506 114 
1 114 
2 1417 114 
3 1423 910 114 
1 114 
1 114 
1 114 
1 114 
3 1892 1168 114 
3 1423 1354 114 
2 1908 114 
2 2171 114 
1 114 
1 114 
1 114 
1 115 
2 463 115 
2 1140 115 
1 115 
1 115 
1 115 
2 2377 115 
2 2163 115 
2 707 115 
2 2100 115 
1 115 
1 115 
1 115 
2 1043 115 
2 1214 115 
2 1730 115 
2 281 115 
1 115 
1 115 
1 115 
1 115 
1 115 
3 372 423 116 
1 116 
1 116 
2 399 116 
3 804 1033 116 
2 662 116 
1 116 
1 116 
1 116 
1 116 
2 2403 116 
1 116 
2 1118 116 
2 1098 116 
1 116 
1 116 
1 116 
1 116 
2 117 1410 
1 117 
2 117 1044 
2 117 1537 
1 117 
1 117 
1 117 
1 117 
1 117 
2 117 1282 
1 117 
2 117 1850 
1 117 
2 117 1948 
1 117 
2 117 1563 
3 117 1964 2030 
1 117 
1 117 
2 118 2041 
2 118 361 
3 118 1686 2531 
1 118 
1 118 
1 118 
1 118 
1 118 
1 118 
1 118 
1 118 
1 118 
1 118 
1 118 
1 118 
1 119 
1 119 
2 119 2503 
3 304 119 864 
1 119 
1 119 
1 119 
1 119 
1 119 
2 119 462 
2 119 1833 
1 119 
1 119 
1 119 
1 119 
1 119 
1 119 
1 119 
1 119 
1 119 
1 119 
2 119 1408 
1 119 
2 119 870 
1 119 
1 119 
1 119 
2 120 314 
1 120 
1 120 
3 1731 120 1587 
1 120 
2 281 120 
1 120 
2 918 120 
1 120 
2 120 1106 
2 120 1800 
2 120 2271 
1 120 
1 120 
1 120 
1 120 
1 120 
1 120 
3 120 562 2243 
2 120 947 
1 120 
4 120 1619 340 1948 
2 120 124 
1 120 
1 121 
1 121 
2 1886 121 
2 121 1454 
1 121 
1 121 
1 121 
2 121 1895 
2 121 1038 
1 121 
1 121 
2 121 1852 
2 121 1430 
3 121 2297 222 
2 121 1185 
3 963 121 2021 
1 121 
1 121 
1 122 
1 122 
1 122 
1 122 
2 122 651 
2 122 513 
1 122 
1 122 
1 122 
1 122 
3 122 147 2512 
1 122 
3 202 122 1057 
1 122 
1 122 
1 122 
1 122 
1 122 
2 1689 122 
1 122 
1 122 
1 123 
2 123 854 
1 123 
1 123 
1 123 
1 123 
1 123 
1 123 
1 123 
4 842 123 827 1416 
1 123 
1 123 
1 123 
1 123 
1 123 
1 123 
1 123 
2 123 961 
1 123 
1 123 
1 124 
4 467 2603 2187 124 
1 124 
1 124 
2 124 797 
1 124 
2 124 2460 
1 124 
1 124 
1 124 
2 360 124 
2 124 2455 
1 125 
1 125 
2 1883 125 
2 1712 125 
1 125 
1 125 
2 125 2623 
1 125 
1 125 
1 125 
1 125 
1 125 
1 125 
1 125 
2 125 982 
1 125 
1 125 
1 125 
1 125 
1 125 
1 125 
1 125 
2 751 125 
2 126 788 
2 1480 126 
1 126 
2 126 2053 
1 126 
1 126 
2 2093 126 
1 126 
2 989 126 
2 1346 126 
1 126 
2 206 126 
3 126 1233 1149 
2 269 126 
1 126 
3 391 126 2633 
2 1965 126 
1 127 
1 127 
2 2341 127 
1 127 
1 127 
2 127 339 
1 127 
2 543 127 
1 127 
1 127 
1 127 
2 2418 127 
2 1135 127 
2 1250 127 
1 127 
1 127 
1 128 
1 128 
1 128 
1 128 
1 128 
1 128 
2 2147 128 
1 128 
2 1899 128 
1 128 
1 128 
2 1710 128 
1 128 
1 128 
3 359 2326 128 
2 710 128 
1 128 
1 128 
2 1721 128 
2 1598 128 
2 2603 128 
1 128 
2 1732 128 
1 128 
3 1098 1082 128 
3 2138 128 1107 
1 128 
1 129 
1 129 
2 129 743 
1 129 
1 129 
2 129 1398 
1 129 
1 129 
2 129 885 
1 129 
1 129 
1 129 
1 129 
1 129 
1 129 
1 129 
1 129 
1 129 
2 129 1261 
1 129 
1 129 
1 129 
1 129 
2 718 130 
2 804 130 
2 814 130 
2 264 130 
1 130 
2 183 130 
1 130 
2 522 130 
4 1659 2114 1076 130 
1 130 
1 130 
1 130 
1 131 
1 131 
1 131 
1 131 
2 792 131 
1 131 
1 131 
1 131 
1 131 
2 1284 131 
2 392 131 
1 131 
2 771 131 
1 131 
1 131 
1 131 
1 131 
2 131 638 
3 208 845 131 
1 132 
2 917 132 
1 132 
1 132 
1 132 
3 2450 2537 132 
2 579 132 
2 366 132 
1 132 
1 132 
1 132 
1 132 
2 1555 132 
1 132 
3 2058 1071 132 
1 132 
1 132 
1 132 
1 132 
2 528 132 
1 132 
1 132 
1 132 
2 305 132 
2 2647 132 
3 2467 1650 132 
1 132 
1 133 
2 669 133 
1 133 
1 133 
1 133 
2 1175 133 
4 1780 2185 2638 133 
1 133 
3 711 133 2499 
1 133 
2 943 133 
1 133 
4 1822 133 134 1434 
2 2631 133 
2 1793 133 
1 133 
3 688 1950 133 
1 133 
1 133 
1 134 
1 134 
1 134 
2 2622 134 
3 1272 1832 134 
1 134 
1 134 
2 1907 134 
1 134 
1 134 
1 134 
1 134 
1 134 
2 1892 134 
2 806 134 
2 1840 134 
1 134 
2 962 134 
2 2143 135 
1 135 
1 135 
1 135 
1 135 
1 135 
1 135 
1 135 
3 1636 1465 135 
1 135 
1 135 
1 135 
1 135 
1 135 
1 135 
2 1114 135 
2 648 135 
3 1713 558 135 
2 2217 135 
1 135 
2 541 135 
1 136 
3 2237 477 136 
2 472 136 
2 1295 136 
1 136 
1 136 
2 1246 136 
2 513 136 
1 136 
1 136 
2 1449 136 
1 136 
1 136 
2 1096 136 
2 2067 136 
2 1848 136 
4 1777 1369 352 136 
2 895 137 
