27 2 3 4 5 6 7 8 9 10 11 12 13 14 15 16 17 18 19 20 21 22 23 24 25 26 27 28 
23 29 30 31 32 33 34 35 1 36 37 38 39 40 41 42 43 44 45 46 47 48 49 50 
21 51 52 53 54 55 56 1 57 58 59 60 61 62 63 64 65 66 67 68 69 70 
15 71 72 73 74 75 76 77 1 78 79 80 81 82 83 84 
23 85 86 87 88 89 90 91 1 92 93 94 95 96 97 98 99 100 101 102 103 104 105 106 
11 107 108 109 110 111 1 112 113 114 115 116 
23 117 118 119 120 1 121 122 123 124 125 126 127 128 129 130 131 132 133 134 135 136 137 138 
21 139 140 141 142 143 144 145 1 146 147 148 149 150 151 152 153 154 155 156 157 158 
18 159 160 161 162 163 164 165 1 166 167 168 169 170 171 172 173 174 175 
21 176 177 178 179 180 181 182 1 183 184 185 186 187 188 189 190 191 192 193 194 195 
26 196 197 198 199 200 201 202 203 1 204 205 206 207 208 209 210 211 212 213 214 215 216 217 218 219 220 
13 221 222 223 1 224 225 226 227 228 229 230 231 232 
27 233 234 235 236 237 238 239 240 241 1 242 243 244 245 246 247 248 249 250 251 252 253 254 255 256 257 258 
14 259 260 261 262 1 263 264 265 266 267 268 269 270 271 
24 272 273 274 275 276 277 278 279 280 1 281 282 283 284 285 286 287 288 289 290 291 292 293 294 
23 295 296 297 298 299 300 301 302 1 303 304 305 306 307 308 309 310 311 312 313 314 315 316 
27 317 318 319 320 321 322 323 324 325 1 326 327 328 329 330 331 332 333 334 335 336 337 338 339 340 341 342 
14 343 344 345 346 1 347 348 349 350 351 352 353 354 355 
22 356 357 358 359 360 361 362 363 364 365 366 1 367 368 369 370 371 372 373 374 375 376 
27 377 378 379 380 381 382 383 384 1 385 386 387 388 389 390 391 392 393 394 395 396 397 398 399 400 401 402 
22 403 404 405 406 407 408 409 410 1 411 412 413 414 415 416 417 418 419 420 421 422 423 
16 424 425 426 427 428 429 1 430 431 432 433 434 435 436 437 438 
18 439 440 441 442 443 444 445 446 447 1 448 449 450 451 452 453 454 455 
28 456 457 458 459 460 461 462 463 1 464 465 466 467 468 469 470 471 472 473 474 475 476 477 478 479 480 481 482 
21 483 484 485 486 487 1 488 489 490 491 492 493 494 495 496 497 498 499 500 501 502 
24 503 504 505 506 507 508 509 510 1 511 512 513 514 515 516 517 518 519 520 521 522 523 524 525 
20 526 527 528 529 1 530 531 532 533 534 535 536 537 538 539 540 541 542 543 544 
17 545 546 547 548 1 549 550 551 552 553 554 555 556 557 558 559 560 
15 2 561 562 563 564 565 566 567 568 569 254 570 571 572 573 
21 2 574 575 576 577 578 579 580 581 582 583 584 585 586 587 588 589 590 591 592 593 
17 2 594 595 596 597 598 599 600 601 602 603 604 605 606 607 608 609 
29 2 610 611 612 613 614 615 616 617 618 619 620 621 622 623 624 625 626 627 628 629 630 631 68 632 633 634 635 636 
11 2 637 638 639 640 641 642 643 644 645 646 
24 2 647 648 649 650 651 652 653 654 655 656 657 658 659 660 661 662 663 664 665 666 667 668 669 
27 2 670 671 672 673 674 675 676 677 678 679 680 681 682 683 684 685 686 687 688 689 690 691 692 693 694 695 
27 2 696 697 698 699 700 701 702 703 704 705 706 707 708 709 710 711 712 713 714 715 716 717 718 719 720 721 
29 2 722 723 724 725 726 727 728 729 730 731 732 733 734 735 736 737 738 739 740 741 742 743 744 745 746 747 748 749 
18 2 750 751 752 753 754 755 756 757 758 759 760 761 762 763 764 765 766 
27 2 767 768 769 770 771 772 773 774 775 776 777 778 779 780 781 782 783 784 785 786 787 788 789 790 791 792 
32 2 793 794 795 796 797 798 799 800 801 802 803 804 805 806 807 808 809 810 811 812 813 814 815 816 817 818 819 820 821 822 823 
15 2 824 825 826 827 828 829 830 831 832 833 834 835 836 837 
19 2 838 839 840 841 842 843 844 56 845 846 847 848 849 850 851 852 105 853 
18 2 854 855 856 857 858 859 860 861 862 863 864 865 866 867 868 869 870 
22 2 871 872 873 874 875 876 877 878 879 880 881 882 883 884 885 886 887 888 889 890 891 
18 2 892 893 894 895 896 897 898 899 900 901 902 903 904 905 906 907 908 
14 2 909 910 911 912 913 914 915 916 917 918 919 920 921 
22 2 922 923 924 925 926 927 928 929 930 931 932 933 934 935 936 937 938 939 940 941 942 
31 2 943 944 945 946 947 948 949 950 951 952 953 954 955 956 957 958 959 960 961 962 963 964 965 966 967 968 969 970 971 972 
28 2 973 974 975 976 977 978 979 980 981 982 983 984 985 986 987 988 989 990 991 992 993 994 995 996 997 998 999 
21 2 1000 1001 1002 1003 1004 1005 1006 1007 1008 1009 1010 1011 1012 1013 1014 1015 1016 1017 1018 1019 
21 1020 3 1021 1022 1023 1024 1025 1026 1027 1028 1029 1030 1031 1032 1033 1034 1035 1036 1037 1038 1039 
26 1040 3 1041 1042 1043 1044 1045 1046 1047 1048 1049 1050 1051 1052 1053 1054 1055 1056 1057 1058 1059 1060 1061 1062 1063 1064 
16 3 1065 1066 1067 1068 1069 1070 1071 1072 1073 1074 1075 1076 1077 1078 1079 
13 1080 3 1081 1082 1083 1084 1085 1086 1087 1088 1089 1090 1091 
22 3 1092 1093 1094 1095 1096 1097 1098 1099 1100 1101 1102 1103 1104 1105 1106 1107 1108 1109 1110 1111 1112 
28 1113 3 1114 1115 1116 1117 1118 1119 1120 1121 1122 1123 1124 1125 1126 1127 1128 42 1129 1130 1131 1132 1133 1134 1135 1136 1137 1138 
16 3 1139 1140 1141 1142 1143 1144 1145 1146 1147 1148 1149 1150 1151 1152 1153 
17 1154 3 1155 1156 1157 1158 1159 1160 1161 1162 1163 1164 1165 1166 1167 1168 1169 
29 1170 1171 3 1172 1173 1174 1175 1176 1177 1178 1179 1180 1181 1182 1183 1184 1185 1186 1187 1188 1189 1190 1191 1192 1193 1194 1195 1196 1197 
15 1198 3 1199 1200 1201 1202 1203 1204 1205 1206 1207 1208 1209 1210 1211 
21 3 1212 1213 1214 1215 1216 1217 1218 1219 1220 1221 1222 1223 1224 1225 1226 1227 1228 1229 1230 1231 
25 1232 1233 3 1234 1235 1236 1237 1238 1239 1240 1241 1242 1243 1244 1245 1246 1247 1248 1249 1250 1251 1252 543 1253 1254 
24 1255 3 1256 1257 1258 1259 1260 1261 1262 1263 1264 1265 1266 1267 1268 1269 1270 1271 1272 1273 1274 1275 1276 1277 
25 1278 1279 3 1280 1065 1281 1282 1283 1284 1285 1286 1287 1288 1289 1290 1291 1292 1293 1294 1295 1296 1297 1298 1299 1300 
23 1301 1302 1303 3 1304 1305 1306 1307 1308 1309 1310 1311 1312 1313 1314 1315 1316 1317 1318 1319 1320 1321 1322 
29 1323 1324 3 1325 1326 1327 1328 1329 1330 1331 1332 1333 1334 1335 1336 1337 1338 1339 1340 1341 1342 1343 1344 1345 1346 452 1347 1348 1349 
22 1350 3 1351 1352 1353 1354 1355 1356 1357 1358 1359 1360 1361 1362 1363 1364 1365 1366 1367 1368 1369 1370 
25 3 1371 1372 32 1373 1374 1375 1376 1377 1378 1379 1380 1381 1382 1383 1384 1385 1228 1386 1387 1388 1389 1390 1391 1392 
24 3 1393 1394 1395 1396 1397 1398 1399 1400 1401 1402 1403 1404 1405 1406 1407 1408 1409 1410 1411 1412 1413 1414 1415 
19 1416 3 1417 1418 1419 1420 1421 1422 1423 1424 1425 1426 1427 1428 1429 1430 1431 1432 1433 
21 1434 1435 4 1436 1437 1438 1439 1440 1441 1442 1443 1444 1445 1446 1447 1448 1449 1450 1451 1452 1453 
20 1454 1455 1456 1457 1458 1459 4 1460 1461 1462 1463 1464 1465 1466 1467 1468 1469 1470 1471 1472 
26 1473 1474 1475 4 1476 1477 1478 1479 1480 1481 1482 1483 1484 1485 1486 1487 190 1488 1489 1490 1491 1492 1493 1494 1495 1496 
16 1497 1498 1499 1500 4 1501 1502 1503 1504 1505 1506 1507 1508 1509 1510 1511 
23 1512 1513 4 1514 1515 1516 1517 1518 1519 1520 1521 1522 1523 1524 1525 1526 1527 1528 1529 1530 1531 1532 1533 
25 1534 1535 4 1536 1537 1538 1539 1540 1541 1542 1543 1544 1545 1546 1547 1548 1549 1550 1551 1552 1553 1554 1555 1556 1557 
28 1558 1559 1560 4 1561 1562 1563 1564 1565 1566 1567 1568 1569 1570 1571 1572 1573 1574 1575 1576 1577 1578 1579 1580 1581 1582 1583 1584 
20 1585 1586 1587 4 1588 1589 1590 1591 1592 1593 1594 1595 1596 1597 1598 1599 1600 1601 1602 1603 
25 1604 1605 1606 1607 1608 4 1609 1610 1611 1612 1613 1614 1615 1616 1617 1618 1619 1620 1621 1622 1623 1624 1625 1626 1627 
21 1628 1629 1630 1631 4 1632 1633 1634 1635 1636 1637 1638 1639 1640 1641 1642 1643 1644 1645 1646 1647 
15 1648 4 1649 1650 1651 1652 1653 1654 1655 1656 1657 1658 1659 1660 1661 
16 1662 1663 1664 1665 4 1666 1667 1668 1669 1670 1671 1672 1673 1674 1675 1676 
21 1677 4 1678 1679 1680 1681 1682 1683 1684 1685 1686 1687 1688 1689 1690 1691 1692 1693 1694 1695 1696 
23 1697 1698 1699 1700 4 1701 1702 1703 1704 1705 1706 1707 1708 1709 1710 1711 1712 1713 1714 1715 1716 1717 1718 
21 1719 1720 1721 5 1722 1723 1724 1725 1726 1727 1728 1729 1730 1731 1732 1733 1734 1735 1736 1737 1738 
17 1739 5 1740 1741 1742 1743 263 1744 1745 1746 1747 1748 1749 1750 1751 1752 1753 
16 5 1754 1755 1756 1757 1758 1759 1760 1761 586 1762 1763 1764 1765 1766 1767 
22 1768 1769 1770 1771 1772 5 1773 1774 1775 1776 1777 1778 1779 1780 1781 1782 1783 1784 1785 1580 1786 1787 
18 670 1788 5 1789 1790 1791 1792 1793 1794 1795 1796 1797 1798 1799 1620 1800 1801 1802 
20 1803 5 1804 1805 1806 1807 1808 1809 1810 1811 1812 1813 1814 1815 1816 1817 1818 1819 1820 1821 
20 1822 5 1823 1824 1825 1826 1827 1828 1829 1830 1831 1832 1833 1834 1835 1836 1837 1838 1839 1840 
22 5 1841 1842 1843 1844 1845 1846 1847 1848 1849 1850 1851 1852 1853 1854 1855 1856 1857 1858 1859 1860 1861 
30 1862 1863 1864 1865 5 1866 1867 1868 1869 1870 1871 1872 1873 1874 1875 1876 1877 1878 1879 1880 1881 1882 1883 1884 1885 1886 1887 1888 1889 1890 
19 1891 1892 1893 5 1894 1895 1896 1897 1898 1899 1900 1901 1902 1903 1904 1905 1906 1907 1908 
9 1909 5 1910 1911 1912 1913 1914 1915 1916 
17 1917 1918 1919 5 1920 1921 1922 1923 1924 1925 1926 1927 1928 1929 1930 1931 1932 
30 1933 1934 1935 1936 5 1937 1938 1939 1940 1941 1942 414 1943 1944 1945 1946 1947 1948 1949 1950 1951 1952 1953 1954 1955 1956 1957 1958 1959 1960 
16 1961 1962 5 1963 1964 1965 1966 1967 1968 1464 1969 1970 1971 1972 1973 1974 
24 1975 5 1976 1977 1978 1979 1980 1981 1982 1983 1984 1985 1986 1987 1988 1989 1990 1991 1992 1993 1994 1995 1996 1997 
27 1998 613 1999 2000 5 2001 2002 2003 2004 2005 2006 2007 2008 2009 2010 2011 2012 2013 2014 2015 2016 2017 2018 2019 2020 2021 2022 
25 2023 5 2024 2025 2026 2027 2028 2029 2030 2031 2032 2033 2034 2035 2036 2037 2038 2039 2040 2041 2042 2043 2044 2045 2046 
22 2047 2048 2049 5 2050 2051 2052 2053 2054 2055 2056 2057 2058 2059 2060 2061 2062 2063 2064 2065 2066 2067 
20 1629 2068 2069 5 2070 2071 2072 2073 2074 2075 2076 2077 2078 2079 2080 2081 2082 2083 2084 2085 
22 2086 2087 5 443 2088 2089 2090 2091 2092 2093 2094 2095 2096 2097 2098 1387 2099 2100 2101 2102 2103 2104 
31 2105 2106 5 2107 2108 2109 2110 2111 2112 2113 2114 2115 2116 1265 2117 2118 2119 2120 42 2121 2122 2123 2124 1271 2125 2126 2127 2128 2129 2130 2131 
14 2132 5 2133 2134 2135 2136 2137 2138 2139 2140 2141 2142 2143 2144 
33 2145 2146 2147 6 2148 2149 2150 2151 2152 2153 2154 2155 2156 2157 2158 2159 2160 2161 2162 2163 2164 2165 2166 2167 2168 2169 2170 2171 2172 2173 2174 2175 2176 
14 6 2177 2178 2179 2180 2181 2182 2183 2184 2185 2186 2187 2188 2189 
23 2190 2191 6 2192 2193 2194 2195 2196 2197 2198 2199 2200 2201 2202 2203 2204 2205 2206 2207 2208 2209 2210 2211 
17 2212 2213 2214 6 2215 2216 2217 2218 2219 2220 2221 2222 2223 2224 2225 2226 2227 
14 2228 6 2229 2230 2231 2232 2233 2234 2235 2236 2237 2238 2239 2240 
12 2241 2242 6 2243 2244 2245 2246 2247 2248 2249 2250 2251 
18 2252 2253 6 2254 2255 2256 2257 2258 2259 2260 2261 2262 2263 2264 2265 2266 2267 2268 
20 2269 2270 2271 6 2272 2273 2274 2275 2276 2277 2278 2279 2280 2281 2282 2283 2284 2285 2286 2287 
19 2288 2289 2290 2291 2292 6 2293 2294 2295 2296 2297 2298 2299 2300 2301 2302 2303 2304 2305 
23 2306 2307 2308 2309 2310 6 2311 2312 2313 2314 2315 2316 2317 2318 2319 2320 2321 905 2322 2323 2324 2325 2326 
23 2327 2328 2329 2330 2331 2332 2333 2334 7 2335 2336 2337 2338 2339 2340 2341 2342 2343 2344 2345 2346 2347 2348 
22 2349 2350 2351 2352 7 2353 2354 2355 1356 2356 2357 2358 2359 2360 2361 2362 2363 2364 2365 2366 2367 2368 
22 2369 2370 2371 2372 2373 7 2374 2375 2376 2377 2378 2379 2380 2381 2382 2383 2384 2385 2386 2387 2388 2389 
14 2390 2391 7 2392 2393 2394 2395 2396 2397 2398 2399 2400 2401 2402 
20 2403 2404 2405 2406 2407 2408 7 2409 2410 2411 2412 2413 2414 2415 2416 2417 2418 2419 2420 2421 
20 2422 2423 2424 2425 2426 7 2427 2428 2429 2430 2431 2432 2433 2434 2435 2420 2436 2437 2438 2439 
15 2440 2441 2442 2443 2444 7 2445 2446 2447 2448 2449 2450 2451 2452 2453 
21 2454 2455 2456 2457 2458 597 2459 7 2460 2461 2462 2463 2464 2465 2466 2467 2468 2469 2470 2471 2472 
21 2473 2474 2475 2476 2477 2478 2479 7 2480 2481 2482 2483 2484 2485 2486 2487 2488 2489 2490 2491 2492 
15 2493 7 2494 1049 2495 2496 2497 2498 2499 2500 2501 2502 2503 2504 2505 
23 2506 2507 2508 2509 2510 2511 2512 2513 7 2514 2515 2516 2517 2518 2519 2520 2521 2522 2523 1510 2524 2525 2526 
23 2527 2528 2529 2530 2531 2532 2533 2534 2535 7 2536 2537 2538 2539 2540 2541 2542 2543 2544 2545 2546 2547 2548 
12 2549 2550 2551 7 2552 2553 2554 567 2555 2556 2557 2558 
30 2559 2560 2561 2562 2563 2564 2565 2566 2567 7 2568 2569 2570 2571 2572 2573 2574 2575 2576 2577 2578 2579 2580 2581 2582 2583 2584 2585 2586 2587 
16 2588 2589 2590 2591 2592 2593 2594 2595 7 2596 2597 2598 2599 2600 2601 2602 
22 2603 2604 2605 7 2606 2607 2608 2609 2610 2611 2612 2613 2614 2615 2616 2617 2618 2619 2620 2621 2622 2623 
20 2624 2625 579 7 2626 2627 2628 2629 2630 2631 2632 2633 2634 2635 2636 2637 2638 2639 2640 2641 
27 2642 2643 2644 2645 2646 7 2647 2648 2649 2650 2651 2652 2653 2654 2655 2656 2657 2658 2659 2660 2661 2662 2663 2664 2665 2666 2667 
30 2668 2669 2670 2671 2672 2673 2674 2645 2675 7 2676 2677 2678 2679 1050 2680 2681 2682 2683 2684 2685 2686 2687 2688 2689 2690 2691 2692 2693 2694 
17 2695 2696 2697 2698 2699 2700 7 2701 2702 2703 2704 2705 2706 2707 2708 2709 2710 
18 2711 2712 2713 2714 2715 2716 2717 2718 7 2719 2720 2721 2722 2723 2724 2725 2726 2727 
20 2728 2729 2730 2731 2732 7 2733 2734 2735 2736 2737 2738 2739 2740 2741 2742 2743 2744 2745 2746 
25 2747 2748 2749 2750 2751 2752 2753 2754 8 2755 2756 2757 2758 2759 2760 2761 2762 2763 2764 2765 2766 2767 2768 2769 2770 
25 2771 2772 2773 2774 2775 2776 2777 2778 2779 2780 2781 2782 8 2783 2784 2785 2786 2787 2788 2789 2790 2791 2792 2793 2794 
21 2795 2796 2797 2798 2799 2800 2801 2802 2803 8 2804 2805 2806 2807 2808 2809 2810 2811 2812 2813 2814 
22 2815 2816 2817 2818 2819 2820 2821 8 2822 2823 2824 2825 2826 2827 2828 2829 2830 2831 2832 2833 2834 2835 
19 2836 2837 2838 2839 2840 2841 2842 2843 2844 8 2845 2846 2847 2848 2849 2850 2851 2852 2853 
31 2854 2855 2856 2857 2858 2859 2860 2861 1287 2862 2863 2864 2865 2866 2867 2868 8 2869 2870 2871 2872 285 2873 2874 2875 2876 2877 2878 2879 2880 2881 
19 2882 2883 2884 2885 2886 8 2887 2888 919 2889 2890 2891 2892 2893 2894 2895 2896 2897 2898 
19 2899 2900 2901 2902 2903 8 2904 2905 2906 2907 2908 2909 2910 2911 2912 2913 2914 2915 2916 
16 2917 2918 2919 2920 2921 2922 2923 8 2924 2925 2926 2927 2928 2929 2930 2931 
19 2932 2933 2934 2935 2936 2937 8 2938 2939 2940 2941 2942 2943 2944 2945 2946 2947 2948 2949 
23 2950 2951 2952 2953 2954 2955 2956 2957 2958 8 2959 2960 2961 2962 2963 2964 2965 2966 2967 2968 2969 2970 2971 
16 2972 2973 2974 2975 8 2571 2976 2977 2978 2979 2980 2981 2982 2983 2984 2985 
19 2986 2987 2988 2989 2990 2991 2992 2993 8 2994 2995 2996 2636 2997 2998 2999 3000 3001 3002 
22 3003 2669 3004 3005 3006 3007 3008 3009 3010 3011 8 3012 3013 3014 3015 3016 3017 2065 3018 3019 3020 3021 
30 3022 3023 3024 3025 3026 3027 3028 3029 3030 3031 3032 3033 3034 3035 8 3036 3037 3038 3039 3040 3041 3042 3043 3044 3045 3046 3047 3048 3049 3050 
19 3051 3052 3053 3054 3055 3056 8 3057 3058 3059 3060 3061 3062 3063 3064 3065 3066 3067 3020 
20 3068 3069 3070 3071 3072 3073 3074 8 3075 3076 3077 3078 3079 3080 3081 1815 3082 3083 3084 3085 
28 3086 3087 3088 3089 3090 3091 3092 3093 8 3094 3095 3096 3097 3098 3099 3100 3101 3102 3103 3104 3105 3106 3107 3108 3109 3110 3111 3112 
23 3113 3114 3115 3116 3117 3118 3119 3120 3121 8 3122 3123 3124 3125 3126 3127 3128 3129 3130 3131 3132 3133 3067 
16 3134 1306 3135 3136 3137 3138 3139 8 3140 3141 3142 3143 3144 3145 3146 3147 
18 3148 3149 3150 1865 3151 3152 3153 3154 3155 9 3156 3157 3158 3159 3160 3161 3162 3163 
25 3164 3165 3166 3167 3168 3169 3170 3171 3172 3173 3174 3175 9 3176 3177 3178 3179 3180 1346 3181 3182 3183 3184 3185 3186 
23 3187 3188 3189 3190 3191 3192 3193 3194 3195 3196 3197 3198 3199 9 3200 3201 2788 3202 3203 3204 3205 3206 3207 
23 3208 3209 3210 3211 754 3212 3213 3214 3215 9 3216 3217 3218 3219 3220 3221 3222 3223 3224 3225 3226 3227 3228 
23 3229 3230 3231 3232 3233 3234 3235 3236 3237 9 3238 3239 3240 3241 3242 3243 3244 3245 3246 3247 3248 3249 3250 
19 3251 3252 3253 3254 3255 3256 3257 9 3258 3259 3260 3261 3262 3263 3264 3265 3266 3267 3268 
30 3269 3270 3271 3272 3273 3274 3275 2007 3276 3277 3278 3279 9 3280 3281 3282 3283 3284 3285 3286 3287 3288 3289 3290 3291 3292 3293 908 3294 3295 
21 3296 3297 3298 3299 3300 3301 9 3302 3303 3304 3305 3306 3307 3308 3309 3310 3311 3312 3313 3314 2794 
23 3315 3316 3317 3318 3319 3320 3321 3322 3323 3324 3325 3326 3327 3328 3329 9 3330 779 3331 3332 3333 3334 3335 
22 3336 3337 3338 3339 3340 3341 3342 3343 3344 9 3345 3346 3347 3348 3349 3350 3351 1785 3352 3353 3354 3355 
20 3356 3357 3358 3359 3360 2772 3361 3362 3363 3364 3365 9 3366 3367 3368 3369 3370 3371 3372 3373 
21 3374 3375 3376 3377 3378 3379 3380 3381 3382 1124 9 3383 3384 3385 3386 3387 3388 3389 3390 3391 3392 
21 3393 3394 3395 3396 3397 3398 9 3399 3400 3401 3402 3403 3404 3405 3406 3407 3408 3409 3410 2045 3411 
23 3412 3413 3414 3415 3416 3417 3418 3419 3420 3421 3422 1898 3423 3424 9 3425 3426 3427 3428 3429 938 3430 3431 
19 2403 3432 3433 3434 3435 3436 3437 9 3438 3439 3440 3441 3442 3443 3444 3445 3446 3447 3448 
17 3449 3450 3451 2145 3452 3453 3454 9 3455 3456 3457 3458 3459 3460 3461 3462 3463 
28 3464 3465 3466 3467 1608 3468 3469 3470 3471 3472 3473 9 1879 3474 3475 3476 1989 3477 3478 3479 3480 3481 3482 3483 3484 3485 3486 3487 
15 3488 3489 3490 3491 3492 3493 3494 10 3495 3496 3497 3498 3499 3500 3501 
19 3502 3503 3504 3505 3506 3507 3508 3509 3510 10 3511 3512 3513 3514 3515 3516 3517 3518 3519 
19 3520 3521 3522 3523 3524 3525 3526 3527 3528 3529 10 3530 284 3531 3532 3533 3534 3535 3536 
27 3537 3538 3539 3540 3541 3542 1633 3543 3544 3545 3546 3547 3548 10 3549 3550 3551 3552 3553 3554 3555 3556 3557 3558 3559 3560 3561 
22 3562 3563 3564 3565 3566 3567 3568 3569 3570 3571 3572 10 3573 3574 3575 3576 3577 3578 3579 3580 3581 3582 
17 3583 3584 3585 3586 3587 3588 3589 3590 10 3591 3592 3593 3594 3595 3596 3597 3598 
12 3599 3600 3601 3602 3603 10 3604 3605 3606 719 3607 2916 
24 3608 3609 3610 3611 3612 3613 3614 3615 3616 3617 3618 10 3619 3620 3621 3622 3623 3624 3625 376 3626 3627 3628 3629 
20 3630 3631 3632 3633 3634 3635 3636 3637 3638 3639 3640 3641 3642 10 3643 3644 3645 3646 3647 3648 
17 3649 3650 3651 3652 3653 3654 3655 3656 10 3657 3658 3659 3660 3661 3662 3663 3664 
32 3665 3666 3667 3668 3669 3670 3671 3672 3673 3674 3675 3676 3677 3678 1778 3679 10 3680 3681 3682 3683 1075 3684 3685 3686 3687 3688 3689 3690 3691 3692 3693 
17 3694 3695 3696 3697 3698 3699 3700 3701 3702 3703 3704 10 3705 3706 3707 3708 3709 
24 3710 3711 3712 3713 3714 3715 3716 3717 3718 3719 3720 3721 3722 3723 10 3724 3725 3726 3727 3728 3729 3730 3731 3732 
24 3733 3734 3735 753 3736 3737 3738 3739 3740 3741 3742 3743 10 3744 3745 3746 3747 3748 3749 3750 3751 3752 3753 3754 
14 3755 3756 3757 3758 1399 3759 3760 73 3761 10 3762 3763 3764 3765 
16 3766 3767 3768 3769 3770 3771 3772 10 3773 3774 3775 3776 3777 3778 3779 3780 
26 3781 3782 3783 3784 3785 3786 3787 3788 3789 3790 622 10 3791 3792 3793 3794 3795 3796 1858 3797 3798 3799 3800 3801 3802 3803 
20 3804 3805 3806 3807 3808 3809 3810 3811 3812 10 3813 3814 3815 3816 3817 3818 3819 3820 3821 3822 
20 3823 3824 3825 3826 3827 3828 3829 3830 10 3831 3832 3833 3834 3835 3836 3837 3838 3839 3840 3841 
25 3842 3843 3844 3845 3846 3847 3848 3849 3850 3851 2905 10 3852 3853 3854 3855 3856 3857 3858 3859 3860 3861 3862 3863 3864 
22 3865 3866 3867 3868 3869 3870 3871 3872 11 3873 3874 3875 3876 3877 3878 3879 3880 3881 3882 3883 3884 3885 
21 3886 3887 3888 3889 3890 3891 3892 3893 3894 11 3895 3896 3897 3898 3899 3900 3901 3902 3903 560 3904 
19 3905 3906 3907 3908 3909 3910 3911 3912 11 3913 3914 3915 3916 3917 3918 3919 3920 3921 3922 
14 3923 3924 3925 3926 3927 3928 3929 3930 3931 11 3932 3933 3934 3935 
14 3936 3937 11 3938 3939 3940 3941 3942 3943 3687 3944 3945 3946 3947 
24 3766 3948 3949 3950 3951 3952 3953 3954 3955 3956 3957 3958 11 3959 3960 3961 3962 3963 3964 3965 3966 3967 3968 3969 
28 3970 3971 3972 3973 3974 3975 3976 3977 3978 3979 3980 11 3981 3982 3983 3984 3985 3986 3987 3988 3989 3990 3991 3992 3993 3445 3994 3995 
23 3996 3997 3998 3999 4000 4001 2116 11 4002 4003 4004 4005 4006 4007 4008 4009 4010 4011 4012 4013 4014 4015 4016 
19 4017 4018 4019 4020 4021 4022 4023 4024 4025 11 4026 4027 4028 4029 4030 4031 4032 4033 4034 
19 4035 4036 4037 4038 4039 1741 4040 4041 4042 4043 4044 11 4045 4046 4047 4048 4049 4050 4051 
30 4052 4053 4054 4055 4056 4057 4058 4059 4060 4061 4062 4063 4064 1263 4065 11 4066 4067 4068 3043 4069 4070 4071 4072 4073 4074 4075 4076 4077 4078 
28 4079 4080 4081 4082 4083 4084 4085 4086 4087 4088 4089 4090 4091 4092 11 4093 4094 4095 4096 4097 4098 4099 4100 4101 4102 4103 4104 4105 
24 4106 4107 3905 4108 4109 4110 4111 4112 4113 4114 4115 4116 11 4117 4118 4119 4120 4121 2876 4122 4123 4124 4125 4126 
24 4127 4128 4129 4130 4131 4132 4133 4134 4135 4136 4137 4138 11 4139 4140 4141 4142 4143 4144 4145 4146 2250 4147 4148 
22 4149 4150 4151 4152 4153 4154 4155 4156 4157 4158 4159 4160 11 4161 4162 4163 4164 4165 4166 4167 4168 4169 
21 4170 4171 4172 4173 4174 4175 4176 4177 4178 4179 4180 4181 4182 11 4183 4184 4185 4186 4187 4188 4189 
15 4190 4191 4192 4193 4194 4195 4196 4197 4198 11 4199 4200 4201 4202 4203 
23 4204 4205 4206 4207 4208 4209 4210 4211 4212 4213 4214 11 4215 4216 4217 4218 4219 4220 3224 4221 2128 4222 4223 
15 4224 4225 4226 4227 11 4228 4229 4230 4231 4232 4233 4234 4235 4236 4237 
16 4238 4239 4240 4241 4242 4243 11 4244 4245 4246 4247 4248 4249 4250 4251 3500 
20 4252 4253 4254 4255 4256 4257 4258 11 4259 4260 4261 4262 4263 4264 4265 4266 4267 4268 4269 4270 
24 4271 4272 617 1964 4273 4274 4275 4276 4277 11 4278 4279 4280 4281 4282 4283 1191 4284 4285 4286 4287 4288 4289 4290 
29 4291 4292 377 3756 4293 4294 4295 4296 4297 4298 4299 4300 4301 11 3177 4302 4303 4304 4305 1296 4306 4307 4308 4309 4310 4311 4312 4313 4314 
22 4315 4316 4317 4318 4319 4320 4321 4322 4323 4324 4325 11 4326 4327 4328 4329 4330 4331 4332 4333 4334 4335 
24 4336 4337 4338 4339 4340 4341 4342 4343 4344 4345 4346 11 4347 4348 4349 4350 4351 4352 4353 4354 4355 4356 4357 4358 
22 3192 4359 4360 4361 4362 4363 4364 12 4365 4366 4367 4368 4369 4370 4371 4372 4373 4374 4375 4376 4377 4378 
19 4379 4380 4381 4382 4383 4384 4385 4386 4387 12 4388 4389 4390 4391 4392 4393 4394 4395 4396 
21 4397 4398 4399 4400 4401 4402 4403 4404 4405 4406 12 4407 4408 4409 4410 4411 4412 4413 4414 4415 4416 
19 4417 4418 4419 4420 4421 4422 4423 4424 12 4425 4426 4427 4428 4429 4430 4431 4432 4433 4434 
20 1041 4435 4436 4437 4438 4439 4440 4441 4442 12 4443 4444 4445 4446 4447 4448 4449 4450 4451 4452 
19 4453 574 4454 4455 4456 4457 4458 4459 4460 4461 4462 4463 4464 4465 4466 12 4467 4468 4469 
23 4470 4471 4472 4473 4474 4475 4476 4477 4478 4479 12 4480 4481 4482 2762 4483 4484 4485 848 4486 4487 4488 4489 
22 4490 2644 4491 4492 4493 4494 4495 4496 4497 4498 12 4499 4500 4501 4502 4503 4504 4505 3732 4506 4507 4508 
17 4509 4510 4511 4512 4513 4514 4515 2959 4516 12 4517 4518 4519 4520 4521 4522 4523 
24 4524 4525 4526 4527 4528 4529 4530 4531 4532 4533 4534 4535 4536 4537 4538 4539 4540 12 4541 4542 4543 4544 4545 4546 
20 4547 506 4548 4549 4550 4551 4552 4553 4554 4555 4556 4557 12 4558 4559 2236 4560 4561 4562 3019 
23 4563 4564 4565 4566 4567 4568 4569 4570 4571 4572 4573 4574 4575 4576 12 4577 4578 4579 4580 4581 4582 4583 4584 
21 4585 4586 3317 4587 4588 4589 4590 4591 4382 4592 4593 2112 4594 4595 4596 3400 4597 4598 13 4599 4600 
2 272 13 
3 3703 13 3775 
1 13 
1 13 
2 753 13 
2 13 1133 
4 2330 4134 730 13 
2 13 4078 
1 13 
1 13 
3 1612 3091 13 
1 13 
3 3889 1126 13 
2 1629 13 
3 4442 13 3884 
1 13 
3 13 4351 4223 
3 2229 1853 13 
2 13 2343 
1 13 
4 29 4528 13 435 
2 13 4267 
1 13 
1 13 
1 13 
2 708 14 
1 14 
4 14 555 539 4266 
2 14 4100 
3 86 14 3858 
1 14 
2 3772 14 
1 14 
3 4152 14 4230 
3 3076 14 3045 
2 412 14 
3 14 4013 4523 
1 14 
4 234 3006 3178 15 
2 731 15 
3 3177 15 2847 
2 15 4352 
1 15 
1 15 
1 15 
4 3374 3279 2787 15 
3 15 2762 4600 
1 15 
2 509 15 
1 15 
3 178 15 3576 
3 144 4465 15 
1 15 
1 15 
2 15 2545 
2 15 1223 
2 483 15 
2 15 2891 
1 15 
2 15 499 
2 15 4284 
2 16 2548 
3 3583 4359 16 
2 16 2916 
2 16 2144 
1 16 
2 2092 16 
2 16 4365 
3 4019 586 16 
2 3364 16 
3 797 4329 16 
2 1281 16 
2 504 16 
1 16 
4 1976 3725 16 1625 
3 2677 3197 16 
2 4140 16 
3 16 588 2142 
3 3177 16 3730 
2 1335 16 
1 16 
1 16 
2 16 747 
1 17 
1 17 
1 17 
1 17 
3 2404 17 3559 
1 17 
2 17 2142 
2 17 1953 
1 17 
1 17 
1 17 
3 3974 17 791 
1 17 
2 2761 17 
2 4348 17 
1 17 
2 17 4523 
1 17 
3 2699 2152 17 
1 17 
1 17 
2 17 4148 
2 1125 17 
2 4539 17 
1 17 
2 1652 17 
2 3788 18 
1 18 
7 444 1179 1950 18 3556 1752 2794 
1 18 
3 599 3646 18 
2 757 18 
4 3140 18 1391 1136 
4 2199 3856 18 3389 
3 4277 3848 18 
1 18 
1 18 
1 18 
1 18 
1 19 
2 19 3428 
2 19 4030 
4 2919 19 2582 2504 
1 19 
1 19 
2 4436 19 
2 384 19 
2 1047 19 
2 2537 19 
2 738 19 
1 19 
4 3667 3704 19 4314 
3 19 1801 1078 
1 19 
3 3040 19 2037 
2 1163 19 
2 2926 19 
1 19 
3 1673 3305 19 
3 183 735 19 
2 20 218 
2 1480 20 
1 20 
2 3330 20 
2 3638 20 
1 20 
1 20 
4 2145 1043 363 20 
3 649 20 1132 
3 2406 20 1392 
2 1127 20 
3 20 2038 3020 
1 20 
1 20 
2 4468 20 
1 20 
2 1302 20 
2 20 4076 
1 20 
2 20 4374 
1 20 
2 20 669 
1 20 
1 20 
2 3395 20 
2 3676 20 
1 21 
4 3152 2906 21 2558 
1 21 
3 3393 1805 21 
2 4554 21 
1 21 
1 21 
3 713 21 2946 
3 4302 21 2169 
2 21 269 
2 3671 21 
4 2110 3094 97 21 
1 21 
3 1280 2010 21 
1 21 
1 21 
1 21 
1 21 
2 2023 21 
2 3539 21 
4 2048 2483 3438 21 
3 3452 4369 22 
2 22 476 
3 4407 22 3410 
1 22 
1 22 
1 22 
3 3843 1703 22 
2 2901 22 
3 2349 3811 22 
1 22 
1 22 
3 22 254 2585 
1 22 
2 22 3143 
1 22 
1 23 
2 751 23 
1 23 
2 1310 23 
2 23 104 
3 345 23 2915 
2 4465 23 
1 23 
1 23 
1 23 
2 2160 23 
2 3453 23 
1 23 
2 23 66 
1 23 
2 23 4188 
2 1159 23 
2 24 2346 
1 24 
2 24 2144 
3 3286 24 3446 
1 24 
1 24 
2 3767 24 
1 24 
1 24 
2 3900 24 
2 1286 24 
2 494 24 
1 24 
1 24 
1 24 
2 3696 24 
2 24 635 
1 24 
3 807 3590 24 
1 24 
2 425 24 
2 4475 24 
2 1605 24 
2 1643 24 
1 24 
1 24 
2 24 3409 
2 290 25 
2 1648 25 
1 25 
3 2696 3639 25 
2 2064 25 
2 3509 25 
3 2818 1782 25 
1 25 
1 25 
2 1885 25 
1 25 
4 1473 467 684 25 
2 1059 25 
1 25 
2 3741 25 
1 25 
2 293 25 
1 25 
2 1301 25 
3 1340 1271 25 
1 26 
3 306 1378 26 
1 26 
4 3937 3117 26 231 
1 26 
3 1866 2776 26 
3 282 1987 26 
1 26 
1 26 
1 26 
1 26 
2 2939 26 
1 26 
1 26 
1 26 
1 26 
2 26 3293 
4 798 2681 26 2897 
3 3611 1995 26 
2 26 3559 
1 26 
1 26 
1 26 
1 27 
1 27 
1 27 
1 27 
1 27 
1 27 
2 3792 27 
1 27 
2 1564 27 
1 27 
1 27 
2 2739 27 
1 27 
2 261 27 
1 27 
4 4176 3072 3111 27 
3 3053 651 27 
2 62 27 
1 27 
3 2213 1649 28 
2 3515 28 
2 3652 28 
1 28 
3 753 1570 28 
1 28 
2 2424 28 
3 1222 2143 28 
1 28 
1 28 
2 261 28 
2 1671 28 
2 4164 28 
2 2385 28 
1 28 
3 197 3943 28 
2 29 3939 
1 29 
2 29 1390 
2 29 1059 
1 29 
2 29 2752 
4 29 4172 129 2037 
4 29 3759 1898 3365 
1 29 
1 29 
1 29 
2 29 1834 
1 29 
2 30 226 
3 30 3819 4486 
4 2422 30 753 1273 
1 30 
2 30 2072 
4 30 2071 133 3822 
3 2291 30 2720 
1 30 
1 30 
1 30 
2 4173 30 
2 30 2502 
4 87 30 726 302 
1 30 
3 30 311 3371 
1 30 
1 30 
1 30 
2 923 30 
2 30 1709 
1 31 
2 3542 31 
1 31 
2 31 124 
1 31 
3 31 347 3402 
3 3337 31 4246 
3 31 2299 3067 
2 4436 31 
5 1909 31 1634 2941 2503 
1 31 
3 2838 31 2434 
2 31 3225 
1 31 
3 4589 31 2282 
1 31 
2 32 3327 
1 32 
1 32 
2 32 100 
1 32 
1 32 
2 32 3221 
3 32 217 1839 
1 32 
1 32 
1 32 
1 32 
2 32 192 
2 32 1029 
1 32 
1 32 
1 32 
1 32 
2 32 4046 
3 1774 32 1341 
1 32 
5 1040 1261 32 3033 3623 
2 3490 32 
1 32 
1 32 
3 32 472 2021 
2 32 1653 
2 33 999 
2 33 4258 
3 33 1130 996 
2 33 3386 
3 33 4493 2763 
1 33 
2 33 3708 
2 33 2183 
2 2900 33 
1 33 
2 34 3720 
1 34 
2 34 385 
1 34 
2 34 542 
2 34 3178 
1 34 
2 34 3496 
1 34 
1 34 
3 34 884 2067 
1 34 
4 4587 34 1047 1266 
1 34 
2 34 2949 
1 34 
1 34 
1 34 
2 34 2140 
2 34 2039 
2 34 3944 
2 3172 34 
3 2730 34 398 
3 2508 89 35 
2 4084 35 
2 35 2970 
1 35 
2 35 3292 
2 35 4572 
1 35 
2 35 2119 
3 3271 35 2878 
1 35 
2 35 1814 
2 35 1404 
1 35 
2 775 35 
4 35 4197 494 783 
2 2440 35 
2 35 2977 
5 35 1766 2890 2740 1692 
2 4135 35 
2 35 2970 
2 3610 35 
2 2090 35 
1 35 
2 2559 35 
2 35 1747 
1 35 
4 36 3817 1734 999 
1 36 
1 36 
1 36 
1 36 
1 36 
2 36 4011 
3 36 1295 1132 
3 36 2739 3480 
1 36 
3 4317 36 1361 
2 36 1100 
2 259 36 
3 3395 36 1829 
2 2903 36 
3 1965 36 2094 
1 36 
5 4152 410 36 3301 1191 
1 36 
2 36 3773 
1 36 
1 36 
2 36 1829 
2 182 36 
3 2748 36 2010 
1 36 
1 37 
2 37 3693 
1 37 
1 37 
3 37 586 3000 
1 37 
1 37 
2 37 2770 
2 240 37 
2 273 37 
1 37 
1 37 
2 37 833 
5 37 3548 4426 1360 376 
1 37 
1 37 
2 366 37 
2 37 4011 
2 37 1491 
1 37 
1 37 
1 37 
2 37 3534 
1 37 
2 1289 37 
3 37 1812 316 
1 37 
1 37 
2 38 2517 
2 440 38 
3 795 2716 38 
5 576 238 549 38 189 
3 162 38 3828 
1 38 
1 38 
2 38 348 
1 38 
3 1021 2952 38 
3 3737 38 2704 
2 3602 38 
1 38 
2 38 3392 
1 38 
3 4058 1398 38 
2 1793 38 
3 1203 4572 39 
1 39 
2 1961 39 
2 39 4202 
5 2668 4379 39 2299 3104 
1 39 
3 1371 4274 39 
2 3955 39 
2 39 683 
2 39 4258 
1 39 
2 39 3856 
2 39 167 
1 39 
1 39 
1 39 
2 39 684 
1 39 
1 39 
1 39 
2 39 2355 
3 1630 39 2720 
1 39 
2 4193 39 
2 39 328 
3 39 1296 870 
1 40 
2 3053 40 
2 752 40 
2 1352 40 
4 304 40 4388 1786 
2 40 520 
1 40 
1 40 
2 40 4362 
2 40 2437 
2 1789 40 
2 4511 40 
1 40 
3 2334 40 2416 
2 40 474 
2 2477 40 
3 40 3862 3626 
4 2854 3138 40 3841 
2 1910 40 
2 1279 40 
1 40 
3 40 1137 3629 
2 40 2282 
2 40 3986 
3 1912 4138 40 
1 40 
2 40 1063 
3 1217 40 3661 
1 40 
6 1500 3568 40 1970 1640 1227 
3 4062 40 4026 
3 41 2691 2505 
1 41 
4 2837 3257 41 3497 
1 41 
3 41 1686 997 
2 4527 41 
2 41 2382 
1 41 
4 3356 4240 41 2017 
2 41 734 
3 41 4248 2622 
3 4044 41 4188 
4 1398 41 2142 4523 
1 41 
1 42 
1 42 
2 4361 42 
1 42 
1 42 
3 4588 3384 42 
2 1263 42 
2 42 1007 
2 42 2020 
2 42 1948 
3 42 227 3019 
1 42 
4 2495 2539 42 3591 
1 42 
2 3542 42 
2 42 3448 
2 43 1018 
1 43 
2 4385 43 
2 43 3881 
2 2294 43 
2 43 3597 
1 43 
2 2138 43 
1 43 
1 43 
1 43 
1 43 
1 43 
2 43 1089 
1 43 
1 43 
3 43 2813 792 
3 2269 1092 44 
1 44 
3 1760 44 904 
1 44 
4 2485 44 2038 891 
1 44 
1 44 
1 44 
1 44 
2 3621 44 
2 3774 44 
4 2713 1721 4183 44 
2 1612 44 
3 657 44 3779 
2 2179 44 
3 4342 1082 44 
1 44 
1 44 
1 44 
1 44 
2 875 44 
2 45 3045 
1 45 
2 3849 45 
1 45 
1 45 
2 45 3001 
1 45 
2 45 3290 
1 45 
2 1034 45 
1 45 
2 45 1274 
2 873 45 
2 45 116 
1 45 
3 2152 45 2401 
2 165 45 
2 2843 46 
1 46 
1 46 
1 46 
1 46 
1 46 
1 46 
4 1871 1813 3142 46 
4 3276 46 967 1387 
2 46 3778 
2 145 46 
1 46 
2 2554 46 
1 47 
2 47 592 
2 3824 47 
4 2027 1877 47 1661 
1 47 
3 1117 47 3594 
1 47 
1 47 
3 2449 47 1525 
2 47 2225 
1 47 
1 47 
1 47 
2 47 2581 
3 3090 1562 47 
2 47 2710 
4 1597 172 1638 47 
2 4140 47 
1 47 
3 3742 4062 47 
3 2359 47 2585 
2 3886 48 
2 2243 48 
1 48 
1 48 
1 48 
1 48 
1 48 
2 1397 48 
2 48 2044 
1 48 
1 48 
2 3723 48 
4 3374 1100 2940 48 
1 48 
3 2903 1683 48 
3 48 966 2226 
3 2800 1402 48 
1 48 
2 48 3919 
3 4379 48 1364 
2 4390 48 
2 48 4314 
2 2275 48 
2 958 48 
3 917 48 1491 
2 1480 48 
3 3230 1673 48 
1 48 
2 3831 48 
3 2875 1429 48 
3 1854 49 3487 
1 49 
1 49 
1 49 
3 3296 1915 49 
2 2134 49 
1 49 
2 1749 49 
1 49 
1 49 
1 49 
3 3711 2621 49 
1 49 
3 4021 2379 49 
3 1808 2724 49 
4 3504 3167 1404 49 
2 1501 49 
4 2048 3813 3402 49 
3 1879 3046 49 
3 4426 3748 49 
1 49 
3 2097 49 1603 
3 3047 49 2085 
2 639 49 
2 828 49 
1 49 
3 696 637 49 
3 2124 3515 50 
1 50 
2 1836 50 
1 50 
1 50 
2 3321 50 
1 50 
4 3740 845 2678 50 
1 50 
1 50 
1 50 
2 1748 50 
2 2119 50 
2 3346 50 
4 2047 1669 50 3969 
4 4133 3151 2807 50 
2 2569 50 
1 50 
2 854 50 
1 50 
1 51 
3 1497 51 759 
5 3165 51 1656 3855 2829 
2 51 3401 
1 51 
2 4253 51 
1 51 
1 51 
1 51 
2 51 623 
2 4170 51 
3 51 3396 3351 
3 51 2353 4183 
2 51 1897 
5 51 4224 901 2544 1112 
2 51 2210 
2 51 2302 
4 51 2242 1351 3324 
1 51 
2 51 2451 
3 1865 52 631 
2 52 225 
2 52 1965 
2 52 384 
2 52 4197 
1 52 
1 52 
3 52 364 659 
2 52 2763 
2 52 126 
3 52 3987 135 
2 52 4090 
3 52 2961 3773 
1 52 
2 52 4199 
2 52 3884 
3 52 3660 3448 
1 52 
2 52 4098 
5 52 564 2274 3176 495 
1 52 
1 52 
2 52 3320 
3 52 4280 819 
2 52 1098 
3 53 2514 64 
2 53 3061 
2 53 3058 
3 53 1465 1377 
4 53 4474 3985 4522 
3 53 3716 1562 
2 53 1316 
2 53 3968 
2 53 4189 
2 53 3547 
2 53 186 
1 53 
1 53 
3 53 3931 369 
1 53 
1 54 
2 54 2553 
2 54 886 
1 54 
2 54 3334 
2 1308 54 
1 54 
1 54 
1 54 
3 54 3950 867 
1 54 
2 54 3391 
2 871 55 
2 55 1467 
3 2288 55 2685 
2 4586 55 
1 55 
2 2289 55 
4 55 4389 1820 1064 
2 55 4574 
4 55 707 1794 955 
3 55 2800 3498 
2 55 2890 
1 55 
1 55 
2 55 3723 
2 1775 55 
2 3150 55 
1 55 
2 3635 55 
2 55 3397 
1 55 
2 55 1034 
2 1438 56 
2 56 4217 
1 56 
2 56 2928 
2 927 56 
1 56 
1 56 
1 56 
1 56 
1 56 
4 4153 2551 56 4394 
3 56 2823 170 
3 3212 56 339 
4 56 246 1573 1907 
2 56 387 
2 56 3872 
1 56 
5 3523 1921 56 3981 639 
1 56 
3 703 56 385 
2 239 56 
1 56 
1 56 
4 56 349 3946 3968 
3 56 814 2580 
1 56 
1 57 
1 57 
2 57 2540 
3 1437 57 2937 
1 57 
1 57 
2 3317 57 
1 57 
1 57 
1 57 
2 57 2597 
1 57 
2 2530 57 
1 57 
1 57 
2 3542 58 
2 58 2597 
2 58 2897 
1 58 
2 58 4541 
4 3187 3420 58 455 
1 58 
2 1499 58 
1 58 
2 58 372 
3 1174 58 1973 
1 58 
2 58 2035 
1 58 
2 4380 58 
2 58 4517 
1 59 
1 59 
1 59 
3 3928 2514 59 
3 2698 1164 59 
1 59 
1 59 
1 59 
1 59 
2 345 59 
2 59 3709 
1 59 
1 59 
1 59 
1 59 
1 59 
1 59 
2 59 2348 
3 1699 2679 59 
1 59 
1 59 
5 3906 1537 59 713 217 
2 2862 59 
1 59 
1 59 
2 3339 59 
3 59 4069 4353 
2 59 3732 
2 2925 60 
2 3978 60 
1 60 
1 60 
3 3466 3573 60 
3 767 1589 60 
3 3053 60 3408 
1 60 
1 60 
4 2596 60 4102 4508 
3 3952 60 1712 
1 60 
2 4253 60 
2 1350 60 
1 61 
1 61 
1 61 
2 2825 61 
3 3604 61 1691 
2 61 820 
1 61 
2 61 3285 
2 4195 61 
2 4297 61 
2 552 61 
2 61 289 
1 61 
2 61 3878 
1 61 
2 61 822 
2 61 68 
1 61 
1 61 
2 2247 61 
4 3694 2856 2057 62 
3 2952 3957 62 
2 62 1622 
2 62 1583 
2 62 4561 
3 62 1928 3350 
2 1791 62 
1 62 
2 62 3268 
1 62 
1 62 
2 3619 62 
2 62 2762 
2 4129 62 
1 62 
1 62 
3 1702 3276 62 
1 62 
1 62 
1 62 
1 62 
1 62 
2 62 2915 
2 63 1552 
1 63 
1 63 
1 63 
1 63 
2 3722 63 
2 63 631 
1 63 
5 844 206 3457 63 2439 
1 63 
3 2676 63 105 
2 659 63 
1 63 
2 4492 63 
1 63 
2 3418 63 
4 63 2659 502 105 
4 2087 4086 2734 63 
2 576 63 
2 63 903 
1 63 
1 63 
2 63 3597 
1 64 
2 812 64 
2 416 64 
3 305 64 2176 
2 64 1471 
2 2718 64 
2 3275 64 
3 1846 3592 64 
2 466 64 
4 144 64 2688 2325 
2 3706 64 
2 64 746 
1 64 
2 3949 64 
3 2214 64 2691 
1 64 
1 64 
3 703 3217 64 
3 64 218 792 
1 64 
1 64 
1 64 
1 64 
2 65 501 
3 1854 393 65 
2 65 1645 
1 65 
2 65 2471 
2 65 158 
1 65 
2 1085 65 
1 65 
2 442 65 
2 2928 65 
1 65 
1 65 
2 2057 65 
1 65 
3 1071 4195 65 
1 65 
4 3068 2475 2156 65 
3 65 2503 3752 
2 4084 65 
1 65 
3 3492 65 1582 
2 3439 66 
3 3667 2670 66 
2 4047 66 
1 66 
1 66 
1 66 
1 66 
2 4008 66 
2 4389 66 
2 2650 66 
1 66 
2 4481 66 
3 1985 66 313 
5 4190 2075 2909 66 1496 
1 66 
3 2954 4005 66 
1 66 
2 66 502 
2 629 66 
3 2275 2194 66 
3 1595 66 2742 
1 66 
2 2751 66 
3 160 3616 66 
1 66 
1 66 
1 66 
4 2113 2397 67 1211 
3 1707 67 1037 
2 796 67 
1 67 
1 67 
1 67 
3 4360 118 67 
2 3999 67 
1 67 
4 4064 1811 67 1557 
2 735 67 
3 1419 706 67 
2 4558 67 
1 67 
2 962 67 
1 67 
2 3419 67 
1 67 
1 67 
1 67 
3 2428 67 4393 
2 773 68 
3 2514 3261 68 
2 4328 68 
1 68 
1 68 
2 1651 68 
2 1068 68 
3 504 4122 68 
2 2318 68 
2 3623 68 
2 2055 68 
2 3828 68 
1 68 
2 3356 68 
1 68 
1 68 
3 917 104 68 
1 68 
2 3388 68 
4 563 3831 2236 68 
2 349 68 
3 386 3646 68 
1 69 
1 69 
1 69 
2 3196 69 
4 950 3038 2278 69 
4 4484 69 836 765 
4 190 69 3185 1861 
2 3336 69 
1 69 
2 959 69 
1 69 
4 681 988 2021 69 
1 69 
2 3473 69 
1 69 
1 69 
3 2863 4221 69 
2 69 1957 
1 69 
1 69 
1 69 
1 69 
1 69 
1 70 
1 70 
1 70 
7 1704 4550 2618 1361 2014 4013 70 
2 1445 70 
2 2771 70 
1 70 
1 70 
1 70 
1 70 
1 70 
3 3755 3717 70 
3 4112 3986 70 
5 2799 3638 2457 70 972 
3 2818 2683 70 
1 70 
1 70 
3 2053 1737 70 
1 71 
2 71 1812 
1 71 
3 4127 71 1142 
2 1113 71 
1 71 
4 71 2137 3816 3222 
1 71 
2 71 2163 
1 71 
2 71 2583 
4 2306 71 1420 1840 
1 71 
1 71 
2 71 4086 
2 71 3779 
3 71 3029 2421 
1 71 
1 71 
2 71 2716 
2 72 1765 
1 72 
1 72 
2 72 4218 
1 72 
1 72 
1 72 
1 72 
1 72 
2 72 3572 
3 72 98 4075 
4 1068 1726 72 2300 
2 72 1550 
3 1093 72 1563 
1 72 
1 72 
2 72 4475 
2 1282 72 
1 72 
4 2049 1842 73 494 
2 73 1993 
1 73 
1 73 
6 1536 73 4428 2577 4219 4289 
2 73 3813 
3 2730 73 4195 
5 378 2816 73 2520 968 
2 73 1985 
1 73 
1 73 
1 73 
1 73 
2 73 2346 
2 73 1600 
1 73 
1 73 
2 73 4246 
4 3375 73 740 967 
2 1515 73 
3 3733 73 2156 
1 73 
2 73 2879 
2 73 1336 
4 1021 74 2818 3326 
2 74 4092 
2 1161 74 
3 3805 74 822 
3 3608 74 989 
1 74 
3 74 1509 2767 
3 74 4331 1974 
1 74 
1 74 
1 74 
2 74 4475 
3 74 1503 1565 
3 3070 74 127 
2 74 2489 
3 3809 75 3928 
1 75 
1 75 
3 75 4541 1492 
2 75 3852 
2 4080 75 
2 4359 75 
1 75 
3 75 4243 4228 
1 75 
2 75 4482 
2 75 1884 
1 75 
3 3150 930 75 
1 75 
2 2561 75 
1 75 
1 75 
2 75 1811 
4 3783 75 4388 1798 
1 75 
1 75 
4 76 2680 4306 4146 
1 76 
2 1477 76 
3 76 2938 1191 
1 76 
1 76 
2 2423 76 
2 2605 76 
2 3586 76 
1 76 
2 2772 76 
1 76 
1 76 
1 76 
1 76 
2 76 1819 
3 3254 76 1466 
1 76 
2 1255 76 
1 76 
2 76 3105 
1 76 
3 76 3422 3958 
3 76 3707 1359 
1 77 
2 77 1860 
1 77 
1 77 
5 2327 1680 1070 77 936 
4 77 1467 4048 3595 
2 77 534 
2 77 1509 
1 77 
1 77 
3 3928 77 2666 
1 77 
2 77 549 
2 77 3945 
1 77 
3 77 1126 3658 
1 77 
1 77 
2 77 2628 
1 77 
2 3700 77 
1 77 
3 1587 88 77 
1 77 
4 2511 77 2066 1322 
2 1235 77 
4 77 2193 1812 3856 
2 78 2680 
2 3928 78 
3 78 4562 1580 
2 2560 78 
2 1203 78 
1 78 
2 3781 78 
1 78 
1 78 
1 78 
2 78 1343 
1 78 
3 3851 78 938 
3 78 1832 1638 
2 3783 78 
3 3669 78 1487 
1 78 
1 78 
2 78 994 
2 1862 79 
2 79 478 
2 79 4431 
1 79 
3 79 2850 175 
6 3649 4359 79 3939 3354 1692 
3 4454 1811 79 
3 4513 79 4031 
3 244 79 883 
1 79 
1 79 
2 1865 79 
1 79 
2 3253 79 
1 79 
2 4135 79 
2 89 79 
1 79 
3 1234 79 1908 
2 2699 79 
1 79 
3 79 308 3625 
2 3612 79 
1 79 
2 80 2889 
4 4182 247 80 103 
2 80 788 
4 4294 3135 80 2209 
3 2755 80 3776 
2 179 80 
2 603 80 
2 2280 80 
4 2068 1709 4541 80 
1 80 
4 2138 1598 80 938 
1 80 
4 80 3836 1784 822 
1 80 
1 80 
4 4060 80 479 3225 
4 80 2366 4011 2834 
3 1303 1761 80 
1 80 
1 80 
4 484 1710 81 3514 
3 545 81 4581 
2 4088 81 
2 1376 81 
2 81 342 
4 3298 2956 81 636 
1 81 
1 81 
2 1022 81 
2 81 2095 
1 81 
1 81 
2 81 3430 
6 3466 925 4382 4088 2377 81 
1 82 
1 82 
1 82 
3 1909 2263 82 
1 82 
1 82 
3 3489 3383 82 
2 82 1014 
2 2910 82 
2 82 556 
2 3329 82 
4 3548 82 375 969 
2 82 2770 
1 82 
2 3157 82 
1 83 
1 83 
1 83 
3 3767 1562 83 
3 1927 83 3947 
1 83 
2 957 83 
1 83 
2 83 3314 
3 4381 828 83 
2 3961 83 
1 83 
2 83 2018 
2 4361 83 
3 1216 3942 83 
3 1609 687 83 
2 4183 83 
2 2014 83 
2 3246 83 
4 4383 2409 1904 83 
1 84 
2 4219 84 
3 1188 3159 84 
1 84 
2 4458 84 
2 1248 84 
3 430 3753 84 
2 1419 84 
1 84 
1 84 
3 1351 1709 84 
1 84 
5 1707 1636 2386 593 84 
4 2403 1648 2942 84 
1 84 
3 2010 1208 84 
1 84 
3 4436 2961 84 
2 2499 84 
1 84 
1 84 
2 4395 84 
1 85 
2 85 4422 
2 85 882 
1 85 
2 85 2774 
1 85 
1 85 
2 85 1465 
1 85 
1 85 
1 85 
1 85 
3 85 2224 4233 
1 85 
2 1788 85 
2 696 85 
3 85 1779 3884 
2 85 2783 
2 85 1433 
1 85 
1 86 
3 86 4550 2294 
5 86 205 4542 2250 1908 
1 86 
4 86 2074 2706 3331 
1 86 
1 86 
1 86 
2 86 694 
2 86 1011 
2 86 980 
1 86 
2 86 2135 
4 86 345 2295 2755 
1 86 
1 87 
1 87 
1 87 
1 87 
1 87 
1 87 
2 873 87 
2 87 1645 
1 87 
1 87 
1 87 
2 1454 87 
3 87 687 1839 
2 87 3663 
1 88 
2 88 4016 
1 88 
1 88 
1 88 
1 88 
3 88 629 2848 
2 88 1106 
2 88 2807 
2 88 4486 
3 88 186 4444 
3 88 2299 1735 
2 88 2469 
2 88 2348 
2 88 489 
1 88 
3 3845 88 1640 
3 88 4401 168 
2 797 88 
1 88 
2 89 1733 
3 89 803 4250 
3 2854 89 3324 
4 2000 89 1238 3556 
1 89 
3 89 3153 766 
2 89 1100 
1 89 
2 89 4416 
1 89 
2 89 1531 
1 89 
2 89 4593 
2 89 369 
1 89 
1 90 
1 90 
2 406 90 
2 1862 90 
1 90 
3 90 987 2100 
3 2795 90 1829 
2 90 2578 
5 1610 90 3010 1359 1530 
5 1435 90 3932 747 1584 
2 90 916 
3 90 680 4076 
3 90 155 1930 
1 90 
1 90 
1 90 
2 90 1549 
3 90 1098 2059 
1 90 
1 91 
1 91 
1 91 
1 91 
2 91 4334 
3 91 2575 2621 
1 91 
5 91 3929 1809 709 718 
2 91 2647 
1 91 
4 4225 91 1598 4544 
1 91 
2 91 572 
1 91 
3 1002 91 3066 
2 3910 91 
2 91 3778 
5 3113 617 91 1766 2911 
2 91 1445 
2 4419 92 
2 1473 92 
2 92 2093 
1 92 
1 92 
3 1285 92 2302 
1 92 
2 92 3259 
1 92 
2 92 4543 
1 92 
1 92 
3 92 4431 251 
3 1302 973 92 
3 92 2977 2743 
1 92 
1 92 
2 92 192 
2 92 3528 
3 1559 92 4288 
4 1399 92 3982 4428 
5 1604 1806 1913 93 4415 
1 93 
3 93 3572 4265 
4 1040 159 93 1615 
4 508 3472 93 3427 
1 93 
2 2328 93 
4 4204 93 3662 3373 
1 93 
2 93 916 
1 93 
1 93 
2 4345 93 
1 93 
2 93 2170 
3 925 3718 93 
2 93 3994 
5 2242 2568 93 991 175 
2 3521 93 
1 93 
2 93 2079 
3 93 2059 3369 
3 93 4575 1523 
3 93 2780 492 
1 93 
2 93 4138 
2 93 3142 
1 93 
3 1919 93 2520 
1 94 
1 94 
1 94 
1 94 
3 3072 2313 94 
3 2213 4173 94 
3 2307 94 1033 
3 94 172 568 
1 94 
1 94 
1 94 
1 94 
1 94 
2 94 1696 
1 94 
2 2654 94 
3 3449 1126 94 
3 1741 94 1622 
5 1665 3173 603 95 4142 
4 4460 95 811 2577 
1 95 
3 2674 95 817 
3 1862 95 3067 
1 95 
3 977 2721 95 
1 95 
1 96 
1 96 
2 96 1890 
2 2429 96 
2 96 1130 
1 96 
3 3953 96 4433 
1 96 
2 3148 96 
3 3705 96 2789 
3 3234 1681 96 
2 1237 96 
1 96 
2 96 1815 
2 96 2970 
3 4252 4229 96 
1 97 
1 97 
1 97 
2 3435 97 
1 97 
1 97 
2 97 2186 
5 1977 2955 97 2060 3206 
2 97 3404 
1 97 
2 97 3430 
2 2278 97 
1 97 
1 97 
1 97 
2 847 97 
2 3337 97 
2 345 97 
2 2425 97 
1 97 
2 324 97 
1 97 
2 2109 97 
1 97 
2 97 1410 
1 97 
1 97 
1 97 
2 769 98 
1 98 
2 4514 98 
2 98 217 
3 1042 98 711 
1 98 
1 98 
2 3071 98 
2 2632 98 
2 98 822 
1 98 
1 98 
2 1164 98 
3 3639 1504 98 
1 99 
4 308 99 4366 2965 
2 1940 99 
1 99 
1 99 
1 99 
1 99 
1 99 
2 2023 99 
3 3472 2481 99 
3 1481 1335 99 
1 99 
2 509 99 
1 99 
2 99 175 
1 99 
3 3195 3155 99 
2 99 3582 
2 1474 99 
2 3601 99 
2 99 521 
2 99 2809 
2 99 2912 
1 100 
1 100 
3 1791 100 2744 
1 100 
1 100 
1 100 
1 100 
1 100 
2 100 3556 
2 165 100 
1 100 
1 100 
5 416 100 3988 1712 720 
2 4081 100 
1 100 
1 100 
3 1419 100 1694 
1 100 
2 100 4217 
3 3232 100 832 
3 100 1689 3686 
1 100 
2 846 100 
4 1404 2924 100 635 
1 100 
3 1983 101 421 
1 101 
1 101 
1 101 
3 925 4058 101 
2 3297 101 
1 101 
2 2078 101 
2 2412 101 
1 101 
1 101 
1 101 
3 4178 101 1166 
1 101 
4 371 101 567 2948 
3 875 388 101 
2 101 666 
1 101 
1 101 
2 3740 101 
1 101 
3 951 101 3516 
2 171 101 
1 101 
2 102 1014 
4 2715 990 102 423 
3 1473 3024 102 
3 102 2347 3752 
2 102 3290 
1 102 
2 102 1433 
1 102 
3 1381 102 3045 
1 102 
5 1232 2588 1314 102 2326 
2 3028 102 
3 102 1883 1820 
3 1940 2430 102 
2 102 2544 
3 2153 4463 102 
2 3425 102 
3 4175 487 102 
3 3282 152 102 
3 4337 102 1582 
3 3546 657 102 
3 3396 1636 103 
1 103 
1 103 
3 579 3743 103 
3 578 103 3753 
1 103 
3 1743 4513 103 
2 1336 103 
1 103 
1 103 
2 2030 103 
3 1882 103 4014 
1 103 
1 103 
1 103 
1 103 
2 4567 103 
2 103 995 
4 3505 3151 2363 104 
3 1272 2417 104 
1 104 
1 104 
2 691 104 
1 104 
2 300 104 
3 1843 3427 104 
2 711 104 
3 2734 1657 104 
1 104 
2 994 104 
1 104 
1 104 
2 1808 104 
1 104 
1 104 
1 104 
1 104 
1 105 
2 2653 105 
1 105 
3 3756 3467 105 
2 1955 105 
2 414 105 
1 105 
2 233 105 
2 1350 105 
1 105 
2 3126 105 
2 203 105 
1 105 
3 3538 4474 105 
3 677 1012 105 
1 105 
1 105 
2 105 4105 
1 105 
2 1000 105 
2 3105 105 
2 3231 105 
1 105 
3 213 3100 105 
1 105 
1 105 
2 2436 105 
1 106 
2 2207 106 
2 978 106 
3 2552 1751 106 
1 106 
4 1440 2431 4222 106 
3 861 1638 106 
3 4459 4245 106 
2 665 106 
1 106 
4 323 311 836 106 
2 552 106 
3 458 298 106 
4 107 384 3603 174 
1 107 
1 107 
1 107 
2 107 2384 
2 107 3389 
1 107 
4 107 335 2687 907 
3 107 3360 2062 
4 107 3026 4384 3603 
1 107 
3 107 1318 1493 
1 107 
2 107 2989 
1 107 
2 107 449 
1 107 
2 107 2783 
3 107 1442 3161 
1 107 
2 107 3827 
1 107 
1 107 
1 107 
2 107 411 
5 107 1876 2363 2810 3021 
2 107 2235 
2 107 2499 
2 107 4329 
1 107 
1 107 
2 107 1281 
1 108 
1 108 
2 108 885 
1 108 
1 108 
1 108 
2 108 644 
1 108 
1 108 
2 108 1939 
3 108 3030 2262 
3 108 2778 3977 
2 108 2250 
3 109 3155 4413 
2 2506 109 
1 109 
2 109 1584 
2 109 1342 
1 109 
1 109 
2 4563 109 
2 109 2794 
2 109 350 
1 109 
1 109 
1 109 
1 109 
3 4035 109 2740 
1 109 
2 2508 109 
2 109 2133 
1 109 
3 2604 1631 109 
2 109 1035 
2 109 2720 
1 110 
4 545 110 1896 2678 
2 110 1292 
1 110 
1 110 
1 110 
1 110 
1 110 
5 110 2870 3313 3227 3163 
1 110 
2 110 3918 
1 110 
2 110 1731 
2 931 110 
2 110 958 
1 110 
2 3609 111 
3 2272 111 251 
1 111 
1 111 
1 111 
1 111 
2 111 2740 
2 111 2171 
3 111 1390 231 
1 111 
1 111 
3 4053 111 2846 
1 111 
2 112 4505 
4 112 1879 2614 1037 
3 944 112 4328 
1 112 
1 112 
1 112 
4 3630 112 3749 1231 
2 3363 112 
1 112 
4 1741 112 209 2189 
1 112 
1 113 
2 2442 113 
1 113 
2 3405 113 
2 113 4289 
2 3810 113 
2 2905 113 
1 113 
2 2941 113 
1 113 
2 2187 113 
3 1665 113 4562 
2 4225 113 
1 113 
1 113 
1 113 
3 3955 3550 113 
3 871 4355 114 
1 114 
1 114 
4 3665 2229 4303 114 
1 114 
3 1059 114 3802 
3 1342 965 114 
2 4127 114 
1 114 
3 1397 1944 114 
3 2800 3791 114 
2 1635 114 
2 4210 114 
3 815 114 608 
1 114 
2 2719 114 
1 114 
2 4537 114 
1 114 
2 1094 115 
2 1097 115 
1 115 
2 580 115 
2 115 2452 
3 4193 4317 115 
3 858 1740 115 
2 1752 115 
2 3042 115 
1 115 
1 115 
4 771 601 1779 115 
2 1465 115 
1 115 
3 1846 1036 115 
2 2606 115 
1 115 
1 115 
2 1445 116 
2 1897 116 
3 3122 3944 116 
1 116 
1 116 
2 3292 116 
2 4468 116 
2 1895 116 
2 3247 116 
1 116 
1 116 
2 4128 116 
2 1379 116 
2 3891 116 
1 116 
1 116 
1 116 
1 116 
2 116 4452 
2 1287 116 
2 2057 116 
2 117 1562 
2 117 1868 
1 117 
4 117 240 4441 4229 
1 117 
3 117 4403 2812 
1 117 
2 117 806 
2 117 3332 
3 117 2858 3064 
1 117 
2 117 3684 
1 117 
1 117 
1 117 
1 117 
2 117 252 
2 117 2787 
1 117 
3 117 456 1486 
2 117 2050 
4 117 3380 1781 1187 
2 118 432 
1 118 
4 4294 3541 118 3864 
1 118 
2 118 1032 
2 118 2540 
2 118 787 
3 118 2410 2688 
1 118 
2 118 3978 
2 118 942 
1 118 
2 118 2410 
1 118 
3 2086 118 2170 
3 2474 118 3476 
1 118 
4 3434 118 4514 1644 
1 118 
1 118 
3 119 3724 2599 
1 119 
1 119 
1 119 
1 119 
1 119 
2 119 2607 
1 119 
3 119 2787 1661 
2 119 4521 
3 119 986 3880 
1 119 
2 119 3246 
2 119 830 
1 119 
2 2149 119 
2 119 558 
2 119 1709 
1 119 
1 119 
1 119 
1 120 
1 120 
1 120 
1 120 
1 120 
1 120 
2 120 4024 
2 1350 120 
2 4383 120 
1 120 
2 120 4212 
3 120 2821 907 
1 120 
4 121 1710 173 3202 
2 321 121 
1 121 
2 386 121 
1 121 
3 121 2519 3752 
2 121 1696 
5 4586 121 3094 2356 2361 
1 121 
2 121 2031 
4 121 3680 3429 2420 
1 121 
1 121 
2 121 806 
2 2087 121 
2 121 3332 
2 121 3324 
4 121 122 2413 2505 
3 121 3011 1450 
2 576 122 
4 1540 3153 122 4003 
2 122 551 
2 122 1951 
1 122 
1 122 
3 4150 122 1370 
2 1920 122 
3 3602 122 2060 
2 122 2137 
1 122 
1 122 
2 122 605 
5 4210 122 3122 2706 3111 
2 122 2131 
3 122 802 3619 
1 122 
3 122 1263 4391 
2 123 685 
1 123 
2 2253 123 
1 123 
1 123 
1 123 
3 4472 123 2692 
1 123 
1 123 
3 930 4195 123 
2 123 2926 
3 123 4364 1039 
2 2292 123 
2 3804 123 
2 124 3458 
2 124 4560 
1 124 
2 124 1429 
1 124 
1 124 
1 124 
1 124 
1 124 
1 124 
2 124 2636 
2 3418 124 
2 3022 124 
1 124 
3 2954 124 4308 
2 124 1780 
2 2899 124 
2 1305 124 
2 3298 124 
2 125 3841 
2 125 2364 
2 125 1318 
1 125 
2 808 125 
1 125 
1 125 
2 125 2809 
2 1984 125 
1 125 
3 125 423 3732 
1 125 
2 875 125 
1 125 
3 3503 125 3291 
1 125 
2 125 1511 
1 125 
1 125 
1 125 
2 4317 126 
1 126 
2 126 850 
1 126 
1 126 
1 126 
5 126 3430 1715 2172 3335 
2 2921 126 
1 126 
2 585 126 
4 4549 603 126 1319 
2 359 126 
6 824 4568 126 2983 2420 3392 
3 2191 4496 127 
2 2803 127 
3 670 127 2206 
1 127 
2 3276 127 
3 127 3388 1582 
2 3520 127 
2 2973 127 
5 1065 1173 1372 4533 127 
1 127 
1 127 
2 750 127 
1 127 
2 2408 127 
3 1480 127 1890 
1 127 
1 127 
2 4044 127 
1 127 
1 127 
5 4476 2872 127 3289 2666 
1 128 
1 128 
1 128 
2 128 1151 
2 4020 128 
1 128 
2 128 3204 
1 128 
1 128 
2 4229 128 
2 365 128 
1 128 
2 128 850 
3 1141 2354 128 
1 128 
1 128 
1 128 
3 1034 128 2061 
2 128 288 
1 128 
2 128 2793 
2 295 128 
1 129 
2 2628 129 
2 1123 129 
2 2135 129 
2 1081 129 
2 129 921 
1 129 
2 2574 129 
1 129 
2 404 129 
2 130 693 
2 1588 130 
2 130 1527 
1 130 
1 130 
1 130 
1 130 
1 130 
3 130 3988 3862 
5 4568 4325 1879 130 3105 
2 130 1016 
1 130 
2 150 130 
1 130 
2 2591 130 
2 130 2556 
2 1827 130 
1 130 
3 1477 1910 130 
2 1810 130 
1 130 
2 130 1137 
2 130 935 
2 359 130 
2 1444 130 
3 2605 130 2792 
3 130 942 435 
3 4150 3975 130 
2 3401 130 
4 3890 2819 2057 131 
1 131 
1 131 
2 2573 131 
1 131 
1 131 
1 131 
1 131 
2 1207 131 
3 1155 131 1149 
2 2707 131 
4 2369 3658 131 3430 
1 131 
2 3769 131 
1 131 
1 132 
2 132 2209 
3 1541 132 2584 
2 132 2303 
2 2375 132 
1 132 
1 132 
1 132 
3 3978 4089 132 
1 132 
2 132 3838 
2 2242 132 
2 3095 132 
1 132 
1 132 
2 1419 132 
1 132 
1 132 
4 1827 984 132 4288 
2 132 834 
1 132 
1 133 
2 4315 133 
1 133 
1 133 
3 2550 1576 133 
1 133 
2 4194 133 
1 133 
4 4385 2953 1969 133 
1 133 
2 4439 133 
2 133 3462 
3 2464 151 133 
1 133 
1 133 
1 133 
2 3934 133 
1 133 
2 3511 134 
1 134 
2 228 134 
3 134 135 3663 
1 134 
2 1830 134 
2 2757 134 
1 134 
3 1332 3145 134 
1 134 
1 134 
2 2106 134 
2 134 1906 
1 134 
1 134 
1 134 
1 134 
2 1271 134 
2 2749 134 
2 4061 134 
1 134 
1 134 
2 2706 134 
1 134 
3 1568 134 2526 
1 134 
2 771 135 
3 4569 152 135 
2 1324 135 
1 135 
1 135 
1 135 
2 1912 135 
3 4159 4573 135 
2 1265 135 
2 309 135 
4 2213 3530 1007 135 
2 1188 135 
3 1585 1534 135 
2 520 135 
1 135 
2 1430 135 
1 135 
2 1094 135 
2 3236 135 
2 2152 135 
4 1287 3154 2356 135 
2 4578 135 
1 135 
3 824 1292 135 
3 3377 2446 135 
3 4296 2981 135 
1 135 
1 136 
2 486 136 
1 136 
2 1174 136 
4 335 1623 3085 136 
1 136 
1 136 
1 136 
1 136 
3 760 4101 136 
1 136 
5 3846 1743 2664 2435 136 
2 2598 136 
2 3596 136 
2 136 4583 
2 937 136 
3 4348 2999 137 
2 4281 137 
2 882 137 
1 137 
3 2048 3255 137 
5 4057 752 3798 137 1453 
2 4310 137 
2 1283 137 
2 2284 137 
4 580 788 137 2211 
3 4348 1915 137 
1 137 
1 137 
3 987 3064 137 
1 137 
1 137 
1 137 
1 138 
1 138 
3 1479 669 138 
1 138 
1 138 
1 138 
3 2095 1272 138 
1 138 
1 138 
1 138 
1 138 
3 704 537 138 
5 3029 2234 687 2204 138 
1 138 
2 1343 138 
2 1855 138 
2 2000 138 
1 138 
4 4229 3793 4430 138 
2 139 3442 
2 139 720 
2 139 2660 
1 139 
2 139 1345 
3 139 4171 566 
1 139 
1 139 
3 139 1632 1752 
1 139 
2 139 2648 
2 139 3352 
1 139 
2 139 4466 
2 139 330 
5 139 280 1244 227 3901 
3 139 1048 641 
1 139 
1 139 
1 139 
2 139 1503 
1 139 
1 139 
3 139 729 1674 
2 140 1421 
3 140 1544 169 
1 140 
3 140 1723 3122 
1 140 
2 140 508 
1 140 
2 140 2188 
1 140 
3 140 1885 3947 
1 140 
1 140 
3 140 2162 1736 
2 140 3136 
1 140 
2 140 4500 
4 140 279 2377 2344 
2 161 140 
3 140 3364 1926 
1 140 
2 140 3569 
2 140 2584 
2 140 2547 
4 140 345 166 2198 
2 141 1809 
1 141 
1 141 
3 141 4153 3339 
2 141 1429 
5 4109 141 1101 2279 959 
1 141 
2 2857 141 
2 2507 141 
2 141 4299 
2 141 3181 
2 141 3388 
3 141 1776 1015 
1 141 
3 141 2480 1996 
2 141 2170 
1 141 
2 2332 141 
3 141 3769 870 
3 141 3949 3822 
1 142 
2 142 1480 
1 142 
6 1497 142 3850 489 3816 1430 
2 2588 142 
1 142 
2 142 2401 
1 142 
2 142 1124 
1 142 
3 142 1215 3401 
2 142 2985 
1 142 
1 142 
2 1022 142 
2 142 3479 
2 142 3146 
1 142 
2 142 3061 
2 142 1644 
1 142 
2 3377 143 
2 826 143 
2 143 605 
1 143 
2 143 3656 
1 143 
1 143 
3 909 143 3553 
1 143 
1 143 
2 143 2239 
4 274 2901 143 4403 
3 1774 143 4305 
1 143 
2 1608 143 
1 143 
1 143 
2 143 3300 
3 1790 144 810 
2 144 4015 
2 1232 144 
3 144 2802 3386 
2 144 2336 
2 4154 144 
2 144 3224 
1 144 
3 144 4433 1192 
2 144 1409 
2 144 4521 
1 144 
1 144 
2 2900 144 
3 3783 144 3437 
1 144 
2 144 2220 
2 144 3932 
2 144 2526 
1 144 
1 144 
2 144 972 
2 144 208 
1 144 
2 144 678 
3 4109 144 1495 
2 144 4375 
1 144 
1 145 
2 145 4221 
1 145 
1 145 
1 145 
1 145 
1 145 
2 1628 145 
3 145 1102 687 
2 145 291 
1 145 
1 145 
4 145 3212 3142 2916 
1 145 
1 145 
3 1156 145 520 
1 145 
2 146 2470 
3 146 2867 645 
4 146 431 2847 3625 
2 3152 146 
4 3271 146 710 957 
1 146 
3 146 2258 195 
2 404 146 
1 146 
1 146 
3 146 1336 3407 
3 146 3703 1670 
2 146 1839 
2 146 1997 
2 146 3942 
2 146 4063 
4 444 146 4433 1254 
5 297 182 146 3406 2894 
2 147 4071 
1 147 
2 359 147 
1 147 
2 147 2500 
2 3136 147 
2 3300 147 
2 147 2021 
2 1198 147 
3 147 2450 373 
1 147 
3 1116 1311 147 
3 147 4403 4313 
1 147 
1 147 
1 148 
1 148 
1 148 
4 148 3705 3724 3555 
1 148 
2 1142 148 
2 1537 148 
3 3151 148 514 
2 148 955 
3 148 603 2260 
3 3602 148 1710 
1 148 
2 148 4188 
1 148 
3 410 148 4203 
1 148 
3 3297 148 2037 
2 148 661 
2 3382 149 
1 149 
3 1233 759 149 
2 149 2632 
4 3807 149 1338 2468 
2 1940 149 
2 1653 149 
1 149 
2 3907 149 
3 149 229 4358 
1 149 
3 149 1052 1714 
2 3924 149 
1 149 
1 149 
2 1976 149 
1 149 
1 149 
1 149 
1 149 
4 672 149 689 1931 
1 149 
1 150 
2 2513 150 
2 3997 150 
1 150 
3 3833 150 4217 
3 686 150 1855 
1 150 
1 150 
2 3601 150 
3 150 2693 3226 
1 150 
2 150 2505 
1 150 
2 150 2826 
1 151 
2 3464 151 
1 151 
3 2158 151 4410 
1 151 
2 151 3839 
1 151 
2 151 3942 
1 151 
1 151 
1 151 
1 151 
2 3976 151 
2 2711 151 
2 726 151 
2 897 151 
1 151 
1 152 
2 152 4560 
2 4550 152 
2 272 152 
1 152 
1 152 
1 152 
3 4114 1811 152 
2 152 2421 
2 4115 152 
1 152 
3 3032 152 4411 
2 4090 152 
1 152 
1 152 
1 152 
3 152 848 231 
4 3635 388 152 154 
2 152 2170 
2 2466 153 
1 153 
2 2049 153 
1 153 
2 2154 153 
1 153 
2 2058 153 
3 153 2740 1450 
2 153 2187 
1 153 
3 4182 3014 153 
2 153 631 
2 153 3963 
1 153 
3 3600 153 4578 
1 153 
2 1397 153 
2 153 3708 
3 371 153 3685 
1 153 
2 2296 153 
2 206 153 
1 153 
4 892 2055 153 268 
2 991 153 
2 153 995 
1 153 
2 153 4486 
1 153 
1 154 
1 154 
4 794 1204 154 542 
1 154 
1 154 
2 4524 154 
2 3680 154 
4 4292 1067 4558 154 
1 154 
1 154 
3 1066 154 2833 
1 154 
2 3913 154 
3 2336 154 2724 
2 154 3837 
2 154 1836 
4 1913 601 154 157 
2 1318 155 
1 155 
3 3281 155 1510 
2 1968 155 
3 1895 155 541 
1 155 
1 155 
1 155 
3 155 268 4561 
1 155 
1 155 
1 155 
1 155 
2 3088 155 
1 155 
1 155 
2 3849 155 
5 2699 3196 4195 155 4076 
1 156 
2 3329 156 
2 3081 156 
1 156 
2 936 156 
2 244 156 
1 156 
2 156 3693 
4 414 2410 4541 156 
2 2615 156 
1 156 
1 156 
1 156 
1 156 
2 156 2128 
2 3976 156 
1 156 
1 156 
2 771 156 
4 2568 2125 156 1554 
1 156 
2 3139 156 
1 156 
3 3866 4307 156 
2 156 3226 
3 156 541 2435 
1 156 
2 1839 157 
1 157 
1 157 
2 3173 157 
2 506 157 
1 157 
1 157 
1 157 
1 157 
4 2308 2774 2435 157 
1 157 
1 157 
1 157 
2 2115 157 
1 157 
1 157 
2 4381 157 
2 4467 157 
1 157 
1 157 
1 157 
1 158 
2 1631 158 
3 2922 2784 158 
2 3929 158 
2 810 158 
2 3107 158 
2 349 158 
1 158 
5 3493 916 2894 1888 158 
2 437 158 
1 158 
3 2650 4557 158 
3 3318 2831 158 
1 158 
5 159 3212 4530 1925 3182 
2 159 4021 
3 159 1107 1525 
4 159 2086 2939 1015 
3 159 404 2902 
3 159 2423 1793 
2 159 2688 
4 159 2190 3527 1991 
3 159 3792 4482 
3 159 4048 1676 
2 159 3796 
2 159 1699 
2 159 3698 
2 159 2163 
2 159 3571 
3 159 2220 3659 
1 160 
2 160 1022 
2 160 4184 
2 160 988 
1 160 
1 160 
1 160 
1 160 
2 160 668 
3 1909 160 3116 
1 160 
1 160 
3 160 3640 1059 
4 160 274 312 218 
4 272 160 652 4432 
1 160 
1 160 
2 160 2805 
3 3148 160 4119 
1 160 
1 160 
3 160 1399 3446 
2 160 3976 
3 161 1159 3483 
2 161 3748 
1 161 
2 161 4096 
1 161 
2 221 161 
1 161 
1 161 
2 161 1991 
3 161 1396 3085 
2 161 309 
1 161 
1 161 
2 161 3568 
1 161 
2 2403 161 
1 161 
2 161 2533 
2 161 3652 
2 161 1940 
2 3906 161 
1 162 
1 162 
1 162 
1 162 
4 3148 162 1125 2894 
2 162 4318 
2 162 4469 
1 162 
1 162 
3 4175 162 1295 
1 162 
1 162 
1 162 
2 616 162 
3 162 1440 3872 
2 162 3738 
5 162 2860 3760 213 3628 
3 162 606 1643 
3 162 2981 3110 
3 162 2220 3373 
1 162 
1 163 
2 163 969 
2 163 2126 
2 163 2017 
1 163 
3 4240 163 1927 
3 3417 163 4434 
2 163 2686 
1 163 
1 163 
1 163 
1 163 
1 163 
1 163 
1 163 
1 163 
1 163 
3 163 2381 1695 
2 163 2314 
1 163 
1 163 
1 163 
1 164 
1 164 
2 164 1617 
3 3842 164 1550 
2 2715 164 
2 164 3598 
2 826 164 
1 164 
3 164 1848 3821 
1 164 
2 1372 164 
2 4054 164 
1 164 
1 164 
1 164 
2 164 3903 
1 164 
2 164 1240 
1 165 
2 165 3934 
3 678 2903 165 
1 165 
2 165 4541 
1 165 
3 1284 165 4514 
4 2510 165 917 1248 
1 165 
1 165 
4 279 165 4142 3903 
1 165 
2 3070 165 
2 165 2065 
1 165 
1 165 
2 165 1219 
2 459 165 
1 165 
1 165 
2 165 2526 
4 4490 2051 165 899 
2 165 2487 
3 674 2311 165 
4 165 4195 4365 519 
1 165 
1 165 
2 977 166 
3 2028 166 2948 
3 166 1653 2472 
1 166 
3 2923 166 2853 
2 166 713 
1 166 
1 166 
1 166 
2 166 375 
1 166 
1 166 
2 3641 166 
1 166 
2 3733 166 
1 166 
1 166 
2 166 2220 
4 3868 3954 166 1685 
1 167 
1 167 
4 233 4568 167 1145 
2 167 3146 
1 167 
2 167 1062 
2 167 1005 
2 4298 167 
1 167 
4 1790 167 2419 1037 
1 167 
2 1497 167 
2 610 167 
2 4191 167 
3 3087 167 1672 
2 380 167 
2 1743 167 
3 2335 167 2418 
1 167 
4 3672 167 1084 4467 
2 167 2499 
2 1400 168 
3 600 168 1949 
2 168 4449 
3 2798 168 1195 
3 3635 168 3371 
1 168 
1 168 
2 168 3967 
2 168 3442 
1 168 
3 4191 168 1013 
1 168 
1 168 
1 168 
2 1237 168 
2 1031 168 
2 168 2758 
1 168 
2 1609 168 
2 4363 168 
4 3694 169 1384 832 
1 169 
1 169 
2 4512 169 
2 2153 169 
1 169 
1 169 
2 169 2248 
3 303 169 2789 
2 169 568 
1 169 
1 169 
1 169 
4 169 1883 3689 3391 
1 169 
3 3340 169 588 
1 169 
3 1869 169 3227 
3 279 170 955 
2 170 1491 
1 170 
4 2836 170 4250 2692 
2 4149 170 
1 170 
2 170 2348 
1 170 
3 2950 4036 170 
2 1668 170 
3 843 4514 170 
2 3529 170 
3 2857 170 640 
1 170 
4 2511 2806 170 1389 
3 2150 170 350 
1 170 
4 170 3746 3369 1091 
3 170 763 2505 
2 406 171 
1 171 
3 709 171 401 
3 2068 1031 171 
3 3415 171 1110 
1 171 
1 171 
2 233 171 
5 1023 171 2825 4184 2587 
3 599 171 990 
1 171 
2 1941 171 
2 2255 171 
2 171 2916 
3 3432 171 2909 
2 1204 171 
3 171 3462 482 
2 426 171 
3 3719 4114 171 
1 172 
2 3465 172 
1 172 
2 3397 172 
1 172 
2 3235 172 
4 3852 172 2465 1270 
2 172 1366 
2 1159 172 
2 3695 172 
3 4473 172 1556 
1 172 
1 172 
2 172 2063 
1 172 
3 1866 2093 172 
3 357 172 4120 
2 172 2413 
5 1943 172 2599 2499 1660 
1 172 
2 173 3407 
1 173 
3 3717 173 2366 
2 1936 173 
2 3508 173 
2 2868 173 
2 173 423 
2 1323 173 
1 173 
1 173 
3 2747 3344 173 
1 173 
1 173 
2 202 173 
3 459 173 3185 
1 173 
3 173 1056 853 
2 174 1907 
1 174 
2 3955 174 
2 424 174 
2 450 174 
1 174 
1 174 
1 174 
3 4275 1263 174 
3 2454 4425 174 
1 174 
2 3986 174 
1 174 
3 2635 174 3409 
1 174 
3 2987 3677 175 
2 3413 175 
3 1202 175 1661 
3 2108 3797 175 
1 175 
2 4229 175 
1 175 
1 175 
3 1866 1984 175 
2 1406 175 
2 3892 175 
1 175 
3 4305 2364 175 
1 175 
1 175 
3 3999 2830 175 
2 704 175 
1 175 
1 175 
2 3187 175 
1 175 
1 175 
2 4183 175 
4 973 4491 3892 175 
2 176 3973 
2 176 1668 
2 176 632 
1 176 
2 176 1322 
2 176 3142 
1 176 
1 176 
2 176 654 
2 176 826 
2 176 1101 
2 176 4243 
2 176 215 
2 176 4037 
1 177 
2 177 2487 
2 177 988 
2 2086 177 
1 177 
2 177 3614 
2 177 3436 
2 177 488 
2 177 3566 
2 2642 177 
1 177 
1 177 
2 1648 177 
4 546 177 1000 4300 
2 177 2044 
1 177 
2 177 3861 
1 177 
3 178 2512 3918 
2 178 1880 
1 178 
2 178 1130 
1 178 
1 178 
1 178 
3 178 3155 4428 
2 178 1859 
2 178 3385 
2 178 2678 
1 178 
1 178 
1 178 
2 178 744 
2 178 3819 
1 178 
2 4342 179 
3 4083 179 2118 
2 179 422 
1 179 
2 2351 179 
6 1154 595 179 4404 4302 852 
1 179 
2 179 3869 
2 4524 179 
2 179 2067 
2 179 1074 
3 179 735 1673 
1 179 
2 179 2268 
1 179 
1 179 
2 179 2843 
1 179 
2 179 2935 
4 179 2006 345 1791 
1 179 
1 179 
3 179 321 522 
2 179 3826 
1 179 
1 180 
1 180 
1 180 
1 180 
2 180 3510 
1 180 
3 180 3200 822 
2 180 2791 
1 180 
2 180 3162 
3 1864 180 1463 
2 180 1202 
1 180 
1 180 
2 180 284 
1 180 
3 180 4497 4183 
1 180 
1 180 
3 180 4366 4395 
2 180 1992 
3 296 181 3661 
2 181 4304 
1 181 
2 181 1542 
1 181 
1 181 
2 181 3912 
2 181 474 
2 181 850 
2 1285 181 
2 181 3687 
3 927 181 4297 
2 181 1563 
3 181 3688 2708 
3 859 181 1277 
3 181 3256 4487 
1 182 
2 182 3036 
3 182 1994 2980 
4 182 2430 2942 761 
4 2145 182 2154 3992 
2 182 1216 
1 182 
1 182 
1 182 
4 1501 4022 183 4335 
2 2228 183 
2 183 690 
2 183 521 
2 183 1626 
2 183 4305 
2 3507 183 
1 183 
2 183 1346 
1 183 
1 183 
3 183 1243 2437 
1 183 
2 880 183 
1 183 
3 183 1380 631 
1 183 
3 2901 183 1625 
2 183 809 
1 183 
2 183 3224 
3 183 4388 814 
3 3978 184 2247 
1 184 
1 184 
1 184 
1 184 
4 3340 184 1109 3020 
1 184 
1 184 
3 381 184 1429 
3 486 184 1974 
2 184 3176 
2 184 3308 
1 184 
2 184 4508 
1 184 
1 184 
4 4470 184 347 1392 
1 184 
1 184 
3 1609 185 4119 
2 185 4502 
1 185 
3 547 185 3205 
1 185 
1 185 
3 4114 185 4506 
2 2840 185 
1 185 
3 185 1573 2599 
2 185 3163 
2 185 1056 
3 3583 185 820 
2 1869 185 
3 2645 185 1767 
2 185 4145 
2 2272 186 
1 186 
3 1324 368 186 
1 186 
2 186 1600 
1 186 
2 413 186 
3 186 3709 3334 
1 186 
2 186 4221 
1 186 
2 186 402 
2 3464 186 
2 4316 186 
1 186 
3 3057 186 2413 
2 4364 186 
1 186 
1 186 
2 186 2338 
2 186 3040 
2 186 2018 
3 200 186 3593 
2 186 3596 
2 186 3369 
1 186 
1 186 
3 3924 186 4246 
4 723 3093 3829 186 
3 3356 1232 187 
2 3421 187 
3 187 471 4331 
1 187 
2 187 3160 
1 187 
2 187 1578 
1 187 
1 187 
3 235 187 2910 
2 368 187 
3 2935 1926 187 
2 1288 187 
2 187 1557 
3 3039 187 643 
3 3672 1180 187 
1 188 
2 984 188 
1 188 
1 188 
1 188 
1 188 
2 1070 188 
3 3434 1427 188 
2 1877 188 
3 4212 188 3411 
2 647 188 
1 188 
2 1260 188 
3 954 1105 188 
4 2369 2935 188 4411 
2 188 308 
2 3761 188 
3 4023 4441 188 
1 188 
2 188 4353 
2 188 312 
1 188 
4 2483 188 228 1197 
4 189 4009 3310 1493 
1 189 
1 189 
2 189 4365 
3 4384 760 189 
2 189 3223 
1 189 
3 189 1007 2042 
2 189 497 
2 189 941 
2 2071 189 
2 3932 189 
2 189 4313 
2 189 3391 
1 189 
4 3188 189 992 3966 
2 2247 189 
1 189 
1 189 
4 2050 2408 189 1319 
3 1703 2072 189 
1 189 
2 1427 190 
3 2108 190 218 
2 190 4075 
1 190 
4 190 4263 568 4237 
2 190 3224 
2 3726 190 
1 190 
1 190 
1 190 
2 4172 190 
2 201 191 
3 1680 462 191 
1 191 
3 191 2601 2813 
2 191 4029 
1 191 
2 265 191 
3 1052 191 715 
2 881 191 
3 235 4345 191 
2 1632 191 
1 191 
3 191 918 1838 
3 191 1449 884 
2 4401 191 
2 1591 192 
2 192 3945 
4 2868 1599 192 1531 
1 192 
1 192 
1 192 
1 192 
2 343 192 
2 192 3794 
1 192 
2 2279 192 
4 4338 3156 532 192 
2 192 2746 
2 3789 192 
1 192 
2 192 3158 
2 3467 192 
2 2716 192 
2 3872 192 
1 192 
1 192 
3 2274 192 4101 
1 192 
3 4390 193 2453 
3 1500 3893 193 
1 193 
2 2954 193 
1 193 
3 1512 193 3821 
2 2257 193 
2 432 193 
1 193 
3 1478 990 193 
2 4204 193 
1 193 
3 1440 2818 193 
3 696 193 4071 
3 4541 193 4287 
3 575 193 3535 
1 193 
3 3809 3259 193 
3 579 193 2814 
1 194 
2 924 194 
2 3842 194 
2 194 3560 
2 194 2165 
3 754 1382 194 
2 194 3693 
1 194 
3 194 1390 971 
1 194 
2 2976 194 
1 194 
1 194 
3 4524 1640 194 
2 194 3065 
2 2613 194 
2 2991 194 
1 194 
3 2473 810 194 
3 3254 3825 195 
2 430 195 
1 195 
2 1784 195 
2 2706 195 
1 195 
2 351 195 
3 894 3084 195 
2 2818 195 
2 1597 195 
3 3418 1516 195 
1 195 
1 195 
2 1022 195 
5 4293 778 350 195 1584 
1 195 
2 263 195 
1 195 
1 195 
2 3518 195 
3 2567 809 195 
1 195 
2 2351 195 
1 196 
2 196 3109 
1 196 
2 196 3314 
2 196 3544 
1 196 
1 196 
4 196 1128 3222 3799 
1 196 
1 196 
1 196 
1 196 
1 196 
2 196 1225 
1 196 
2 196 2379 
2 196 857 
1 196 
1 196 
4 196 248 1055 1735 
1 196 
2 197 943 
1 197 
1 197 
2 197 246 
2 197 2588 
2 197 2319 
3 197 3474 3487 
2 197 3805 
1 197 
1 197 
1 197 
2 197 4186 
1 197 
1 197 
2 197 465 
2 197 2762 
1 197 
4 197 4384 3279 3266 
1 197 
2 198 208 
4 198 4405 1191 3207 
2 198 2958 
1 198 
1 198 
2 198 1837 
1 198 
3 198 3589 4584 
2 198 3063 
1 198 
1 198 
1 198 
1 198 
3 3520 198 2222 
2 198 961 
1 198 
1 198 
1 198 
1 199 
4 199 2962 4502 3692 
2 199 4114 
1 199 
1 199 
5 199 1586 1512 1173 1568 
3 199 3137 1829 
1 199 
2 199 1078 
4 199 2871 1812 3744 
1 199 
3 199 3270 2640 
2 199 4187 
1 200 
2 506 200 
1 200 
3 200 561 1609 
2 200 4360 
1 200 
4 200 2993 1691 2913 
2 200 560 
3 200 2308 667 
3 200 3782 1571 
2 200 1136 
3 200 1681 2780 
2 201 4102 
3 201 1291 2814 
2 201 1089 
1 201 
2 201 1208 
3 201 1923 4141 
2 201 3314 
4 3451 201 774 2268 
1 201 
2 1233 201 
2 201 1556 
1 201 
1 201 
2 201 1687 
2 201 4492 
2 201 3034 
1 201 
1 201 
2 201 3748 
2 201 3343 
3 201 1072 1136 
2 201 1014 
1 202 
1 202 
1 202 
2 3488 202 
2 202 328 
2 202 2586 
4 202 3101 2998 3186 
2 202 2188 
5 3630 1199 202 2611 2358 
1 202 
1 202 
3 202 4095 1130 
2 202 1861 
1 202 
1 202 
3 202 1069 4363 
4 202 1428 816 3460 
2 202 1050 
3 202 2567 2010 
1 202 
1 202 
2 202 4477 
2 202 3603 
1 202 
2 202 1878 
2 202 4399 
1 203 
3 2974 203 4443 
1 203 
3 203 1357 3479 
1 203 
1 203 
1 203 
2 2423 203 
1 203 
2 203 1338 
1 203 
1 203 
2 203 1330 
2 3733 203 
1 203 
4 702 203 739 1644 
1 203 
3 1419 203 270 
2 203 2079 
2 2855 203 
2 1769 203 
1 204 
1 204 
3 4038 302 204 
2 2531 204 
3 3149 204 986 
2 3608 204 
3 4337 204 3727 
2 204 2396 
1 204 
3 4112 204 823 
1 204 
1 204 
2 3770 204 
2 358 204 
2 1611 204 
1 204 
1 204 
1 204 
2 205 2204 
2 205 3382 
2 205 3501 
2 4019 205 
1 205 
1 205 
1 205 
1 205 
1 205 
3 205 2523 835 
1 205 
2 205 628 
3 1325 4383 205 
3 1563 205 3157 
2 205 4594 
1 205 
1 205 
1 206 
2 206 2239 
2 206 3262 
1 206 
1 206 
2 2716 206 
3 2027 206 765 
2 206 4237 
2 206 1643 
2 206 2661 
3 206 941 823 
2 206 2914 
2 206 1359 
1 206 
1 206 
1 206 
1 206 
2 206 1196 
1 206 
3 2917 206 3817 
1 206 
1 206 
2 206 4348 
4 3757 206 1464 4559 
4 206 394 1814 3085 
1 206 
4 241 206 4117 4124 
2 207 4265 
3 1517 4423 207 
2 207 2011 
1 207 
2 3538 207 
3 671 207 1320 
2 4385 207 
3 207 1448 1272 
1 207 
3 1650 207 1661 
2 2611 207 
3 207 1051 3015 
1 207 
2 1498 207 
2 207 4503 
1 207 
2 207 3981 
2 3190 207 
1 207 
2 207 1058 
1 207 
2 262 207 
3 207 2704 3802 
3 3948 207 1207 
1 207 
2 207 4537 
2 207 2122 
1 208 
1 208 
1 208 
3 2800 208 2879 
1 208 
2 4134 208 
3 208 4026 1428 
1 208 
5 3925 3655 3010 208 3411 
2 208 3012 
1 208 
2 208 4078 
2 4553 208 
3 3649 208 3182 
2 208 3428 
1 208 
2 208 1378 
1 208 
2 208 4078 
1 208 
1 208 
3 1437 2276 209 
2 209 2317 
2 209 1245 
1 209 
1 209 
1 209 
2 209 1015 
3 4111 240 209 
3 209 688 1619 
1 209 
1 209 
3 209 817 1887 
1 209 
3 209 310 939 
2 3953 209 
3 1909 3279 209 
1 209 
2 209 4245 
2 209 3664 
2 1534 209 
1 209 
3 4197 209 338 
2 3378 210 
3 2428 210 2586 
1 210 
3 267 210 713 
3 2798 1123 210 
2 2859 210 
2 4363 210 
1 210 
1 210 
1 210 
2 2675 210 
1 210 
1 210 
1 210 
1 210 
3 4565 210 557 
1 210 
1 210 
1 210 
1 210 
1 210 
2 1030 211 
2 2752 211 
3 211 567 3765 
3 1896 584 211 
1 211 
3 3217 211 2064 
2 211 541 
1 211 
2 211 2035 
1 211 
1 211 
2 4381 211 
3 1629 3032 211 
6 1032 882 211 3578 1693 3486 
3 3166 3401 211 
1 211 
2 3897 211 
2 211 3935 
4 2944 211 835 454 
2 1073 211 
2 1336 212 
3 3328 212 3346 
1 212 
3 2293 212 790 
2 2630 212 
7 1479 1316 1220 2449 212 3085 3293 
1 212 
4 1044 684 212 4148 
1 212 
2 212 1054 
1 212 
1 212 
2 770 212 
2 212 2946 
3 1869 3814 213 
1 213 
1 213 
1 213 
1 213 
1 213 
3 213 2281 2435 
1 213 
3 3719 213 2400 
1 213 
1 213 
1 213 
1 213 
4 1114 2976 213 2016 
2 1457 213 
3 1698 1477 213 
1 213 
4 2883 3674 213 1409 
2 2137 213 
2 250 213 
2 1034 214 
3 1832 214 2264 
1 214 
1 214 
2 1520 214 
6 2330 3469 2536 214 2746 1932 
2 267 214 
1 214 
2 4277 214 
3 1731 4517 214 
1 214 
2 4326 214 
1 214 
4 4565 3759 4059 214 
1 215 
1 215 
3 3234 215 832 
1 215 
1 215 
3 1520 215 3499 
1 215 
3 2139 4144 215 
4 600 215 1490 3692 
1 215 
2 215 834 
1 215 
3 3377 1789 215 
1 215 
2 216 1932 
3 1025 216 1210 
2 216 4376 
1 216 
1 216 
1 216 
3 638 776 216 
1 216 
1 216 
1 216 
1 216 
3 3759 4423 216 
1 216 
3 4079 1864 216 
2 261 216 
2 216 255 
1 216 
1 216 
1 216 
1 217 
1 217 
1 217 
2 773 217 
2 3457 217 
1 217 
3 351 4232 217 
1 217 
1 217 
2 217 1063 
2 2712 217 
1 217 
2 4496 217 
2 217 294 
1 217 
1 217 
2 3818 217 
3 2621 217 1860 
3 1477 2256 217 
1 217 
1 218 
2 3058 218 
2 3856 218 
3 1631 2351 218 
1 218 
2 2693 218 
4 1221 3594 218 4334 
2 3322 218 
2 2804 218 
2 3515 218 
1 218 
3 3542 411 218 
2 2272 218 
2 3584 218 
4 3613 3476 2848 218 
2 1534 218 
2 3109 218 
2 2468 218 
1 218 
2 2717 218 
1 218 
1 218 
3 3745 2929 218 
3 368 964 218 
2 2625 219 
2 3678 219 
4 2293 2493 706 219 
2 3213 219 
1 219 
1 219 
1 219 
1 219 
1 219 
1 219 
2 2568 219 
2 4235 219 
1 219 
3 1373 2243 219 
3 304 219 2173 
1 219 
3 3696 1504 219 
1 219 
1 219 
3 1826 4297 219 
2 3608 219 
1 220 
3 4023 2066 220 
2 3792 220 
1 220 
1 220 
1 220 
3 3537 886 220 
1 220 
1 220 
3 1874 3775 220 
1 220 
1 220 
5 2711 2721 331 4074 220 
1 220 
1 220 
2 250 220 
2 275 220 
3 3729 220 1196 
1 220 
2 2269 220 
1 220 
1 220 
2 2959 220 
4 221 296 1609 1518 
3 221 1356 3940 
3 221 840 1690 
2 221 801 
4 221 4155 3985 3355 
3 221 3681 2451 
4 221 3736 301 3293 
3 221 1976 3581 
1 221 
1 221 
2 221 424 
1 221 
1 221 
1 221 
1 221 
2 221 396 
2 221 2880 
2 221 4254 
1 221 
1 221 
3 222 771 962 
2 222 1168 
4 222 4181 1686 3129 
3 222 233 1661 
4 222 4047 2398 1696 
4 222 3737 2154 3903 
4 222 856 4085 2632 
2 222 4409 
1 222 
4 222 797 1531 3629 
3 222 1331 1098 
3 222 3804 963 
2 222 2439 
1 222 
2 222 1370 
2 222 1123 
3 222 3581 1718 
1 222 
1 223 
1 223 
2 223 3995 
1 223 
3 223 1785 3780 
2 223 4557 
4 2332 223 2847 2929 
2 3542 223 
2 3906 223 
1 223 
2 426 223 
1 223 
2 223 4386 
2 223 2989 
3 223 3724 3014 
1 223 
2 2190 223 
1 223 
2 1862 223 
2 223 1796 
1 224 
2 224 4442 
2 1841 224 
1 224 
1 224 
2 1720 224 
3 4080 224 4263 
1 224 
2 224 3458 
3 224 735 992 
1 224 
4 1477 3527 224 1861 
1 224 
2 224 2746 
3 1606 224 1853 
2 224 3178 
4 2862 1923 224 2915 
2 3235 224 
1 225 
4 362 602 225 1714 
1 225 
1 225 
2 225 2634 
1 225 
3 2330 3727 225 
3 4418 248 225 
2 3997 225 
2 1778 225 
1 225 
1 225 
1 225 
2 225 4508 
2 3338 225 
1 225 
1 225 
2 225 2324 
1 226 
2 1610 226 
1 226 
1 226 
1 226 
2 1701 226 
2 226 2139 
2 1910 226 
1 226 
1 226 
2 226 2062 
1 226 
3 445 285 226 
2 226 2760 
3 226 3130 3334 
3 2312 391 226 
2 3214 226 
2 3646 227 
1 227 
2 2446 227 
2 3422 227 
3 1069 2118 227 
4 227 1508 477 1470 
2 227 2526 
2 227 3991 
1 227 
1 227 
1 227 
2 1334 227 
3 3156 1522 227 
1 227 
2 1398 227 
1 227 
4 575 1777 227 3049 
2 227 3598 
1 227 
1 227 
2 228 3290 
2 228 3487 
3 1268 228 3962 
2 228 641 
1 228 
1 228 
3 2506 228 4283 
2 228 3578 
1 228 
1 228 
2 2786 228 
1 228 
4 3924 3650 4549 228 
2 4093 228 
1 228 
2 2241 228 
2 3655 228 
1 228 
4 3643 1207 228 4448 
1 229 
1 229 
2 804 229 
2 3359 229 
3 1611 2074 229 
5 1963 3275 3384 229 2366 
1 229 
1 229 
3 4233 229 1169 
1 229 
1 229 
1 229 
3 2864 2378 229 
2 1069 229 
5 4552 333 229 270 836 
4 3545 3056 3836 230 
1 230 
1 230 
2 829 230 
2 254 230 
1 230 
2 3148 230 
1 230 
1 230 
2 2514 230 
1 230 
1 230 
1 230 
3 230 2286 4104 
1 230 
2 230 340 
1 230 
8 3273 1515 1158 3094 1636 4559 3818 230 
2 1741 230 
2 1850 230 
2 1832 230 
1 230 
1 230 
1 231 
1 231 
3 4502 231 2503 
4 3005 1419 1740 231 
1 231 
2 231 4523 
2 4118 231 
2 407 231 
1 231 
1 231 
3 4402 3145 231 
3 3058 1362 231 
3 4541 4075 231 
3 3004 2455 231 
3 1236 3076 231 
3 1587 2263 231 
2 2197 232 
1 232 
3 4164 4237 232 
1 232 
2 2084 232 
4 3317 2568 2505 232 
2 2669 232 
1 232 
1 232 
3 767 675 232 
2 2675 232 
2 1099 232 
2 1884 232 
1 232 
1 232 
3 3036 2689 232 
1 232 
1 232 
2 1649 232 
1 232 
2 2709 232 
2 3912 232 
1 233 
3 233 1095 2410 
2 233 659 
2 233 843 
2 233 608 
1 233 
1 233 
1 233 
2 233 1800 
2 233 4049 
1 233 
1 233 
1 233 
1 233 
1 233 
2 233 280 
