7 2 3 4 5 6 7 8 
17 9 10 11 12 13 14 15 16 17 18 19 20 21 1 22 23 24 
24 25 26 27 28 29 30 31 32 33 34 35 36 37 38 39 40 41 1 42 43 44 45 46 47 
21 48 49 50 51 52 53 54 55 56 57 58 59 60 61 62 63 64 1 65 45 66 
21 67 68 69 70 71 72 73 74 75 76 77 78 79 80 81 82 83 1 84 85 86 
15 87 88 89 90 91 92 93 94 95 96 97 98 1 99 100 
18 101 102 103 104 105 106 107 108 109 110 111 112 113 114 115 1 116 117 
21 118 119 120 121 122 123 124 125 126 127 128 129 130 131 132 1 133 134 135 136 137 
21 138 139 2 140 141 142 143 144 145 146 147 148 149 150 151 152 153 154 155 156 157 
27 158 159 160 161 162 2 163 164 165 166 167 168 169 170 171 172 173 174 175 176 177 178 179 180 181 182 183 
24 184 185 186 2 187 188 189 190 191 192 193 194 195 196 197 198 199 200 201 202 203 204 205 206 
19 207 208 209 210 211 212 2 213 214 215 216 217 218 219 220 221 222 223 224 
20 225 226 227 2 228 229 230 231 232 233 234 235 236 237 238 239 240 241 242 243 
14 244 245 246 247 2 248 249 250 251 252 253 254 255 256 
24 257 258 259 2 260 261 262 263 264 265 266 267 268 269 270 271 272 273 274 46 275 276 277 278 
23 279 280 281 282 283 2 284 285 286 287 288 289 290 291 292 293 294 295 296 297 298 299 300 
27 2 301 302 303 304 305 306 307 308 309 310 311 312 313 314 315 316 317 318 319 320 321 322 323 324 325 326 
24 327 328 2 329 330 331 332 333 334 335 336 337 338 339 340 341 342 343 344 345 346 347 348 349 
23 350 351 352 353 354 355 2 356 357 358 359 360 361 362 363 364 365 366 367 368 369 370 371 
19 372 373 2 374 375 376 377 378 379 380 381 382 383 384 385 386 387 388 389 
14 390 391 2 392 393 394 395 396 397 398 399 400 401 402 
23 403 404 2 405 406 407 408 409 410 411 412 413 414 415 416 417 418 419 420 421 422 423 424 
17 425 426 427 2 428 429 430 431 432 433 434 435 436 437 438 439 440 
21 441 442 443 444 445 2 446 447 448 449 450 451 452 453 454 455 456 457 458 459 460 
16 461 462 3 463 464 465 466 467 468 469 470 471 472 473 474 475 
18 476 477 3 478 479 480 481 482 483 484 485 486 487 488 489 490 491 492 
18 493 494 495 496 497 3 498 499 500 501 502 503 504 505 506 507 508 509 
21 510 511 512 513 514 3 515 516 517 518 519 520 521 522 387 523 524 525 526 527 528 
20 529 530 531 532 533 534 3 535 536 537 538 539 540 541 542 543 544 545 546 547 
24 548 549 3 550 551 552 553 554 555 556 557 558 559 560 561 562 563 564 565 566 567 568 569 570 
16 571 572 573 3 574 575 576 577 578 579 580 581 582 583 584 585 
17 586 587 3 588 589 590 591 592 593 594 595 596 597 598 599 600 601 
24 602 603 604 605 606 607 3 608 609 610 611 612 613 614 615 616 617 618 619 620 621 622 623 624 
9 625 626 3 627 628 629 630 631 632 
18 633 634 635 636 3 637 638 639 640 641 642 643 644 645 646 647 648 649 
22 650 651 652 3 653 654 655 656 657 658 659 660 661 662 663 664 665 666 667 668 669 670 
17 671 3 672 673 674 675 676 677 678 679 680 681 682 683 684 685 686 
27 687 688 3 689 690 691 692 693 694 695 696 697 698 699 700 701 702 703 704 705 706 707 708 709 710 711 712 
18 713 714 3 715 716 717 718 719 720 721 722 723 724 725 726 727 728 729 
18 730 3 731 732 733 734 735 736 737 738 739 740 741 742 743 744 745 746 
29 747 748 749 750 751 752 753 754 755 3 756 757 758 759 760 761 762 763 764 765 766 767 768 769 770 771 772 773 774 
22 775 776 777 778 3 779 780 781 782 783 784 785 786 787 788 789 790 791 792 793 794 795 
22 796 797 798 799 800 801 3 802 803 804 805 806 807 808 809 810 811 812 813 814 815 816 
14 817 818 819 820 821 3 822 823 824 825 826 827 828 829 
28 830 831 3 832 833 4 834 835 836 837 838 839 840 841 842 843 844 845 846 847 848 849 850 851 852 853 854 855 
21 856 857 858 859 860 861 3 862 863 864 865 15 866 867 868 869 870 871 872 873 874 
23 875 876 877 3 878 879 880 881 882 883 884 885 886 887 888 889 890 891 892 893 894 895 896 
21 897 898 899 900 4 901 902 903 904 905 906 907 908 909 910 911 912 913 914 915 916 
23 917 918 919 920 921 922 923 4 924 925 926 927 928 929 930 931 932 933 934 935 936 937 938 
21 939 940 941 942 943 4 944 945 901 946 947 948 949 950 951 952 953 954 955 956 957 
23 958 4 959 960 961 962 963 964 965 966 967 968 969 970 971 972 973 974 895 975 976 977 978 
20 979 353 980 981 982 983 984 4 985 986 987 988 989 990 991 992 993 994 995 996 
19 997 998 999 1000 4 1001 1002 1003 1004 1005 1006 1007 1008 1009 1010 1011 1012 1013 1014 
19 1015 1016 1017 1018 1019 1020 4 1021 1022 1023 1024 1025 1026 1027 1028 1029 1030 1031 1032 
23 1033 1034 1035 1036 1037 1038 1039 4 1040 1041 1042 1043 1044 1045 1046 1047 1048 1049 1050 1051 1052 1053 1054 
19 1055 1056 1057 4 1058 1059 1060 1061 1062 1063 1064 1065 1066 1067 1068 1069 1070 1071 1072 
27 1073 1074 1075 1076 1077 1078 4 1079 1080 1081 1082 1083 1084 1085 1086 1087 843 1088 1089 1090 1091 1092 1093 1094 1095 1096 1097 
26 1098 1099 1100 1101 1102 1103 4 1104 1105 1106 1107 1108 1109 886 1110 1111 1112 1113 1114 1115 1116 1117 1118 1119 1120 1121 
15 1122 1123 1124 573 4 1125 1126 1127 1128 1129 1130 1131 1132 1133 1134 
13 1135 1136 1137 1138 1139 4 1140 1141 1142 1143 1144 1145 1146 
25 1147 1148 1149 1150 1151 1152 1153 1154 4 1155 1156 1157 1158 1159 1160 396 1161 1162 1163 1164 1165 1166 1167 1168 1169 
21 1170 1171 1172 1173 1174 4 1175 1176 1177 1178 1179 1180 1181 1182 1183 1184 1185 1186 1187 1188 1189 
15 1190 1191 1192 1193 4 1194 1195 1196 1197 1198 1199 1200 1201 1054 1202 
17 1203 1204 1205 1206 1207 4 1208 1209 1210 1211 1212 1213 396 1214 1215 1216 1217 
15 1218 1219 1220 1221 4 1222 1223 1224 1225 1226 1227 1228 1229 1230 1231 
19 1232 1233 1234 1235 1236 1237 1238 1239 4 1240 1241 1242 1243 1244 1245 1246 1247 1248 1249 
32 1250 1251 1252 1253 1254 1255 1256 1257 1258 1259 1260 1261 5 1262 1263 1264 1265 1266 1267 1268 1269 1270 1271 1272 1273 1274 1275 1276 1277 1278 1279 1280 
20 1281 1204 1282 1283 1284 1285 1286 1287 1288 1289 5 1290 1291 1292 1293 1294 1295 1296 1297 1298 
23 1299 1300 1301 1302 1303 1304 1305 1306 1307 1308 5 1309 1310 1311 1312 1313 1314 1315 1316 1317 1318 1319 1320 
30 1321 1322 1323 1324 1325 1326 1327 1328 1329 1330 5 1331 1332 1333 1334 1294 1335 1336 1337 1338 1339 1340 1341 1342 1343 1344 1345 1346 1347 1348 
12 1349 1350 1351 1352 1353 5 1354 1355 1356 1357 1358 1359 
17 1360 1361 1362 1363 1364 1365 5 1366 1367 1368 1369 1370 1371 1372 1373 1374 1375 
24 1376 1377 1378 1379 1380 1381 1382 1383 1384 5 1385 1386 1387 1388 1389 1390 1391 1392 1393 1394 1395 1396 1397 1398 
17 1399 1400 1401 1402 5 1403 1404 1405 1406 1407 1408 1409 1410 1411 1412 1413 1414 
21 1415 1416 1417 1418 1419 1420 1421 1422 5 1423 1424 1425 1426 1427 1428 1429 1430 1431 1432 1433 1434 
18 1435 283 1436 1437 1438 1439 1440 1441 5 1442 1443 1444 1445 1446 1447 1448 1449 1450 
13 1451 1452 1453 1454 1455 1456 1457 5 1458 1459 1460 1461 1462 
20 1463 1464 1465 1466 1467 1468 5 1469 1470 1471 1472 1473 1474 1475 1476 1477 1478 1479 1480 1481 
9 1482 5 1483 1484 1485 1486 1487 1488 1489 
24 1490 1491 1492 1493 1494 1495 1496 5 1497 1498 1499 1500 1501 1502 1503 1504 1505 1506 1507 1508 1509 1510 1511 1512 
32 1513 1514 1515 1516 1517 1518 1519 1520 1521 1522 1523 1524 5 1525 1526 1527 1528 1529 1530 1531 1532 1533 1534 1535 1536 1537 1538 1539 1540 1541 1542 1543 
16 1544 1545 1546 1547 1548 5 1549 1550 1551 1552 1553 1554 1555 1556 1557 1558 
17 1559 1560 1561 1562 1563 1564 5 1565 1566 1567 1568 1569 1570 1571 1572 1573 1574 
14 1575 1576 1577 1578 1579 1580 5 1581 1582 1583 1584 914 1585 1586 
17 1587 1588 1589 1590 1591 1592 1593 5 1594 1595 1596 1597 1598 1599 1600 1601 1602 
19 1603 1604 1605 1606 1607 1608 1609 5 1610 1611 1612 1613 1614 1615 1616 1617 1618 1619 1620 
18 1621 1622 1623 1624 1625 1626 1627 1628 1629 6 1630 1631 1632 1633 1634 1635 1636 1637 
28 1638 1639 1640 1641 1642 1643 1644 1645 1646 1647 1648 1649 6 1650 1651 1652 1653 1654 1655 1656 1657 1658 1659 1660 1661 1662 1663 1664 
11 1665 1666 1667 1150 1668 1669 1670 6 1671 1672 1673 
16 1674 1675 1676 1677 1678 1679 1680 1681 1682 1683 6 1684 1685 1686 1687 1688 
31 1689 1690 1691 1692 1693 1694 1695 1696 1697 1698 1699 1700 1701 1702 1703 1704 1705 1706 1707 1708 6 1709 1710 1711 1712 1713 1714 1715 1716 1717 1718 
17 1719 1720 1721 1722 1723 1724 1725 1726 1727 6 1728 1729 1730 1731 1732 1733 1734 
26 1735 1736 1737 860 1738 1739 1740 1741 1742 1743 1744 1745 1746 1747 1748 1749 6 1750 1751 1752 1753 1754 1755 1756 1757 1758 
25 1759 1760 1761 1762 1763 1764 1765 1766 1767 1768 1769 1770 1771 6 1772 1773 1774 1775 1776 1777 1778 1779 1780 368 1781 
24 1782 1783 1784 1785 1786 1787 1788 1789 1790 1791 1792 1793 1794 6 1795 1796 1797 1798 1799 1800 1801 1802 1803 1804 
21 1805 1806 1807 1808 1300 1809 1810 1811 1812 1813 1814 1815 1816 6 1817 1818 1819 1820 1821 1822 1823 
18 1824 1825 1826 1827 1828 1829 1830 1831 1832 1833 1834 1835 1836 6 1837 745 1838 1839 
18 1840 1841 1842 1843 1844 1845 1846 1847 6 1848 1849 1850 1851 1852 503 1853 1854 1855 
28 1856 1857 1858 1859 1860 1861 1862 1863 1864 1865 1866 1646 1867 1868 1869 1870 1871 1872 6 1873 1874 1875 1876 1877 1878 1879 1880 1881 
19 1882 1883 1884 1885 1886 1887 1888 1889 6 1890 1891 1892 1893 1894 1895 1896 1897 1898 1899 
19 1900 1901 1902 1903 1904 1905 1906 1907 7 1908 1909 1910 1911 1912 1913 1914 1915 1916 1917 
22 1918 1919 1920 1921 1922 1923 1924 1925 1926 7 1927 1928 1929 1930 1931 1932 1933 1934 1935 1936 1937 1938 
18 1939 1940 1941 1942 1943 1944 1945 1946 1947 1948 1949 1950 7 1951 1952 1953 1954 1955 
21 1956 1957 1958 1959 1960 1961 1962 1963 1964 1965 1966 1967 7 1968 1969 1970 1971 1972 1973 1974 1975 
17 1976 1977 1978 1979 1980 1211 1981 1982 1983 7 1984 1985 1986 1987 1988 1989 1990 
21 1991 1992 1993 1994 1995 1996 7 1997 1998 1999 2000 2001 2002 2003 2004 2005 2006 2007 2008 2009 2010 
20 2011 2012 2013 2014 2015 2016 2017 2018 2019 2020 2021 2022 2023 2024 2025 2026 7 2027 2028 2029 
17 2030 2031 1704 2032 2033 2034 2035 7 2036 2037 2038 2039 2040 2041 2042 2043 2044 
22 2045 2046 2047 2048 2049 2050 2051 2052 2053 2054 2055 2056 2057 2058 2059 2060 2061 7 2062 2063 2064 2065 
19 2066 2067 2068 2069 2070 2071 2072 2073 2074 1468 2075 2076 7 2077 2078 2079 2080 2081 2082 
17 2083 2084 2085 2086 2087 2088 2089 2090 2091 2092 7 2093 2094 2095 2096 2097 2098 
18 2099 2100 2101 2102 2103 2104 2105 2106 2107 7 2108 2109 2110 2111 2112 2113 2114 2115 
24 2116 981 1788 2117 2118 2119 2120 2121 2122 2123 2124 7 2125 2126 2127 2128 2129 2130 2131 2132 2133 2134 2135 2136 
23 2137 2138 2139 2140 2141 2142 2143 2144 2145 2146 2147 2148 2149 2150 2151 7 2152 2153 2154 2155 2156 2157 2158 
21 2159 2160 2161 2162 961 2163 2164 2165 2166 2167 7 2168 2169 2170 2171 2172 2173 2174 2175 2176 2177 
26 2178 2179 2180 2181 2182 2183 2184 2185 2186 2187 2188 2189 7 2190 2191 2192 2193 2194 2195 2196 2197 2198 2199 2200 2201 2202 
22 2203 2204 2205 2206 2207 2208 2209 7 2210 2211 2212 2213 2214 2215 2216 2217 2218 2219 1822 2220 2221 2222 
14 2223 2143 2224 2225 2226 2227 2228 2229 2230 2231 2232 8 2233 2234 
27 2235 2236 2237 2238 2239 2240 2241 2242 2243 2244 2245 2246 2247 2248 2249 2250 2251 2252 2253 2254 2255 8 2256 2257 2258 2259 2260 
25 2261 2262 2263 2264 2265 2266 2267 2268 2269 2270 2271 2272 2273 2274 2275 2276 2277 2278 2279 2280 8 2281 2282 978 2283 
25 2284 2285 2286 2287 2288 2289 2290 2291 2292 2293 2294 2295 2296 2297 2298 2299 2300 2301 2302 2303 8 2304 2305 2306 2307 
25 2308 2309 1360 2310 2311 2312 2313 2314 2315 2316 2317 2318 2319 2320 2321 2322 2323 2324 2325 2326 8 2327 2328 2329 2330 
29 2331 2332 2333 2334 2335 2336 2337 2338 2339 2340 2341 2342 2343 2344 2345 2346 2347 2348 2349 2350 2351 2352 2353 8 2354 2355 2356 2357 2358 
31 2359 2360 2361 2362 2363 2364 284 2365 2366 2367 2074 2368 2369 2370 2371 2372 2373 2374 2375 2376 2377 363 866 2378 2379 2380 2381 2382 8 2383 2384 
21 2385 2386 2387 2388 2389 2390 2391 2392 2393 2394 2395 2396 2397 2398 2399 2400 2401 8 2402 2403 2404 
23 2405 2388 2406 2407 2408 2409 2410 2411 2412 2413 2414 8 2415 2416 2417 2418 2419 2420 2421 2422 2423 2424 2425 
17 2426 2427 2428 2429 2430 2431 2432 2433 884 2434 2435 2436 2152 2437 2438 8 2439 
23 2440 2441 2442 2443 2444 2445 2446 2447 2448 2449 2450 2451 2452 2453 2454 2455 2456 2457 2458 2459 8 2460 2461 
16 2462 2463 2464 2465 2466 2467 2468 2469 2470 2471 2472 2473 8 2474 2475 2476 
19 2477 2478 2479 2480 2481 2482 2483 2484 2485 2486 2487 2488 2489 2490 8 2491 2492 2493 2494 
26 1544 2495 2496 2497 2498 2499 2500 2501 2502 2503 2504 2505 2506 2206 2507 2508 2509 2510 2511 2512 2513 2514 2515 8 2516 2517 
20 2518 2519 2520 2521 2522 2523 2524 2525 2526 2527 2528 2529 2530 2531 2532 8 2533 2534 2535 2536 
25 2537 2538 2539 2540 2541 2542 2543 2544 2545 2546 2547 2548 2549 2550 2551 2552 2553 2554 2555 2556 2557 2558 8 2559 2560 
23 2561 2562 2563 655 2564 2565 2566 2567 2568 2569 2570 2571 2572 2573 2574 2575 2576 2577 8 2578 2579 2580 2581 
21 2582 2583 2584 2585 2586 2587 2588 2589 2590 2591 2592 2593 2594 2595 2596 2597 8 2598 2599 2600 2601 
20 2602 2603 2604 2605 2606 2607 2608 2609 2610 2611 2612 2613 2614 2615 2616 2617 2618 2619 8 2620 
15 2621 2622 2623 2624 2625 2626 2627 2628 2629 2630 2631 2632 2633 8 2634 
34 2635 2636 2637 9 2638 2639 2640 2641 2642 2643 2644 2645 2646 2647 1794 2648 2649 2650 2651 2652 2653 2654 2655 2656 2657 1487 2658 2659 2660 2661 2662 2663 2664 2665 
30 2666 9 2667 2668 2669 2670 2671 2672 2673 2674 2675 2676 2677 2678 2679 2680 2681 2682 2683 2684 2685 2686 2687 2688 2689 2690 2691 2692 2693 2694 
20 2695 9 2696 1325 2697 2698 2699 2700 2701 2702 2703 2704 2705 2706 2707 2708 2709 2710 2711 2712 
18 2713 2714 2715 9 2716 2717 2718 2719 2720 2721 2722 2723 2724 2725 2726 2727 2728 2729 
23 2730 2731 2732 2733 9 2734 2735 2736 2737 2738 2739 2740 2741 2742 2743 2744 2745 2746 2747 1779 2748 2749 2750 
18 2751 9 2752 2753 2754 2755 2756 2757 2758 2759 2760 2761 2762 2763 2764 2765 2766 1512 
17 2767 2768 2769 9 2770 2771 2772 2773 2774 2775 2776 2777 2778 2779 2780 2781 2782 
19 2783 9 2784 2785 2786 2787 2788 2789 2790 2791 2792 2793 2794 2795 2796 2042 2797 2798 2799 
17 9 2800 2801 2802 2803 2804 2805 2806 2807 2808 2809 2810 2811 2812 2813 2814 2815 
19 327 9 2816 2817 2818 2819 2820 2821 2822 2823 2824 2825 2826 2827 2828 2829 2830 2831 2832 
21 2833 2834 2835 9 2836 2837 2838 2839 2840 2841 2842 2843 2844 2845 2846 2847 2848 2849 2850 2851 2852 
17 2853 2854 9 2855 2856 2857 2858 2859 2860 2861 1751 2862 2863 2864 2865 2866 2867 
12 2868 9 2869 2870 1009 2871 2872 2873 2874 1489 2875 2876 
22 2877 9 2878 2879 2880 2881 2882 2883 2884 2885 2886 2887 2888 2889 2890 2891 2892 569 2893 2894 2895 2896 
19 2897 2898 2899 9 2900 2901 2902 2903 2904 2905 2906 2907 2908 2909 2910 2911 2912 2913 2914 
17 2915 2916 2917 9 2918 2919 2920 2921 2922 2923 2924 2925 2926 1394 2927 2928 2929 
17 2930 9 2931 2932 2933 2934 2935 2936 2937 2938 2939 2940 2941 2942 2943 2281 2944 
27 2945 2946 2084 9 2947 2948 2949 2950 2951 2952 2953 2954 2955 2956 2957 2958 2959 2960 2961 2962 2963 2964 2965 2966 2658 2967 2968 
23 2969 2970 9 2971 2972 2973 2974 2975 2976 2977 2978 2979 2980 2196 2981 2982 2983 2984 2985 2986 2987 2988 2989 
11 2067 9 2990 2991 2992 2993 1844 2994 2995 2996 2997 
19 2998 2999 3000 3001 10 3002 1516 3003 3004 3005 3006 3007 3008 3009 3010 3011 3012 3013 3014 
18 3015 3016 3017 3018 10 3019 3020 3021 3022 3023 3024 2509 3025 3026 3027 3028 3029 3030 
24 3031 3032 3033 3034 10 3035 3036 3037 3038 1499 3039 3040 3041 3042 3043 563 3044 3045 679 3046 3047 3048 3049 3050 
15 3051 3052 3053 10 3054 3055 3056 3057 3058 3059 3060 3061 3062 3063 3064 
18 3065 3066 3067 10 3068 3069 3070 3071 3072 3073 3074 3075 3076 3077 3078 3079 3080 3081 
17 3082 3083 3084 3085 3086 3087 10 3088 1079 3089 3090 3091 3092 3093 3094 3095 3096 
39 3097 3098 3099 3100 3101 3102 3103 3104 3105 3106 10 3107 3108 3109 3110 3111 3112 3113 3114 3115 2626 3116 3117 3118 3119 3120 3121 3122 3123 3124 3125 3126 3127 3128 3129 3130 3131 3132 3133 
20 3134 10 3135 3136 3137 3138 3139 3140 3141 3142 3143 3144 3145 3146 3147 3148 3149 3150 3151 3152 
25 3153 3154 3155 10 3156 3157 3158 3159 3160 3161 2909 3162 3163 3164 3165 3166 3167 3168 3169 3170 3171 3172 3173 3174 3175 
28 3176 3177 3178 3179 3180 10 3181 3182 3183 3184 3185 3186 3187 3188 3189 3190 3191 3192 3193 3194 3195 3196 3197 3198 3199 3200 3201 3202 
26 3203 3204 3205 3206 3207 3208 10 3209 3210 3211 3212 3213 3214 3215 3216 3217 3218 3219 3220 3221 3222 3223 3224 3225 3226 3227 
23 3228 3229 3230 10 3231 3232 3233 3234 3235 3236 3237 3238 3239 3240 3241 2489 3242 3243 3244 3245 3246 3247 3248 
25 3249 3250 3251 10 3252 3253 3254 3255 3256 3257 3258 3259 3260 3261 3262 3263 3264 3265 3266 3267 3268 3269 3270 3271 3272 
22 3273 3274 3275 10 3276 3277 2050 3278 3279 3280 3281 3282 3283 3284 3285 3286 3287 3288 3289 3290 3291 3292 
19 3293 3294 3295 10 3296 3297 3298 3299 3300 3301 3302 3303 3304 3305 3306 3307 3308 3309 3310 
25 3311 3312 3313 3314 3315 10 3316 3317 3318 3319 3320 3321 3322 3323 3324 3325 3326 3327 3328 3329 3330 3331 3332 3333 3334 
25 3335 3336 1808 3337 3338 10 3339 2289 3340 3341 3342 3343 3344 3345 3346 3347 3348 3349 3350 3351 3352 3353 3354 3355 3356 
18 3357 3358 3359 1304 10 3360 3361 3362 3363 3364 3365 3366 3367 3368 3369 3370 3371 3372 
23 3373 3374 3375 3376 3377 3378 3379 10 3380 3381 3382 3383 3384 3385 3386 3387 3388 3389 3390 3391 3392 3393 3394 
21 3395 3396 10 3397 3398 3399 3400 3401 3402 3403 3404 3405 3406 3407 3408 3409 3410 3411 3412 3413 3414 
33 3415 3416 3417 3418 3419 1435 3420 3421 3422 3423 3424 10 3425 3426 3427 3428 3429 3430 3431 3432 3433 3434 3435 3436 3437 3438 3439 3440 3441 3442 3443 3444 3445 
14 3446 10 3447 3448 3449 3450 3451 3452 3453 3454 3455 3456 3457 3458 
25 3459 3460 10 3461 3462 3463 1699 3464 3465 3466 3467 3468 3469 3470 3471 3472 3473 3474 3475 3476 3477 3478 3479 3480 2201 
14 3481 10 3482 3483 3484 3485 3486 3487 3488 3489 3490 3491 3492 3493 
22 3494 3495 3496 3497 10 3498 3499 3500 3501 3502 3503 3504 3505 3506 3507 3508 3509 3510 3511 3512 3513 3514 
18 3515 1589 10 3516 3517 3518 3519 3520 3521 3522 3523 3524 3525 3526 3527 3528 3529 3530 
26 3531 3532 1762 3533 3534 11 3535 3536 3537 3538 3539 3540 3541 3542 3543 3544 3545 3546 3547 3548 3549 3550 3551 3552 3553 3554 
19 3555 3556 3557 11 3558 3559 3560 3561 3562 3563 3564 3565 3566 3567 3568 3569 3570 3571 3572 
22 3573 3574 3575 3576 3577 11 3578 3579 3580 3581 3582 3583 3584 3585 3586 3587 3588 3589 3590 3591 3592 3593 
18 3594 3595 3596 11 3597 3598 3599 3600 3601 3602 3603 3604 3605 3606 3607 3608 3609 3610 
23 3611 3612 11 3613 3614 3615 3616 3617 3618 3619 3620 3621 3622 3623 3624 3625 3626 3627 3628 3629 3630 3631 1054 
26 3632 3633 3634 11 3635 3636 3637 3638 3639 2549 3640 3641 3642 3643 3644 3645 3646 3647 3648 3649 3650 3651 3652 3653 3654 3655 
18 3656 3101 3657 3658 3659 11 3660 1648 1845 3661 3662 3663 3664 3665 3666 3667 3668 3669 
27 3670 3671 3672 3673 3674 1192 11 3675 3676 3677 3678 3679 3680 3681 3682 3683 3684 3685 3686 3687 3688 3689 3690 3691 3692 3693 3694 
19 3695 3696 11 3697 3698 3699 3700 3701 3702 3703 3704 3705 3706 3707 3708 3709 3710 3711 3712 
17 3713 3714 3715 11 3716 3717 943 3718 3719 3720 3721 3722 3723 1118 3724 3725 3726 
15 3727 3728 11 3729 3730 3731 3732 3733 3734 3735 3736 3737 3738 3739 3740 
28 3741 3742 3743 11 3744 3745 3746 3747 3748 1746 3560 3749 3750 3751 3752 3753 3754 3755 3756 3757 3758 3759 3760 3761 3762 3763 3764 3765 
19 3766 3767 3768 3769 11 2754 3770 3771 3772 3773 3774 3775 3776 3777 3778 3779 3780 3781 3782 
21 3783 3784 3785 3786 3787 11 3788 3789 3790 3791 3792 3793 3794 3795 3796 3797 3798 3799 2728 3800 3801 
27 3802 3803 3804 3805 3806 3807 11 3808 3809 3810 3811 3812 3813 3814 3815 1499 3816 3817 3818 3819 3820 3821 3822 3823 3824 3825 3826 
26 3827 3828 3829 11 3830 3831 3832 3833 3834 3835 3836 3837 3838 3839 3840 3841 3842 3843 3844 3845 3846 3847 3493 3848 3849 3850 
14 3851 11 3852 3853 3854 3855 3856 3857 3858 3859 3860 3861 3862 2665 
24 3863 3864 3865 3866 11 3867 3868 3869 3870 3871 3872 3873 3874 3875 3876 3877 3878 3879 3880 3881 3882 3883 3884 3885 
17 3886 3887 3888 3889 3890 11 3891 3892 3893 3894 3895 3896 3897 3898 3899 3900 3901 
21 351 3902 3903 3904 3905 3906 11 3907 3908 3909 3910 3911 3912 3913 3914 3915 3916 3917 1973 3918 3919 
15 3920 3921 3922 11 3923 3924 3925 3926 3927 3928 3929 3930 3931 3932 3933 
20 11 3934 3935 3936 3937 3938 3939 3940 3941 3942 3943 3944 3945 3946 3947 3948 3949 3950 3411 3456 
24 3951 3952 3953 11 3954 3955 3956 3957 3958 3959 3960 3961 3962 3963 3964 3965 3966 3967 3968 3969 3970 3971 3972 3973 
23 3974 3975 3976 3977 3978 3979 3980 3981 333 12 3982 3983 3984 3985 3116 3986 3987 3988 3989 3990 3991 3992 3993 
17 3994 3995 12 3996 1677 3997 3998 3999 4000 4001 4002 4003 4004 4005 4006 4007 4008 
15 4009 4010 12 4011 4012 4013 4014 4015 4016 4017 4018 4019 4020 4021 4022 
24 4023 4024 4025 4026 4027 12 4028 4029 4030 4031 4032 4033 4034 4035 4036 4037 4038 4039 4040 4041 4042 4043 4044 4045 
12 461 4046 4047 12 4048 4049 4050 4051 4052 4053 3756 4054 
15 4055 4056 4057 12 4058 4059 4060 4061 4062 4063 4064 4065 4066 4067 4068 
16 4069 12 4070 3349 4071 4072 4073 4074 4075 4076 2303 4077 4078 4079 4080 4081 
16 4082 4083 4084 12 4085 4086 4087 4088 4089 4090 2002 4091 4092 4093 4094 4095 
20 4096 4097 4098 4099 4100 12 4101 4102 4103 4104 4105 4106 4107 4108 4109 4110 3476 4111 4112 4113 
23 4114 4115 4116 4117 12 4118 4119 4120 4121 4122 4123 4124 4125 4126 4127 4128 4129 4130 4131 3268 4132 4133 4134 
23 4135 4136 4137 4138 12 4139 4140 4141 4142 4143 4144 4145 4146 4147 4148 4149 4150 4151 4152 4153 4154 4155 4156 
21 4157 4158 4159 12 4160 4161 4162 4163 4164 4165 4166 4167 4168 4169 4170 3265 4171 4172 600 4173 4174 
21 4175 4176 4177 4178 4179 4180 4181 12 4182 4183 4184 4185 4186 4187 2187 4188 4189 4190 4191 4192 4193 
21 4194 4195 4196 4197 4198 12 4199 4200 4201 4202 4203 4204 4205 4206 4207 4208 4209 4210 4211 4212 4213 
13 4214 4215 4216 12 4217 4218 2152 4219 4220 4221 4222 4223 4224 
21 4225 4226 4227 4228 12 4229 4230 4231 4232 4233 4234 1498 4235 4236 4237 4238 4239 4240 4241 4242 4243 
23 4244 4245 4246 4247 4248 4249 4250 4251 12 4252 4253 4254 4255 4256 4257 4258 4259 4260 4261 4262 4263 4264 4265 
20 4266 4267 4268 3100 4269 4270 12 4271 4272 4273 4274 4275 4276 4277 4278 4279 4280 3290 4281 4282 
18 4283 4284 4285 4286 4287 4288 4289 4290 4291 4292 13 4293 4294 4295 4296 4297 4298 4299 
15 4300 4301 13 4302 4303 4304 4305 4306 4307 1714 4308 4309 4310 4311 4312 
21 4313 4314 4315 4316 4317 4318 13 4319 4320 4321 4322 4323 4324 4325 4326 4327 4328 4329 4330 4331 4332 
16 4333 4334 4335 4336 4337 4338 13 4339 4340 4341 4342 4343 4344 4345 4346 4347 
15 4348 4349 4350 4351 4352 4353 13 4354 4355 4356 4357 4358 4359 4360 4361 
19 1665 4362 4363 4364 4181 4365 4366 4367 4368 4369 4370 13 4371 4372 4373 4374 4375 4376 4377 
25 4378 4379 4380 4381 4382 4383 4384 4385 4386 1644 4387 4388 13 4389 4390 4391 2778 4392 4393 4394 4395 4396 4397 4398 4399 
25 4400 4401 4402 4403 4404 4405 4406 4407 4408 4409 4410 13 4411 4412 4413 4414 4415 4416 4417 4418 569 4419 4420 4421 4422 
24 4423 4424 4425 4426 4197 4427 4428 4429 4430 2449 4431 13 4432 4433 4434 4435 4436 4437 4438 4439 4440 4441 4442 4443 
22 4444 4445 4446 4447 4448 4449 4450 4451 4452 4453 13 4454 4205 4455 4456 4457 4458 4459 4460 4461 4462 4463 
26 4464 4465 4466 4467 4468 4469 4470 4471 4472 4473 4474 4475 4476 13 4477 4478 4479 4480 4481 4482 4483 4484 4485 4486 4487 4488 
26 4489 4490 4491 4492 4493 4494 4495 4496 4497 4498 4499 4500 13 4501 4502 4503 4504 4505 4506 2195 4507 4508 4509 4510 4511 4512 
22 4513 4514 4515 4516 4517 4518 4519 4520 4521 4522 13 4523 4524 4525 4526 4527 4528 4529 3012 4530 4531 4532 
20 4533 4534 4535 4536 4537 4538 4539 4540 4541 4542 4543 4544 4545 13 2192 4546 4547 4548 4549 4550 
21 4551 4552 3018 4553 4554 4555 4556 4557 4558 4559 13 4560 4561 4562 4563 4564 4565 4566 4567 4568 4569 
22 4570 4571 4572 4573 4574 2338 4575 4576 4577 4578 13 2994 4579 4580 4581 4582 4583 4584 4585 4586 4587 4588 
17 4589 4590 4591 4592 4593 4594 880 4595 4596 4597 4598 13 4599 4600 4601 4602 4603 
22 4604 4605 1219 1901 4606 4607 4608 4609 4610 4611 13 4612 4613 4614 4615 4616 4617 4618 4619 4620 4621 3782 
26 3082 4622 4623 4552 4624 4625 4626 4627 4628 4629 4630 4631 13 4632 4633 4634 4635 4636 4637 4638 4639 4640 4641 4642 4643 4644 
20 4645 4646 4647 4648 4649 4650 4651 4652 4653 14 4654 2573 4655 4656 4657 4658 4659 2459 4660 4661 
19 4662 4663 4664 4665 4666 4667 4668 4669 4670 4671 4672 4673 4674 14 3472 4675 4676 4677 4678 
18 4679 4680 4681 4682 4683 4684 4685 4686 4687 14 4688 4689 4690 4691 4692 4693 4694 4695 
24 4696 4697 4698 4699 4700 4701 4702 4703 4704 4705 4706 4707 4708 14 4709 4710 4711 4712 4713 4714 4715 1839 4716 4717 
20 4718 4719 4720 4721 1523 4722 4723 4724 4725 4726 4727 14 4728 4729 1775 4730 4731 4732 4733 4734 
23 4735 4736 4737 4738 4739 4740 4741 4742 4743 4744 14 4745 4746 4747 4748 4749 4750 4751 4752 4753 4211 4754 275 
20 4755 4756 4757 4758 4759 4760 4761 4762 4763 14 4764 4765 4766 4767 4768 4769 4770 4771 4772 4773 
28 4774 4775 4776 4777 4778 4779 755 4780 4781 4782 4783 4784 4785 14 4786 4787 4788 4789 4790 4791 4792 1012 4793 4794 4795 4796 4797 4798 
21 4799 4800 4801 4802 4803 4804 4805 4806 14 4807 3622 4808 4809 4810 1092 4811 4812 4813 4814 4815 4816 
27 4817 4818 4819 4820 4821 4822 4823 4824 4825 14 4826 4827 4828 4829 4830 4831 4832 4833 4834 4835 4836 4837 3310 4838 4839 4840 4841 
21 4842 4843 4844 4845 4846 4847 4848 4849 4850 4851 4852 14 4853 4854 4855 4856 4857 4858 4859 4860 4861 
35 4862 4863 4864 4865 4866 4867 4868 4869 4870 4871 4872 4873 4874 4875 4876 4877 4878 4879 4880 2487 14 4881 4882 4883 4884 4885 3987 4886 4887 4888 4889 4890 4891 4892 4893 
15 4894 4895 4896 4897 4898 4899 4900 4901 14 3402 4902 4903 4904 4905 4906 
22 4907 4908 4909 4910 4911 4912 4913 15 4914 4915 4916 4917 4918 3026 4919 4920 4921 4922 4923 4924 4925 4926 
23 4927 4928 4247 4929 4930 4931 4932 4933 4934 4935 4936 4937 4938 4939 15 4940 4941 4942 4943 4944 4945 4946 4947 
16 4948 4949 4950 4951 4952 4953 15 4954 4955 4956 4957 4958 1658 4191 4959 4960 
22 4961 4962 4963 4964 4965 4966 4967 4968 4969 4970 4971 4972 15 4973 4974 4975 4976 4977 4978 4979 4980 4981 
21 4982 4983 4984 4985 4986 4987 4988 4989 4990 4991 4992 4993 4994 15 4995 4996 4997 4998 4999 5000 5001 
19 5002 5003 5004 5005 5006 5007 5008 5009 15 5010 5011 5012 5013 5014 5015 5016 5017 5018 5019 
23 5020 5021 5022 5023 5024 5025 5026 4990 5027 5028 5029 5030 5031 15 5032 5033 5034 5035 5036 5037 5038 5039 5040 
13 5041 5042 5043 5044 5045 15 5046 5047 5048 5049 5050 5051 4841 
24 5052 5053 5054 5055 5056 5057 5058 5059 15 5060 5061 5062 5063 5064 5065 5066 5067 5068 5069 3473 5070 5071 5072 5073 
26 5074 5075 5076 5077 5078 5079 5080 5081 5082 5083 5084 5085 5086 5087 5088 15 5089 5090 5091 5092 5093 5094 5095 5096 5097 5098 
3 5099 5100 15 
1 15 
1 15 
3 15 3844 3919 
2 3659 15 
4 2465 3936 15 2616 
1 15 
2 3729 15 
4 249 15 1912 3128 
2 15 827 
2 529 15 
4 1435 3283 15 3404 
1 16 
2 2027 16 
1 16 
1 16 
2 76 16 
6 124 16 4439 1118 2354 1661 
3 1469 4358 16 
1 16 
1 16 
2 3942 16 
1 16 
1 16 
3 4704 1815 16 
3 1237 1965 16 
4 4629 2508 16 2828 
1 16 
3 4284 2584 16 
2 16 4420 
2 1812 16 
1 16 
4 3863 3538 4995 16 
1 16 
1 17 
2 3234 17 
2 1100 17 
4 479 2180 1871 17 
2 356 17 
2 1444 17 
1 17 
3 1947 2588 17 
3 901 3960 17 
3 4821 864 17 
3 3017 17 2300 
3 2462 4203 17 
2 17 3226 
3 5061 17 1954 
1 17 
3 2340 17 4078 
1 17 
4 2909 17 3705 4074 
3 918 3743 17 
2 4576 17 
1 17 
1 17 
2 3158 17 
2 2790 17 
2 2773 17 
1 17 
3 147 18 2811 
1 18 
3 3922 18 3305 
4 414 18 792 2156 
3 3827 18 2460 
1 18 
3 207 3021 18 
2 18 3220 
1 18 
1 18 
2 1719 18 
1 18 
1 18 
2 2527 18 
1 18 
1 18 
3 2730 18 4547 
2 603 18 
4 1649 18 547 1880 
3 5025 2252 18 
3 3575 18 764 
1 18 
1 18 
2 4663 19 
3 19 203 4752 
2 19 4811 
2 52 19 
3 1790 2092 19 
2 3314 19 
2 305 19 
5 4400 1036 692 4002 19 
2 19 3570 
2 4483 19 
1 19 
1 19 
4 1997 2996 19 4152 
3 124 19 438 
2 2315 19 
1 19 
3 4788 1272 19 
2 19 1202 
4 805 94 19 3147 
2 1197 19 
1 19 
6 4286 4476 4184 1595 19 912 
2 2020 20 
1 20 
4 2868 4199 4000 20 
2 1205 20 
1 20 
4 611 2630 20 3444 
3 2486 20 3652 
1 20 
1 20 
2 20 4981 
1 20 
1 20 
5 2567 4352 3663 20 2982 
1 20 
2 2217 20 
4 3783 28 2153 20 
1 20 
1 20 
2 1681 21 
1 21 
2 1400 21 
1 21 
2 21 2985 
1 21 
4 1322 61 64 21 
1 21 
1 21 
1 21 
1 21 
1 21 
3 4646 2754 21 
1 22 
3 4316 2688 22 
1 22 
2 2611 22 
1 22 
2 4990 22 
2 1463 22 
1 22 
1 22 
3 1580 3940 22 
1 22 
2 330 22 
1 22 
4 2950 1047 22 2420 
4 3731 1094 22 1169 
1 22 
3 4937 3626 22 
1 22 
1 22 
1 22 
3 4731 472 22 
1 22 
2 3211 23 
2 4573 23 
3 881 542 23 
2 2030 23 
1 23 
2 3075 23 
2 3732 23 
2 1649 23 
2 2486 23 
2 23 2098 
1 23 
3 2503 2317 23 
1 23 
3 363 23 3709 
2 1738 23 
3 4579 5047 23 
2 1992 24 
1 24 
1 24 
3 1603 3994 24 
2 4598 24 
1 24 
1 24 
2 3050 24 
2 1118 24 
2 4258 24 
4 2011 4139 2486 24 
2 24 3227 
2 1821 24 
3 1737 2154 24 
1 24 
3 1905 2743 24 
3 1399 3528 24 
1 24 
2 3944 24 
1 24 
3 25 211 1510 
2 25 3779 
3 25 3338 505 
2 25 2248 
2 25 1186 
3 25 1622 4208 
1 25 
1 25 
2 25 817 
4 25 1350 3817 3711 
3 25 1159 3878 
2 25 423 
2 25 3839 
1 25 
1 25 
2 26 4191 
2 26 4163 
1 26 
2 26 304 
3 26 3116 4689 
2 26 763 
1 26 
1 26 
2 510 26 
2 1689 26 
1 26 
2 26 2863 
1 26 
1 26 
1 26 
2 26 1119 
2 26 4359 
1 27 
1 27 
1 27 
2 650 27 
1 27 
3 27 4739 2614 
1 27 
2 27 1346 
1 27 
2 27 2231 
3 1171 27 98 
1 27 
2 27 463 
1 27 
2 27 2596 
1 27 
2 27 2971 
3 28 484 3883 
2 28 3848 
1 28 
1 28 
2 28 4044 
2 28 1120 
2 28 3362 
2 28 4845 
2 28 1683 
1 28 
1 28 
2 28 2803 
3 775 28 1844 
3 2387 28 4436 
2 28 4638 
2 28 4478 
2 28 3493 
2 28 2605 
1 28 
3 4423 29 277 
2 29 3749 
2 29 1775 
1 29 
4 3311 29 719 1441 
2 2387 29 
2 29 4242 
2 29 3740 
1 29 
1 29 
1 29 
1 29 
1 29 
4 427 29 2588 3444 
1 29 
3 29 2827 712 
2 29 1599 
1 29 
2 29 345 
2 30 4833 
2 30 4233 
2 30 2344 
1 30 
3 747 30 1569 
1 30 
4 4493 30 3909 3687 
3 30 4094 4463 
2 30 4039 
2 30 1868 
2 30 4876 
2 30 3111 
2 30 2009 
3 799 30 2470 
2 30 3987 
3 160 4701 30 
2 30 4726 
1 30 
1 30 
2 30 3047 
3 30 3508 4798 
4 30 232 2193 151 
2 1153 30 
1 31 
2 31 1572 
2 31 59 
1 31 
2 3341 31 
1 31 
3 1790 31 4013 
2 1809 31 
2 1763 31 
1 31 
1 31 
2 31 4924 
4 3863 31 3039 1985 
1 31 
2 31 2021 
2 32 2058 
3 1965 32 3094 
1 32 
2 3398 32 
3 4908 32 4809 
2 32 1065 
1 32 
2 32 2191 
2 32 1649 
1 32 
1 32 
2 3872 32 
1 32 
4 3311 32 3220 4905 
2 32 218 
2 32 5039 
1 33 
5 777 1466 33 3121 344 
2 33 4601 
2 33 842 
2 33 1846 
1 33 
2 4819 33 
2 33 4902 
3 1055 2480 33 
5 377 33 2904 1358 2876 
2 33 667 
2 3067 33 
2 33 3649 
1 33 
2 33 3266 
1 33 
1 33 
2 33 3008 
1 33 
2 1281 33 
2 4842 33 
1 33 
2 33 3365 
1 34 
2 4866 34 
1 34 
2 34 3706 
2 34 1989 
3 1580 34 4512 
1 34 
2 3377 34 
2 35 3127 
1 35 
2 35 3968 
1 35 
1 35 
1 35 
2 35 990 
2 4894 35 
3 3953 3537 35 
1 35 
2 3868 35 
2 3556 35 
2 35 3837 
1 35 
2 35 4262 
1 35 
3 3088 2408 35 
2 496 36 
3 2165 36 1511 
5 4645 3400 36 2092 1510 
3 36 3761 1411 
3 36 1023 3643 
3 2602 36 134 
1 36 
1 36 
1 36 
1 36 
1 36 
1 36 
1 36 
3 4164 36 3561 
1 36 
1 36 
2 36 906 
4 612 36 3642 3688 
1 36 
1 36 
2 4233 36 
1 37 
1 37 
1 37 
1 37 
2 37 4209 
3 1579 37 4041 
2 37 2923 
1 37 
5 160 731 2772 37 2080 
1 37 
4 3321 5009 37 1799 
1 37 
4 4780 37 4076 4347 
1 37 
2 37 3165 
2 37 3334 
3 38 2299 709 
2 38 3940 
2 3682 38 
3 3359 4969 38 
1 38 
2 357 38 
2 38 2964 
1 38 
2 38 2550 
2 38 1599 
4 4674 38 2704 2154 
1 38 
1 38 
4 3208 4056 38 2782 
1 38 
1 38 
1 38 
1 38 
1 38 
1 38 
2 38 3094 
2 38 1508 
3 687 38 3224 
2 38 3410 
1 38 
2 38 544 
1 39 
1 39 
2 39 4146 
2 3769 39 
1 39 
1 39 
2 533 39 
2 2804 39 
1 39 
2 39 1317 
2 922 39 
1 39 
2 1743 39 
2 2709 39 
2 39 2255 
1 39 
2 39 1090 
2 40 3823 
2 679 40 
1 40 
2 2652 40 
1 40 
3 40 4020 1823 
1 40 
1 40 
4 4245 2856 4414 40 
2 3108 40 
1 40 
2 4623 40 
3 4777 989 40 
1 40 
2 2445 40 
2 97 40 
3 1576 4852 40 
4 552 41 3947 2010 
2 3404 41 
3 4589 3253 41 
3 41 827 5051 
1 41 
1 41 
2 3718 41 
4 1142 4654 4071 41 
3 2390 251 41 
2 4090 41 
2 3230 41 
2 1808 41 
3 1194 41 1756 
3 41 4040 3168 
3 1857 3070 41 
2 859 41 
3 4464 481 41 
3 41 1341 347 
1 41 
1 41 
4 1647 41 3146 2095 
1 41 
1 41 
1 41 
1 41 
1 41 
1 41 
1 41 
3 522 3604 42 
3 4027 4725 42 
2 603 42 
1 42 
3 4506 42 3334 
1 42 
2 42 2601 
1 42 
2 42 1030 
3 4246 42 1899 
1 42 
1 42 
2 42 1757 
1 42 
1 42 
2 4553 42 
2 1266 42 
2 330 42 
3 5064 42 4549 
1 42 
2 3745 42 
2 4882 43 
2 4236 43 
1 43 
4 3419 561 932 43 
2 4159 43 
2 1154 43 
1 43 
1 43 
3 4711 3708 43 
4 2526 2886 368 43 
1 43 
1 43 
5 4205 4952 3352 1048 43 
4 43 935 4814 4840 
2 1827 43 
3 3809 3390 43 
2 43 4243 
1 43 
2 4671 43 
2 3527 43 
2 3673 43 
3 469 3268 44 
4 903 973 44 3175 
4 3450 3940 4944 44 
1 44 
3 4862 2930 44 
3 948 1277 44 
2 2732 44 
4 4775 2667 4703 44 
1 44 
1 44 
4 750 44 276 2988 
3 5009 44 3272 
3 4001 44 1557 
3 838 1916 45 
1 45 
1 45 
3 1074 4853 45 
2 1371 45 
4 4069 1922 45 3884 
2 2482 45 
1 45 
3 830 2164 45 
1 45 
2 3921 45 
1 45 
4 605 2642 1648 45 
3 57 1891 45 
2 1554 45 
1 45 
4 2387 4477 2317 45 
2 2730 45 
1 45 
2 850 45 
2 849 45 
3 2737 45 873 
2 4053 45 
2 4742 45 
2 1547 45 
2 2584 45 
2 4690 46 
1 46 
2 2901 46 
2 762 46 
2 93 46 
2 2520 46 
2 2500 46 
1 46 
3 310 46 1072 
1 46 
4 124 3383 46 4192 
2 3881 46 
2 2578 46 
2 3476 46 
3 2397 4660 46 
1 46 
1 46 
2 851 46 
1 46 
1 47 
1 47 
1 47 
2 2755 47 
4 4962 2933 1156 47 
3 4505 241 47 
2 427 47 
2 2371 47 
1 47 
2 127 47 
1 47 
4 58 2247 4923 47 
2 1653 47 
1 47 
2 4989 47 
2 3224 47 
2 1472 47 
1 47 
1 47 
2 1764 47 
3 51 2357 47 
2 1352 47 
2 48 4200 
2 48 4647 
2 48 4730 
1 48 
3 48 50 309 
1 48 
3 48 818 2581 
1 48 
2 48 1438 
3 48 666 1997 
2 48 1648 
1 48 
2 48 1724 
3 3851 48 2150 
2 48 3254 
3 48 1616 371 
1 48 
2 48 84 
3 48 3417 4532 
1 48 
1 49 
4 49 4259 319 3371 
1 49 
1 49 
2 49 1851 
2 49 723 
1 49 
1 49 
1 49 
1 49 
1 49 
1 49 
4 49 4250 2406 1579 
3 49 1901 5066 
2 49 4553 
3 49 799 2503 
4 49 4101 1982 2027 
2 49 1993 
2 49 809 
2 49 2442 
1 49 
3 49 2755 3080 
3 50 2667 2400 
3 50 2364 1395 
2 50 3342 
3 50 3577 3141 
2 50 193 
3 50 2754 1466 
1 50 
1 50 
1 50 
2 50 822 
1 50 
2 50 3614 
2 50 1832 
2 50 3500 
1 50 
1 50 
2 50 3089 
1 50 
1 50 
2 51 4458 
2 51 2327 
1 51 
3 51 115 3164 
3 1805 51 3652 
2 51 3789 
1 51 
2 51 2125 
2 51 3107 
3 51 2453 5098 
2 3312 51 
1 51 
1 51 
1 51 
1 51 
2 818 51 
1 51 
1 51 
1 51 
1 51 
3 120 51 2647 
1 52 
2 52 4952 
3 52 113 4173 
2 52 5066 
1 52 
2 52 3587 
1 52 
2 52 3726 
3 1956 52 3842 
1 52 
2 52 742 
3 52 639 4421 
3 3099 52 2324 
1 52 
1 52 
2 52 2219 
2 52 1577 
2 52 4770 
1 53 
4 53 1103 3398 3392 
2 53 3776 
2 53 3384 
2 53 1728 
3 53 3323 2038 
1 53 
1 53 
1 53 
2 53 1979 
2 53 1295 
1 53 
2 53 150 
4 2116 53 4574 3563 
2 53 1955 
4 53 251 3064 3310 
2 53 2098 
4 2427 53 2232 2766 
2 54 2094 
1 54 
2 2519 54 
1 54 
1 54 
2 54 4657 
1 54 
2 54 4950 
2 654 54 
1 54 
1 54 
1 54 
1 54 
2 2715 54 
3 1546 54 2763 
3 54 783 2549 
2 54 1069 
1 54 
1 55 
2 55 3834 
2 55 1386 
2 55 357 
1 55 
2 55 4557 
1 55 
3 4464 55 3618 
2 55 1553 
2 55 4183 
4 2518 55 5084 1793 
1 55 
2 55 3660 
3 55 3348 1983 
2 55 416 
4 55 2624 3772 808 
1 55 
2 55 3268 
1 55 
1 55 
2 55 1274 
5 4847 55 188 63 1817 
3 610 56 2598 
1 56 
2 56 4297 
3 56 2504 2063 
5 2639 56 3961 4357 3476 
1 56 
3 2900 56 3092 
1 56 
3 56 1162 4297 
1 56 
2 591 56 
1 56 
1 56 
1 56 
3 56 2458 1031 
1 56 
1 56 
2 56 864 
3 3634 57 3149 
3 3717 833 57 
2 57 2248 
1 57 
3 3977 57 4726 
1 57 
3 163 57 4325 
2 2468 57 
2 57 2414 
3 4495 57 4981 
3 1665 2946 57 
2 57 2432 
1 57 
1 57 
1 57 
2 2431 57 
2 1782 57 
3 57 2396 729 
4 4755 57 1536 1432 
3 3003 57 252 
2 2621 57 
5 1204 57 4882 417 4262 
1 57 
4 4625 4427 57 5019 
2 57 4263 
4 1858 58 1652 4816 
2 58 4630 
3 303 58 1320 
1 58 
2 58 2517 
3 998 58 2967 
2 1806 58 
1 58 
1 58 
1 58 
1 58 
2 3108 58 
1 58 
2 58 4816 
2 58 3388 
1 58 
3 58 1130 1972 
3 1587 4383 58 
1 58 
1 58 
6 284 449 58 4740 193 4332 
4 58 3452 3368 491 
2 515 58 
1 58 
2 59 1384 
1 59 
3 59 2193 1342 
1 59 
3 3254 59 2112 
1 59 
1 59 
1 59 
2 59 1114 
2 3905 59 
1 59 
1 59 
2 3296 59 
2 1329 60 
1 60 
2 4571 60 
2 2089 60 
3 3467 60 3365 
4 60 4129 2894 3455 
2 2263 60 
3 754 60 2794 
1 60 
2 60 5018 
2 4385 60 
1 60 
2 2235 61 
1 61 
2 61 1317 
3 89 3256 61 
1 61 
1 61 
2 61 570 
5 801 1993 3451 61 2401 
1 61 
2 879 61 
3 3481 61 5064 
2 5023 61 
3 61 471 1916 
1 61 
1 61 
3 1063 61 3566 
2 61 2301 
2 4551 61 
2 61 2619 
4 4653 1266 61 2210 
1 61 
2 61 2307 
3 61 2300 417 
2 3961 62 
3 62 503 1344 
1 62 
2 3463 62 
2 2238 62 
1 62 
1 62 
1 62 
1 62 
1 62 
1 62 
2 62 2534 
2 62 2231 
4 1991 2817 1942 62 
1 62 
2 62 3948 
2 465 62 
1 62 
1 62 
1 62 
1 63 
1 63 
2 191 63 
3 3311 1676 63 
2 759 63 
1 63 
1 63 
3 3952 63 369 
1 63 
2 1327 63 
2 63 4067 
1 63 
2 63 367 
2 1454 64 
4 68 3508 1094 64 
2 375 64 
2 2784 64 
2 1895 64 
2 2965 64 
1 64 
2 2541 64 
4 105 1563 1986 64 
2 4350 64 
1 64 
1 64 
1 64 
1 64 
1 64 
2 3585 65 
2 242 65 
2 1264 65 
2 1687 65 
1 65 
1 65 
3 2623 65 3132 
2 1922 65 
1 65 
1 65 
2 4339 65 
1 65 
2 4167 65 
1 65 
2 4892 66 
2 2961 66 
1 66 
3 3703 4567 66 
1 66 
3 2853 292 66 
1 66 
1 66 
3 1665 2497 66 
1 66 
1 66 
3 3054 2601 66 
2 2411 66 
1 66 
2 4788 66 
2 2202 66 
1 66 
1 66 
3 67 2203 1995 
4 67 2889 1756 4377 
1 67 
1 67 
1 67 
1 67 
2 67 4551 
1 67 
4 4604 67 2645 1649 
1 67 
2 67 4027 
1 67 
1 67 
2 67 2830 
3 67 1220 4134 
2 67 2527 
4 67 791 4391 1166 
3 67 3870 5094 
1 67 
3 67 3297 2437 
2 67 1447 
1 67 
4 67 5068 366 3269 
3 67 1677 3221 
2 67 1053 
1 67 
1 67 
2 67 822 
2 67 4292 
2 67 3798 
1 67 
2 68 621 
1 68 
1 68 
1 68 
3 68 2429 4189 
2 68 1476 
3 68 1743 2614 
2 68 4434 
1 68 
2 68 1447 
1 68 
2 68 2802 
3 68 2262 4471 
3 68 70 1339 
2 68 1007 
1 68 
1 68 
1 68 
1 69 
6 3806 69 2432 4206 96 2556 
4 1452 4157 69 5068 
2 69 3309 
1 69 
3 69 175 4171 
1 69 
1 69 
1 69 
2 69 4119 
1 69 
1 69 
1 69 
2 69 4519 
2 69 4218 
2 69 2211 
1 69 
1 69 
3 1149 69 722 
2 3018 69 
1 69 
2 1100 69 
1 70 
2 70 396 
1 70 
4 70 2119 3506 1954 
3 140 70 3081 
1 70 
2 70 1199 
2 3596 70 
3 1135 70 1342 
2 70 3308 
1 70 
1 70 
1 70 
2 1857 70 
1 70 
2 70 2683 
1 70 
1 70 
2 70 1294 
3 4534 70 1835 
3 4553 70 764 
4 1124 70 1329 3455 
4 70 2102 2344 1954 
2 1171 70 
1 70 
3 70 500 4526 
1 70 
2 4867 70 
4 2525 71 3453 1757 
3 1812 71 470 
1 71 
3 71 1627 896 
1 71 
2 71 2526 
1 71 
1 71 
1 71 
2 611 71 
1 71 
2 122 72 
1 72 
3 3399 72 2657 
2 3465 72 
3 72 4390 2764 
1 72 
2 72 3740 
2 4865 72 
1 72 
1 72 
2 72 5032 
4 834 72 5012 2220 
2 72 3124 
3 3867 72 4373 
3 72 2895 3096 
3 3378 72 3305 
4 3254 73 2738 2170 
1 73 
1 73 
2 73 2120 
1 73 
2 2339 73 
1 73 
1 73 
2 1122 73 
1 73 
3 1035 73 2301 
2 73 2554 
1 73 
2 73 3259 
1 73 
1 73 
3 2464 73 2372 
3 73 2506 2581 
4 3110 73 3492 153 
2 940 73 
2 73 4149 
1 73 
3 73 4562 1412 
2 74 457 
3 392 74 3050 
2 74 1483 
1 74 
2 74 2396 
2 74 4003 
1 74 
2 4271 74 
1 74 
1 74 
2 74 2281 
2 74 2252 
3 653 74 2875 
6 1670 74 4783 3060 1538 1398 
2 74 5061 
3 4179 74 2923 
2 75 3387 
1 75 
1 75 
1 75 
2 4270 75 
1 75 
2 3532 75 
1 75 
1 75 
3 75 3216 2965 
1 75 
3 75 2027 3692 
3 75 3826 1733 
2 75 2820 
1 75 
1 75 
2 75 4109 
2 75 1091 
2 75 4522 
1 75 
4 4608 76 178 278 
3 4011 76 3967 
3 2902 76 2749 
3 76 905 3198 
1 76 
1 76 
5 5054 533 76 2675 3225 
2 76 1955 
3 76 4522 4546 
3 4426 306 76 
1 76 
3 3228 5081 76 
3 76 1290 1270 
3 2287 76 4208 
2 76 2421 
3 3974 3312 76 
1 77 
2 1301 77 
3 4774 77 4001 
3 1203 77 4168 
3 77 4441 2832 
2 4681 77 
1 77 
1 77 
1 77 
1 77 
2 77 4830 
1 77 
3 3670 409 78 
1 78 
1 78 
4 603 4048 944 78 
2 78 1750 
2 110 78 
2 285 78 
2 78 4395 
2 3617 78 
2 78 891 
2 4570 78 
5 2562 2505 78 2792 3607 
2 78 4053 
4 1286 78 3687 1508 
2 78 1778 
2 5099 78 
1 78 
2 78 3547 
3 1787 4047 78 
2 4518 79 
2 1401 79 
1 79 
3 2903 79 3569 
1 79 
3 4679 138 79 
1 79 
4 4627 4494 79 150 
2 80 2982 
3 2642 80 4796 
2 1983 80 
2 1578 80 
2 1858 80 
2 4452 80 
1 80 
1 80 
3 3953 80 222 
4 160 80 198 3246 
2 3054 80 
1 80 
1 80 
2 80 4789 
1 80 
2 1924 80 
1 80 
2 2933 80 
4 3536 80 1476 708 
1 80 
4 461 652 2024 80 
4 651 1624 80 5066 
3 2946 143 80 
1 81 
2 4829 81 
3 4088 81 5096 
2 158 81 
1 81 
1 81 
1 81 
2 2091 81 
2 81 3046 
3 2312 81 3529 
3 2583 248 81 
2 3541 81 
1 81 
1 81 
1 81 
1 81 
1 81 
1 81 
2 2240 81 
2 81 3248 
1 81 
2 4578 81 
1 81 
2 81 1091 
2 81 3292 
2 81 1412 
1 81 
1 81 
1 81 
1 81 
1 81 
2 82 131 
1 82 
2 82 1029 
2 82 854 
4 1679 3041 82 4771 
1 82 
1 82 
1 82 
1 82 
3 3311 1041 82 
4 844 82 3130 2222 
2 3908 82 
2 4169 82 
4 3482 2319 82 829 
2 4472 82 
2 1582 83 
3 3981 83 1659 
1 83 
3 2433 2706 83 
2 1211 83 
3 2099 83 1586 
2 83 4773 
2 4887 83 
2 83 4222 
4 1625 3139 83 4861 
2 552 83 
2 4930 83 
2 1911 83 
2 572 83 
1 83 
3 3678 3856 83 
2 4240 84 
2 84 746 
4 3637 4915 995 84 
3 4622 1493 84 
3 676 929 84 
3 412 630 84 
2 2762 84 
2 1559 84 
2 4132 84 
2 3622 84 
1 84 
4 4197 1564 4601 84 
2 1115 85 
1 85 
2 183 85 
4 3074 4123 85 3932 
1 85 
3 1943 1625 85 
2 3651 85 
2 2925 85 
2 85 371 
2 4283 85 
1 85 
2 85 3655 
3 696 545 85 
1 85 
3 2118 3879 85 
3 4818 2927 85 
3 444 2151 86 
5 3892 3584 4619 86 2867 
3 3860 3172 86 
2 5077 86 
1 86 
2 2633 86 
1 86 
1 86 
2 2441 86 
3 4395 4947 86 
1 86 
1 86 
2 4940 86 
3 912 2534 86 
1 86 
1 86 
2 1998 86 
2 4908 86 
1 87 
4 87 4103 466 3215 
3 2464 87 4298 
2 87 1511 
4 87 1592 1568 2766 
1 87 
3 87 2903 1352 
1 87 
3 87 4124 2634 
2 87 1762 
2 87 2773 
2 87 5090 
1 87 
3 87 1872 2552 
1 87 
1 87 
2 87 3303 
3 88 2147 3798 
1 88 
1 88 
2 4175 88 
1 88 
5 88 3284 3965 2399 4263 
3 88 231 4542 
1 88 
4 88 2370 3351 99 
2 88 767 
5 88 1903 190 842 907 
5 88 1258 432 594 345 
1 88 
1 88 
2 1098 88 
2 88 887 
2 88 2765 
3 88 5061 2437 
3 88 4106 2347 
1 88 
5 88 3422 259 4875 2276 
3 88 1560 2722 
1 88 
4 88 284 3676 3455 
1 88 
3 88 2021 2957 
1 88 
4 89 230 1240 1083 
3 89 1884 2844 
4 5021 3103 89 4954 
2 89 1889 
2 89 2618 
2 89 1412 
2 89 2348 
1 89 
4 89 3644 2865 2302 
2 1763 90 
1 90 
2 1193 90 
4 208 90 3641 1273 
1 90 
2 90 1548 
2 90 3070 
2 390 90 
2 90 3609 
4 90 3617 518 3219 
1 90 
3 90 4291 1819 
1 90 
3 2916 1221 90 
1 90 
2 91 485 
1 91 
1 91 
1 91 
1 91 
1 91 
1 91 
1 91 
1 91 
4 4662 91 5008 3511 
4 91 3329 3511 180 
1 91 
3 91 2723 3327 
1 91 
1 91 
2 91 108 
1 91 
1 91 
2 91 1916 
2 91 2057 
3 91 4192 4643 
2 91 2077 
1 91 
3 91 2746 3152 
3 91 3837 4320 
4 226 2803 91 4358 
1 91 
1 91 
2 91 3834 
1 91 
2 92 337 
5 4667 2501 92 4993 3798 
3 92 4851 1733 
1 92 
1 92 
2 92 909 
2 92 1948 
1 92 
3 92 4971 4893 
2 1001 92 
1 92 
2 4119 92 
2 92 3724 
2 92 4311 
3 1721 92 1427 
1 92 
1 93 
2 3887 93 
3 3082 93 454 
2 93 439 
1 93 
2 4027 93 
1 93 
1 93 
3 1287 93 725 
1 93 
1 93 
2 93 195 
4 4046 2203 93 2190 
1 93 
2 3951 93 
2 1467 93 
3 93 4654 149 
2 93 3543 
1 93 
2 93 4881 
1 93 
4 1251 759 93 1778 
5 1349 3298 787 93 4147 
1 93 
2 94 4913 
4 4023 3415 2666 94 
3 94 2027 1911 
3 184 94 1630 
3 1674 94 579 
3 94 894 3593 
1 94 
2 94 3960 
2 3829 94 
1 94 
2 5027 94 
1 94 
2 2696 94 
2 4404 94 
2 2032 94 
1 94 
4 1825 531 248 94 
2 4663 94 
1 94 
3 94 1477 1756 
2 142 94 
3 2406 94 4223 
1 94 
3 1907 95 1089 
1 95 
2 95 2042 
1 95 
2 4254 95 
2 95 1481 
2 95 113 
1 95 
3 354 577 95 
1 95 
3 95 2515 4488 
3 1043 95 2797 
2 138 95 
1 95 
1 95 
1 95 
1 95 
2 95 681 
1 95 
3 1919 95 1971 
2 3065 95 
2 95 3081 
1 95 
2 962 96 
3 1104 3215 96 
2 96 4661 
3 758 174 96 
2 578 96 
2 2725 96 
3 2017 96 3285 
4 1350 1869 96 297 
2 2271 96 
1 96 
3 291 96 2417 
1 96 
2 96 1054 
2 3252 96 
3 4349 1685 96 
2 4728 96 
3 2120 453 96 
2 96 117 
7 1957 4026 735 5065 96 1930 4569 
4 1889 2955 4856 97 
3 4597 97 1775 
1 97 
2 810 97 
1 97 
2 4724 97 
4 4955 97 3474 3457 
2 4564 97 
2 97 951 
2 97 4054 
3 3605 97 1989 
3 3459 97 1340 
2 3137 97 
2 2946 97 
3 3180 97 3046 
2 247 97 
1 98 
2 98 4981 
2 2512 98 
2 3634 98 
3 522 98 157 
3 3894 190 98 
2 606 98 
1 98 
1 98 
4 3983 2106 3585 98 
2 2430 98 
3 921 2318 98 
2 4524 98 
1 98 
1 98 
1 98 
1 99 
4 2537 761 1334 99 
3 1098 1494 99 
1 99 
2 3877 99 
2 2881 99 
2 4843 99 
1 99 
4 2845 2596 4262 99 
1 99 
2 3736 99 
1 99 
2 557 99 
2 1812 99 
1 99 
4 4288 304 3430 99 
6 3594 4340 2022 2111 1634 99 
1 99 
1 99 
1 99 
2 2249 99 
2 3298 99 
1 99 
1 99 
2 345 99 
1 99 
2 3687 100 
2 3203 100 
3 1666 4225 100 
3 2505 4618 100 
3 2699 3324 100 
2 4284 100 
1 100 
3 1824 1668 100 
1 100 
2 843 100 
2 4571 100 
4 2469 3280 3599 100 
1 100 
2 1207 100 
1 100 
2 1946 100 
1 100 
2 784 100 
3 101 4515 2298 
3 101 930 242 
1 101 
2 101 1648 
1 101 
2 101 456 
1 101 
2 1782 101 
1 101 
2 101 5075 
2 101 3782 
3 101 1761 1571 
3 101 2254 275 
1 101 
2 101 3880 
3 3531 101 4189 
4 101 830 1707 1159 
3 101 2772 3815 
1 102 
2 102 1801 
1 102 
1 102 
3 102 835 1225 
3 5054 102 3089 
3 102 1505 2324 
2 102 2666 
2 102 3918 
3 102 3045 5069 
1 102 
2 102 3987 
2 102 1823 
1 102 
1 102 
1 102 
1 102 
3 102 5015 3272 
1 102 
2 102 2273 
2 102 4621 
1 103 
1 103 
2 103 3600 
7 103 2816 2521 3464 2528 4000 1183 
4 103 1592 4890 3199 
1 103 
1 103 
2 103 1897 
2 103 308 
2 103 1725 
3 103 4228 3758 
2 103 3725 
2 103 3162 
1 103 
3 103 2203 2743 
4 103 1324 314 1343 
3 103 1442 1011 
5 104 987 4355 4323 4791 
3 4894 104 1823 
1 104 
1 104 
1 104 
2 104 4822 
1 104 
1 104 
1 104 
3 104 587 292 
1 104 
1 104 
1 104 
1 104 
1 104 
3 104 2976 1801 
4 104 1114 4344 2221 
2 104 203 
1 104 
1 104 
2 105 4976 
2 2463 105 
1 105 
3 105 2090 1006 
2 105 2432 
4 105 2788 4885 2420 
2 105 933 
3 1492 105 1046 
1 105 
2 105 583 
3 105 1211 2229 
1 105 
3 4948 105 2863 
3 105 1834 629 
2 105 5038 
5 4700 5043 106 1183 3061 
2 441 106 
3 1154 106 934 
2 4862 106 
2 1250 106 
1 106 
3 106 362 906 
3 106 2962 1619 
1 106 
3 4894 106 4182 
3 4118 106 3704 
3 4337 214 106 
1 106 
2 106 4821 
2 106 2908 
2 3378 106 
1 106 
1 106 
2 106 560 
2 747 106 
2 107 451 
1 107 
1 107 
2 3273 107 
1 107 
2 4845 107 
3 4927 1811 107 
2 107 4477 
2 2564 107 
2 372 107 
3 107 585 1663 
3 107 1872 3918 
2 4402 107 
2 107 1510 
1 107 
1 107 
6 4862 280 1761 107 1426 933 
1 107 
3 4680 2768 107 
2 428 108 
1 108 
2 108 1773 
1 108 
1 108 
1 108 
1 108 
2 108 3288 
2 108 1002 
3 108 4000 3792 
2 108 3041 
2 2289 108 
5 1784 145 108 3190 4693 
1 108 
1 108 
1 109 
2 109 4224 
1 109 
2 2856 109 
3 4317 109 4061 
2 109 171 
2 109 2343 
1 109 
2 109 2198 
2 109 4373 
1 109 
2 109 2219 
3 109 1708 2590 
3 586 2206 109 
1 109 
2 2145 109 
2 109 5066 
1 109 
3 1058 109 3880 
1 109 
2 4595 109 
1 110 
3 5082 110 157 
2 4497 110 
1 110 
2 2465 110 
1 110 
1 110 
2 110 2686 
3 124 110 3200 
1 110 
2 110 2650 
3 2716 110 1710 
2 110 4240 
1 110 
3 4253 110 679 
2 110 2994 
1 110 
1 111 
5 2818 3502 111 4580 155 
1 111 
3 111 2978 4483 
2 3084 111 
1 111 
2 1138 111 
2 1979 111 
2 1520 111 
3 354 652 111 
1 111 
3 1015 2545 111 
2 111 767 
1 111 
1 111 
4 2237 111 434 1013 
3 4337 1564 112 
2 4990 112 
1 112 
2 112 1343 
1 112 
1 112 
1 112 
2 112 1849 
2 112 3414 
2 112 3693 
2 3681 112 
1 112 
3 2486 1872 112 
3 1126 3750 112 
4 4755 2667 112 3566 
1 112 
2 4187 112 
3 2625 113 1010 
3 4217 113 2595 
4 3120 113 1601 2424 
3 1324 113 3968 
4 1379 113 4905 1821 
1 113 
1 113 
1 113 
1 113 
2 965 113 
2 3343 113 
1 113 
1 113 
2 113 3406 
4 3260 4996 2809 113 
2 113 2798 
1 113 
2 2336 113 
1 113 
1 113 
2 2760 113 
1 114 
1 114 
3 2542 3163 114 
3 3253 2148 114 
1 114 
1 114 
3 118 114 4281 
3 3953 4593 114 
2 2060 114 
2 3384 114 
4 1638 2741 114 3442 
3 2140 3348 114 
5 3785 3870 4035 114 4328 
2 910 114 
2 1603 114 
3 127 221 114 
3 2717 387 114 
3 697 454 114 
1 114 
2 330 114 
2 4349 114 
1 114 
1 115 
4 2541 3785 115 2488 
2 2203 115 
1 115 
1 115 
2 838 115 
3 651 115 2848 
1 115 
3 2407 4762 115 
1 115 
1 115 
2 1376 115 
1 115 
3 3678 115 4841 
2 3070 115 
2 2441 115 
1 115 
1 115 
2 3266 115 
2 4012 116 
2 2469 116 
2 304 116 
2 2302 116 
2 4303 116 
2 4323 116 
2 4063 116 
1 116 
1 116 
5 219 3301 4546 116 3334 
1 116 
2 3257 116 
2 1747 116 
4 593 4995 116 4859 
2 238 116 
3 1124 569 116 
1 116 
2 236 116 
2 116 156 
1 116 
3 2053 4357 116 
1 116 
1 116 
2 180 116 
3 4135 1247 116 
6 1250 2161 1747 4391 1953 117 
1 117 
1 117 
5 2584 2058 131 3245 117 
1 117 
2 4483 117 
1 117 
2 1166 117 
2 1314 117 
2 2279 117 
2 3590 117 
3 2294 5034 117 
2 4556 117 
1 117 
3 2713 386 117 
2 2445 117 
3 2056 994 117 
2 1371 117 
2 1972 117 
2 1554 117 
2 118 3852 
1 118 
3 118 3305 2474 
1 118 
1 118 
1 118 
2 118 1986 
2 118 2273 
3 118 1182 502 
2 118 1014 
2 118 4215 
1 118 
2 1147 119 
1 119 
2 119 2098 
3 119 4227 1174 
1 119 
3 119 3580 1531 
1 119 
2 119 4019 
1 119 
1 119 
2 119 2658 
1 119 
5 119 4930 886 3115 2876 
3 119 1075 464 
4 119 3374 1876 3444 
2 119 4035 
2 119 3960 
3 119 1410 346 
1 119 
3 119 4819 1912 
3 119 3303 727 
1 119 
1 119 
1 119 
1 119 
1 119 
4 120 2721 4165 4277 
5 120 3715 2645 1293 5012 
3 120 1141 2552 
2 120 2463 
2 120 4889 
2 120 3920 
3 120 4168 3779 
1 120 
1 120 
3 120 2644 4520 
3 120 3051 1813 
2 120 2781 
4 120 2230 1937 4422 
3 120 3836 5062 
2 120 2912 
2 120 1658 
1 120 
1 120 
2 120 2212 
1 120 
3 120 1409 154 
3 120 4846 3112 
1 120 
1 121 
1 121 
2 121 4359 
3 121 3778 1448 
1 121 
4 121 3578 174 2041 
2 121 3626 
1 121 
1 121 
2 121 2882 
3 121 4361 2214 
1 121 
1 121 
2 121 2738 
3 1900 121 2536 
3 687 121 2527 
4 121 311 3010 1169 
3 121 1386 1163 
4 121 2334 2181 1673 
3 121 213 4765 
1 121 
1 121 
3 4283 121 4054 
2 121 1168 
1 122 
1 122 
1 122 
1 122 
3 122 1522 2438 
1 122 
1 122 
2 122 364 
2 122 2514 
3 122 846 436 
2 122 1851 
2 122 1557 
1 122 
1 122 
2 122 2847 
2 4135 122 
3 122 1924 991 
1 122 
1 122 
2 122 959 
1 122 
2 122 4770 
1 122 
5 4098 123 5042 3504 4791 
1 123 
2 123 4878 
2 123 2302 
1 123 
2 123 2133 
2 4351 123 
5 4680 123 3599 2684 240 
3 123 1381 3500 
4 123 2562 3852 316 
1 123 
1 123 
3 123 2051 2729 
3 123 550 1343 
2 123 4810 
1 123 
2 123 1656 
3 123 1671 4045 
3 123 4937 3963 
2 123 4075 
2 3419 123 
2 123 3369 
2 123 4165 
2 284 123 
1 123 
1 123 
2 123 895 
1 123 
2 124 4031 
1 124 
1 124 
3 3419 4465 124 
2 124 4078 
2 940 124 
3 2621 3211 124 
1 124 
3 124 2942 3861 
1 124 
1 124 
3 124 3870 1646 
2 124 882 
2 124 1392 
2 124 3368 
2 124 2628 
2 124 2925 
1 124 
1 124 
2 3296 124 
1 124 
4 5022 4592 124 4312 
2 124 2843 
1 124 
1 124 
2 3422 124 
1 125 
2 125 5059 
4 534 125 523 846 
3 3887 125 126 
1 125 
2 755 125 
1 125 
2 3576 125 
1 125 
1 125 
2 125 2759 
4 125 1403 1090 4657 
2 125 870 
1 125 
3 1643 125 4688 
3 939 125 2750 
4 1154 125 4758 4279 
1 125 
1 125 
2 125 2449 
1 126 
5 4668 126 929 1780 4588 
2 126 2167 
3 126 4044 649 
3 126 3939 2436 
1 126 
2 126 1244 
1 126 
1 126 
2 126 1081 
1 126 
1 126 
3 4571 126 1815 
1 126 
1 126 
4 126 1981 2810 416 
3 126 3959 1449 
1 126 
2 126 3640 
2 2118 126 
1 126 
1 127 
3 127 3144 1014 
2 127 3763 
3 1285 127 3040 
2 127 1850 
2 127 1088 
4 1300 1980 127 1084 
4 3461 4231 1562 127 
1 127 
2 127 4092 
2 127 2409 
3 127 1269 1655 
2 2312 127 
1 127 
1 128 
3 128 1611 2174 
3 3338 128 936 
1 128 
2 3022 128 
5 4825 128 744 2218 4569 
3 4869 128 4063 
3 3359 2992 128 
1 128 
4 233 2451 128 2404 
1 128 
4 2449 4410 128 4173 
2 4290 128 
2 128 967 
1 128 
1 128 
2 3429 128 
1 128 
3 128 4373 1069 
2 244 128 
2 331 128 
1 128 
3 312 4938 129 
4 4864 1977 2264 129 
4 1623 129 2684 1392 
4 3461 2070 129 272 
1 129 
2 3616 129 
4 5006 1080 129 3587 
4 2179 3421 129 1893 
4 3379 561 129 4729 
1 129 
1 129 
1 129 
2 2225 129 
1 129 
1 129 
1 130 
1 130 
1 130 
2 610 130 
1 130 
5 3106 836 2906 130 4943 
1 130 
1 130 
1 130 
5 451 378 433 130 2111 
2 130 255 
2 2160 130 
2 169 130 
3 4877 4726 130 
1 130 
1 130 
2 3864 130 
3 3634 2742 130 
2 131 4441 
2 131 4212 
3 4572 1240 131 
1 131 
1 131 
4 862 2505 4884 131 
2 1720 131 
1 131 
3 932 131 436 
4 1058 3663 131 3693 
5 2500 1885 3453 1474 131 
2 131 1393 
1 131 
2 293 131 
3 159 4353 131 
4 3139 3750 2682 131 
3 4898 4907 131 
2 1842 131 
1 131 
3 2316 131 4223 
2 1792 131 
1 131 
2 1102 131 
3 4627 1043 132 
2 1017 132 
3 861 3282 132 
2 1942 132 
1 132 
1 132 
1 132 
4 1349 3735 132 4297 
4 805 1354 4016 132 
4 1265 340 2299 132 
3 1942 4236 132 
1 132 
1 132 
1 132 
1 132 
1 132 
4 1181 132 1616 4861 
2 3087 132 
2 2298 132 
2 1857 133 
2 3180 133 
1 133 
1 133 
4 4269 2160 1210 133 
2 2139 133 
1 133 
1 133 
3 2684 2094 133 
2 133 3272 
1 133 
2 4197 133 
3 189 133 1030 
2 695 133 
1 133 
4 2263 3852 1634 133 
2 3661 133 
3 4234 1387 133 
1 133 
3 1300 3189 133 
2 3664 133 
1 133 
2 2716 133 
1 133 
1 134 
4 2340 3896 1474 134 
3 4466 4692 134 
3 2019 3432 134 
2 134 3248 
1 134 
3 3021 384 134 
2 4198 134 
1 134 
2 4096 134 
2 3352 134 
1 134 
2 244 134 
1 134 
1 134 
2 2735 134 
1 134 
3 3958 868 134 
3 3109 134 3172 
1 134 
3 903 1393 134 
2 3437 135 
3 1523 3489 135 
4 2206 295 135 855 
2 3951 135 
2 3785 135 
1 135 
3 308 542 135 
1 135 
2 2057 135 
2 4769 135 
2 5045 135 
2 3720 135 
1 135 
2 2117 135 
3 1864 135 507 
1 135 
4 1055 3538 3213 135 
2 2820 135 
2 4501 135 
4 2732 781 1243 135 
2 655 136 
2 3957 136 
2 4349 136 
3 527 136 3592 
1 136 
1 136 
1 136 
1 136 
3 3853 3326 136 
2 406 136 
1 136 
2 2703 136 
4 498 4575 1287 136 
2 4984 136 
4 5087 4655 272 136 
1 136 
2 1669 136 
4 2682 1165 136 2665 
1 136 
3 2365 1093 137 
2 4895 137 
3 1224 3942 137 
3 3618 1048 137 
4 2116 4730 4791 137 
2 164 137 
1 137 
2 2374 137 
1 137 
2 377 137 
3 3421 4054 137 
2 3234 137 
3 1608 3327 137 
2 1629 137 
1 138 
1 138 
2 3515 138 
1 138 
2 138 1059 
2 138 4021 
1 138 
3 138 1491 842 
1 138 
2 138 2270 
4 138 2262 1258 4171 
2 138 3774 
2 138 978 
1 138 
2 138 3923 
2 138 2076 
1 138 
2 138 733 
2 138 4124 
4 138 4413 4168 3164 
2 138 4199 
1 138 
2 138 1362 
3 138 2245 155 
2 138 3193 
1 138 
2 3208 138 
1 138 
2 138 5032 
2 138 4243 
3 138 2619 200 
3 1760 139 1925 
5 139 939 824 2996 2113 
1 139 
1 139 
1 139 
2 139 4703 
4 139 4682 3556 4939 
2 139 4660 
2 139 2900 
2 139 1441 
3 139 3636 4686 
2 139 4892 
2 139 2860 
1 139 
1 139 
1 139 
3 139 2510 2619 
2 139 1336 
5 2464 139 2338 2545 4729 
1 139 
2 139 2073 
1 139 
2 404 139 
1 139 
1 139 
2 3335 139 
2 139 3734 
2 4114 139 
1 139 
2 140 4319 
2 140 1771 
1 140 
1 140 
3 4195 140 1886 
2 140 2967 
2 140 3861 
1 140 
3 140 2613 2796 
3 140 4758 697 
1 140 
2 140 1562 
1 140 
2 140 4856 
2 140 726 
1 140 
2 140 3408 
1 140 
2 141 2217 
2 141 4883 
2 141 1028 
3 141 2077 2559 
4 141 2153 3858 4039 
2 141 3837 
1 141 
1 141 
2 2261 141 
2 141 1659 
3 3808 141 1701 
2 141 4831 
2 1810 141 
1 141 
1 141 
2 141 197 
3 141 3680 2343 
4 142 3058 343 847 
1 142 
4 142 823 3812 2601 
1 142 
3 4735 142 4773 
2 142 2576 
1 142 
2 142 851 
3 1376 142 2297 
1 142 
1 142 
2 142 2147 
3 3230 142 2494 
3 142 456 1953 
2 4964 142 
2 4662 142 
2 142 1712 
1 142 
2 4969 142 
4 1437 142 3476 4191 
3 142 3564 2400 
3 143 3219 3412 
1 143 
2 143 4339 
4 944 143 196 402 
3 878 143 938 
1 143 
1 143 
2 143 3943 
2 143 2395 
2 143 2136 
2 143 3355 
3 143 1581 3451 
5 4863 143 3960 4295 1029 
2 1364 143 
2 143 1654 
3 1625 143 1014 
1 144 
2 144 2029 
1 144 
2 4894 144 
1 144 
5 4576 144 3941 679 1917 
3 144 1631 325 
1 144 
1 144 
2 144 3348 
1 144 
3 231 144 3310 
2 144 4618 
1 144 
2 144 2272 
2 144 700 
3 145 4003 3332 
2 1206 145 
1 145 
2 3729 145 
1 145 
3 3311 145 1981 
1 145 
3 145 324 4754 
1 145 
2 145 1474 
1 145 
2 145 1142 
3 4628 145 3564 
3 4333 145 2703 
2 145 1793 
2 145 2131 
1 145 
1 146 
2 146 4678 
2 146 1292 
4 146 521 4506 1714 
2 720 146 
1 146 
2 146 3305 
2 3836 146 
3 3101 4701 146 
2 146 2130 
3 3086 146 2420 
2 327 146 
1 146 
1 146 
2 5074 146 
1 146 
2 1942 147 
3 4852 147 1183 
2 2084 147 
3 4424 147 3655 
3 147 1428 2599 
1 147 
2 3538 147 
1 147 
1 147 
1 147 
1 147 
2 147 544 
2 147 293 
2 147 3445 
2 1263 147 
1 147 
2 1455 147 
2 4198 148 
1 148 
2 3398 148 
1 148 
2 148 3028 
1 148 
1 148 
2 148 3862 
1 148 
1 148 
3 3425 148 2381 
2 1666 148 
2 1864 148 
2 4646 148 
3 3522 148 2322 
2 2165 148 
1 148 
2 4385 148 
1 148 
1 148 
3 1237 3058 149 
1 149 
1 149 
4 2048 4870 738 149 
2 3158 149 
1 149 
1 149 
3 3910 2678 149 
2 149 4397 
3 4867 149 3029 
3 149 1988 487 
2 4429 149 
2 149 1673 
2 149 4041 
3 1604 149 4129 
2 374 150 
2 4674 150 
2 150 2910 
1 150 
2 150 3669 
2 3461 150 
1 150 
2 150 1411 
3 611 2247 150 
2 4714 151 
3 4628 151 4488 
1 151 
1 151 
3 1861 3231 151 
3 3276 2293 151 
2 3123 151 
2 151 2987 
3 4543 4219 151 
2 805 151 
1 151 
1 151 
2 1251 151 
3 4610 151 4297 
1 151 
1 151 
1 151 
3 1140 151 3782 
3 3055 1374 151 
1 151 
1 152 
1 152 
1 152 
5 2674 1061 3686 4811 152 
3 858 3260 152 
3 1437 4581 152 
3 1627 1485 152 
2 611 152 
1 152 
2 2482 152 
1 152 
3 3077 152 2005 
4 166 318 152 3245 
2 2870 152 
1 152 
3 2275 152 3693 
2 4940 152 
1 152 
1 153 
2 153 1687 
1 153 
1 153 
1 153 
1 153 
1 153 
1 153 
3 677 153 1414 
1 153 
3 1594 2375 153 
1 153 
2 153 1602 
2 3820 153 
1 153 
2 821 154 
3 4770 154 5070 
1 154 
3 879 1507 154 
1 154 
2 4484 154 
2 3251 154 
2 3262 154 
1 154 
1 154 
3 4290 3286 154 
2 4749 154 
2 2367 154 
3 3274 3876 154 
1 154 
1 155 
6 4423 1083 4416 1837 155 1512 
2 3469 155 
1 155 
3 5081 3263 155 
2 416 155 
2 4521 155 
1 155 
2 4973 155 
2 3221 155 
4 1824 4200 3050 155 
1 155 
2 155 1663 
2 4474 155 
3 3741 4234 155 
1 155 
2 1233 155 
3 1998 155 3457 
1 155 
2 693 155 
3 1208 1424 155 
1 155 
3 1103 2700 155 
2 3777 155 
1 156 
1 156 
3 3617 156 509 
1 156 
1 156 
2 3785 156 
1 156 
5 3595 4651 3620 1971 156 
1 156 
3 2086 3008 156 
3 3481 4360 156 
1 156 
3 4378 3873 156 
3 1490 384 156 
1 156 
1 156 
2 394 156 
1 156 
3 3055 2884 156 
2 827 156 
1 156 
1 157 
1 157 
3 2447 4992 157 
1 157 
5 4194 240 3050 2081 157 
1 157 
4 2667 5080 362 157 
2 4159 157 
2 158 5068 
1 158 
1 158 
1 158 
1 158 
2 158 1092 
1 158 
1 158 
1 158 
1 158 
3 158 2978 619 
1 158 
2 158 2300 
3 158 3787 3026 
3 158 237 4919 
1 158 
1 158 
1 159 
1 159 
4 159 311 4884 3565 
3 159 239 1318 
1 159 
1 159 
3 159 333 2567 
2 159 2444 
1 159 
1 159 
1 159 
4 257 159 4064 3011 
3 3727 159 3392 
2 159 2837 
2 159 2862 
1 159 
1 160 
1 160 
1 160 
1 160 
2 160 3442 
1 160 
1 160 
1 160 
2 160 583 
2 160 2429 
3 160 1548 2040 
1 160 
1 160 
1 160 
3 160 4994 1927 
3 160 1521 1838 
4 160 4502 4170 567 
2 160 4876 
2 160 4018 
5 160 1400 448 2994 2955 
2 161 2271 
1 161 
1 161 
3 161 1500 1243 
5 161 4457 4328 2987 2895 
2 161 4298 
1 161 
5 2730 2853 161 3351 3801 
2 5077 161 
3 161 3685 1412 
2 1991 161 
1 161 
1 161 
2 161 1012 
3 4426 162 1802 
1 162 
2 162 613 
4 4572 162 4545 4399 
2 162 4411 
5 162 1680 761 3822 2173 
1 162 
1 162 
2 162 4224 
2 1590 162 
2 162 430 
1 162 
2 162 2908 
1 162 
1 162 
2 162 938 
6 1325 162 3467 3790 1803 4264 
3 1737 163 243 
2 163 4673 
2 163 2087 
2 163 3280 
2 163 2810 
2 163 2535 
2 163 649 
3 163 1923 955 
2 163 4599 
1 163 
3 3101 163 1061 
1 163 
3 587 163 707 
1 163 
3 163 1374 4893 
2 3176 164 
1 164 
2 164 991 
2 164 224 
5 5080 164 190 2808 3092 
1 164 
2 1667 164 
2 164 4584 
1 164 
2 2482 164 
3 4778 164 966 
3 164 1109 739 
2 164 2579 
3 164 3750 1394 
3 164 559 4752 
2 164 2282 
1 164 
1 164 
2 164 2247 
3 207 164 480 
2 164 3405 
3 164 4241 4308 
1 164 
4 3497 164 2118 3347 
3 4927 603 164 
3 3573 164 3735 
2 164 2883 
2 164 1372 
1 164 
1 164 
2 633 164 
2 164 275 
1 164 
2 164 1554 
1 164 
2 164 1224 
4 164 3382 4711 3173 
1 165 
2 165 3547 
1 165 
2 165 1836 
1 165 
3 165 1568 2510 
2 165 4130 
3 165 942 3959 
1 165 
2 165 4861 
2 2427 165 
1 165 
3 4136 165 767 
2 165 368 
2 165 4211 
2 1073 165 
1 165 
1 165 
3 165 4189 1712 
1 166 
1 166 
3 166 4658 3551 
1 166 
1 166 
4 4348 166 2857 323 
1 166 
1 166 
1 166 
2 166 1951 
3 2139 166 4479 
3 166 961 2654 
2 166 685 
1 166 
2 166 4265 
2 166 760 
2 166 4073 
2 166 3471 
1 166 
3 1605 166 2579 
2 166 3133 
1 166 
3 818 166 3354 
2 3097 167 
2 3556 167 
2 167 4389 
2 167 4520 
4 2538 167 3917 1838 
1 167 
1 167 
1 167 
1 167 
1 167 
1 167 
1 167 
1 167 
2 167 2556 
2 167 2042 
1 167 
1 167 
2 167 2659 
3 3481 167 3364 
1 167 
2 167 3666 
1 167 
3 4898 1438 167 
2 1943 167 
2 2074 167 
1 167 
1 167 
2 1883 168 
1 168 
1 168 
2 168 3301 
1 168 
4 4313 168 700 2661 
2 4490 168 
1 168 
3 425 2365 168 
3 168 4236 3876 
2 168 2598 
2 168 3749 
3 1806 1622 168 
3 168 1424 4973 
2 3483 168 
3 3632 4448 168 
3 2751 168 1683 
4 334 168 3877 599 
3 168 2954 1273 
2 168 4794 
1 168 
4 3925 168 890 709 
2 1441 168 
3 3281 168 313 
2 452 168 
2 169 1446 
2 169 3719 
3 757 169 2742 
2 2881 169 
1 169 
2 3618 169 
3 302 169 2632 
1 169 
1 169 
1 169 
2 3745 169 
1 169 
1 169 
1 169 
2 5021 169 
1 169 
1 169 
3 2206 169 2909 
2 169 1499 
1 169 
3 2565 169 1532 
1 170 
1 170 
2 170 2936 
3 170 4675 1818 
3 749 2140 170 
5 3357 1376 1126 170 911 
1 170 
2 1150 170 
2 170 2189 
2 3870 170 
2 170 1389 
3 2901 170 2130 
1 170 
2 170 2937 
3 2949 170 3884 
1 170 
3 5042 170 218 
3 616 170 2177 
1 170 
4 817 216 170 1050 
2 170 1272 
2 4576 170 
1 170 
4 2546 170 1935 828 
2 2014 171 
4 171 3585 2943 3457 
1 171 
3 2882 171 4147 
2 171 3507 
2 4060 171 
3 4086 4672 171 
4 3085 171 1893 4461 
2 171 3226 
2 2520 171 
2 171 278 
2 1643 171 
2 1811 171 
2 171 2940 
1 171 
3 4206 171 2037 
1 171 
2 171 224 
1 171 
4 4985 171 4857 1537 
1 172 
3 5003 3814 172 
1 172 
3 172 2378 1134 
2 172 1269 
3 172 1877 1757 
1 172 
2 3436 172 
3 3206 172 2187 
1 172 
3 172 2255 1637 
1 172 
5 329 2225 2806 172 1375 
1 172 
1 172 
3 4430 1330 172 
2 1302 172 
4 172 253 2778 1012 
6 533 1193 2788 173 1553 599 
3 173 968 1450 
1 173 
2 355 173 
1 173 
1 173 
1 173 
2 173 4581 
1 173 
1 173 
3 3594 173 681 
1 173 
2 1002 173 
4 1886 173 4032 3588 
1 173 
2 2610 173 
3 1701 173 2633 
1 173 
3 1699 173 5093 
1 173 
1 173 
2 2783 173 
1 173 
4 779 2187 173 686 
2 174 2691 
1 174 
1 174 
4 2442 463 4807 174 
1 174 
1 174 
2 575 174 
2 941 174 
3 4285 2126 174 
1 174 
1 174 
1 174 
2 174 3120 
5 2148 2776 1046 174 3437 
3 213 174 3356 
1 174 
3 1646 3058 174 
4 2571 808 174 4147 
1 174 
2 174 3175 
4 5059 3792 2761 174 
2 3349 174 
2 3254 175 
1 175 
4 690 2447 175 3569 
2 3496 175 
1 175 
2 516 175 
1 175 
2 175 3194 
3 1139 175 624 
1 175 
1 175 
3 2373 175 1119 
2 175 2352 
1 175 
2 918 175 
1 175 
1 176 
2 2249 176 
1 176 
3 176 4731 3823 
2 176 632 
3 176 1375 2006 
2 2470 176 
1 176 
1 176 
2 176 3133 
2 866 176 
3 1000 2146 176 
2 176 3797 
1 176 
3 1415 176 4439 
2 1112 176 
2 4504 176 
2 811 176 
2 3460 176 
3 998 176 3027 
2 176 3413 
2 176 3628 
2 177 4487 
1 177 
1 177 
4 998 2835 589 177 
3 4466 1362 177 
3 652 177 4396 
1 177 
3 177 256 3408 
1 177 
3 748 177 278 
2 3117 177 
2 2129 177 
2 4650 177 
3 3402 2711 177 
1 177 
2 177 710 
2 177 205 
3 2751 177 4211 
2 177 3393 
2 2107 177 
2 1760 178 
3 4764 178 3649 
4 178 4891 4396 915 
1 178 
5 799 2362 4016 178 2351 
3 5099 5026 178 
3 2469 2631 178 
3 178 1658 2384 
2 4009 178 
2 178 3668 
2 2843 178 
1 178 
1 178 
3 4466 4467 178 
2 2456 178 
2 1871 178 
1 178 
2 2564 178 
1 178 
1 178 
1 178 
2 3300 178 
3 2582 3348 178 
2 4354 178 
1 178 
2 4089 178 
1 178 
4 3035 2147 5066 178 
1 178 
4 377 2249 542 178 
2 178 2829 
1 179 
1 179 
1 179 
2 5084 179 
2 819 179 
3 1154 2762 179 
2 179 1119 
5 1349 2505 4937 179 4676 
2 3941 179 
4 1140 1342 179 1661 
2 179 205 
4 3274 1830 2962 179 
1 179 
3 1835 180 4045 
2 3391 180 
4 2465 2433 180 2873 
1 180 
2 1173 180 
3 1942 180 4642 
3 1363 4145 180 
1 180 
3 1139 3081 180 
1 180 
2 2947 180 
1 180 
2 180 3170 
3 245 4344 180 
2 265 180 
4 1830 3621 4040 180 
1 180 
5 215 1059 180 869 2749 
2 4665 180 
1 180 
1 180 
1 180 
4 1157 2979 3194 181 
2 181 1557 
2 3217 181 
1 181 
1 181 
1 181 
1 181 
1 181 
2 2583 181 
1 181 
3 3788 4520 181 
2 1394 181 
4 199 526 181 3691 
2 182 4509 
1 182 
3 3360 4405 182 
2 3120 182 
1 182 
1 182 
3 2339 952 182 
1 182 
2 2084 182 
1 182 
2 2331 182 
1 182 
2 1324 182 
2 3277 182 
3 1204 568 182 
1 182 
2 4603 182 
3 1698 1699 182 
1 182 
1 182 
1 182 
2 2637 183 
2 4455 183 
3 3741 5047 183 
1 183 
1 183 
3 4562 3665 183 
1 183 
2 2847 183 
1 183 
1 183 
1 183 
1 183 
2 183 815 
2 457 183 
2 1522 183 
1 183 
3 184 3776 1915 
3 4774 184 1421 
1 184 
1 184 
1 184 
2 184 1508 
2 184 641 
4 184 2822 2598 299 
1 184 
2 184 3964 
2 184 1524 
1 184 
2 184 1752 
1 184 
1 184 
1 184 
4 184 3135 3747 1480 
1 184 
1 184 
1 184 
2 184 3155 
1 184 
1 184 
1 184 
1 185 
4 3177 185 2672 644 
1 185 
1 185 
1 185 
2 185 195 
2 185 663 
1 185 
2 185 1010 
3 185 2795 2750 
2 185 3017 
4 185 4915 1162 2113 
1 185 
1 185 
3 185 3359 1485 
2 185 358 
1 185 
1 185 
3 186 3122 4772 
2 186 4488 
2 186 347 
2 186 2392 
2 186 942 
2 186 2289 
1 186 
3 186 2240 4789 
2 186 3885 
1 186 
2 186 3869 
2 1604 186 
4 1218 3274 186 1849 
1 186 
3 186 2468 984 
3 186 3324 4693 
1 186 
2 186 2213 
2 186 4671 
2 186 2605 
3 186 1764 4979 
3 187 3321 1872 
2 187 2976 
2 1328 187 
1 187 
1 187 
3 2338 187 1893 
2 1941 187 
1 187 
1 187 
1 187 
2 775 187 
2 187 1834 
1 187 
2 187 1474 
1 187 
2 187 1682 
1 187 
1 188 
2 3994 188 
2 188 4238 
2 188 950 
2 188 3653 
2 2467 188 
4 2971 188 1683 1471 
5 3233 1040 2624 188 4773 
1 188 
4 188 2976 4322 3778 
2 188 3474 
3 188 252 1584 
1 188 
1 188 
1 188 
4 4982 2290 188 419 
1 188 
2 188 3394 
2 4012 188 
1 188 
1 188 
3 189 3218 4127 
1 189 
5 1073 4900 1843 189 2494 
3 4229 3678 189 
2 2676 189 
2 1577 189 
1 189 
2 189 4008 
2 189 2423 
2 1677 189 
2 189 667 
2 654 189 
3 189 4764 1673 
3 189 4416 3762 
2 189 4154 
2 3813 189 
2 189 4321 
3 3416 614 189 
2 189 3847 
2 1593 189 
3 378 962 189 
2 3615 189 
1 189 
3 2819 189 1598 
1 190 
2 190 4926 
1 190 
2 190 271 
2 190 1045 
2 190 2553 
1 190 
3 2504 190 384 
2 190 2557 
2 3520 190 
2 190 3196 
1 190 
2 3424 190 
2 190 2872 
2 1463 191 
1 191 
1 191 
2 191 816 
1 191 
2 191 4507 
3 191 3736 1661 
1 191 
4 3635 191 2172 1574 
1 191 
3 191 4438 2729 
3 191 2109 4112 
2 689 191 
1 191 
1 191 
2 191 3060 
3 2900 4875 191 
4 1882 554 191 1476 
2 191 667 
1 191 
1 191 
3 4228 191 3493 
2 191 1426 
4 2504 191 2108 2912 
1 191 
2 4001 192 
1 192 
1 192 
1 192 
1 192 
1 192 
2 4102 192 
1 192 
2 1235 192 
4 3817 4654 192 2001 
2 192 318 
2 192 628 
1 192 
2 804 192 
2 192 438 
1 192 
3 192 470 4788 
3 3872 3816 192 
1 193 
2 193 4903 
2 2262 193 
1 193 
2 1074 193 
3 753 4608 193 
3 3229 193 4754 
3 193 2593 4678 
1 193 
2 4315 193 
1 193 
3 193 3916 1731 
2 1950 193 
2 986 193 
3 194 4957 3027 
2 194 4261 
3 2786 194 274 
1 194 
3 194 4769 417 
2 431 194 
1 194 
2 194 2692 
3 2525 194 3122 
3 3676 1866 194 
2 4617 194 
1 194 
1 194 
3 536 1366 194 
3 3517 2959 195 
2 5045 195 
2 319 195 
2 4820 195 
3 3238 195 795 
1 195 
3 3777 195 3547 
1 195 
3 530 3214 195 
5 3110 2510 195 4393 2112 
1 195 
1 195 
2 4823 195 
1 195 
1 195 
2 211 195 
1 195 
2 1949 195 
1 195 
1 195 
2 653 195 
2 195 3645 
2 2428 195 
2 195 3988 
1 195 
1 196 
2 4990 196 
1 196 
4 716 196 5094 3882 
1 196 
1 196 
2 1048 196 
2 4493 196 
2 2646 196 
2 4952 196 
3 3531 999 196 
3 3747 196 2968 
3 2287 3620 196 
3 462 2267 196 
1 196 
1 196 
6 4430 4885 1910 196 242 2894 
2 387 197 
1 197 
5 2586 2160 2974 2149 197 
1 197 
2 197 3011 
3 4181 197 3491 
2 963 197 
2 197 3081 
1 197 
3 2039 197 3355 
1 197 
1 197 
1 197 
1 197 
2 3385 197 
4 1638 1720 197 1279 
2 197 4460 
1 197 
2 3058 197 
1 198 
1 198 
1 198 
1 198 
2 1300 198 
2 4302 198 
2 2723 198 
2 811 198 
1 198 
1 198 
3 2732 198 4811 
2 198 3647 
2 3294 198 
2 198 1917 
3 198 4006 3712 
3 470 3704 198 
1 198 
1 198 
3 4231 198 2928 
1 198 
3 3070 198 5070 
3 730 3376 198 
1 198 
1 198 
3 5087 198 1427 
2 331 199 
1 199 
3 1767 199 4978 
1 199 
1 199 
2 4847 199 
1 199 
3 1034 199 1717 
1 199 
3 2274 2807 199 
4 2718 645 199 1713 
1 199 
2 199 473 
1 199 
1 199 
4 4082 4519 987 199 
1 199 
2 199 270 
1 199 
1 199 
2 199 3650 
2 511 199 
3 4367 4388 199 
1 199 
2 910 200 
4 2223 2340 2552 200 
2 2610 200 
1 200 
1 200 
2 200 1574 
1 200 
2 2717 200 
1 200 
3 1605 4868 200 
3 2367 2701 200 
2 2840 200 
3 201 583 299 
3 201 2493 5019 
2 4807 201 
1 201 
2 1373 201 
2 643 201 
2 3583 201 
5 2370 3258 2149 1267 201 
1 201 
3 201 597 3712 
2 201 2981 
1 201 
1 201 
3 3212 201 2943 
3 1860 3220 201 
2 471 201 
2 201 1601 
3 2063 201 1914 
2 867 201 
2 3769 201 
2 510 201 
4 835 3263 201 4442 
2 3581 201 
1 202 
3 1736 2388 202 
1 202 
1 202 
1 202 
1 202 
2 1604 202 
1 202 
2 1845 202 
2 4909 202 
2 2562 202 
1 202 
1 202 
1 202 
1 202 
1 202 
2 4843 203 
1 203 
1 203 
3 4560 1131 203 
1 203 
1 203 
2 1555 203 
2 554 203 
4 4410 2860 203 4531 
1 203 
1 203 
1 203 
1 203 
1 203 
2 203 3724 
2 3180 203 
3 1926 2022 203 
2 270 203 
2 2266 204 
3 4880 840 204 
2 329 204 
3 4722 2649 204 
1 204 
3 4365 3224 204 
1 204 
1 204 
1 204 
1 204 
2 4825 204 
2 4849 204 
3 1590 204 4529 
1 204 
1 205 
1 205 
3 5010 272 205 
1 205 
1 205 
2 2409 205 
4 819 688 412 205 
3 2772 3454 205 
3 2623 288 205 
2 2758 205 
2 459 205 
1 205 
1 205 
4 747 4742 205 4081 
3 4124 1185 205 
1 205 
1 205 
3 2585 1749 206 
2 1197 206 
4 2144 641 1498 206 
2 4788 206 
2 4309 206 
1 206 
2 2603 206 
3 2578 4132 206 
3 3141 2421 206 
5 1766 309 2251 2763 206 
3 1170 1059 206 
1 206 
2 2349 206 
3 3540 4303 206 
2 1643 206 
1 206 
2 1436 206 
4 635 2119 4090 206 
2 4352 206 
1 206 
1 206 
1 206 
1 206 
3 207 5014 1450 
1 207 
1 207 
2 207 1077 
1 207 
1 207 
1 207 
2 207 1560 
2 207 4807 
2 207 1849 
1 207 
1 207 
1 207 
4 207 562 1929 255 
2 207 3764 
1 207 
1 207 
2 207 4713 
1 207 
1 207 
3 208 3612 444 
1 208 
1 208 
1 208 
1 208 
1 208 
4 208 1942 374 2039 
4 208 3695 1453 829 
4 208 4400 357 4376 
4 208 2783 1404 4109 
1 208 
1 208 
2 208 3816 
1 208 
2 208 3639 
2 209 3423 
1 209 
2 209 1436 
3 2178 209 3629 
2 209 577 
1 209 
4 209 4767 4773 4751 
3 3419 209 2526 
1 209 
2 209 3049 
2 209 2242 
2 209 735 
2 209 2640 
2 209 4224 
3 1760 210 4397 
2 210 4671 
1 210 
3 210 4237 1823 
4 776 210 1740 1260 
2 210 4068 
1 210 
1 210 
3 2359 210 4450 
2 210 3324 
1 210 
1 210 
3 210 2149 2250 
1 210 
1 210 
1 210 
3 210 2717 556 
3 210 760 3474 
3 210 676 2866 
2 210 4924 
1 210 
3 210 514 2408 
3 3459 210 2348 
2 211 1747 
2 211 1481 
2 211 1466 
2 211 5019 
1 211 
1 211 
2 211 4249 
3 211 1475 852 
5 211 1833 2631 4129 2306 
1 212 
2 212 700 
1 212 
1 212 
1 212 
2 212 3278 
2 212 2049 
1 212 
3 212 2446 2184 
2 212 3026 
1 212 
1 212 
3 212 4252 1200 
3 212 4471 4028 
3 213 4139 835 
1 213 
2 754 213 
2 213 4804 
3 4491 213 3169 
2 213 318 
2 213 2350 
2 213 683 
1 213 
4 2363 4932 213 316 
1 213 
1 213 
2 213 3947 
2 214 3842 
1 214 
1 214 
1 214 
5 4286 214 3279 4371 4620 
1 214 
2 1515 214 
3 214 4502 3440 
3 756 214 3968 
1 214 
2 214 2435 
1 214 
3 4514 214 555 
1 214 
2 215 2570 
1 215 
3 2331 215 4511 
1 215 
1 215 
2 215 933 
2 215 3701 
2 1622 215 
2 215 4549 
1 215 
3 215 1656 4773 
1 215 
1 215 
4 215 4615 4003 1431 
1 215 
2 215 4559 
2 215 3681 
2 215 4367 
2 216 2693 
1 216 
1 216 
1 216 
2 216 2001 
4 1308 216 1730 4979 
1 216 
1 216 
1 216 
2 1590 216 
4 216 1629 2653 3948 
1 216 
1 216 
2 3632 216 
1 216 
4 216 1140 4054 2867 
2 216 3140 
1 216 
3 3958 216 1583 
2 216 4959 
2 216 1264 
3 217 2323 2202 
3 217 3146 5094 
1 217 
1 217 
3 4069 451 217 
2 217 4549 
1 217 
1 217 
1 217 
1 217 
2 3465 217 
2 715 217 
4 3276 217 3352 1757 
1 217 
2 217 1396 
1 217 
1 217 
3 217 5031 362 
1 217 
2 217 3646 
1 217 
1 217 
2 1301 218 
1 218 
3 800 218 2997 
1 218 
1 218 
1 218 
2 477 218 
2 663 218 
3 2261 218 2353 
1 218 
2 218 1230 
4 1454 2267 218 2654 
2 218 1556 
3 4314 218 3047 
3 1304 2645 218 
2 4664 218 
3 981 2451 218 
1 218 
2 1641 219 
1 219 
1 219 
1 219 
3 4970 219 1414 
1 219 
3 230 3788 219 
3 219 2000 4944 
2 1042 219 
2 219 371 
1 219 
1 219 
2 219 2115 
1 219 
4 1285 219 1915 3152 
1 219 
4 476 259 219 2749 
3 219 866 1709 
1 219 
2 2994 220 
2 2699 220 
1 220 
4 2548 233 220 1586 
4 2833 2568 220 4568 
3 374 220 2655 
3 897 2955 220 
1 220 
1 220 
2 312 220 
1 220 
4 234 808 220 4240 
5 1300 4780 4235 220 3288 
1 220 
3 466 220 1448 
2 675 220 
1 220 
4 249 220 3148 3412 
3 2496 4541 220 
1 220 
1 221 
2 221 2233 
1 221 
2 2117 221 
2 1313 221 
2 2885 221 
2 4478 221 
1 221 
3 4804 1567 221 
3 221 2514 1780 
4 2046 3073 221 4022 
2 1884 222 
1 222 
2 2238 222 
4 1949 4826 222 3691 
2 3635 222 
2 4830 222 
4 2433 3820 222 4859 
1 222 
3 549 222 670 
3 2959 222 2554 
2 4206 222 
4 797 3212 2528 222 
2 4026 222 
2 3613 222 
1 222 
4 1575 4205 222 2078 
2 3118 222 
2 535 222 
4 5079 222 812 2664 
1 223 
3 738 5047 223 
2 784 223 
2 258 223 
1 223 
2 4052 223 
2 929 223 
1 223 
2 223 4067 
2 223 2080 
2 1786 223 
1 223 
1 223 
1 223 
2 450 223 
2 918 223 
2 4736 223 
2 3728 223 
4 1864 647 1094 223 
4 1643 4889 223 1097 
2 3081 223 
2 3167 223 
1 224 
1 224 
1 224 
3 2541 4934 224 
2 1419 224 
2 1406 224 
1 224 
1 224 
1 224 
1 224 
1 224 
2 2261 224 
1 224 
2 2401 224 
1 224 
2 2143 224 
1 224 
4 225 4318 1596 2306 
3 225 1887 295 
2 225 3343 
3 225 4086 371 
1 225 
2 225 1871 
1 225 
4 225 5012 2452 2940 
2 225 1685 
2 225 1278 
1 225 
1 225 
2 225 2763 
1 225 
6 225 1057 2525 1063 2890 4565 
5 225 1623 3056 4502 4766 
1 225 
1 226 
1 226 
2 226 3807 
3 226 2182 3964 
1 226 
1 226 
1 226 
1 226 
2 226 3118 
2 226 3955 
1 226 
2 226 1732 
2 226 2380 
2 3208 227 
3 227 4170 4509 
2 227 3722 
2 404 227 
2 227 2049 
2 4283 227 
3 2695 227 4704 
2 227 1713 
2 227 3648 
2 227 3620 
3 1956 227 2183 
1 227 
2 227 1079 
1 227 
1 227 
3 227 3055 2149 
1 227 
2 227 4531 
1 227 
2 227 1118 
2 228 2796 
1 228 
2 228 5098 
1 228 
3 2099 228 2002 
2 228 4692 
3 228 2753 1228 
2 228 1872 
1 228 
1 228 
1 228 
3 228 3472 1972 
1 228 
1 228 
2 228 683 
2 229 3158 
4 2604 229 1819 2157 
2 229 1212 
2 229 2337 
4 229 384 3969 4588 
2 229 2509 
2 229 3438 
2 1956 229 
1 229 
3 229 1059 2198 
3 285 229 1714 
3 2286 229 492 
2 229 2979 
2 229 2294 
1 230 
2 4779 230 
1 230 
2 230 3925 
1 230 
3 230 4113 3849 
2 230 4452 
1 230 
1 230 
3 230 4086 4891 
1 230 
4 230 2054 1373 2458 
1 230 
1 230 
2 230 4002 
2 1251 230 
3 4647 231 2981 
1 231 
1 231 
1 231 
1 231 
2 231 1115 
1 231 
4 231 1145 2850 4836 
1 231 
2 4428 231 
2 231 3849 
2 3178 231 
2 231 1364 
3 2203 231 1266 
1 231 
2 231 3750 
1 231 
3 231 1470 1612 
3 3417 231 3400 
4 4023 231 2861 5035 
1 231 
2 3068 231 
3 357 232 4002 
1 232 
3 4679 232 2023 
1 232 
2 232 1772 
3 3496 232 5069 
1 232 
2 232 5019 
1 232 
2 232 4563 
3 232 3910 2451 
2 3069 232 
2 5080 232 
2 232 2654 
2 232 738 
1 232 
3 2946 232 3645 
1 232 
1 232 
1 232 
3 4929 232 296 
2 232 990 
2 232 2273 
3 2946 529 233 
2 2819 233 
1 233 
4 5020 3065 233 1444 
2 233 1096 
2 4387 233 
2 233 2864 
3 233 3308 3782 
1 233 
1 233 
1 233 
2 1288 233 
1 233 
3 233 5009 523 
1 233 
2 3680 233 
3 284 233 3387 
1 233 
3 2495 1455 233 
2 233 3884 
2 233 4707 
1 234 
2 4646 234 
1 234 
1 234 
2 234 3218 
1 234 
3 4031 234 4588 
1 234 
3 4368 1495 234 
2 234 4654 
1 234 
2 3516 234 
1 234 
2 3055 234 
2 958 234 
1 234 
2 234 3799 
2 3280 234 
1 234 
2 555 234 
3 1040 235 763 
2 2362 235 
4 2563 3399 3428 235 
2 3428 235 
1 235 
1 235 
1 235 
4 235 4807 1293 4068 
2 235 1558 
1 235 
2 235 2958 
1 235 
2 235 371 
3 2018 235 846 
3 235 4220 525 
3 235 5065 3163 
1 235 
1 235 
1 235 
4 2086 359 235 2208 
2 2935 235 
1 235 
1 235 
2 3395 235 
5 3574 2878 1792 235 4840 
1 236 
2 3209 236 
2 236 4073 
1 236 
3 554 3773 236 
3 4515 236 1489 
2 1082 236 
2 5086 236 
2 2068 236 
1 236 
1 236 
1 236 
2 236 2600 
5 4535 236 4089 3047 4298 
1 236 
2 236 3389 
2 880 236 
3 779 2803 236 
2 3675 236 
1 236 
3 3494 4314 236 
1 236 
2 4098 236 
3 4519 236 630 
1 237 
3 4708 237 4094 
3 1900 4494 237 
1 237 
1 237 
2 1482 237 
4 237 1312 3842 4512 
4 3179 2270 237 3491 
2 2951 237 
3 237 1443 1433 
1 237 
2 237 1852 
1 237 
3 5059 237 1346 
1 237 
1 237 
2 237 3932 
1 237 
3 3910 237 4330 
3 4672 237 915 
1 238 
2 238 1340 
2 4502 238 
1 238 
1 238 
1 238 
1 238 
1 238 
2 238 4212 
2 1644 238 
2 2885 238 
1 238 
2 3068 238 
3 2187 1443 238 
2 238 343 
2 4855 238 
4 4140 4104 238 793 
2 4593 238 
3 1256 1164 239 
2 239 243 
4 790 931 239 1341 
1 239 
1 239 
2 239 2215 
2 1038 239 
2 5031 239 
2 239 4111 
2 3905 239 
1 239 
3 3520 239 1398 
2 4409 239 
2 1831 239 
2 239 4297 
1 239 
2 1235 239 
2 4198 239 
3 2445 239 1823 
2 1473 240 
5 1137 4707 1892 240 2417 
3 3068 2497 240 
2 426 240 
2 1010 240 
2 2614 240 
4 2772 320 240 3270 
1 240 
2 1534 240 
2 240 440 
2 2084 240 
3 2902 3318 240 
1 240 
1 240 
2 3104 240 
1 240 
1 240 
1 240 
4 4450 2406 4352 240 
2 749 241 
1 241 
2 4872 241 
2 2380 241 
3 2144 241 4550 
1 241 
2 241 2065 
1 241 
2 1825 241 
2 445 241 
2 3090 241 
1 241 
3 604 241 1586 
1 241 
2 3510 241 
2 1258 242 
1 242 
1 242 
1 242 
3 1435 3718 242 
2 4652 242 
2 2890 242 
1 242 
1 242 
1 242 
1 242 
2 4109 242 
1 242 
2 3737 242 
3 1885 2779 242 
2 1604 242 
2 4086 242 
2 242 1938 
2 1578 243 
3 4874 741 243 
1 243 
2 1096 243 
1 243 
3 2518 1489 243 
3 2878 2795 243 
2 293 243 
2 1099 243 
1 243 
2 4961 243 
1 243 
1 243 
1 243 
2 4918 243 
2 4990 243 
2 524 243 
1 243 
1 243 
1 243 
2 3464 243 
2 1709 243 
1 243 
2 244 652 
4 244 4445 2846 402 
3 4378 244 898 
1 244 
1 244 
2 244 3407 
2 244 2976 
2 244 4609 
2 244 1166 
5 244 754 4453 1751 3704 
2 244 2616 
2 244 4678 
3 244 1020 2396 
2 244 3155 
2 244 5036 
3 244 2673 870 
2 1807 244 
3 245 1698 2745 
3 350 245 1776 
2 245 4172 
2 245 3477 
1 245 
2 245 1720 
2 245 2406 
1 245 
1 245 
4 4024 245 814 3591 
3 245 3279 4532 
2 245 3083 
3 245 2869 697 
2 245 3252 
2 245 3453 
1 245 
4 245 2801 3720 4656 
3 246 4402 1487 
3 246 2338 2029 
2 246 1456 
2 246 2672 
1 246 
1 246 
1 246 
2 246 2676 
1 246 
2 246 2399 
3 246 480 4915 
2 856 246 
1 246 
3 246 2563 4338 
3 246 3588 2042 
1 246 
1 246 
1 247 
1 247 
1 247 
1 247 
2 1991 247 
3 247 563 2808 
1 247 
3 247 2671 824 
3 247 4319 291 
1 247 
1 247 
4 4571 247 4715 4443 
2 247 4514 
1 247 
1 247 
3 247 804 3133 
2 247 4786 
2 247 3991 
2 2877 247 
2 247 4707 
1 247 
1 247 
1 248 
1 248 
1 248 
1 248 
2 3923 248 
1 248 
2 1829 248 
2 776 248 
4 1077 248 564 2490 
1 248 
2 248 1820 
3 2470 248 2684 
3 899 248 2625 
3 3376 248 423 
1 248 
3 5052 4900 248 
1 248 
2 2734 249 
2 249 4260 
1 249 
1 249 
2 498 249 
2 249 1118 
1 249 
4 5052 249 3947 853 
1 249 
1 249 
1 249 
2 4874 249 
1 249 
1 249 
2 249 2941 
1 249 
2 249 4015 
3 351 3111 249 
1 249 
4 4990 249 2790 3719 
3 250 1091 2113 
1 250 
1 250 
3 250 2704 2401 
1 250 
1 250 
1 250 
2 2167 250 
1 250 
3 3416 250 3644 
2 250 2303 
2 250 4298 
2 4015 250 
1 250 
3 3731 250 2591 
4 2931 250 2329 996 
2 1548 250 
2 3573 250 
6 2734 3618 1565 4015 250 4106 
3 3532 1453 251 
3 5043 824 251 
1 251 
2 742 251 
2 3107 251 
2 4363 251 
3 4206 251 683 
1 251 
1 251 
2 251 1412 
1 251 
1 251 
3 4712 251 4978 
1 251 
5 3954 251 1246 366 3711 
3 3580 1503 251 
1 251 
4 1956 2331 2625 251 
1 251 
2 4825 251 
2 251 3222 
1 251 
2 1491 251 
1 251 
2 251 568 
1 252 
1 252 
1 252 
1 252 
1 252 
3 4072 252 4222 
2 5085 252 
1 252 
5 3338 3865 4471 3982 252 
1 252 
2 590 252 
2 2345 252 
4 352 2900 3812 252 
1 252 
1 252 
2 809 252 
1 252 
3 1098 1111 252 
1 253 
2 253 1602 
3 608 253 2254 
2 3744 253 
3 310 253 2004 
2 1961 253 
2 3753 253 
1 253 
4 2445 253 4793 3930 
2 4228 253 
1 253 
1 253 
2 1514 253 
3 4230 253 1461 
2 2724 253 
1 253 
2 548 253 
1 253 
1 253 
2 4385 253 
1 253 
1 253 
1 253 
3 809 253 4488 
3 264 2172 253 
2 254 622 
4 3902 1862 5066 254 
1 254 
3 2016 517 254 
2 254 2282 
3 3832 254 1054 
1 254 
2 254 3931 
1 254 
2 1721 254 
3 2817 254 746 
2 833 254 
2 254 5018 
2 254 4548 
3 1824 2708 254 
2 254 3292 
1 254 
3 4231 2191 254 
1 254 
4 1568 3143 254 2534 
4 821 1994 2027 255 
2 2763 255 
2 2463 255 
2 1367 255 
2 626 255 
4 4990 2862 255 1348 
2 255 3860 
2 2446 255 
2 2856 255 
1 255 
2 4591 255 
1 255 
3 4623 4746 255 
3 3686 255 1658 
3 558 3048 255 
2 255 2490 
2 2333 255 
1 255 
2 3921 255 
2 1754 255 
3 796 1094 255 
2 2714 255 
3 3017 2500 255 
3 1981 255 3782 
1 255 
2 1566 255 
1 255 
3 2265 255 4263 
2 1943 255 
3 3417 4371 255 
3 1232 2677 255 
3 1727 255 3096 
5 1957 2770 640 2000 256 
2 2622 256 
1 256 
1 256 
3 2511 256 3198 
1 256 
3 3634 4733 256 
1 256 
2 609 256 
2 3714 256 
1 256 
3 2120 256 599 
1 256 
2 257 2511 
3 257 590 1620 
2 257 3895 
1 257 
1 257 
1 257 
2 1759 257 
1 257 
4 257 1577 4689 3566 
1 257 
1 257 
2 257 4636 
2 257 3012 
1 257 
2 257 4957 
1 257 
2 257 886 
3 257 582 4042 
2 257 5077 
2 257 3657 
3 258 2017 3121 
1 258 
2 258 4420 
3 258 2247 1570 
1 258 
2 258 4078 
1 258 
2 258 4269 
1 258 
1 258 
4 258 3453 2349 419 
2 2462 258 
2 258 2672 
3 258 2913 1615 
1 258 
1 258 
2 258 2482 
3 819 258 4182 
1 258 
1 258 
2 258 1612 
2 259 1988 
1 259 
3 5053 259 1022 
1 259 
4 980 259 808 3775 
1 259 
2 1667 259 
2 259 1830 
1 259 
3 3727 259 4921 
1 259 
2 259 4133 
1 259 
2 260 4632 
2 260 879 
1 260 
2 260 2744 
1 260 
1 260 
1 260 
1 260 
3 260 690 2748 
2 4179 260 
2 260 1727 
1 260 
3 260 3216 2953 
1 260 
1 260 
2 1976 260 
1 260 
3 3829 260 4786 
3 260 4119 3593 
1 260 
4 1841 260 1082 381 
2 261 3626 
1 261 
2 261 2615 
2 261 3292 
1 261 
1 261 
1 261 
2 261 889 
8 3767 4867 2100 261 408 263 4637 4754 
1 261 
2 261 2992 
2 1720 261 
2 261 3045 
3 261 2191 299 
2 261 2130 
1 261 
1 261 
1 261 
1 261 
1 261 
1 262 
2 3294 262 
1 262 
1 262 
2 2468 262 
1 262 
2 1698 262 
4 262 4436 681 828 
2 262 3936 
1 262 
4 2262 262 4290 1371 
1 262 
2 3974 262 
2 262 1935 
1 262 
1 262 
3 262 4854 1144 
5 3864 262 4407 4049 1096 
2 4426 263 
3 1667 263 3242 
2 263 2380 
2 263 1158 
1 263 
2 263 346 
2 3420 263 
2 263 1769 
1 263 
1 263 
1 263 
3 263 4558 4152 
3 263 1370 2663 
1 263 
2 263 2214 
2 263 4397 
2 263 4659 
1 263 
2 263 1990 
2 263 601 
1 263 
1 264 
3 2331 264 3265 
3 1991 4775 264 
1 264 
3 3742 264 2592 
1 264 
4 4245 3517 264 440 
1 264 
1 264 
1 264 
2 750 264 
3 265 4742 4733 
2 265 4950 
3 1923 265 1441 
1 265 
1 265 
1 265 
1 265 
4 2386 265 4526 3355 
1 265 
4 265 314 1655 1413 
2 265 2274 
1 265 
3 265 1157 793 
3 265 4479 1823 
7 4843 982 265 2061 930 3442 1511 
1 265 
4 2998 1301 265 1272 
3 4405 265 1927 
3 2931 265 3822 
1 265 
1 265 
1 265 
2 266 2814 
2 266 1909 
1 266 
4 1606 266 3059 4925 
1 266 
2 266 4243 
4 3101 4412 266 2996 
3 2949 266 1446 
2 2067 266 
1 266 
3 3449 1043 266 
2 4805 266 
2 4496 266 
3 266 2616 3826 
1 266 
1 266 
2 266 1632 
1 266 
1 266 
2 266 3329 
4 4136 3769 266 1267 
1 266 
2 1515 266 
1 266 
3 4335 266 967 
3 3420 267 1478 
1 267 
