22 2 3 4 5 6 7 8 9 10 11 12 13 14 15 16 17 18 19 20 21 22 23 
18 24 1 25 26 27 28 29 30 31 32 33 34 35 36 37 38 39 40 
23 41 1 42 43 44 45 46 47 48 49 50 51 52 53 54 55 56 57 58 59 60 61 62 
21 1 63 64 65 66 67 68 69 70 71 72 73 74 75 76 77 78 79 80 81 82 
20 83 1 84 85 86 87 88 89 90 91 92 93 94 95 96 97 98 99 100 101 
23 102 103 104 1 105 106 107 108 109 110 111 112 113 114 115 116 117 118 119 120 121 122 123 
20 1 124 125 126 127 128 129 130 131 132 133 134 135 136 137 138 139 140 21 141 
17 142 1 143 144 145 146 147 148 149 150 151 152 153 154 155 156 157 
18 158 159 160 1 161 162 163 164 165 166 53 167 168 169 170 171 172 173 
21 1 174 175 176 177 178 179 180 181 182 183 184 185 186 187 188 189 190 191 192 193 
23 194 195 1 196 197 198 199 200 201 202 203 204 205 206 207 208 209 210 211 212 213 214 215 
29 216 1 217 218 219 220 221 222 223 224 225 226 227 228 229 230 231 232 233 234 235 236 237 238 239 240 241 242 243 
17 1 244 245 246 247 248 249 250 251 252 253 254 255 256 257 258 259 
20 1 260 261 262 263 264 265 266 267 268 269 270 271 272 273 274 275 276 277 278 
26 279 1 280 281 282 283 284 285 286 287 288 289 290 291 292 293 294 295 296 297 298 299 300 301 302 303 
22 304 1 305 306 307 308 309 310 311 312 313 314 315 316 317 318 319 320 321 322 323 324 
24 325 1 326 327 328 329 330 331 332 333 334 335 336 337 338 339 340 341 342 343 344 345 346 347 
22 1 348 349 350 351 352 353 354 355 356 357 358 359 360 361 362 363 364 365 366 367 368 
26 369 1 370 371 372 373 374 375 376 377 378 379 380 381 382 383 384 385 386 387 388 389 390 391 392 393 
23 394 1 395 396 397 398 399 400 401 402 403 404 405 406 407 408 409 410 411 412 413 414 415 
17 416 1 417 418 7 419 420 421 422 423 424 425 426 427 428 429 430 
26 431 1 432 433 434 435 436 437 438 439 440 441 442 443 444 445 446 447 448 449 450 451 452 453 454 455 
21 1 456 457 417 458 459 460 461 462 463 464 465 466 467 468 469 470 471 472 473 474 
15 2 475 476 477 478 479 480 481 482 483 484 485 486 487 488 
27 2 489 490 491 492 493 494 495 496 497 498 499 500 501 183 502 503 504 505 506 507 508 509 510 511 512 513 
26 514 2 515 516 517 518 519 520 521 522 523 524 525 526 527 528 529 530 531 532 533 534 535 536 537 538 
23 2 539 540 541 542 543 544 545 546 547 548 549 550 551 552 553 554 555 556 557 558 559 560 
18 561 2 562 563 564 565 566 567 568 569 570 571 572 573 574 575 576 577 
22 2 578 579 580 581 582 583 584 585 586 587 588 589 590 591 592 593 594 595 596 597 598 
19 2 599 600 601 602 603 604 605 606 607 608 609 610 611 612 613 614 615 616 
22 2 617 618 619 620 621 622 623 624 625 626 627 628 629 630 631 632 633 634 635 636 637 
25 638 2 639 640 641 642 643 644 645 646 647 648 649 650 651 652 653 654 655 656 657 658 659 660 661 
18 662 663 2 664 665 666 667 668 669 670 671 672 673 674 675 676 677 678 
20 2 679 680 681 682 683 684 685 686 687 688 689 690 691 692 693 694 695 696 697 
17 698 2 699 700 701 702 703 704 705 706 707 708 709 710 711 712 713 
13 714 2 715 716 717 718 719 720 721 722 723 724 725 
17 2 726 727 728 729 730 731 732 733 734 735 736 737 738 739 740 741 
18 742 2 743 744 745 746 747 748 749 750 751 752 753 754 755 756 757 758 
26 2 174 281 759 760 761 762 763 764 765 766 767 768 769 770 771 772 773 774 775 776 777 778 779 780 781 
19 2 782 783 784 785 786 787 788 789 790 791 792 793 794 795 796 797 798 799 
22 800 3 801 802 803 804 805 806 807 808 809 810 811 812 813 814 815 816 817 818 819 820 
26 821 3 822 823 824 825 826 827 828 829 830 831 832 833 834 835 836 837 838 839 840 841 842 843 844 845 
22 3 846 847 848 849 850 851 852 853 854 855 856 857 858 859 860 861 862 863 864 865 866 
15 867 868 3 869 870 871 872 873 874 875 876 877 878 879 880 
24 3 881 882 883 884 885 886 887 888 889 890 891 892 893 894 895 896 897 898 899 900 901 902 903 
19 904 3 905 906 907 908 909 910 911 912 913 914 915 916 917 918 919 920 921 
18 922 3 923 924 925 926 927 928 929 930 931 932 933 934 935 901 936 937 
22 938 939 3 940 941 942 943 944 945 946 947 948 949 950 951 952 953 954 955 507 956 957 
24 3 958 944 959 960 961 962 963 964 965 966 967 968 969 970 971 972 973 974 975 976 977 978 979 
17 3 980 981 982 983 984 985 986 987 988 989 990 991 992 993 994 995 
19 996 3 997 998 999 1000 1001 1002 1003 1004 1005 1006 1007 1008 1009 1010 1011 1012 1013 
24 1014 1015 3 1016 1017 1018 1019 1020 1021 1022 1023 1024 1025 1026 1027 1028 1029 1030 1031 1032 1033 1034 1035 1036 
17 1014 1037 3 1038 1039 9 1040 1041 1042 1043 1044 1045 1046 1047 1048 1049 1050 
25 1051 3 1052 1053 1054 1055 1056 1057 1058 1059 1060 1061 1062 1063 1064 1065 1066 1067 1068 1069 1070 1071 1072 1073 1074 
16 1075 3 1076 1077 1078 1079 1080 1081 1082 1083 1084 1085 1086 1087 1088 1089 
15 3 1090 1091 1092 1093 1094 1095 1096 1097 1098 1099 1100 1101 1102 1103 
15 1104 1105 3 1106 1107 1108 1109 1110 1111 1112 1113 1114 1115 1116 1117 
18 3 1118 1119 1120 1121 1122 1123 1124 1125 1126 1127 1128 1129 1130 1131 1132 1133 1134 
27 1135 1136 3 1137 1138 1139 1140 1141 1142 1143 1144 1145 1146 1147 1148 1149 1150 1151 1152 1153 1154 1155 1156 1157 1158 1159 1160 
19 3 1161 244 1162 1163 1164 1165 1166 1167 1168 1169 1170 1171 1172 1173 1174 1175 1176 1177 
20 3 1178 1179 1180 1181 1182 1183 1184 1185 1186 1187 1188 1189 1190 1191 1192 1193 1194 1195 1196 
21 3 1197 1198 1199 1200 1201 1202 1203 1204 1205 1206 1207 1208 1209 1210 1211 1212 1213 1214 1215 1216 
17 1217 1218 1219 4 1220 1221 1222 1223 1224 1225 1226 858 1227 1228 1229 1230 1231 
15 1232 1233 1234 4 1235 1236 1237 1238 1239 1240 1241 1242 1243 1244 1245 
22 1246 1247 4 1248 1249 1250 1251 1252 1253 1254 1255 1256 1257 1258 1259 1260 1261 1262 1263 343 1264 1265 
25 1266 1267 1268 1269 4 1270 1271 1272 1273 1274 1275 1276 1277 1278 1279 1280 1281 1282 1283 1284 1285 1286 1287 1288 1289 
14 1290 1291 4 1292 1293 1294 1295 1296 1297 1298 1299 1300 1301 1302 
22 1303 1304 4 1305 1306 478 1307 1308 1309 1310 1311 1312 1313 1314 1315 1316 1317 1318 1319 1320 1321 1322 
17 1323 1324 1325 4 1326 1327 1328 1329 1330 1331 1332 1333 1334 1335 1336 1035 1337 
28 1338 1339 1340 4 1341 1342 1343 1344 1345 1346 1347 1348 1349 1350 1351 1352 1353 1354 1355 1356 1357 1358 1359 1360 1361 1362 1363 1364 
18 1365 1366 1367 1368 1369 4 1370 1371 1372 1373 1374 1375 1376 1377 1378 1379 1380 1381 
17 4 1382 1383 1384 1385 1386 1387 1388 1389 1390 1391 1392 1393 1394 1395 1396 1397 
17 4 1398 1399 1400 1401 987 1402 1403 1404 632 1405 1406 1407 1408 1409 1410 1411 
31 1412 1413 1414 4 1415 1416 1417 1418 1419 1420 1421 1422 1423 1424 1425 1426 1427 1428 1429 1430 1431 1432 1433 1434 1435 1436 1437 1438 1439 1440 1441 
23 1442 1443 1444 1445 1446 4 1447 1448 1449 1450 1451 1452 1453 1454 1455 1456 1457 1458 1459 1460 1461 1462 1463 
21 1464 1465 4 1466 1467 1468 1469 1470 1471 1472 1473 1474 1475 1476 1477 1478 1479 1480 1481 1482 1483 
18 1484 4 1485 1486 1487 1488 1489 1490 1491 1492 1493 1494 1495 1496 1497 1498 1499 1500 
16 1501 1502 4 1503 1504 1505 1506 1507 1508 1509 1510 1511 1512 1513 1514 1515 
24 825 4 1516 1517 1518 1519 1520 1521 1522 1523 1524 1525 1526 1527 1528 1529 1530 1531 1532 1533 1534 1535 1536 1537 
24 1538 1539 1540 4 1541 1542 1543 1544 1545 1546 1547 1548 1549 1550 1551 1552 1553 1554 1555 1556 1557 1558 1559 1560 
22 1561 1562 4 1563 1564 1565 1566 1567 1568 1569 1570 1571 1572 1573 1574 1575 1576 1577 1578 1579 1580 1581 
10 1582 1583 4 1584 1585 1586 1587 1588 1589 1590 
13 5 1591 1592 1593 1594 1595 1596 1597 1598 1599 121 1600 1601 
26 1602 1603 1604 5 1605 1606 1607 1608 1609 1610 1611 1612 1613 1614 1615 1616 1617 1618 1619 1620 1621 1622 1623 1624 1625 1626 
23 1627 1628 1629 1630 5 1631 1632 1633 1634 1635 1636 1637 1638 1639 1640 1641 1642 1643 1644 1645 1646 1647 1648 
28 1649 1650 1651 1652 1653 1654 1655 1656 1657 5 1658 1659 1660 1661 1662 1663 1664 1665 1666 1667 1668 1669 1670 1671 1672 1673 1674 1675 
11 1676 5 1677 1678 1679 1680 1681 1682 1683 1684 1685 
17 1686 5 1687 1688 1689 1690 1691 1692 1693 1694 1695 1696 1697 1698 1699 1700 1701 
16 1702 5 1703 1704 1705 1706 1707 1708 1709 1710 1711 1712 1713 1714 1715 1716 
26 1717 1718 1719 5 1720 1721 1722 1723 1724 1725 1726 1727 1728 1729 1730 1731 1732 1733 1734 1735 1736 1737 1738 1739 1740 1741 
32 1742 1743 1744 1745 5 1746 1747 1748 1749 1750 1751 1752 1753 1754 1755 1756 1757 1758 1759 1760 1761 1762 1763 1764 1765 1766 1767 1768 1769 1770 1771 1772 
20 1773 1774 1775 1776 5 1777 1778 1779 1780 1781 1782 1783 1784 1785 1786 1787 1788 1789 1790 1791 
23 1792 1793 1794 5 1795 1796 1797 1798 1799 1800 1801 1802 1803 1804 1805 1806 1807 1808 1809 1810 1811 1812 1813 
11 1814 1815 5 1816 1817 1818 1819 1820 1821 1822 1823 
19 1824 1825 1826 5 1827 1828 1829 1042 1830 1831 1832 1833 1834 1835 1836 1837 1838 1839 1840 
22 1841 1842 1843 1844 5 1845 1846 1847 1848 1849 1850 1851 1852 1853 1854 1855 1856 1857 1858 1859 1860 1861 
14 1862 1863 1864 1865 1866 5 1867 1868 1869 1870 1871 1872 1873 1874 
20 1875 1876 1877 1878 5 1879 1880 1881 1882 1883 1884 1885 1886 1887 1888 1889 1890 1891 1892 1893 
26 1894 1895 5 1896 1897 1898 1899 1900 1901 1902 1903 1904 1905 1906 1907 1908 1909 1910 1911 1912 1913 1914 1915 1916 1498 1917 
25 1918 1919 1920 1921 5 1922 1923 1924 1925 1926 1927 1928 1929 1930 1931 1932 1933 1934 1935 1936 1937 1938 1939 1940 1941 
23 1942 1943 1944 1945 5 1946 1947 1948 1949 1950 1951 1952 1953 1954 1955 1956 1957 1958 1959 1960 1961 1962 1963 
31 1964 1965 1966 1967 1968 6 1969 1970 601 1971 1972 1973 1974 1975 1976 1977 1978 1979 1980 1981 1982 1983 1984 1985 1986 1987 1988 1989 1990 1991 1992 
12 1993 1994 1995 1996 6 1997 1998 1999 2000 2001 2002 2003 
23 2004 2005 6 2006 2007 2008 2009 2010 2011 2012 2013 2014 2015 2016 2017 2018 2019 2020 2021 2022 2023 2024 2025 
20 2026 2027 2028 2029 2030 6 2031 2032 2033 2034 2035 2036 2037 2038 2039 2040 2041 2042 2043 2044 
25 2045 2046 6 2047 2048 2049 2050 2051 2052 2053 2054 2055 2056 2057 2058 2059 2060 2061 2062 2063 2064 2065 1461 2066 2067 
30 2068 2069 2070 2071 2072 2073 2074 6 2075 2076 2077 2078 2079 2080 2081 2082 2083 2084 2085 2086 2087 2088 2089 2090 2091 2092 2093 2094 2095 2096 
20 2097 2098 2099 2100 2101 6 2102 2103 2104 2105 2106 2107 2108 2109 2110 2111 2112 2113 2114 2115 
26 2116 2117 2118 2119 2120 2121 2122 2123 6 2124 2125 2126 2127 2128 2129 2130 2131 2132 2133 2134 2135 2136 2137 2138 2139 2140 
23 2141 2142 2143 2144 2145 2146 6 2147 2148 2149 2150 2151 2152 2153 2154 2155 2156 2157 2158 2159 2160 2161 2162 
19 2163 2164 2165 6 2166 2167 2168 2169 2170 2171 2172 2173 2174 2175 2176 2177 2178 2179 2180 
22 2181 2182 2183 2184 6 2185 2186 2187 2188 2189 2190 2191 2192 2193 2194 2195 2196 2197 2198 1461 2199 2200 
24 2201 2202 2203 2204 2205 2206 2207 6 2208 2209 2210 2211 2212 2213 2214 2215 2216 2217 2218 2219 2220 2221 2222 2223 
26 2224 2225 2226 2227 2228 2229 2230 2231 6 2232 2233 2234 2235 2236 2237 2238 2239 2240 2241 2242 609 2243 2244 2245 2246 2247 
18 2248 2249 2250 2251 2252 6 2253 2254 2255 2256 2257 2258 2259 2260 2261 2262 2263 2264 
27 2265 2266 2267 2268 2269 2270 6 2271 2272 2273 2274 2275 2276 2277 2278 2279 2280 2281 2282 2283 2284 2285 2286 2287 2288 2289 2290 
19 2291 2292 6 2293 2294 2295 2296 2297 2298 2299 2300 2301 2302 2303 2304 2305 2306 2307 2308 
20 2309 2310 2311 2312 2313 2314 2315 2316 6 1947 2317 2318 2319 2320 2321 2322 2323 2324 2325 2326 
24 2327 2328 2329 2330 6 2331 2332 2333 2334 2335 2336 2337 2338 2339 2340 2341 2342 2343 2344 2345 2346 2347 2348 2349 
17 2350 2351 2352 1183 2353 2354 2355 2356 6 2357 2358 2359 2360 2361 2362 2363 2364 
19 83 2365 2366 2367 2368 6 2369 2370 2371 2372 2373 2374 2375 892 2376 2377 2378 2379 2380 
22 2381 2382 2383 1305 2384 2385 6 2386 2387 2388 2389 2390 2391 2392 2393 2394 2395 2396 2397 2398 2399 2400 
25 1649 2401 2402 2403 2404 2405 6 2406 2407 2408 2409 2410 2411 2412 2413 2414 2415 2416 2417 2418 2419 2420 2421 2422 2423 
26 2424 2425 1162 2426 2427 2428 7 2429 2430 2431 2432 2433 2434 2435 2436 2437 2438 2439 2440 2441 2442 2443 2444 2445 2446 2447 
23 2448 2449 2450 2451 7 2452 2453 2454 2455 2456 2457 2458 2459 2460 2461 2462 2463 2464 2465 2466 2467 2468 2469 
15 2470 7 2471 2472 2473 2474 2475 2476 2477 2478 2479 2480 157 2481 2482 
22 2483 2484 2485 760 2486 7 2487 2234 2488 2489 2490 2491 2492 2493 2494 2495 2496 2497 2498 2499 2500 2501 
24 2502 2503 2504 2505 7 2506 2507 2508 2509 2510 2511 2512 2513 2514 2515 2516 2517 2518 2519 2520 2521 2522 2523 2524 
22 1650 2525 2526 2527 2528 2529 2530 2531 7 2532 2533 2534 2535 2536 2537 2538 2539 2540 2541 2542 2543 2544 
21 2545 2546 2547 2548 7 2549 2550 2551 2552 2553 2554 2555 2556 2557 2558 2559 2560 2561 2562 2563 2564 
21 2565 2566 2567 2568 2569 7 2570 2571 2572 2573 2574 2575 2576 2577 2578 2579 2580 2581 2582 2583 2584 
27 2585 2586 2587 2588 2589 7 2590 2591 2592 751 2593 2594 2595 2596 2597 2598 2599 2600 2601 2602 2603 2604 2605 2606 2607 2608 2609 
23 2610 2611 2612 2613 2614 2615 2616 2617 7 2618 2619 2620 2621 2622 2623 2624 2625 2626 2627 2628 2629 2630 2631 
22 2632 2633 2634 2635 2636 2637 2638 2639 2640 2641 2642 7 2643 2644 2645 2646 2647 2648 2649 2650 2651 2652 
20 2653 2654 2655 2656 2657 7 2658 2659 2660 2661 2662 2663 2664 2665 2666 2667 2668 1892 2669 2670 
24 2671 2672 2673 2674 2675 2676 2677 2678 7 2679 2680 2681 2682 2683 2684 2685 2686 2687 2688 2689 2690 2691 2692 2693 
13 2694 2695 2696 7 2697 2698 2699 2700 2701 2702 2703 2704 2705 
17 2706 2707 2708 2709 2710 2711 7 2712 2713 2714 2715 2716 2717 2718 2719 2720 2721 
19 2722 2723 2724 7 2725 2726 2727 2728 2729 2730 2731 2732 2733 2734 2735 2736 2737 2738 2739 
25 1649 2740 2741 2742 1076 2743 2744 7 2745 2746 566 2747 2748 2749 2750 2751 2752 2753 2754 2755 2756 2757 2758 2759 2760 
21 2761 2762 7 2763 2764 2765 2766 2767 2768 2769 2770 2771 2772 2773 2774 2775 2776 2777 2778 2779 2780 
22 2781 2782 2783 2784 2785 2786 8 2787 2788 2789 2790 2791 2792 2793 2794 2795 2796 2797 2798 2799 2800 2801 
16 2802 2803 2804 2805 2806 2807 2808 2809 2810 2811 8 2812 2813 2814 2815 2816 
25 2817 2818 2819 2820 2821 8 2822 2823 2824 2825 2826 2827 2828 2829 2830 2831 2832 2833 2834 2835 2836 2837 2838 2839 2840 
22 2841 2842 2843 2844 8 2845 2846 2847 2848 2849 2850 2851 2852 2853 2854 2855 2856 2857 2858 817 2859 2860 
18 2861 2862 8 2863 2864 2865 2866 2867 2868 2869 2870 2871 2872 2873 2874 2875 2876 2877 
16 2878 2879 2880 2881 2882 8 2883 2884 2885 2886 2887 2888 2257 2889 2890 2891 
16 2892 2893 2894 2895 8 2896 2897 502 2898 2899 2900 2901 2902 2903 2904 2905 
18 2906 2907 8 2908 2909 2910 2911 2912 2913 2914 2915 2916 2917 2918 2919 2920 2921 2922 
21 2923 2924 2925 2926 8 2927 2928 2929 2930 2931 2932 2933 2934 2935 2936 2937 2938 2939 2940 2941 2942 
18 2943 2944 8 2945 2946 2947 2948 2949 2950 386 2951 2952 2953 2954 2955 2956 2957 2958 
23 2959 2960 8 2961 2962 2963 2964 2965 2014 2966 2967 2968 2969 2970 2971 2972 2973 2974 1194 2975 2976 2977 2978 
18 2979 2980 2981 2982 2983 2984 8 2985 2986 2987 2988 2989 2990 2991 2992 2993 2994 2995 
22 2996 2997 2998 2999 8 3000 3001 3002 3003 1310 3004 3005 3006 3007 3008 3009 3010 3011 3012 3013 3014 3015 
25 3016 3017 3018 3019 3020 3021 3022 8 3023 3024 3025 3026 3027 3028 3029 3030 3031 3032 3033 3034 3035 3036 3037 3038 3039 
18 3040 3041 3042 3043 3044 3045 3046 8 3047 3048 3049 3050 3051 3052 3053 3054 3055 3056 
25 3057 3058 3059 3060 126 3061 1607 3062 8 3063 3064 3065 3066 3067 3068 3069 3070 3071 3072 3073 3074 3075 3076 3077 3078 
25 3079 3080 3081 3082 3083 9 3084 3085 3086 1093 3087 3088 3089 3090 3091 3092 3093 3094 3095 3096 3097 3098 3099 3100 3101 
19 1862 3102 3103 3104 3105 3106 9 3107 3108 3109 2080 3110 3111 3112 3113 3114 3115 3116 3117 
29 3118 3119 3120 3121 3122 3123 3124 3125 9 3126 3127 3128 3129 3130 3131 3132 3133 3134 3135 3136 3137 3138 3139 3140 3141 3142 3143 3144 3145 
31 3146 3147 3148 3149 3150 3151 3152 3153 9 3154 3155 3156 3157 3158 3159 3160 3161 3162 3163 3164 3165 3166 3167 3168 3169 3170 3171 3172 3173 3174 3175 
16 3176 3177 3178 3179 9 3180 3181 3182 3183 3184 3185 3186 3187 3188 3189 3190 
21 3191 3192 3193 3194 3195 3196 3197 3198 9 3199 3200 3201 3202 3203 3204 3205 3206 3207 3208 3209 3210 
12 3211 3212 9 3213 3214 3215 3216 3217 3218 2499 3219 3220 
17 3221 3222 3223 3224 9 3225 3226 3227 3228 3229 299 3230 3231 3232 2977 3233 3234 
16 3235 3236 3237 3238 3239 9 3240 3241 3242 3243 3244 3245 3246 3247 3248 3249 
25 3250 3251 3252 3253 3254 3255 3256 3257 9 3258 3259 3260 3261 3262 3263 1569 3264 3265 3266 3267 3268 3269 3270 3271 3272 
21 3273 3274 3275 3276 3277 3278 3279 520 3280 9 3281 3282 3283 951 3284 3285 3286 3287 3288 3289 3290 
14 3291 3292 9 3293 3294 3295 3296 3297 3298 3299 3300 3301 3302 3303 
30 3304 3305 3306 3307 9 3308 3309 3310 3311 3312 3313 3314 3315 3316 3317 3318 3319 3320 3321 3322 3323 3324 3325 3326 3327 3328 3329 3330 3331 3332 
24 3333 3334 3335 3336 3337 3338 3339 3340 3341 3342 3343 3344 9 3345 3346 3347 3348 3349 3350 3351 3352 3353 3354 303 
20 3355 3356 3357 3358 3359 3360 3361 3362 9 3363 3364 3365 3366 3367 3368 3369 3370 3371 3372 3373 
15 3374 3375 644 3376 3377 9 3378 3379 3380 3381 3382 3383 3384 3385 3386 
15 10 3387 3388 3389 3390 3391 3392 3393 3394 3395 3167 3396 3397 39 3398 
24 3399 3400 3401 3402 3403 3404 3405 3406 3407 10 3408 3409 3410 3411 3412 3413 1782 3414 3415 3416 3417 3418 3419 3420 
21 3421 3422 3423 3424 3425 3426 3427 3428 3429 10 3430 3431 3432 3433 3434 3435 3436 3437 3438 3439 3440 
24 3441 3442 1325 3443 3444 3445 3446 3447 3448 10 3449 3450 3451 3452 3453 3454 3455 3456 3457 3458 3459 3460 3461 3462 
23 3463 3464 3465 3466 2653 3467 3468 10 3469 3470 3471 3472 3473 3474 3475 3476 3477 3478 3479 3480 3481 3482 3483 
28 3484 3485 3486 3487 3488 3489 3490 10 3491 3492 3493 3494 3495 3496 3497 3498 3499 3500 3501 3502 3503 3504 3505 3506 3507 3508 3509 3510 
20 3511 3512 3513 3514 3515 3516 10 3517 3518 3519 3520 3521 3522 3523 3524 3525 3526 3527 3528 3529 
21 3530 3531 3532 10 3533 3534 3535 3536 3537 3538 3539 3540 3541 3542 3543 3544 3545 3546 3547 3548 3549 
26 3550 2566 3551 3552 10 3553 3554 3555 2848 3556 3557 3558 3559 3560 3561 3562 3563 3564 3565 3566 3567 3568 3569 3570 3571 3572 
23 3573 3574 25 3575 3576 3577 3578 3579 3580 3581 3582 3583 3584 10 3585 3586 3587 3588 3589 3590 3591 3592 3593 
23 3594 3595 3596 3597 3598 3599 3600 3601 3602 10 3603 3604 3605 3606 3607 3608 3609 3610 3611 3612 3613 3614 3615 
22 3616 3617 3618 3619 3620 3621 10 3622 3623 3624 3625 3626 3627 3628 3629 3630 3631 3632 3633 3634 3635 3636 
30 3637 3638 3639 3640 3641 3642 3643 3644 10 3645 2683 3646 3647 3648 3649 3650 3651 3652 3653 3654 3655 3656 3657 3658 3659 3660 3661 3662 3663 3664 
25 3665 3666 3667 3668 3669 3670 3671 10 3672 3673 3674 3675 3676 3677 3678 3679 3680 3681 3682 3683 3684 3685 3686 3687 995 
24 3688 3689 3690 3691 3692 3693 3694 10 3695 3696 3697 3698 3699 3700 3701 3702 3703 3704 2663 3705 3706 3707 3708 3709 
13 3710 3711 3712 3713 3714 10 3715 3716 3717 3718 3719 3720 3721 
18 3722 3723 3724 3725 3726 3727 3728 3729 10 3730 3731 3732 3733 3734 2023 3735 3736 3737 
24 3738 3739 3740 3741 3742 3743 3744 3745 3746 10 3747 3748 3749 3750 3751 3752 3753 3754 2915 3755 3756 3757 3758 3759 
16 3760 3761 3762 3763 3764 10 3765 3766 3767 3768 3769 3770 3771 3772 3773 3774 
22 3775 3776 3777 3778 3779 3780 3781 3782 3783 3784 3785 3786 10 3787 3788 3789 1421 3790 3791 3792 1457 3793 
21 3794 3795 3796 3776 3797 3798 3799 3800 3801 3802 3803 11 3804 3805 3806 3807 3808 3809 3810 3811 3812 
21 3813 3814 3815 642 3816 3817 3818 3819 3820 11 3821 3822 3823 3824 3825 3826 3827 3828 3829 3830 3831 
26 3832 3833 3834 3835 3836 3837 3838 3839 11 3840 3841 3842 3843 3844 3845 3846 3847 3848 3849 3850 3851 3852 3853 3854 3855 3856 
18 3857 3858 3859 3860 3861 3862 3863 11 3864 3865 3866 3867 2131 3868 3869 3870 3871 3872 
24 3873 3874 3875 3876 3877 3878 3879 3880 3881 11 3882 3883 3884 3885 3886 3887 3888 3889 3890 3891 3892 3893 3894 3895 
21 3896 3897 3898 3899 3900 11 3901 3902 3903 3904 3905 3906 3907 3908 3909 3910 2444 3911 3912 3913 3914 
21 3915 3916 3917 3918 3919 3920 3921 11 3922 3923 3924 3925 3926 3927 3928 3929 3930 3931 3932 3933 3934 
17 3935 3936 3937 3938 3939 3940 3941 3942 3943 3944 11 3945 3946 3947 3948 3949 3950 
15 3951 3952 3953 11 3954 3955 3956 3957 3958 3959 3960 3961 3962 3963 3964 
18 3965 11 3966 3967 3968 3969 3970 3971 3972 3973 3974 3975 3976 3977 1013 3978 3979 3980 
21 3981 3982 3983 2270 3984 3985 3986 11 3987 3988 3989 3990 3991 3992 3993 3994 3995 3996 3997 3998 3999 
16 4000 4001 11 4002 4003 4004 4005 4006 4007 4008 4009 4010 4011 4012 4013 4014 
22 4015 4016 4017 2385 11 4018 4019 4020 4021 4022 4023 4024 4025 4026 4027 4028 4029 4030 4031 4032 4033 4034 
28 4035 4036 4037 4038 4039 4040 4041 4042 4043 11 4044 4045 4046 4047 4048 4049 4050 4051 4052 4053 4054 4055 4056 4057 4058 4059 3233 4060 
15 2201 4061 4062 4063 11 4064 4065 4066 4067 4068 4069 4070 4071 4072 4073 
19 848 4074 4075 4076 4077 4078 11 4079 4080 4081 4082 4083 2477 4084 4085 4086 4087 4088 4089 
24 4090 4091 4092 4093 2588 4094 11 4095 4096 4097 4098 4099 4100 4101 1283 4102 4103 4104 4105 4106 4107 4108 4109 4110 
24 4111 4112 4113 4114 4115 4116 4117 4118 4119 4120 4121 4122 4123 4124 11 4125 4126 4127 4128 4129 4130 4131 4132 4133 
17 4134 4135 4136 11 4137 4138 4139 4140 4141 4142 4143 4144 4145 4146 4147 4148 4149 
20 4150 4151 4152 4153 4154 4155 4156 4157 11 4158 4159 4160 4161 4162 4163 4164 4165 4166 4167 4168 
15 4169 4170 4171 4172 4173 4174 4175 11 4176 4177 4178 4179 4180 4181 4182 
30 4183 4184 4185 4186 4187 4188 4189 4190 4191 4192 11 4193 4194 4195 4196 4197 4198 4199 4200 4201 4202 4203 4204 4205 4206 4207 4208 4209 4210 4211 
23 4212 514 4213 4214 4215 4216 4217 4218 12 4219 4220 4221 4222 4223 4224 4225 4226 4227 4228 4229 4230 4231 4232 
20 4233 4234 4235 4236 4237 4238 4239 12 4240 4241 4242 4243 4244 4245 4246 4247 4248 4249 4250 4251 
15 4252 4253 4254 12 4255 1638 4256 4257 4258 2305 4259 4260 4261 3054 4262 
19 4263 4264 4265 4266 4267 4268 4269 4270 4271 4272 4273 12 4274 4275 4276 3703 4277 4278 4279 
26 4280 4281 4282 4283 4284 2353 4285 4286 4287 4288 12 4289 4290 4291 4292 4293 4294 4295 4296 4297 4298 4299 4300 4301 4302 4303 
18 4304 1338 4305 4306 4307 4308 4309 4310 12 4311 4312 4313 4314 4315 4316 4317 4318 4319 
18 2328 4320 4321 4322 4323 3644 4324 3863 12 4325 4326 4327 4328 4329 4330 4331 4332 4333 
18 4334 4335 4336 4337 4338 4339 4340 4341 4342 12 4343 4344 4345 4346 4347 4348 4349 4350 
26 4351 4352 4353 4354 4355 4356 4357 4358 4359 4360 4361 4362 12 4363 4364 4365 4366 4367 4368 4369 4370 4371 4372 4373 4374 4375 
18 4376 1814 4377 4378 4379 4380 4381 12 4382 4383 4384 4385 4386 4387 4388 4389 4390 4391 
9 4392 4393 12 4394 4395 4396 4397 4398 4399 
13 4400 4401 4402 4403 329 12 4404 4405 4406 4407 4408 4409 4410 
16 4411 4412 4413 4414 12 4415 4416 4417 4418 4419 4420 4421 4422 4423 4424 4425 
11 4426 4427 4428 4429 4430 12 4431 4432 4433 4434 4435 
25 4436 4437 4438 4439 4440 4441 4442 4443 12 4444 4445 4446 4447 4448 4449 4450 4451 4452 4453 4454 4455 4456 4457 4458 4459 
20 4460 4461 4462 4463 4464 4465 4466 4467 4468 4469 12 4470 4471 4472 4473 4474 4475 4476 4477 4478 
14 4479 4480 4481 4482 12 4483 4484 4485 4486 4487 4488 4489 4490 4491 
17 4492 4493 4494 4495 12 4496 4497 4498 4499 4500 4501 4502 4503 4504 4505 4506 4507 
25 4508 4509 4510 4511 4512 668 4513 4514 4515 4516 4517 12 4518 4519 4520 4521 4522 4523 4524 4525 4526 4527 4528 4529 4530 
21 3466 4531 4532 4533 4534 4535 4536 4537 4538 4495 12 4539 4540 4541 3523 4542 4543 4544 4545 4546 4547 
23 4548 4549 4550 4551 4552 4553 4554 12 4555 4556 4557 4558 4559 4560 4561 428 4562 4563 4564 4565 4566 4567 4568 
25 4569 4570 4571 4572 4573 4574 4575 4576 4577 12 4578 4579 4580 4581 4582 4583 4584 4585 4586 4587 4588 4589 4590 4591 4592 
25 4593 4594 4595 4596 4597 4598 4599 2619 12 4600 4601 4602 4603 4604 4605 4606 4607 4608 4609 4610 4611 4612 4613 4614 4615 
21 4616 4617 4618 4619 4620 4621 4622 4623 12 4624 4625 4626 4627 4628 4629 4630 4631 4632 4633 4634 4635 
25 4636 4637 4638 4639 4640 4641 4642 4643 12 4644 4645 4646 4647 4648 4649 4650 4651 4652 4653 4654 1600 4655 4656 4657 4658 
21 4659 4660 4661 4662 4663 4664 4665 12 4666 4667 4668 4669 4670 4671 4672 4673 4674 4675 4676 4677 4678 
23 4679 4680 4681 4682 4683 12 4684 4685 4686 4687 4688 4689 4690 4691 4692 4693 4694 4695 4696 4697 4698 4699 4700 
17 4701 4702 4703 1144 4704 12 4705 4706 4707 4708 4709 4710 4711 4712 4713 4714 4715 
18 4716 4717 4718 4719 13 4720 4721 4722 4723 4724 4725 4726 4727 60 4728 4729 4730 4731 
22 4732 4733 4734 4735 4736 4737 13 4738 4739 4740 4741 4742 4743 4744 4745 4746 4747 4748 4749 4750 4751 4752 
19 4753 4754 4755 4756 4757 4758 4759 4760 4761 13 4762 4763 4764 4765 4766 273 4767 4768 4769 
18 4770 4771 4569 4772 4773 4774 4775 4776 4777 13 4778 4779 4780 4781 4782 4783 4784 4785 
22 4786 4787 4788 4789 4267 4790 4791 4792 4793 13 4794 4795 4796 4797 4798 4799 4800 4801 1010 4802 4803 4615 
13 4804 4805 4806 13 4807 4808 4809 4810 4811 4812 4813 4814 4815 
24 4816 4817 4818 4819 4820 4821 4822 4823 13 4824 4825 4826 4827 4828 4829 751 4830 4831 4832 4833 4834 4835 4836 4837 
19 4838 4839 4840 4841 13 4842 4843 4844 4845 4846 4847 4848 4849 4850 4851 4852 4853 4854 4855 
26 4856 4857 4858 4859 4860 4861 4862 4863 4864 4865 4866 4867 4868 13 4869 4870 4871 4872 4873 4874 4875 4876 4877 4878 4879 4880 
18 4881 4882 4883 4884 4885 4886 4887 4888 13 4889 4890 4891 4892 4893 4894 4895 4896 4897 
19 4898 4899 4900 4901 4902 4903 4904 4905 13 4906 4907 4908 4909 4910 4911 4912 4913 4914 4915 
25 4916 4917 2906 4918 4919 4920 13 4921 4922 4923 4924 4925 4926 4927 4928 4929 4930 4872 4931 4932 4933 4934 4935 4936 866 
21 4937 4938 4939 4940 4941 4942 4943 13 4944 4945 4946 4947 4948 4949 4950 4951 4952 4953 4954 4955 4956 
23 4957 4958 4959 4960 4961 4962 4963 4964 13 4965 4966 4967 4968 4969 4970 4971 4972 4973 4974 4975 4976 4977 4978 
19 4979 4980 4981 4982 4983 4984 4985 4986 4987 4988 4989 4990 13 4991 4992 4993 4563 4994 4995 
10 4996 4997 4998 13 4999 5000 5001 5002 5003 5004 
24 5005 5006 5007 5008 5009 5010 5011 5012 5013 5014 5015 5016 14 5017 5018 5019 5020 5021 5022 5023 5024 5025 5026 5027 
25 5028 1466 5029 5030 5031 5032 5033 5034 14 5035 5036 5037 5038 5039 5040 1782 5041 5042 5043 5044 5045 5046 5047 5048 5049 
22 5050 5051 5052 5053 5054 5055 5056 5057 5058 5059 14 5060 5061 5062 5063 5064 5065 5066 5067 5068 5069 5070 
19 5071 5072 5073 5074 5075 14 3310 5076 5077 5078 5079 5080 5081 270 5082 5083 5084 5085 5086 
16 5087 5088 5089 5090 5091 5092 5093 14 5094 5095 5096 5097 5098 5099 5100 5101 
18 5102 3335 5103 5104 5105 5106 14 5107 5108 5109 5110 5111 5112 5113 5114 5115 5116 5117 
22 305 5118 5119 5120 4000 5121 5122 5123 5124 5125 5126 5127 14 5128 5129 5130 5131 5132 5133 5134 5135 5136 
21 5137 5138 5139 5140 5141 5142 5143 5144 5145 5146 5147 5148 14 5149 5150 5151 5152 5153 5154 5155 5156 
25 5157 5158 5159 5160 5161 5162 5163 5164 5165 5166 5167 5168 5169 5170 14 5171 5172 5173 5174 5175 3654 5176 5177 5178 5179 
18 5180 5181 5182 5183 5184 4706 14 5185 5186 5187 5188 5189 5190 5191 5192 5193 5194 5195 
28 5196 5197 5198 5199 5200 263 5201 5202 5203 5204 5205 5206 14 5207 5208 5209 5210 5211 5212 5213 5214 5215 5216 5217 5218 5219 1891 5220 
28 5221 5222 5223 5224 5225 5226 5227 5228 5229 5230 5231 5232 14 5233 5234 5235 5236 5237 5238 5239 5240 5241 5242 5243 5244 5245 979 1790 
22 5246 5247 5248 5249 2924 5250 5251 5252 5253 5254 5231 14 5255 5256 4849 5257 5258 5259 5260 5261 5262 5263 
22 5264 5265 5266 5267 246 5268 5269 14 5270 5271 5272 5273 5274 5275 5276 5277 5278 5279 5280 5281 1440 5282 
23 5283 5284 5285 5286 5287 5288 5289 14 5290 5291 5292 5293 5294 5295 5296 5297 5298 5299 5300 5301 5302 5303 5304 
17 5305 5306 5307 5308 5309 14 5310 2829 5311 5312 5313 5314 5315 5316 5317 1215 5318 
18 5319 5320 5321 5322 14 5323 5324 589 5325 5326 5327 5328 5329 5330 5331 5332 5333 5334 
16 5335 5336 5337 5338 5339 3179 5340 5341 14 5342 5343 5344 5345 5346 5347 5348 
19 5349 5350 5351 5352 5353 14 5354 5355 5356 5357 5358 5359 5360 5361 5362 5363 5364 5365 5366 
29 5367 516 5368 5369 5370 5371 5372 5373 5374 5375 5376 5377 5378 5379 15 5380 5381 5382 5383 5384 5385 5386 5387 5388 5389 5390 5391 5392 5393 
18 5394 5395 5396 5397 5398 5399 5400 15 5401 5402 5403 5404 5405 5406 5407 5408 5409 5410 
16 5411 5412 5413 5414 5415 5416 5417 15 5418 5419 4927 5420 5421 5422 39 5423 
26 5424 5425 5426 5427 5428 5429 5430 5431 5104 5432 5433 5434 15 5435 5436 5437 5438 5439 5440 5441 5442 5443 5444 5445 5446 5447 
19 5448 2674 5449 5450 5451 5452 15 5453 5454 5455 5456 5457 5458 4814 5459 5460 5461 5462 5463 
16 5464 5465 5466 5467 5468 5469 5470 5471 5472 5473 15 5474 5475 5476 5477 5478 
19 5479 5480 5481 5482 5483 5484 5485 5486 5487 5488 5489 5490 5491 15 5492 5493 5494 5495 5496 
16 5497 5498 3059 5499 5500 5501 15 5502 5503 5504 5505 5506 5507 5508 5509 5510 
18 5511 5512 5513 5514 15 5515 5516 5517 5518 5519 5520 5521 5522 5523 5524 5525 5526 1989 
15 5527 5528 2864 5529 15 5530 5531 5532 5533 5534 5535 5536 5537 5538 5539 
17 5540 5541 5542 5543 5544 5545 3212 5546 5547 5548 5549 15 2867 5550 5551 5552 5553 
19 5554 5555 5556 5557 5558 5559 5560 5561 5562 5563 15 5564 5565 5566 5567 5568 5569 5570 5571 
18 5572 2632 5573 5574 5575 5576 5577 5578 15 5579 5580 5581 5582 5583 5584 5585 5586 5587 
14 5588 5589 5590 5591 5592 5593 5594 15 5595 5596 5597 5598 5599 5600 
2 5497 15 
1 15 
3 15 1535 4615 
2 15 5494 
1 15 
2 853 15 
2 165 15 
1 15 
1 15 
1 15 
4 438 15 857 171 
1 16 
5 3813 266 16 4486 3172 
3 3040 16 2440 
1 16 
1 16 
1 16 
1 16 
1 16 
2 4536 16 
2 3306 16 
1 16 
2 1920 16 
3 4701 2296 16 
3 475 1445 16 
4 4645 16 5304 2025 
2 3722 16 
1 16 
4 3363 1931 16 2539 
3 3250 16 2344 
2 4376 16 
2 16 3027 
2 17 4229 
1 17 
5 2270 503 3749 17 536 
4 1398 17 5565 2305 
2 227 17 
1 17 
3 2310 1692 17 
1 17 
2 17 1713 
2 2144 17 
3 17 2238 560 
1 17 
3 5573 17 5365 
2 2709 17 
3 17 385 3720 
2 1880 17 
2 1037 17 
1 17 
2 65 17 
2 2746 17 
5 3880 2644 751 17 1333 
1 17 
4 1850 2050 17 5388 
2 2613 18 
5 3060 764 4670 18 2796 
1 18 
3 1207 18 1626 
1 18 
2 5464 18 
2 2183 18 
1 18 
3 829 18 3774 
2 4322 18 
4 416 4016 18 2259 
1 18 
3 1124 18 2242 
2 3539 18 
1 18 
3 2155 18 3097 
1 18 
2 3534 18 
2 18 560 
3 1218 551 18 
3 4040 4519 18 
1 19 
1 19 
2 19 5539 
1 19 
2 4667 19 
1 19 
1 19 
1 19 
1 19 
1 19 
2 19 2442 
2 4414 19 
2 19 5361 
1 19 
1 19 
4 2201 4594 3697 19 
3 1993 339 19 
3 151 19 3353 
3 4234 1144 19 
2 19 3683 
1 19 
1 19 
3 4304 19 1623 
1 19 
2 4498 19 
2 2098 20 
2 2224 20 
3 2881 3126 20 
1 20 
1 20 
4 515 1505 20 1176 
2 5051 20 
3 1188 20 1647 
1 20 
1 20 
2 3183 20 
2 2944 20 
3 1546 933 20 
2 1824 20 
3 3492 593 20 
1 20 
1 20 
1 20 
1 20 
2 5074 20 
1 20 
3 3870 20 2958 
2 358 21 
2 21 23 
1 21 
1 21 
4 4067 3349 21 4528 
3 787 2049 21 
3 2385 5109 21 
1 21 
2 4621 21 
2 4600 21 
2 3050 21 
4 4360 2461 5085 21 
4 2403 1248 236 21 
3 952 4526 21 
1 21 
3 518 1930 22 
2 3161 22 
5 4883 3764 4312 1558 22 
1 22 
4 1135 4096 708 22 
3 1547 508 22 
1 22 
3 1238 22 303 
3 4884 1845 22 
2 1421 22 
3 792 5387 22 
2 5355 22 
1 22 
1 22 
4 5124 3867 5522 22 
3 2988 2517 22 
2 1413 22 
3 707 3559 22 
1 22 
2 4177 22 
1 22 
1 22 
1 22 
3 2563 4528 22 
2 4140 22 
2 2434 23 
1 23 
1 23 
4 4965 5300 5334 23 
2 1308 23 
1 23 
2 4655 23 
1 23 
1 23 
1 23 
1 23 
4 846 3749 1982 23 
2 1274 23 
2 1958 23 
2 5181 23 
3 3552 1011 23 
3 1129 1013 23 
1 23 
2 1242 23 
4 24 542 317 5461 
2 24 3299 
1 24 
2 24 68 
4 24 4483 3500 2937 
2 5349 24 
1 24 
2 24 3462 
2 24 1069 
2 24 1429 
1 24 
3 24 1028 5407 
1 24 
1 24 
3 25 3489 2764 
2 25 3282 
4 25 1857 776 2348 
2 25 3753 
6 25 4198 4889 2040 1573 5571 
1 25 
2 25 1309 
1 25 
2 25 4425 
2 25 737 
3 1137 25 1112 
1 25 
4 25 1901 3568 3096 
2 25 148 
4 25 327 720 5423 
1 25 
3 25 933 4028 
2 25 4454 
3 25 48 1527 
4 25 436 525 557 
2 25 1648 
7 25 4328 592 4258 2522 5537 1159 
1 25 
1 25 
3 25 4629 1986 
3 216 26 1432 
3 2502 26 399 
3 279 26 3577 
3 26 2568 4409 
3 431 26 1423 
2 26 2602 
3 26 4203 168 
3 26 1224 3592 
1 26 
2 26 4845 
2 3221 26 
5 2635 26 1885 2322 508 
2 26 4796 
1 26 
2 26 1499 
2 26 4598 
1 26 
2 26 2431 
3 26 1721 935 
1 26 
4 26 3414 791 3204 
5 1862 4428 26 4828 2438 
2 26 327 
3 2803 26 1244 
1 26 
3 1277 27 4279 
1 27 
1 27 
2 475 27 
2 4157 27 
2 27 2023 
5 27 4293 1710 5065 2480 
1 27 
2 4036 27 
1 27 
1 27 
1 27 
2 27 367 
1 27 
1 27 
3 27 2087 1765 
3 5350 27 4248 
3 1850 27 4655 
3 27 508 4530 
3 27 2535 1765 
1 27 
5 27 5205 335 3078 366 
2 28 2788 
1 28 
4 2099 2188 28 3171 
2 1014 28 
2 1538 28 
2 28 140 
2 1182 28 
2 5572 28 
2 28 1299 
1 28 
1 28 
4 3041 28 1496 4592 
5 4236 4043 4776 28 1420 
1 28 
3 28 5383 5348 
1 28 
1 28 
1 29 
2 29 1691 
1 29 
2 29 2563 
3 2450 29 757 
2 29 1545 
2 29 3979 
1 29 
2 3554 29 
3 3345 2767 29 
1 29 
2 29 276 
2 29 2691 
3 5228 29 3270 
2 29 510 
2 29 408 
2 29 4223 
3 638 5560 29 
2 2370 29 
1 29 
2 4356 29 
1 30 
2 30 2288 
3 102 30 4585 
2 30 5213 
5 2636 1240 30 2885 2176 
4 2981 3147 30 3322 
5 3333 30 4446 1314 3244 
1 30 
3 5467 30 3055 
1 30 
4 1003 30 114 3210 
1 30 
1 30 
1 30 
3 3023 30 1589 
2 30 1089 
2 30 2277 
2 30 3686 
1 31 
3 31 1727 2379 
2 4377 31 
2 4869 31 
2 5034 31 
2 4078 31 
2 2751 31 
1 31 
2 31 2060 
2 4017 31 
2 31 2066 
2 31 1214 
2 31 4302 
2 31 779 
1 31 
5 1561 4187 73 31 1840 
2 2700 31 
1 31 
3 31 5132 1536 
2 1996 31 
1 31 
2 32 595 
1 32 
1 32 
1 32 
5 195 1163 4724 32 1102 
2 32 4316 
3 1250 32 173 
1 32 
2 5169 32 
2 32 3611 
4 1658 5200 32 1441 
2 32 4748 
2 2828 32 
3 32 2993 1732 
1 32 
1 32 
4 2164 1474 32 2024 
2 2081 32 
2 5449 32 
2 3559 32 
1 32 
2 1366 32 
1 32 
1 32 
2 1217 33 
1 33 
3 5142 3949 33 
1 33 
2 33 1397 
2 1003 33 
3 2967 234 33 
2 4276 33 
2 5056 33 
1 33 
2 2275 33 
1 33 
2 33 5217 
3 33 4802 4614 
3 4334 33 1069 
3 720 5294 33 
2 2299 33 
2 3784 34 
3 4569 34 4750 
3 5249 34 3709 
1 34 
1 34 
1 34 
2 3525 34 
2 34 5407 
3 1725 34 2795 
2 4447 34 
2 2485 34 
5 2350 2185 3094 34 4896 
2 2205 34 
1 34 
1 34 
2 4214 34 
2 4173 34 
2 4351 34 
5 2576 4946 2686 34 2445 
1 35 
1 35 
1 35 
2 2004 35 
2 1655 35 
1 35 
1 35 
1 35 
1 35 
2 448 35 
3 435 35 3072 
1 35 
1 35 
2 35 4349 
2 3909 35 
1 35 
3 3726 2836 36 
1 36 
3 4873 36 2840 
2 4964 36 
2 3585 36 
1 36 
5 2272 503 36 677 5409 
1 36 
2 4581 36 
1 36 
1 36 
1 36 
2 2280 37 
4 4426 5427 1951 37 
2 5019 37 
4 4794 1317 2580 37 
2 4775 37 
2 1187 37 
3 2168 37 2609 
1 37 
2 4822 37 
2 2137 37 
3 5478 898 37 
3 498 2513 37 
4 4092 1851 37 3737 
2 5599 37 
3 4901 37 4504 
1 37 
3 3984 3431 38 
1 38 
1 38 
2 4566 38 
1 38 
5 5028 2762 961 3934 38 
1 38 
3 2970 1255 38 
1 38 
4 250 132 345 38 
1 38 
1 38 
1 38 
2 1304 38 
2 3958 38 
3 582 3326 38 
2 4164 38 
3 3920 3882 39 
2 127 39 
3 2996 3392 39 
1 39 
2 4056 39 
4 5396 349 3862 39 
1 39 
1 39 
3 2637 1898 39 
4 3399 2310 3799 39 
1 39 
4 3312 2108 4608 39 
2 4360 39 
1 39 
1 39 
1 39 
2 2035 39 
2 491 39 
1 39 
2 4030 39 
5 2401 3428 630 2542 39 
2 1393 39 
2 4610 39 
1 40 
1 40 
2 874 40 
2 3637 40 
3 3019 2951 40 
2 421 40 
1 40 
1 40 
2 3938 40 
4 2229 5354 534 40 
4 441 1061 1900 40 
1 40 
5 1841 4481 3621 3397 40 
1 40 
2 40 4032 
1 40 
4 4122 2596 40 2162 
2 4180 40 
2 41 2913 
1 41 
3 41 3305 4797 
3 41 1523 3607 
3 41 5162 5201 
2 41 3758 
2 41 3377 
1 41 
1 41 
2 41 2598 
1 41 
1 41 
1 41 
1 41 
2 41 4583 
3 41 4428 2571 
1 41 
2 41 145 
2 41 2130 
2 41 4373 
4 41 2120 2012 4167 
3 42 3128 2890 
2 42 1312 
2 42 2895 
1 42 
4 42 5254 5474 79 
2 42 3745 
1 42 
3 42 2023 4071 
4 42 1718 2749 356 
1 42 
2 42 2649 
2 42 3829 
1 42 
2 42 4954 
2 42 3232 
2 42 2234 
2 42 3892 
2 42 4099 
1 42 
1 42 
1 42 
4 42 5250 3153 4947 
1 42 
1 42 
1 42 
3 43 959 467 
3 43 2649 1265 
3 1179 43 209 
2 43 3945 
1 43 
2 43 2875 
3 43 5466 1492 
2 43 298 
2 43 946 
2 43 3386 
2 43 2208 
2 43 303 
3 43 63 1456 
3 43 4142 1480 
3 43 3400 5128 
1 43 
3 43 1485 3450 
2 43 4887 
1 43 
2 43 2152 
5 43 2300 3605 255 5296 
1 44 
2 44 1904 
2 44 4178 
2 44 4500 
2 44 1029 
1 44 
2 44 2170 
2 784 44 
3 44 3860 5565 
1 44 
3 3665 44 4200 
2 44 1364 
3 44 2371 2948 
1 44 
2 45 1363 
3 1053 45 1975 
3 45 2321 3231 
4 45 5106 1062 2457 
1 45 
1 45 
2 45 3922 
2 45 3005 
1 45 
1 45 
2 45 5124 
5 45 4535 1730 121 1360 
2 45 1249 
1 45 
1 45 
1 45 
1 45 
2 45 736 
3 45 4997 3968 
2 45 3248 
3 45 4403 47 
1 45 
1 45 
2 46 4128 
1 46 
3 46 3064 1915 
1 46 
2 46 1977 
1 46 
3 46 3241 4456 
1 46 
2 46 2453 
3 46 3986 3415 
1 46 
3 1323 2893 46 
1 46 
1 46 
1 46 
2 46 4751 
2 46 3949 
4 1304 46 1150 2556 
2 47 4313 
1 47 
1 47 
1 47 
2 5246 47 
3 47 3200 2648 
2 47 1418 
3 47 4240 2840 
3 1136 47 1224 
2 47 2082 
2 1485 47 
3 47 406 505 
3 47 1546 5278 
3 47 1149 532 
1 47 
1 47 
1 48 
3 48 1098 2779 
2 48 1529 
2 48 3715 
2 3080 48 
1 48 
4 3484 5337 48 49 
3 4305 5228 48 
4 48 854 1728 5363 
2 2549 48 
3 48 3769 5302 
2 48 3460 
2 48 1834 
2 48 168 
3 5555 48 429 
2 48 1869 
2 48 5298 
1 48 
1 48 
2 2116 48 
2 49 5207 
4 846 2075 49 1084 
1 49 
4 982 747 49 5441 
2 49 1374 
1 49 
1 49 
2 2228 49 
1 49 
3 49 1572 4810 
1 49 
1 49 
2 49 3720 
1 49 
1 49 
2 49 3968 
1 49 
2 49 1226 
2 49 1023 
3 4572 49 4167 
1 49 
2 49 271 
2 50 4803 
3 4733 50 3997 
3 961 50 5039 
3 1274 50 3234 
3 4862 50 3682 
1 50 
2 50 3008 
2 50 73 
2 4904 50 
2 50 5152 
2 50 3097 
1 50 
2 50 3166 
2 50 5357 
2 5548 50 
4 1141 50 187 1155 
2 5010 51 
1 51 
5 51 4578 2934 4383 4350 
2 5306 51 
1 51 
2 51 4314 
3 1868 51 5437 
4 667 51 609 4729 
4 5470 51 2194 4350 
1 51 
2 1416 51 
2 5470 51 
1 51 
3 5557 51 5217 
3 248 51 5401 
3 51 2039 471 
4 3920 4868 51 4128 
5 51 203 3926 4851 472 
3 564 52 53 
3 3986 52 1638 
1 52 
4 5417 52 2361 4879 
2 2696 52 
2 52 5363 
2 52 3831 
1 52 
3 3515 52 2338 
2 52 976 
1 52 
1 52 
1 52 
3 52 5357 4391 
2 52 486 
4 3598 871 52 5061 
2 52 3129 
1 52 
1 52 
2 3738 52 
2 52 1297 
2 69 52 
1 52 
3 53 341 5023 
3 53 3566 1160 
1 53 
1 53 
5 2226 3335 3119 53 4204 
3 53 95 4051 
2 53 4140 
3 53 1211 2800 
1 53 
1 53 
2 53 5580 
2 53 5023 
1 53 
2 2207 53 
1 54 
1 54 
3 882 4197 54 
2 54 3831 
5 4117 2506 54 5532 2066 
2 2181 54 
2 54 3542 
3 1487 54 4745 
2 54 4133 
3 54 4810 4052 
3 2068 54 792 
3 4819 884 54 
3 5073 54 1665 
2 4510 54 
1 54 
1 54 
1 54 
3 54 4670 4027 
4 2924 54 483 676 
1 54 
1 54 
2 1387 54 
3 2849 54 5532 
1 54 
1 55 
3 2988 55 140 
4 3936 4865 3365 55 
1 55 
1 55 
2 2118 55 
1 55 
2 55 5218 
1 55 
2 959 55 
3 55 5217 3207 
1 55 
2 3379 55 
2 55 4070 
5 5224 1687 55 614 4836 
2 56 5494 
3 5130 2460 56 
2 2824 56 
2 158 56 
3 2451 1098 56 
2 2229 56 
2 56 4727 
3 3586 2133 56 
3 939 1094 56 
3 4417 3703 56 
2 2403 56 
1 56 
2 642 56 
2 56 1174 
2 3626 57 
3 3434 3890 57 
1 57 
1 57 
3 1140 57 1229 
2 3560 57 
1 57 
1 57 
2 499 57 
1 57 
1 57 
3 4576 5432 57 
2 5588 57 
1 57 
2 1443 58 
3 4960 4363 58 
1 58 
1 58 
3 3251 2294 58 
4 3873 1587 58 4060 
3 2948 360 58 
3 3384 58 3593 
1 58 
3 2558 2951 58 
3 1505 2898 58 
2 58 472 
2 3395 58 
2 58 1285 
1 58 
2 1422 58 
1 58 
3 435 2336 59 
3 1815 930 59 
4 1272 499 2175 59 
2 59 5539 
1 59 
2 1108 59 
4 3150 4605 59 995 
1 59 
5 3413 3562 1812 59 1740 
3 387 59 243 
1 59 
2 4765 59 
1 59 
1 59 
3 5137 59 935 
2 59 921 
3 5575 3368 59 
3 4046 2968 59 
2 2507 59 
1 59 
2 59 995 
1 59 
3 3791 59 1915 
1 59 
2 510 59 
2 1038 59 
3 1484 4449 60 
4 124 1575 60 4895 
2 642 60 
2 3946 60 
2 1279 60 
3 3040 4269 60 
2 5198 60 
2 2485 60 
2 2556 60 
2 5288 60 
3 3339 4240 60 
1 60 
2 2863 60 
3 3944 60 1103 
1 60 
2 399 60 
1 60 
2 4329 61 
4 848 3716 2815 61 
3 5417 61 2446 
1 61 
2 567 61 
4 2429 4808 120 61 
1 61 
1 61 
2 5295 61 
3 731 5065 61 
2 401 61 
4 2585 5575 4600 61 
2 4499 61 
2 1593 61 
1 61 
1 61 
5 2502 1292 152 2514 61 
3 1781 4925 61 
3 3540 4180 61 
2 1922 62 
1 62 
2 2889 62 
1 62 
2 2630 62 
2 3224 62 
4 2842 4464 1609 62 
3 1776 1827 62 
1 62 
2 2366 62 
3 351 3705 62 
2 1854 62 
1 62 
2 62 2877 
2 1044 62 
1 62 
2 4148 62 
4 3837 4098 628 62 
3 5054 275 62 
3 3490 1543 62 
3 662 2312 63 
3 63 1355 367 
3 63 4900 1670 
3 63 4960 3580 
1 63 
1 63 
1 63 
5 3739 63 521 930 2974 
2 63 4256 
2 63 975 
3 63 3727 3189 
2 63 3244 
2 63 1108 
3 1340 63 5486 
1 63 
2 64 5433 
1 64 
2 64 2130 
2 64 5594 
1 64 
1 64 
2 438 64 
4 64 3765 3827 3570 
3 3668 64 603 
1 64 
3 64 2263 474 
2 64 3536 
3 64 1673 537 
2 64 3624 
2 65 1463 
1 65 
2 65 428 
2 65 893 
3 644 2925 65 
2 65 4543 
2 65 5391 
2 65 5167 
4 4094 65 4523 3419 
4 3936 65 749 1853 
2 65 4173 
3 3795 65 4445 
1 65 
1 65 
1 65 
1 65 
1 65 
1 65 
2 65 3651 
3 847 65 1770 
1 66 
2 2030 66 
2 66 4932 
3 2818 66 4457 
2 66 3139 
1 66 
3 1137 66 4560 
1 66 
4 983 66 5344 468 
2 66 3056 
1 66 
4 539 2961 66 5281 
2 66 2179 
4 3257 66 1165 2537 
1 66 
1 66 
3 66 3411 5534 
4 4661 3728 66 210 
1 66 
2 66 1131 
3 2570 66 1791 
2 66 2050 
2 66 1459 
2 2591 66 
5 1628 2504 67 2171 2128 
3 3802 67 1791 
2 67 1194 
3 67 5566 3141 
2 67 3156 
3 67 4007 1334 
1 67 
2 67 1034 
1 67 
2 67 569 
1 67 
1 67 
1 67 
2 68 2155 
4 3180 68 755 921 
2 68 122 
4 3020 1924 68 5515 
1 68 
2 460 68 
2 495 68 
4 68 1997 154 1683 
2 68 1439 
3 822 2311 68 
2 4215 68 
3 68 605 3735 
1 68 
3 5545 4868 68 
4 729 68 5191 4491 
1 68 
1 68 
2 68 4363 
2 68 1872 
2 1566 68 
2 69 915 
2 69 1378 
3 177 69 1976 
2 69 1594 
1 69 
3 2862 4577 69 
1 69 
2 2487 69 
1 69 
2 69 4967 
4 2945 69 4026 345 
2 69 1295 
1 69 
1 69 
2 69 3528 
3 3575 221 70 
1 70 
4 5087 1486 70 1230 
1 70 
1 70 
2 70 1357 
1 70 
1 70 
1 70 
1 70 
1 70 
1 70 
1 70 
5 3798 4195 70 2993 3658 
1 70 
2 70 3911 
1 70 
3 1218 70 4373 
2 2428 70 
3 1343 4324 70 
2 70 5039 
1 70 
2 70 892 
2 70 1546 
2 70 3248 
4 5543 881 70 2720 
2 70 878 
2 71 1819 
2 71 659 
2 4964 71 
4 3122 4191 71 3756 
2 2864 71 
2 3154 71 
2 2844 71 
1 71 
3 4075 71 2876 
2 962 71 
2 71 1462 
2 71 1578 
1 71 
3 1324 71 3208 
2 71 2849 
2 71 3460 
3 2486 71 4033 
3 4885 72 2456 
1 72 
1 72 
1 72 
1 72 
3 72 1072 2874 
1 72 
2 2812 72 
2 72 1735 
3 2576 72 3890 
2 72 2554 
3 72 1729 780 
1 72 
1 72 
1 72 
2 666 72 
3 328 73 4082 
1 73 
2 73 2626 
1 73 
2 3519 73 
2 2433 73 
2 1412 73 
1 73 
1 73 
4 1895 5229 5380 73 
1 73 
1 73 
2 73 4781 
1 73 
2 1404 74 
3 2352 74 447 
1 74 
1 74 
2 74 1006 
1 74 
2 928 74 
4 3212 74 5214 2220 
3 2618 74 573 
4 440 74 4386 193 
3 4642 74 1133 
2 518 74 
1 74 
2 4194 74 
4 3877 4559 74 4474 
3 4552 74 1590 
1 74 
3 4868 74 484 
2 5058 74 
1 74 
4 514 3668 74 3231 
1 74 
4 1950 3199 74 5553 
1 74 
1 74 
1 74 
2 74 5314 
2 74 1311 
4 4619 1804 74 273 
3 648 74 4563 
3 4201 75 2465 
3 1118 75 4390 
3 1924 4664 75 
2 75 317 
2 3798 75 
2 3362 75 
1 75 
3 1658 75 3855 
4 2675 2172 75 2702 
1 75 
2 75 5390 
2 2546 75 
2 75 1907 
1 75 
2 75 858 
3 2644 75 193 
2 3182 75 
2 75 1288 
3 5484 75 3757 
3 106 112 75 
3 1375 75 2665 
3 1246 75 1577 
1 76 
1 76 
2 261 76 
1 76 
3 2547 76 4369 
3 4705 76 4608 
4 76 4694 4730 5410 
2 4239 76 
3 5016 76 3184 
1 76 
2 76 654 
2 76 4100 
3 2045 5377 76 
2 5207 76 
1 76 
1 76 
2 76 859 
3 5038 76 2111 
3 76 1644 4836 
1 76 
4 1161 3689 5291 77 
3 77 932 862 
2 1340 77 
2 1058 77 
1 77 
2 77 5022 
1 77 
2 77 3009 
3 852 2174 77 
1 77 
1 77 
2 77 5136 
3 77 1549 572 
1 77 
2 77 99 
3 528 77 1552 
1 77 
3 5562 78 3245 
2 3643 78 
3 3198 78 1511 
1 78 
3 399 78 1128 
4 4770 1868 78 4628 
1 78 
4 3467 2412 78 3612 
1 78 
3 4075 5144 78 
2 1503 78 
1 78 
1 78 
2 2028 78 
2 3182 78 
1 79 
1 79 
2 79 3844 
3 4623 79 4312 
1 79 
2 5497 79 
2 3447 79 
3 803 79 2286 
2 79 4710 
3 3553 79 5294 
2 3918 79 
3 79 507 3706 
2 3740 79 
2 940 79 
2 79 2342 
1 79 
2 5530 79 
1 79 
1 79 
6 4535 4556 4220 79 295 3051 
5 4645 3842 79 635 2325 
2 2292 79 
2 565 80 
2 5222 80 
3 4723 5113 80 
1 80 
2 80 1769 
3 80 2420 1216 
1 80 
2 583 80 
4 406 934 80 1361 
2 436 80 
1 80 
2 80 1496 
1 80 
2 4394 80 
3 80 1499 4073 
1 80 
1 80 
1 80 
3 4253 80 2922 
2 2474 80 
2 433 80 
2 4966 80 
2 3150 80 
3 4213 632 81 
2 4252 81 
1 81 
3 2143 4872 81 
1 81 
2 81 1322 
1 81 
2 4137 81 
2 167 81 
3 2751 81 5117 
1 81 
3 967 5440 81 
2 493 81 
2 3172 81 
2 1162 81 
1 81 
5 2708 2355 1678 1463 81 
4 5204 1376 3411 81 
2 2892 81 
1 81 
2 81 1823 
1 82 
1 82 
4 3258 4136 5236 82 
3 4859 5581 82 
1 82 
2 1123 82 
2 4744 82 
3 5383 613 82 
3 2181 1427 82 
2 83 4728 
1 83 
2 83 1191 
2 83 1326 
2 83 3274 
2 83 2399 
2 83 2682 
1 83 
4 83 3018 2558 5179 
2 83 240 
1 83 
1 84 
1 84 
3 3485 84 4009 
1 84 
1 84 
2 84 157 
2 84 3966 
2 84 1203 
2 84 4569 
2 84 2064 
1 84 
1 84 
2 84 2534 
5 3356 84 4043 2957 1991 
1 84 
1 84 
1 84 
1 84 
2 84 4912 
2 84 4663 
3 84 5400 1939 
2 84 391 
1 84 
1 84 
3 84 351 4296 
3 85 2414 3460 
3 1290 85 2138 
1 85 
1 85 
3 85 5110 2140 
1 85 
1 85 
1 85 
2 85 1757 
2 85 1838 
2 85 2912 
3 1015 218 85 
2 85 4404 
2 85 4685 
2 85 4033 
3 85 5371 2075 
2 85 3260 
3 85 4468 1482 
2 85 4891 
1 85 
2 85 401 
2 85 509 
3 86 140 123 
3 86 129 5597 
2 86 4048 
1 86 
1 86 
3 86 3673 2737 
5 3722 2616 86 702 3964 
1 86 
1 86 
4 86 1449 648 5207 
1 86 
3 86 4443 2758 
1 86 
1 86 
1 86 
1 86 
2 86 1063 
2 86 4759 
1 86 
1 86 
2 86 5316 
3 1219 86 4973 
1 86 
3 86 5513 4876 
2 86 1244 
2 5053 86 
3 86 2951 3330 
1 87 
2 87 2650 
3 87 1577 4813 
2 87 1787 
1 87 
2 87 2685 
4 4985 87 2444 4714 
3 87 5514 1310 
1 87 
1 87 
2 2640 88 
4 3374 88 1833 1089 
2 88 2434 
1 88 
2 88 3389 
3 579 88 5444 
4 88 2748 331 5551 
1 88 
2 2405 88 
3 3146 88 4692 
2 88 4748 
1 88 
2 88 3071 
2 4718 88 
2 88 4168 
2 3860 88 
2 89 1725 
2 4093 89 
5 89 1974 3829 4698 3076 
2 89 2304 
1 89 
2 89 3088 
1 89 
3 89 4045 4431 
3 545 89 3611 
4 89 5405 4370 3459 
2 2386 89 
3 5268 89 333 
1 89 
3 89 3624 5063 
1 89 
5 90 2283 5155 4013 3759 
3 829 90 4913 
2 90 2667 
1 90 
4 2071 90 2854 532 
1 90 
3 4510 90 2799 
3 4151 90 3289 
4 1702 90 5128 687 
2 90 2604 
2 618 90 
2 946 90 
3 2366 90 1393 
4 3023 90 892 3171 
2 5452 90 
4 3582 90 651 5192 
1 90 
1 90 
2 90 1390 
1 90 
3 5181 90 5232 
1 90 
2 2076 90 
3 1143 90 4416 
2 90 2686 
3 91 4845 3767 
4 91 2792 5273 4210 
1 91 
1 91 
4 5124 91 3503 2060 
1 91 
1 91 
1 91 
2 91 5392 
1 91 
1 91 
1 91 
2 91 5458 
2 91 4347 
1 91 
3 3986 91 1635 
4 4468 3106 91 2576 
2 91 3248 
3 1798 91 4726 
1 91 
2 91 4744 
1 91 
1 91 
3 91 554 558 
4 5450 91 5238 3872 
3 3278 91 3750 
3 91 3474 4478 
2 1542 91 
3 91 4521 1265 
4 91 4646 1912 1914 
1 91 
2 92 4950 
1 92 
2 4044 92 
4 92 1204 5095 3808 
2 2069 92 
1 92 
1 92 
2 3739 92 
4 3580 2171 92 1195 
5 261 5157 175 4379 92 
2 92 4065 
3 92 3323 4053 
4 4939 5338 92 4096 
2 92 2492 
2 1679 92 
3 2070 2353 92 
2 3356 92 
3 92 271 4370 
4 1291 92 1286 4374 
4 4643 93 3539 3999 
2 5465 93 
2 4113 93 
1 93 
1 93 
2 93 4694 
4 93 4453 1760 3230 
2 5250 93 
2 93 3175 
1 93 
2 93 4012 
3 4321 5398 93 
3 93 3547 1440 
1 93 
1 93 
1 93 
1 93 
2 3739 93 
1 93 
1 93 
4 1143 93 2596 5393 
1 93 
3 225 2752 94 
5 1136 4411 2678 94 4245 
2 94 4086 
1 94 
3 5425 94 2423 
5 1365 2616 1833 94 5041 
1 94 
2 94 5327 
1 94 
5 5148 2319 4646 94 1581 
4 5162 407 95 2995 
1 95 
1 95 
3 4263 1204 95 
3 3469 95 1893 
1 95 
1 95 
4 3915 4804 95 4542 
2 5562 95 
4 1687 1819 95 4652 
4 4770 950 5129 95 
2 5498 95 
1 95 
1 95 
3 4441 1636 95 
1 95 
4 95 632 2995 4458 
3 96 794 3035 
2 5255 96 
3 5005 96 2953 
2 5145 96 
2 439 96 
1 96 
1 96 
2 3375 96 
1 96 
5 96 556 3960 347 5316 
3 96 738 4933 
2 4682 96 
5 5159 96 4808 1255 5569 
2 96 1208 
2 96 2324 
1 96 
3 491 4404 96 
2 5310 96 
3 2504 96 5386 
1 96 
1 96 
4 159 2645 97 535 
3 4385 3610 97 
2 3779 97 
1 97 
3 4252 4418 97 
1 97 
4 1002 1506 97 4730 
3 4618 953 97 
1 97 
3 3724 4999 97 
3 97 3206 1321 
1 97 
3 4999 97 3685 
2 3215 98 
1 98 
3 3730 5274 98 
2 2276 98 
2 2570 98 
3 3943 340 98 
4 3236 3450 98 1893 
2 5384 98 
2 4351 98 
1 98 
2 525 98 
1 98 
1 98 
1 98 
2 98 3395 
2 4295 98 
4 2014 270 3030 98 
2 135 98 
4 1881 1828 4083 98 
2 4580 99 
2 1407 99 
2 3285 99 
1 99 
3 767 4423 99 
2 5097 99 
3 792 3853 99 
3 501 4656 99 
2 2738 99 
3 5140 5360 99 
4 868 4026 5048 99 
2 2234 99 
2 4039 99 
2 1454 99 
4 4962 3899 2739 99 
2 3200 99 
3 3693 3661 99 
1 99 
3 5101 99 1771 
5 2802 2884 2835 2444 99 
2 99 1771 
3 906 1157 99 
1 99 
2 2405 99 
1 100 
4 3488 3944 4877 100 
4 5424 4945 315 100 
1 100 
2 1197 100 
2 4783 100 
4 1444 1306 3506 100 
1 100 
3 2173 4475 100 
2 3909 100 
1 100 
2 3157 100 
4 431 2366 3276 100 
2 321 100 
3 4747 5194 100 
2 2312 100 
1 100 
4 2742 2404 4871 100 
1 100 
1 100 
1 100 
3 4693 1622 100 
1 100 
2 2702 100 
2 2664 101 
2 4920 101 
2 4425 101 
1 101 
2 5273 101 
3 118 3056 101 
1 101 
1 101 
2 1434 101 
3 727 3269 101 
2 4029 101 
3 3655 4182 101 
2 3665 101 
2 3415 101 
1 101 
2 4748 101 
2 469 101 
2 3410 101 
1 101 
1 101 
1 101 
1 101 
2 102 4130 
4 102 5505 3907 3895 
1 102 
2 102 3529 
4 102 2997 5351 3507 
1 102 
2 102 4033 
2 102 4392 
3 102 2976 3209 
1 102 
2 102 1704 
2 102 882 
3 102 1325 4803 
2 102 908 
1 102 
1 102 
1 102 
4 102 3079 4298 3614 
5 102 2356 2392 467 3169 
1 102 
3 102 5058 5455 
2 102 4165 
3 102 4162 513 
1 102 
1 102 
2 102 287 
1 102 
2 102 1615 
1 102 
2 103 385 
3 103 3493 3301 
3 103 2075 2079 
3 103 4203 636 
2 103 1310 
3 103 5534 5046 
1 103 
1 103 
1 103 
1 103 
1 103 
2 104 701 
1 104 
1 104 
1 104 
1 104 
2 104 5039 
3 104 3357 5353 
1 104 
2 104 820 
2 104 5323 
4 104 3338 152 1891 
1 104 
2 104 2692 
1 104 
3 5087 104 3215 
1 104 
1 104 
1 104 
3 104 2316 4366 
6 104 544 828 2113 190 3144 
2 104 654 
2 104 318 
3 105 2688 2479 
1 105 
2 105 1514 
2 105 3034 
2 1267 105 
2 105 5054 
3 105 2712 3945 
2 105 2463 
1 105 
2 105 775 
1 105 
2 105 2883 
1 105 
2 105 1011 
3 105 493 2364 
1 105 
2 105 4719 
2 105 3205 
1 105 
2 106 1476 
2 106 3633 
1 106 
1 106 
3 106 2655 421 
7 106 3861 2438 4835 347 1287 2760 
3 2672 106 4157 
2 106 3032 
1 106 
2 106 5233 
2 106 2554 
2 106 3712 
2 106 3165 
1 106 
1 106 
3 106 1746 625 
3 106 4239 4456 
4 5480 106 2870 4104 
3 106 3917 3544 
4 106 3359 4241 1611 
1 106 
3 106 1055 627 
1 106 
2 107 1061 
2 1777 107 
2 107 1788 
3 1721 107 4796 
1 107 
2 107 2264 
1 107 
4 1995 959 107 1642 
2 107 1739 
2 107 5518 
2 107 4822 
2 1995 107 
2 159 107 
3 107 4583 655 
3 107 931 5044 
1 107 
3 2843 107 5124 
1 107 
1 107 
4 4016 107 554 3500 
3 3578 5373 107 
1 107 
1 107 
1 107 
4 4189 107 4945 4564 
3 107 5044 4399 
1 107 
3 107 4606 4069 
2 5029 107 
1 108 
3 394 108 5166 
3 563 108 2413 
1 108 
3 108 5039 2537 
1 108 
2 108 5259 
2 108 2918 
3 108 4606 5314 
1 108 
3 5590 108 5346 
2 108 770 
1 108 
3 2530 108 4614 
4 2643 108 3202 1481 
1 108 
3 108 4203 2023 
3 2505 108 3074 
1 108 
3 109 4578 957 
2 109 2373 
2 1080 109 
3 3837 109 3451 
4 4998 109 5176 820 
1 109 
1 109 
1 109 
2 3726 109 
3 109 4777 2919 
2 109 5534 
1 109 
3 1290 2762 109 
1 109 
5 1234 4554 109 2788 818 
2 197 109 
1 109 
4 109 1097 5358 3288 
2 109 5597 
1 109 
2 109 4248 
2 109 735 
2 1628 109 
1 109 
3 1631 109 3979 
3 3274 110 3978 
1 110 
2 1564 110 
3 2572 110 334 
2 110 4407 
1 110 
1 110 
1 110 
2 110 4275 
3 5091 110 2556 
1 110 
2 110 865 
1 110 
1 110 
3 1303 110 363 
1 110 
3 2330 110 4450 
1 110 
2 110 4667 
2 110 4672 
1 110 
3 110 4579 798 
1 111 
2 111 654 
2 111 2422 
1 111 
1 111 
3 732 111 2800 
1 111 
2 111 873 
4 1290 111 1781 4228 
2 111 1450 
2 1926 111 
4 4306 111 4097 1492 
2 1137 111 
2 603 111 
2 111 4206 
1 111 
3 1278 111 2281 
1 111 
3 1056 112 1590 
1 112 
2 354 112 
3 3356 112 3872 
2 112 690 
1 112 
3 112 2692 4914 
2 563 112 
1 112 
1 112 
1 112 
1 112 
1 112 
3 5307 112 1004 
2 5578 112 
1 112 
1 112 
1 112 
2 112 4373 
1 112 
6 2642 5484 2432 113 384 208 
1 113 
1 113 
3 113 2735 5004 
2 113 691 
3 113 5194 2539 
3 113 3230 1050 
4 2963 4844 856 113 
1 113 
5 4806 5204 3623 2435 113 
1 113 
1 113 
1 113 
2 113 3323 
1 113 
2 113 2497 
1 113 
3 5548 113 2713 
1 113 
2 1419 113 
1 113 
2 113 5525 
2 4882 113 
2 395 114 
2 114 2648 
2 1041 114 
1 114 
2 965 114 
4 1095 114 4832 791 
1 114 
1 114 
4 2389 2885 3294 114 
1 114 
4 127 836 1905 114 
2 114 5083 
2 114 3887 
2 2881 114 
3 335 114 4487 
1 114 
2 2256 114 
2 5062 114 
2 114 360 
2 114 5021 
1 114 
1 114 
1 114 
2 114 4168 
4 2310 2806 3676 115 
1 115 
3 2529 4341 115 
2 3670 115 
1 115 
2 2508 115 
2 2985 115 
3 5126 115 2340 
2 115 2240 
4 147 2371 2680 115 
2 4097 115 
6 3148 5229 115 3160 358 3133 
1 115 
1 115 
1 115 
2 115 1242 
5 3042 4186 2073 115 3625 
2 2334 116 
1 116 
1 116 
1 116 
1 116 
3 327 204 116 
2 116 3626 
2 720 116 
1 116 
1 116 
2 116 672 
2 1878 116 
2 116 615 
2 5592 116 
1 116 
2 726 116 
3 116 3324 2179 
1 116 
2 1717 116 
1 116 
1 116 
3 1523 116 5294 
2 116 4725 
2 600 116 
1 116 
1 116 
2 117 3436 
2 117 1537 
3 4001 117 2581 
2 1122 117 
2 117 2651 
3 316 117 4654 
2 4384 117 
2 117 3052 
3 117 4677 678 
2 117 866 
3 2979 117 4673 
3 117 3706 4834 
1 117 
4 3857 3149 1705 117 
4 218 328 2454 117 
1 117 
2 5009 117 
2 117 3660 
1 118 
5 2248 331 768 118 3301 
2 1312 118 
3 1217 1933 118 
1 118 
3 4369 118 2400 
3 2847 4524 118 
2 2022 118 
1 118 
1 118 
3 2853 118 1823 
2 118 2496 
3 883 3991 118 
2 525 118 
1 118 
2 1855 118 
3 118 5331 1536 
3 3309 4100 118 
2 4743 119 
3 222 119 3290 
1 119 
3 119 3095 2157 
1 119 
1 119 
2 119 4489 
3 3250 2265 119 
1 119 
2 1135 119 
1 119 
3 1022 5112 119 
1 119 
2 2255 119 
1 119 
2 119 1530 
1 119 
2 119 322 
1 119 
2 119 4425 
2 119 5391 
2 491 119 
3 4645 4344 119 
3 690 120 5447 
3 4142 4581 120 
2 1413 120 
3 220 120 1788 
2 120 3663 
2 1577 120 
3 3059 1982 120 
2 120 2718 
1 120 
2 120 5299 
1 120 
3 1017 120 3636 
1 120 
3 4704 2414 120 
3 2040 2516 120 
1 121 
4 1930 1206 1729 121 
2 2621 121 
1 121 
3 3413 4006 121 
3 4986 121 596 
6 4113 5174 2257 121 879 4182 
2 121 4566 
2 2117 121 
3 2595 5440 121 
3 4213 2928 121 
2 4125 121 
1 121 
2 4972 121 
3 618 2853 121 
2 121 5046 
1 122 
1 122 
1 122 
1 122 
4 4305 422 206 122 
2 1712 122 
1 122 
2 4764 122 
4 3193 2232 3107 122 
1 122 
2 3493 122 
3 1982 3246 122 
1 122 
2 3607 122 
2 2884 122 
1 122 
1 122 
1 122 
2 1596 122 
3 2314 3339 122 
3 779 3593 123 
1 123 
3 1100 428 123 
2 1935 123 
3 1694 1917 123 
2 4915 123 
1 123 
1 123 
1 123 
2 3211 123 
2 4030 123 
2 1508 123 
4 4787 2099 2936 123 
3 1627 2363 123 
1 123 
1 123 
2 4747 123 
1 123 
1 123 
2 1543 123 
2 4137 123 
2 2165 123 
2 1818 123 
3 124 5204 5444 
1 124 
1 124 
2 3738 124 
3 124 4344 1356 
6 5222 5425 124 1183 3183 2460 
2 124 4218 
3 124 3349 531 
2 2201 124 
2 124 1403 
5 124 456 4859 1688 5584 
4 124 2210 3730 2561 
1 124 
2 124 5044 
3 124 2050 535 
2 124 5100 
3 306 124 2719 
1 124 
2 124 379 
1 124 
4 199 124 1913 1682 
4 124 4017 5234 697 
2 1180 124 
1 124 
2 125 5317 
1 125 
2 582 125 
2 125 1094 
2 125 3458 
2 125 912 
2 125 2305 
1 125 
3 125 1382 5539 
4 125 5307 884 3810 
1 125 
1 125 
3 125 1091 2429 
2 125 427 
3 125 4584 4751 
2 125 2033 
2 125 4044 
2 1442 125 
1 125 
2 2804 125 
3 3191 125 3159 
2 125 5348 
1 126 
1 126 
1 126 
2 126 4133 
2 126 1557 
2 126 3864 
1 126 
2 126 209 
3 126 3339 4587 
2 2026 126 
2 126 545 
2 3689 126 
1 126 
3 127 2696 3035 
1 127 
3 127 1168 689 
3 127 3601 1381 
3 2895 127 1330 
3 127 3714 4486 
1 127 
1 127 
1 127 
2 127 1786 
1 127 
1 127 
1 127 
2 127 2320 
2 127 2216 
2 4186 127 
2 127 164 
1 127 
3 127 5590 2900 
4 3399 515 128 1194 
1 128 
3 1290 128 1859 
4 5368 128 5234 2114 
3 3484 1055 128 
3 3727 128 1153 
2 128 2253 
2 128 3299 
2 128 4973 
3 4233 128 3646 
1 128 
4 4121 128 3531 737 
3 128 3673 1194 
4 5246 128 4777 5079 
2 128 2364 
2 128 446 
2 128 4812 
1 128 
2 128 5151 
2 3151 128 
2 128 510 
1 128 
1 128 
1 129 
1 129 
3 2586 129 5032 
1 129 
4 2250 3446 129 4519 
2 129 2110 
3 3103 2614 129 
2 129 3009 
1 129 
3 129 1614 3161 
3 129 4993 558 
1 129 
4 2101 129 1279 3270 
2 129 3525 
3 2206 129 321 
1 129 
2 129 5000 
2 129 779 
1 129 
3 4804 129 2908 
2 130 4140 
4 3936 5592 130 1453 
3 5161 1468 130 
2 130 3660 
2 947 130 
2 3778 130 
2 130 3439 
2 130 2780 
1 130 
4 130 2055 3287 1392 
2 130 4995 
5 130 1169 2150 3548 921 
1 130 
3 130 1127 1599 
2 130 2837 
1 130 
4 130 2435 4291 4350 
1 130 
4 581 4122 130 454 
2 2722 130 
1 131 
4 182 131 5129 5296 
2 131 4993 
2 517 131 
1 131 
3 1879 131 1286 
2 131 815 
2 2144 131 
1 131 
2 131 4803 
1 131 
4 131 1758 1391 697 
1 131 
1 131 
1 131 
3 729 131 4384 
3 2293 131 3169 
1 131 
1 131 
2 4199 131 
3 3106 1189 132 
2 2527 132 
1 132 
3 132 210 4876 
2 132 4911 
1 132 
2 132 1289 
1 132 
1 132 
2 132 4073 
3 4192 2374 132 
3 132 1812 798 
3 4556 132 3026 
3 809 132 2624 
2 132 3390 
1 132 
1 132 
3 519 132 5024 
3 132 4143 5405 
3 2610 132 1726 
1 132 
1 132 
2 2621 132 
1 132 
2 732 132 
2 133 2604 
2 5077 133 
1 133 
2 348 133 
2 2531 133 
2 133 5421 
3 1655 1819 133 
1 133 
2 1420 133 
3 133 238 4934 
2 133 3462 
4 2367 133 4457 2607 
1 133 
2 5575 133 
2 133 2598 
1 133 
3 1400 133 4568 
2 133 3626 
1 133 
2 133 3207 
3 1201 133 5457 
2 3340 133 
2 291 134 
1 134 
1 134 
2 525 134 
4 3253 603 134 3912 
2 767 134 
1 134 
1 134 
2 1686 134 
1 134 
2 2201 134 
2 134 2111 
5 4680 134 1457 4453 345 
5 1862 134 2914 3289 5539 
3 134 3324 5580 
1 134 
5 2225 927 134 5154 3589 
3 847 831 134 
2 1677 134 
2 2295 134 
1 134 
2 178 135 
1 135 
2 2049 135 
1 135 
1 135 
1 135 
1 135 
1 135 
1 135 
2 4192 135 
3 135 3093 188 
3 1942 135 4391 
3 4704 135 1462 
1 135 
2 1719 135 
1 135 
2 2817 135 
2 135 4249 
1 136 
2 2051 136 
2 136 5366 
3 283 4820 136 
3 1450 3823 136 
2 5572 136 
2 136 3811 
3 1815 3344 136 
1 136 
3 136 2257 4564 
1 136 
2 136 1597 
2 136 186 
1 136 
2 136 1681 
3 136 697 1741 
1 136 
2 2026 136 
2 4016 136 
1 136 
4 5061 136 590 3035 
4 2187 2016 136 4008 
1 136 
1 137 
1 137 
4 2483 1018 137 3893 
1 137 
2 3109 137 
1 137 
2 633 137 
3 3110 137 5243 
3 1450 137 1941 
1 137 
1 137 
1 137 
1 138 
1 138 
2 138 1577 
2 338 138 
2 138 2797 
1 138 
3 4593 2032 138 
2 138 2218 
1 138 
1 138 
1 138 
1 138 
2 2357 138 
4 3536 138 2440 3565 
2 138 1363 
2 4381 138 
2 139 2564 
1 139 
1 139 
1 139 
1 139 
1 139 
1 139 
3 139 3629 3589 
1 139 
2 2804 139 
1 139 
2 2810 139 
1 139 
2 2204 139 
1 139 
3 1654 4311 139 
2 1902 139 
4 3240 139 1908 3013 
1 140 
1 140 
2 1935 140 
1 140 
3 140 2777 5539 
1 140 
2 140 344 
1 140 
2 1692 140 
2 829 140 
3 140 2838 3329 
5 623 5230 1570 140 4054 
2 1814 140 
1 140 
1 140 
2 4726 140 
2 4197 140 
2 5593 140 
2 1660 140 
1 140 
4 4659 2050 140 3961 
2 3591 141 
3 747 2128 141 
1 141 
2 489 141 
1 141 
2 5419 141 
2 587 141 
2 4653 141 
2 4084 141 
1 141 
1 141 
1 141 
1 141 
2 3550 141 
1 141 
1 141 
2 2744 141 
1 141 
2 939 141 
3 2552 2850 141 
1 142 
2 142 5516 
1 142 
1 142 
1 142 
1 142 
2 142 5584 
5 561 142 5563 2130 3906 
1 142 
1 142 
2 142 4864 
2 142 1743 
2 142 3739 
1 142 
2 142 687 
2 142 349 
2 142 2710 
1 142 
3 142 1723 4626 
5 142 3405 2168 1044 3129 
2 142 4589 
3 143 1913 5462 
3 143 4217 537 
3 143 2731 2467 
2 3118 143 
2 143 2248 
1 143 
1 143 
1 143 
2 143 2733 
3 143 5228 4911 
3 143 5264 1389 
1 143 
1 143 
2 143 1179 
1 143 
6 144 5104 3783 4696 5297 2669 
2 144 1269 
1 144 
1 144 
1 144 
1 144 
1 144 
3 144 1092 4055 
1 144 
1 144 
1 144 
4 4113 144 5343 650 
2 144 275 
2 144 4070 
3 144 4968 3845 
2 144 3731 
1 144 
1 144 
3 144 4757 1913 
2 714 144 
2 144 2559 
3 144 2750 5291 
1 144 
6 3041 144 716 929 4006 2915 
2 145 3422 
3 145 1203 3138 
3 145 4902 2084 
2 145 1371 
2 145 3984 
1 145 
2 145 2315 
2 145 182 
4 145 1379 3301 1073 
2 145 2780 
1 145 
1 145 
3 145 2319 2379 
3 145 1721 3302 
1 145 
2 145 4127 
1 145 
1 145 
1 145 
1 145 
2 146 4430 
2 146 1328 
2 146 1173 
4 1369 146 288 4454 
1 146 
1 146 
2 146 289 
1 146 
2 146 4444 
2 146 2062 
3 146 4096 3392 
1 146 
1 146 
3 5050 146 1387 
3 146 851 3950 
2 146 1373 
2 146 1210 
2 5251 147 
1 147 
1 147 
4 396 147 3501 2237 
1 147 
2 147 2037 
5 147 2395 4312 4023 1913 
4 147 2232 5144 603 
1 147 
2 147 3172 
1 147 
2 147 1199 
2 821 147 
1 147 
3 148 4070 1579 
2 148 915 
1 148 
3 823 148 2487 
1 148 
2 148 4830 
3 148 3341 1128 
3 5467 3860 148 
2 148 2501 
3 148 3565 4248 
1 148 
2 148 4484 
2 3639 148 
1 148 
2 149 255 
1 149 
2 149 2544 
1 149 
1 149 
1 149 
3 149 1637 5391 
2 800 149 
2 2645 149 
3 149 191 2840 
1 149 
1 149 
2 149 2104 
3 2125 149 3011 
1 149 
1 149 
2 149 1556 
1 150 
4 150 5175 272 1069 
2 1250 150 
1 150 
1 150 
3 3880 150 2375 
1 150 
2 4979 150 
2 4920 150 
3 150 4584 3354 
1 150 
2 998 150 
1 150 
2 150 2413 
3 150 479 4011 
1 150 
2 150 3171 
3 4351 150 4835 
1 150 
3 5591 5431 150 
4 5374 151 4325 5342 
3 405 151 4707 
3 151 3537 1333 
2 151 4673 
3 3882 151 3073 
3 151 1124 879 
2 5124 151 
2 5225 151 
4 786 151 1127 1675 
1 151 
2 1843 151 
1 151 
1 151 
2 151 5390 
2 151 1615 
3 4842 151 415 
1 152 
1 152 
3 3404 1277 152 
1 152 
2 2208 152 
1 152 
3 3945 152 3039 
3 5137 4578 152 
3 668 152 3459 
2 152 1152 
1 152 
4 5118 749 152 5262 
1 152 
1 152 
1 152 
3 4357 1224 152 
1 152 
3 1972 152 3657 
3 165 152 4385 
3 5380 152 4608 
4 3047 2301 153 4543 
2 4281 153 
3 604 153 4316 
1 153 
1 153 
1 153 
3 2254 153 5587 
2 153 4591 
2 4321 153 
3 1076 446 153 
2 3786 153 
1 153 
1 153 
2 3784 153 
3 1351 651 153 
1 153 
3 1824 153 1840 
3 761 3703 154 
3 1968 3704 154 
2 4049 154 
2 154 4880 
2 4048 154 
2 3589 154 
1 154 
1 154 
1 154 
2 888 154 
1 154 
1 154 
2 986 154 
3 2532 1491 154 
1 154 
2 154 2919 
1 154 
2 154 2739 
2 4852 154 
1 154 
2 3879 155 
1 155 
3 5577 1599 155 
4 5288 786 4159 155 
3 1306 155 4700 
2 5273 155 
1 155 
3 1730 155 613 
2 4237 155 
1 155 
2 2597 155 
3 5555 324 155 
2 3708 155 
1 155 
2 1891 155 
3 3785 3413 155 
3 4757 2052 155 
1 155 
3 2029 3343 155 
6 2483 1841 4428 2691 3769 155 
2 3589 155 
2 4846 155 
2 3561 155 
3 4511 2965 155 
3 306 1166 156 
3 572 156 2840 
2 2264 156 
1 156 
2 5414 156 
1 156 
3 3641 4388 156 
4 5221 2979 3942 156 
2 156 4375 
1 156 
4 4558 426 3812 156 
4 3940 3431 156 1535 
2 2298 156 
3 5179 4029 156 
2 218 156 
3 607 5524 156 
3 1947 1275 156 
2 5565 157 
1 157 
4 2356 286 5521 157 
3 349 3419 157 
1 157 
1 157 
1 157 
3 906 4797 157 
2 5443 157 
3 4998 4142 157 
1 157 
2 4246 157 
1 157 
3 4492 3212 157 
3 4436 1698 157 
4 708 3719 3349 157 
5 4041 2947 3626 4913 157 
2 157 2114 
2 5347 157 
3 1704 4171 157 
1 157 
2 560 157 
2 158 1981 
2 158 942 
1 158 
1 158 
1 158 
1 158 
4 5394 158 3493 4139 
2 158 4591 
1 158 
5 158 3937 3428 1707 4888 
1 158 
1 158 
3 158 3598 3922 
1 158 
2 158 2663 
2 158 690 
2 158 2330 
2 158 501 
4 158 990 4129 363 
2 158 4223 
1 158 
1 158 
2 158 3994 
3 159 4792 4872 
2 159 2531 
4 159 3514 3298 4896 
2 159 3836 
4 159 2585 4887 1758 
3 159 3532 2389 
1 159 
2 159 2698 
2 159 2701 
2 159 5314 
1 159 
1 159 
1 159 
1 159 
1 159 
3 159 3729 4592 
2 160 2805 
2 160 1041 
1 160 
1 160 
2 160 1368 
1 160 
2 160 3353 
1 160 
3 4732 160 396 
1 160 
3 821 160 4129 
3 160 1030 2800 
3 160 4448 4011 
2 160 5156 
1 160 
3 160 5325 2259 
2 160 4679 
3 160 3858 4795 
2 160 4920 
2 160 5186 
2 160 2842 
2 160 1270 
1 160 
2 160 1293 
2 160 4858 
1 160 
2 160 2023 
1 160 
2 161 1695 
2 161 604 
3 161 5036 2259 
3 161 2304 5281 
3 161 1141 1560 
2 161 2521 
3 161 4067 3543 
2 161 842 
2 161 1370 
1 161 
2 161 1294 
3 5448 161 1929 
2 161 4527 
3 161 4119 2468 
2 161 2259 
3 161 432 2534 
1 161 
1 161 
1 161 
2 161 2057 
3 161 5285 992 
2 161 174 
1 161 
3 161 1982 2581 
1 161 
4 563 161 1730 2939 
6 161 305 3745 3307 2887 1574 
2 161 4342 
2 161 4198 
3 161 1800 3229 
1 162 
2 162 5505 
2 162 5254 
2 162 277 
2 1304 162 
2 162 4106 
5 162 4497 1458 5443 1515 
3 2429 162 404 
2 162 1472 
2 162 5471 
2 5247 162 
1 162 
1 162 
2 162 1227 
1 162 
2 163 2468 
1 163 
3 163 2389 5515 
2 4509 163 
2 163 3805 
1 163 
2 163 3704 
2 1503 163 
2 163 1434 
3 163 927 1909 
1 163 
2 163 2111 
2 3576 163 
2 163 534 
2 163 2043 
2 163 1872 
4 163 1085 3807 2629 
3 4039 163 1378 
3 163 3363 1972 
2 163 609 
2 164 2410 
4 289 164 1419 3070 
1 164 
1 164 
3 1875 164 2018 
1 164 
2 164 5405 
2 164 5213 
2 3387 164 
1 164 
3 165 524 5258 
1 165 
1 165 
2 1202 165 
2 3739 165 
3 165 4275 5299 
1 165 
1 165 
2 165 3175 
3 2207 1798 165 
3 883 165 1432 
2 165 835 
3 165 207 3681 
2 983 165 
1 166 
4 5414 1881 166 4382 
1 166 
1 166 
1 166 
3 166 2739 5317 
3 4411 910 166 
1 166 
1 166 
5 5163 166 605 3793 1228 
3 1501 166 5045 
2 166 2392 
2 3263 166 
6 3400 4844 166 1759 900 1362 
3 166 3497 4278 
3 2334 167 322 
2 1122 167 
1 167 
2 2636 167 
3 5073 167 3299 
1 167 
1 167 
2 1279 167 
2 1584 167 
2 5497 167 
2 167 1643 
1 167 
2 167 3634 
2 167 3247 
2 4571 167 
1 167 
2 5017 167 
1 167 
3 5465 4842 167 
4 3918 1951 167 5276 
4 4886 2537 167 591 
1 167 
1 167 
2 168 4591 
3 2141 1595 168 
1 168 
3 1930 3414 168 
1 168 
2 168 1767 
1 168 
2 168 4933 
1 168 
2 490 168 
2 3357 168 
1 168 
3 4860 1896 168 
2 168 5421 
3 5121 2554 168 
3 3453 2133 168 
4 4899 2645 1724 168 
2 2328 168 
1 169 
1 169 
1 169 
2 2232 169 
1 169 
2 169 3771 
2 4363 169 
3 3104 3900 169 
4 476 3254 2509 169 
1 169 
4 1994 2310 2849 169 
3 5265 2854 169 
2 5140 169 
2 4671 170 
2 802 170 
2 313 170 
3 4198 170 3172 
2 3535 170 
2 170 2326 
2 263 170 
1 170 
2 770 170 
1 170 
2 170 3393 
1 170 
1 170 
1 170 
1 170 
1 170 
1 170 
1 170 
2 604 170 
3 2214 170 1784 
3 2646 2281 170 
1 170 
2 757 170 
1 170 
3 4821 3960 170 
3 2750 3630 170 
2 170 1675 
1 170 
3 3360 4407 170 
3 605 5419 171 
2 4000 171 
3 265 1041 171 
1 171 
1 171 
4 4460 2014 3907 171 
4 1171 171 2478 2400 
2 171 2631 
2 2898 171 
2 4312 171 
2 171 3034 
3 2678 4744 171 
3 587 3347 171 
1 171 
2 3345 171 
1 171 
5 4957 2431 420 171 3072 
1 171 
2 3415 171 
1 171 
3 3124 386 171 
4 4464 5288 2932 171 
1 172 
4 2184 1615 172 1789 
5 3863 2010 3283 172 5535 
1 172 
2 172 2064 
2 172 3332 
2 4412 172 
4 1447 172 4915 4528 
3 321 172 3209 
1 172 
2 1077 172 
1 172 
1 172 
3 1151 4585 172 
1 172 
1 172 
1 172 
1 172 
2 3523 172 
2 1687 173 
2 1848 173 
1 173 
2 806 173 
1 173 
2 1087 173 
1 173 
2 4858 173 
1 173 
1 173 
2 1125 173 
1 173 
4 4737 5578 855 173 
2 174 3219 
3 174 5450 4359 
3 174 1690 5235 
2 174 2599 
3 174 3488 3885 
5 174 761 5237 2871 3962 
4 174 3764 3314 5509 
1 174 
3 174 1889 1130 
1 174 
3 174 794 4914 
2 174 4230 
3 2502 175 768 
3 175 860 3248 
1 175 
1 175 
2 175 4820 
3 175 2961 4180 
3 175 3644 2800 
2 5264 175 
2 175 4180 
2 175 4372 
1 175 
2 175 1959 
4 175 1282 1578 3914 
1 175 
4 175 2369 1143 3031 
3 3276 175 534 
6 175 4321 1955 913 3993 3351 
3 175 4418 3545 
3 175 3691 4167 
2 175 4226 
3 3060 175 1254 
1 175 
1 176 
3 2841 4150 176 
1 176 
2 176 4404 
1 176 
1 176 
1 176 
3 176 3088 779 
1 176 
1 176 
3 742 176 3051 
3 5425 176 3763 
2 176 4698 
2 1105 176 
2 176 5077 
3 2291 3488 176 
1 176 
1 176 
2 176 2551 
1 176 
1 177 
2 177 3909 
2 177 5154 
1 177 
2 177 5126 
2 2529 177 
2 177 1522 
1 177 
2 4038 177 
4 177 1881 5094 862 
3 2119 177 4885 
1 177 
2 177 3288 
1 177 
1 177 
1 177 
1 177 
3 177 2452 3592 
4 177 2967 3928 1711 
6 1627 3576 177 4285 949 1380 
1 177 
6 177 5321 4515 2620 4405 482 
1 178 
2 178 3468 
1 178 
2 178 235 
2 178 1508 
2 3464 178 
3 178 1828 3535 
1 178 
1 178 
2 178 4520 
2 178 3541 
3 178 3603 1768 
3 178 4969 4459 
1 178 
1 178 
1 178 
2 178 4802 
2 178 5090 
2 178 5074 
1 178 
2 178 4552 
4 944 2506 179 4491 
3 1604 179 4381 
1 179 
1 179 
4 1919 179 3436 3391 
2 489 179 
2 179 1216 
1 179 
3 4865 179 408 
4 1994 179 3085 2391 
1 179 
1 179 
2 179 4607 
2 179 3249 
1 179 
1 179 
3 179 479 2087 
2 2881 179 
1 179 
2 1746 179 
1 179 
2 4775 179 
2 1924 179 
2 1968 179 
1 179 
1 179 
1 179 
1 180 
1 180 
2 180 4457 
2 3104 180 
2 180 1022 
2 4376 180 
1 180 
1 180 
3 180 1402 5407 
1 180 
1 180 
1 180 
3 180 235 3373 
2 180 4067 
4 180 685 5312 2538 
1 180 
1 180 
2 180 1337 
2 1967 180 
3 4392 181 4444 
3 5349 181 2513 
2 3107 181 
1 181 
3 181 3535 365 
5 3308 3469 181 3534 4877 
3 181 1243 2719 
2 2945 181 
2 181 3997 
3 1792 181 361 
2 181 1196 
2 181 3473 
4 1057 5487 181 3901 
3 3152 4776 181 
2 181 2063 
3 181 5147 3416 
1 181 
2 181 1804 
2 181 2556 
3 4288 181 4624 
2 182 2774 
1 182 
3 182 4933 471 
2 182 1525 
2 182 586 
1 182 
3 182 4445 4296 
1 182 
1 182 
3 182 448 657 
3 1109 182 4782 
2 182 3038 
2 1143 182 
4 4863 182 3566 3614 
1 182 
3 182 2901 2719 
3 1038 182 3563 
1 182 
2 501 182 
1 182 
3 1239 182 4545 
1 182 
1 182 
1 183 
2 3583 183 
2 1338 183 
3 183 3203 3460 
2 516 183 
4 5145 183 2088 4568 
1 183 
3 1220 183 1781 
2 183 3968 
2 183 1732 
2 3574 183 
3 5412 5264 183 
3 183 718 3791 
3 5485 183 1097 
3 4443 183 5342 
1 183 
5 2729 183 3001 2648 3036 
1 183 
2 2761 183 
3 521 183 3458 
3 2401 183 1125 
1 184 
1 184 
2 184 4610 
1 184 
3 184 3091 1029 
1 184 
1 184 
3 2486 184 5258 
2 184 4147 
2 3474 184 
1 184 
2 184 866 
2 184 5067 
3 803 184 2394 
1 184 
2 4577 184 
3 1863 184 4709 
4 3641 647 184 1710 
2 184 1508 
2 184 4656 
3 184 1981 3563 
1 184 
1 185 
1 185 
1 185 
1 185 
1 185 
2 185 794 
2 185 4293 
2 2210 185 
3 185 1715 1245 
2 185 2264 
6 1104 2271 5123 185 2627 3073 
3 3917 185 4746 
1 185 
3 2729 4560 185 
3 4439 185 3329 
1 185 
1 185 
2 2046 185 
4 3262 5453 185 5583 
1 185 
3 185 2361 5314 
4 785 4064 5061 186 
2 5005 186 
2 186 2904 
1 186 
3 3046 186 3611 
2 4514 186 
2 1502 186 
3 222 3405 186 
1 186 
2 2511 186 
2 4217 186 
1 186 
2 5558 186 
1 186 
2 186 1264 
1 186 
1 186 
2 268 186 
2 1953 186 
1 186 
2 186 2976 
3 3800 1351 186 
1 186 
3 2548 186 2308 
2 186 1910 
2 5402 186 
3 2354 186 5359 
1 186 
4 1954 4021 187 877 
1 187 
1 187 
3 1240 187 1432 
1 187 
2 2251 187 
2 5137 187 
1 187 
3 1654 2514 187 
2 5153 187 
1 187 
2 2248 187 
2 187 4654 
2 187 4107 
1 187 
1 187 
3 187 4316 3233 
2 984 187 
3 4364 187 388 
1 187 
2 187 1874 
2 187 616 
1 187 
1 188 
5 1484 4805 188 4874 2481 
1 188 
2 188 3417 
1 188 
2 188 1910 
1 188 
1 188 
1 188 
2 384 188 
1 188 
1 188 
1 188 
1 188 
1 188 
4 2996 219 1099 188 
3 2997 3197 188 
2 1207 188 
3 1527 2302 188 
1 188 
3 3028 188 5243 
2 681 188 
2 189 3852 
3 189 3975 5114 
2 2056 189 
1 189 
2 2488 189 
2 941 189 
2 1179 189 
1 189 
1 189 
2 189 3072 
3 970 339 189 
1 189 
3 1655 319 190 
1 190 
2 1871 190 
2 3985 190 
3 714 2124 190 
3 2507 1227 190 
2 1283 190 
3 190 3911 3117 
4 1877 4623 2435 190 
2 2832 190 
2 5375 190 
1 190 
1 190 
3 4447 1314 190 
1 190 
2 738 190 
4 4804 2427 1033 191 
6 1780 3225 1224 2793 1809 191 
2 1528 191 
2 4662 191 
1 191 
2 5217 191 
2 5212 191 
4 826 3758 191 3172 
1 191 
2 5006 191 
2 5385 191 
4 327 467 4652 191 
2 1767 191 
1 191 
1 191 
2 492 191 
2 5013 191 
1 191 
3 1368 5013 191 
2 1460 191 
3 805 3745 191 
5 1717 4865 5592 191 4855 
1 192 
4 4830 4584 3891 192 
1 192 
2 3432 192 
3 433 3393 192 
3 5287 1239 192 
2 4325 192 
2 1742 192 
1 192 
4 948 3864 3035 192 
2 4026 192 
2 3296 192 
2 5178 192 
1 192 
2 356 192 
1 193 
2 194 193 
3 4780 3894 193 
2 2550 193 
2 1864 193 
2 4698 193 
1 193 
2 4271 193 
2 2817 193 
4 679 2992 5067 193 
4 4207 3031 5331 193 
2 2989 193 
1 193 
2 3970 193 
2 3889 193 
1 193 
3 3585 1157 193 
1 193 
2 3244 193 
1 194 
2 194 1257 
1 194 
2 194 3830 
3 194 1446 1351 
2 194 768 
2 194 3658 
3 194 3816 3879 
2 194 1291 
2 194 5279 
1 194 
2 194 3195 
1 194 
2 194 3207 
2 194 1776 
2 194 4364 
2 194 2457 
3 194 5319 2677 
2 194 3050 
2 195 305 
2 195 4368 
3 195 4597 5459 
2 195 3801 
1 195 
1 195 
1 195 
2 195 4089 
1 195 
2 195 3915 
2 195 2675 
1 195 
3 195 3884 4399 
1 195 
2 195 1239 
1 195 
3 195 1704 832 
2 195 3797 
3 195 1054 1020 
1 196 
1 196 
1 196 
1 196 
2 196 3105 
3 196 2119 1214 
1 196 
1 196 
1 196 
2 196 3891 
2 196 1536 
2 196 3964 
2 196 1518 
2 196 2831 
2 196 5432 
1 196 
1 196 
1 196 
1 196 
2 196 4835 
3 3710 196 5242 
2 196 1900 
1 196 
4 196 1449 4254 4578 
1 196 
2 197 2304 
2 197 3135 
2 197 4886 
7 197 5145 2899 875 3974 4530 1701 
2 197 2050 
2 197 764 
4 197 222 3357 5431 
5 197 4367 2475 3769 4505 
2 197 5177 
1 197 
2 197 445 
1 197 
1 197 
2 197 415 
2 197 4017 
3 197 2184 1766 
2 198 1123 
2 198 4638 
1 198 
1 198 
3 198 4764 1426 
1 198 
3 3016 198 3801 
3 198 2928 345 
2 198 5090 
3 198 759 2947 
1 198 
2 198 3825 
2 198 3391 
1 198 
3 198 2236 4613 
1 198 
2 198 3789 
4 1105 198 4533 1391 
4 5368 198 3761 3841 
2 198 837 
2 198 2696 
2 198 3777 
5 198 1965 5073 5278 4349 
1 199 
2 199 5091 
2 199 4148 
2 199 1908 
2 199 3298 
2 199 3542 
2 199 4739 
1 199 
1 199 
3 199 5397 4331 
4 5247 4735 199 2788 
4 1965 199 3338 4109 
1 199 
4 199 3442 1927 712 
1 199 
4 199 3729 5432 1353 
3 2636 199 5267 
1 199 
2 199 3411 
3 200 1831 3822 
1 200 
3 200 3627 2063 
3 200 1526 3269 
2 5399 200 
3 759 200 1012 
2 4575 200 
4 4791 887 200 3091 
2 4119 200 
5 4982 4535 200 5597 4615 
1 200 
2 200 1013 
2 4569 200 
3 200 4022 3459 
1 200 
2 200 4745 
2 200 5100 
1 200 
2 200 4828 
2 747 200 
2 201 4946 
4 2546 1077 201 1255 
2 201 3088 
3 201 3956 790 
2 4573 201 
2 201 3051 
2 201 4222 
3 4886 3047 201 
3 1880 5470 201 
4 1919 201 1174 5194 
4 849 2032 2965 201 
2 1164 201 
1 201 
1 201 
3 664 201 920 
2 201 2875 
1 202 
3 202 5419 5156 
1 202 
1 202 
1 202 
2 3938 202 
3 5413 202 4530 
2 202 756 
3 202 4519 5521 
3 1850 202 3328 
2 202 2760 
3 202 5174 3392 
1 202 
3 1655 202 3843 
1 203 
2 1608 203 
1 203 
4 3581 203 973 899 
1 203 
4 3788 203 4672 5042 
1 203 
1 203 
1 203 
3 3860 203 4674 
2 3711 203 
1 203 
1 203 
2 2141 203 
3 584 203 2140 
1 203 
1 204 
2 5431 204 
1 204 
3 742 2845 204 
2 3725 204 
4 1015 204 913 1757 
1 204 
1 204 
2 204 4530 
1 204 
2 204 2321 
2 204 5526 
3 4938 204 3415 
2 204 3101 
2 5479 204 
2 204 4316 
3 981 204 3538 
2 4944 204 
2 1792 204 
4 3334 266 205 5329 
3 2293 205 4386 
1 205 
2 4669 205 
1 205 
1 205 
3 2369 205 2840 
3 5429 205 1295 
2 205 2692 
2 1604 205 
1 205 
4 205 3130 2937 5277 
2 1802 205 
3 1717 4289 205 
1 205 
1 206 
4 206 2087 2689 358 
4 626 206 3871 2445 
1 206 
1 206 
1 206 
2 3665 206 
2 206 3928 
3 4035 2884 206 
2 4667 206 
1 206 
4 1904 206 3770 1333 
2 206 1068 
2 505 206 
4 4900 1952 206 3053 
5 2411 206 4311 4373 778 
2 206 5260 
3 5011 206 796 
4 1970 1641 206 1381 
1 206 
2 207 4023 
4 4150 547 207 4707 
2 4691 207 
3 3449 207 4207 
3 207 1906 3208 
2 207 368 
2 207 3073 
2 5145 207 
3 1615 207 573 
3 1775 207 2464 
2 1709 207 
2 207 1152 
1 207 
4 1651 3000 207 4503 
3 2998 207 4245 
1 207 
2 1042 207 
2 1060 207 
2 207 1784 
2 2751 207 
2 2824 207 
2 763 207 
1 207 
1 207 
2 4265 207 
2 1123 207 
1 208 
1 208 
1 208 
2 3637 208 
3 208 1783 5317 
1 208 
4 3152 420 208 3524 
3 4721 208 4130 
2 208 2095 
4 2892 2830 208 1088 
3 828 208 4878 
1 208 
3 2594 208 1552 
1 209 
3 1373 209 1510 
1 209 
1 209 
2 622 209 
1 209 
1 209 
1 209 
2 1398 209 
3 4922 209 1893 
2 2769 209 
2 4981 209 
2 1816 209 
1 209 
1 209 
3 4169 3820 209 
1 210 
1 210 
2 210 738 
3 1703 210 4297 
3 1254 210 5583 
1 210 
4 435 2871 210 1785 
3 2174 2258 210 
2 210 1214 
2 838 210 
3 1475 210 2326 
1 210 
3 210 4133 5156 
1 210 
3 5395 210 2062 
1 210 
2 3181 210 
2 3678 210 
1 210 
2 3907 210 
1 210 
1 211 
1 211 
5 1794 2371 2828 5191 211 
1 211 
2 211 4349 
2 4759 211 
2 1055 211 
1 211 
3 3923 3159 211 
1 211 
2 2513 211 
4 5291 211 2563 798 
2 5502 211 
1 211 
3 4907 2376 211 
1 211 
2 2856 211 
3 904 211 1012 
3 3128 211 3097 
3 1964 4068 211 
1 211 
1 211 
4 1059 2473 4102 211 
1 212 
1 212 
2 1584 212 
3 1568 212 2421 
1 212 
3 3085 212 5409 
4 2545 1043 455 212 
1 212 
4 2351 3066 859 212 
3 4643 2603 212 
2 212 4615 
2 4754 212 
1 212 
2 3602 212 
4 3898 4246 1213 212 
1 212 
4 4036 3422 4372 213 
2 1724 213 
1 213 
1 213 
2 5172 213 
1 213 
2 4553 213 
3 543 2051 213 
1 213 
2 3019 213 
1 213 
2 5059 213 
2 1986 213 
1 213 
2 213 758 
2 1985 213 
1 213 
4 3417 820 213 977 
3 2247 1700 213 
2 214 4089 
1 214 
3 4451 3076 214 
1 214 
3 1256 695 214 
2 4628 214 
1 214 
2 5507 214 
2 450 214 
2 869 214 
1 214 
5 3404 3407 214 799 1196 
1 214 
3 2371 1953 214 
1 215 
2 5016 215 
3 5017 4731 215 
3 2498 2264 215 
2 632 215 
1 215 
2 2092 215 
1 215 
2 1368 215 
3 2595 2662 215 
3 5283 4826 215 
2 1425 215 
2 1351 215 
2 5053 215 
3 1053 2756 215 
4 493 3307 3174 215 
2 2584 215 
2 877 215 
2 1442 215 
1 215 
4 1996 520 2113 215 
3 5554 1041 215 
1 215 
3 4786 2177 215 
3 4038 3785 215 
2 5167 215 
1 215 
2 1743 215 
1 215 
2 216 4628 
4 216 1561 2375 4837 
2 216 694 
2 216 1313 
1 216 
5 216 2803 3647 5437 4880 
3 216 2430 5262 
1 216 
3 216 5460 1535 
1 216 
2 216 3941 
3 216 594 3098 
1 216 
1 216 
2 216 3418 
1 216 
2 216 2171 
2 216 325 
2 216 3398 
1 216 
1 216 
2 217 2511 
2 217 387 
1 217 
2 217 573 
2 217 3024 
1 217 
3 217 1471 2061 
3 217 929 1171 
2 217 2064 
1 217 
1 217 
2 217 4632 
4 217 1815 5142 4049 
3 217 3068 4148 
1 217 
4 217 555 2136 2901 
2 217 2670 
1 217 
1 217 
3 218 1562 1866 
2 218 1556 
2 218 3855 
1 218 
2 218 1225 
1 218 
2 218 510 
2 218 4785 
1 218 
2 218 4501 
3 218 5071 4721 
2 219 1827 
1 219 
3 219 5145 4059 
1 219 
3 219 5467 248 
1 219 
2 219 1166 
1 219 
2 219 3782 
2 219 4478 
1 219 
1 219 
4 219 2149 5416 3226 
2 219 669 
1 219 
2 219 3249 
2 539 219 
1 220 
2 2980 220 
2 220 4290 
1 220 
1 220 
2 220 3460 
1 220 
1 220 
2 220 3549 
2 220 4013 
2 4282 220 
2 220 2561 
1 220 
3 220 545 3622 
1 220 
2 220 1890 
3 220 3556 1626 
2 220 4093 
2 220 1981 
1 220 
1 220 
2 220 4336 
2 220 629 
2 220 4668 
2 221 391 
3 945 221 2385 
2 221 2174 
1 221 
2 4817 221 
1 221 
1 221 
3 221 2737 4030 
5 433 221 1519 3342 2884 
2 922 221 
3 221 1001 5154 
2 4480 221 
5 221 2981 643 3681 3996 
1 221 
1 221 
1 221 
1 222 
5 222 1803 4968 2987 3415 
2 222 357 
1 222 
2 222 1357 
4 222 2943 5594 3766 
1 222 
1 222 
2 222 510 
2 1178 222 
2 222 4761 
2 222 3905 
2 222 4948 
1 222 
2 223 676 
1 223 
2 223 4301 
2 223 4813 
1 223 
1 223 
2 5394 223 
3 2250 223 4990 
2 223 3173 
1 223 
3 223 2428 2349 
2 223 5331 
1 223 
3 223 1755 4604 
1 223 
4 4115 223 711 3895 
4 998 223 1004 2561 
4 224 1883 2940 696 
1 224 
1 224 
2 224 4894 
1 224 
3 5137 224 598 
2 224 2974 
1 224 
2 224 3388 
3 224 771 427 
1 224 
2 224 5186 
4 1119 224 3297 1320 
3 224 3809 3683 
1 224 
2 224 2022 
2 224 3864 
2 3814 224 
3 2314 224 1468 
3 224 1711 1790 
2 224 4803 
3 4150 224 3408 
5 224 1355 819 4030 2199 
3 224 4397 1791 
2 224 3048 
3 225 3516 323 
3 619 225 4829 
1 225 
2 225 1782 
3 225 5016 4614 
3 3485 225 2721 
2 3236 225 
2 998 225 
3 225 2297 2580 
3 1863 225 2977 
3 225 4001 1421 
2 225 5133 
3 3046 225 4913 
1 225 
2 1443 225 
3 225 1027 2664 
3 3530 226 1971 
1 226 
2 226 1551 
1 226 
1 226 
2 226 4374 
5 5467 4663 226 5106 5331 
4 4962 226 3825 2093 
1 227 
1 227 
1 227 
2 227 901 
4 3424 227 1639 1857 
2 227 3462 
2 5465 227 
3 2145 227 3332 
2 5427 227 
2 517 227 
1 227 
3 1815 3241 228 
2 3361 228 
1 228 
2 380 228 
1 228 
3 5530 228 1740 
2 228 1099 
4 1866 228 3416 4855 
1 228 
2 5141 228 
1 228 
1 228 
2 1898 228 
1 228 
4 1944 497 228 2346 
2 727 229 
1 229 
4 229 535 815 3035 
1 229 
2 2861 229 
2 1709 229 
2 229 4769 
3 4515 4940 229 
1 229 
1 229 
2 230 3071 
1 230 
1 230 
2 230 3630 
1 230 
2 230 1838 
1 230 
3 1660 230 3587 
3 3530 230 2869 
3 3556 230 1257 
3 605 230 4674 
3 688 230 3735 
2 230 3130 
2 1161 230 
2 230 2157 
2 4171 230 
1 230 
3 1798 2644 230 
3 2864 506 230 
1 230 
4 910 4999 230 2061 
4 1269 3513 2621 230 
2 230 1840 
3 5008 3475 230 
2 3338 231 
2 231 4658 
1 231 
2 5369 231 
3 1203 231 3354 
1 231 
1 231 
2 5285 231 
3 231 1758 1644 
1 231 
1 231 
1 231 
3 5265 5231 231 
2 4666 231 
2 1426 231 
2 1926 231 
1 231 
1 231 
4 5033 4272 231 1768 
2 4594 232 
2 232 4315 
2 232 794 
2 4579 232 
2 479 232 
3 4636 232 2903 
1 232 
4 305 2488 232 4635 
3 4662 2238 232 
1 232 
2 2333 232 
1 232 
3 3484 232 1317 
2 233 3070 
1 233 
2 233 5476 
3 5599 233 235 
1 233 
2 3182 233 
2 233 393 
3 1190 233 4566 
2 870 233 
2 233 4261 
1 233 
2 4048 233 
2 233 740 
2 3864 233 
2 5481 233 
1 233 
1 234 
2 3194 234 
3 1723 1064 234 
2 234 3039 
1 234 
1 234 
2 3642 234 
3 4433 234 3462 
1 234 
1 234 
3 5128 4795 234 
4 2529 3959 234 368 
3 4661 3472 234 
2 234 1770 
1 234 
3 5306 1254 234 
2 2315 234 
1 234 
2 234 429 
2 3158 234 
4 3362 420 234 454 
1 234 
5 3860 3989 3957 557 234 
1 235 
1 235 
2 3890 235 
1 235 
4 3924 892 235 1535 
2 312 235 
1 235 
1 235 
1 235 
1 235 
2 5164 235 
2 1831 235 
3 2979 1251 235 
1 235 
2 235 3570 
2 4687 235 
2 5472 235 
1 236 
1 236 
1 236 
1 236 
3 1427 236 3483 
2 4156 236 
2 2130 236 
1 236 
3 2597 236 1535 
2 4812 236 
3 3050 236 5066 
2 1426 236 
3 1272 3629 236 
1 236 
1 236 
3 236 258 1441 
3 2680 236 2092 
1 236 
4 745 2372 4499 236 
1 236 
3 3578 2626 236 
5 247 680 1610 3927 237 
1 237 
2 3264 237 
2 237 977 
2 3939 237 
1 237 
2 3921 237 
2 237 1115 
3 1328 3609 237 
5 2116 998 2966 237 3855 
3 4482 237 2162 
2 1894 237 
3 2351 722 237 
2 5158 237 
3 2081 237 814 
4 3761 2932 2462 237 
3 601 237 3368 
1 237 
2 2478 237 
1 237 
2 237 2801 
1 237 
5 3273 3086 2986 237 4769 
3 572 237 3117 
2 2712 238 
4 4479 384 238 5116 
2 4928 238 
1 238 
2 3815 238 
2 529 238 
1 238 
3 1189 425 238 
1 238 
1 238 
1 238 
2 238 4347 
3 5369 1141 238 
3 2105 238 2095 
2 3496 238 
5 1469 770 5386 238 2978 
1 238 
3 3596 238 781 
1 238 
1 238 
2 3887 238 
5 4380 5357 2110 238 675 
6 248 3924 5256 4144 295 238 
1 239 
1 239 
2 1869 239 
2 239 1440 
1 239 
2 424 239 
1 239 
3 1519 3730 239 
2 239 3549 
1 239 
2 2799 239 
1 239 
4 4212 4174 1506 239 
2 239 513 
1 239 
1 239 
3 4244 4729 239 
1 239 
1 239 
3 4772 4486 239 
2 4484 240 
1 240 
3 3874 5534 240 
1 240 
1 240 
2 5361 240 
4 4772 5469 1422 240 
3 1792 4143 240 
1 240 
5 318 4911 240 1536 2349 
3 240 1771 1823 
2 5314 240 
1 240 
1 240 
1 240 
1 240 
3 3749 1833 240 
2 2768 240 
3 2296 3677 240 
3 462 556 240 
3 1901 3613 240 
1 240 
2 4461 240 
2 241 2760 
1 241 
3 4520 1283 241 
3 3741 4487 241 
3 4398 1621 241 
2 1444 241 
2 5340 241 
2 4473 241 
4 373 4024 241 2159 
3 4303 241 5423 
2 4003 241 
3 349 1068 241 
2 3304 241 
5 3970 5190 5476 241 2160 
3 2946 2301 241 
3 4446 3974 241 
2 4796 241 
1 241 
2 2299 241 
1 241 
2 3134 242 
3 2644 5501 242 
1 242 
2 1852 242 
1 242 
1 242 
3 4868 1640 242 
1 242 
2 242 4546 
1 242 
1 242 
2 5320 242 
2 4037 242 
3 5031 1695 242 
2 1939 242 
4 1470 1797 5476 242 
1 242 
2 2817 242 
2 4905 242 
4 1704 3780 3433 242 
3 5502 5036 242 
2 3020 242 
3 5353 316 243 
1 243 
1 243 
3 2665 2363 243 
2 1469 243 
2 269 243 
5 4036 2944 4874 5068 243 
1 243 
2 3610 243 
2 1524 243 
1 243 
3 4852 4834 243 
1 243 
2 1682 243 
1 243 
1 244 
1 244 
3 244 5078 1699 
2 244 2042 
3 244 4804 5526 
3 244 4068 4262 
1 244 
2 1540 244 
2 244 642 
2 244 2287 
3 244 2755 1760 
2 244 1096 
2 244 1591 
3 244 1003 4632 
3 244 1868 1470 
2 4185 244 
2 245 3126 
3 981 245 4926 
1 245 
2 245 3906 
1 245 
2 245 3386 
1 245 
2 245 3902 
1 245 
1 245 
1 245 
2 2327 245 
4 245 3344 1588 1762 
3 245 1058 3930 
2 245 3627 
4 245 1932 4797 2417 
4 245 649 1957 1696 
2 245 4926 
2 245 680 
3 245 2462 919 
1 245 
1 246 
3 5247 246 4145 
1 246 
1 246 
3 246 2835 3032 
2 246 4914 
3 4116 246 1666 
1 246 
2 246 4330 
1 246 
1 246 
3 246 3877 2388 
3 246 1146 5507 
1 246 
1 246 
1 246 
3 246 4432 4591 
4 247 5453 1834 1506 
1 247 
3 247 4642 4635 
1 247 
2 247 5035 
3 247 730 3505 
3 247 3543 573 
3 247 2125 2515 
1 247 
2 247 4793 
3 3777 247 5261 
2 247 1410 
2 247 3560 
2 1923 247 
1 247 
2 247 4259 
2 248 4206 
2 248 2413 
1 248 
1 248 
1 248 
2 248 3922 
2 3102 248 
2 248 4779 
3 4856 729 248 
3 248 4518 3135 
4 2071 248 526 4675 
4 802 248 3064 4747 
1 248 
1 248 
2 248 4971 
1 248 
3 248 3479 675 
6 980 248 2574 1976 5506 4371 
5 3738 249 4720 1831 2544 
2 3689 249 
2 2210 249 
1 249 
3 1183 249 1853 
1 249 
3 249 1060 967 
1 249 
4 249 4557 2518 5584 
3 4337 1678 249 
2 283 249 
1 249 
1 250 
4 4308 5557 250 5260 
1 250 
2 250 1062 
3 2674 3403 250 
2 250 3328 
3 734 250 2078 
1 250 
1 250 
2 5010 250 
2 250 4193 
1 250 
3 250 535 3933 
2 4377 250 
3 3761 250 2897 
1 250 
3 2229 250 5216 
1 250 
3 250 2302 4712 
5 250 2050 3851 2940 5219 
3 250 1482 1089 
3 4213 4839 250 
1 251 
2 251 4837 
1 251 
2 251 5401 
3 251 3268 2958 
1 251 
3 2208 251 3248 
3 1742 523 251 
2 251 3037 
1 251 
1 251 
2 251 272 
1 251 
2 251 1013 
4 5412 251 4712 3014 
3 251 5241 5022 
1 251 
3 251 4418 3759 
3 5087 4794 252 
1 252 
3 3381 252 3142 
4 5464 1585 2434 252 
2 3285 252 
1 252 
2 984 252 
3 252 3563 5195 
3 2791 252 4914 
4 1077 3492 252 3759 
1 252 
1 252 
5 4685 252 1429 1316 1012 
2 620 252 
1 252 
2 1935 252 
4 3102 1564 252 255 
3 5588 716 252 
3 3689 252 4707 
1 252 
3 2588 252 1672 
4 1919 5473 3535 252 
2 252 4071 
2 1017 252 
3 2999 4217 252 
1 253 
2 253 2223 
2 433 253 
2 439 253 
3 1382 3451 253 
4 3859 3942 253 3270 
3 3106 253 863 
3 3088 253 5580 
2 493 253 
1 253 
3 5486 253 1645 
1 253 
1 253 
2 4354 253 
2 1162 253 
3 3104 253 690 
1 253 
1 254 
2 254 3289 
3 1219 254 4029 
2 254 740 
2 2843 254 
2 4984 254 
2 988 254 
2 254 4697 
1 254 
2 4125 254 
1 254 
1 254 
1 254 
4 2589 2811 4645 254 
2 254 1620 
4 1718 254 4388 3073 
6 4758 4864 2187 5211 254 3397 
3 3362 2406 254 
1 255 
1 255 
1 255 
2 255 5389 
4 1943 2931 255 3136 
1 255 
3 5579 4083 255 
1 255 
1 255 
2 255 1195 
3 4733 255 4749 
2 281 255 
2 4595 255 
1 255 
2 255 5539 
1 255 
3 1268 255 5067 
4 3280 3552 1851 255 
2 2619 255 
2 255 5566 
1 255 
2 5201 256 
2 3993 256 
2 256 1785 
2 4433 256 
1 256 
2 5221 256 
1 256 
2 256 3998 
3 1920 256 2092 
4 3935 5579 256 697 
2 256 842 
2 256 4332 
2 256 5280 
2 1773 256 
1 256 
1 256 
1 256 
2 834 256 
1 256 
1 256 
3 4965 3349 257 
1 257 
1 257 
3 1119 1220 257 
1 257 
3 1908 257 4399 
1 257 
3 1367 717 257 
3 4957 459 257 
3 5081 257 1559 
3 4981 1332 257 
3 4321 2831 257 
2 3475 257 
1 257 
2 4800 257 
3 5181 257 2378 
3 2510 1670 257 
1 257 
1 257 
1 257 
1 257 
1 257 
2 2930 258 
1 258 
3 4967 4085 258 
2 3924 258 
1 258 
3 4903 258 5070 
2 1682 258 
2 2370 258 
1 258 
1 258 
1 258 
2 4341 258 
1 258 
1 258 
3 2567 2535 258 
2 5023 258 
2 2555 258 
1 259 
2 899 259 
3 2120 3066 259 
4 1871 4456 1874 259 
2 2541 259 
1 259 
1 259 
1 259 
3 2204 5328 259 
3 3638 260 1843 
2 260 3747 
1 260 
2 260 4459 
2 260 2307 
3 996 260 4825 
2 260 4032 
1 260 
3 260 3754 3756 
1 260 
1 260 
4 260 4184 4380 1472 
3 260 4185 3266 
2 260 5266 
2 260 728 
1 260 
2 260 2243 
3 260 1489 4853 
5 1037 260 5359 1048 4994 
2 260 2602 
1 260 
1 260 
1 260 
2 261 747 
3 261 5406 2096 
1 261 
2 261 4692 
2 261 2527 
2 261 4478 
2 261 621 
2 261 4774 
3 261 3148 4699 
1 261 
2 261 1481 
5 261 982 2101 2009 1358 
1 261 
2 261 1819 
2 261 3970 
1 261 
4 261 2082 2437 2093 
2 261 3245 
3 261 1998 2380 
1 261 
2 261 1904 
1 261 
2 262 2874 
2 262 400 
1 262 
3 262 4196 1674 
3 262 2031 1215 
1 262 
2 262 670 
1 262 
3 262 1430 1984 
2 262 4161 
1 262 
4 3637 262 2691 1029 
2 262 2241 
2 262 1715 
1 262 
3 262 1187 545 
2 262 4558 
4 262 3784 3606 4932 
3 262 5289 4707 
1 262 
2 262 4984 
2 263 4262 
1 263 
4 3254 263 1063 3895 
3 263 3481 413 
1 263 
1 263 
3 2611 263 3435 
3 4718 263 5384 
2 263 2515 
1 263 
2 263 4966 
1 263 
2 263 2235 
1 263 
2 263 427 
1 263 
5 4856 1340 5481 264 2018 
1 264 
1 264 
3 264 3881 3480 
3 3897 264 2150 
2 5197 264 
1 264 
2 264 3450 
2 1776 264 
1 264 
2 264 1899 
1 264 
1 264 
3 264 2439 3931 
3 5368 264 1912 
1 265 
1 265 
3 2817 282 265 
1 265 
3 265 884 4398 
1 265 
1 265 
2 265 422 
2 1631 265 
1 265 
2 265 2338 
2 1540 265 
2 3711 265 
1 265 
2 4594 265 
2 265 1570 
2 266 2970 
1 266 
1 266 
2 266 3287 
1 266 
2 266 3626 
6 1746 266 891 2084 445 2949 
1 266 
3 3445 266 2255 
1 266 
4 4518 266 1725 860 
3 2566 266 1834 
2 1091 266 
1 266 
2 266 635 
2 266 4387 
1 266 
2 5140 266 
2 266 1495 
5 4356 3671 267 2966 1149 
1 267 
2 5367 267 
4 267 1903 5135 3303 
3 5527 267 4420 
3 664 267 4245 
1 267 
3 267 2885 1510 
6 4265 1844 3860 3578 4042 267 
1 267 
2 267 3545 
2 267 1823 
1 267 
1 267 
2 267 2520 
2 267 989 
2 267 3674 
4 3443 267 2648 4314 
2 1717 267 
4 3952 267 3131 4102 
2 268 1782 
2 268 4582 
2 1853 268 
1 268 
2 2547 268 
3 1824 804 268 
2 268 3244 
2 268 4541 
1 268 
2 2098 268 
3 1253 268 4208 
1 268 
2 646 268 
1 268 
1 268 
2 4154 268 
1 268 
3 2371 268 3962 
2 2924 268 
2 2120 268 
2 3865 268 
2 268 3772 
4 5269 268 1599 3053 
1 269 
4 269 4972 470 1737 
1 269 
1 269 
1 269 
1 269 
3 4362 269 3137 
1 269 
2 5367 269 
1 269 
2 269 4672 
3 4113 269 1317 
2 269 1732 
1 269 
4 2206 3944 1932 269 
2 4863 269 
1 270 
2 5092 270 
2 1167 270 
1 270 
2 648 270 
3 4937 804 270 
1 270 
1 270 
4 2424 2210 270 1578 
2 270 560 
1 270 
4 958 1658 270 1477 
1 270 
2 5575 270 
1 270 
3 270 4914 5318 
2 3744 270 
3 602 270 3218 
2 1419 270 
1 270 
2 270 4832 
5 3743 270 1085 1009 674 
2 1082 270 
3 270 5422 4835 
1 270 
3 4942 3047 271 
4 1539 5467 2429 271 
1 271 
2 271 1089 
2 271 2950 
1 271 
2 271 5407 
4 945 2811 271 591 
3 271 2259 1407 
2 2751 271 
3 4472 271 272 
2 271 1737 
2 2054 271 
3 2505 271 2445 
2 3389 271 
2 1584 271 
2 271 3392 
2 271 1766 
1 271 
1 271 
2 271 4853 
2 271 3852 
3 2701 271 3708 
1 271 
1 271 
3 926 272 2515 
4 4754 272 3906 3186 
2 272 5570 
2 681 272 
3 1799 272 842 
2 2878 272 
1 272 
1 272 
3 825 3178 272 
2 1842 272 
2 272 4615 
1 272 
3 3221 3601 272 
2 2103 272 
3 4817 272 4031 
2 272 4780 
3 4218 2970 272 
1 272 
4 2812 3406 3584 273 
3 4472 273 3302 
2 5018 273 
2 273 3912 
2 273 1713 
2 273 5179 
1 273 
2 5326 273 
1 273 
4 1743 3021 1946 273 
2 1877 273 
2 5472 273 
2 273 3269 
2 273 4011 
4 273 934 5364 3895 
2 3803 273 
2 273 4949 
3 3149 1277 273 
1 273 
2 4193 274 
1 274 
3 4467 274 3166 
1 274 
2 3765 274 
4 3019 1170 274 3354 
2 274 5068 
1 274 
4 1484 4122 274 2838 
1 274 
1 274 
4 1525 2286 274 677 
2 1186 274 
3 2566 274 866 
2 2817 274 
2 954 274 
3 3226 2359 274 
2 459 274 
1 274 
2 948 274 
1 274 
2 318 274 
1 275 
3 999 4523 275 
4 5396 2457 2194 275 
1 275 
1 275 
2 1858 275 
1 275 
2 3525 275 
1 275 
6 2105 4647 3111 275 1438 3636 
1 275 
3 1850 1669 275 
5 2448 3240 4065 275 5570 
2 5211 275 
2 276 3811 
2 4690 276 
2 276 3462 
1 276 
2 2013 276 
1 276 
2 3133 276 
2 5271 276 
2 1821 276 
2 276 5004 
2 4000 276 
1 276 
5 3785 4345 4398 276 2325 
3 5555 5356 276 
1 276 
2 459 276 
1 277 
1 277 
2 944 277 
2 1785 277 
1 277 
2 4665 277 
1 277 
3 2943 3587 277 
2 2828 277 
2 1274 277 
1 277 
2 2107 277 
3 5475 3075 277 
3 277 575 2469 
4 3531 480 5535 278 
2 555 278 
3 5543 1968 278 
1 278 
3 4701 2010 278 
2 791 278 
2 442 278 
2 5332 278 
4 1027 993 4614 278 
2 2133 278 
3 5023 3663 278 
2 1903 278 
3 4641 381 278 
1 278 
3 946 1019 278 
2 5278 278 
2 337 278 
3 2673 5571 278 
3 279 5139 5188 
4 279 2505 3891 5101 
3 279 4463 4605 
1 279 
3 279 5400 1642 
1 279 
2 279 2088 
2 279 2943 
2 279 3732 
1 279 
2 279 1476 
1 279 
1 279 
3 279 1407 2978 
1 279 
1 279 
3 279 575 1589 
3 279 1882 5078 
2 279 3748 
3 279 4608 1859 
2 279 441 
2 279 347 
2 279 4919 
3 279 1452 2956 
4 279 1252 2912 2347 
2 279 1750 
2 279 1812 
3 280 4340 3085 
2 280 4104 
3 280 5307 764 
2 280 3905 
3 280 5400 1803 
2 280 3919 
4 280 5371 5398 1622 
3 280 4841 1010 
2 280 3662 
1 280 
1 280 
4 280 1711 3217 2603 
2 280 5029 
5 280 5227 3519 686 486 
1 280 
3 280 4139 720 
2 280 1470 
1 281 
3 281 3584 4852 
2 281 3957 
3 3236 281 3044 
1 281 
2 281 4275 
3 1180 281 1017 
2 281 5558 
4 3333 281 3952 2766 
1 281 
3 281 2615 3286 
2 281 5219 
3 281 503 4668 
2 1920 282 
5 282 2429 1818 3432 5496 
1 282 
3 727 282 4408 
1 282 
2 282 4007 
1 282 
4 3982 282 3863 2942 
4 282 3846 3911 1115 
2 1232 282 
1 282 
1 282 
1 282 
3 282 4217 1002 
1 282 
1 282 
3 282 2374 1572 
2 282 961 
1 282 
3 282 3182 3065 
3 2424 282 1691 
1 282 
1 282 
2 2350 282 
2 283 3157 
2 283 656 
3 283 3388 1766 
1 283 
2 283 1731 
3 4770 283 3634 
1 283 
2 283 1984 
1 283 
2 283 2630 
2 283 1754 
2 3815 283 
2 283 4220 
2 475 283 
2 2802 283 
1 283 
3 4859 284 353 
4 1793 284 4406 3268 
2 284 852 
6 5222 4267 284 607 2899 4398 
1 284 
2 284 4642 
4 284 3943 1004 1007 
2 284 3185 
3 284 5275 4547 
2 284 4877 
2 825 284 
2 284 5347 
4 284 4494 4672 4694 
1 284 
2 284 736 
2 285 3995 
2 285 2062 
3 5087 285 4506 
1 285 
1 285 
3 2201 285 1460 
2 285 3586 
3 285 4891 1230 
2 285 3542 
1 285 
1 285 
1 285 
1 285 
1 285 
1 285 
3 1090 285 296 
1 285 
2 5425 285 
4 286 3259 1521 293 
2 286 1835 
1 286 
1 286 
2 286 4680 
3 286 4123 4699 
1 286 
1 286 
3 3177 1965 286 
2 286 4803 
3 286 4176 4765 
1 286 
2 286 3393 
1 286 
1 287 
1 287 
2 287 1672 
2 287 1683 
3 3193 1306 287 
2 2782 287 
1 287 
2 287 2077 
1 287 
1 287 
3 3059 287 3959 
2 287 445 
1 287 
2 287 3055 
2 287 2222 
3 287 4720 3992 
2 5141 288 
1 288 
1 288 
3 288 4416 1532 
1 288 
3 1055 288 1073 
1 288 
5 4638 288 2126 1998 1282 
3 5349 3357 288 
1 288 
2 288 510 
1 288 
7 1138 371 2744 288 2645 2456 4930 
1 289 
1 289 
1 289 
3 5351 289 1363 
1 289 
2 289 1316 
1 289 
1 289 
3 289 2218 994 
1 289 
1 289 
2 289 1692 
1 289 
2 289 1434 
2 290 4204 
4 290 952 3027 5332 
1 290 
3 4817 290 1009 
3 290 5418 3649 
1 290 
2 290 595 
1 290 
3 1501 290 1832 
2 290 2788 
1 290 
4 3057 328 290 875 
3 1293 290 4935 
1 290 
1 290 
2 1853 290 
3 5248 290 5317 
3 493 290 5366 
3 2676 568 291 
2 291 337 
1 291 
5 1189 291 2623 5209 1151 
1 291 
2 3018 291 
3 291 2195 3386 
3 291 4922 4946 
4 4888 2646 291 1047 
2 1585 291 
1 291 
3 4094 291 3634 
4 2434 2787 291 4812 
1 291 
1 291 
2 2985 291 
3 292 4873 1116 
1 292 
3 2107 292 2501 
2 292 2942 
4 2546 2278 292 3759 
2 292 2757 
3 1235 4325 292 
1 292 
1 292 
4 1650 3924 292 2134 
1 292 
3 4495 292 739 
1 292 
