1 8.600000e-01 8.800000e-01 1 1 
1 1 9.500000e-01 1 1 
9.900000e-01 9.800000e-01 9.100000e-01 1 9.900000e-01 
1 1 1 1 1 
5.100000e-01 1 9.500000e-01 1 1 
1 1 1 1 1 
1 1 1 9.800000e-01 1 
7.900000e-01 1 9.700000e-01 1 6.400000e-01 
1 1 1 9.900000e-01 1 
1 1 1 9.700000e-01 1 
1 1 1 1 1 
1 1 9.900000e-01 1 9.900000e-01 
9.900000e-01 1 1 1 1 
1 1 1 1 1 
6.600000e-01 1 1 9.800000e-01 9.500000e-01 
1 7.800000e-01 1 9.100000e-01 1 
1 1 1 8.200000e-01 1 
9.700000e-01 1 1 6.400000e-01 1 
1 1 1 1 1 
1 9.900000e-01 1 7.600000e-01 1 
6.600000e-01 1 9.700000e-01 1 1 
1 1 1 1 1 
1 1 9.900000e-01 1 1 
1 1 1 1 1 
1 1 1 9.400000e-01 1 
1 1 1 1 1 
7.300000e-01 1 1 1 1 
1 1 1 1 9.900000e-01 
1 1 1 1 1 
1 9.600000e-01 1 1 1 
1 1 1 1 1 
9.100000e-01 9.400000e-01 1 1 1 
9.900000e-01 1 1 1 1 
1 9.600000e-01 1 1 1 
1 1 9.900000e-01 1 1 
1 1 1 9.800000e-01 1 
1 1 1 1 1 
1 1 1 1 9.600000e-01 
8.000000e-01 1 9.800000e-01 1 1 
1 9.800000e-01 9.100000e-01 1 1 
1 9.300000e-01 1 1 1 
1 1 1 4.300000e-01 1 
1 5.500000e-01 1 1 1 
1 9.900000e-01 1 7.300000e-01 9.300000e-01 
1 1 9.900000e-01 6.900000e-01 1 
1 1 1 8.200000e-01 1 
8.200000e-01 1 9.900000e-01 1 1 
6.300000e-01 1 1 1 1 
6.500000e-01 1 1 7.400000e-01 9.000000e-01 
7.100000e-01 1 1 9.000000e-01 1 
1 9.800000e-01 1 7.800000e-01 1 
7.900000e-01 1 6.700000e-01 7.300000e-01 9.700000e-01 
1 6.600000e-01 7.500000e-01 1 9.900000e-01 
9.900000e-01 1 7.300000e-01 1 8.600000e-01 
1 1 7.800000e-01 1 1 
1 1 7.400000e-01 1 6.300000e-01 
9.400000e-01 1 1 9.900000e-01 1 
1 9.100000e-01 9.700000e-01 9.000000e-01 1 
1 5.000000e-01 1 1 1 
6.500000e-01 5.800000e-01 9.900000e-01 1 1 
9.800000e-01 6.200000e-01 9.000000e-01 9.900000e-01 1 
7.200000e-01 9.600000e-01 9.900000e-01 6.400000e-01 1 
8.700000e-01 5.200000e-01 9.600000e-01 1 1 
1 1 9.900000e-01 1 8.800000e-01 
1 1 1 9.600000e-01 9.500000e-01 
1 1 1 9.600000e-01 1 
9.900000e-01 1 1 9.300000e-01 1 
1 1 1 1 5.900000e-01 
9.900000e-01 4.000000e-01 7.600000e-01 8.700000e-01 9.900000e-01 
9.500000e-01 9.900000e-01 1 1 8.400000e-01 
1 1 5.900000e-01 1 7.300000e-01 
1 9.700000e-01 6.000000e-01 1 1 
4.700000e-01 8.700000e-01 1 1 1 
8.700000e-01 1 9.100000e-01 9.300000e-01 8.400000e-01 
9.500000e-01 9.900000e-01 1 1 7.700000e-01 
1 1 8.500000e-01 9.500000e-01 1 
1 7.100000e-01 1 1 9.900000e-01 
7.100000e-01 1 9.600000e-01 1 8.300000e-01 
8.600000e-01 1 9.700000e-01 7.800000e-01 9.800000e-01 
1 1 1 9.700000e-01 9.900000e-01 
9.700000e-01 6.100000e-01 1 8.700000e-01 7.100000e-01 
1 8.200000e-01 1 9.300000e-01 9.000000e-01 
9.400000e-01 9.300000e-01 1 1 9.000000e-01 
8.900000e-01 9.900000e-01 9.800000e-01 9.900000e-01 9.500000e-01 
6.700000e-01 5.900000e-01 9.800000e-01 1 9.500000e-01 
9.100000e-01 7.300000e-01 7.400000e-01 9.800000e-01 9.800000e-01 
1 9.500000e-01 6.500000e-01 9.500000e-01 1 
8.600000e-01 9.800000e-01 9.600000e-01 9.300000e-01 8.700000e-01 
9.800000e-01 1 8.900000e-01 1 1 
9.400000e-01 5.700000e-01 7.900000e-01 4.800000e-01 1 
9.300000e-01 9.700000e-01 8.300000e-01 9.900000e-01 6.600000e-01 
