18 2 3 4 5 6 7 8 9 10 11 12 13 14 15 16 17 18 19 
26 20 21 22 23 24 25 26 27 28 29 30 31 1 32 33 34 35 36 37 38 39 40 41 42 43 44 
16 45 46 47 48 49 1 50 51 52 53 54 55 56 57 58 59 
23 60 61 62 63 64 65 66 67 68 1 69 70 71 72 73 74 75 76 77 78 79 80 81 
27 82 83 84 85 86 87 88 89 90 91 92 93 94 1 95 96 97 98 99 100 101 102 103 104 105 106 107 
24 108 109 110 111 112 113 114 115 116 117 118 1 119 120 121 122 123 124 125 126 127 128 129 130 
16 131 132 133 134 135 1 136 137 138 139 140 141 142 143 144 145 
19 146 147 148 149 150 151 152 153 154 155 1 156 157 158 159 160 161 162 163 
21 164 165 166 167 168 169 170 171 172 173 1 174 175 176 177 178 179 180 181 182 183 
23 184 185 186 187 188 189 190 191 192 193 194 195 196 197 198 199 1 200 201 202 203 204 205 
16 206 207 208 209 210 1 211 212 213 214 215 216 217 218 219 220 
18 221 222 223 224 225 226 1 227 228 229 230 231 232 233 234 235 236 237 
24 238 239 240 241 242 243 244 245 1 246 247 248 249 250 251 252 253 254 255 256 257 258 259 260 
11 261 262 263 1 264 265 266 267 268 269 270 
25 271 272 273 274 275 276 277 278 279 280 281 1 282 283 284 285 286 287 288 289 290 291 292 293 294 
17 295 296 297 298 299 1 300 301 302 303 304 305 306 307 308 309 310 
20 311 312 313 314 315 316 317 318 1 319 320 321 322 323 324 325 326 327 328 329 
17 330 331 332 333 334 335 336 337 1 338 339 340 341 342 343 344 345 
12 346 347 348 349 350 351 352 1 353 354 355 356 
22 357 2 358 359 360 361 362 363 364 365 366 367 368 369 370 371 372 373 374 375 376 377 
18 2 378 379 380 381 382 383 384 385 386 387 388 389 390 391 392 393 394 
17 395 2 396 397 398 399 400 401 402 403 404 405 406 407 408 409 410 
18 411 2 412 413 414 415 416 417 418 419 420 421 422 423 424 425 426 427 
31 428 429 2 430 431 432 433 434 435 436 437 438 439 440 441 442 443 444 445 446 447 448 449 450 451 452 453 454 455 456 457 
27 458 459 460 2 461 462 463 464 465 466 467 468 469 470 471 472 473 474 475 476 477 478 479 480 481 482 483 
24 484 485 486 2 487 488 489 490 491 492 493 494 495 496 497 498 499 500 501 502 503 504 505 506 
17 2 507 508 509 510 511 512 513 514 515 516 517 518 519 520 521 522 
17 523 2 524 525 526 527 528 529 530 531 532 533 534 535 536 537 538 
20 539 540 2 541 542 543 544 545 546 547 548 549 550 551 552 553 554 555 556 557 
29 2 558 559 560 561 562 563 564 565 566 567 568 569 570 571 572 573 574 575 576 577 578 579 580 581 582 583 584 585 
18 586 587 588 2 589 590 591 592 593 594 595 596 597 598 599 600 601 602 
15 2 603 604 605 606 607 608 609 610 611 612 613 614 615 616 
25 617 618 619 2 620 621 622 623 624 625 626 627 628 629 630 631 632 633 634 635 636 637 638 639 640 
17 641 642 2 643 644 645 646 647 648 649 650 651 652 653 654 655 656 
18 657 658 2 659 660 661 662 663 664 665 666 667 668 669 670 671 672 673 
20 674 675 2 676 677 678 679 680 681 682 683 684 685 686 687 688 689 690 691 692 
12 693 2 694 695 696 697 698 699 700 701 702 703 
20 704 2 705 706 707 708 709 710 711 712 713 714 715 716 717 718 719 720 721 722 
18 723 724 725 2 726 727 728 729 730 731 732 733 734 735 736 737 738 739 
17 740 741 2 742 743 744 745 746 747 748 749 750 751 752 753 754 755 
17 2 756 757 758 759 760 761 762 763 764 765 766 767 768 769 770 771 
19 772 773 774 2 775 776 777 778 779 780 781 782 783 784 785 786 787 788 789 
18 790 2 791 792 793 794 795 796 797 798 799 800 801 802 803 804 805 806 
20 2 807 808 809 810 811 812 813 814 815 816 817 818 819 820 821 822 823 824 825 
12 826 827 3 828 829 830 831 832 833 834 835 836 
17 837 838 839 3 840 841 842 843 844 845 846 847 848 849 850 851 852 
16 853 854 855 856 3 857 858 859 860 861 862 863 864 865 866 867 
19 868 869 3 870 871 872 873 874 875 876 877 878 879 880 881 882 883 884 885 
22 886 887 888 889 3 890 891 892 893 894 895 896 897 898 899 900 901 902 903 904 905 906 
16 3 907 908 909 910 911 912 913 914 915 916 917 918 787 919 920 
26 921 922 923 3 924 925 926 927 928 929 930 931 932 933 934 935 936 937 938 939 940 941 942 943 944 945 
19 946 947 948 3 949 950 951 952 953 954 955 956 957 958 959 960 961 962 963 
20 964 965 966 3 967 968 384 969 970 971 972 973 974 975 976 977 978 979 980 981 
20 982 983 984 985 986 987 3 988 989 990 991 992 993 994 995 996 997 998 999 1000 
19 1001 1002 1003 3 1004 1005 1006 1007 1008 1009 1010 1011 1012 1013 1014 1015 1016 1017 1018 
26 1019 1020 1021 3 1022 1023 1024 1025 1026 1027 1028 1029 1030 1031 1032 1033 1034 1035 1036 1037 1038 1039 1040 1041 1042 1043 
22 1044 1045 3 1046 1047 1048 1049 1050 1051 1052 1053 1054 1055 1056 1057 1058 1059 142 1060 1061 1062 1063 
18 1064 1065 1066 3 1067 1068 1069 1070 1071 1072 1073 1074 1075 1076 1077 1078 1079 1080 
18 1081 3 1082 1083 1084 1085 1086 1087 1088 1089 1090 1091 1092 1093 1094 1095 1096 1097 
23 1098 1099 1100 1101 1102 1103 1104 1105 1106 1107 1108 1109 1110 1111 1112 4 1113 1114 1115 1116 1117 1118 1119 
24 1120 1121 1122 1123 1124 1125 1126 1127 1128 1129 1130 4 1131 1132 1133 1134 1135 1136 1137 1138 1139 1140 1141 1142 
21 1143 1144 1145 1146 1147 1148 1149 1150 1026 1151 1152 4 1153 1154 1155 1156 1157 1158 1159 1160 1161 
19 1162 1163 1164 1165 1166 1167 1168 1169 4 1170 1171 1172 1173 1174 1175 1176 1177 1178 1179 
22 1180 1181 1182 1183 1184 4 1185 1186 1187 1188 1189 1190 1191 1192 1193 1194 1195 1196 1197 1198 1199 1200 
19 1201 1202 1203 1204 1205 1206 1207 4 1208 1209 1210 1211 1212 1213 1214 1215 1216 1217 1218 
23 1219 1220 1221 1222 1223 1224 1225 1226 1227 1228 1229 1230 1231 4 299 1232 1233 1234 1235 1236 1237 1238 1239 
20 1240 1241 1242 1243 1244 1245 1246 1247 1248 1249 1250 4 1251 1252 1253 1254 1255 1256 1257 1258 
15 1259 1260 1261 1262 1263 4 1264 1265 1266 1267 1268 1269 1270 1271 1272 
15 1273 1274 1275 1276 1277 1278 1279 4 1280 1281 1282 1283 1284 1285 1286 
16 1287 1288 1289 1290 1291 859 1292 1293 4 1294 1295 1296 1297 1298 1299 1300 
2 4 1270 
1 4 
1 4 
1 4 
1 4 
1 4 
1 4 
1 4 
1 4 
1 4 
1 4 
1 5 
1 5 
1 5 
1 5 
3 5 1114 978 
1 5 
1 5 
1 5 
1 5 
1 5 
1 5 
1 5 
2 5 766 
1 5 
1 5 
1 5 
2 117 5 
1 5 
2 619 5 
1 5 
2 134 5 
2 210 5 
2 5 767 
1 5 
1 5 
2 869 5 
1 6 
1 6 
1 6 
1 6 
1 6 
1 6 
1 6 
1 6 
2 814 6 
2 6 98 
1 6 
1 6 
1 6 
1 6 
2 757 6 
1 6 
1 6 
2 6 345 
1 6 
2 6 377 
1 6 
1 6 
1 6 
1 7 
1 7 
1 7 
2 7 102 
1 7 
2 704 7 
3 665 7 1158 
1 7 
1 7 
2 7 478 
1 7 
2 7 57 
1 7 
1 7 
1 7 
1 8 
1 8 
1 8 
1 8 
1 8 
1 8 
1 8 
2 8 406 
1 8 
1 8 
3 1181 413 8 
1 8 
1 8 
1 8 
2 8 933 
1 8 
2 896 8 
1 8 
1 9 
1 9 
1 9 
1 9 
1 9 
1 9 
1 9 
1 9 
1 9 
1 9 
1 9 
1 9 
2 9 1063 
1 9 
1 9 
1 9 
2 9 1258 
1 9 
2 871 9 
2 9 823 
1 10 
1 10 
1 10 
1 10 
1 10 
1 10 
2 10 736 
1 10 
1 10 
1 10 
1 10 
1 10 
1 10 
1 10 
1 10 
1 10 
2 10 373 
1 10 
2 853 10 
1 10 
1 10 
1 10 
1 11 
1 11 
1 11 
1 11 
2 11 103 
1 11 
1 11 
2 11 530 
1 11 
1 11 
1 11 
1 11 
1 11 
1 11 
2 725 11 
1 12 
1 12 
2 12 233 
1 12 
1 12 
1 12 
1 12 
1 12 
1 12 
1 12 
2 428 12 
1 12 
2 223 12 
1 12 
1 12 
1 12 
1 12 
2 839 13 
1 13 
1 13 
1 13 
1 13 
1 13 
1 13 
1 13 
1 13 
1 13 
1 13 
1 13 
1 13 
1 13 
1 13 
1 13 
1 13 
2 742 13 
1 13 
1 13 
1 13 
1 13 
1 13 
1 14 
1 14 
1 14 
1 14 
2 961 14 
1 14 
1 14 
1 14 
1 14 
1 14 
2 717 15 
1 15 
2 546 15 
1 15 
1 15 
1 15 
1 15 
2 1032 15 
1 15 
1 15 
1 15 
1 15 
1 15 
1 15 
1 15 
1 15 
1 15 
2 966 15 
1 15 
1 15 
1 15 
2 818 15 
1 15 
1 15 
1 16 
2 611 16 
1 16 
2 1135 16 
2 66 16 
1 16 
1 16 
1 16 
1 16 
1 16 
1 16 
1 16 
2 1185 16 
2 646 16 
1 16 
1 16 
2 1081 17 
1 17 
1 17 
1 17 
1 17 
1 17 
1 17 
1 17 
2 625 17 
1 17 
1 17 
1 17 
1 17 
1 17 
1 17 
2 891 17 
1 17 
1 17 
2 817 17 
1 18 
1 18 
1 18 
1 18 
1 18 
1 18 
1 18 
1 18 
1 18 
1 18 
2 346 18 
1 18 
1 18 
2 1187 18 
1 18 
2 125 18 
2 340 19 
1 19 
2 633 19 
1 19 
1 19 
2 739 19 
1 19 
1 19 
2 854 19 
1 19 
1 19 
1 20 
2 20 422 
1 20 
2 20 501 
1 20 
1 20 
2 20 808 
1 20 
1 20 
1 20 
1 20 
2 20 810 
1 20 
2 20 758 
1 20 
2 20 569 
2 20 200 
2 20 1286 
1 20 
2 20 398 
2 20 127 
1 21 
1 21 
1 21 
1 21 
1 21 
1 21 
3 21 746 53 
1 21 
2 21 903 
1 21 
1 21 
1 21 
2 21 612 
2 21 1210 
1 21 
1 21 
1 21 
1 22 
1 22 
1 22 
2 22 376 
1 22 
1 22 
1 22 
1 22 
1 22 
1 22 
2 22 1014 
2 22 153 
1 22 
1 22 
1 22 
1 22 
1 23 
1 23 
2 23 156 
2 23 930 
1 23 
1 23 
1 23 
1 23 
1 23 
1 23 
2 23 917 
2 358 23 
1 23 
1 23 
1 23 
1 23 
2 23 1177 
2 24 231 
1 24 
1 24 
1 24 
1 24 
1 24 
1 24 
1 24 
1 24 
2 1149 24 
1 24 
1 24 
1 24 
2 24 1278 
1 24 
1 24 
2 24 882 
2 985 24 
1 24 
1 24 
1 24 
1 24 
1 24 
1 24 
1 24 
1 24 
1 24 
1 24 
1 24 
1 24 
2 25 1075 
2 1147 25 
1 25 
1 25 
2 25 500 
1 25 
1 25 
1 25 
1 25 
1 25 
1 25 
1 25 
1 25 
1 25 
2 25 533 
1 25 
1 25 
1 25 
1 25 
2 25 1284 
2 25 140 
1 25 
1 25 
1 25 
1 25 
1 25 
1 26 
1 26 
1 26 
2 26 859 
1 26 
1 26 
1 26 
1 26 
1 26 
1 26 
1 26 
2 26 1110 
1 26 
1 26 
2 648 26 
1 26 
2 462 26 
2 360 26 
1 26 
1 26 
1 26 
1 26 
1 26 
1 27 
1 27 
1 27 
1 27 
1 27 
1 27 
1 27 
1 27 
1 27 
2 27 905 
1 27 
1 27 
1 27 
1 27 
1 27 
1 27 
1 28 
1 28 
1 28 
1 28 
1 28 
1 28 
1 28 
2 28 213 
1 28 
1 28 
3 28 1089 472 
1 28 
2 28 954 
1 28 
1 28 
1 28 
1 29 
2 29 1010 
1 29 
1 29 
1 29 
1 29 
2 29 851 
2 273 29 
2 29 850 
1 29 
3 29 653 608 
1 29 
1 29 
1 29 
1 29 
1 29 
1 29 
2 29 781 
1 29 
1 30 
2 30 998 
1 30 
1 30 
1 30 
1 30 
1 30 
1 30 
1 30 
1 30 
2 30 686 
2 30 372 
2 1203 30 
1 30 
1 30 
2 30 1284 
1 30 
1 30 
1 30 
1 30 
1 30 
1 30 
1 30 
1 30 
1 30 
1 30 
1 30 
2 30 1155 
1 31 
2 31 1282 
1 31 
1 31 
1 31 
1 31 
1 31 
1 31 
2 31 1234 
1 31 
1 31 
1 31 
1 31 
1 31 
1 31 
1 31 
1 31 
1 32 
1 32 
1 32 
1 32 
1 32 
2 32 549 
1 32 
2 32 683 
2 296 32 
2 32 390 
1 32 
1 32 
1 32 
1 32 
1 33 
1 33 
2 33 100 
1 33 
2 1276 33 
1 33 
1 33 
1 33 
2 319 33 
1 33 
1 33 
1 33 
1 33 
1 33 
1 33 
1 33 
2 348 33 
1 33 
1 33 
1 33 
1 33 
1 33 
1 33 
1 33 
1 34 
1 34 
2 34 735 
1 34 
1 34 
3 844 34 308 
1 34 
2 34 498 
1 34 
1 34 
1 34 
1 34 
2 34 549 
1 34 
1 34 
1 34 
1 35 
1 35 
1 35 
1 35 
1 35 
1 35 
1 35 
1 35 
2 137 35 
1 35 
1 35 
2 35 1118 
2 1082 35 
1 35 
1 35 
1 35 
1 35 
1 36 
1 36 
1 36 
1 36 
1 36 
1 36 
1 36 
1 36 
1 36 
2 610 36 
1 36 
1 36 
2 568 36 
1 36 
1 36 
1 36 
1 36 
1 36 
1 36 
2 1101 37 
1 37 
1 37 
1 37 
1 37 
1 37 
1 37 
1 37 
2 926 37 
1 37 
2 1157 37 
2 136 38 
1 38 
2 1239 38 
2 1098 38 
1 38 
1 38 
1 38 
1 38 
1 38 
1 38 
1 38 
1 38 
1 38 
2 271 38 
1 38 
1 38 
1 38 
2 1299 38 
1 38 
1 39 
1 39 
2 39 220 
1 39 
1 39 
1 39 
1 39 
2 1183 39 
1 39 
1 39 
1 39 
1 39 
2 643 39 
2 190 39 
1 39 
1 39 
3 351 1161 39 
1 40 
1 40 
2 255 40 
1 40 
1 40 
1 40 
2 384 40 
1 40 
1 40 
1 40 
1 40 
1 40 
2 40 1062 
1 40 
1 40 
1 40 
1 41 
2 122 41 
2 370 41 
1 41 
1 41 
1 41 
1 41 
1 41 
1 41 
1 41 
2 94 41 
3 1296 104 41 
1 41 
1 41 
1 41 
1 41 
1 42 
1 42 
1 42 
1 42 
1 42 
1 42 
2 895 42 
1 42 
1 42 
2 42 556 
1 42 
1 42 
1 42 
1 42 
1 42 
2 50 42 
1 42 
1 42 
1 43 
1 43 
1 43 
1 43 
2 1084 43 
1 43 
2 1210 43 
1 43 
1 43 
1 43 
1 43 
2 868 43 
1 43 
1 43 
1 43 
1 43 
1 43 
2 1107 44 
2 363 44 
1 44 
2 368 44 
1 44 
1 44 
1 44 
2 116 44 
1 44 
1 44 
3 1183 329 44 
2 292 44 
1 44 
1 44 
1 44 
1 44 
2 183 44 
1 44 
1 44 
1 45 
1 45 
1 45 
1 45 
1 45 
1 45 
1 45 
1 45 
1 45 
1 45 
1 45 
1 46 
1 46 
2 238 46 
2 46 1127 
1 46 
1 46 
2 46 904 
2 46 646 
1 46 
1 46 
2 46 1163 
1 46 
2 46 1275 
2 46 547 
2 46 545 
1 46 
2 47 202 
2 47 354 
1 47 
1 47 
1 47 
1 47 
3 487 47 70 
1 47 
1 47 
1 47 
1 47 
2 47 1051 
1 47 
1 47 
1 47 
2 48 801 
2 48 107 
1 48 
2 48 182 
1 48 
1 48 
1 48 
1 48 
2 48 1197 
1 48 
1 48 
2 48 1153 
1 48 
1 48 
2 48 444 
1 48 
1 48 
1 48 
1 49 
1 49 
1 49 
1 49 
1 49 
2 49 326 
1 49 
1 49 
1 49 
2 778 49 
2 49 162 
1 49 
1 49 
1 49 
1 49 
1 49 
1 49 
2 386 49 
2 843 49 
2 49 516 
2 1102 49 
1 50 
1 50 
1 50 
1 50 
1 50 
1 50 
1 50 
1 50 
1 50 
2 50 981 
3 1240 421 50 
1 50 
2 50 1079 
1 50 
1 51 
1 51 
1 51 
1 51 
1 51 
2 51 701 
1 51 
1 51 
1 51 
2 414 51 
1 51 
1 51 
2 51 160 
1 51 
1 51 
1 51 
1 51 
1 51 
1 51 
1 51 
1 51 
1 51 
1 51 
1 51 
1 51 
1 52 
1 52 
1 52 
1 52 
1 52 
1 52 
1 52 
1 52 
2 52 535 
1 52 
1 52 
1 52 
1 52 
1 52 
1 52 
2 265 52 
2 998 52 
1 52 
1 53 
1 53 
2 288 53 
1 53 
1 53 
1 53 
1 53 
1 53 
1 53 
1 53 
1 53 
1 53 
1 53 
1 53 
2 86 53 
1 53 
1 53 
2 53 916 
1 54 
1 54 
1 54 
2 445 54 
1 54 
1 54 
1 54 
1 54 
1 54 
1 54 
1 54 
1 54 
1 54 
1 54 
1 54 
1 54 
3 559 54 962 
1 54 
1 54 
1 55 
1 55 
1 55 
1 55 
1 55 
1 55 
1 55 
1 55 
1 55 
2 540 55 
1 55 
1 55 
1 55 
2 405 55 
1 55 
1 55 
1 55 
1 55 
1 56 
1 56 
2 1083 56 
1 56 
1 56 
1 56 
1 56 
2 62 56 
1 56 
1 56 
1 56 
1 56 
1 56 
2 278 56 
1 56 
1 56 
1 56 
1 56 
1 56 
1 56 
1 56 
1 56 
1 56 
1 56 
1 56 
1 57 
1 57 
2 1072 57 
1 57 
1 57 
1 57 
1 57 
2 864 57 
1 57 
1 57 
1 57 
1 57 
1 57 
1 57 
1 57 
1 57 
1 57 
1 57 
2 752 57 
2 176 57 
1 58 
1 58 
1 58 
1 58 
1 58 
1 58 
1 58 
1 58 
2 1046 58 
1 58 
1 58 
2 458 58 
1 58 
1 58 
1 58 
2 919 58 
1 58 
2 311 59 
3 669 1258 59 
2 1021 59 
2 794 59 
1 59 
1 59 
1 59 
1 59 
2 533 59 
1 59 
1 59 
1 59 
1 59 
1 59 
1 59 
1 59 
1 59 
2 60 707 
1 60 
1 60 
2 60 693 
2 60 906 
2 60 1124 
1 60 
1 60 
1 60 
2 60 807 
1 60 
1 60 
2 60 495 
1 60 
1 60 
1 60 
2 60 86 
1 60 
1 60 
1 60 
2 60 668 
1 60 
1 61 
1 61 
1 61 
1 61 
2 61 1103 
2 61 1246 
1 61 
2 61 840 
1 61 
1 61 
1 61 
1 61 
1 61 
1 61 
1 61 
2 61 298 
1 61 
1 61 
2 61 1247 
1 61 
1 61 
1 61 
1 61 
1 62 
1 62 
1 62 
1 62 
2 459 62 
1 62 
2 62 437 
1 62 
1 62 
1 62 
2 62 879 
1 62 
2 62 585 
1 62 
2 62 703 
2 62 137 
1 62 
1 62 
2 62 739 
1 63 
2 63 847 
1 63 
1 63 
1 63 
1 63 
1 63 
1 63 
1 63 
1 63 
1 63 
1 63 
1 63 
1 63 
1 63 
2 63 427 
1 63 
1 63 
2 1225 64 
2 64 156 
1 64 
3 64 730 817 
1 64 
2 64 307 
1 64 
2 64 343 
1 64 
1 64 
1 64 
1 64 
1 64 
1 64 
1 64 
1 64 
1 64 
2 64 876 
1 64 
1 64 
1 64 
1 65 
1 65 
2 65 570 
1 65 
1 65 
1 65 
1 65 
1 65 
1 65 
3 65 796 391 
1 65 
1 65 
1 65 
1 65 
1 65 
1 65 
1 65 
1 65 
1 66 
2 66 1280 
1 66 
1 66 
1 66 
1 66 
2 1180 66 
1 66 
1 66 
1 66 
1 66 
1 66 
1 66 
1 66 
1 66 
2 66 594 
1 66 
1 66 
1 66 
1 66 
2 706 66 
2 67 917 
1 67 
1 67 
1 67 
1 67 
1 67 
2 1125 67 
2 67 1138 
1 67 
1 67 
1 67 
1 67 
1 67 
1 67 
1 67 
1 67 
1 67 
1 67 
3 1082 67 180 
1 68 
1 68 
1 68 
1 68 
1 68 
1 68 
1 68 
1 68 
1 68 
1 68 
1 68 
2 68 71 
1 68 
1 68 
1 69 
1 69 
2 69 849 
2 621 69 
1 69 
2 69 441 
1 69 
2 1220 69 
1 69 
2 587 69 
1 69 
3 69 477 573 
1 69 
2 69 374 
1 70 
1 70 
1 70 
1 70 
1 70 
1 70 
1 70 
1 70 
1 70 
2 70 767 
1 70 
1 70 
2 70 721 
1 70 
