24 2 3 4 5 6 7 8 9 10 11 12 13 14 15 16 17 18 19 20 21 22 23 24 25 
21 26 27 28 29 30 31 32 33 34 35 36 37 38 39 40 41 42 43 44 45 1 
20 46 47 48 49 50 51 52 53 54 55 56 57 58 59 60 61 62 63 64 1 
20 65 66 67 68 69 70 71 72 73 74 75 76 77 78 79 80 81 82 1 83 
20 84 85 86 87 88 89 90 91 92 93 94 95 96 97 98 99 100 101 1 102 
14 103 104 105 106 107 108 109 110 111 112 113 114 115 1 
29 116 117 118 119 120 121 122 123 124 125 126 127 128 129 130 131 132 133 134 135 136 137 138 139 140 141 142 1 143 
21 144 145 146 147 148 149 150 151 152 153 154 155 156 157 158 159 160 161 162 163 1 
19 164 165 166 167 168 169 170 171 172 173 174 175 176 177 178 179 180 181 1 
24 182 183 184 185 186 187 188 189 190 191 192 193 194 195 196 197 198 199 200 201 202 203 1 204 
20 205 206 207 208 209 210 211 212 213 214 215 216 217 218 219 220 221 222 223 1 
25 224 225 226 227 228 229 230 231 232 233 234 235 236 237 238 239 240 241 242 243 244 245 1 246 247 
12 248 249 250 251 252 253 254 255 256 257 1 258 
16 259 260 261 262 263 264 265 266 267 268 269 270 271 272 273 1 
24 274 275 276 277 278 279 280 281 282 283 284 285 286 287 288 289 290 291 292 293 294 295 1 296 
28 297 298 299 300 301 302 303 304 305 306 307 308 309 310 311 312 313 314 315 316 317 318 319 320 321 322 323 1 
22 324 325 326 327 328 329 330 331 332 333 334 335 336 337 338 339 340 341 342 343 344 1 
19 345 346 347 348 349 350 351 352 353 354 355 356 357 358 359 360 361 43 1 
24 362 363 364 365 366 367 368 369 370 371 372 373 374 375 376 377 378 379 380 381 382 383 384 1 
26 385 386 387 388 389 390 391 392 393 394 395 396 397 398 399 400 401 402 403 404 405 406 407 408 409 1 
24 410 411 412 413 414 415 416 417 418 419 420 421 422 423 424 425 426 427 428 429 430 1 431 432 
20 433 434 435 436 437 438 439 440 441 442 443 444 445 446 447 448 449 450 451 1 
28 452 453 454 455 456 457 458 459 460 461 462 463 464 465 466 467 468 469 470 471 472 473 474 475 476 477 478 1 
15 479 480 481 482 483 484 485 486 487 488 489 490 1 491 492 
22 493 494 495 496 497 498 499 500 501 502 503 504 505 506 507 508 509 510 511 512 1 513 
9 2 514 515 516 517 518 519 520 521 
23 2 522 523 524 525 526 527 528 529 530 531 532 533 534 535 536 537 538 539 540 541 542 543 
16 2 544 545 546 547 548 549 550 551 552 553 554 555 556 557 558 
13 2 559 560 561 562 563 564 565 566 567 568 569 570 
14 2 571 572 573 574 575 576 577 578 579 580 581 582 583 
22 2 584 585 586 587 588 589 590 591 592 593 594 595 596 597 598 599 600 601 602 603 604 
17 2 605 606 607 71 608 609 610 611 612 613 614 615 616 617 618 619 
22 2 620 621 622 623 624 625 626 627 628 629 630 631 632 633 634 635 636 637 638 639 640 
22 2 641 642 643 644 645 646 647 648 649 650 651 652 653 654 655 656 657 658 659 660 661 
22 2 662 663 664 665 666 667 668 669 670 671 672 673 674 675 676 677 678 679 680 681 682 
18 2 683 684 685 686 687 688 689 690 691 692 693 694 695 696 697 698 699 
30 2 700 701 702 703 704 705 706 707 708 709 710 711 712 713 714 715 716 717 718 719 720 721 722 723 724 725 726 727 728 
22 2 729 730 731 732 733 734 735 736 737 738 739 740 741 742 743 744 745 746 747 748 749 
23 2 750 751 752 753 754 755 756 757 758 759 760 761 762 763 764 765 766 767 768 142 769 770 
23 2 771 772 773 774 775 776 777 778 779 780 781 782 783 784 785 786 787 788 789 790 791 792 
20 2 793 794 795 796 797 798 799 800 801 802 803 804 805 806 807 808 809 810 811 
22 2 812 813 814 815 816 817 818 819 820 821 822 823 824 825 826 827 828 829 830 831 832 
26 2 833 834 835 836 837 18 838 839 840 841 842 843 844 845 846 847 848 849 850 851 852 853 854 855 856 
18 2 857 858 859 860 861 862 863 864 865 866 867 868 869 870 871 872 873 
23 2 874 875 876 877 878 879 880 881 882 883 884 885 886 887 888 889 890 891 892 893 894 895 
23 896 897 898 899 3 900 901 902 903 904 905 906 907 908 909 910 911 912 913 914 915 916 917 
22 918 919 3 920 921 922 923 924 925 926 927 928 929 930 931 329 932 933 934 935 936 937 
22 938 3 939 940 941 942 943 944 945 946 866 947 948 949 950 951 952 953 954 955 956 957 
24 958 3 959 960 961 962 963 964 965 966 967 968 969 970 971 972 973 974 975 976 977 978 979 980 
32 981 3 982 983 984 985 986 987 988 989 990 991 992 993 994 995 672 996 997 998 999 1000 1001 1002 1003 1004 1005 1006 1007 1008 1009 1010 
20 1011 3 1012 1013 1014 1015 1016 1017 1018 1019 1020 1021 1022 134 1023 1024 1025 1026 1027 1028 
23 1029 1030 3 1031 1032 1033 1034 1035 1036 1037 1038 1039 1040 1041 1042 1043 1044 1045 1046 1047 1048 1049 1050 
17 1051 3 1052 1053 1054 1055 1056 1057 1058 1059 1060 1061 1062 1063 1064 1065 1066 
17 1067 1068 3 1069 1070 1071 1072 1073 1074 1075 1076 1077 1078 1079 1080 1081 1082 
17 3 1083 1084 1085 1086 1087 1088 1089 1090 1091 1092 1093 1094 1095 1096 1097 1098 
29 3 1099 1100 1101 1102 1103 1104 1105 1106 1107 1108 1109 1110 1111 1112 1113 1114 1115 1116 1117 1118 1119 1120 1121 1122 1123 1124 1125 1126 
14 1127 3 1128 1129 1130 1131 1132 1133 1134 1135 1136 1137 1138 1139 
10 1140 1141 3 1142 1143 1144 1145 1146 1147 1148 
16 1149 3 1150 1151 1152 1153 1154 1155 1156 1157 1158 1159 1160 1161 1162 1163 
22 1164 1165 1166 3 1167 1168 1169 1170 1171 1172 1173 1174 1175 1176 1177 1178 1179 1180 1181 1182 1183 1184 
20 3 1185 1186 1187 1188 1189 1190 1191 1192 1193 1194 1195 1196 1197 1198 1199 1200 1201 1202 1203 
20 1204 3 1205 1206 1207 1208 1209 1210 1211 1212 1213 1214 1215 1216 1217 1218 1219 1220 1221 1222 
23 1223 1224 1225 3 1226 1227 1228 1229 1230 1231 1232 1233 1234 1235 1236 1237 1238 1239 1240 1241 1242 1243 1244 
20 1245 3 1246 1247 1248 1249 1250 1251 1252 1253 1254 1255 1256 1257 1258 1259 1260 1261 1262 1263 
25 1264 1265 4 1266 1267 1268 1269 1270 1271 1272 1273 1274 1275 1276 1277 1278 1279 1280 1281 1282 1283 1284 1285 1286 1287 
32 4 1288 1289 1290 1291 1292 1293 1294 1295 1296 1297 1298 1299 1300 1301 1302 1303 1304 1305 1306 1307 1308 1309 1310 1311 1312 1313 1314 1315 1316 1317 1318 
17 1319 1320 4 1321 1322 1323 1324 1325 1326 1327 1328 1329 1330 1331 1332 1333 1334 
25 1335 4 1336 1337 1338 1339 1340 1341 1342 1343 1344 1345 1346 1347 1348 1349 1350 1351 1352 1353 1354 1355 1356 1357 1358 
18 1359 4 1360 1361 1362 1363 1364 1365 1366 1367 1368 1369 1370 1371 1372 1373 1374 1375 
18 1376 1377 1378 4 1379 1380 1381 1382 1383 1384 1385 1386 1021 1387 1388 1389 1390 1391 
11 1392 1393 4 1394 1395 1396 1397 1398 1399 1400 32 
1 4 
1 4 
1 4 
1 4 
1 4 
1 4 
2 4 1277 
2 4 1019 
2 4 306 
1 4 
1 4 
2 4 530 
1 5 
1 5 
2 5 376 
1 5 
1 5 
1 5 
1 5 
1 5 
1 5 
1 5 
1 5 
1 5 
2 5 114 
1 5 
1 5 
1 5 
1 5 
2 729 5 
1 5 
2 6 1153 
1 6 
1 6 
1 6 
1 6 
2 480 6 
1 6 
1 6 
1 6 
2 6 865 
1 6 
2 6 96 
1 6 
1 7 
1 7 
1 7 
1 7 
1 7 
1 7 
1 7 
2 704 7 
1 7 
1 7 
1 7 
1 7 
1 7 
1 7 
1 7 
1 7 
1 7 
1 7 
3 7 326 51 
4 877 7 658 1027 
2 7 772 
2 7 618 
2 7 463 
2 7 269 
1 7 
1 7 
3 7 39 1316 
1 7 
1 8 
1 8 
1 8 
1 8 
2 8 505 
1 8 
2 1245 8 
1 8 
1 8 
2 8 457 
1 8 
1 8 
1 8 
1 8 
1 8 
1 8 
1 8 
1 8 
1 8 
1 8 
1 9 
1 9 
1 9 
1 9 
2 9 307 
2 9 342 
1 9 
1 9 
1 9 
1 9 
1 9 
1 9 
3 1102 9 1097 
1 9 
2 9 489 
1 9 
1 9 
1 9 
1 10 
1 10 
1 10 
2 10 775 
1 10 
1 10 
1 10 
1 10 
1 10 
1 10 
1 10 
1 10 
1 10 
2 10 844 
1 10 
1 10 
1 10 
1 10 
1 10 
1 10 
1 10 
1 10 
1 10 
1 11 
1 11 
1 11 
2 11 1364 
2 11 717 
1 11 
1 11 
1 11 
1 11 
2 11 1023 
2 11 1274 
1 11 
1 11 
1 11 
1 11 
1 11 
1 11 
1 11 
1 11 
1 12 
2 12 447 
1 12 
2 12 773 
1 12 
1 12 
3 731 12 917 
1 12 
3 12 1077 1148 
2 12 996 
1 12 
1 12 
1 12 
1 12 
1 12 
1 12 
1 12 
3 877 12 943 
1 12 
2 12 789 
1 12 
1 12 
1 12 
1 12 
1 13 
1 13 
1 13 
1 13 
2 13 1043 
2 622 13 
1 13 
1 13 
3 13 483 719 
1 13 
1 13 
2 14 1115 
1 14 
2 14 1014 
1 14 
1 14 
1 14 
1 14 
1 14 
1 14 
1 14 
2 14 139 
1 14 
2 14 1386 
1 14 
1 14 
2 1322 15 
1 15 
2 15 652 
1 15 
1 15 
1 15 
1 15 
2 664 15 
2 15 529 
1 15 
1 15 
1 15 
1 15 
1 15 
1 15 
1 15 
1 15 
1 15 
1 15 
1 15 
1 15 
1 15 
1 15 
1 16 
1 16 
1 16 
1 16 
3 458 16 1202 
1 16 
1 16 
1 16 
1 16 
2 16 80 
2 16 168 
1 16 
1 16 
1 16 
2 16 578 
3 16 426 1355 
1 16 
1 16 
1 16 
1 16 
1 16 
2 16 1027 
1 16 
1 16 
2 326 16 
1 16 
1 16 
1 17 
1 17 
3 17 134 321 
1 17 
1 17 
3 47 17 360 
1 17 
2 17 485 
1 17 
1 17 
1 17 
1 17 
1 17 
1 17 
1 17 
2 710 17 
1 17 
1 17 
2 17 169 
1 17 
1 17 
2 18 910 
1 18 
1 18 
1 18 
2 18 1174 
2 386 18 
1 18 
1 18 
1 18 
1 18 
1 18 
2 18 629 
1 18 
1 18 
2 18 911 
2 18 329 
1 18 
2 794 19 
1 19 
1 19 
1 19 
1 19 
1 19 
1 19 
1 19 
2 592 19 
1 19 
1 19 
1 19 
1 19 
1 19 
2 86 19 
1 19 
1 19 
1 19 
1 19 
1 19 
1 19 
1 19 
1 19 
1 20 
2 350 20 
1 20 
3 668 20 763 
2 731 20 
1 20 
1 20 
1 20 
1 20 
1 20 
2 595 20 
1 20 
1 20 
2 1273 20 
1 20 
1 20 
1 20 
1 20 
1 20 
1 20 
1 20 
1 20 
1 20 
1 20 
1 20 
2 812 21 
1 21 
1 21 
1 21 
1 21 
1 21 
1 21 
2 21 1286 
1 21 
1 21 
1 21 
1 21 
1 21 
1 21 
2 866 21 
1 21 
2 312 21 
2 496 21 
1 21 
1 21 
2 984 21 
1 21 
1 21 
1 22 
2 22 809 
3 22 599 726 
1 22 
2 1146 22 
1 22 
2 1217 22 
1 22 
1 22 
1 22 
2 22 975 
3 624 22 554 
1 22 
1 22 
2 225 22 
1 22 
1 22 
1 22 
1 22 
1 23 
1 23 
1 23 
1 23 
1 23 
2 153 23 
2 301 23 
1 23 
1 23 
1 23 
1 23 
2 23 138 
2 1135 23 
1 23 
3 1359 23 1202 
2 23 1047 
1 23 
3 1214 23 1003 
1 23 
1 23 
2 654 23 
1 23 
1 23 
1 23 
1 23 
1 23 
1 23 
1 24 
2 108 24 
1 24 
1 24 
2 24 256 
1 24 
2 331 24 
1 24 
1 24 
1 24 
4 571 178 24 1123 
1 24 
1 24 
1 24 
1 25 
1 25 
1 25 
2 427 25 
2 950 25 
1 25 
2 578 25 
1 25 
1 25 
1 25 
1 25 
1 25 
2 148 25 
1 25 
1 25 
1 25 
2 585 25 
1 25 
1 25 
1 25 
1 25 
1 26 
1 26 
1 26 
1 26 
1 26 
1 26 
1 26 
1 26 
1 27 
2 27 932 
1 27 
1 27 
1 27 
2 27 736 
1 27 
2 27 282 
2 27 83 
1 27 
1 27 
1 27 
1 27 
2 585 27 
1 27 
1 27 
1 27 
1 27 
1 27 
1 27 
2 700 27 
1 27 
1 28 
4 662 731 28 871 
1 28 
1 28 
1 28 
1 28 
2 28 1255 
3 28 1037 1119 
1 28 
1 28 
2 28 444 
1 28 
1 28 
2 28 909 
1 28 
1 29 
1 29 
1 29 
1 29 
1 29 
1 29 
1 29 
1 29 
1 29 
1 29 
1 29 
3 29 599 763 
2 30 489 
1 30 
1 30 
2 30 1202 
1 30 
1 30 
3 1339 30 1302 
3 30 499 311 
1 30 
1 30 
1 30 
1 30 
1 30 
1 31 
4 31 909 535 509 
1 31 
1 31 
1 31 
1 31 
1 31 
2 644 31 
2 31 370 
1 31 
1 31 
2 31 395 
1 31 
1 31 
1 31 
3 435 31 570 
1 31 
1 31 
2 31 1151 
1 31 
1 31 
1 32 
1 32 
2 32 1002 
2 732 32 
1 32 
1 32 
1 32 
1 32 
1 32 
1 32 
1 32 
1 32 
1 32 
2 32 137 
1 32 
1 33 
1 33 
2 33 253 
1 33 
2 33 444 
1 33 
1 33 
2 33 1176 
1 33 
2 33 356 
1 33 
1 33 
1 33 
1 33 
1 33 
1 33 
1 33 
1 33 
1 33 
1 33 
1 33 
2 34 675 
2 1072 34 
1 34 
3 591 34 1374 
1 34 
1 34 
1 34 
1 34 
1 34 
1 34 
2 34 1098 
3 276 34 996 
2 34 1115 
2 34 472 
1 34 
1 34 
1 34 
3 994 34 135 
1 34 
1 34 
1 34 
2 545 35 
1 35 
2 281 35 
1 35 
1 35 
1 35 
2 388 35 
1 35 
2 964 35 
2 1266 35 
3 50 988 35 
1 35 
1 35 
2 641 35 
2 35 1332 
2 1379 35 
2 35 1203 
1 35 
1 35 
2 35 782 
1 35 
1 36 
1 36 
1 36 
1 36 
1 36 
1 36 
1 36 
1 36 
1 36 
1 36 
1 36 
1 36 
2 36 891 
1 36 
1 36 
1 36 
1 36 
2 37 542 
1 37 
1 37 
1 37 
2 123 37 
1 37 
1 37 
1 37 
1 37 
1 37 
2 37 339 
3 927 37 744 
2 1185 37 
1 37 
1 37 
1 37 
1 37 
2 209 37 
1 37 
2 37 256 
1 37 
1 37 
1 37 
1 37 
1 37 
1 37 
2 435 37 
1 37 
1 37 
2 38 101 
1 38 
4 389 545 230 38 
2 608 38 
1 38 
1 38 
1 38 
2 527 38 
1 38 
1 38 
2 38 954 
1 38 
1 38 
1 38 
1 38 
2 711 38 
1 38 
1 38 
2 38 791 
1 38 
1 38 
1 39 
1 39 
1 39 
1 39 
1 39 
1 39 
2 797 39 
1 39 
2 39 852 
1 39 
1 39 
1 39 
2 799 39 
4 388 1301 39 570 
1 39 
1 39 
1 39 
2 1218 39 
1 39 
1 39 
1 39 
1 40 
2 136 40 
2 227 40 
1 40 
2 185 40 
1 40 
1 40 
1 40 
1 40 
1 40 
1 40 
2 40 681 
1 40 
1 40 
2 815 40 
1 40 
1 40 
2 833 40 
2 40 243 
1 40 
2 40 747 
1 40 
1 41 
2 362 41 
1 41 
1 41 
2 756 41 
1 41 
2 41 762 
1 41 
1 41 
1 41 
1 41 
1 41 
1 41 
1 41 
1 41 
1 41 
2 434 41 
1 41 
1 41 
2 410 42 
1 42 
1 42 
2 785 42 
1 42 
1 42 
1 42 
1 42 
1 42 
1 42 
1 42 
1 42 
2 42 1222 
1 42 
1 42 
1 42 
1 42 
1 42 
1 42 
2 1140 42 
1 42 
2 43 788 
1 43 
1 43 
1 43 
1 43 
1 43 
1 43 
1 43 
1 43 
1 43 
1 43 
2 195 43 
1 43 
1 43 
1 43 
1 43 
1 43 
1 43 
1 43 
2 758 43 
1 43 
1 43 
1 43 
1 43 
1 44 
1 44 
1 44 
1 44 
2 887 44 
1 44 
1 44 
1 44 
2 112 44 
4 48 904 424 44 
1 44 
1 44 
1 44 
1 44 
3 545 1175 44 
1 44 
1 44 
1 45 
1 45 
1 45 
3 241 135 45 
1 45 
1 45 
1 45 
2 1265 45 
2 1086 45 
1 45 
1 45 
2 905 45 
1 45 
2 861 45 
2 1148 45 
1 45 
1 45 
2 695 45 
1 45 
1 45 
1 45 
1 45 
1 46 
1 46 
1 46 
1 46 
1 46 
1 46 
1 46 
1 46 
2 46 866 
2 46 885 
1 46 
2 46 1064 
1 46 
3 46 585 557 
2 46 345 
2 46 359 
1 46 
1 46 
1 46 
1 46 
1 46 
2 46 230 
1 47 
1 47 
1 47 
1 47 
1 47 
1 47 
1 47 
1 47 
1 47 
2 47 711 
1 47 
1 47 
1 47 
2 47 1085 
2 47 523 
1 47 
1 47 
1 47 
1 47 
1 47 
1 48 
1 48 
1 48 
1 48 
1 48 
2 48 241 
1 48 
1 48 
1 48 
2 48 1311 
1 48 
1 48 
2 48 497 
1 48 
1 48 
1 48 
2 48 739 
1 48 
1 48 
1 48 
1 49 
1 49 
1 49 
1 49 
1 49 
1 49 
2 49 670 
1 49 
1 49 
1 49 
1 49 
1 49 
1 49 
2 49 1040 
1 49 
1 49 
1 49 
2 49 443 
1 49 
1 49 
1 49 
1 49 
1 49 
1 50 
1 50 
1 50 
2 50 430 
1 50 
1 50 
1 50 
2 50 672 
1 50 
1 50 
1 50 
1 50 
1 50 
2 50 658 
1 50 
3 50 233 652 
1 50 
1 50 
1 50 
1 50 
1 50 
3 50 607 1238 
2 50 469 
1 50 
1 50 
1 50 
1 50 
1 50 
1 50 
1 50 
1 51 
1 51 
1 51 
2 51 261 
1 51 
1 51 
1 51 
1 51 
3 1319 51 79 
1 51 
3 51 70 1239 
1 51 
2 51 214 
1 51 
1 51 
1 51 
3 51 318 135 
1 51 
1 52 
1 52 
1 52 
1 52 
1 52 
1 52 
2 1392 52 
1 52 
2 52 551 
1 52 
1 52 
2 52 971 
1 52 
2 1335 52 
2 52 252 
1 52 
1 52 
1 52 
2 52 467 
1 52 
1 52 
1 52 
1 53 
1 53 
2 53 1309 
1 53 
1 53 
1 53 
1 53 
1 53 
1 53 
1 53 
1 53 
1 53 
1 53 
2 53 907 
1 53 
1 53 
1 54 
1 54 
1 54 
1 54 
1 54 
2 642 54 
1 54 
1 54 
1 54 
1 54 
2 232 54 
1 54 
1 54 
1 54 
1 54 
1 54 
1 55 
1 55 
2 55 931 
2 882 55 
1 55 
1 55 
2 1294 55 
1 55 
1 55 
1 55 
1 55 
1 55 
1 55 
1 55 
2 55 176 
2 651 55 
1 56 
1 56 
1 56 
3 56 176 1201 
1 56 
1 56 
1 56 
1 56 
1 56 
2 56 1355 
1 56 
1 56 
1 56 
1 56 
1 56 
1 56 
3 259 653 56 
1 56 
1 56 
1 56 
2 56 551 
1 56 
1 56 
1 56 
2 56 489 
1 56 
1 56 
1 56 
1 57 
1 57 
1 57 
1 57 
1 57 
1 57 
1 57 
1 57 
2 464 57 
1 57 
1 57 
1 57 
2 1291 57 
2 58 831 
1 58 
1 58 
1 58 
1 58 
1 58 
2 437 58 
1 58 
3 232 888 58 
1 59 
1 59 
2 59 602 
1 59 
2 103 59 
1 59 
1 59 
1 59 
1 59 
1 59 
1 59 
1 59 
1 59 
1 59 
1 59 
1 60 
1 60 
1 60 
2 1307 60 
1 60 
1 60 
1 60 
1 60 
1 60 
1 60 
2 349 60 
2 60 871 
2 627 60 
2 1248 60 
1 60 
1 60 
1 60 
1 60 
1 60 
1 60 
1 60 
2 712 61 
1 61 
1 61 
1 61 
1 61 
1 61 
1 61 
1 61 
1 61 
1 61 
1 61 
1 61 
1 61 
1 61 
2 1371 61 
1 61 
2 1102 61 
4 301 574 466 61 
2 678 61 
1 62 
1 62 
1 62 
1 62 
1 62 
1 62 
1 62 
1 62 
1 62 
1 62 
2 469 62 
1 62 
1 62 
2 439 62 
2 767 62 
1 62 
1 62 
1 62 
2 824 62 
1 63 
1 63 
1 63 
1 63 
1 63 
1 63 
1 63 
1 63 
1 63 
2 1320 63 
1 63 
1 63 
1 63 
1 63 
1 63 
2 1002 63 
2 1021 63 
1 63 
1 63 
1 63 
1 63 
1 63 
2 150 64 
1 64 
1 64 
2 1177 64 
1 64 
1 64 
2 1397 64 
1 64 
1 64 
2 1388 64 
2 550 64 
1 64 
1 64 
1 64 
1 64 
1 64 
1 64 
1 64 
1 64 
1 65 
2 65 881 
2 65 671 
1 65 
1 65 
1 65 
1 65 
1 65 
1 65 
2 65 398 
2 65 215 
1 65 
1 65 
2 65 78 
1 65 
1 65 
1 65 
1 65 
1 65 
1 65 
1 65 
1 65 
2 65 417 
1 65 
1 66 
1 66 
1 66 
2 66 1139 
1 66 
1 66 
2 66 1089 
1 66 
1 66 
1 66 
1 66 
1 66 
1 66 
2 66 763 
2 66 577 
1 66 
1 66 
1 66 
1 66 
2 1167 66 
1 66 
2 66 1053 
1 66 
2 66 947 
1 66 
1 66 
1 66 
1 66 
2 66 142 
1 66 
1 66 
2 67 1019 
2 67 1232 
1 67 
2 274 67 
1 67 
1 67 
1 67 
1 67 
1 67 
1 67 
1 67 
1 67 
1 67 
2 67 676 
1 67 
1 67 
2 68 1042 
1 68 
1 68 
1 68 
2 68 577 
1 68 
1 68 
1 68 
1 68 
1 68 
1 68 
1 68 
1 68 
1 68 
1 68 
1 68 
1 68 
1 68 
1 68 
1 68 
3 68 1108 312 
1 68 
1 68 
1 68 
2 69 466 
1 69 
1 69 
1 69 
1 69 
2 208 69 
1 69 
1 69 
1 69 
1 69 
1 69 
1 69 
2 69 1199 
1 69 
1 69 
2 644 69 
1 69 
1 70 
1 70 
1 70 
2 70 677 
1 70 
1 70 
1 70 
1 70 
1 70 
1 70 
2 70 271 
1 70 
2 70 1254 
1 70 
1 70 
1 70 
2 1035 71 
1 71 
1 71 
1 71 
1 71 
2 1251 71 
1 71 
1 71 
1 71 
