16 2 3 4 5 6 7 8 9 10 11 12 13 14 15 16 17 
19 18 19 20 21 22 23 24 25 26 27 28 29 30 1 31 32 33 34 35 
21 36 37 38 39 40 41 42 43 44 1 45 46 47 48 49 50 51 52 53 54 55 
27 56 57 58 59 60 61 62 63 64 65 66 67 68 69 70 71 72 1 73 74 75 76 77 78 79 80 81 
24 82 83 84 85 86 87 88 89 90 91 92 93 1 94 95 96 97 98 99 100 101 102 103 104 
12 105 106 107 108 109 110 111 1 112 113 114 115 
23 116 117 118 119 120 121 122 123 1 124 125 126 127 128 129 130 131 132 133 134 135 136 137 
26 138 139 140 141 142 143 144 145 146 147 148 149 150 151 152 153 1 154 155 156 157 158 159 160 161 162 
32 163 164 165 166 167 168 169 170 171 172 173 174 175 176 177 178 179 180 1 181 182 183 184 185 186 187 188 189 190 191 192 193 
22 194 195 196 197 198 199 200 201 202 203 1 204 205 206 207 208 209 210 211 212 213 214 
19 215 216 217 218 219 220 221 222 223 1 224 225 226 227 228 229 230 231 232 
28 233 234 235 236 237 238 239 240 241 242 243 244 245 246 247 248 249 1 250 251 252 253 254 255 256 257 258 259 
31 260 261 262 263 264 265 266 267 268 269 270 271 272 273 274 275 276 277 278 279 1 280 281 282 283 284 285 286 287 288 289 
16 290 291 292 293 294 295 296 297 298 299 300 1 301 302 303 304 
28 305 306 307 308 309 310 311 312 313 314 315 316 317 318 319 320 321 322 323 324 325 326 327 1 328 329 330 331 
24 332 333 334 335 336 337 338 339 340 341 342 343 344 345 346 347 348 1 349 350 351 352 353 354 
26 355 356 357 358 359 360 361 362 363 364 365 366 367 368 369 370 1 371 372 373 374 375 376 377 378 379 
19 380 381 382 383 384 385 386 2 387 388 389 390 391 392 393 394 395 396 397 
22 398 399 400 401 2 402 403 404 405 406 407 408 409 410 411 412 413 414 415 416 417 418 
25 419 420 421 422 423 424 2 425 426 402 427 428 429 430 431 432 433 434 435 436 437 438 439 440 441 
29 215 442 443 444 445 446 2 447 448 449 450 451 452 453 454 455 456 457 458 459 460 461 462 463 464 465 466 467 468 
21 469 470 471 2 472 473 474 475 476 477 478 479 480 481 482 483 484 485 486 487 488 
21 489 2 490 491 492 493 494 495 496 497 498 499 500 501 502 503 504 505 506 507 508 
30 509 510 511 512 513 514 515 2 516 517 518 519 520 521 522 523 524 525 526 527 528 529 530 531 532 533 534 535 536 537 
14 538 539 540 2 541 542 543 544 545 546 547 548 549 550 
22 551 552 553 554 2 555 556 557 558 559 560 561 562 563 564 565 566 567 568 569 570 571 
24 572 573 574 575 2 576 577 578 579 580 581 582 583 584 585 586 587 588 589 590 591 592 593 594 
18 595 596 597 598 2 599 600 601 602 603 604 605 606 607 608 609 610 611 
26 612 613 614 615 616 617 618 2 619 620 621 622 623 624 625 626 627 628 629 630 631 632 633 634 635 636 
20 637 638 639 640 641 642 2 643 644 645 646 647 648 649 650 651 652 653 654 655 
21 656 2 657 658 659 660 661 662 663 664 665 666 667 668 669 670 671 672 673 674 675 
24 676 677 2 678 679 680 681 682 683 684 685 686 687 688 689 690 691 692 693 694 695 696 697 698 
21 699 700 2 701 702 703 704 705 706 707 708 709 710 711 712 713 714 715 716 717 718 
16 719 720 2 721 722 723 724 725 726 727 728 729 730 731 732 733 
22 734 735 736 737 2 738 739 740 741 742 743 744 745 746 747 748 749 750 751 752 753 754 
24 755 756 757 758 759 760 761 3 762 763 764 765 766 767 768 769 770 771 772 773 774 775 776 777 
29 778 779 780 781 782 783 784 785 3 786 787 788 789 790 791 792 793 794 795 796 797 798 799 800 801 802 803 804 805 
20 806 807 808 809 3 810 811 812 813 814 815 816 817 818 819 820 821 822 823 824 
24 825 826 827 828 829 830 831 3 832 833 834 835 836 837 838 839 840 841 842 843 844 845 846 847 
22 848 849 850 851 3 852 853 854 855 856 857 858 859 860 861 862 863 864 865 866 867 868 
32 869 870 871 872 873 3 874 875 659 876 877 878 879 880 881 882 883 884 885 886 887 888 889 890 891 892 893 894 895 896 897 898 
14 899 900 3 901 902 903 904 905 906 907 908 909 910 911 
24 912 913 914 915 916 917 918 3 919 920 921 922 923 924 925 926 686 927 928 929 930 931 932 933 
11 934 935 3 936 937 938 939 437 940 941 942 
16 943 944 945 3 946 947 948 949 950 951 952 953 954 955 956 957 
22 958 959 960 961 962 963 964 965 3 966 967 968 969 970 971 972 973 974 975 976 977 978 
17 979 980 981 982 3 983 984 985 986 987 988 989 990 991 992 993 994 
25 995 996 997 3 998 999 1000 1001 1002 1003 1004 1005 1006 1007 1008 1009 1010 1011 1012 1013 1014 1015 1016 1017 1018 
12 1019 3 1020 1021 1022 1023 1024 1025 1026 1027 1028 1029 
25 1030 1031 1032 3 1033 1034 1035 1036 1037 1038 1039 1040 1041 1042 1043 1044 1045 1046 1047 1048 1049 1050 1051 1052 1053 
25 1054 1055 1056 1057 1058 1059 1060 3 1061 1062 1063 1064 1065 1066 1067 1068 1069 1070 1071 1072 1073 1074 1075 1076 1077 
22 1078 1079 1080 3 1081 1082 1083 1084 1085 1086 1087 1088 1089 1090 1091 1092 1093 1094 1095 1096 1097 1098 
22 1099 1100 1101 1102 1103 1104 3 1105 1106 1107 1108 1109 1110 1111 1112 1113 1114 1115 1116 1117 1118 1119 
11 1120 3 1121 1122 1123 1124 1125 1126 1127 1128 1129 
17 1130 3 1131 1132 1133 1134 1135 1136 1137 1138 1139 1140 1141 1142 1143 1144 1145 
21 1146 1147 1148 4 1149 1150 1151 1152 1153 1154 1155 1156 1157 1158 1159 1160 1161 1162 692 1163 1164 
21 1165 1166 1167 1168 1169 1170 4 1171 1172 1173 1174 1175 1176 1177 1178 1179 1180 1181 1182 1183 1184 
20 1185 1186 1187 1188 1189 1190 1191 1192 4 1193 1194 1195 1196 1197 1198 1199 1200 1201 1202 1203 
34 1204 1205 1206 1207 1208 4 1209 1210 1211 1212 1213 1214 973 1215 1216 1217 1218 1219 1220 1221 1222 1223 1224 1225 1226 1227 1228 1229 1230 1231 1232 1233 1234 1235 
26 1236 1237 1238 1239 1240 4 1241 1242 1243 1244 1245 1246 1247 1248 1249 1250 1251 1252 1253 1254 1255 1256 1257 1258 1259 1260 
20 1261 1262 1263 1264 1265 4 1266 1267 1268 1269 1270 1271 1272 1273 1274 1275 1276 1277 1278 1279 
23 1280 1281 4 1282 1283 1284 1285 1286 1287 1288 1289 1290 1291 1292 1293 1294 1295 1296 1297 1298 1299 1300 1301 
14 1302 1303 1304 1305 4 1306 1307 1308 1309 1310 1311 1312 1313 1314 
15 1315 1316 4 1317 1318 1319 1320 1321 1322 1323 1324 1325 1326 1327 1328 
21 1329 4 1330 1331 1332 1333 1334 1335 1336 1337 1338 1339 1340 1341 1342 1343 1344 1345 288 1346 1347 
28 1348 1349 1350 1351 1352 1353 4 1354 1355 1356 1357 1358 1359 1360 1361 1362 1363 887 1364 1365 1366 1367 1368 1369 1370 1371 1372 1373 
17 1374 4 1375 1376 1377 1378 1379 1380 1381 1382 1383 1384 1385 1386 1387 1388 868 
30 1389 1390 1391 1392 1393 4 1394 1395 1396 1397 1398 1399 1400 1401 1402 1403 1404 1405 1406 1407 1408 1409 1410 1411 1412 1413 1414 1415 1416 1417 
17 1418 1419 1420 1421 4 1422 1423 1424 1425 1426 1427 1428 1429 1430 1431 1432 1433 
15 1434 1435 4 1436 1437 1438 1439 882 1440 1441 1442 1443 1444 1445 1446 
10 1447 1448 4 1449 1450 1451 1452 1453 1454 1455 
26 1456 1457 1458 1459 4 1460 1461 1462 1463 1464 1465 1466 1467 1468 1469 1470 1471 1472 1473 1474 1475 1476 1477 1478 1479 1480 
19 1481 1482 4 1483 1484 1485 1486 1487 1488 1489 1490 1491 1492 1493 1494 1495 1496 1497 1498 
23 1499 1500 1501 4 1502 1503 1504 1505 1506 1507 1508 1509 1510 1511 1512 1513 1514 1515 1516 1517 1518 1519 1520 
26 1521 1522 1523 1524 4 1525 1526 1527 1528 1529 1530 1531 1532 1533 1534 1535 204 1536 1537 1538 1539 1540 1541 1542 1543 1544 
18 1545 1546 1547 1548 1549 4 1550 1551 1552 1553 1554 1555 1556 1557 1558 1559 1560 1561 
24 1562 1563 1564 1565 1566 1567 1568 1569 1570 4 1571 1572 1573 1574 1575 1576 1577 1578 1579 1580 1581 1582 1583 1584 
24 1585 1586 1587 4 1588 1589 1590 1591 1592 1593 1594 1595 1596 1597 1598 1599 1600 1601 1602 1603 1604 1605 1606 1607 
16 1608 4 1609 1610 1611 1612 1613 1614 1615 1616 1617 1618 1619 1620 1621 1622 
18 1623 1624 1625 1626 4 1627 1628 1629 1630 546 1631 1632 1633 1634 1635 1636 1637 1638 
27 1639 1640 1641 1642 1643 1644 1645 4 1646 1647 1648 1649 1650 1651 1652 1653 1654 1655 1656 1657 1658 1659 1660 1661 1662 1663 1664 
20 1665 1666 1667 5 1668 272 1669 1670 1671 1672 1673 1674 1675 1676 1677 1678 1679 1680 1681 1682 
26 1683 1684 1685 1686 1687 1688 5 557 1689 1690 1691 1692 1693 1694 1695 1696 1697 1698 1699 1700 1701 1702 1703 1704 1705 1706 
26 1707 1708 1709 5 1710 1711 1712 1713 1714 1715 1716 1717 1718 1719 1720 1721 1722 1723 1724 1725 1726 1727 1728 1729 1730 1731 
22 1732 1733 1734 1735 1736 1737 5 1738 1739 1740 1741 1742 1743 1744 1745 1746 1747 1748 1749 1750 1751 1752 
28 1753 1754 1755 1756 5 1757 1758 1759 1760 1761 1762 907 1763 1764 1765 1766 1767 1768 1769 1770 1771 1772 1773 1774 1775 1776 1777 1778 
16 1779 1780 1781 1782 5 1783 1784 1785 1786 1787 1788 1789 1790 1791 1792 1793 
8 1794 1795 1796 1797 1798 5 1799 1800 
2 5 162 
1 5 
2 5 1694 
1 5 
3 1394 5 1505 
1 5 
3 5 159 1582 
2 5 888 
1 5 
1 5 
2 809 5 
1 5 
2 5 1256 
2 961 5 
1 5 
1 5 
1 6 
1 6 
1 6 
1 6 
1 6 
1 6 
1 6 
1 6 
1 6 
2 151 6 
2 6 327 
1 7 
2 924 7 
1 7 
1 7 
1 7 
2 7 1607 
3 7 1582 1119 
1 7 
1 7 
1 7 
2 7 1542 
1 7 
1 7 
3 557 7 1470 
1 7 
1 7 
1 7 
3 1797 836 7 
1 7 
1 7 
1 7 
2 7 1700 
1 8 
1 8 
1 8 
1 8 
1 8 
1 8 
1 8 
2 1623 8 
1 8 
2 8 684 
1 8 
1 8 
1 8 
2 8 114 
1 8 
1 8 
2 490 8 
1 8 
1 8 
1 8 
1 8 
3 8 95 463 
3 473 8 894 
1 8 
2 89 8 
1 9 
1 9 
1 9 
2 9 1407 
1 9 
1 9 
2 9 1270 
1 9 
1 9 
1 9 
2 9 1752 
2 9 440 
1 9 
1 9 
1 9 
2 1353 9 
1 9 
1 9 
2 9 1218 
1 9 
2 9 1176 
1 9 
1 9 
1 9 
2 9 633 
1 9 
1 9 
1 9 
1 9 
2 920 9 
1 9 
1 10 
1 10 
2 10 631 
1 10 
1 10 
1 10 
1 10 
1 10 
1 10 
2 1437 10 
2 10 75 
1 10 
3 10 1472 883 
3 1238 1716 10 
1 10 
1 10 
1 10 
1 10 
1 10 
1 10 
1 10 
3 21 11 1542 
1 11 
1 11 
1 11 
1 11 
2 1628 11 
1 11 
1 11 
1 11 
1 11 
1 11 
2 11 1343 
2 11 674 
1 11 
2 11 1095 
2 1246 11 
1 11 
2 1404 11 
2 1486 12 
2 761 12 
1 12 
1 12 
1 12 
1 12 
2 683 12 
1 12 
1 12 
2 12 1273 
1 12 
1 12 
1 12 
2 760 12 
1 12 
2 740 12 
1 12 
2 1781 12 
1 12 
1 12 
2 415 12 
1 12 
2 12 803 
2 876 12 
1 12 
1 12 
2 1502 12 
2 1282 13 
1 13 
1 13 
1 13 
1 13 
1 13 
1 13 
1 13 
1 13 
2 1695 13 
2 13 1514 
1 13 
2 82 13 
1 13 
1 13 
2 13 889 
2 402 13 
1 13 
1 13 
1 13 
1 13 
1 13 
2 561 13 
4 461 1767 1091 13 
1 13 
1 13 
2 1354 13 
1 13 
2 65 13 
1 13 
1 14 
1 14 
1 14 
2 14 1518 
1 14 
1 14 
2 1641 14 
1 14 
1 14 
1 14 
1 14 
1 14 
1 14 
2 14 607 
1 14 
2 15 1164 
1 15 
2 15 956 
1 15 
1 15 
1 15 
1 15 
1 15 
1 15 
2 761 15 
1 15 
2 15 1387 
1 15 
1 15 
1 15 
1 15 
2 1449 15 
1 15 
1 15 
1 15 
1 15 
1 15 
2 15 115 
1 15 
1 15 
1 15 
1 15 
2 994 16 
3 1105 547 16 
1 16 
1 16 
2 16 674 
2 511 16 
1 16 
1 16 
2 742 16 
1 16 
1 16 
1 16 
1 16 
1 16 
1 16 
1 16 
1 16 
1 16 
1 16 
1 16 
1 16 
1 16 
1 16 
1 17 
1 17 
2 681 17 
2 1570 17 
1 17 
1 17 
1 17 
1 17 
1 17 
1 17 
3 856 17 1301 
2 1631 17 
1 17 
1 17 
1 17 
1 17 
1 17 
1 17 
1 17 
1 17 
2 498 17 
1 17 
2 1036 17 
2 481 17 
2 1573 17 
1 18 
2 18 936 
1 18 
1 18 
1 18 
1 18 
1 18 
1 18 
1 18 
1 18 
1 18 
1 18 
2 18 1445 
1 18 
1 18 
1 18 
1 18 
2 18 731 
1 19 
2 19 1689 
1 19 
2 19 1744 
4 19 20 276 1045 
2 615 19 
1 19 
1 19 
2 19 432 
1 19 
1 19 
1 19 
1 19 
1 19 
2 19 1097 
1 19 
2 19 1270 
2 19 253 
1 19 
1 19 
1 19 
1 20 
1 20 
1 20 
1 20 
1 20 
1 20 
1 20 
2 20 753 
1 20 
1 20 
1 20 
1 20 
1 20 
2 20 406 
1 20 
1 20 
1 20 
1 20 
4 780 20 44 892 
1 20 
1 20 
2 20 174 
2 20 1559 
1 21 
1 21 
1 21 
1 21 
1 21 
1 21 
2 21 452 
2 1737 21 
1 21 
1 21 
2 448 21 
1 21 
1 21 
2 21 1281 
1 21 
1 21 
1 21 
1 21 
2 21 1153 
3 21 789 283 
1 21 
2 21 159 
1 21 
1 21 
1 21 
1 21 
1 21 
1 22 
2 22 1279 
2 22 582 
1 22 
3 1565 22 160 
1 22 
1 22 
1 22 
1 22 
1 22 
2 22 1424 
1 22 
2 22 378 
1 22 
1 22 
2 22 1508 
1 22 
1 22 
2 22 1429 
1 22 
1 23 
2 23 154 
1 23 
1 23 
2 23 667 
2 23 1041 
1 23 
1 23 
1 23 
2 23 375 
1 23 
1 23 
1 23 
1 23 
1 23 
1 23 
1 23 
1 23 
1 23 
1 23 
1 24 
1 24 
2 337 24 
1 24 
1 24 
2 1685 24 
1 24 
2 24 1092 
1 24 
1 24 
1 24 
2 24 1712 
1 24 
1 24 
1 24 
1 24 
2 24 548 
1 24 
2 1054 24 
1 24 
1 24 
1 24 
1 24 
1 24 
1 24 
1 24 
1 24 
2 24 1069 
1 24 
1 25 
1 25 
1 25 
1 25 
2 1316 25 
1 25 
1 25 
1 25 
3 1758 25 80 
2 333 25 
2 25 525 
2 25 1773 
2 981 25 
3 1684 26 1411 
1 26 
1 26 
1 26 
1 26 
1 26 
5 83 965 26 1291 129 
2 26 594 
1 26 
1 26 
2 26 282 
4 26 1211 709 1777 
2 26 689 
1 26 
1 26 
1 26 
1 26 
1 26 
1 26 
1 26 
2 26 1496 
1 27 
1 27 
1 27 
1 27 
2 27 1511 
1 27 
1 27 
2 27 1584 
2 27 817 
1 27 
2 471 27 
2 27 1119 
1 27 
1 27 
1 27 
1 27 
1 27 
1 27 
3 637 27 1497 
2 27 1772 
1 27 
1 27 
2 558 27 
1 28 
2 28 1479 
1 28 
1 28 
1 28 
2 28 1771 
1 28 
1 28 
2 614 28 
1 28 
2 28 992 
1 28 
2 28 303 
1 28 
2 28 930 
1 28 
1 28 
1 29 
3 945 29 1405 
3 1461 603 29 
2 403 29 
1 29 
1 29 
2 1670 29 
1 29 
1 29 
1 29 
2 1596 29 
1 29 
2 706 29 
1 29 
1 29 
1 29 
1 29 
1 29 
1 29 
2 196 29 
1 29 
2 29 187 
3 1786 29 769 
1 29 
1 29 
2 30 590 
1 30 
1 30 
1 30 
2 30 667 
2 998 30 
2 30 1622 
1 30 
1 30 
1 30 
1 30 
2 30 797 
1 30 
2 980 30 
1 30 
1 30 
1 30 
1 30 
1 30 
1 31 
1 31 
1 31 
2 41 31 
1 31 
1 31 
1 31 
1 31 
1 31 
1 31 
2 1755 31 
3 641 493 31 
1 31 
2 1181 31 
1 31 
1 31 
1 31 
1 31 
3 336 227 31 
1 31 
1 32 
1 32 
1 32 
1 32 
2 1093 32 
2 357 32 
1 32 
2 239 32 
2 147 32 
2 1716 32 
2 43 32 
3 1384 32 697 
3 1111 1312 32 
2 563 32 
1 32 
1 32 
2 56 32 
1 32 
1 32 
1 32 
2 32 1498 
2 687 32 
1 32 
1 33 
1 33 
1 33 
2 1257 33 
1 33 
1 33 
2 1549 33 
3 624 1024 33 
1 33 
2 1524 33 
2 562 33 
1 33 
2 1499 33 
1 33 
1 33 
1 33 
1 33 
1 33 
1 33 
1 33 
1 34 
1 34 
1 34 
1 34 
4 763 1518 34 1259 
1 34 
1 34 
1 34 
2 1526 34 
1 34 
1 34 
1 34 
3 879 34 397 
1 34 
1 34 
1 35 
1 35 
1 35 
1 35 
1 35 
1 35 
2 248 35 
1 35 
3 340 1138 35 
1 35 
1 35 
1 35 
1 35 
1 35 
2 1729 35 
1 35 
2 1415 35 
2 1476 35 
1 35 
2 426 35 
2 847 35 
1 36 
1 36 
1 36 
1 36 
1 36 
2 36 246 
3 36 234 314 
1 36 
2 36 723 
1 36 
1 36 
1 36 
1 36 
1 36 
2 36 634 
3 36 1463 1662 
1 36 
2 36 1689 
1 36 
2 36 1655 
1 36 
1 36 
1 36 
1 37 
2 37 1156 
2 37 437 
1 37 
2 37 1354 
1 37 
1 37 
1 37 
2 37 1212 
1 37 
1 37 
2 37 461 
1 37 
1 37 
1 37 
1 37 
1 37 
1 37 
2 1434 37 
2 37 648 
1 37 
1 37 
1 37 
1 37 
1 37 
2 37 255 
1 37 
1 37 
1 38 
1 38 
1 38 
3 38 99 1201 
1 38 
1 38 
2 38 893 
1 38 
2 38 1493 
2 38 892 
1 38 
2 38 580 
1 38 
1 38 
1 38 
1 38 
1 38 
1 38 
1 38 
1 39 
1 39 
1 39 
1 39 
1 39 
1 39 
1 39 
1 39 
1 39 
1 39 
2 39 895 
2 39 133 
1 39 
2 39 1314 
1 39 
1 39 
1 39 
2 1081 39 
1 39 
1 39 
1 39 
1 39 
2 39 754 
1 40 
1 40 
1 40 
1 40 
2 945 40 
1 40 
1 40 
1 40 
2 40 365 
1 40 
1 40 
1 40 
1 40 
1 40 
1 40 
1 40 
2 40 1163 
1 40 
2 1205 40 
1 40 
2 40 67 
1 41 
1 41 
1 41 
1 41 
2 1462 41 
1 41 
2 1463 41 
2 41 256 
1 41 
2 919 41 
2 41 731 
1 41 
1 41 
2 41 70 
4 982 41 1719 206 
2 41 1388 
1 41 
1 41 
2 41 66 
2 41 96 
3 1209 41 275 
1 41 
1 41 
4 41 1176 815 437 
2 812 41 
2 41 160 
2 835 41 
1 41 
1 41 
1 41 
1 42 
1 42 
1 42 
1 42 
1 42 
2 42 1787 
1 42 
1 42 
3 86 42 1433 
1 42 
1 42 
1 42 
1 42 
1 43 
1 43 
1 43 
1 43 
1 43 
1 43 
1 43 
4 997 878 43 1127 
2 43 192 
2 959 43 
1 43 
1 43 
3 117 1798 43 
1 43 
1 43 
1 43 
2 43 1516 
1 43 
2 43 609 
2 43 1227 
1 43 
2 43 1368 
1 44 
2 44 1184 
4 381 1589 44 1556 
1 44 
2 44 1405 
1 44 
3 1521 1104 44 
1 44 
1 44 
1 45 
2 1418 45 
3 613 852 45 
1 45 
1 45 
1 45 
1 45 
1 45 
1 45 
2 969 45 
1 45 
2 1650 45 
1 45 
3 307 1060 45 
1 45 
1 46 
2 921 46 
1 46 
2 46 102 
1 46 
1 46 
2 46 1344 
2 557 46 
1 46 
1 46 
1 46 
2 46 952 
1 46 
1 46 
1 46 
2 59 46 
1 46 
1 46 
2 1213 46 
1 46 
1 46 
1 47 
2 47 650 
2 47 550 
2 883 47 
1 47 
1 47 
1 47 
1 47 
1 47 
1 47 
1 47 
1 47 
1 47 
3 1613 605 47 
2 1337 47 
2 332 47 
2 48 1259 
1 48 
2 919 48 
2 642 48 
1 48 
1 48 
1 48 
1 48 
1 48 
1 48 
1 48 
1 48 
1 48 
1 48 
1 48 
1 48 
1 48 
1 48 
1 48 
1 48 
1 48 
1 48 
1 48 
1 48 
1 49 
1 49 
2 1100 49 
1 49 
1 49 
2 706 49 
1 49 
1 49 
1 49 
1 49 
1 49 
1 50 
1 50 
1 50 
1 50 
1 50 
1 50 
2 50 377 
2 50 1749 
1 50 
1 50 
1 50 
2 494 50 
1 50 
1 50 
1 50 
2 402 50 
1 50 
1 50 
1 50 
1 50 
1 50 
1 50 
1 50 
1 50 
2 527 51 
1 51 
2 1546 51 
1 51 
2 1720 51 
1 51 
2 51 956 
1 51 
1 51 
1 51 
1 51 
1 51 
2 1213 51 
2 1350 51 
1 51 
2 51 536 
1 51 
1 51 
3 1501 1602 51 
1 51 
1 51 
1 51 
1 51 
3 1333 1406 51 
1 52 
1 52 
1 52 
2 842 52 
1 52 
1 52 
1 52 
1 52 
1 52 
1 52 
1 52 
1 52 
2 1106 52 
2 283 52 
2 516 52 
2 680 52 
1 52 
2 229 52 
1 52 
2 412 52 
2 1463 52 
1 53 
2 1021 53 
1 53 
2 53 1258 
2 53 1776 
2 940 53 
2 333 53 
2 1090 53 
1 53 
1 53 
1 53 
1 53 
2 688 53 
1 53 
1 53 
1 53 
1 53 
1 53 
1 53 
1 53 
3 122 583 53 
1 54 
1 54 
1 54 
1 54 
1 54 
1 54 
1 54 
2 919 54 
1 54 
1 54 
1 55 
1 55 
1 55 
2 1419 55 
1 55 
1 55 
1 55 
1 55 
2 742 55 
1 55 
1 55 
1 55 
1 55 
1 55 
1 55 
3 1242 1637 55 
1 56 
1 56 
1 56 
1 56 
1 56 
2 56 1590 
2 56 1306 
3 56 1595 460 
1 56 
1 56 
2 56 779 
1 56 
1 56 
1 56 
1 56 
1 56 
2 56 1501 
2 56 864 
2 305 56 
1 57 
1 57 
2 57 1632 
1 57 
1 57 
1 57 
1 57 
1 57 
1 57 
1 57 
1 57 
3 57 183 892 
2 57 1762 
1 57 
1 57 
1 57 
2 57 669 
1 57 
2 57 1486 
2 935 57 
1 58 
1 58 
1 58 
1 58 
1 58 
1 58 
1 58 
1 58 
1 58 
1 58 
1 58 
1 58 
1 58 
1 58 
1 58 
1 58 
3 58 809 1301 
2 1303 58 
1 58 
1 59 
2 59 866 
1 59 
2 59 1235 
1 59 
2 59 889 
1 59 
3 59 1351 562 
3 59 786 1549 
3 59 1066 976 
1 59 
2 59 1268 
1 59 
1 59 
2 59 181 
2 59 1618 
1 59 
1 59 
1 59 
1 59 
1 59 
1 59 
1 59 
3 59 931 1385 
1 59 
1 59 
2 59 1646 
1 59 
1 59 
1 59 
1 59 
2 59 1207 
1 60 
1 60 
2 60 207 
1 60 
1 60 
1 60 
2 60 1145 
1 60 
1 60 
1 60 
2 60 230 
2 60 1378 
1 60 
1 60 
1 60 
1 60 
1 60 
1 60 
1 60 
1 60 
2 60 101 
2 60 702 
2 1102 60 
3 995 60 723 
1 60 
1 61 
1 61 
1 61 
1 61 
1 61 
1 61 
2 61 1654 
2 61 1215 
1 61 
3 169 61 414 
1 61 
1 61 
2 61 242 
1 61 
1 61 
2 1644 61 
1 61 
1 61 
3 470 1524 61 
1 62 
2 62 455 
2 260 62 
1 62 
1 62 
2 62 1722 
1 62 
1 62 
1 62 
1 62 
1 62 
2 557 62 
1 62 
1 62 
1 62 
1 62 
1 62 
1 62 
1 62 
1 62 
1 62 
3 62 365 1201 
1 63 
2 63 1202 
1 63 
1 63 
2 63 1152 
2 63 1554 
3 1546 1434 63 
1 63 
1 63 
1 63 
2 63 688 
1 63 
3 63 838 1614 
1 64 
2 542 64 
1 64 
1 64 
1 64 
1 64 
1 64 
1 64 
1 64 
1 64 
2 64 1471 
1 64 
1 64 
2 64 1425 
1 65 
1 65 
1 65 
1 65 
2 65 1077 
1 65 
1 65 
1 65 
2 65 993 
1 65 
1 65 
1 65 
1 65 
1 65 
2 65 226 
2 964 65 
1 65 
1 65 
2 1562 65 
1 66 
1 66 
2 66 1067 
2 1211 66 
1 66 
2 66 178 
3 782 66 286 
1 66 
2 66 1604 
1 66 
1 66 
1 66 
1 66 
1 66 
1 66 
1 66 
2 66 1702 
1 66 
1 66 
1 66 
2 66 933 
2 66 1536 
1 66 
1 66 
1 66 
1 66 
1 67 
1 67 
1 67 
1 67 
2 67 1247 
1 67 
1 67 
2 1566 67 
1 67 
2 67 1531 
2 67 687 
2 67 1227 
1 67 
2 316 67 
2 67 884 
1 68 
2 68 1615 
1 68 
1 68 
1 68 
2 68 93 
1 68 
2 68 1508 
1 68 
1 68 
2 68 1677 
1 68 
1 68 
2 68 1603 
1 68 
2 68 232 
3 613 938 68 
2 68 1077 
2 166 68 
1 68 
1 68 
1 68 
2 551 68 
1 68 
1 68 
1 68 
2 68 750 
1 68 
1 68 
2 944 69 
2 69 1133 
1 69 
1 69 
1 69 
1 69 
2 69 479 
2 69 1328 
1 69 
1 69 
2 1485 69 
2 69 487 
1 69 
2 69 1558 
1 69 
2 69 907 
3 1308 70 796 
1 70 
1 70 
2 70 203 
1 70 
1 70 
1 70 
2 70 1703 
1 70 
1 70 
1 70 
2 70 392 
1 70 
1 71 
2 1486 71 
2 71 321 
1 71 
1 71 
1 71 
1 71 
1 71 
1 71 
1 72 
1 72 
1 72 
1 72 
1 72 
2 614 72 
2 873 72 
4 875 72 770 1098 
1 72 
1 72 
1 72 
1 72 
1 72 
1 72 
2 72 129 
2 72 1325 
2 72 206 
1 72 
1 72 
1 72 
2 72 751 
1 72 
2 72 1724 
2 596 72 
1 72 
1 73 
1 73 
1 73 
1 73 
2 1428 73 
4 233 1448 73 1183 
1 73 
1 73 
1 73 
1 73 
1 73 
1 73 
2 814 73 
1 73 
2 1533 73 
2 73 571 
3 73 1746 590 
2 73 696 
2 711 74 
1 74 
3 1072 74 1162 
2 74 259 
1 74 
1 74 
2 93 74 
1 74 
1 74 
3 1396 74 484 
2 1575 74 
1 74 
2 576 74 
1 74 
1 74 
2 270 74 
1 74 
2 928 74 
1 74 
3 293 723 74 
1 74 
1 74 
2 940 75 
1 75 
1 75 
3 708 75 1279 
1 75 
2 727 75 
1 75 
1 75 
1 75 
1 75 
2 1383 75 
1 75 
2 1495 75 
1 75 
1 75 
2 75 1369 
1 75 
1 75 
1 75 
2 1574 75 
1 75 
4 215 1668 126 75 
1 75 
2 1600 75 
1 76 
3 1056 1308 76 
1 76 
1 76 
3 705 1212 76 
1 76 
1 76 
1 76 
1 76 
2 1307 76 
1 76 
2 936 76 
1 76 
2 1431 76 
3 1591 441 76 
1 76 
1 76 
2 77 1347 
1 77 
1 77 
2 473 77 
2 1381 77 
1 77 
1 77 
1 77 
2 358 77 
1 77 
1 77 
2 77 379 
2 1540 77 
2 1509 77 
1 77 
1 77 
1 77 
1 77 
1 77 
1 77 
3 122 95 77 
1 77 
2 579 77 
1 78 
1 78 
1 78 
1 78 
3 936 1656 78 
2 1151 78 
2 1559 78 
1 78 
1 78 
1 78 
2 1153 78 
2 622 78 
1 78 
1 78 
1 78 
2 1544 78 
1 78 
2 1072 78 
2 1402 78 
2 1356 78 
1 78 
1 78 
2 121 78 
1 79 
1 79 
1 79 
1 79 
2 1630 79 
2 992 79 
2 79 1314 
2 1390 79 
1 79 
1 79 
2 1219 79 
1 79 
2 1641 79 
1 79 
2 643 79 
2 145 80 
1 80 
1 80 
1 80 
1 80 
2 220 80 
1 80 
2 1612 80 
2 366 80 
2 1167 80 
1 80 
1 80 
1 80 
1 80 
2 1145 80 
1 80 
1 81 
1 81 
4 296 1783 1620 81 
1 81 
1 81 
2 1276 81 
1 81 
2 1230 81 
1 81 
1 81 
1 81 
2 954 81 
1 81 
1 81 
1 81 
2 1267 81 
2 774 81 
2 1589 81 
1 81 
1 81 
1 81 
1 81 
1 81 
2 770 81 
1 81 
1 81 
1 82 
1 82 
1 82 
2 82 1542 
1 82 
2 82 618 
1 82 
1 82 
1 82 
1 82 
1 82 
1 82 
2 82 1399 
1 82 
1 82 
1 82 
1 82 
1 82 
1 83 
2 551 83 
2 83 514 
1 83 
1 83 
2 83 1782 
3 399 83 772 
1 83 
1 83 
1 83 
1 83 
2 83 91 
2 83 269 
1 83 
1 83 
1 83 
1 83 
2 83 137 
1 83 
2 83 1364 
2 83 1441 
1 83 
1 83 
1 83 
1 84 
1 84 
1 84 
1 84 
1 84 
2 84 520 
1 84 
1 84 
1 84 
3 84 685 207 
1 84 
1 84 
2 84 883 
2 84 1058 
1 84 
2 84 1285 
1 84 
2 84 1478 
1 84 
1 84 
1 84 
1 84 
2 84 748 
1 84 
1 84 
1 85 
1 85 
1 85 
1 85 
1 85 
2 449 85 
1 85 
1 85 
1 85 
1 85 
1 85 
1 85 
2 401 85 
1 85 
2 85 1497 
1 85 
1 85 
2 85 1037 
1 85 
1 85 
2 85 173 
1 86 
1 86 
2 86 666 
1 86 
1 86 
2 86 546 
1 86 
1 86 
1 86 
2 86 1177 
1 86 
1 86 
1 86 
1 86 
2 86 283 
1 86 
1 86 
1 86 
2 600 86 
2 86 591 
2 86 549 
1 86 
1 86 
2 1103 86 
2 86 562 
1 86 
1 87 
1 87 
2 87 250 
2 1688 87 
2 1641 87 
1 87 
1 87 
2 87 634 
2 904 87 
1 87 
1 87 
1 87 
1 87 
1 87 
1 87 
1 88 
1 88 
1 88 
2 88 133 
2 924 88 
1 88 
1 88 
