18 2 3 4 5 6 7 8 9 10 11 12 13 14 15 16 17 18 19 
22 20 21 22 23 24 25 26 27 28 29 30 31 32 33 34 35 36 37 38 39 1 40 
19 41 42 43 44 45 46 47 48 49 50 51 52 53 54 55 56 57 1 58 
27 59 60 61 62 63 64 65 66 67 68 69 70 71 72 73 74 75 76 77 78 79 80 81 82 83 84 1 
19 85 86 87 88 89 90 91 92 93 94 95 96 97 98 99 100 101 1 102 
18 103 104 105 106 107 108 109 110 111 112 113 114 115 116 117 118 1 119 
24 120 121 122 123 124 125 126 127 128 129 130 131 132 133 134 135 136 137 138 139 140 1 141 142 
17 143 144 145 146 147 148 149 150 151 152 153 154 155 156 157 1 158 
17 159 160 161 162 163 164 165 166 167 168 169 170 171 172 173 174 1 
16 175 176 177 178 179 180 181 182 183 184 185 186 187 188 189 1 
14 190 191 192 193 194 195 196 197 198 199 200 201 202 1 
27 203 204 205 206 207 208 209 210 211 212 213 214 215 216 217 218 219 220 221 222 223 224 225 226 227 228 1 
26 229 230 231 232 233 234 235 236 237 238 239 240 241 242 243 244 245 246 247 248 249 250 251 252 1 253 
14 254 255 256 257 258 259 260 261 262 263 264 265 266 1 
18 267 268 269 270 271 272 273 274 275 276 277 278 279 280 281 282 283 1 
29 284 285 286 287 288 289 290 291 292 293 294 295 296 297 298 299 300 301 302 303 304 305 306 307 308 309 310 311 1 
16 312 313 314 315 316 317 318 319 320 321 322 323 324 325 1 326 
17 327 328 329 330 331 332 333 334 335 336 337 338 339 340 341 1 342 
14 343 344 345 346 347 348 349 350 351 352 353 354 355 1 
26 2 356 357 358 359 360 361 362 363 364 365 366 367 368 369 370 371 372 373 374 375 376 377 378 379 380 
16 2 381 382 383 384 385 386 387 388 389 390 391 392 393 394 395 
24 396 397 398 2 399 400 401 402 403 404 405 406 407 408 409 410 411 412 413 414 415 416 417 418 
16 419 2 420 421 422 423 424 425 426 427 428 429 430 431 432 433 
20 434 435 2 436 437 438 439 440 441 442 443 444 445 446 447 448 449 450 451 452 
25 453 2 454 455 456 457 458 459 460 461 462 463 464 465 466 467 468 469 470 471 472 473 474 475 476 
18 477 2 478 479 480 481 482 483 484 485 486 487 488 489 490 491 492 493 
23 2 494 495 496 497 498 499 500 501 502 503 504 505 506 507 508 509 510 511 512 513 514 515 
22 2 516 517 518 519 520 521 522 523 524 525 526 527 528 529 530 531 532 533 189 534 535 
17 2 536 203 537 538 539 540 541 542 543 544 545 546 547 548 549 550 
21 2 551 552 553 554 555 556 557 558 559 560 561 562 563 564 565 566 567 568 569 570 
18 2 571 572 573 574 575 576 577 578 579 580 581 582 583 584 585 586 587 
22 588 2 589 590 591 592 593 594 595 596 597 598 599 600 601 602 603 604 605 606 607 608 
18 609 2 610 611 612 613 614 615 616 617 618 276 619 620 621 622 623 624 
19 2 625 626 627 628 629 630 631 632 633 634 635 636 637 638 639 640 641 642 
28 2 643 644 645 646 647 648 649 650 651 652 653 654 655 656 657 658 659 660 661 662 663 664 665 666 667 668 669 
25 670 2 671 672 673 674 675 676 677 678 162 679 680 681 682 683 684 685 686 687 688 689 690 691 692 
18 2 693 694 695 696 697 698 699 700 701 702 703 704 705 706 707 708 709 
22 2 710 711 712 713 714 715 716 314 717 718 719 720 721 722 723 724 725 415 726 727 728 
26 729 2 730 731 732 733 734 735 736 737 738 739 740 245 741 742 743 744 745 746 747 748 749 750 751 752 
27 753 2 754 755 756 757 758 759 760 761 762 763 764 765 766 767 768 769 770 771 772 773 774 775 776 777 778 
16 3 779 780 781 782 783 784 785 786 787 788 789 790 791 792 793 
18 794 3 795 796 797 798 799 800 801 802 803 804 805 806 807 808 809 810 
20 811 812 3 813 814 815 816 817 818 819 820 821 822 823 824 825 826 827 828 829 
19 830 831 832 833 834 3 835 836 837 838 839 840 841 842 723 843 844 845 846 
20 847 848 3 849 850 851 852 853 854 855 856 857 858 859 860 861 862 863 864 865 
16 866 867 3 868 869 870 871 872 873 874 875 876 877 878 879 880 
20 881 882 3 883 884 885 886 887 888 889 890 891 892 893 894 895 896 897 898 899 
17 3 900 901 902 903 904 905 906 907 908 909 910 911 912 913 914 915 
13 916 3 917 918 919 920 921 922 923 924 925 926 927 
21 928 929 3 930 931 932 933 934 935 936 937 938 939 940 941 942 943 944 945 946 947 
17 948 3 949 950 951 952 953 954 955 956 957 958 959 960 376 961 962 
21 963 964 3 965 966 967 968 969 970 971 972 973 974 445 975 976 977 978 979 980 981 
17 982 983 984 985 3 986 987 988 989 990 991 992 993 994 995 996 997 
18 998 999 1000 1001 1002 3 1003 1004 1005 1006 1007 1008 1009 1010 1011 1012 1013 1014 
17 1015 1016 1017 3 1018 1019 1020 1021 1022 1023 1024 1025 1026 1027 1028 1029 1030 
26 1031 1032 1033 1034 3 1035 1036 1037 1038 1039 1040 1041 1042 1043 1044 1045 1046 1047 1048 1049 1050 1051 1052 1053 1054 1055 
18 3 1056 1057 1058 1059 1060 1061 1062 1063 1064 1065 1066 1067 1068 1069 1070 1071 1072 
21 1073 1074 1075 1076 3 1077 1078 1079 1080 1081 1082 1083 1084 1085 1086 1087 1088 1089 1090 1091 1092 
27 1093 1094 1095 1096 1097 1098 1099 1100 1101 4 1102 1103 1104 1105 1106 1107 1108 1109 1110 1111 1112 1113 1114 1115 1116 1117 1118 
18 1119 1120 4 1121 1122 1123 1124 1125 1126 1127 1128 1129 1130 1131 1132 1133 1134 1135 
15 1136 1137 4 1138 1139 1140 1141 1142 1143 1144 1145 1146 1147 1148 1149 
23 1150 1151 1152 1153 4 1154 1155 1156 1157 1158 1159 1160 1161 1162 1163 1164 1165 1166 1167 1168 1169 1170 1171 
16 1172 4 1173 1174 1175 1176 1177 1178 1179 1180 1181 1182 1183 1184 1185 1186 
19 1187 4 1188 1189 1190 1191 1192 1193 1194 1195 1196 1197 1198 1199 1200 1201 1202 1203 1204 
20 1205 1206 4 1207 1208 1209 1210 1211 1212 1213 1214 1215 1216 1217 1218 1219 1220 1221 1222 1223 
19 1224 1225 4 1226 1227 1228 1229 1230 1231 767 1232 1233 1234 1235 1236 1237 1238 1239 1240 
25 1241 1242 1243 1244 1245 590 1246 1247 1248 1249 4 1250 1251 1252 1253 1254 1255 1256 1257 1258 1259 281 1260 1261 1262 
21 1263 1264 1265 1266 1267 4 1268 1269 1270 1271 1272 1273 1274 1275 1276 1277 1278 1279 1280 1281 1282 
18 1283 1284 1285 4 1286 1287 1288 1289 1290 1291 1292 1293 1294 1295 1296 1297 1298 1299 
19 1300 1301 1302 4 1303 1304 1305 1306 1307 1308 1309 1310 1311 1312 1313 1314 1315 1316 1317 
21 1318 1319 1320 1321 1322 4 1323 1324 1325 1326 1327 1328 1329 1330 1331 1332 1333 1334 1335 1336 1337 
19 1338 1339 1340 4 1341 1342 1343 1344 1345 1346 1347 1348 1349 1350 1351 1352 1353 1354 1355 
16 1356 1357 1358 4 1359 1360 1254 1361 1362 1363 1364 1365 1366 1367 1368 1369 
34 1370 1371 1372 1373 1374 1375 1376 1377 4 1378 1078 1379 1380 1381 1382 1383 1384 1385 1386 1387 1388 1389 1390 1391 1392 1393 1394 1395 1396 1397 1398 1399 1400 1401 
22 1402 1403 1404 4 1405 1406 1407 1408 1409 1410 1411 1412 1413 1414 1415 1416 1417 1418 1419 1420 1421 1422 
16 1423 1424 4 1425 1426 1427 1428 1429 1430 1431 1432 1433 1434 1435 1436 1437 
25 1438 1439 985 1440 1441 4 1442 1443 1444 1445 1446 1447 1448 1449 1450 1451 1452 1453 1454 1455 1456 1457 1458 1459 1460 
18 1461 1462 4 1463 1464 1465 1466 1467 1468 1469 1470 1471 1472 1473 1474 624 1475 1476 
27 1477 539 1478 1479 1480 1481 1482 1483 4 1484 1485 1486 1487 1488 1489 1490 1491 1492 1493 1494 1495 1496 1497 1498 1499 1500 1501 
21 1502 1503 1504 1505 4 1506 1507 1508 1509 1510 1511 1512 1513 1514 1515 1516 1517 1518 1519 1520 1521 
23 1522 1523 1524 1525 4 1526 1527 1528 1529 1530 1531 1532 1533 1534 1535 1536 1537 1538 1539 1540 1541 1542 1543 
14 1544 1545 4 1546 1547 1548 1549 1550 1551 1552 1553 1554 1555 1556 
24 1557 1558 1559 1560 1561 1562 4 1563 1564 1565 1566 1567 1568 1569 1570 1571 1572 1573 1574 1575 1576 1577 1395 1578 
25 1579 1580 1581 1582 1583 1584 1585 4 1586 1587 1588 1589 1590 1591 1592 1593 1594 1595 1596 1597 1598 1599 1600 1601 1602 
19 1603 1604 1605 1606 1607 1608 5 1609 236 1610 1611 1612 1613 1614 1615 1616 1617 1618 1619 
23 1620 1621 1622 1266 1623 1624 5 1625 1626 1627 1628 1629 1630 1631 1632 1633 1634 1635 1636 1637 1638 1639 828 
12 1640 1641 5 1642 1643 1644 1645 1646 1647 1648 1649 1650 
23 1651 271 1652 1653 1654 5 1655 1656 1657 1658 1659 1660 1661 1662 1663 1664 1665 1666 1667 1668 1669 1670 1671 
28 1672 1673 1674 1675 1676 5 1677 1678 1679 1680 1681 1682 1683 1684 1685 1686 1687 1688 1689 1690 1691 1692 1693 1694 1695 1696 1697 1698 
22 1699 1700 1701 5 1702 1703 1704 1705 1706 1707 1708 1709 1710 1711 1712 1713 547 1714 1715 1716 1717 1718 
29 1719 1720 1721 1722 1723 5 541 1724 1725 1726 1727 1728 1729 1730 1731 1732 1733 1734 1735 1736 1737 1738 1739 1740 1741 1742 1743 1744 1745 
21 1746 1580 209 1747 1748 5 1749 1750 1751 1752 1753 1754 1755 1756 1757 1758 1759 1760 1761 1762 1763 
15 1764 1765 1766 1767 5 1768 1769 1770 1771 1772 1773 1774 1775 1776 1777 
21 1778 1779 1780 1781 1782 1783 5 1784 1785 1786 1787 1788 1789 1790 1791 1792 1793 1794 1795 1796 1797 
20 1798 1799 1800 1801 1802 1803 1804 1805 5 1806 1807 1808 1809 1810 1811 1812 1813 1814 1815 1816 
16 5 1817 1818 1819 1820 1821 1822 1823 1824 1825 1826 1827 1828 1829 1830 1831 
24 1832 1833 1834 5 1835 1836 1837 1838 1839 1840 1841 1842 1843 1844 1845 1846 1847 1848 1849 1850 1851 1852 1853 1854 
19 1855 1856 5 1857 1858 1859 1860 1861 1862 1863 1864 1865 1866 1867 1868 1869 1870 1871 1872 
20 1873 1874 5 1875 1876 1877 1878 1879 1880 1881 1882 1883 1884 1885 1886 1887 1888 1889 1890 1891 
31 1892 1893 1894 1895 1896 1897 1898 5 1899 1900 1901 1902 1903 1904 1905 1906 1907 1908 1909 1910 1911 1912 1913 1914 1915 1916 1917 1918 1919 1920 1921 
22 1922 1923 1924 1925 1926 5 1927 1928 1929 1930 1931 1932 1933 1934 1935 1936 1937 1938 1939 1940 1941 1942 
18 1943 1944 5 1945 1946 1947 1948 1949 1950 1951 1952 1953 1954 1955 1956 1957 1958 1959 
27 1960 1961 1962 1963 1964 1965 1966 1967 1968 6 1969 1970 1971 1972 1973 1974 1975 1976 1977 1978 1979 1980 1981 1982 1983 1984 1985 
25 1986 1987 1988 1989 1990 1991 1992 1993 1994 1995 1996 1997 1998 6 1999 2000 2001 2002 2003 2004 2005 2006 2007 2008 2009 
18 2010 2011 2012 2013 2014 2015 676 2016 6 2017 2018 2019 2020 2021 2022 2023 2024 2025 
21 2026 2027 2028 2029 6 631 2030 2031 2032 2033 2034 2035 2036 2037 2038 2039 2040 2041 2042 2043 2044 
17 2045 2046 2047 2048 2049 2050 2051 6 2052 2053 2054 2055 2056 2057 2058 2059 2060 
28 2061 2062 2063 2064 2065 2066 2067 2068 2069 2070 2071 2072 2073 6 2074 2075 2076 2077 2078 2079 2080 2081 2082 2083 2084 2085 2086 2087 
16 2088 2089 2090 2091 2092 2093 2094 596 2095 6 2096 2097 2098 409 2099 2100 
1 6 
2 6 304 
1 6 
1 6 
2 6 709 
1 6 
1 6 
2 6 1714 
1 6 
2 6 806 
1 7 
2 357 7 
1 7 
1 7 
1 7 
1 7 
1 7 
1 7 
1 7 
1 7 
1 7 
1 7 
2 694 7 
1 7 
1 7 
1 7 
2 7 769 
1 7 
1 7 
1 7 
3 7 1680 157 
1 7 
2 928 7 
1 8 
2 8 1864 
2 8 1809 
2 8 316 
3 8 1147 1072 
1 8 
1 8 
1 8 
1 8 
1 8 
1 8 
2 8 808 
1 8 
1 8 
3 588 8 140 
1 8 
2 9 1513 
1 9 
2 9 1983 
2 9 36 
1 9 
1 9 
1 9 
2 423 9 
1 9 
1 9 
1 9 
3 1678 1324 9 
1 9 
1 9 
1 9 
1 9 
1 10 
2 2046 10 
1 10 
2 10 635 
2 10 2005 
1 10 
2 882 10 
1 10 
1 10 
1 10 
1 10 
2 10 663 
2 1798 10 
1 10 
3 1966 10 28 
1 11 
1 11 
1 11 
2 11 1618 
1 11 
1 11 
1 11 
1 11 
1 11 
1 11 
1 11 
1 11 
1 11 
2 12 29 
1 12 
2 1244 12 
1 12 
1 12 
1 12 
2 92 12 
1 12 
2 1250 12 
1 12 
4 578 12 1975 2087 
1 12 
1 12 
1 12 
2 1033 12 
1 12 
1 12 
1 12 
1 12 
1 12 
2 382 12 
1 12 
2 317 12 
2 12 802 
2 239 12 
1 12 
3 1079 13 1887 
1 13 
1 13 
1 13 
1 13 
1 13 
1 13 
2 85 13 
1 13 
1 13 
3 275 13 227 
1 13 
1 13 
1 13 
1 13 
1 13 
3 1729 13 39 
3 13 1734 1600 
1 13 
1 13 
1 13 
3 13 1026 583 
2 693 13 
1 13 
1 13 
1 14 
2 1300 14 
1 14 
2 14 745 
2 14 2022 
1 14 
1 14 
2 14 570 
1 14 
1 14 
2 2045 14 
1 14 
1 14 
1 15 
2 15 1072 
1 15 
2 905 15 
2 88 15 
3 615 15 1181 
2 573 15 
1 15 
3 239 1040 15 
2 15 33 
2 1484 15 
3 813 1842 15 
2 15 1648 
3 1901 1379 15 
4 67 1410 15 1399 
2 15 1133 
2 15 1911 
2 1751 16 
1 16 
1 16 
3 783 16 1824 
1 16 
1 16 
1 16 
1 16 
1 16 
1 16 
1 16 
3 1819 16 370 
1 16 
1 16 
2 16 1913 
2 16 823 
1 16 
2 1107 16 
1 16 
1 16 
2 111 16 
1 16 
1 16 
1 16 
2 1156 16 
1 16 
2 1551 16 
1 16 
1 17 
1 17 
2 17 38 
1 17 
2 146 17 
2 17 225 
1 17 
1 17 
1 17 
1 17 
2 760 17 
1 17 
2 408 17 
1 17 
2 1557 17 
2 18 514 
1 18 
1 18 
1 18 
1 18 
1 18 
1 18 
1 18 
1 18 
1 18 
2 18 535 
2 564 18 
1 18 
1 18 
1 18 
2 1897 18 
2 779 19 
1 19 
1 19 
1 19 
1 19 
1 19 
1 19 
1 19 
1 19 
2 19 826 
2 19 879 
1 19 
1 19 
1 20 
3 1461 20 121 
1 20 
1 20 
1 20 
1 20 
2 20 846 
1 20 
1 20 
1 20 
1 20 
1 20 
2 20 1701 
1 20 
2 20 295 
1 20 
1 20 
1 20 
1 20 
1 20 
2 20 51 
2 20 1327 
1 20 
2 517 20 
1 20 
1 21 
2 21 223 
1 21 
2 21 1631 
2 21 824 
1 21 
1 21 
1 21 
2 1031 21 
1 21 
1 21 
2 21 808 
1 21 
1 21 
2 21 1962 
2 22 1573 
3 22 425 581 
1 22 
1 22 
1 22 
1 22 
2 22 677 
2 22 1703 
1 22 
1 22 
1 22 
1 22 
2 22 324 
4 22 1428 109 1696 
1 22 
1 22 
1 22 
1 22 
1 22 
2 22 38 
1 22 
2 22 1885 
1 22 
1 23 
2 23 1838 
1 23 
1 23 
3 23 166 1369 
1 23 
2 397 23 
1 23 
1 23 
2 23 910 
1 23 
2 23 2017 
1 23 
1 23 
2 23 1865 
1 24 
1 24 
2 24 1851 
2 753 24 
1 24 
1 24 
1 24 
1 24 
1 24 
1 24 
1 24 
3 1720 24 52 
1 24 
1 24 
2 24 1127 
1 24 
1 24 
1 24 
1 24 
1 25 
1 25 
1 25 
1 25 
2 1943 25 
2 25 874 
1 25 
1 25 
2 25 1882 
2 948 25 
2 25 1819 
1 25 
1 25 
1 25 
1 25 
1 25 
1 25 
3 1988 25 1790 
1 25 
2 25 749 
2 25 2043 
1 25 
1 25 
2 1505 25 
1 26 
1 26 
1 26 
1 26 
1 26 
2 1120 26 
2 1971 26 
1 26 
1 26 
2 1627 26 
1 26 
1 26 
1 26 
2 1625 26 
1 26 
3 26 1195 1760 
1 26 
1 27 
1 27 
1 27 
2 1754 27 
1 27 
1 27 
1 27 
2 964 27 
1 27 
2 1137 27 
2 1179 27 
1 27 
1 27 
1 27 
1 27 
2 2013 27 
1 27 
2 937 27 
2 27 623 
1 27 
2 327 27 
1 27 
2 902 28 
3 28 1493 379 
2 754 28 
1 28 
1 28 
1 28 
1 28 
1 28 
1 28 
1 28 
1 28 
2 28 1716 
1 28 
1 28 
2 1370 28 
1 28 
1 28 
1 28 
1 28 
5 983 543 28 337 1353 
1 29 
1 29 
1 29 
3 1402 29 79 
1 29 
2 91 29 
1 29 
2 29 535 
1 29 
2 1729 29 
1 29 
2 90 29 
1 29 
1 29 
1 29 
1 30 
1 30 
1 30 
2 30 1239 
1 30 
2 30 747 
1 30 
1 30 
1 30 
1 30 
1 30 
2 874 30 
2 1178 30 
4 677 338 30 1392 
2 758 30 
1 30 
1 30 
1 30 
1 30 
2 261 30 
1 31 
2 1480 31 
2 273 31 
1 31 
1 31 
1 31 
1 31 
2 213 31 
1 31 
1 31 
3 397 31 1600 
2 31 661 
2 31 250 
3 1756 31 1740 
1 31 
1 31 
1 31 
2 32 157 
1 32 
2 67 32 
1 32 
1 32 
2 32 1295 
1 32 
1 32 
2 109 32 
1 32 
2 1686 32 
1 32 
2 675 32 
1 32 
1 32 
1 32 
1 32 
3 1370 32 997 
1 32 
1 32 
2 32 1420 
1 33 
2 867 33 
2 876 33 
1 33 
2 33 2044 
1 33 
2 272 33 
1 33 
1 33 
1 33 
1 33 
2 1246 33 
1 33 
1 33 
2 33 512 
2 33 78 
1 34 
3 1665 34 1718 
1 34 
1 34 
1 34 
1 34 
2 106 34 
1 34 
1 34 
2 815 34 
2 178 34 
1 34 
1 34 
2 900 34 
1 34 
2 34 1117 
1 34 
1 34 
1 35 
2 1416 35 
1 35 
1 35 
2 35 926 
1 35 
1 35 
1 35 
1 35 
1 35 
1 35 
1 35 
1 35 
1 35 
1 35 
2 35 1985 
1 35 
2 706 35 
2 582 35 
3 813 967 35 
2 186 35 
1 35 
1 35 
1 35 
1 35 
1 35 
2 35 1500 
2 1657 36 
1 36 
1 36 
2 1470 36 
2 700 36 
2 600 36 
2 105 36 
3 402 564 36 
1 36 
1 36 
1 36 
1 36 
2 36 1794 
1 36 
2 2071 36 
1 36 
1 36 
1 36 
1 36 
1 36 
1 36 
1 36 
2 1998 36 
3 37 251 913 
2 132 37 
1 37 
1 37 
1 37 
2 1106 37 
2 1928 37 
4 674 1036 1065 37 
1 37 
1 37 
1 37 
1 37 
1 37 
4 1021 660 772 37 
1 37 
1 37 
2 114 37 
1 38 
1 38 
1 38 
1 38 
1 38 
1 38 
1 38 
2 1869 38 
1 38 
1 38 
1 38 
1 38 
1 38 
2 44 38 
1 38 
1 38 
1 38 
2 1167 38 
1 38 
1 39 
2 1162 39 
1 39 
2 801 39 
1 39 
1 39 
1 39 
1 39 
1 39 
1 39 
1 39 
1 39 
1 39 
2 1087 39 
1 39 
1 39 
3 257 763 39 
2 833 39 
4 556 837 1046 39 
1 39 
3 1450 472 39 
1 39 
1 39 
1 39 
2 437 40 
2 518 40 
1 40 
1 40 
1 40 
3 1700 565 40 
1 40 
2 322 40 
2 2005 40 
2 1139 40 
2 745 40 
2 1407 40 
2 1248 40 
1 40 
2 66 40 
2 1053 40 
2 136 40 
1 40 
1 40 
2 706 40 
1 40 
1 40 
1 40 
1 40 
3 1102 1513 40 
1 40 
2 41 343 
1 41 
2 41 1930 
1 41 
2 41 287 
1 41 
1 41 
1 41 
1 41 
1 41 
1 41 
1 41 
1 41 
1 41 
1 41 
1 42 
1 42 
1 42 
2 1372 42 
1 42 
1 42 
2 42 1577 
2 42 732 
2 42 226 
1 42 
1 42 
1 42 
2 42 119 
1 42 
3 42 392 154 
1 42 
1 42 
1 43 
2 43 1666 
3 43 278 662 
2 1673 43 
3 43 634 1386 
1 43 
2 43 1037 
1 43 
1 43 
1 43 
1 43 
1 43 
2 43 299 
2 43 385 
1 43 
2 43 352 
2 43 1749 
2 43 86 
1 43 
1 44 
1 44 
1 44 
2 44 746 
1 44 
1 44 
1 44 
2 44 747 
1 44 
1 44 
2 44 1983 
1 44 
1 44 
1 44 
2 1477 44 
2 44 1149 
2 44 362 
1 45 
1 45 
2 45 1506 
1 45 
1 45 
1 45 
2 45 1777 
2 45 2035 
1 45 
1 45 
1 45 
1 45 
2 45 1781 
1 45 
1 45 
2 1801 45 
2 45 1775 
2 45 1934 
2 45 1153 
1 46 
2 610 46 
3 1481 46 1427 
2 46 1104 
1 46 
1 46 
1 46 
1 46 
3 46 458 562 
1 46 
2 611 46 
1 46 
1 46 
2 46 353 
1 46 
1 47 
2 47 181 
1 47 
1 47 
2 47 1735 
1 47 
1 47 
1 47 
2 47 2096 
1 47 
1 47 
1 47 
3 47 1038 1191 
2 47 1761 
1 47 
1 47 
1 47 
1 47 
1 47 
4 1778 48 1211 638 
1 48 
2 516 48 
2 48 1203 
1 48 
3 270 48 1858 
1 48 
2 48 1659 
1 48 
2 48 1194 
2 48 428 
1 48 
1 48 
2 693 48 
1 48 
1 48 
1 49 
1 49 
1 49 
1 49 
1 49 
1 49 
2 49 1466 
1 49 
1 49 
1 49 
2 647 49 
1 49 
2 50 142 
1 50 
1 50 
2 50 1066 
1 50 
1 50 
1 50 
1 50 
2 1897 50 
2 50 511 
1 50 
1 50 
1 50 
2 1318 50 
1 50 
1 50 
1 50 
1 50 
1 50 
2 50 2008 
3 462 51 1517 
2 1124 51 
1 51 
1 51 
1 51 
1 51 
1 51 
1 51 
3 1289 51 1334 
2 1035 51 
2 2062 51 
1 51 
2 51 1313 
1 51 
2 1003 51 
1 52 
2 501 52 
1 52 
2 1225 52 
2 52 662 
1 52 
1 52 
1 52 
1 52 
2 1379 52 
1 52 
2 52 1871 
1 52 
1 52 
1 52 
2 52 1956 
1 52 
2 1532 52 
1 52 
1 53 
2 53 535 
1 53 
3 1845 77 53 
2 53 1147 
1 53 
1 53 
2 1715 53 
1 53 
1 53 
1 53 
1 53 
3 53 1912 1367 
1 53 
1 53 
2 605 53 
1 54 
1 54 
1 54 
2 1120 54 
1 54 
2 54 962 
1 54 
1 54 
1 54 
1 54 
1 54 
3 1446 1159 54 
1 54 
1 54 
1 54 
2 2033 54 
1 54 
1 55 
1 55 
3 1988 1159 55 
3 1594 2003 55 
2 2058 55 
1 55 
2 706 55 
1 55 
1 55 
1 55 
1 55 
2 55 250 
1 55 
1 55 
1 55 
1 55 
3 1056 389 56 
3 1716 56 1555 
2 217 56 
1 56 
3 2063 957 56 
2 700 56 
2 817 56 
3 1255 893 56 
1 56 
2 275 56 
1 56 
1 56 
2 2059 56 
2 1414 56 
2 1403 56 
2 747 56 
1 56 
1 56 
1 56 
2 56 1717 
1 56 
1 56 
2 768 56 
3 1153 1736 56 
1 56 
2 1031 57 
1 57 
1 57 
1 57 
2 2072 57 
1 57 
1 57 
2 1462 57 
1 57 
2 700 57 
2 931 57 
3 1850 1869 57 
1 57 
1 57 
1 57 
1 57 
3 268 147 57 
1 58 
1 58 
1 58 
1 58 
1 58 
2 74 58 
2 229 58 
1 58 
1 58 
1 58 
1 58 
1 58 
1 58 
1 58 
3 1909 742 58 
1 58 
1 58 
1 58 
1 58 
1 58 
1 59 
1 59 
1 59 
1 59 
2 1892 59 
1 59 
1 59 
2 59 1737 
1 59 
2 59 777 
1 59 
2 59 869 
2 59 1661 
2 59 698 
3 59 1561 301 
2 1302 59 
1 59 
1 59 
1 59 
1 59 
1 59 
1 59 
1 59 
2 59 1754 
2 59 640 
1 59 
1 60 
4 1001 60 482 2008 
1 60 
1 60 
1 60 
2 60 949 
2 60 1365 
1 60 
2 60 448 
1 60 
1 60 
1 60 
1 60 
2 60 1935 
2 60 282 
1 60 
1 60 
1 61 
2 61 503 
1 61 
2 61 762 
1 61 
1 61 
1 61 
1 61 
1 61 
2 61 1926 
1 61 
3 986 61 147 
1 61 
2 61 845 
1 62 
1 62 
1 62 
3 62 1054 865 
1 62 
2 62 1536 
2 62 308 
2 62 1658 
1 62 
3 1017 62 1009 
1 62 
1 62 
2 730 62 
1 62 
2 62 1806 
1 62 
2 62 1398 
2 62 727 
2 62 1230 
1 62 
1 62 
1 62 
2 1943 63 
1 63 
1 63 
1 63 
1 63 
1 63 
2 63 563 
2 63 504 
1 63 
2 63 272 
1 63 
1 63 
1 63 
1 63 
1 63 
2 64 1909 
1 64 
1 64 
1 64 
2 64 893 
1 64 
1 64 
2 64 909 
2 64 492 
1 64 
1 64 
1 64 
1 64 
1 64 
1 64 
1 64 
2 64 903 
1 64 
1 65 
1 65 
2 65 1952 
3 65 2098 1919 
1 65 
1 65 
2 900 65 
1 65 
1 65 
1 65 
1 65 
1 65 
1 65 
1 65 
1 65 
1 65 
2 1319 65 
1 65 
1 65 
1 66 
2 966 66 
1 66 
1 66 
1 66 
1 66 
2 66 1168 
1 66 
1 66 
1 66 
1 66 
1 66 
1 66 
2 1944 66 
1 66 
2 554 66 
1 66 
1 67 
1 67 
2 67 1539 
2 205 67 
3 67 1728 1595 
2 67 620 
1 67 
2 67 765 
1 67 
2 211 67 
1 67 
1 67 
1 67 
2 67 73 
2 67 1038 
1 67 
1 67 
1 67 
2 67 2018 
1 67 
2 67 1473 
1 67 
1 68 
1 68 
1 68 
2 86 68 
1 68 
1 68 
1 68 
1 68 
1 68 
1 68 
1 68 
3 68 1415 2025 
1 68 
1 68 
2 68 1919 
3 68 2095 1870 
1 68 
1 68 
2 1651 68 
1 68 
1 69 
2 69 1938 
1 69 
1 69 
1 69 
1 69 
2 69 956 
1 69 
1 69 
1 69 
1 69 
1 69 
2 593 69 
1 69 
1 69 
1 69 
1 69 
2 255 70 
1 70 
2 70 1108 
1 70 
1 70 
1 70 
1 70 
1 70 
1 70 
1 70 
1 70 
2 70 1788 
1 70 
2 70 960 
1 70 
1 70 
2 1928 70 
1 70 
2 71 941 
2 71 1221 
1 71 
1 71 
1 71 
1 71 
2 71 170 
2 1724 71 
1 71 
2 71 377 
1 71 
1 71 
1 71 
1 71 
1 71 
1 71 
2 956 71 
1 71 
1 71 
1 71 
1 72 
2 1753 72 
1 72 
3 1770 72 1868 
1 72 
1 72 
1 72 
1 72 
1 72 
1 72 
1 72 
1 72 
1 72 
1 72 
2 72 1492 
2 72 535 
1 72 
1 72 
1 73 
1 73 
1 73 
1 73 
1 73 
1 73 
1 73 
1 73 
1 73 
2 1125 73 
1 73 
2 73 994 
1 73 
2 423 73 
3 74 605 530 
1 74 
2 797 74 
1 74 
1 74 
1 74 
1 74 
1 74 
1 74 
3 972 74 280 
1 74 
1 74 
1 74 
1 74 
1 74 
1 74 
2 815 74 
1 74 
1 74 
1 74 
1 74 
1 74 
2 74 564 
1 74 
1 74 
2 74 83 
1 74 
1 74 
2 74 1166 
2 74 281 
1 74 
1 74 
2 539 75 
2 1045 75 
1 75 
1 75 
2 75 1937 
3 764 75 1863 
1 75 
1 75 
2 75 281 
1 75 
1 75 
1 75 
2 1044 75 
2 1274 75 
2 644 75 
1 75 
1 75 
1 75 
2 75 608 
1 75 
2 1442 75 
1 76 
1 76 
1 76 
1 76 
2 868 76 
2 409 76 
1 76 
1 76 
1 76 
1 76 
1 76 
1 76 
1 76 
1 76 
1 76 
1 77 
1 77 
1 77 
1 77 
2 77 1422 
1 77 
2 1524 77 
1 77 
2 1009 77 
1 77 
2 1946 77 
1 77 
2 77 749 
1 77 
1 77 
1 77 
1 77 
1 77 
1 77 
2 77 1959 
1 77 
1 77 
2 1713 77 
3 357 78 1815 
2 1063 78 
1 78 
1 78 
1 78 
2 922 78 
1 78 
2 1678 78 
1 78 
2 673 78 
1 78 
2 1790 78 
2 78 1261 
1 78 
1 78 
1 78 
2 79 844 
1 79 
1 79 
2 572 79 
2 868 79 
1 79 
1 79 
2 277 79 
1 79 
1 79 
1 79 
1 79 
1 79 
1 79 
1 79 
2 79 1352 
2 517 79 
2 79 2044 
1 79 
1 79 
1 79 
1 79 
1 79 
2 79 669 
1 79 
1 80 
1 80 
1 80 
3 1653 80 476 
2 849 80 
1 80 
1 80 
1 80 
1 80 
1 80 
1 80 
4 1640 159 80 777 
1 80 
1 80 
1 80 
2 948 80 
1 80 
1 80 
1 80 
1 80 
1 81 
1 81 
2 1444 81 
1 81 
1 81 
1 81 
1 81 
1 81 
1 81 
1 81 
2 81 980 
2 1587 81 
1 81 
1 81 
2 1155 81 
1 81 
1 81 
2 1243 81 
1 81 
1 81 
1 81 
1 81 
1 82 
2 1847 82 
1 82 
1 82 
1 82 
1 82 
1 82 
2 310 82 
1 82 
1 82 
1 82 
2 1032 82 
1 82 
3 1774 83 326 
1 83 
1 83 
1 83 
2 1107 83 
1 83 
1 83 
1 83 
1 83 
1 83 
1 83 
3 1953 2082 83 
1 83 
1 83 
1 83 
1 83 
2 396 83 
1 83 
1 83 
1 83 
2 800 83 
1 83 
1 84 
3 92 1740 84 
1 84 
1 84 
1 84 
1 84 
1 84 
1 84 
2 1533 84 
1 84 
1 84 
1 84 
1 84 
2 2083 84 
3 1605 1761 84 
2 1018 84 
2 1245 84 
1 84 
1 84 
2 1810 84 
1 84 
3 581 246 84 
1 84 
1 84 
1 85 
1 85 
2 85 1593 
1 85 
1 85 
1 85 
2 85 1678 
2 85 2081 
1 85 
1 85 
1 85 
1 85 
2 85 2024 
1 85 
1 85 
3 85 193 1643 
1 85 
1 86 
2 86 1943 
1 86 
1 86 
1 86 
2 86 490 
1 86 
2 86 486 
1 86 
1 86 
1 86 
2 86 384 
1 86 
1 86 
1 86 
1 86 
1 86 
1 86 
1 86 
1 86 
2 87 1513 
1 87 
1 87 
2 87 1618 
1 87 
3 87 2076 1791 
2 87 1817 
1 87 
2 87 279 
1 87 
1 87 
2 88 1281 
2 88 1774 
2 88 1505 
1 88 
1 88 
1 88 
2 670 88 
2 88 1157 
2 88 907 
1 88 
3 88 1105 1890 
1 88 
1 88 
1 88 
2 626 88 
3 812 2013 88 
1 88 
1 88 
2 88 2077 
1 88 
1 88 
1 89 
2 89 814 
1 89 
1 89 
1 89 
1 89 
4 89 1609 1468 170 
1 89 
2 89 140 
1 89 
1 89 
1 89 
1 89 
1 89 
2 89 598 
1 89 
1 89 
1 89 
1 89 
1 89 
1 89 
1 89 
1 89 
1 89 
2 89 409 
1 89 
1 89 
1 90 
2 758 90 
2 90 368 
1 90 
2 90 403 
1 90 
1 90 
1 90 
1 90 
1 90 
1 90 
1 90 
1 90 
1 90 
2 90 1460 
2 90 117 
2 90 989 
3 1032 90 527 
2 90 1050 
2 626 90 
1 91 
2 91 445 
1 91 
1 91 
1 91 
2 91 1325 
1 91 
1 91 
1 91 
2 1245 91 
3 91 545 245 
1 91 
1 91 
1 91 
1 91 
2 91 246 
2 885 91 
2 91 1054 
2 1100 91 
2 91 2095 
1 91 
4 1580 1834 91 584 
1 91 
1 91 
1 91 
1 91 
1 91 
1 92 
1 92 
1 92 
2 92 827 
2 92 1854 
2 284 92 
1 92 
2 1339 92 
3 497 92 1116 
1 92 
2 92 584 
1 92 
1 92 
1 92 
2 92 492 
3 92 1593 894 
1 92 
1 92 
1 93 
1 93 
1 93 
1 93 
1 93 
1 93 
2 1341 93 
1 93 
1 93 
1 93 
3 1557 1652 93 
3 93 2042 863 
2 93 1851 
2 93 853 
2 900 94 
2 1945 94 
1 94 
2 94 859 
1 94 
1 94 
1 94 
1 94 
1 94 
1 94 
2 94 1311 
1 94 
4 94 1976 470 1472 
2 94 1645 
1 94 
1 94 
2 94 682 
1 94 
1 94 
2 2012 94 
2 95 187 
1 95 
1 95 
2 95 862 
1 95 
1 95 
1 95 
1 95 
2 95 1164 
1 95 
1 95 
2 145 95 
3 95 1598 2022 
1 95 
1 95 
1 95 
1 95 
2 1461 95 
1 95 
2 1646 96 
1 96 
3 295 463 96 
1 96 
1 96 
1 96 
1 96 
2 287 96 
1 96 
1 96 
1 96 
1 96 
1 96 
1 96 
1 96 
1 97 
1 97 
3 2090 97 1740 
1 97 
1 97 
2 97 1916 
2 420 97 
1 97 
1 97 
1 97 
2 278 97 
1 97 
1 97 
2 985 97 
1 97 
2 1545 97 
1 97 
1 97 
2 97 1067 
3 436 97 1776 
1 97 
1 97 
2 1750 97 
1 98 
1 98 
1 98 
2 905 98 
1 98 
1 98 
1 98 
1 98 
2 1407 98 
2 144 98 
2 98 433 
1 98 
1 98 
2 1341 98 
3 717 1067 98 
2 98 1278 
2 974 98 
1 98 
1 99 
1 99 
1 99 
1 99 
1 99 
1 99 
1 99 
1 99 
1 99 
2 461 99 
1 99 
1 99 
2 99 417 
1 99 
2 229 99 
1 99 
2 99 2060 
2 1661 99 
1 99 
2 1097 100 
1 100 
1 100 
1 100 
1 100 
3 936 100 342 
1 100 
2 100 1941 
1 100 
2 280 100 
1 100 
1 100 
1 100 
1 100 
1 100 
1 100 
1 100 
3 1187 1087 100 
1 100 
2 100 283 
2 994 100 
2 298 100 
1 100 
1 100 
2 1837 100 
1 100 
1 100 
3 1208 1277 100 
1 100 
1 100 
1 101 
1 101 
1 101 
1 101 
2 1145 101 
1 101 
3 699 1316 101 
1 101 
2 781 101 
1 101 
1 101 
1 101 
2 101 864 
2 1132 101 
1 101 
2 1406 101 
2 1284 101 
1 101 
1 101 
2 1899 101 
1 101 
4 1621 1172 457 102 
2 1237 102 
2 1779 102 
2 1448 102 
1 102 
1 102 
1 102 
1 102 
1 102 
2 1207 102 
2 1568 102 
1 102 
1 102 
2 978 102 
1 102 
1 102 
2 1457 102 
1 103 
1 103 
2 103 395 
1 103 
1 103 
1 103 
2 103 189 
1 103 
1 103 
1 103 
1 103 
2 103 483 
1 103 
1 103 
1 103 
2 103 213 
2 103 1790 
1 103 
1 103 
1 103 
1 103 
1 103 
1 103 
3 103 161 840 
1 103 
2 103 658 
1 104 
2 104 2002 
3 104 1017 470 
1 104 
1 104 
1 104 
1 104 
1 104 
1 104 
1 104 
1 104 
1 104 
2 104 692 
1 104 
1 104 
1 104 
2 104 1987 
2 104 1018 
1 104 
3 104 761 179 
1 104 
1 104 
3 104 1120 947 
1 104 
1 105 
1 105 
2 105 1797 
3 105 1666 509 
1 105 
1 105 
1 105 
2 105 430 
2 105 1259 
1 105 
1 105 
1 105 
3 105 258 1810 
1 105 
2 105 1615 
2 105 1274 
1 106 
1 106 
1 106 
1 106 
1 106 
1 106 
1 106 
2 106 1013 
1 106 
2 106 854 
1 106 
1 106 
1 106 
1 106 
1 106 
1 106 
2 106 1775 
2 106 473 
3 106 613 1494 
2 107 264 
2 176 107 
1 107 
1 107 
1 107 
1 107 
1 107 
1 107 
1 107 
1 107 
1 107 
1 107 
1 107 
2 1019 107 
2 107 1043 
2 107 1889 
1 108 
2 108 958 
2 108 1035 
1 108 
1 108 
1 108 
2 108 2070 
1 108 
1 108 
2 2067 108 
2 108 684 
2 108 1060 
1 108 
1 108 
1 108 
2 108 1645 
2 108 1669 
1 108 
1 108 
1 108 
2 108 1610 
2 108 1568 
2 108 1592 
1 108 
1 108 
1 108 
2 108 213 
1 109 
1 109 
2 1834 109 
1 109 
1 109 
1 109 
1 109 
3 109 1738 1278 
2 889 109 
1 109 
2 1208 109 
1 109 
1 109 
