13 2 3 4 5 6 7 8 9 10 11 12 13 14 
20 15 16 17 18 19 20 21 22 23 24 25 26 27 28 29 1 30 31 32 33 
18 34 35 36 37 38 39 40 41 42 43 44 45 46 47 1 48 49 50 
26 51 52 53 54 55 56 57 58 59 60 61 62 63 64 65 1 66 67 68 69 70 71 72 73 74 75 
24 76 77 78 79 80 81 82 83 84 85 86 87 88 89 90 91 92 1 93 94 95 96 97 98 
20 99 100 101 102 103 104 105 106 107 108 109 110 111 112 113 1 114 115 116 117 
15 118 119 120 121 122 123 124 125 126 127 128 1 129 130 131 
22 132 133 134 135 136 137 138 139 140 141 142 143 144 1 145 146 147 148 149 150 151 152 
19 153 154 155 156 157 158 159 160 161 162 1 163 164 165 166 167 168 169 170 
21 171 172 173 174 175 176 177 178 179 180 160 181 182 183 184 185 1 186 187 188 189 
21 190 191 192 193 194 195 196 197 198 199 200 201 202 203 204 205 206 207 1 208 209 
17 210 211 212 213 214 215 216 217 218 219 220 221 222 1 223 224 225 
23 226 227 228 229 230 231 232 233 234 235 236 237 238 239 240 241 242 243 1 244 245 246 247 
24 248 249 250 251 252 253 254 255 256 257 258 259 260 261 262 263 264 265 266 1 267 268 269 270 
19 271 2 272 273 274 275 276 277 278 279 280 281 282 283 284 285 286 287 288 
22 2 289 290 291 292 293 294 295 296 297 298 299 300 301 302 303 304 305 306 307 308 309 
19 310 2 311 312 313 314 315 316 317 318 319 320 321 322 323 324 325 326 327 
20 328 2 329 330 331 332 333 334 335 336 337 338 339 340 341 342 343 344 345 346 
24 2 347 348 349 350 351 352 353 354 355 356 357 358 359 360 361 362 363 364 365 366 367 368 369 
21 2 370 371 372 373 374 375 376 377 378 379 380 381 382 383 384 385 386 387 388 389 
18 2 390 391 392 393 394 395 396 397 398 399 400 401 402 403 404 405 406 
17 2 407 408 409 410 411 412 413 414 415 416 417 418 419 420 421 422 
24 423 424 2 425 426 427 428 429 430 431 432 433 434 435 436 437 438 439 440 441 442 443 444 445 
16 2 446 447 448 449 450 451 452 453 454 455 456 457 458 459 460 
17 2 461 462 463 464 465 466 467 468 469 470 471 472 473 474 475 476 
13 2 477 478 479 480 481 482 483 484 485 486 487 488 
24 2 489 490 491 492 493 494 495 496 497 498 499 500 501 502 503 504 505 506 507 508 509 510 511 
21 512 2 513 514 515 516 517 518 519 520 521 522 523 524 525 526 527 528 529 530 531 
18 2 532 533 534 535 536 537 538 539 540 541 542 543 544 545 546 547 548 
17 549 550 2 551 552 553 554 555 556 557 558 559 560 561 562 563 564 
25 565 2 566 567 568 569 570 571 572 573 574 575 576 577 578 579 580 581 582 583 584 585 586 587 588 
16 2 589 590 591 592 593 594 595 596 597 598 599 600 601 602 603 
22 604 2 605 606 607 608 609 610 611 612 613 614 615 616 617 618 619 620 621 622 623 624 
14 625 3 626 627 628 629 630 631 632 633 634 635 636 637 
19 638 3 639 640 641 642 643 644 645 646 647 648 649 650 651 652 653 654 655 
28 656 657 658 659 3 660 661 662 663 664 665 666 667 668 669 670 671 672 673 674 675 676 677 678 679 680 681 682 
19 683 684 685 3 686 687 688 689 690 691 692 693 694 695 696 697 698 699 700 
20 701 702 703 704 705 3 706 707 708 709 710 711 712 713 714 715 716 717 718 719 
16 720 721 3 722 723 724 725 726 727 728 729 730 731 732 733 734 
22 735 736 3 737 738 739 740 741 742 743 744 745 746 747 748 749 750 751 752 753 754 755 
34 756 757 758 759 760 350 3 761 762 763 764 765 766 767 768 769 770 771 772 773 774 775 776 777 778 779 780 781 782 783 784 785 786 787 
23 788 789 790 791 3 792 793 794 795 796 797 798 799 800 801 802 803 804 805 806 49 807 808 
23 809 810 811 812 813 3 814 815 816 817 818 819 820 821 822 823 824 825 826 827 828 829 830 
28 831 832 833 834 3 835 836 837 838 839 840 841 842 843 844 845 846 847 848 849 850 851 852 853 854 855 856 857 
18 858 859 860 861 862 3 863 864 865 866 867 868 869 870 871 872 873 874 
29 875 876 877 878 879 880 881 882 3 883 884 885 886 887 888 889 890 891 892 893 894 895 896 897 898 899 900 901 902 
20 903 904 905 906 907 908 3 909 910 911 912 913 914 915 916 917 918 919 920 921 
18 922 923 924 925 3 926 927 928 929 930 931 932 933 934 935 936 937 938 
24 939 940 3 941 942 943 944 945 946 947 948 949 950 42 951 952 953 954 955 956 957 958 959 960 
26 961 962 963 964 965 966 3 967 968 969 970 971 972 973 974 975 976 977 978 979 980 981 982 983 984 985 
25 986 987 988 989 990 991 4 992 993 994 995 996 997 998 999 1000 1001 1002 1003 1004 1005 1006 1007 1008 1009 
14 1010 1011 1012 1013 4 1014 1015 1016 1017 1018 1019 1020 1021 1022 
16 1023 1024 4 1025 1026 1027 1028 1029 1030 1031 1032 1033 1034 1035 1036 1037 
11 1038 1039 1040 4 1041 1042 1043 1044 1045 1046 1047 
16 1048 1049 1050 1051 1052 4 1053 1054 1055 1056 1057 1058 1059 1060 1061 1062 
25 1063 1064 1065 1066 1067 1068 1069 1070 1071 1072 4 1073 1074 1075 1076 1077 1078 1079 1080 1081 1082 1083 1084 1085 1086 
14 1087 1088 1089 4 299 1090 1091 1092 1093 1094 1095 1096 1097 1098 
19 1099 1100 1101 1102 1103 1104 4 1105 1106 1107 1108 1109 1110 1111 1112 1113 1114 1115 1116 
17 1117 1118 1119 1120 4 1121 1122 1123 1124 1125 1126 1127 1128 1129 1130 1131 1132 
22 1133 1134 1135 1136 538 1137 1138 1139 1140 4 1141 1142 1143 1144 1145 1146 1147 1148 1149 1150 1151 1152 
21 1153 1154 1155 1156 1157 1158 1159 1160 1161 4 1162 1163 1164 1165 1166 1167 1168 1169 1170 1171 1172 
23 1173 1174 1175 1176 1177 1178 1179 4 1180 1181 1182 887 1183 1184 1185 1186 1187 1188 1189 1190 1191 1192 1193 
15 1194 1195 1196 1197 1198 4 1199 1200 1201 1202 1203 1204 1205 1206 1207 
19 1208 1209 1210 1211 1212 1213 1214 1215 1216 4 1217 1218 1219 1220 1221 1222 1223 1224 1225 
28 1226 1227 1228 1229 1230 1231 1232 1233 1234 1235 971 4 1236 1237 1238 1239 1240 1241 1242 1243 1244 1245 1246 1247 1248 1249 1250 1251 
21 1252 1253 230 1254 1255 4 1256 1257 1258 1259 1260 1261 1262 1263 320 1264 1265 1266 1267 1268 1269 
25 1270 1271 1272 1273 1274 1275 1276 1277 1278 1279 4 1280 1281 1282 1283 1284 1285 1286 1287 1288 1289 1290 1291 1292 1293 
19 1294 1295 1296 1297 1298 1299 1300 1301 1302 1303 1304 1305 4 1306 1307 1308 1309 1310 1311 
14 1312 1313 1314 1315 1316 1317 4 1318 1319 1320 1321 1322 1323 1324 
21 1325 1326 1327 1328 1329 4 1330 1331 1332 1333 1334 1335 1336 1337 1338 1339 1340 1341 1342 1343 1344 
27 1345 1346 1347 1348 1349 1350 1351 1352 1353 1354 1355 1356 1357 1358 1359 4 1360 1361 1362 1363 1364 1365 1366 1367 1368 1369 1370 
30 1371 1372 1373 1374 1375 1376 1377 1378 1379 1380 1381 1382 1383 4 1384 1385 1386 1387 1388 1389 1390 1391 1392 1393 1394 1395 1396 1397 1398 1250 
19 1399 1400 1401 1402 1403 1404 1405 4 1406 1407 1408 1409 1410 1411 1412 1413 1414 1415 1416 
15 1417 1418 1419 1420 4 1421 1422 1423 1424 1425 1426 1427 1428 1429 1430 
20 1431 1432 1433 1434 1435 1436 1437 1438 1439 4 1440 1441 1442 1443 1444 1445 1446 1447 1448 1449 
22 1450 1451 1452 1453 1454 1455 1456 1457 5 1458 1459 1460 1461 1462 1463 1464 1465 1466 1467 1468 1469 1470 
30 1471 1472 1473 1474 1475 1476 1477 1478 1479 1480 1481 5 1482 1483 1484 1485 1486 1487 1488 1489 1490 1491 1492 1493 1494 1495 1496 1497 1498 1499 
19 1500 1501 1502 1503 1504 1505 1506 5 1507 1508 1509 1510 1511 1512 1513 1514 1515 1516 1517 
18 1518 1519 1520 1521 1522 1523 5 1524 1525 1526 1527 1528 1529 752 1530 1531 1532 1533 
22 1534 1535 1536 1537 1538 1539 1540 5 1541 1542 1543 1544 1545 1546 1547 1548 1549 1550 1551 1552 1553 1554 
22 1555 1556 1557 1558 1559 1560 1561 1562 1563 5 1564 1565 1566 1567 1568 1569 1570 1571 1572 1573 1574 1575 
23 1576 1577 1578 1579 1580 5 1581 1582 1583 1584 1585 1586 1587 1588 1589 1590 1591 1592 1593 1594 1595 1596 1597 
26 1598 1599 1600 1601 1602 1603 1604 5 1605 1606 1607 1608 1609 1610 1611 1612 1613 1614 1615 1616 1617 1618 1619 1620 1621 1622 
15 1623 1624 1625 1626 5 1627 1628 1629 1630 1631 1632 1633 1634 1635 1636 
17 1637 1638 1639 1640 1641 1642 5 1643 1644 1645 1646 1647 1648 1649 1650 1651 1652 
20 1653 1654 1655 1656 430 1657 1658 5 1659 1660 1661 1662 1663 1664 1665 1666 1667 1668 1669 1670 
19 1671 1672 1673 1674 1675 1676 1677 5 1678 1679 1680 1681 1682 1683 1684 1685 1686 1687 1688 
29 1689 1690 1691 1692 1693 1694 1695 1696 1697 1698 1699 1700 5 1701 1702 1703 1704 1705 1706 1707 1708 1709 1710 1711 1712 1713 1714 1715 1716 
18 1717 1718 1719 1720 1721 1722 5 1723 1724 1725 1726 1727 1728 1729 1730 1731 1732 1733 
19 1734 1735 1736 1737 1738 1739 1740 1741 1742 5 1743 1744 1745 1746 1747 1748 1749 1750 1751 
28 1752 1753 1754 1755 1756 1757 1758 1759 1760 5 1761 1762 1763 1764 1765 1766 1767 1768 1769 1770 1771 1772 697 1773 1774 1775 1776 1777 
27 1778 1779 1780 1781 1782 1783 1784 1785 1786 1787 1788 1789 1790 5 1791 1792 1793 1794 1795 1796 1797 1798 1799 1800 1801 1802 1803 
22 683 1804 1805 1806 1807 1808 1809 1810 5 1811 1812 1813 1814 1815 1816 1817 1818 1819 1820 1821 1822 1823 
13 1824 1825 1826 1827 1828 1829 5 1830 1831 1832 1833 1834 1835 
19 1836 1837 1838 1839 1840 1841 1842 1843 1844 5 612 1845 1846 1847 1848 1849 1850 1851 1852 
20 1853 1854 1855 1856 1857 1858 1859 5 1860 1861 1862 1863 1864 1865 1866 1867 1868 1869 1870 1871 
14 1872 1873 1874 1875 1876 1877 5 1878 1879 1880 1881 1882 1883 1884 
17 1885 1886 5 1887 1888 1889 1890 1891 1892 1893 1894 1895 1896 1897 1898 1899 1900 
17 1901 1902 1903 1904 1905 1906 1907 6 1908 1909 1910 1911 1912 1913 1914 1915 1916 
24 1917 1918 1919 1920 1921 1922 1923 1924 1925 1926 1927 1928 1929 1930 1931 1932 6 1933 1934 1935 1936 1937 1938 1939 
24 1940 1941 1942 1943 1944 1945 1946 1947 1948 1949 1950 1951 6 1952 1953 1954 1955 1956 1957 1958 1959 1960 1961 1962 
16 1963 1964 1965 862 1966 6 1967 1968 1969 1970 1971 1972 1973 1974 1975 1976 
23 1977 1978 1979 1980 1981 1982 1983 1984 1985 1986 1987 1988 1989 6 1990 1991 1992 1993 1994 1995 1996 1997 1998 
15 1999 2000 2001 2002 2003 2004 2005 2006 6 2007 2008 2009 2010 2011 2012 
22 2013 2014 2015 2016 2017 2018 2019 2020 2021 2022 6 2023 1390 2024 2025 2026 2027 2028 2029 2030 2031 2032 
20 2033 2034 2035 2036 2037 2038 2039 2040 2041 2042 6 2043 2044 2045 2046 2047 2048 2049 2050 2051 
21 2052 2053 2054 2055 155 2056 2057 2058 2059 2060 2061 6 2062 2063 2064 2065 2066 2067 2068 2069 2070 
16 2071 2072 2073 2074 2075 2076 2077 743 2078 6 2079 2080 2081 2082 2083 2084 
18 2085 2086 2087 2088 2089 2090 2091 6 2092 2093 2094 2095 2096 2097 2098 2099 2100 2101 
19 2102 2103 2104 2105 2106 2107 2108 2109 2110 6 2111 2112 2113 2114 2115 2116 2117 2118 1871 
21 2119 2120 2121 2122 2123 2124 2125 2126 2127 2128 2129 6 2130 2131 2132 2133 2134 2135 2136 2137 2138 
10 2139 2140 2141 2142 2143 2144 2145 2146 6 2147 
26 2148 2149 2150 2151 2152 2153 2154 2155 2156 2157 2158 2159 2160 2161 2162 2163 6 2164 2165 2166 2167 2168 2169 2170 2171 2172 
13 2173 2174 2175 2176 2177 2178 2179 2180 2181 6 2182 2183 2184 
17 2185 2186 2187 2188 2189 2190 2191 2192 2193 2194 6 2195 2196 2197 2198 2199 2200 
21 2201 2202 2203 2204 2205 2206 2207 2208 2209 2210 2211 2212 2213 6 2214 2215 2216 2217 2218 2219 2220 
25 2221 2222 2223 2224 2225 2226 2227 2228 2229 2230 2231 2232 2233 2234 2235 2236 6 2237 2238 1151 2239 2240 2241 2242 2243 
20 2244 2245 2246 2247 2248 2249 2250 2251 2252 2253 2254 2255 2256 2257 7 2258 2259 2260 2261 2262 
18 2263 2264 2265 2266 2267 2268 2269 2270 2271 452 727 2272 7 2273 2274 2275 2276 2277 
17 2278 2279 2280 318 2281 2282 2283 2284 2285 2286 1106 2287 2288 2289 7 2290 2291 
18 2292 2293 2294 2295 2296 2297 2298 2299 2300 2301 7 2302 2303 2304 2305 145 2306 2307 
31 2308 2309 2310 2311 2312 2313 2314 2315 2316 2317 2318 2319 2320 2321 2322 2323 2324 2325 7 2326 2327 2328 2329 2330 2331 2332 2333 2334 2335 2336 2337 
29 2338 2339 2340 2341 2342 2343 2344 2345 2346 2347 2348 2349 2350 2351 2352 2353 2354 2355 2356 2357 2358 7 2359 2360 2361 2362 2363 2364 2365 
22 2366 2367 2368 2369 2370 2371 2372 2373 481 2374 2375 2376 7 2377 2378 2379 2380 2381 2382 2383 2384 2385 
16 2386 2387 2388 2389 2390 2391 2392 2393 2394 2395 2396 2397 2398 2399 7 2400 
1 7 
1 7 
2 1779 7 
2 2103 7 
2 1236 7 
1 7 
1 8 
2 945 8 
1 8 
2 2283 8 
2 1353 8 
1 8 
1 8 
1 8 
2 928 8 
1 8 
2 1748 8 
2 352 8 
1 8 
3 121 1235 8 
1 8 
1 8 
1 8 
2 1378 8 
2 1906 8 
1 8 
1 8 
1 9 
1 9 
2 107 9 
3 1816 1617 9 
1 9 
2 1388 9 
1 9 
2 9 10 
1 9 
1 9 
1 9 
1 9 
2 260 9 
2 510 9 
1 9 
2 668 9 
1 9 
1 9 
2 10 1084 
2 266 10 
2 687 10 
1 10 
1 10 
1 10 
1 10 
1 10 
1 10 
2 392 10 
2 820 10 
2 350 10 
2 1832 10 
1 10 
1 10 
1 10 
1 10 
2 1066 10 
1 10 
1 11 
2 2062 11 
3 301 676 11 
2 2131 11 
2 2095 11 
2 1101 11 
2 1982 11 
1 11 
3 640 2183 11 
1 11 
2 1676 11 
1 11 
1 11 
1 11 
1 11 
1 11 
2 351 11 
1 11 
1 11 
2 780 11 
1 12 
1 12 
1 12 
1 12 
2 689 12 
1 12 
1 12 
1 12 
1 12 
1 12 
2 1432 12 
2 1879 12 
2 1283 12 
2 549 12 
2 552 12 
1 12 
1 13 
1 13 
1 13 
1 13 
4 2139 2149 66 13 
1 13 
1 13 
1 13 
1 13 
1 13 
1 13 
2 399 13 
1 13 
2 497 13 
3 1232 1342 13 
1 13 
1 13 
2 1899 13 
2 335 13 
1 13 
2 1558 13 
2 1117 13 
1 14 
1 14 
1 14 
1 14 
2 2283 14 
1 14 
1 14 
2 1469 14 
1 14 
1 14 
1 14 
1 14 
2 165 14 
1 14 
2 856 14 
2 271 14 
3 1265 1636 14 
1 14 
2 172 14 
1 14 
1 14 
2 548 14 
1 14 
2 15 263 
1 15 
1 15 
1 15 
1 15 
1 15 
2 15 616 
2 15 2027 
1 15 
1 15 
1 15 
2 15 1065 
2 15 1352 
1 15 
1 15 
1 15 
2 15 336 
1 15 
2 1374 16 
2 16 1979 
1 16 
1 16 
1 16 
1 16 
3 16 524 754 
1 16 
1 16 
4 2148 2173 16 2022 
2 16 57 
1 16 
2 16 192 
1 16 
1 16 
1 16 
2 16 1762 
1 16 
2 16 1051 
2 16 2146 
2 1534 16 
2 17 2270 
1 17 
2 2338 17 
2 17 1434 
1 17 
3 1735 1779 17 
1 17 
2 17 581 
2 17 120 
3 17 1419 1657 
3 17 2122 66 
2 17 978 
1 17 
2 17 2111 
1 17 
1 17 
1 17 
3 17 1789 1580 
2 18 617 
1 18 
1 18 
1 18 
1 18 
2 18 712 
1 18 
3 18 2160 244 
2 18 287 
2 18 1020 
1 18 
3 18 886 1423 
1 18 
1 18 
1 18 
1 18 
2 18 1486 
1 18 
1 18 
1 19 
1 19 
1 19 
3 19 41 182 
2 19 206 
4 534 19 143 443 
2 2185 19 
1 19 
2 19 1250 
1 19 
1 19 
1 19 
2 2244 19 
1 19 
2 19 2208 
1 19 
1 19 
1 19 
1 19 
1 19 
2 963 19 
2 1214 19 
2 19 1997 
2 684 20 
1 20 
2 20 2031 
1 20 
3 922 572 20 
2 630 20 
1 20 
2 767 20 
1 20 
2 20 1128 
1 20 
2 20 960 
1 20 
1 20 
1 20 
1 20 
3 1922 20 777 
1 20 
2 1945 20 
2 927 20 
1 21 
1 21 
2 21 180 
1 21 
1 21 
2 21 2284 
1 21 
2 876 21 
4 2350 21 996 1168 
2 21 237 
2 2053 21 
1 21 
1 21 
1 21 
1 21 
1 21 
1 21 
1 22 
2 1558 22 
2 22 1129 
1 22 
2 22 2167 
1 22 
2 22 564 
2 22 507 
3 2015 22 1820 
1 22 
1 22 
2 22 1086 
1 22 
1 22 
1 22 
1 22 
1 23 
1 23 
1 23 
2 1160 23 
2 23 865 
1 23 
1 23 
2 23 86 
3 2227 1435 23 
3 23 1171 621 
1 23 
1 23 
1 23 
1 23 
2 23 583 
3 1920 1560 23 
1 23 
1 23 
1 23 
1 23 
2 352 23 
2 23 957 
1 23 
1 24 
2 24 562 
1 24 
2 1872 24 
1 24 
1 24 
2 119 24 
1 24 
1 24 
2 1722 24 
1 24 
1 24 
1 24 
1 24 
2 24 486 
1 25 
1 25 
1 25 
1 25 
2 1353 25 
2 25 1009 
1 25 
3 25 1745 785 
1 25 
1 25 
1 25 
2 25 1712 
1 25 
2 25 1972 
3 1026 25 1794 
1 25 
1 26 
2 1348 26 
1 26 
1 26 
2 124 26 
4 26 1030 1662 854 
1 26 
1 26 
1 26 
2 26 460 
1 26 
1 26 
1 27 
1 27 
2 933 27 
1 27 
1 27 
1 27 
2 27 2241 
1 27 
3 1480 239 27 
1 27 
1 27 
1 27 
1 27 
1 27 
1 27 
1 27 
1 27 
1 27 
2 414 27 
2 27 675 
1 27 
2 27 166 
1 27 
1 28 
1 28 
1 28 
1 28 
1 28 
2 28 696 
1 28 
1 28 
1 28 
1 28 
1 28 
1 28 
2 295 28 
3 986 1381 28 
1 28 
2 630 28 
2 1039 28 
2 2244 28 
1 28 
2 593 28 
2 820 29 
3 740 1856 29 
2 352 29 
1 29 
1 29 
4 1375 2085 29 786 
2 60 29 
1 29 
1 29 
2 744 29 
1 29 
1 29 
2 1335 29 
1 29 
1 29 
1 29 
2 29 269 
2 223 30 
5 2203 1643 1246 30 874 
2 2104 30 
2 224 30 
1 30 
2 828 30 
2 595 30 
2 2208 30 
2 2165 30 
1 30 
1 30 
1 30 
2 685 30 
2 447 30 
1 30 
2 413 30 
2 1391 31 
2 31 637 
2 1817 31 
1 31 
1 31 
1 31 
2 1464 31 
2 374 31 
1 31 
1 31 
2 1114 31 
1 31 
1 31 
2 1272 31 
1 31 
1 31 
5 1999 317 1772 31 682 
1 31 
2 437 31 
1 31 
2 1240 31 
2 2294 31 
2 1978 31 
2 1286 31 
1 32 
1 32 
1 32 
1 32 
2 32 531 
2 651 32 
3 1319 555 32 
1 32 
1 32 
1 32 
3 768 2399 32 
1 32 
1 32 
2 2258 32 
2 1738 32 
1 33 
1 33 
2 1254 33 
1 33 
1 33 
1 33 
1 33 
1 33 
4 848 1337 95 33 
1 33 
2 1837 33 
1 33 
2 277 33 
2 328 33 
3 1435 980 33 
1 33 
1 33 
2 432 33 
1 33 
3 926 730 33 
1 33 
1 34 
2 34 1646 
1 34 
1 34 
1 34 
3 34 375 527 
2 34 2079 
1 34 
1 34 
2 2054 34 
1 34 
2 34 2231 
2 566 34 
1 35 
1 35 
2 35 198 
1 35 
1 35 
1 35 
1 35 
2 1945 35 
1 35 
1 35 
1 35 
2 723 35 
1 35 
2 35 594 
1 35 
1 35 
1 35 
2 35 1446 
1 36 
2 1134 36 
2 2033 36 
1 36 
2 36 919 
1 36 
3 36 1390 1914 
1 36 
1 36 
1 36 
1 36 
4 1789 36 1962 1251 
2 36 168 
1 36 
1 36 
2 1011 36 
1 36 
1 36 
1 36 
2 36 508 
2 192 36 
1 36 
1 36 
1 36 
1 36 
2 36 898 
2 36 581 
2 37 93 
3 370 37 931 
2 37 561 
3 1153 37 1880 
3 173 37 917 
1 37 
2 37 214 
3 37 994 2011 
1 37 
4 971 37 1914 1597 
1 37 
2 37 1823 
1 37 
2 517 37 
2 37 91 
2 37 973 
1 37 
2 37 754 
1 38 
1 38 
2 838 38 
3 1735 38 1200 
1 38 
2 1435 38 
1 38 
1 38 
1 38 
1 38 
1 38 
2 38 333 
1 38 
1 38 
1 38 
1 38 
2 38 1172 
1 38 
1 38 
2 1984 39 
1 39 
1 39 
2 39 649 
1 39 
1 39 
2 1281 39 
2 119 39 
2 39 1323 
1 39 
2 39 623 
1 39 
1 39 
1 39 
1 39 
1 40 
1 40 
2 2074 40 
2 839 40 
1 40 
2 533 40 
1 40 
1 40 
3 1099 40 108 
2 40 541 
2 1538 40 
1 40 
3 1277 1305 40 
1 40 
1 40 
1 40 
1 40 
2 79 40 
3 1138 40 1199 
4 295 40 1240 700 
1 40 
1 41 
1 41 
2 41 1830 
1 41 
1 41 
2 41 1996 
1 41 
1 41 
2 41 2322 
1 41 
1 41 
2 377 41 
2 41 599 
2 41 1985 
1 41 
1 41 
2 1357 41 
1 41 
1 41 
1 41 
1 41 
2 41 386 
1 41 
2 41 2068 
2 41 209 
1 41 
2 41 901 
1 41 
2 2177 41 
2 41 468 
2 537 41 
1 41 
2 42 1047 
2 42 1550 
2 864 42 
1 42 
1 42 
1 42 
1 42 
1 42 
2 1639 42 
1 42 
1 42 
1 42 
2 42 1249 
1 42 
2 42 1221 
1 42 
2 2209 42 
1 42 
1 42 
1 42 
1 42 
3 43 2045 1031 
1 43 
2 2309 43 
2 2057 43 
1 43 
1 43 
1 43 
1 43 
1 43 
1 43 
1 43 
3 532 43 181 
1 43 
1 43 
1 43 
1 43 
2 43 1310 
1 43 
1 43 
2 554 43 
1 43 
1 43 
2 2018 44 
1 44 
1 44 
1 44 
1 44 
1 44 
1 44 
2 703 44 
4 738 911 44 1424 
2 1184 44 
1 44 
1 44 
1 44 
1 44 
2 1372 44 
2 2053 44 
1 44 
2 612 44 
1 44 
1 44 
2 1137 44 
1 44 
1 44 
2 482 44 
1 44 
3 2350 262 44 
2 1765 44 
1 45 
1 45 
1 45 
1 45 
2 102 45 
1 45 
3 2014 790 45 
2 427 45 
1 45 
1 45 
1 45 
1 45 
1 45 
1 45 
2 1377 45 
1 45 
2 550 45 
1 46 
2 397 46 
1 46 
2 2152 46 
1 46 
1 46 
1 46 
1 46 
1 46 
1 46 
1 46 
2 46 339 
2 62 46 
1 46 
2 46 1339 
1 46 
1 46 
1 46 
1 46 
2 2195 46 
1 46 
1 46 
2 46 2029 
2 46 681 
2 1216 46 
1 46 
2 46 782 
1 46 
1 47 
2 1155 47 
1 47 
1 47 
1 47 
2 1141 47 
2 47 1803 
2 47 956 
3 839 47 1595 
1 47 
1 47 
1 47 
1 47 
1 47 
2 687 47 
1 47 
2 660 47 
1 47 
1 47 
2 374 48 
1 48 
1 48 
2 1982 48 
3 2194 48 623 
2 48 389 
2 140 48 
1 48 
1 48 
3 1901 684 48 
2 48 2047 
2 491 48 
1 48 
1 48 
1 48 
1 48 
1 48 
2 1878 49 
1 49 
1 49 
1 49 
1 49 
1 49 
2 133 49 
1 49 
1 49 
1 49 
1 49 
2 2066 49 
1 49 
1 49 
1 49 
2 971 49 
1 49 
3 910 2079 49 
2 49 444 
2 1522 49 
1 49 
2 381 49 
1 50 
1 50 
3 1278 50 367 
3 2123 1337 50 
1 50 
1 50 
1 50 
1 50 
1 50 
1 50 
5 1159 692 954 65 50 
1 50 
2 698 50 
1 50 
1 50 
1 50 
1 50 
2 321 50 
1 50 
2 50 618 
1 50 
2 1572 50 
2 1147 50 
1 50 
1 50 
3 51 525 1062 
2 1535 51 
1 51 
1 51 
2 51 1697 
1 51 
1 51 
1 51 
3 51 690 1726 
2 51 1802 
4 51 2319 1026 398 
1 51 
1 51 
1 51 
1 51 
2 51 1033 
1 51 
2 51 1926 
1 51 
1 51 
1 51 
1 51 
1 51 
2 51 466 
1 52 
2 52 671 
1 52 
1 52 
3 52 1639 1073 
2 52 1941 
1 52 
3 52 2246 1983 
1 52 
2 52 1114 
3 1637 52 337 
1 52 
1 52 
1 53 
1 53 
1 53 
3 53 996 475 
1 53 
1 53 
1 53 
2 53 482 
2 809 53 
1 53 
2 53 1001 
1 53 
2 53 1231 
2 53 2394 
1 53 
1 54 
2 54 528 
2 54 1565 
1 54 
1 54 
2 54 1554 
1 54 
2 54 2031 
1 54 
3 788 54 2006 
3 55 1491 1669 
1 55 
1 55 
2 55 307 
2 55 2266 
1 55 
1 55 
1 55 
2 55 1368 
1 55 
1 55 
1 55 
1 55 
3 55 1170 1998 
2 986 55 
2 56 1530 
2 1226 56 
2 56 282 
2 56 188 
1 56 
1 56 
2 56 1172 
1 56 
1 56 
1 56 
2 56 1014 
1 56 
1 56 
1 56 
1 56 
2 2342 56 
1 56 
1 56 
1 56 
1 56 
2 56 2302 
3 171 56 1530 
1 56 
2 56 418 
1 57 
1 57 
2 57 1864 
2 57 2043 
1 57 
1 57 
1 57 
3 57 1307 1816 
2 2348 57 
1 57 
1 57 
1 57 
2 743 58 
2 1677 58 
3 58 195 1845 
1 58 
1 58 
1 58 
1 58 
3 120 58 1766 
1 58 
1 58 
1 58 
1 58 
1 58 
1 58 
2 58 1820 
4 58 575 1019 1268 
1 58 
1 58 
2 59 247 
1 59 
1 59 
2 59 2046 
1 59 
1 59 
1 59 
1 59 
2 1963 59 
1 59 
1 59 
3 59 2163 379 
2 409 59 
2 2247 59 
2 59 2262 
1 59 
1 60 
2 657 60 
2 60 1285 
2 1804 60 
2 60 851 
3 60 2062 753 
2 1400 60 
3 2140 60 1292 
2 908 60 
1 60 
1 60 
1 60 
1 60 
1 60 
4 60 1704 2305 983 
1 60 
1 60 
1 60 
2 60 117 
1 60 
2 686 61 
1 61 
3 1399 904 61 
1 61 
1 61 
1 61 
2 971 61 
2 426 61 
1 61 
1 61 
1 61 
1 61 
1 61 
1 61 
1 61 
3 2174 61 398 
1 61 
2 61 1061 
2 432 61 
4 1349 1069 61 717 
1 62 
1 62 
1 62 
1 62 
1 62 
3 1358 62 1363 
2 1566 62 
1 62 
2 1979 62 
2 1966 62 
1 62 
2 840 62 
1 62 
1 62 
1 62 
1 62 
1 62 
1 62 
1 62 
1 62 
1 62 
1 63 
1 63 
1 63 
1 63 
2 1262 63 
2 63 753 
2 704 63 
1 63 
1 63 
1 63 
1 63 
1 63 
1 63 
1 63 
1 64 
1 64 
1 64 
1 64 
2 1406 64 
1 64 
2 64 368 
2 64 2307 
4 2038 64 1427 899 
2 1254 64 
1 64 
1 64 
1 64 
2 802 64 
1 64 
1 64 
1 64 
2 1280 64 
2 1064 65 
1 65 
1 65 
1 65 
1 65 
3 65 1913 1035 
3 2244 240 65 
3 2035 1676 65 
1 65 
2 65 145 
3 1578 65 130 
1 65 
2 1940 65 
1 65 
4 65 1970 585 754 
2 1294 65 
2 2182 65 
1 65 
2 65 2030 
1 65 
4 550 1829 65 1916 
1 65 
1 65 
3 800 65 2133 
3 355 65 72 
2 667 65 
1 66 
1 66 
3 606 1217 66 
1 66 
2 2095 66 
2 1936 66 
1 66 
1 66 
1 66 
1 66 
3 1558 1198 66 
1 66 
2 2322 66 
2 264 66 
2 66 2010 
1 66 
2 66 1114 
1 66 
2 1645 67 
1 67 
2 578 67 
2 1754 67 
1 67 
2 1742 67 
1 67 
3 747 2096 67 
2 963 67 
2 1339 67 
2 67 1225 
2 726 67 
1 67 
3 1840 222 67 
2 1851 67 
2 1135 67 
2 67 588 
1 67 
1 67 
1 67 
1 67 
1 67 
2 1140 67 
1 67 
2 1241 68 
1 68 
1 68 
1 68 
1 68 
1 68 
2 68 2138 
2 1402 68 
2 2075 68 
1 68 
1 68 
2 747 68 
1 68 
2 1094 68 
1 68 
1 68 
2 825 68 
1 68 
1 69 
1 69 
2 69 1531 
1 69 
1 69 
1 69 
1 69 
2 595 69 
1 69 
1 69 
1 69 
3 728 2363 69 
1 69 
2 2077 70 
1 70 
2 70 1552 
1 70 
1 70 
1 70 
1 70 
2 1333 70 
2 1332 70 
1 70 
2 544 70 
1 70 
4 964 612 2217 70 
1 70 
5 2249 1279 1507 889 70 
1 70 
2 70 1429 
2 240 70 
1 70 
1 70 
2 1664 71 
1 71 
1 71 
2 478 71 
2 71 1172 
1 71 
1 71 
2 283 71 
4 136 465 2212 71 
1 71 
1 71 
1 71 
2 772 71 
2 1178 71 
1 71 
1 71 
1 71 
2 1704 71 
3 1178 1513 71 
1 71 
1 71 
1 71 
1 71 
2 1056 71 
2 2217 71 
1 71 
2 1478 72 
2 845 72 
2 2071 72 
2 289 72 
2 537 72 
1 72 
2 872 72 
3 1488 149 72 
1 72 
1 72 
3 1740 525 72 
1 72 
1 72 
1 72 
1 72 
2 2067 72 
1 72 
2 158 72 
1 72 
3 662 105 72 
3 565 2069 72 
1 72 
1 72 
1 72 
1 72 
1 72 
1 72 
1 72 
2 1155 73 
2 1139 73 
1 73 
2 1301 73 
1 73 
1 73 
1 73 
2 1212 73 
1 73 
2 1571 73 
1 73 
1 73 
1 73 
1 73 
2 2249 73 
2 1632 73 
1 73 
1 73 
1 74 
2 1969 74 
3 2312 319 74 
4 2023 2291 74 2101 
1 74 
2 2097 74 
2 339 74 
2 839 74 
1 74 
1 74 
2 1216 74 
1 74 
2 1341 74 
1 74 
1 75 
3 220 2098 75 
2 75 1823 
2 313 75 
4 706 431 618 75 
1 75 
1 75 
1 75 
1 75 
1 75 
1 75 
1 75 
2 1585 75 
2 1679 75 
1 75 
2 655 75 
1 75 
1 75 
1 75 
2 76 1934 
1 76 
1 76 
1 76 
1 76 
2 76 1987 
1 76 
1 76 
1 76 
1 76 
1 76 
1 76 
1 76 
1 76 
2 76 571 
1 76 
1 76 
1 76 
1 76 
2 76 255 
1 76 
1 77 
1 77 
1 77 
2 77 2324 
1 77 
2 77 1513 
1 77 
3 1371 77 1552 
1 77 
3 1839 77 497 
1 77 
2 77 1587 
1 77 
2 1999 77 
1 77 
2 77 344 
1 77 
3 1378 77 2257 
1 77 
1 77 
3 1048 77 1931 
3 77 1844 1795 
1 77 
1 77 
1 77 
1 77 
1 77 
1 77 
1 77 
1 78 
1 78 
1 78 
1 78 
1 78 
1 78 
1 78 
2 78 1339 
1 78 
1 78 
1 78 
1 78 
2 78 1616 
3 78 1476 1363 
1 78 
1 78 
1 78 
1 78 
1 79 
1 79 
1 79 
2 79 1823 
2 79 958 
1 79 
1 79 
1 79 
1 79 
2 79 1597 
2 79 1786 
1 79 
3 1063 79 1084 
2 1314 79 
1 79 
1 79 
2 80 309 
2 987 80 
1 80 
1 80 
2 80 745 
2 2189 80 
1 80 
1 80 
1 80 
2 2149 80 
2 2226 80 
1 80 
1 80 
3 2366 80 1915 
1 80 
1 80 
2 789 80 
1 80 
3 1327 80 1478 
1 80 
3 1842 80 1043 
1 81 
1 81 
1 81 
4 408 81 1262 246 
1 81 
2 81 438 
2 81 1863 
1 81 
1 81 
2 81 1631 
2 1040 81 
2 1179 81 
1 81 
1 81 
1 81 
1 81 
2 81 1408 
2 81 982 
1 81 
1 81 
1 81 
1 82 
1 82 
3 1781 82 1236 
1 82 
2 82 327 
1 82 
1 82 
2 2020 82 
2 82 2182 
2 82 1443 
1 82 
2 82 1482 
1 82 
1 82 
1 82 
1 82 
1 82 
1 82 
1 82 
2 911 82 
1 82 
3 82 692 1527 
1 83 
1 83 
1 83 
1 83 
1 83 
1 83 
1 83 
1 83 
1 83 
1 83 
1 83 
1 83 
1 83 
1 83 
1 83 
1 83 
1 83 
2 83 1953 
2 83 1512 
2 156 83 
1 83 
2 83 2115 
1 83 
1 83 
1 83 
1 84 
1 84 
1 84 
1 84 
1 84 
1 84 
1 84 
1 84 
2 1564 84 
2 84 1414 
1 84 
1 84 
1 84 
2 84 264 
3 2087 85 1020 
1 85 
4 796 1014 85 2216 
1 85 
1 85 
1 85 
3 550 85 1814 
1 85 
2 1270 85 
2 626 85 
1 85 
1 85 
1 85 
1 85 
1 85 
2 1856 85 
1 86 
1 86 
1 86 
2 1985 86 
3 319 86 1684 
1 86 
2 1828 86 
1 86 
1 86 
3 86 482 2196 
1 86 
2 1345 86 
2 2353 86 
1 86 
1 86 
1 86 
2 1048 86 
1 86 
1 87 
1 87 
1 87 
1 87 
1 87 
3 1233 200 87 
2 1100 87 
1 87 
2 87 1444 
1 87 
1 87 
1 87 
1 87 
2 1657 87 
1 87 
1 87 
1 87 
1 87 
1 88 
1 88 
1 88 
2 88 2025 
2 88 2261 
1 88 
1 88 
1 88 
2 990 88 
1 88 
1 88 
1 88 
1 88 
1 88 
1 88 
3 1147 88 1362 
1 88 
2 88 1865 
2 88 2383 
1 88 
1 88 
1 88 
1 88 
2 88 472 
1 88 
2 2369 88 
1 88 
1 88 
1 89 
1 89 
1 89 
2 2177 89 
1 89 
2 89 455 
1 89 
1 89 
1 89 
2 994 89 
1 89 
1 89 
1 89 
1 89 
3 1932 89 2259 
1 89 
1 89 
1 90 
3 704 315 90 
1 90 
1 90 
3 2209 90 603 
1 90 
2 1381 90 
1 90 
2 1275 90 
1 90 
1 90 
2 468 90 
1 90 
1 90 
2 142 90 
1 90 
1 90 
1 90 
1 91 
1 91 
2 1273 91 
1 91 
1 91 
1 91 
1 91 
1 91 
1 91 
1 91 
2 91 305 
2 91 1936 
1 91 
3 91 2328 857 
2 1106 91 
1 91 
1 91 
1 91 
1 91 
1 91 
2 91 581 
1 91 
2 91 2010 
1 91 
1 91 
1 91 
1 92 
3 315 92 128 
1 92 
2 1578 92 
1 92 
1 92 
1 92 
1 92 
2 1528 92 
1 92 
1 92 
3 667 92 327 
1 92 
1 92 
1 92 
1 92 
2 92 475 
3 2004 92 1492 
1 92 
1 92 
1 92 
1 92 
1 92 
1 92 
2 995 92 
2 909 92 
2 1136 93 
1 93 
2 2141 93 
1 93 
1 93 
1 93 
1 93 
1 93 
1 93 
1 93 
2 1643 93 
1 93 
3 156 1094 93 
2 567 93 
1 93 
1 93 
3 415 93 1113 
2 1917 93 
2 1944 93 
4 1433 1521 694 93 
2 1925 94 
1 94 
1 94 
1 94 
2 1659 94 
2 1246 94 
2 758 94 
1 94 
2 183 94 
1 94 
1 94 
2 1877 94 
1 95 
2 614 95 
1 95 
2 1480 95 
2 1283 95 
1 95 
2 95 1554 
1 95 
2 1492 95 
2 1101 95 
1 95 
1 95 
1 95 
1 95 
1 95 
2 1284 95 
1 95 
1 96 
1 96 
2 96 2100 
3 533 96 1652 
1 96 
1 96 
1 96 
1 96 
1 96 
1 96 
2 1561 96 
3 1089 96 2199 
2 1706 96 
1 96 
1 96 
1 96 
1 96 
1 96 
2 110 96 
2 449 97 
1 97 
1 97 
2 2158 97 
1 97 
2 1835 97 
2 939 97 
2 221 97 
2 686 97 
1 97 
1 97 
1 97 
1 97 
1 98 
1 98 
1 98 
1 98 
1 98 
1 98 
1 98 
1 98 
1 98 
1 98 
2 2078 98 
1 98 
1 98 
1 98 
2 243 98 
1 98 
2 99 931 
1 99 
1 99 
1 99 
1 99 
2 99 150 
1 99 
1 99 
1 99 
1 99 
1 99 
1 99 
2 99 1231 
3 99 662 692 
2 99 1547 
2 99 1246 
2 100 1821 
1 100 
1 100 
2 100 438 
1 100 
2 100 386 
1 100 
1 100 
2 1824 100 
2 100 1003 
1 100 
1 100 
1 100 
1 100 
2 100 1491 
2 100 1731 
1 100 
2 1450 100 
1 100 
3 100 1257 1763 
1 100 
1 100 
1 100 
2 101 1238 
2 101 1015 
1 101 
1 101 
2 101 1822 
3 101 645 388 
2 2226 101 
1 101 
1 101 
1 101 
1 101 
1 101 
1 101 
2 101 1615 
1 101 
1 101 
1 101 
1 101 
1 101 
2 101 1998 
1 101 
1 101 
2 101 667 
2 102 1125 
1 102 
1 102 
2 102 1182 
1 102 
1 102 
2 1418 102 
2 102 1240 
1 102 
2 102 474 
1 102 
1 102 
1 102 
1 102 
1 103 
2 103 587 
3 290 103 1181 
1 103 
1 103 
3 925 103 196 
2 103 1017 
2 720 103 
3 103 1656 769 
1 103 
2 103 1455 
1 103 
1 103 
1 103 
1 103 
1 103 
1 103 
1 103 
1 103 
2 761 103 
2 103 369 
3 103 1959 1061 
3 104 1484 581 
1 104 
1 104 
1 104 
1 104 
2 104 1795 
1 104 
2 104 1047 
1 104 
1 104 
1 104 
3 104 1774 1266 
2 690 104 
1 104 
1 105 
2 105 864 
2 105 415 
1 105 
1 105 
2 831 105 
1 105 
2 105 1583 
1 105 
2 105 298 
2 105 1420 
1 105 
2 1692 105 
1 105 
2 105 278 
1 105 
2 105 897 
2 105 1244 
3 372 105 1045 
1 105 
2 658 106 
1 106 
2 1233 106 
1 106 
1 106 
2 1216 106 
1 106 
1 106 
1 106 
1 106 
2 106 1090 
1 106 
2 809 106 
2 1120 106 
2 106 932 
1 106 
1 106 
1 106 
1 106 
1 107 
3 107 400 846 
2 107 634 
1 107 
1 107 
2 812 107 
1 107 
1 107 
1 107 
1 107 
4 191 1138 107 2198 
1 107 
1 107 
1 107 
2 107 950 
2 107 1386 
3 2189 107 779 
2 107 1391 
1 107 
2 1373 108 
1 108 
1 108 
2 737 108 
3 1302 108 2213 
1 108 
2 1325 108 
2 108 1895 
3 631 108 956 
1 108 
1 108 
1 108 
1 108 
1 108 
2 537 109 
1 109 
2 1637 109 
1 109 
2 109 2324 
1 109 
1 109 
2 109 2136 
1 109 
1 109 
3 194 1256 109 
2 1277 109 
2 109 1422 
2 1432 109 
1 109 
2 1855 109 
3 1420 109 2240 
1 110 
2 110 129 
2 551 110 
1 110 
1 110 
1 110 
2 110 2216 
1 110 
1 110 
2 110 323 
1 110 
1 110 
1 110 
2 110 1619 
1 110 
1 110 
1 110 
1 111 
1 111 
1 111 
2 320 111 
2 964 111 
1 111 
1 111 
1 111 
1 111 
1 111 
2 111 2306 
1 111 
2 193 111 
1 111 
2 111 1249 
1 111 
1 111 
2 2092 111 
1 111 
2 1300 111 
2 230 112 
2 1140 112 
2 1806 112 
1 112 
1 112 
1 112 
1 112 
2 112 308 
1 112 
2 298 113 
3 230 1543 113 
1 113 
1 113 
2 878 113 
1 113 
1 113 
1 113 
1 113 
1 113 
2 1875 113 
1 113 
2 335 113 
2 2246 113 
1 113 
2 113 1128 
1 113 
2 557 113 
1 113 
2 411 113 
1 113 
1 113 
1 113 
1 113 
1 113 
2 298 114 
3 2386 1168 114 
1 114 
1 114 
3 1720 114 784 
1 114 
1 114 
1 114 
1 114 
3 1584 1242 114 
2 198 114 
1 114 
2 353 115 
1 115 
1 115 
1 115 
3 1539 115 2068 
1 115 
1 115 
1 115 
1 115 
2 926 115 
2 894 115 
2 1662 115 
1 115 
2 2062 115 
2 1864 115 
1 115 
1 116 
1 116 
2 550 116 
1 116 
1 116 
1 116 
1 116 
3 361 556 116 
3 1738 804 116 
1 116 
1 116 
2 1353 116 
2 2075 116 
1 116 
1 116 
3 1639 2108 116 
4 2246 1337 116 1369 
1 116 
1 116 
1 116 
1 117 
1 117 
1 117 
1 117 
1 117 
3 1946 1544 117 
2 431 117 
1 117 
1 117 
1 117 
2 636 117 
1 117 
1 117 
1 117 
1 117 
1 117 
1 117 
1 117 
1 117 
3 2377 117 2101 
2 495 117 
1 117 
1 117 
4 118 1232 359 529 
1 118 
4 118 1017 2161 2217 
2 118 1130 
1 118 
3 118 1339 1413 
1 118 
1 118 
1 118 
1 118 
1 118 
1 118 
1 118 
2 118 1488 
2 118 602 
2 118 1731 
1 118 
2 118 1693 
2 118 1131 
1 119 
1 119 
1 119 
2 119 1052 
1 119 
1 119 
1 119 
2 310 119 
1 119 
1 119 
1 119 
1 119 
1 119 
1 119 
1 119 
1 120 
1 120 
1 120 
1 120 
1 120 
3 135 120 252 
2 120 395 
1 120 
1 120 
1 120 
1 120 
1 120 
1 120 
2 120 1420 
1 121 
1 121 
2 121 586 
1 121 
1 121 
1 121 
1 121 
1 121 
1 121 
1 121 
2 121 1083 
1 121 
1 121 
2 121 1147 
2 121 2129 
2 121 1215 
1 122 
2 811 122 
1 122 
1 122 
2 1419 122 
1 122 
1 122 
1 122 
1 122 
1 122 
1 122 
2 122 996 
1 122 
1 122 
3 764 122 1264 
1 122 
3 1474 122 2089 
1 122 
1 122 
1 122 
2 122 1765 
1 122 
1 122 
1 122 
1 122 
1 122 
1 122 
1 122 
1 122 
1 122 
2 312 123 
1 123 
1 123 
1 123 
2 123 1078 
1 123 
1 123 
1 123 
1 123 
1 123 
2 123 1095 
1 123 
3 123 398 856 
1 123 
1 123 
3 123 2376 1665 
1 123 
1 123 
1 123 
1 123 
1 123 
1 123 
1 123 
1 123 
1 123 
2 123 1323 
1 123 
1 123 
2 124 1547 
1 124 
1 124 
2 124 1714 
1 124 
1 124 
1 124 
1 124 
1 124 
1 124 
2 124 2353 
2 124 2240 
1 124 
1 124 
1 124 
1 124 
1 124 
2 124 1707 
1 124 
1 124 
2 2174 125 
1 125 
1 125 
1 125 
1 125 
1 125 
1 125 
1 125 
2 125 1036 
1 125 
1 125 
1 125 
1 125 
2 125 599 
1 125 
