23 2 3 4 5 6 7 8 9 10 11 12 13 14 15 16 17 18 19 20 21 22 23 24 
24 25 26 27 28 29 30 31 32 33 34 35 36 1 37 38 39 40 41 42 43 44 45 46 47 
18 48 49 50 51 52 53 54 1 55 56 57 58 59 60 61 62 63 64 
22 65 66 67 68 69 70 71 72 73 74 75 76 77 1 78 79 80 81 82 83 84 85 
20 86 87 88 89 90 91 92 93 1 94 95 96 97 98 99 100 101 102 103 104 
23 105 106 107 108 109 110 111 112 113 1 114 115 116 117 118 119 120 121 122 123 124 125 126 
19 127 128 129 130 131 1 132 133 134 135 136 137 138 139 140 141 142 143 144 
21 145 146 147 148 149 150 151 152 153 154 155 1 156 157 158 159 160 161 162 163 164 
17 165 166 167 168 169 170 171 172 173 174 175 1 176 177 178 179 180 
16 181 182 183 184 185 186 187 188 1 189 190 191 192 193 194 195 
20 196 197 198 199 200 201 202 203 204 205 1 206 207 208 209 210 211 212 213 214 
21 215 216 217 218 219 220 221 222 223 1 224 225 226 227 228 229 230 231 232 233 234 
24 235 236 237 238 239 240 241 242 243 1 244 245 246 247 248 249 250 251 252 253 254 255 256 257 
15 258 259 260 261 1 262 263 264 265 266 267 268 269 270 271 
26 272 273 274 275 276 277 278 279 280 281 282 283 284 285 286 287 1 288 289 290 291 292 293 294 295 296 
15 297 298 299 300 301 302 303 1 304 305 306 307 308 309 310 
20 311 312 313 314 315 316 317 318 1 319 320 321 322 323 324 325 326 327 328 329 
14 330 331 332 333 334 335 336 1 337 338 339 340 341 342 
21 343 344 345 346 347 348 349 350 351 1 352 353 354 355 356 357 358 359 360 361 362 
26 363 364 365 366 367 368 369 370 371 372 373 374 1 375 376 377 378 379 380 381 382 383 384 385 386 387 
16 388 389 390 391 392 393 394 395 396 397 1 398 399 400 401 402 
20 403 404 405 406 407 408 409 410 411 1 412 413 414 415 416 417 418 419 420 421 
16 422 423 424 425 1 426 427 428 429 430 431 432 433 434 435 436 
27 437 438 439 440 441 442 443 444 445 446 447 1 448 449 450 451 452 453 454 455 456 457 458 459 460 461 462 
24 463 2 464 465 466 467 468 469 470 471 472 473 474 475 476 477 478 479 480 481 482 483 484 485 
19 2 486 487 488 489 490 491 492 493 494 495 496 497 498 499 500 501 502 503 
32 2 504 505 506 507 508 509 510 511 512 513 514 515 516 517 518 519 520 521 522 523 524 525 526 527 528 529 530 531 532 533 534 
27 2 535 536 537 538 539 540 541 542 543 544 545 546 547 548 549 550 551 552 553 554 555 556 557 558 559 560 
15 2 561 562 563 564 565 566 567 568 569 570 571 572 573 574 
14 2 575 576 577 578 579 580 581 582 583 584 585 586 587 
18 588 589 2 590 591 592 593 594 595 596 597 598 599 600 601 602 603 604 
19 605 2 606 607 608 609 610 611 612 613 614 615 616 617 618 619 620 621 622 
21 2 623 624 625 626 627 628 629 630 631 632 633 634 635 636 637 638 639 640 641 642 
22 2 643 644 645 646 647 648 649 650 651 652 653 654 655 656 657 658 659 660 661 662 663 
20 2 664 665 666 667 668 669 670 671 672 673 674 675 676 677 678 679 680 681 682 
22 2 683 684 685 539 686 687 688 689 690 691 692 693 694 695 696 697 698 699 700 530 701 
21 2 702 703 704 705 706 707 708 709 710 711 712 713 714 715 716 717 718 719 720 721 
21 2 722 723 724 725 726 727 728 729 730 731 732 733 734 735 736 737 738 739 740 741 
23 2 742 743 744 745 746 747 748 749 750 751 752 753 754 755 756 757 758 759 760 761 762 763 
25 764 2 765 766 767 768 769 770 771 772 773 774 775 776 777 778 779 780 781 782 783 784 785 786 787 
20 2 788 789 790 791 792 793 794 795 796 797 798 799 800 801 802 803 804 805 806 
21 2 807 808 809 810 811 812 813 814 815 816 817 818 819 820 821 822 823 824 825 826 
19 827 2 828 829 830 831 832 833 834 835 836 837 838 839 840 841 842 843 844 
19 2 845 846 847 848 849 850 851 852 853 854 855 856 857 858 859 860 861 862 
12 2 863 864 865 866 867 868 869 870 357 871 872 
23 873 2 874 875 876 877 878 879 880 881 882 883 884 885 886 887 888 889 890 891 892 893 894 
20 2 895 896 897 898 899 900 901 902 903 904 905 906 907 908 909 910 911 912 913 
21 914 915 916 917 918 919 920 3 921 922 923 924 925 926 927 928 929 930 931 932 933 
14 934 935 936 937 938 3 939 940 941 942 943 944 945 946 
13 947 948 949 950 3 951 952 953 954 955 956 957 958 
20 959 960 961 962 3 963 964 965 966 967 968 969 970 971 972 973 974 975 976 977 
19 978 979 3 980 981 982 983 984 985 986 987 988 989 990 991 992 993 994 995 
17 996 997 998 3 999 1000 1001 1002 1003 1004 1005 1006 1007 1008 1009 1010 1011 
21 1012 1013 1014 1015 1016 1017 1018 3 1019 1020 1021 1022 1023 1024 1025 1026 1027 1028 1029 1030 1031 
31 1032 1033 1034 1035 1036 1037 1038 1039 3 1040 1041 1042 1043 1044 1045 1046 1047 1048 1049 1050 1051 1052 1053 1054 1055 1056 1057 1058 1059 1060 1061 
20 1062 1063 1064 1065 1066 1067 3 1068 1069 1070 1071 1072 1073 1074 1075 1076 1077 1078 1079 1080 
24 1081 1082 1083 3 1084 1085 1086 1087 1088 1089 1090 1091 1092 1093 1094 1095 1096 1097 1098 1099 1100 1101 1102 1103 
22 1104 1105 3 1106 1107 1108 1109 1110 1111 1112 1113 1114 1115 1116 1117 1118 1119 1120 1121 1122 1123 1124 
21 1125 1126 1127 1128 1129 1130 3 1131 1132 1133 1134 1135 1136 1137 1138 1139 1140 1141 1142 1143 1144 
20 1145 1146 1147 1148 1149 3 1150 1151 1152 1153 1154 1155 1156 1157 1158 1159 1160 1161 1162 1163 
16 1164 1165 1166 1167 1168 3 1169 1170 1171 1172 209 1173 1174 1175 1176 1177 
20 1178 1179 1180 1181 1182 3 1183 1184 1185 1186 1187 1188 1189 1190 1191 1192 1193 1194 1195 1196 
17 1197 1198 1199 1200 1201 3 1202 1203 1204 1205 1206 1207 1208 1209 1210 1211 1212 
16 1213 1214 1215 3 1216 1217 1218 1219 1220 1221 1222 1223 1224 1225 1226 1227 
27 1228 1229 1230 4 1231 1232 1233 1234 1235 1236 1237 1238 1239 1240 1241 1242 1243 1244 1245 1246 1247 1248 1249 1250 1251 1252 1253 
16 1254 1255 1256 4 1257 1258 1259 1260 1261 1262 1263 1264 1265 1266 1267 1268 
26 1269 1270 1271 1272 4 1273 1274 1275 1276 1277 1278 1279 1280 1281 1282 1283 1284 1285 1286 1287 1288 1289 1290 1291 1292 1293 
22 1294 1295 1296 1297 1298 593 4 1299 1300 1301 1302 1303 1304 1305 1306 1307 1308 1309 1310 1311 1312 1313 
16 1314 4 1315 1316 1317 1318 1319 1320 1321 1322 1323 1324 1325 1326 1327 1328 
27 1329 1330 1331 1332 1333 1334 1335 1336 4 1337 1338 1339 1340 1341 1342 1343 1344 1345 1346 1347 1348 1349 1350 98 1351 1352 1353 
32 1354 1355 1356 4 1357 1358 1359 1360 1361 1362 1363 1364 1365 1366 1367 1368 1369 1370 1371 1372 1373 1374 1375 1376 1377 1378 1379 1380 1381 1382 1383 1384 
20 1385 1386 1387 4 1388 1389 1390 1391 1392 1393 1394 1395 1396 1397 1398 1399 1400 1401 1402 1403 
17 1404 1405 1406 1407 1408 1409 1410 4 1411 1412 226 1413 1414 1415 1416 1417 1418 
28 1419 1420 1421 1422 1423 1424 1425 4 1426 1427 1428 1429 1430 1431 1432 1433 1434 1435 1436 1437 1438 1439 1440 1441 1442 1443 1444 1445 
18 1446 1447 1448 1449 1450 4 1451 1452 1453 1454 1455 1456 1457 1458 1459 1460 1461 1462 
19 1463 1464 1465 4 1466 1467 1468 1469 1470 1471 1472 1473 1474 1475 1476 1477 1478 1479 1480 
24 1481 1482 4 1483 1484 1485 1486 1487 1488 1489 1490 1491 1492 1493 1494 1495 1496 1497 1498 1499 1500 1444 1501 1502 
16 1503 1504 1505 1506 4 1507 1508 1509 1510 1511 1512 1513 1514 1515 1516 1517 
21 1518 1519 1520 1521 1522 1523 4 1524 755 1525 1526 1527 1528 1529 1530 1531 1532 1533 1534 1535 1536 
15 1537 486 1269 1538 4 1539 1540 1541 1542 1543 1544 1545 1546 1547 1548 
19 1549 1550 1551 1552 4 1553 1554 1555 1413 1556 1557 1558 1559 1560 1561 1562 1563 1564 1565 
21 1566 1567 1568 1569 1570 4 1571 1572 1573 1574 1575 1576 1577 1578 1579 1580 1581 1582 1583 1584 1585 
18 1586 1587 1588 4 1589 1590 1591 1592 1593 1594 1595 1596 1597 1598 1599 1600 1601 1602 
24 1603 1604 1605 1606 1607 4 1608 1609 1610 1611 1612 1613 1614 1615 1616 1617 1618 1619 1620 1621 1622 1623 1624 1625 
24 1626 1627 1628 1629 1630 4 1631 1632 1633 1634 1635 1636 1637 1638 1639 1640 1641 1642 1643 1644 384 1645 1646 1647 
24 1648 1649 1650 1651 1652 1653 1654 5 1655 1656 1657 1658 1659 1660 1661 1662 1663 1664 1665 1666 1667 1668 1669 1670 
12 1671 1672 149 5 1673 1674 1675 1676 1677 1416 1678 1679 
20 1680 1681 1682 1683 1684 5 1685 1686 1687 1688 1689 1690 1691 1692 1693 1694 1695 1696 1697 1698 
19 1699 1700 5 490 1701 1702 1703 1704 1705 1706 1707 1708 1709 1710 1711 1712 1713 1714 1715 
32 1716 1717 1718 1719 1720 1721 1722 5 1723 1724 1725 1726 1727 1728 1729 1730 1731 1732 1733 1734 1735 1736 1737 1738 1739 1740 1741 1742 1743 1744 1745 1746 
25 1747 1748 1749 1750 1751 1752 1753 1754 1755 1756 5 1757 1758 1759 1760 1761 1762 1763 1764 1765 1766 1767 1768 1769 1770 
23 1771 1772 1773 1774 1775 1776 5 1777 1778 1779 1780 1781 1782 1783 1784 654 1785 1786 1787 1788 1789 1790 1791 
13 1792 5 1793 1794 1795 1796 1797 1798 1799 1800 1801 1802 1803 
19 1804 1805 1806 1807 1808 5 1809 1810 1811 1812 1813 1814 1815 1816 1817 1818 1819 1820 1821 
16 1822 1823 1824 5 1825 1826 1827 1828 1829 1830 1831 1832 1833 1834 1835 1836 
20 1837 1838 1839 1840 1841 5 1842 1843 1844 1845 1846 1847 1848 1849 1850 1851 1852 1853 1854 1855 
20 1856 1857 1858 1859 1860 1861 1862 5 1863 1864 1865 1866 1867 1868 1869 1870 1871 1872 1873 1874 
21 1875 1876 1877 1878 1879 1880 5 70 1881 1882 1883 1884 1885 1886 1887 1888 1889 1890 1891 1892 1893 
31 1894 1895 1896 1897 1898 5 1899 1900 1901 1902 1903 1904 1905 1906 1907 1908 1909 1910 1911 1912 1913 1914 1915 1916 1917 1918 1919 1920 1921 1922 1923 
16 1924 1925 5 1926 1927 1928 1929 1930 1931 1932 1933 1934 1935 1936 1937 1938 
23 1939 1940 1941 1942 5 1943 1944 1945 1946 1947 1948 1949 1950 1951 1952 1953 1954 1955 1956 1957 1958 1959 1960 
20 1961 1962 1963 1964 5 1965 1966 1967 1968 1969 1970 1971 1972 1973 1974 1975 1976 1977 1978 1979 
19 1980 1981 1982 1983 5 1984 1985 1986 1987 1988 1989 1990 1991 1992 1993 1994 1995 1996 1997 
17 1998 1999 2000 2001 2002 5 2003 2004 2005 2006 2007 2008 2009 2010 2011 2012 2013 
21 2014 2015 2016 2017 6 2018 2019 2020 2021 2022 2023 2024 566 2025 2026 2027 2028 2029 2030 2031 2032 
21 2033 2034 2035 2036 2037 951 2038 6 2039 2040 2041 2042 2043 2044 2045 2046 2047 2048 2049 2050 2051 
26 2052 2053 2054 2055 6 2056 2057 2058 2059 2060 2061 2062 2063 2064 2065 2066 2067 1620 2068 2069 2070 2071 2072 2073 2074 2075 
24 2076 2077 2078 2079 2080 2081 2082 2083 6 2084 2085 2086 2087 2088 2089 2090 2091 2092 2093 2094 2095 2096 2097 2098 
19 2099 2100 2101 2102 2103 6 2104 2105 2106 2107 2108 2109 2110 2111 2112 2113 2114 2115 2116 
14 2117 2118 2119 6 2120 2121 2122 2123 2124 2125 2126 2127 2128 2129 
23 2130 2131 2132 2133 2134 2135 2136 6 2137 2138 2139 2140 775 2141 2142 2143 2144 2145 2146 2147 2148 2149 2150 
23 2151 2152 2153 2154 6 2155 2156 2157 2158 2159 2160 2161 2162 2163 2164 2165 2166 2167 2168 2169 2170 2171 2172 
11 2173 2174 2175 6 2176 2177 2178 2179 2180 2181 2182 
21 2183 2184 6 2185 2186 2187 2188 2189 2190 2191 2192 2193 2194 2195 2196 2197 2198 2199 2200 2201 2202 
14 1999 2203 2204 6 2205 2206 2207 2208 2209 2210 2211 2212 2213 2214 
21 2215 2216 2217 2218 6 2219 2220 2221 2222 2223 2224 2225 2226 2227 2228 2229 2230 2231 2232 2233 2234 
22 2235 2236 6 2237 2238 2239 2240 2241 2242 2243 2244 2245 2246 2247 2248 2249 124 2250 2251 2252 2253 2254 
22 2255 2256 2257 2258 2259 2260 2261 6 2262 2263 2264 2265 2266 2267 2268 2269 2270 2271 2272 2273 2274 2275 
23 2276 2277 2278 2279 2280 2281 6 2282 2283 2066 1457 2284 2285 2286 2287 2288 2289 2290 2291 2292 2293 2294 2295 
26 2296 2297 2298 2299 2300 2301 2302 6 2303 2304 2305 2306 2307 2308 2309 2310 2311 2312 2313 2314 2315 2316 2317 2318 2319 2320 
17 2321 2322 2323 2324 6 2325 2326 2327 2328 2329 2330 2331 2332 2333 2334 2335 2336 
27 2337 2338 2339 2340 2341 6 2342 2343 2344 2345 2346 2347 2348 2349 2350 2351 2352 2353 2354 2355 2356 2357 2358 2359 2360 2361 2362 
25 2363 2364 2365 2366 2367 2368 2369 6 2370 2371 2372 2373 2374 2375 2376 2377 2378 2379 2380 2381 2382 2383 2384 2385 2386 
25 2387 2388 2389 2390 2391 2392 2393 6 2394 2395 2396 2397 2398 117 2399 2400 2401 2402 2403 2404 2405 2406 2407 2408 2409 
26 2410 2411 2412 6 2413 2414 2415 2416 2417 2418 2419 2420 2421 2422 2423 2424 2425 2426 2427 2428 2429 2430 2431 2432 2433 2434 
20 2435 2436 2437 2438 2439 6 2440 2441 2442 2443 2444 264 2445 2446 2447 2448 2449 2450 2451 2452 
16 2453 2454 2455 2456 2457 2458 2459 7 2460 2461 2462 2463 2464 2465 2466 2467 
24 2468 2469 2470 2471 2472 2473 7 2474 2475 2476 2477 2478 2479 2480 2481 2482 2483 2484 2485 2486 2487 2488 1923 2489 
19 2490 2491 2492 7 2493 2494 2495 2496 2497 2498 2499 2500 2501 2502 2503 2504 2505 2506 2507 
20 2508 2509 2510 2511 7 2512 2513 2514 2515 2516 2517 2518 2519 2520 2521 2522 2523 2524 2525 2526 
20 2527 2528 2529 2530 7 2531 2532 2533 2534 2535 2536 2537 800 2538 2539 2540 2541 2542 2543 2544 
20 2545 2546 2547 7 2548 2549 727 2550 2551 2552 2553 2554 2555 2556 2557 2558 2559 2560 2561 2562 
22 2563 2564 2565 2566 2567 7 2568 2569 2570 2571 2572 2573 2574 2575 2576 1440 2577 2578 2579 2580 2581 144 
23 2582 2583 2584 2585 2586 2587 2588 2589 2590 7 2591 2592 2593 2594 2595 2596 2597 2598 1249 2599 2600 2601 2602 
24 2603 2604 2605 2606 2607 7 2608 2609 2610 2611 2612 2613 2614 2615 2616 2617 2618 2619 2620 2621 2622 2623 2624 2625 
14 2626 2627 2628 7 2629 2630 2631 818 2632 2633 2634 2635 2636 2637 
23 2638 2639 2640 2641 2642 7 2643 2644 2645 2646 2647 2648 2649 2650 2651 2652 2653 2654 2655 2656 2657 2658 2659 
18 2660 2661 1895 7 2662 878 2663 2664 2665 2666 2667 2668 2669 2670 2671 2672 2673 2674 
20 2675 2676 2677 2678 2679 2680 1036 2681 7 2682 2683 2684 2685 2686 548 2687 2688 2689 2690 2691 
18 2692 2693 2694 2695 2696 7 2697 2698 2699 2700 2701 2702 2703 2704 2705 2706 2707 2708 
19 978 7 2709 2710 2711 2712 2713 2714 2715 2716 2717 2718 2719 2720 2721 2722 2723 2724 2725 
24 2726 2727 2728 1407 2729 2730 7 2731 2732 2733 2734 2735 2736 2737 2738 2739 2740 2741 2742 2743 2744 2745 2746 2747 
18 2748 2749 2750 2751 2752 2753 2754 7 2755 2756 2757 2758 2759 2760 2761 2762 2763 2764 
23 2765 2766 2767 2768 2769 7 2770 2771 2772 2773 2774 2775 2776 2777 2778 133 2779 2780 2781 2782 2783 2784 2785 
20 2786 2787 2788 2789 2790 2791 8 2792 2793 2794 2795 2796 2797 2798 2799 2800 2801 2802 2803 2804 
18 2805 8 2806 2807 2808 2809 2810 2811 2812 2813 2814 2815 2816 2817 2818 2819 2820 2821 
21 2822 1748 2823 2824 2825 8 2826 2827 2828 2829 2830 2831 2832 2833 2834 2835 2836 2837 2838 2839 2840 
26 2841 2842 2843 2844 2845 2846 2847 8 2848 2849 2850 612 2851 2852 2853 2854 2855 2856 2857 2858 2859 2860 2861 2862 2863 2864 
22 87 2865 2866 2867 2868 2869 2870 2871 8 2872 2873 2874 2875 2876 2877 2878 2879 2880 2881 2882 2883 2884 
22 2885 2886 2887 8 2888 2889 2890 2891 2892 2893 2894 2895 2896 2897 2898 2899 2900 2901 2902 2903 2904 2905 
22 2906 2907 578 8 2908 2909 2910 2911 2912 2913 2914 2915 2916 2917 2918 2919 2920 2921 2922 2923 2924 2925 
17 2926 2927 2928 2929 2930 8 2931 2932 2933 2934 2935 2936 2937 2938 2939 2940 2941 
20 2942 1824 2943 2944 2945 2946 8 2947 2948 2949 2950 2463 2951 2952 2953 2954 2955 2956 2957 2561 
24 2958 2959 2960 8 2961 2962 2963 2964 2965 2966 2967 2968 2969 2970 2971 2972 2973 2974 2975 2976 2977 2978 2979 2980 
22 2981 2982 2983 2984 2985 2986 2987 8 2988 2989 2990 2991 2992 2993 2994 2995 2996 2997 2998 2999 3000 3001 
19 3002 3003 3004 3005 8 3006 3007 3008 3009 3010 3011 3012 3013 3014 3015 3016 3017 3018 1873 
18 3019 3020 3021 3022 850 3023 8 3024 3025 3026 3027 3028 3029 3030 3031 3032 3033 3034 
29 3035 3036 3037 3038 3039 3040 3041 8 3042 3043 3044 3045 3046 3047 3048 3049 3050 3051 3052 3053 3054 3055 3056 3057 3058 3059 3060 3061 3062 
15 3063 3064 3065 8 3066 3067 3068 3069 3070 3071 3072 3073 3074 3075 3076 
17 3077 3078 3079 8 3080 3081 3082 3083 3084 3085 3086 3087 3088 3089 3090 1417 3091 
25 3092 3093 3094 3095 3096 8 3097 3098 3099 3100 3101 3102 3103 1702 3104 3105 3106 3107 3108 3109 3110 3111 2599 3112 3113 
28 3114 3115 3116 3117 8 3118 3119 3120 3121 3122 3123 3124 3125 3126 3127 3128 3129 3130 3131 3132 3133 3134 3135 3136 3137 3138 3139 3140 
24 3141 3142 3143 3144 3145 8 3146 3147 3148 3149 3150 3151 3152 3153 3154 3155 3156 3157 3158 3159 3160 3161 3162 3163 
20 3164 3165 3166 8 3167 3168 3169 3170 3171 3172 3173 3174 3175 3176 3177 3178 3179 3180 3181 3182 
19 3183 3184 3185 3186 3187 3188 3189 9 3190 3191 3192 3193 3194 3195 3196 3197 3198 3199 3200 
22 3201 3202 3203 3204 3205 9 3206 3207 3208 3209 3210 3211 3212 3213 3214 3215 3216 419 3217 3218 3219 3220 
22 3221 3222 3223 3224 3225 3226 9 3227 3228 3229 3230 3231 3232 3233 3234 3235 3236 3237 3238 3239 3240 3241 
17 3242 3243 3244 3245 3246 3247 9 3248 3249 3250 3251 3252 3253 1515 3254 3255 3256 
19 3257 3258 3259 3260 3261 3262 3263 9 3264 971 3265 3266 3267 3268 3269 3270 3271 3272 3273 
19 3274 3275 3276 3277 3278 9 3279 408 3280 3281 3282 3283 3284 3285 3286 3287 3288 3289 3290 
21 3291 3292 3293 9 3294 3295 3296 3297 3298 3299 3300 3301 3302 3303 3304 3305 3306 3256 3307 3308 3309 
11 3310 3311 9 3312 3313 3314 3315 3316 3317 3318 3319 
22 3320 3321 3322 3323 3324 9 3325 3326 3327 3328 3329 3330 3331 3332 3333 3334 3335 3336 3337 570 3338 3339 
18 3340 3341 3342 3343 3344 9 3345 3346 3347 1053 3348 3349 3350 3351 3352 3353 3354 3355 
20 3356 3357 3358 9 3359 3360 3361 3362 3363 3364 3365 3366 3367 3368 3369 3370 3371 3372 3373 3374 
15 3375 9 3376 3377 3378 3379 3380 3381 3382 3383 3384 3385 3386 3387 3388 
21 3389 3390 3391 3392 9 3393 3394 3395 3396 3397 2240 3398 3399 3400 3401 3402 3403 3404 3405 3406 3407 
22 3408 3409 3410 3411 3412 9 3413 3414 3415 3416 3417 3418 3419 3420 1322 3421 3422 3423 3424 3425 3426 3427 
18 3428 3429 1963 3430 3431 3432 3433 9 3434 3435 3436 3437 3438 3439 3440 3441 3442 3443 
20 3444 3445 3446 9 3447 3448 3449 3450 3451 3452 3453 3454 3455 3456 3457 3458 3459 1869 3460 3461 
14 3462 3463 3464 3465 3466 10 3467 3468 3469 3470 3471 2482 3472 3473 
34 3474 3475 3476 3477 3478 3479 3480 3481 1354 3482 3483 3484 3485 3486 10 3487 3488 3489 3490 3491 3492 3493 3494 3495 1056 3496 3497 3498 3499 3500 3501 3502 3503 3504 
22 3505 3506 3507 3508 3509 3510 10 3511 3512 3513 3514 3515 3516 3517 3518 3519 3520 3521 3522 3523 3524 3525 
19 3526 3527 3528 3529 3530 3531 3532 10 3533 3534 3535 3536 3537 3538 3539 3540 3541 3542 3543 
27 3544 3545 3546 3547 3548 3549 3550 10 3551 3552 3553 3554 3555 3556 3557 3558 3559 3560 3561 3562 3563 3564 3565 3566 3567 3568 3569 
28 3570 3571 3572 3573 3574 3575 3576 3577 3578 3579 10 3580 3581 3582 3583 3584 3585 3586 3587 3588 3589 3590 3591 3592 3593 3594 3595 3596 
5 3597 3598 3599 3600 10 
2 1274 10 
1 10 
1 10 
2 10 495 
2 10 987 
3 2566 10 2092 
2 3431 10 
2 10 1396 
1 11 
2 607 11 
1 11 
2 11 2936 
2 11 3088 
1 11 
3 1013 3506 11 
2 11 3539 
1 11 
2 11 2796 
1 11 
4 866 11 2957 1960 
1 11 
2 11 61 
3 664 11 1562 
2 11 2317 
1 11 
3 2697 11 800 
4 1894 11 3111 1103 
1 12 
2 3358 12 
1 12 
1 12 
2 12 1638 
1 12 
1 12 
1 12 
3 752 12 2074 
2 12 2109 
1 12 
3 1509 73 12 
1 12 
2 1392 12 
2 2569 12 
1 12 
1 12 
1 12 
1 12 
1 12 
1 13 
1 13 
1 13 
1 13 
3 704 1315 13 
1 13 
2 1039 13 
1 13 
2 13 1564 
3 13 1795 2227 
3 13 1848 1195 
3 1451 13 262 
1 13 
2 1065 13 
2 13 2581 
2 13 988 
2 1182 13 
2 13 1395 
1 13 
2 13 302 
2 311 13 
2 2911 13 
1 13 
2 14 3281 
1 14 
2 14 2362 
2 14 3498 
2 14 246 
1 14 
3 14 3496 126 
2 2546 14 
3 2853 3192 14 
2 1215 14 
2 2022 14 
1 14 
1 14 
4 2299 1231 14 3519 
1 15 
2 15 1268 
1 15 
1 15 
2 1463 15 
2 2416 15 
1 15 
1 15 
1 15 
1 15 
2 2053 15 
1 15 
1 15 
1 15 
3 2437 15 1577 
1 15 
2 867 15 
2 15 1075 
1 15 
1 15 
1 15 
1 15 
2 15 2448 
1 15 
1 15 
1 16 
1 16 
1 16 
2 16 1959 
1 16 
2 16 254 
1 16 
2 1178 16 
2 16 2782 
2 2417 16 
2 2496 16 
1 16 
1 16 
2 1215 16 
2 17 255 
1 17 
1 17 
1 17 
1 17 
1 17 
2 17 1531 
1 17 
1 17 
1 17 
3 2191 17 3441 
1 17 
2 1295 17 
1 17 
1 17 
2 17 1910 
4 488 17 2073 1960 
1 17 
4 564 17 3074 2624 
1 18 
2 2040 18 
3 18 3287 2358 
1 18 
1 18 
2 3444 18 
2 2680 18 
1 18 
1 18 
1 18 
2 2058 18 
2 18 3539 
2 1113 18 
1 19 
1 19 
2 449 19 
2 404 19 
2 2605 19 
3 2639 1071 19 
5 2989 374 3489 2401 19 
1 19 
2 2372 19 
2 744 19 
1 19 
1 19 
1 19 
2 3429 19 
3 1021 19 45 
1 19 
2 1245 19 
3 2475 3120 19 
1 19 
1 19 
1 20 
2 2237 20 
2 443 20 
1 20 
1 20 
1 20 
1 20 
2 3391 20 
2 20 1384 
2 1964 20 
1 20 
3 2159 349 20 
3 793 1185 20 
1 20 
1 20 
2 2790 20 
1 20 
3 3086 20 1313 
2 2377 20 
1 20 
1 20 
2 20 85 
1 20 
1 20 
2 20 1285 
1 21 
3 1847 1319 21 
1 21 
2 3313 21 
1 21 
2 2420 21 
1 21 
2 2942 21 
1 21 
4 1635 2652 21 1480 
1 21 
1 21 
1 21 
1 21 
1 21 
3 2640 22 2977 
3 346 22 1679 
1 22 
1 22 
3 3271 2673 22 
3 170 2047 22 
1 22 
2 3549 22 
3 900 1591 22 
3 1323 1533 22 
2 2649 22 
1 22 
2 1929 22 
2 2483 22 
2 3098 22 
1 22 
3 166 3481 22 
1 22 
1 22 
1 23 
2 1866 23 
1 23 
2 1437 23 
1 23 
1 23 
3 2158 2092 23 
1 23 
1 23 
2 2696 23 
2 23 2295 
1 23 
1 23 
2 1986 23 
1 23 
1 24 
2 3151 24 
2 3589 24 
2 562 24 
2 1432 24 
3 3517 1461 24 
4 960 365 469 24 
3 837 2483 24 
1 24 
2 839 24 
1 24 
1 24 
4 345 3129 24 3319 
1 24 
3 3121 3316 24 
1 24 
1 24 
2 1271 24 
2 2656 24 
2 2209 24 
3 1686 1493 24 
1 24 
2 1559 24 
3 2661 860 24 
2 1604 24 
1 24 
1 25 
2 25 653 
1 25 
2 25 1458 
2 25 3052 
1 25 
3 25 443 3248 
1 25 
1 25 
1 25 
3 25 2723 844 
1 25 
2 25 1087 
2 25 2327 
2 25 1344 
1 25 
1 25 
1 25 
1 25 
2 3035 25 
1 25 
2 25 718 
1 25 
2 26 80 
1 26 
2 26 327 
2 26 1720 
3 89 26 2175 
1 26 
3 26 2662 3091 
3 26 2417 882 
2 26 2639 
3 26 191 2293 
1 26 
1 26 
2 1550 26 
1 26 
1 26 
5 3527 26 3126 3459 1515 
2 26 1031 
1 26 
3 27 515 1021 
2 27 832 
2 27 584 
2 27 692 
2 27 825 
2 27 1535 
1 27 
2 1681 27 
1 27 
1 27 
3 1406 27 3331 
4 504 1296 27 3134 
1 27 
1 27 
1 27 
1 27 
1 27 
1 27 
3 2678 27 1423 
3 27 789 1211 
2 27 2093 
1 27 
1 27 
1 27 
3 27 1657 2308 
2 27 1247 
4 27 36 794 3427 
2 27 1375 
2 3311 27 
2 27 2108 
1 27 
1 28 
1 28 
1 28 
2 28 1935 
3 28 36 1668 
1 28 
2 28 1122 
1 28 
1 28 
1 28 
1 28 
1 28 
3 28 3547 3323 
2 28 139 
3 28 749 1832 
1 28 
1 28 
2 28 2971 
2 28 2643 
2 28 3158 
2 1298 28 
2 28 2126 
1 28 
1 28 
2 28 1970 
1 28 
1 29 
2 440 29 
1 29 
3 2585 29 329 
1 29 
3 105 29 944 
2 1569 29 
4 1857 1423 29 2671 
1 29 
4 29 2548 173 2631 
2 29 1703 
1 29 
3 3483 29 2163 
1 29 
2 30 3455 
3 30 793 3491 
1 30 
3 151 30 2129 
2 30 2400 
2 30 1532 
2 30 753 
2 30 1349 
1 30 
2 506 30 
2 30 734 
1 30 
1 30 
2 31 3496 
1 31 
1 31 
1 31 
2 31 3499 
2 68 31 
2 1841 31 
2 31 3456 
1 31 
1 31 
2 31 3051 
1 31 
1 31 
1 31 
1 31 
1 31 
2 31 2651 
2 32 2268 
1 32 
4 197 1823 32 2234 
1 32 
1 32 
2 32 1290 
2 3142 32 
4 148 32 3400 1979 
1 32 
2 32 2776 
2 2532 32 
2 2216 32 
2 684 32 
1 32 
1 32 
4 32 868 2386 2977 
2 830 32 
4 3507 1606 32 1559 
3 33 2191 2936 
1 33 
3 33 1665 2385 
3 33 777 1740 
2 33 692 
2 33 1947 
2 2985 33 
1 33 
2 33 3435 
2 33 1885 
3 3573 33 2733 
4 33 2809 883 2863 
1 33 
1 33 
1 33 
2 33 1100 
1 33 
3 1699 33 701 
2 33 2265 
2 1213 33 
1 34 
1 34 
3 34 2875 1077 
1 34 
1 34 
2 34 3555 
1 34 
1 34 
1 34 
1 34 
2 464 34 
3 2256 34 92 
1 34 
1 34 
1 34 
1 34 
1 34 
2 34 3070 
2 3003 34 
1 34 
1 34 
2 35 210 
4 1036 35 1263 2672 
1 35 
3 1229 35 2357 
2 35 2917 
1 35 
2 35 2623 
2 35 735 
2 35 1691 
2 35 3491 
2 1648 35 
1 35 
2 35 1435 
3 1296 35 1565 
1 35 
2 35 720 
3 1407 2038 35 
1 35 
1 35 
1 36 
2 36 617 
2 2141 36 
1 36 
1 36 
1 36 
2 36 2941 
1 36 
2 36 1098 
3 507 627 36 
2 2696 36 
1 36 
1 36 
2 36 2818 
2 36 2796 
5 3095 3045 36 1911 825 
1 36 
2 36 1919 
2 36 640 
3 37 2380 2542 
2 37 2050 
2 239 37 
3 2906 37 1009 
2 37 3460 
1 37 
1 37 
2 37 3287 
1 37 
1 37 
2 2365 37 
1 37 
2 1392 37 
2 1302 37 
1 37 
1 37 
2 37 484 
1 37 
4 1570 37 3253 679 
1 37 
3 2134 38 1475 
2 881 38 
2 38 2384 
1 38 
1 38 
2 132 38 
3 3242 38 1370 
1 38 
1 38 
2 38 3541 
1 38 
2 38 1912 
3 1604 38 585 
2 671 38 
1 38 
1 38 
2 38 3518 
1 38 
5 2040 2242 38 2398 3337 
1 38 
1 39 
2 39 1745 
2 352 39 
2 39 1152 
1 39 
3 1503 1969 39 
1 39 
2 39 549 
1 39 
1 39 
2 223 39 
2 581 39 
1 39 
2 39 79 
2 39 2840 
2 1574 39 
2 39 2350 
1 39 
2 39 1195 
1 39 
3 1454 2991 39 
2 39 3422 
3 2256 3157 40 
1 40 
1 40 
2 1040 40 
1 40 
1 40 
2 2333 40 
4 1860 2831 40 3178 
2 1965 40 
1 40 
1 40 
2 111 40 
3 973 40 2725 
2 626 40 
2 40 1534 
3 3448 40 2068 
3 1587 40 2466 
1 40 
1 40 
1 40 
1 40 
3 1334 1152 40 
2 1300 40 
1 40 
1 41 
2 523 41 
3 2989 2381 41 
4 1197 1330 41 2922 
1 41 
4 576 1574 375 41 
2 41 530 
1 41 
1 41 
1 41 
1 41 
2 41 2214 
3 131 41 213 
2 2681 41 
2 1315 41 
1 41 
1 41 
4 1528 1763 41 1791 
1 41 
1 42 
2 3403 42 
1 42 
1 42 
3 1246 1441 42 
1 42 
2 2157 42 
2 2352 42 
2 2477 42 
1 42 
2 2626 42 
2 136 42 
1 42 
2 3495 42 
1 42 
4 2348 3160 2449 42 
2 2160 42 
2 2498 42 
6 508 1656 1885 2267 698 42 
3 3183 2712 42 
2 1258 43 
2 3526 43 
3 3343 3099 43 
2 621 43 
1 43 
4 505 1258 1049 43 
2 2502 43 
2 2067 43 
2 935 43 
2 43 2452 
3 3432 444 43 
2 43 2883 
2 446 43 
1 43 
2 1049 43 
3 991 1917 43 
2 1863 43 
2 473 43 
1 44 
1 44 
1 44 
1 44 
1 44 
4 157 2125 3032 44 
1 44 
1 44 
3 3259 44 1253 
2 1535 44 
3 2758 2429 44 
1 44 
1 44 
1 44 
2 1047 44 
3 3003 460 44 
3 1611 3424 44 
1 44 
1 45 
1 45 
1 45 
2 207 45 
2 288 45 
3 1421 620 45 
3 2551 2226 45 
1 45 
1 45 
1 45 
2 2982 46 
1 46 
1 46 
2 1638 46 
2 2961 46 
3 2696 138 46 
1 46 
2 2464 46 
2 723 46 
2 493 46 
2 634 46 
3 2740 1763 46 
3 1155 2012 46 
1 46 
1 46 
1 46 
2 3083 46 
2 2824 46 
2 1421 46 
1 46 
2 1824 46 
2 1352 46 
1 47 
1 47 
1 47 
1 47 
1 47 
3 411 3414 47 
2 2991 47 
1 47 
1 47 
2 1811 47 
1 47 
1 47 
1 47 
2 1493 47 
1 47 
1 47 
1 47 
1 47 
1 47 
1 48 
1 48 
2 48 1809 
2 48 1794 
2 48 2247 
2 48 1812 
2 48 1227 
1 48 
2 48 1463 
1 48 
1 48 
2 48 1053 
1 48 
1 48 
2 48 3073 
2 48 2462 
2 48 1190 
1 48 
1 48 
2 48 1153 
1 49 
3 49 835 2722 
2 49 3532 
1 49 
1 49 
1 49 
1 49 
1 49 
1 49 
2 49 1139 
3 49 1263 566 
1 49 
2 49 3106 
2 50 1547 
1 50 
2 2053 50 
1 50 
3 50 106 1153 
1 50 
1 50 
1 50 
3 50 2179 2400 
1 50 
2 50 3434 
1 50 
1 51 
2 51 443 
3 51 3392 3416 
1 51 
1 51 
1 51 
1 51 
2 51 1190 
1 51 
1 51 
2 2583 51 
2 51 1770 
3 2368 169 51 
2 51 2575 
2 51 776 
1 51 
2 3431 51 
1 51 
1 51 
2 52 141 
1 52 
1 52 
1 52 
2 52 3120 
1 52 
1 52 
1 52 
1 52 
2 52 192 
2 52 250 
1 52 
2 1330 52 
2 52 842 
1 52 
1 52 
1 52 
1 52 
1 53 
1 53 
1 53 
1 53 
2 53 2310 
2 1825 53 
2 53 1439 
3 1862 53 1259 
1 53 
1 53 
3 53 2282 2720 
2 53 2776 
4 1446 53 3439 1293 
2 705 53 
3 2102 53 2177 
1 53 
2 54 2650 
4 202 54 2612 1647 
2 2767 54 
2 54 1402 
1 54 
1 54 
1 54 
1 54 
3 1750 54 2813 
3 504 54 357 
2 1165 54 
1 54 
3 1609 54 1993 
1 54 
2 54 2657 
1 54 
1 54 
2 2926 54 
1 54 
3 1826 54 502 
2 55 2226 
2 55 1417 
1 55 
1 55 
4 665 55 139 2902 
1 55 
3 1551 1065 55 
2 241 55 
2 767 55 
2 55 1345 
1 55 
2 55 2939 
3 1631 55 1247 
3 2345 55 2724 
1 55 
2 55 859 
1 55 
7 2822 1213 832 55 1138 3439 841 
1 55 
2 2907 55 
2 2927 55 
5 2664 174 925 55 1488 
2 2007 55 
1 55 
2 182 55 
2 55 2331 
1 55 
3 55 3308 2904 
4 3484 1509 55 1490 
1 55 
2 56 2009 
1 56 
1 56 
5 1482 1038 2805 56 248 
1 56 
2 56 1559 
2 1845 56 
1 56 
3 1648 1551 56 
2 348 56 
1 56 
1 56 
1 56 
5 2474 2851 56 289 2742 
1 56 
2 645 56 
3 2024 56 3015 
2 2825 56 
1 56 
1 57 
3 57 2423 1954 
1 57 
1 57 
2 2959 57 
1 57 
3 1924 475 57 
3 57 1934 2975 
1 57 
2 1884 57 
1 57 
3 3098 57 1595 
2 57 2688 
3 3192 1394 57 
1 57 
1 57 
1 57 
2 691 57 
1 57 
2 57 638 
1 57 
2 2131 57 
2 57 214 
2 58 2506 
1 58 
1 58 
1 58 
1 58 
1 58 
1 58 
1 58 
1 58 
3 1882 58 342 
2 58 1800 
2 1257 58 
1 58 
3 1606 58 1322 
1 58 
1 58 
3 1796 58 3135 
1 58 
2 541 58 
1 58 
3 2585 58 2657 
1 59 
1 59 
1 59 
1 59 
1 59 
3 1673 59 2362 
2 1511 59 
1 59 
1 59 
1 59 
1 59 
1 59 
2 59 1209 
5 1948 1049 59 2538 2804 
2 943 59 
2 1484 59 
1 59 
1 59 
2 59 2558 
1 59 
2 3045 60 
1 60 
1 60 
1 60 
2 3365 60 
1 60 
2 1729 60 
3 745 60 785 
3 951 60 933 
1 60 
2 885 60 
2 2053 60 
2 2508 60 
2 2809 60 
1 60 
1 60 
3 2951 60 2094 
1 60 
1 60 
1 61 
3 1022 61 2202 
1 61 
1 61 
1 61 
1 61 
1 61 
2 1828 61 
1 61 
1 61 
1 61 
3 2606 2373 61 
1 61 
2 2000 61 
2 304 62 
1 62 
2 1637 62 
1 62 
2 251 62 
1 62 
2 1205 62 
2 375 62 
2 1835 62 
1 62 
1 62 
2 62 3241 
3 966 930 62 
1 62 
1 62 
2 1691 62 
2 3141 62 
4 2490 245 760 62 
2 2264 62 
3 1412 791 63 
1 63 
1 63 
1 63 
1 63 
1 63 
2 3597 63 
1 63 
2 1184 63 
2 63 2940 
2 1329 63 
1 63 
2 1137 63 
5 2033 2001 3262 3500 63 
2 523 63 
2 2618 63 
3 1049 64 642 
2 1878 64 
3 267 310 64 
1 64 
2 2341 64 
2 2744 64 
3 3574 2498 64 
2 3394 64 
2 1404 64 
1 64 
1 64 
1 64 
1 64 
1 64 
3 920 1324 64 
2 65 2848 
2 65 667 
1 65 
2 65 271 
1 65 
1 65 
1 65 
2 65 3199 
1 65 
1 65 
1 65 
2 65 2995 
1 65 
1 65 
1 65 
2 65 3026 
3 2490 65 2986 
2 65 359 
2 65 811 
3 65 1044 529 
2 65 2522 
2 65 134 
1 65 
1 65 
1 65 
2 65 853 
1 66 
1 66 
2 66 3596 
2 66 1115 
4 827 66 2457 832 
3 66 2679 1003 
1 66 
1 66 
3 66 2612 1830 
4 66 665 2263 944 
1 66 
3 2152 66 2000 
2 66 3039 
2 66 1639 
2 273 66 
4 67 3116 80 1712 
5 67 1421 2682 2112 3596 
2 67 454 
1 67 
1 67 
5 67 1448 188 2065 2445 
2 67 3451 
1 67 
2 67 2215 
3 67 3433 1914 
1 67 
1 67 
2 67 2575 
4 67 1450 2733 3272 
1 67 
1 67 
3 67 2613 387 
2 67 1641 
2 67 2522 
1 67 
2 67 3075 
2 67 610 
2 67 3532 
2 67 2740 
2 67 1008 
1 68 
3 1551 68 323 
3 68 515 677 
2 68 3052 
2 68 555 
1 68 
2 68 786 
1 68 
3 68 3395 715 
1 68 
1 68 
1 68 
1 68 
1 68 
4 68 2587 1409 2191 
1 68 
1 68 
2 68 3329 
4 68 2943 1760 2201 
2 68 380 
2 1410 69 
3 69 239 802 
2 69 2790 
1 69 
2 69 1499 
2 389 69 
1 69 
2 2841 69 
3 69 1117 178 
2 69 412 
2 69 1227 
2 2943 69 
1 69 
1 69 
1 69 
3 70 2420 1207 
3 70 791 990 
1 70 
1 70 
1 70 
2 70 785 
1 70 
1 70 
3 2453 1722 70 
1 70 
2 70 3552 
1 70 
1 70 
2 70 3388 
1 70 
3 1518 70 477 
2 70 1041 
1 70 
1 70 
1 70 
2 70 582 
2 70 1761 
2 1876 70 
3 70 1609 894 
2 70 2829 
3 182 71 1647 
2 71 1945 
2 71 2106 
1 71 
1 71 
1 71 
1 71 
1 71 
2 71 2213 
2 71 1845 
1 71 
1 71 
1 71 
1 71 
1 71 
2 71 3134 
2 728 71 
1 71 
1 71 
1 71 
3 71 2275 3060 
3 71 2195 531 
2 71 3473 
1 71 
2 71 2952 
1 71 
1 71 
1 71 
1 71 
1 71 
2 71 371 
2 72 2833 
2 72 3423 
1 72 
1 72 
2 72 2757 
1 72 
1 72 
5 72 2416 228 2915 714 
1 72 
2 72 1094 
2 72 252 
2 72 195 
1 72 
2 72 3294 
1 72 
2 72 1528 
4 3510 72 2148 1562 
3 1015 72 1461 
2 72 3010 
3 1405 73 1221 
2 1404 73 
4 73 514 3014 3240 
4 2264 73 142 680 
1 73 
3 73 1616 1308 
2 1314 73 
1 73 
2 1197 73 
3 2676 73 81 
1 73 
1 73 
3 87 73 2838 
3 1033 73 160 
2 73 3567 
1 74 
1 74 
6 1270 74 3413 868 1513 891 
3 2053 74 1893 
3 74 522 568 
1 74 
1 74 
1 74 
1 74 
1 74 
1 74 
1 74 
1 74 
2 441 74 
1 74 
1 74 
2 74 676 
1 74 
2 74 425 
1 74 
2 74 1002 
2 74 133 
2 811 74 
1 74 
1 74 
2 74 77 
1 74 
2 75 1008 
2 75 2270 
3 1274 75 2213 
2 3462 75 
2 75 1282 
2 75 246 
3 2512 75 3128 
2 75 1763 
2 75 762 
1 75 
2 1520 75 
2 75 119 
3 466 3263 75 
3 75 1854 2429 
1 75 
3 442 75 1402 
1 75 
3 276 922 76 
2 76 1950 
2 76 1556 
1 76 
1 76 
2 1774 76 
1 76 
2 76 3265 
1 76 
1 76 
1 76 
1 76 
2 722 76 
1 76 
2 76 2312 
1 76 
1 76 
3 397 76 2073 
2 77 3333 
2 1065 77 
1 77 
2 77 1140 
1 77 
1 77 
1 77 
2 77 1053 
1 77 
3 2099 77 1060 
1 77 
1 77 
4 3116 77 908 457 
1 77 
1 77 
1 77 
1 77 
2 77 1935 
2 77 1318 
1 77 
2 77 1536 
1 77 
2 747 78 
1 78 
1 78 
1 78 
1 78 
1 78 
3 78 226 1060 
1 78 
3 1131 78 2934 
2 78 2522 
2 1421 78 
1 78 
4 168 78 2621 501 
1 78 
2 78 2287 
2 1344 79 
1 79 
3 3037 1456 79 
2 2034 79 
1 79 
2 79 2271 
1 79 
3 1604 2438 79 
2 79 1769 
2 1939 79 
3 79 805 1400 
1 79 
1 79 
3 317 79 1564 
2 580 79 
2 412 79 
4 2204 778 2535 79 
3 509 854 79 
2 79 1501 
1 80 
2 80 3307 
4 2215 1605 3391 80 
1 80 
1 80 
2 80 2670 
1 80 
2 1940 80 
1 80 
1 80 
2 947 80 
1 80 
1 81 
3 1718 81 498 
4 1295 1038 1070 81 
1 81 
2 2236 81 
2 3598 81 
2 2471 81 
2 1465 81 
1 81 
2 2053 81 
4 1067 81 459 622 
4 1940 1985 81 1735 
3 81 3136 1624 
5 1706 81 210 1401 2881 
1 81 
4 243 81 1531 2924 
2 81 677 
3 2870 3231 82 
1 82 
2 1965 82 
2 82 567 
3 82 1582 720 
1 82 
1 82 
1 82 
3 793 757 82 
2 2137 82 
1 82 
3 1940 286 82 
2 82 3371 
2 3345 82 
2 82 3287 
1 82 
2 1570 82 
1 82 
1 82 
1 82 
3 3100 3469 83 
2 780 83 
1 83 
1 83 
2 2413 83 
3 411 3087 83 
1 83 
2 1883 83 
1 83 
3 1092 1735 83 
2 2345 83 
1 83 
1 83 
1 83 
1 83 
1 83 
2 83 2956 
1 84 
6 1525 3413 734 2597 84 461 
2 1539 84 
5 3310 1117 84 622 2544 
1 84 
1 84 
4 3031 1024 84 1352 
1 84 
2 861 84 
2 3071 84 
1 84 
1 84 
2 2809 84 
2 1409 84 
1 84 
1 84 
1 84 
2 107 84 
3 3464 1777 84 
1 84 
1 84 
2 84 1561 
1 84 
1 85 
3 2916 3159 85 
2 85 2358 
1 85 
1 85 
2 1044 85 
1 85 
1 85 
1 85 
2 397 85 
1 85 
2 1180 85 
3 219 876 85 
2 85 1267 
2 2988 85 
2 1286 85 
1 85 
1 85 
1 85 
2 2914 85 
1 85 
3 1013 1354 85 
4 86 1070 674 2802 
2 86 3479 
1 86 
1 86 
1 86 
1 86 
2 86 3197 
1 86 
2 86 825 
2 86 528 
1 86 
1 86 
1 86 
2 2726 86 
1 86 
1 86 
1 86 
2 86 625 
1 86 
2 3408 86 
2 86 539 
2 86 3567 
1 86 
1 87 
4 87 3202 2203 2278 
3 87 1130 3554 
2 87 2194 
1 87 
2 87 3404 
1 87 
1 87 
3 87 404 1769 
1 88 
2 88 511 
2 88 2357 
2 88 3229 
1 88 
2 88 2936 
2 88 457 
1 88 
2 88 3482 
4 2508 88 2019 2785 
1 88 
4 88 3413 672 1193 
2 88 2940 
2 88 2181 
1 88 
1 88 
2 88 2033 
1 88 
1 88 
3 89 2827 640 
1 89 
1 89 
3 89 3485 161 
2 89 571 
1 89 
1 89 
2 89 1562 
1 89 
1 89 
1 89 
2 89 2377 
1 89 
3 1269 89 3580 
1 89 
1 89 
2 89 2555 
1 90 
1 90 
3 1550 2364 90 
1 90 
2 489 90 
3 90 2157 2432 
2 90 1337 
1 90 
1 90 
2 90 2270 
2 90 2311 
1 90 
1 90 
2 90 1151 
1 90 
2 90 2733 
1 90 
1 90 
1 90 
4 90 1595 1560 2998 
1 90 
2 90 2779 
1 90 
2 90 2520 
3 90 626 2402 
4 2455 90 2282 2978 
1 90 
2 90 3354 
2 90 2973 
2 743 90 
3 90 3207 2781 
1 91 
2 147 91 
1 91 
3 91 1020 2088 
1 91 
1 91 
4 3573 2004 3099 91 
2 91 2335 
1 91 
1 91 
2 91 2428 
3 91 2318 2070 
2 91 3050 
2 91 1312 
2 91 1350 
1 91 
4 1453 91 884 805 
1 91 
2 91 2404 
2 91 3471 
1 91 
1 91 
3 91 1526 1679 
2 91 970 
2 3069 92 
1 92 
2 2534 92 
2 92 1468 
1 92 
1 92 
2 92 1621 
1 92 
1 92 
2 92 3252 
2 2371 92 
1 92 
2 92 1789 
1 92 
2 2340 92 
2 92 2063 
1 92 
1 92 
3 92 1783 3424 
1 92 
2 92 805 
1 93 
1 93 
3 917 3581 93 
2 93 244 
3 93 1120 1978 
1 93 
1 93 
1 93 
2 93 1114 
1 93 
1 93 
1 93 
2 94 2449 
1 94 
1 94 
2 94 2145 
2 2369 94 
3 2766 916 94 
2 94 2621 
3 2324 904 94 
3 919 3145 94 
1 94 
1 94 
1 94 
1 94 
1 94 
1 94 
1 94 
1 94 
1 94 
1 95 
2 607 95 
3 153 95 893 
2 1001 95 
2 95 1031 
2 2100 95 
2 95 1171 
2 95 2560 
2 1262 95 
3 3103 2573 95 
2 549 95 
1 95 
2 3329 95 
2 1186 95 
1 95 
1 96 
1 96 
1 96 
1 96 
3 594 96 2356 
1 96 
1 96 
2 2080 96 
3 1068 1363 96 
1 96 
2 389 96 
4 3488 245 96 3272 
2 3234 96 
1 96 
1 96 
1 96 
1 96 
2 96 1459 
2 96 2602 
1 97 
2 568 97 
1 97 
2 2982 97 
2 771 97 
1 97 
3 2681 1003 97 
2 97 843 
1 97 
1 97 
2 423 97 
1 97 
1 97 
2 97 180 
1 97 
1 97 
2 2679 97 
3 1964 156 97 
2 2907 97 
1 98 
2 98 1351 
1 98 
2 1214 98 
2 2971 98 
1 98 
2 3493 98 
2 1113 98 
3 1593 2127 98 
3 1090 3053 98 
3 632 825 98 
3 2470 2852 98 
2 3273 98 
1 98 
1 98 
1 98 
1 98 
1 98 
2 1422 98 
2 99 214 
2 138 99 
1 99 
2 3016 99 
1 99 
1 99 
1 99 
1 99 
1 99 
1 99 
1 99 
1 99 
3 3285 99 3112 
2 2761 99 
2 2909 99 
1 99 
2 326 99 
2 698 99 
2 733 99 
3 3189 2395 99 
2 1278 99 
2 2887 99 
3 2439 99 2864 
2 99 842 
1 99 
2 700 99 
1 99 
1 99 
1 99 
2 128 99 
3 2547 1087 100 
1 100 
1 100 
1 100 
2 2554 100 
3 415 100 3387 
1 100 
1 100 
1 100 
2 3067 100 
2 1088 100 
3 538 100 1498 
1 100 
1 100 
1 100 
2 1527 101 
4 1544 1577 1560 101 
1 101 
1 101 
1 101 
1 101 
2 1355 101 
1 101 
2 628 101 
2 1138 101 
1 101 
2 1464 101 
1 101 
2 2111 101 
1 101 
2 1082 101 
3 3247 2419 101 
1 101 
2 3055 101 
1 101 
2 300 101 
3 207 327 101 
2 2577 102 
2 3420 102 
2 102 179 
3 372 102 1873 
3 1568 772 102 
1 102 
2 2619 102 
1 102 
2 747 102 
2 102 559 
1 102 
2 2573 102 
1 102 
2 2255 102 
1 102 
2 2620 102 
1 102 
2 1796 102 
2 612 102 
1 103 
1 103 
1 103 
1 103 
2 2653 103 
2 1560 103 
3 3272 435 103 
2 3068 103 
1 103 
2 2392 103 
1 103 
1 103 
1 103 
2 1024 103 
1 103 
1 103 
2 3080 103 
1 103 
1 104 
2 115 104 
3 1265 1177 104 
2 1210 104 
2 3332 104 
1 104 
2 1753 104 
1 104 
1 104 
2 1054 104 
1 104 
2 1062 104 
1 104 
1 104 
2 885 104 
1 104 
1 105 
1 105 
2 105 2542 
2 105 2952 
1 105 
3 105 1689 3538 
2 105 2851 
2 105 2968 
3 105 268 2839 
2 105 3500 
2 105 1078 
1 105 
2 105 2996 
2 105 2744 
1 105 
1 105 
2 105 2769 
2 105 3228 
1 105 
3 106 1210 1696 
2 1521 106 
1 106 
2 106 3370 
1 106 
3 3598 106 680 
1 106 
4 331 106 3160 740 
1 106 
1 106 
2 106 3355 
1 106 
2 106 3404 
1 106 
2 106 408 
2 106 3318 
1 106 
3 703 106 2709 
1 106 
1 107 
6 949 1422 107 282 1558 1156 
1 107 
1 107 
1 107 
2 3408 107 
4 107 2912 3553 340 
1 107 
1 107 
1 107 
1 107 
2 107 1786 
1 107 
2 1274 107 
2 107 119 
3 107 834 2484 
2 107 779 
1 107 
2 107 1758 
1 107 
1 107 
3 107 327 1480 
2 107 223 
1 107 
1 108 
2 108 3059 
1 108 
1 108 
2 108 1844 
1 108 
1 108 
2 108 2092 
1 108 
1 108 
2 108 3180 
2 3093 108 
2 1750 108 
1 108 
1 108 
1 108 
4 2083 108 428 193 
2 108 524 
2 108 1161 
1 108 
1 108 
1 108 
1 108 
2 109 1490 
2 109 1827 
2 109 2254 
3 109 1010 3091 
1 109 
1 109 
1 109 
2 1356 109 
1 109 
2 109 533 
2 109 224 
1 109 
2 109 1952 
2 1270 109 
2 109 2515 
1 109 
2 109 3594 
1 109 
1 110 
3 110 3439 2863 
1 110 
1 110 
1 110 
1 110 
1 110 
1 110 
2 850 110 
4 110 2143 2718 556 
2 110 1883 
1 110 
2 578 110 
1 111 
4 111 3583 1102 2764 
1 111 
1 111 
2 722 111 
2 111 3501 
1 111 
2 111 1575 
1 111 
1 111 
1 111 
2 685 111 
2 111 2618 
2 111 2126 
1 111 
3 3340 1807 111 
1 111 
1 111 
2 111 1401 
1 111 
2 111 2444 
1 112 
2 112 1265 
1 112 
2 112 2874 
1 112 
1 112 
3 1721 813 112 
3 112 3123 428 
3 374 112 3162 
2 112 823 
1 112 
1 112 
3 2364 112 573 
1 112 
1 112 
1 112 
1 112 
2 112 2611 
1 112 
1 112 
1 112 
1 112 
1 113 
1 113 
2 490 113 
1 113 
2 113 1010 
1 113 
2 113 955 
1 113 
2 113 1693 
1 113 
1 114 
1 114 
1 114 
2 114 2952 
1 114 
1 114 
2 114 2537 
1 114 
4 623 114 321 1308 
1 114 
1 114 
3 2337 1674 114 
3 3203 114 1375 
1 114 
1 114 
2 114 2596 
2 2393 114 
1 114 
2 114 1312 
3 1165 114 2877 
2 1672 115 
2 115 1534 
1 115 
1 115 
2 115 3017 
2 115 2425 
3 2303 115 456 
1 115 
1 115 
1 115 
4 1448 1362 115 2353 
2 115 799 
3 1539 1277 116 
2 116 616 
2 116 3157 
1 116 
1 116 
1 116 
2 116 3383 
1 116 
1 116 
1 116 
1 116 
3 1032 116 869 
2 244 116 
2 2534 116 
2 2567 116 
1 116 
1 116 
2 116 3001 
1 116 
2 607 116 
1 117 
2 1553 117 
2 364 117 
3 2932 117 3525 
1 117 
3 2755 117 177 
1 117 
3 117 2781 740 
1 117 
1 117 
1 117 
2 2680 117 
2 918 117 
1 117 
1 117 
1 117 
1 117 
1 117 
1 117 
3 2101 3172 117 
2 118 1974 
4 764 2554 118 654 
1 118 
1 118 
1 118 
1 118 
1 118 
1 118 
2 1263 118 
3 1407 118 1196 
3 2367 118 641 
1 118 
3 3120 118 825 
2 605 118 
1 118 
4 1447 1725 118 2597 
3 1523 118 2999 
1 118 
1 118 
2 2555 118 
2 118 1374 
1 119 
1 119 
4 1672 2395 119 3588 
1 119 
2 119 2336 
1 119 
3 119 1006 1741 
1 119 
1 119 
2 2694 119 
1 119 
2 119 1517 
1 119 
2 119 2804 
2 3284 119 
1 119 
1 119 
3 495 119 2832 
1 119 
3 3003 119 432 
1 120 
1 120 
1 120 
2 120 271 
1 120 
1 120 
1 120 
3 2209 2932 120 
1 120 
1 120 
1 120 
1 120 
3 2527 120 528 
1 120 
2 1000 120 
2 1726 120 
2 120 1477 
1 120 
1 120 
1 120 
1 120 
2 120 211 
2 1758 120 
1 120 
1 120 
2 2557 121 
1 121 
1 121 
2 1811 121 
1 121 
1 121 
2 476 121 
1 121 
1 121 
1 121 
2 1057 121 
2 3148 121 
3 770 2422 121 
1 121 
2 1754 121 
2 2280 121 
2 2194 122 
1 122 
1 122 
2 1785 122 
2 1217 122 
2 122 2357 
1 122 
1 122 
4 1045 3314 1596 122 
1 122 
1 122 
2 822 122 
1 122 
2 758 122 
1 122 
2 814 122 
2 122 2213 
1 122 
1 122 
2 1841 122 
4 1682 2342 667 122 
4 1628 332 122 2385 
1 122 
1 122 
2 3403 122 
3 1130 260 122 
1 123 
3 1718 2163 123 
3 712 123 2996 
4 2493 2758 3591 123 
2 2265 123 
4 3345 971 3556 123 
2 1808 123 
1 123 
2 1781 123 
2 351 123 
2 123 1175 
1 123 
1 123 
2 3206 123 
3 381 123 1710 
3 3072 3236 123 
1 123 
2 702 123 
2 790 123 
1 123 
1 123 
2 724 123 
4 625 123 2358 3001 
2 123 620 
1 124 
1 124 
1 124 
1 124 
1 124 
2 1989 124 
3 3279 124 2199 
1 124 
3 2278 124 1913 
1 124 
1 124 
3 3129 124 740 
2 3127 124 
3 579 955 124 
3 349 3045 124 
2 1740 124 
2 124 3140 
2 1765 124 
1 124 
1 124 
1 124 
1 124 
2 2651 124 
1 125 
1 125 
1 125 
2 1590 125 
1 125 
2 2491 125 
4 277 2848 1392 125 
3 493 125 306 
2 3298 125 
2 1955 125 
4 1329 393 2633 125 
1 125 
2 2333 125 
2 1082 125 
1 125 
3 2208 125 2818 
1 125 
1 125 
3 1757 3536 125 
3 855 1459 125 
1 125 
1 125 
2 1721 125 
1 125 
1 125 
1 126 
1 126 
2 286 126 
3 1525 3423 126 
2 1916 126 
1 126 
1 126 
1 126 
1 126 
2 2150 126 
2 1274 126 
1 126 
1 126 
2 294 126 
3 1804 822 126 
1 126 
1 126 
3 3201 836 126 
2 127 1337 
1 127 
2 127 1741 
1 127 
2 127 1258 
1 127 
1 127 
2 127 2832 
1 127 
3 127 929 2818 
2 127 153 
2 127 880 
1 127 
2 127 780 
1 127 
1 128 
1 128 
2 128 1886 
2 128 1555 
1 128 
1 128 
2 128 1075 
3 128 360 3524 
1 128 
2 128 815 
2 128 2772 
1 128 
1 128 
1 128 
3 181 128 2724 
3 128 444 416 
2 128 2067 
1 128 
3 3340 128 2862 
1 128 
3 128 2836 3033 
1 128 
3 129 1244 1195 
2 129 2415 
1 129 
2 2366 129 
1 129 
1 129 
3 129 307 2708 
1 129 
5 129 1219 2614 824 3017 
1 129 
2 129 2775 
2 129 2856 
2 129 833 
1 129 
1 129 
1 129 
2 1104 129 
1 129 
3 130 1689 1157 
1 130 
1 130 
3 130 2541 3355 
2 130 1452 
1 130 
1 130 
3 130 2113 2955 
1 130 
1 130 
1 130 
1 130 
2 130 1739 
1 130 
5 130 3324 1512 1287 1248 
1 130 
1 130 
1 130 
1 130 
2 131 2308 
1 131 
2 131 3168 
1 131 
2 131 3366 
2 131 615 
1 131 
3 1773 131 2228 
3 131 2797 1534 
1 131 
2 131 2189 
2 131 1138 
1 131 
1 131 
2 2511 131 
3 702 2016 131 
1 131 
2 1606 131 
1 132 
2 132 265 
2 1924 132 
2 132 570 
1 132 
2 132 2580 
2 132 869 
1 132 
1 132 
4 2256 2847 1928 132 
3 132 2274 1715 
1 132 
2 2321 132 
2 132 1143 
1 132 
2 132 1829 
2 153 132 
1 132 
1 133 
2 133 3500 
1 133 
3 133 193 3000 
2 133 2229 
1 133 
2 133 229 
1 133 
1 133 
1 133 
3 133 1972 1831 
2 133 3111 
3 133 1281 972 
2 133 2812 
3 1961 3486 133 
2 133 2836 
2 3415 133 
2 2550 133 
2 133 249 
1 134 
2 969 134 
1 134 
3 564 134 1124 
1 134 
2 134 1308 
3 3329 134 2666 
1 134 
1 134 
1 134 
2 2945 134 
1 134 
1 134 
1 134 
2 134 2198 
3 1604 134 2270 
1 134 
2 134 161 
1 134 
1 134 
2 134 1855 
1 135 
1 135 
3 347 135 3107 
2 135 1175 
1 135 
1 135 
1 135 
1 135 
2 135 2168 
4 1013 3227 1262 135 
2 135 1285 
2 2498 135 
2 3526 135 
2 135 3539 
1 135 
3 2142 135 1212 
2 1967 135 
2 135 1976 
4 1810 135 1515 3032 
2 135 3013 
2 670 135 
2 135 329 
2 135 3351 
2 817 136 
1 136 
1 136 
1 136 
1 136 
2 136 570 
1 136 
2 2420 136 
2 136 2723 
1 136 
2 3401 136 
1 136 
1 137 
3 348 494 137 
2 403 137 
3 3342 3397 137 
2 3346 137 
2 137 553 
1 137 
1 137 
1 137 
1 137 
1 137 
2 413 137 
2 1012 137 
3 137 2409 604 
2 397 137 
2 1984 137 
1 137 
1 137 
3 137 3233 455 
3 137 1026 1124 
1 137 
1 137 
1 138 
2 138 460 
2 492 138 
1 138 
2 1053 138 
2 2759 138 
2 2588 138 
1 138 
1 138 
1 138 
2 1542 138 
2 138 568 
2 665 138 
2 407 138 
1 138 
1 139 
2 1413 139 
1 139 
2 522 139 
3 1259 139 1872 
4 336 139 2246 2998 
3 1862 801 139 
2 1270 139 
1 139 
1 139 
1 139 
1 139 
1 139 
2 1093 139 
1 139 
1 139 
2 139 2858 
1 140 
1 140 
2 140 2285 
1 140 
4 878 693 140 431 
2 140 213 
1 140 
1 140 
1 140 
1 140 
1 140 
1 140 
1 140 
2 3599 140 
1 140 
1 140 
3 2496 140 3214 
2 141 2050 
1 141 
1 141 
2 141 826 
1 141 
1 141 
1 141 
1 141 
1 141 
2 141 2126 
1 141 
2 141 1006 
2 141 3272 
2 935 141 
4 473 3517 141 2634 
3 1045 141 2482 
2 776 141 
2 1661 142 
1 142 
1 142 
1 142 
1 142 
1 142 
2 3148 142 
4 633 1731 1282 142 
1 142 
2 3444 142 
3 142 2784 2883 
1 142 
1 142 
1 142 
3 884 142 1292 
1 142 
3 1075 142 3034 
1 142 
3 1218 142 2027 
1 142 
1 142 
2 142 3252 
1 143 
2 3417 143 
1 143 
2 2969 143 
2 3124 143 
1 143 
2 2794 143 
2 2240 143 
1 143 
3 1389 3155 143 
3 2366 855 143 
2 2665 143 
2 2951 143 
2 1907 143 
1 143 
1 143 
2 2131 143 
1 144 
2 1809 144 
2 1014 144 
1 144 
2 2030 144 
1 144 
2 2954 144 
2 2478 144 
1 144 
1 144 
2 2500 144 
3 614 1007 144 
1 144 
2 3558 144 
2 1737 144 
1 144 
3 2242 144 1746 
2 305 144 
1 144 
2 2736 144 
2 1689 144 
1 145 
1 145 
1 145 
1 145 
3 145 1316 378 
1 145 
1 145 
1 145 
2 145 2754 
1 145 
3 145 205 697 
3 145 2842 2535 
1 145 
2 145 2835 
1 145 
1 145 
2 145 1648 
1 145 
3 145 1138 2289 
2 146 1065 
1 146 
1 146 
1 146 
4 146 634 1615 1158 
1 146 
1 146 
2 146 2576 
2 146 1020 
1 146 
1 146 
1 146 
1 146 
4 146 696 2462 2425 
1 146 
2 146 3497 
2 146 2830 
2 147 1049 
1 147 
2 147 890 
2 147 1079 
1 147 
2 147 1699 
1 147 
2 147 1353 
3 147 2992 2821 
2 147 771 
3 147 2460 2293 
2 147 1385 
1 147 
3 147 2799 3071 
3 147 2578 2488 
1 147 
2 147 1416 
2 147 2022 
2 147 756 
3 148 3048 1321 
3 2981 148 2797 
1 148 
1 148 
1 148 
1 148 
2 148 2554 
3 1228 148 2416 
1 148 
3 3506 148 3379 
3 148 2020 1075 
2 148 1886 
2 148 266 
1 148 
1 148 
2 148 2501 
1 148 
2 148 2691 
1 148 
1 148 
1 148 
3 148 2486 3061 
3 148 2118 634 
3 148 3584 1916 
1 149 
1 149 
1 149 
1 149 
1 149 
2 1566 149 
1 149 
2 149 3073 
1 149 
3 2154 149 3530 
2 645 149 
1 149 
2 149 2202 
2 149 3237 
1 149 
1 149 
2 149 1562 
1 149 
3 149 2736 838 
1 149 
1 150 
1 150 
2 150 1915 
1 150 
2 150 3072 
1 150 
1 150 
1 150 
1 150 
3 150 3535 2974 
2 150 3065 
1 150 
1 150 
2 150 3217 
1 150 
1 150 
1 150 
2 150 1036 
1 150 
2 150 1059 
1 150 
2 705 151 
3 151 1051 1874 
1 151 
2 151 1908 
1 151 
2 151 256 
2 151 2058 
1 151 
2 151 1645 
2 151 1392 
2 1627 151 
2 151 668 
2 151 3191 
2 151 3060 
1 151 
1 151 
2 151 791 
1 151 
2 151 1564 
1 151 
2 152 1029 
2 152 1052 
1 152 
1 152 
1 152 
1 152 
3 152 2303 2238 
1 152 
2 152 1511 
1 152 
4 199 623 152 1685 
2 3481 152 
1 152 
3 152 1043 3424 
4 152 1206 1692 3139 
2 152 689 
2 153 395 
3 153 1325 1312 
2 153 3520 
3 153 2592 3283 
1 153 
1 153 
1 153 
1 153 
1 153 
3 153 2760 1161 
4 153 2017 2186 1378 
2 153 3128 
2 153 2771 
2 153 2515 
2 153 1602 
2 153 207 
1 154 
2 1085 154 
1 154 
2 877 154 
1 154 
1 154 
1 154 
1 154 
1 154 
1 154 
3 154 2021 3121 
2 2751 154 
1 154 
3 1879 154 552 
1 154 
2 154 1744 
2 154 2894 
2 1088 154 
2 154 3102 
3 403 154 620 
2 154 1741 
1 154 
1 154 
2 2842 155 
3 873 1859 155 
1 155 
1 155 
2 155 629 
2 155 1244 
1 155 
2 155 1640 
3 790 155 349 
1 155 
3 901 155 762 
2 155 2830 
1 155 
1 155 
2 155 1239 
3 2365 155 2026 
1 155 
3 2680 155 1735 
2 155 2271 
2 2566 155 
6 3546 3448 155 3365 2385 2232 
1 156 
4 156 860 661 2295 
1 156 
1 156 
2 3515 156 
1 156 
1 156 
1 156 
2 156 1403 
1 156 
1 156 
2 156 2622 
2 1406 156 
2 156 1078 
3 1897 3293 156 
3 2207 2498 156 
1 156 
1 157 
1 157 
1 157 
1 157 
1 157 
1 157 
1 157 
2 1243 157 
1 157 
1 157 
1 157 
1 157 
2 1609 157 
3 850 157 2621 
2 157 2488 
2 157 2742 
2 158 482 
1 158 
2 1520 158 
1 158 
3 158 3496 1266 
1 158 
1 158 
1 158 
1 158 
1 158 
4 1145 698 158 2401 
1 158 
1 158 
2 2841 158 
1 158 
2 1759 158 
2 598 158 
3 1297 467 158 
2 1884 158 
1 158 
2 158 1957 
1 158 
1 158 
1 158 
2 2077 158 
3 158 2919 1374 
2 158 2862 
1 158 
1 159 
2 3358 159 
3 2895 3330 159 
2 159 3303 
2 1933 159 
2 1987 159 
2 1771 159 
2 159 660 
3 1612 159 2835 
3 2889 2378 159 
3 2872 159 928 
2 159 329 
2 159 1289 
1 159 
1 160 
1 160 
1 160 
2 160 1996 
2 160 3288 
1 160 
2 160 889 
1 160 
1 160 
2 380 160 
2 1591 160 
2 200 160 
2 3547 160 
1 160 
3 2102 492 160 
2 3302 161 
2 2087 161 
1 161 
2 698 161 
1 161 
1 161 
3 1092 161 417 
3 829 1753 161 
2 1586 161 
1 161 
2 161 2976 
2 1831 161 
1 161 
1 161 
2 161 946 
2 2605 161 
1 161 
1 161 
1 161 
3 2574 161 214 
2 1906 161 
1 161 
1 162 
1 162 
3 1269 1493 162 
1 162 
1 162 
1 162 
4 982 2267 162 360 
4 2968 451 3558 162 
1 162 
2 2158 162 
2 2752 162 
1 162 
2 162 501 
3 3313 2399 162 
3 1452 162 2953 
3 449 2398 162 
2 162 3407 
1 162 
1 162 
1 162 
3 515 1369 162 
3 3465 162 1120 
2 162 1561 
2 3372 162 
1 162 
3 3167 162 2940 
2 162 2403 
3 3513 1194 163 
3 611 3515 163 
2 3559 163 
1 163 
2 1812 163 
1 163 
1 163 
3 2732 2332 163 
1 163 
1 163 
2 438 163 
1 163 
1 163 
1 163 
2 2757 163 
1 163 
3 764 2217 163 
2 163 554 
2 1627 163 
3 2040 822 163 
1 163 
2 2159 163 
1 163 
1 164 
1 164 
1 164 
2 164 3139 
2 2529 164 
1 164 
1 164 
1 164 
2 2254 164 
1 164 
1 164 
1 164 
1 164 
1 164 
2 771 164 
1 164 
2 2086 164 
1 164 
1 164 
3 165 3512 826 
1 165 
1 165 
1 165 
1 165 
1 165 
3 165 3263 1913 
1 165 
2 165 2918 
3 165 1094 266 
1 165 
1 165 
1 165 
1 165 
2 165 1654 
1 165 
2 165 1235 
1 165 
2 166 2452 
2 1672 166 
2 166 2195 
1 166 
1 166 
2 166 2376 
2 166 1746 
1 166 
1 166 
1 166 
1 166 
1 166 
1 166 
3 166 3489 2708 
1 166 
1 166 
2 166 2898 
1 166 
1 166 
1 166 
1 167 
1 167 
1 167 
1 167 
1 167 
1 167 
2 167 2612 
2 167 2031 
2 167 1683 
1 167 
2 1566 167 
1 167 
2 167 2656 
2 167 1849 
1 167 
2 167 2378 
2 167 2878 
1 167 
1 167 
2 167 1406 
3 167 3284 1189 
2 168 728 
1 168 
2 168 3269 
1 168 
1 168 
2 168 1955 
2 168 469 
1 168 
1 168 
1 168 
3 168 1780 2747 
2 168 720 
2 168 3416 
1 168 
2 168 171 
1 169 
2 169 3566 
2 169 853 
1 169 
1 169 
2 169 1210 
3 169 3189 1458 
1 169 
2 169 1470 
1 169 
1 169 
1 169 
2 3244 169 
2 169 3372 
3 169 407 3520 
5 169 1986 1848 1282 2721 
2 169 1887 
1 170 
1 170 
1 170 
1 170 
1 170 
2 2393 170 
1 170 
2 258 170 
1 170 
3 3546 2945 170 
3 170 2290 3241 
2 170 1906 
1 170 
4 332 170 709 1580 
2 170 3081 
1 170 
1 170 
1 171 
1 171 
2 171 3016 
2 171 1398 
1 171 
1 171 
1 171 
2 171 2418 
1 171 
1 171 
1 171 
2 3092 171 
2 3066 171 
2 171 3395 
1 171 
1 171 
2 1538 171 
2 171 1059 
1 171 
2 1606 172 
2 172 532 
1 172 
3 391 172 3127 
2 172 2345 
1 172 
2 172 451 
1 172 
2 172 2048 
2 172 449 
1 173 
1 173 
1 173 
2 173 547 
2 173 2522 
1 173 
1 173 
1 173 
1 173 
4 2588 173 1834 1311 
2 3065 173 
2 173 514 
2 2002 173 
2 1481 173 
1 173 
1 173 
1 173 
2 173 740 
1 173 
1 173 
3 174 2145 2486 
2 3487 174 
2 2641 174 
3 829 174 3454 
1 174 
3 2368 174 1579 
2 2642 174 
1 174 
1 174 
1 174 
1 174 
2 174 2625 
2 174 3520 
1 174 
3 3428 174 1743 
3 2511 2043 174 
1 175 
1 175 
3 216 3064 175 
1 175 
1 175 
1 175 
1 175 
1 175 
1 175 
3 1149 175 3001 
2 2531 175 
1 175 
1 175 
1 175 
2 2036 175 
3 175 3454 1578 
3 175 3270 3137 
1 175 
1 175 
1 176 
2 3528 176 
1 176 
1 176 
2 2850 176 
1 176 
1 176 
1 176 
2 2221 176 
1 176 
1 176 
1 176 
4 1929 176 3564 3472 
2 1342 176 
1 177 
1 177 
3 1539 370 177 
3 961 3399 177 
1 177 
2 1220 177 
3 1302 177 3304 
1 177 
2 2641 177 
1 177 
2 3392 177 
2 612 177 
2 177 2636 
1 177 
3 808 177 2361 
3 2045 1676 177 
1 177 
1 177 
2 3130 177 
3 2057 1667 178 
1 178 
1 178 
1 178 
1 178 
4 1604 1421 1691 178 
2 900 178 
2 178 2579 
3 961 3254 178 
2 2749 178 
1 178 
1 178 
2 1962 178 
1 178 
2 178 763 
3 2438 1386 178 
4 861 178 1789 2939 
1 178 
1 178 
2 178 530 
2 179 3354 
2 356 179 
1 179 
3 975 194 179 
2 837 179 
2 1278 179 
2 957 179 
2 631 179 
1 179 
1 179 
1 179 
4 2118 1049 1008 179 
1 179 
2 321 179 
1 179 
1 179 
3 335 2735 180 
1 180 
1 180 
1 180 
3 779 3001 180 
1 180 
1 180 
2 1275 180 
1 180 
1 180 
3 3343 3371 180 
2 575 180 
2 595 180 
1 180 
1 180 
2 501 180 
2 706 180 
1 180 
2 181 1449 
1 181 
2 181 1621 
2 181 3135 
1 181 
1 181 
1 181 
2 1586 181 
1 181 
2 181 1766 
2 181 3387 
2 181 1376 
1 182 
1 182 
1 182 
1 182 
1 182 
2 182 1649 
1 182 
3 182 2937 419 
2 182 1688 
2 182 573 
2 182 1060 
2 182 1702 
2 182 2577 
2 182 3341 
2 182 1848 
3 182 349 3214 
1 182 
3 182 576 673 
1 182 
2 182 1881 
1 182 
2 182 820 
4 588 182 3039 264 
2 182 2820 
2 182 261 
2 182 592 
4 182 2564 2023 1210 
2 182 2135 
1 182 
1 182 
1 182 
1 183 
3 183 2850 202 
2 183 622 
1 183 
1 183 
2 183 1401 
1 183 
3 3183 183 3540 
2 3141 183 
1 183 
3 3142 183 3006 
1 183 
3 183 442 2723 
2 183 738 
2 183 271 
4 183 2944 3271 3352 
1 183 
1 183 
1 183 
2 183 2475 
2 183 2238 
3 184 828 2615 
2 184 501 
2 184 3376 
1 184 
2 184 2874 
1 184 
3 936 184 1291 
1 184 
1 184 
2 184 2894 
2 184 2428 
1 184 
2 184 2019 
4 184 203 2616 341 
2 184 3512 
2 184 731 
1 184 
1 184 
1 185 
1 185 
3 185 3283 3001 
3 185 547 3089 
1 185 
2 185 410 
1 185 
1 185 
2 185 1339 
2 185 2058 
2 185 1673 
2 185 648 
2 2368 185 
1 185 
3 185 3121 2778 
2 3143 185 
1 185 
1 185 
1 185 
1 185 
2 185 3387 
1 185 
2 3258 185 
3 185 1669 1418 
1 185 
1 185 
1 186 
1 186 
1 186 
3 1753 186 633 
2 186 1219 
1 186 
1 186 
1 186 
1 186 
1 186 
2 186 1712 
2 186 1794 
1 186 
2 2131 186 
2 186 2864 
1 186 
1 186 
1 186 
2 2278 186 
2 439 186 
1 186 
2 2366 186 
1 186 
1 186 
2 186 2115 
2 3599 186 
3 1270 1256 186 
2 187 1203 
3 2038 187 1554 
3 187 2705 3595 
1 187 
