24 2 3 4 5 6 7 8 9 10 11 12 13 14 15 16 17 18 19 20 21 22 23 24 25 
18 26 27 28 29 30 31 32 33 34 35 36 37 38 39 40 41 42 1 
20 43 44 45 46 47 48 49 50 51 52 53 54 55 56 57 58 59 60 1 61 
22 62 63 64 65 66 67 68 69 70 71 72 73 74 75 76 77 78 79 80 81 1 82 
22 83 84 85 86 87 88 89 90 91 92 93 94 95 96 97 98 99 100 101 1 102 103 
22 104 105 106 107 108 109 110 111 112 113 114 115 116 117 118 119 120 121 1 122 123 124 
27 125 126 127 128 129 130 131 132 133 134 135 136 137 138 139 140 141 142 143 144 145 146 147 148 149 150 1 
24 151 152 153 154 155 156 157 158 159 160 161 162 163 164 165 166 167 168 169 170 171 172 1 173 
28 174 175 176 177 178 179 180 181 182 183 184 185 186 187 188 189 190 191 192 193 194 195 196 197 198 199 200 1 
19 201 202 203 204 205 206 207 208 209 210 211 212 213 214 215 216 217 218 1 
24 219 220 221 222 223 224 225 226 227 228 229 230 231 232 233 234 235 236 237 238 239 240 1 241 
22 242 243 244 245 246 247 248 249 250 251 252 253 254 255 256 257 258 259 260 261 262 1 
16 263 264 265 266 267 268 269 270 271 272 273 274 275 276 277 1 
20 278 279 280 281 282 283 284 285 286 287 288 289 290 291 292 293 294 295 1 296 
21 297 298 299 300 301 302 303 304 305 306 307 308 309 310 311 312 313 1 314 315 316 
30 317 318 319 320 321 322 323 324 325 326 327 328 329 330 331 332 333 334 335 336 337 338 339 340 341 342 343 344 1 345 
19 346 347 348 349 350 351 352 353 354 355 356 357 358 359 360 361 362 1 363 
16 364 365 366 367 368 369 370 371 372 373 374 375 376 377 1 378 
19 379 380 381 382 383 384 385 386 387 388 389 390 391 392 393 394 1 395 396 
27 397 398 399 400 401 402 403 404 405 406 407 408 409 410 411 412 413 414 415 416 417 418 419 420 421 1 422 
17 423 424 425 426 427 428 429 430 431 228 432 433 434 435 436 1 437 
21 438 439 440 441 442 443 444 445 446 447 448 449 450 451 452 453 454 1 455 456 457 
28 458 459 460 461 462 463 464 465 466 467 468 469 470 471 472 473 474 475 476 477 478 479 480 481 482 1 483 484 
19 485 486 487 488 489 490 491 492 493 494 495 496 497 498 1 499 500 501 502 
24 503 504 505 506 507 508 509 510 511 512 513 514 515 516 517 518 519 520 521 522 523 1 524 525 
15 2 526 527 528 529 530 531 532 533 534 535 536 537 538 539 
14 2 540 541 542 543 544 545 546 547 548 549 550 551 552 
16 2 553 554 555 556 557 558 559 560 561 562 563 564 565 566 567 
21 568 2 569 570 571 572 573 574 575 576 577 578 579 580 581 582 583 584 585 586 587 
10 2 588 133 589 468 590 591 592 593 594 
23 2 595 596 597 598 599 600 601 602 603 604 605 606 607 608 609 610 611 612 613 614 615 616 
28 2 617 618 619 620 621 622 623 624 625 626 627 628 629 630 631 632 633 634 635 636 637 638 639 640 641 642 643 
21 2 644 645 646 647 648 649 650 651 652 653 654 655 656 657 658 659 660 661 662 663 
23 2 664 665 666 667 668 669 670 671 672 673 674 675 676 677 678 679 680 681 682 683 684 685 
25 2 686 687 688 689 690 691 692 693 694 695 696 466 697 698 699 700 701 702 703 704 705 706 707 708 
20 2 709 710 711 712 713 714 715 716 717 718 719 720 721 722 723 724 725 726 727 
27 2 728 729 730 731 732 733 734 735 736 737 738 739 740 741 742 743 744 745 746 747 748 749 750 751 752 753 
17 2 754 755 756 757 758 759 760 761 762 763 764 765 766 767 768 769 
23 2 770 771 772 773 774 775 776 777 778 779 780 781 782 783 784 785 786 787 788 789 790 791 
20 2 792 793 794 795 796 797 798 799 800 801 802 803 804 805 806 807 808 809 810 
22 2 811 812 813 814 815 816 817 818 819 820 821 822 823 824 825 826 827 828 829 830 831 
22 2 832 833 834 835 836 837 838 839 840 841 842 843 844 845 846 847 848 849 850 851 852 
20 3 853 854 855 856 857 858 859 860 861 862 863 864 865 866 867 868 869 870 871 
30 3 872 873 874 875 876 877 878 879 880 881 882 883 884 885 886 887 888 889 890 891 892 893 894 895 896 897 898 899 900 
28 901 3 902 903 904 905 906 907 908 909 910 911 912 913 914 915 916 917 918 919 920 921 922 923 924 925 926 927 
24 928 3 929 930 931 932 933 934 935 936 937 938 939 940 941 942 943 944 945 946 947 948 949 950 
23 3 951 952 953 954 955 956 957 958 959 960 961 962 963 964 965 966 967 968 969 970 971 972 
18 3 973 974 975 976 977 978 979 980 981 982 983 984 985 986 987 988 989 
16 3 990 991 992 993 994 995 996 997 998 999 1000 1001 1002 1003 1004 
19 3 1005 1006 1007 1008 1009 1010 1011 1012 1013 1014 1015 1016 1017 1018 1019 1020 1021 1022 
23 1023 3 1024 1025 487 1026 1027 1028 1029 1030 1031 1032 1033 1034 1035 1036 1037 1038 1039 1040 1041 1042 1043 
23 1044 3 1045 1046 1047 1048 1049 1050 1051 1052 1053 1054 1055 1056 1057 1058 1059 1060 1061 1062 1063 1064 1065 
13 1066 1067 3 1068 1069 1070 1071 1072 1073 1074 1075 1076 1077 
15 3 1078 1079 1080 1081 1082 1083 1084 1085 1086 1087 1088 1089 1090 1091 
28 3 1092 1093 1094 1095 1096 1097 1098 1099 1100 1101 1102 1103 1104 1105 1106 1107 1108 1109 1110 1111 1112 1113 1114 1115 1116 1117 1118 
15 3 1119 1120 1121 1122 1123 1124 1125 1126 1127 1128 1129 1130 1131 1132 
18 3 1133 1134 459 1135 1136 1137 1138 1139 1140 1141 1142 1143 1144 1145 1146 1147 1148 
19 3 1149 1150 1151 1152 1153 1154 1155 1156 1157 1158 1159 1160 1161 1162 1163 1164 1165 1166 
21 3 1167 1168 1169 1170 1171 1172 1173 1174 1175 1176 1177 1178 1179 1180 1181 1182 1183 1184 1185 1186 
14 3 1187 1188 1189 1190 1191 1192 1193 1194 1195 1196 1197 1198 1199 
14 3 1200 1201 1202 1203 1204 1205 1206 1207 1208 1209 1210 1211 1212 
23 4 1213 1214 1215 1216 1217 1218 1219 1220 1221 1222 1223 1224 1225 1226 1227 1228 1229 1230 1231 1232 1233 1234 
23 1235 1236 1237 4 1238 1239 1240 1241 1242 1243 1244 1245 1246 1247 1248 1249 1250 1251 1252 1253 1254 1255 1256 
15 4 1257 1258 1259 1260 1261 1262 1263 1264 1265 1266 1267 1268 1269 1270 
14 1271 4 1272 1273 1274 1275 1276 1277 1278 1279 1280 1281 1282 1283 
24 1284 1285 1286 1287 4 1288 1289 1290 1291 1292 1293 1294 1295 1296 1297 1298 1299 1300 1301 1302 1303 1304 1305 1306 
20 1307 4 1308 1309 1310 1311 1312 1313 1314 1315 1316 1317 1318 1319 1320 1321 1322 1323 1324 1325 
22 4 1326 1327 1328 1329 1330 1331 1332 1333 1334 1335 1336 1337 1338 1339 1340 1341 1342 1343 1344 1345 1346 
24 1347 1348 4 1349 1350 1351 1352 1353 1354 1355 1356 1357 1358 1359 1360 1361 1362 1363 1364 1365 1366 1367 1368 1369 
20 4 1370 1371 1372 1373 1374 1375 1376 1377 1378 1379 1380 1381 1382 1383 1384 1385 1386 1387 1388 
20 1389 1390 1391 4 1392 1393 1394 1395 1396 1397 1398 1399 1400 1401 1402 1403 1404 1405 1406 1407 
16 1408 4 1409 1410 1411 1412 1413 1414 1415 1416 1417 1418 1419 1420 1421 1422 
17 1423 4 1424 1425 1426 1427 1428 1099 1429 1430 1431 1432 1433 1434 1435 1436 1437 
23 4 1438 1439 1440 1441 1442 1443 1444 1445 1446 1447 1448 1449 1450 1451 1452 1453 1454 1455 1456 1457 1458 1459 
15 4 1460 1461 1462 1463 1464 1465 1466 1467 1468 1469 1470 1471 1472 1473 
18 4 1409 1474 1475 1476 858 1477 1478 1479 1480 1481 1482 1483 1484 1485 1486 1487 1488 
23 1489 1490 4 1491 1492 1493 1494 1495 1496 1497 1498 1499 1500 1501 1502 1503 1504 1505 1506 1507 1508 1509 1510 
19 1511 4 1512 1513 1514 1515 1516 1517 1518 1519 1520 1521 1522 1523 1524 1525 1526 1527 1528 
20 1529 1530 1531 4 1532 1533 1534 1535 1536 1537 1538 1539 1540 1541 1542 1543 1544 1545 1546 1547 
18 1548 1549 1550 4 1551 1552 1553 1554 1555 1556 1557 1558 1559 1560 1561 1562 1563 1564 
16 1565 4 1566 1567 1568 1569 1570 1571 1572 1573 1574 1575 1576 1577 1578 1579 
24 4 1580 1581 1582 1583 1584 1585 1586 1587 1588 1589 1590 1591 1592 1593 1594 1595 1596 1597 1598 1599 1600 1601 1602 
23 1603 1604 5 1605 1606 1607 1608 1609 1610 1611 1612 1613 1614 1615 1616 1617 1618 1619 1620 1621 1622 1232 1623 
20 1624 1625 5 1626 1627 1628 1629 1630 1631 1632 1633 1634 1635 1636 1637 1638 1639 1640 1641 1642 
21 1643 1644 5 1645 1646 1647 1648 1649 1650 1651 1652 1653 1654 1655 1656 1657 1658 1659 1660 1661 1662 
20 1663 1664 5 1665 1666 1667 1668 1669 1670 1671 1672 1673 1674 1675 1676 1677 1678 1679 1680 1681 
16 1682 5 1683 1684 1685 1686 1289 1687 1688 1689 1690 1691 1692 1693 1694 1695 
25 1696 1697 5 1698 1699 1700 1701 1702 1703 1704 1705 1706 1707 1708 1709 1710 1711 1712 1713 1714 1715 262 1716 1717 1718 
23 901 5 1719 1720 1721 1722 1723 1724 1725 1726 1727 1728 1729 1730 1731 1732 1733 1734 1735 1736 1737 1738 1739 
32 1740 5 1741 1742 1743 1744 1745 1746 1747 1748 1749 1750 1751 1752 1753 1754 1755 1756 1757 1758 1759 1760 1761 1762 1763 1764 1765 1766 1767 1768 1769 1770 
26 1771 5 1772 1773 1774 1775 1776 1777 1778 1779 1780 1781 1782 1783 1784 1785 1786 1787 1788 1789 1790 1791 1792 1793 1794 1795 
18 5 1796 1797 1798 1799 1800 1801 1802 1803 1804 1805 1806 1807 1808 1809 1810 1811 1812 
23 1813 5 1814 1815 1816 1817 1818 575 1819 1820 1821 1822 1823 1824 1825 1826 1827 1828 1829 1830 1831 1832 1833 
19 5 1834 1835 1836 1837 1838 1839 1840 1841 1752 1842 1843 1844 1845 1846 1847 1848 1849 1850 
20 5 1851 1852 1853 1854 1855 1856 1857 1858 1859 1860 1861 1862 1863 1864 1865 1866 1867 1868 1869 
16 5 1870 1871 1872 1873 1874 1875 1876 1877 1878 1879 1880 1881 1882 1883 1884 
16 1885 1886 5 1887 1888 1889 1890 1891 1892 1893 1894 1895 1896 1897 1898 1899 
16 5 1900 1901 1902 1903 1904 1905 1906 1907 1908 1909 1910 1911 1912 1913 1914 
20 5 1915 1916 1917 1918 1919 1920 1921 1922 1923 1924 1925 1926 1927 375 1928 1929 1930 1931 1932 
30 1933 1025 5 1934 1935 1936 1937 1938 1939 1940 1941 1942 1943 1944 1945 1946 1947 1948 1949 1950 1951 1952 1953 1954 1955 1956 1957 1958 1959 1960 
24 5 1961 1962 1963 1964 1965 1966 1967 1968 1969 1970 1971 1972 1973 1974 1975 1976 1977 1978 1979 1980 1981 1982 1983 
23 1984 5 1985 1986 1987 1988 1989 1990 1991 1992 1993 1994 1995 1996 1997 1998 1999 2000 2001 2002 2003 2004 2005 
27 2006 2007 2008 2009 5 2010 2011 2012 2013 2014 2015 2016 2017 2018 2019 2020 2021 2022 2023 2024 2025 2026 2027 2028 2029 2030 2031 
31 2032 2033 2034 2035 6 2036 2037 2038 2039 2040 2041 2042 2043 2044 2045 2046 2047 2048 2049 2050 2051 2052 2053 2054 2055 2056 2057 2058 2059 2060 2061 
23 6 2062 2063 2064 2065 2066 2067 188 2068 2069 1821 2070 2071 2072 2073 1343 2074 2075 2076 2077 2078 2079 2080 
19 2081 2082 2083 6 2084 2085 2086 2087 2088 2089 2090 2091 2092 2093 2094 2095 2096 2097 2098 
20 2099 2100 6 2101 2102 2103 2104 2105 2106 2107 2108 2109 2110 2111 2112 2113 2114 2115 2116 2117 
22 2118 6 2119 2120 1153 2121 2122 2123 2124 2125 2126 2127 2128 2129 2130 2131 2132 2133 2134 2135 2136 2137 
16 2138 6 2139 2140 2141 2142 2143 2144 2145 2146 2147 2148 2149 2150 2151 2152 
23 2153 6 2154 2155 2156 2157 2158 2159 2160 2161 2162 2163 2164 2165 331 2166 2167 2168 2169 2170 2171 2172 2173 
23 2174 6 2175 2176 2177 2178 2179 2180 2181 2182 2183 2184 2185 2186 2187 2188 2189 2190 2191 2192 2193 2194 2195 
28 2196 6 2197 2198 2199 2200 2201 2202 2203 2204 2205 2206 2207 2208 2209 2210 2211 2212 2213 2214 2215 2216 2217 2218 2219 262 2220 2221 
17 2222 6 2223 2224 2225 2226 2227 2228 2229 2230 2231 2232 2233 2234 2235 2236 2057 
19 2237 6 2238 2239 2240 2241 2242 2243 2244 2245 2246 2247 2248 2249 2250 2251 2252 2253 2254 
29 2255 2256 2257 6 2258 2259 2260 2261 2262 2263 2264 2265 2266 2267 2268 2269 2270 2271 2272 2273 2274 2275 2276 2277 2278 2279 2280 2281 2282 
28 2283 2284 2285 2286 2287 2288 2289 6 2290 2291 2292 2293 2294 2295 2296 2297 2298 2299 2300 2301 2302 2303 2304 2305 2306 2307 2308 2309 
26 2310 2311 6 2312 2313 2314 2315 2316 2317 2318 2319 2320 2321 2322 2323 2324 2325 2326 2327 2328 2329 2330 2331 2332 2333 2334 
18 2335 6 2336 2337 2338 2339 2340 2341 2342 2343 2344 2345 2346 2347 2348 2349 2350 2351 
20 2352 2353 6 2354 2355 2356 2357 2358 2359 2360 2361 2362 2363 2364 2365 2366 2367 2368 2369 2370 
17 2371 2372 2373 6 2374 2375 2376 2377 2378 2379 2380 2381 2382 2383 2384 2385 2386 
14 2387 6 2388 2389 2390 2391 2392 2393 2394 2395 2396 2397 2398 2399 
21 2400 2401 2402 2403 6 2404 2405 2406 2407 2408 2409 2410 2411 2412 2413 2414 2415 2416 2417 2418 2419 
21 2420 2421 6 2422 2423 2424 2425 2426 2427 2428 2429 2430 2431 2432 2433 2434 2435 2436 2437 2438 2439 
20 2440 2441 6 2442 2443 2444 2445 2446 2447 2448 2449 2450 675 2451 2452 2453 2454 2455 2456 2457 
20 7 2458 2459 2460 2461 2462 2463 2464 2465 2466 2467 2468 2469 2470 2471 2472 2473 2474 2475 2476 
13 2477 2478 7 2479 2480 2481 2482 2483 2484 2485 2486 2487 2488 
24 2489 2490 7 2491 2492 2493 2494 2495 2496 2497 2498 2499 2500 2501 2502 2503 2504 2505 2506 2507 2508 2509 2510 2511 
31 2512 2513 2514 2515 1410 7 2516 2517 2518 2519 2520 2521 2522 2523 2524 2525 2526 2527 2528 2529 2530 2531 2532 2533 2534 2535 2536 2537 2538 2539 2540 
25 2541 2542 2543 7 2544 2545 2546 2547 2548 2549 648 2550 2551 2552 2553 2554 2555 2556 2557 2558 2559 2560 2561 2562 2563 
21 2564 2565 2566 7 2567 2568 2569 2570 2571 2572 2573 2574 2575 2576 2577 2578 2579 2580 2581 2582 2583 
17 2584 2585 7 2586 2587 2588 2589 2590 2591 2592 2593 2594 2595 2596 2597 2598 2599 
13 2600 7 2601 2602 2603 2604 1726 2605 2606 2607 2608 2609 2610 
18 2611 7 2612 2613 30 2614 2615 2616 2617 2618 2619 2620 2621 2622 2623 2026 2624 2625 
24 599 2626 7 2627 2628 2629 2630 2631 2632 2633 2634 2635 2636 2637 2638 2639 2640 2641 2642 2643 2644 2645 2646 2647 
15 2648 7 2649 2650 2651 2652 2653 2654 2655 2656 2657 2658 2659 1928 2660 
20 2661 7 2662 2663 2664 2665 2179 2666 2667 2668 2669 2670 2671 2672 2673 2674 2675 2676 2677 2678 
16 2679 7 2680 2681 2682 2683 2684 2685 2686 2687 2688 2689 2690 2691 2692 2693 
24 2694 2695 7 2696 2697 2698 2699 2700 2701 2702 2703 2704 2705 2706 2707 2708 2709 2710 2711 2712 2713 2714 2715 2716 
23 2717 2718 2719 7 2720 2721 2722 2723 2724 2725 2726 2727 2728 2729 2730 2731 2732 2733 2734 2735 2736 2737 2738 
32 2739 2740 7 2741 2742 2743 2744 2745 2746 2747 2748 2749 2750 2751 2752 2753 2754 1621 2755 2756 2757 2758 2759 2760 2761 2762 2763 2764 2765 2766 2767 2768 
23 2769 7 2770 2086 2771 2772 2773 2774 2775 2776 2777 2778 2779 2780 2781 2782 2783 2784 2785 2714 2786 2787 2788 
26 2789 7 2790 2791 2792 2793 2794 2795 2796 2797 2798 2799 2800 2801 2802 2803 2804 2805 2806 2807 2808 2809 2810 2811 2812 2813 
23 2814 2815 7 2816 2817 2818 2819 2820 2821 2822 2823 2824 2825 2826 2827 2828 2829 2830 2831 2832 2833 2834 2835 
23 2836 2837 2838 7 2839 2840 2841 2842 2843 2844 2845 2846 2847 2848 2849 2850 2851 2852 1268 2853 2854 2855 2856 
30 2857 2858 2859 7 2860 2861 2862 2863 2864 2865 2866 2867 2868 2869 2870 2871 2872 2873 2874 2875 2876 2877 342 2878 2879 2880 2881 2882 2883 2884 
22 2885 2886 2887 2888 2889 7 2890 2891 2892 2893 2894 2895 2896 2897 2898 2899 2900 2901 2902 2903 2904 2905 
27 2906 2907 2908 2909 7 2910 2911 2912 2913 2914 2915 2916 2917 2918 2919 2920 2921 2922 2923 2924 2925 2926 2927 2928 2929 2930 2931 
18 2932 2933 2934 2935 7 2936 2937 2938 2939 2940 2941 2942 2943 2944 2945 2946 2947 2948 
19 2949 2950 7 2951 2952 2953 2954 2955 2956 2957 2958 2959 2960 2961 2962 2963 2964 2965 2966 
26 2967 2968 2969 7 2970 2971 794 2972 2973 2974 2975 2976 2977 2978 2979 2980 2981 2982 2983 2984 2985 2986 2987 2988 2989 2990 
29 2991 2992 2993 2994 2995 2996 2997 2998 8 2999 3000 3001 3002 3003 3004 3005 3006 3007 3008 3009 3010 3011 3012 3013 3014 3015 3016 3017 3018 
18 3019 3020 3021 8 3022 3023 3024 3025 3026 3027 3028 3029 375 3030 3031 3032 3033 3034 
19 3035 3036 3037 3038 8 3039 3040 3041 3042 3043 3044 3045 3046 3047 3048 3049 3050 3051 3052 
19 3053 3054 3055 3056 8 3057 3058 3059 3060 3061 3062 3063 3064 3065 3066 3067 3068 3069 3070 
24 3071 3072 3073 2143 8 3074 3075 3076 1759 3077 3078 3079 3080 3081 3082 3083 3084 3085 3086 3087 3088 3089 3090 3091 
20 3092 3093 3094 3095 3096 3097 3098 3099 3100 8 3101 3102 3103 3104 3105 3106 3107 3108 3109 3110 
19 3111 3112 3113 3114 3115 3116 3117 3118 3119 3120 8 3121 3122 3123 3124 3125 3126 3127 3128 
19 3129 3130 3131 3132 8 3133 3134 3135 3136 3137 3138 3139 3140 3141 3142 3143 3144 3145 3146 
21 3147 3148 3149 3150 8 3151 3152 3153 3154 3155 3156 3157 3158 3159 3160 3161 3162 3163 3164 3165 3166 
22 3167 3168 3169 3170 3171 3172 3173 8 3174 3175 3176 3177 3178 234 3179 3180 3181 3182 3183 3184 3185 3186 
25 3187 3188 3189 3190 3191 3192 3193 3194 8 3195 3196 3197 3198 3199 3200 3201 3202 3203 3204 3205 3206 3207 3208 3209 3210 
23 3211 3212 3213 3214 3215 3216 3217 3218 8 3219 326 3220 3221 3222 3223 3224 3225 3226 3227 3228 3229 3230 3231 
15 3232 3233 3234 8 3235 3236 3237 3238 3239 3240 3241 3242 3243 3244 3245 
16 3246 3247 3248 8 3249 3250 3251 3252 3253 3254 3255 3256 3257 3258 3259 3260 
24 3261 3262 3263 3264 3265 756 3266 3267 3268 3269 8 3270 3271 3272 3273 3274 3275 3276 3277 3278 3279 3280 3281 3282 
23 3283 3284 3285 1665 3286 3287 8 3288 3289 3290 3291 3292 3293 3294 3295 3296 3297 3298 3299 3300 3301 3302 3303 
21 3304 3305 3306 8 3307 3308 3309 3310 3311 3312 3313 3314 2166 3315 3316 3317 3318 3319 3320 3321 3322 
19 3323 3324 3325 3326 3327 3328 8 3329 3330 3331 3332 3333 3334 3335 3336 3337 3338 3339 3340 
31 3341 3342 3343 3344 3345 3346 3347 3348 3349 3350 3351 8 3352 3353 3354 3355 3356 3357 3358 3359 3360 3361 3362 3363 3364 3365 3366 3367 3368 3369 3370 
24 3371 3372 3373 3374 8 3375 3376 3377 3378 3379 3380 3381 3382 3383 3384 3385 3386 3387 3388 3389 3390 3391 3392 3393 
24 3394 3395 3396 3397 3398 3399 8 3400 3401 3402 3403 3404 3405 3406 3407 1379 3408 3409 3410 3411 3412 3413 3414 3415 
18 3416 3417 3418 3419 3420 8 3421 3422 3423 3424 3425 3426 3427 3428 3429 3430 3431 3432 
20 3433 3434 3435 3436 3437 8 1058 3438 3439 3440 3441 1296 3442 3443 3444 3445 3446 3447 3448 3449 
23 3450 3451 3452 3453 3454 3455 3456 3457 1394 9 3458 3459 3460 3461 3462 3463 3464 3465 3466 3467 3468 3469 3470 
22 3471 3472 3473 3474 3475 3476 3477 3420 9 1482 3478 250 3479 3480 3481 3482 3483 3484 3485 3486 3487 3488 
16 3489 1796 3490 9 3491 3492 3493 3494 3495 3496 3497 3498 3499 3500 3501 3502 
25 3503 3504 3505 3506 3507 3508 9 3509 3510 3511 3512 3513 3514 3515 3516 3517 3518 3519 3520 3521 3522 3523 3524 3525 3526 
16 3527 3528 3529 3530 9 3531 3532 3533 3534 3535 3536 3537 3538 3539 3540 3541 
18 3542 3543 3544 3545 2649 3546 3547 2202 3548 3549 3550 9 3551 3552 3553 3554 3555 3556 
23 3557 3558 3559 3560 3561 3562 3563 3564 3565 9 3566 3567 3568 3569 3025 3570 3571 3572 3573 3574 3575 3576 3577 
15 3578 3579 3580 3581 9 3582 3583 3584 3585 3586 3587 3588 3589 3590 3591 
21 3592 3020 3593 3594 3595 3596 3597 3598 9 3599 3600 3601 3602 3603 3604 3605 3606 3607 3608 3609 3610 
26 3611 3612 3613 3614 3615 9 3616 3617 3618 3619 3620 3621 3622 3623 3624 3625 3626 3627 3628 3629 3630 3631 3632 3633 3634 3635 
22 3636 3637 3638 3639 3640 3641 3642 3643 3644 3645 3646 9 3647 3648 3649 3650 3651 3652 3653 3654 3655 3656 
15 3657 3658 9 3659 3660 3661 3662 3663 3664 3665 3666 3667 3668 3669 3670 
18 3671 3672 3673 3674 3675 9 3676 3677 3678 3679 3680 3681 2527 3682 3683 3684 3685 3686 
23 3687 3688 3689 3690 3691 3692 3693 3694 9 3695 3696 3697 3698 3699 3700 3701 3702 3703 3704 3705 3706 3707 3708 
27 3709 105 3710 3711 3712 3713 3714 3715 3716 3717 3718 3719 3720 9 3721 3722 3723 3724 3725 3726 3727 3728 3729 3730 3731 3732 3733 
24 3734 3735 3736 3737 3738 3739 3740 3741 3742 3743 3744 3745 9 3746 3747 3748 3749 3750 3751 3752 3753 3754 3755 3756 
23 3757 3758 3759 3760 3761 3762 3763 3764 3765 3766 3767 3768 9 3769 3770 3771 3772 3773 3774 3775 3776 3777 3778 
19 3779 3780 3781 3782 3783 3784 3785 2744 3786 3787 9 3788 3789 3790 3791 3792 3793 3794 3795 
23 3796 1489 3797 3798 3613 3799 3800 3801 3802 3803 9 3804 3805 3806 3807 3808 3809 3810 3811 3812 3813 3814 3815 
16 3816 3817 3818 3819 3820 9 3821 3822 3823 3824 3825 3826 3827 3828 3829 3830 
15 3831 3832 3833 3834 3835 3836 3837 9 3838 3839 3840 3841 3842 3843 3844 
25 3845 3846 3847 3848 3849 3850 3851 3852 3853 3854 3855 3856 3857 3858 9 3859 3860 3861 3862 3863 3864 3865 3866 394 3867 
18 3868 3869 3870 3871 3872 9 3873 3400 3874 3875 3876 3877 3878 3879 3880 3881 3882 3883 
29 3884 3885 3886 3887 2518 3888 9 3889 3890 3891 3892 3893 3135 3894 3895 3896 3897 3898 3899 3900 3901 3902 3903 3904 3905 3906 3907 3908 3909 
27 3910 3911 3912 3913 3914 3915 207 3916 3917 3918 9 3919 3920 3921 3922 3923 3924 3925 3926 3927 3928 3929 3930 3931 3932 3933 3934 
19 3935 3936 3937 3938 3939 3940 3941 3942 9 3943 3944 3945 3946 3947 3948 3949 3950 3951 3952 
25 3953 3954 3955 3956 3957 3958 3959 3960 3961 9 3962 3963 3964 3965 3966 3967 3968 2135 3969 3970 3971 3972 3973 3974 3975 
20 3976 3977 3978 3979 3980 3981 10 3982 3983 3984 3985 3986 3987 3988 3989 3990 3991 3992 3993 3994 
18 3995 3996 3997 3998 3999 4000 4001 4002 2063 4003 4004 10 4005 4006 4007 4008 4009 4010 
15 4011 4012 4013 4014 4015 10 4016 4017 4018 4019 4020 4021 4022 4023 4024 
19 4025 4026 4027 4028 4029 4030 4031 10 4032 4033 4034 4035 4036 4037 4038 3777 4039 4040 4041 
20 4042 4043 4044 4045 4046 4047 4048 4049 4050 10 4051 4052 4053 4054 4055 4056 4057 4058 4059 4060 
13 4061 4062 4063 4064 4065 4066 10 4067 4068 4069 4070 4071 4072 
19 4073 4074 4075 4076 4077 3237 10 4078 4079 4080 4081 4082 4083 476 4084 4085 4086 198 4087 
25 4088 4089 4090 4091 4092 4093 4094 10 269 4095 4096 2728 4097 4098 4099 4100 4101 4102 4103 4104 4105 4106 4107 4108 4109 
18 4110 4111 4112 4113 4114 4115 4116 4117 4118 4119 10 4120 4121 4122 4123 4124 4125 4126 
23 4127 4128 4129 4130 4131 4132 4133 4134 4135 4136 10 4137 4138 4139 4140 4141 4142 4143 4144 4145 4146 4147 4148 
23 4149 4150 4151 4152 4153 4154 3455 4155 4156 3058 4157 10 4158 4159 4160 4161 4162 4163 4164 4165 4166 4167 4168 
21 4169 4170 4171 4172 4173 4174 4175 4176 4177 4178 4179 10 4180 4181 4182 4183 4184 4185 4186 4187 4188 
20 4189 4190 4191 4192 4193 4194 4195 4196 10 4197 4198 4199 4200 4201 4202 4203 4204 4205 4206 4207 
24 4208 4209 4210 4211 4212 4213 4214 4215 4216 4217 4218 4219 10 4220 4221 4222 4223 4224 4225 4226 4227 4228 4229 4230 
19 4231 4232 4233 4234 4235 4236 4237 10 4238 4239 4240 4241 4242 4243 4244 4245 4246 4247 4248 
23 4249 4250 4251 4252 4253 4254 1356 4255 4256 10 4257 4258 4259 4260 4261 4262 1322 4263 4264 4265 4266 4267 4268 
23 4269 4270 4271 4272 4273 4274 4275 4276 4277 4278 4279 4280 4281 10 4282 4283 4284 4285 4286 4287 4288 4289 4290 
23 4291 4292 4293 4294 4295 4296 4297 4298 4299 4300 4301 4302 4303 10 2068 4304 4305 4306 4307 2675 4308 4309 4310 
19 4311 2440 4312 4313 4314 4315 4316 4317 4318 11 4319 4320 4321 4322 4323 2620 4324 4325 1305 
32 3758 4326 4327 4328 4329 4330 4331 4332 4333 4334 4335 4336 11 4337 4338 4339 4340 4341 4342 4343 4344 4345 4346 4347 4348 4349 2645 392 4350 4351 4352 4353 
11 4354 4355 4356 4357 4358 4359 11 4360 4361 4362 4363 
22 4364 4365 4366 4367 4368 4369 3455 4316 4370 4371 4372 11 4373 4374 4375 1319 4376 4377 4378 4379 4380 4381 
16 4382 4383 4384 4385 4386 11 4387 4388 4389 4390 608 4391 4392 4393 4394 4395 
7 3371 4396 4397 4398 4399 4400 11 
2 11 2557 
2 2996 11 
1 11 
2 11 21 
3 755 1647 11 
1 11 
4 770 11 867 236 
1 11 
2 11 467 
2 160 11 
1 11 
4 1631 231 11 2215 
2 1025 11 
1 11 
2 11 2325 
2 1206 11 
4 4028 11 3705 593 
2 2289 12 
1 12 
2 1466 12 
4 2012 4371 12 1523 
1 12 
2 2009 12 
2 447 12 
1 12 
4 175 12 4375 3315 
1 12 
3 2238 12 2508 
2 12 4041 
1 12 
2 909 12 
1 12 
2 12 1421 
1 12 
2 2819 12 
3 2039 3505 12 
2 12 1458 
5 88 112 12 2194 3526 
2 13 2802 
3 2378 605 13 
1 13 
1 13 
3 3891 13 1790 
1 13 
2 208 13 
2 13 2552 
3 13 1126 1765 
1 13 
2 2773 13 
1 13 
2 4386 13 
2 13 3068 
2 440 13 
2 3434 14 
2 440 14 
1 14 
2 992 14 
1 14 
2 14 3204 
3 855 14 2281 
1 14 
1 14 
2 14 3989 
1 14 
1 14 
2 14 897 
3 14 2853 500 
3 14 3496 1959 
2 4154 14 
1 14 
1 14 
1 14 
1 15 
2 15 658 
2 604 15 
1 15 
3 511 15 2559 
3 527 4074 15 
2 3433 15 
2 15 1768 
1 15 
2 15 2345 
3 2744 2917 15 
1 15 
2 15 2326 
2 461 15 
3 2814 568 15 
3 1190 15 410 
2 15 2346 
3 4136 3427 15 
1 15 
1 15 
2 16 1793 
2 3914 16 
2 16 565 
2 3038 16 
1 16 
1 16 
1 16 
1 16 
2 16 3968 
2 16 162 
1 16 
1 16 
2 16 1232 
2 16 2072 
4 2997 110 16 482 
3 16 3025 3045 
1 16 
1 16 
3 2912 16 2944 
6 2968 2404 3351 3310 16 2072 
3 4220 16 3335 
3 1409 1699 16 
3 3848 16 1588 
3 1902 2243 16 
1 16 
3 540 16 145 
2 16 4072 
2 603 16 
1 16 
2 1761 17 
1 17 
2 1189 17 
1 17 
2 2890 17 
2 3621 17 
2 17 2474 
2 2891 17 
3 17 3683 2580 
3 2448 17 2990 
3 1441 17 3339 
2 2516 17 
1 17 
3 3170 669 17 
2 17 520 
2 2971 17 
3 3723 17 1958 
1 17 
1 18 
2 3159 18 
1 18 
1 18 
4 4211 18 3296 1181 
2 2967 18 
2 856 18 
2 1360 18 
2 732 18 
3 3695 18 3518 
3 2389 18 2851 
3 152 18 99 
1 18 
3 1748 18 3670 
1 18 
2 19 1022 
1 19 
2 4080 19 
2 1771 19 
2 916 19 
4 2401 1330 19 1564 
1 19 
1 19 
2 3405 19 
1 19 
4 3193 3479 19 1302 
2 3149 19 
2 1540 19 
2 220 19 
3 19 1162 702 
5 2478 3987 19 195 2985 
2 2709 19 
2 4368 19 
1 20 
1 20 
2 2107 20 
1 20 
1 20 
1 20 
1 20 
2 4321 20 
1 20 
1 20 
3 4139 20 4036 
3 2211 3122 20 
2 1893 20 
3 2149 312 20 
5 4208 2141 1590 20 3931 
3 825 1637 20 
1 20 
2 2871 20 
1 20 
1 20 
1 20 
1 20 
1 20 
1 20 
2 675 20 
1 20 
2 21 2881 
2 2706 21 
1 21 
2 1444 21 
2 879 21 
2 3278 21 
1 21 
1 21 
1 21 
3 1887 2244 21 
1 21 
2 21 3794 
2 3306 21 
3 3509 3221 21 
1 21 
1 22 
1 22 
3 279 22 277 
1 22 
2 2238 22 
1 22 
1 22 
2 505 22 
2 3354 22 
3 2857 248 22 
3 1237 836 22 
1 22 
3 892 22 1578 
2 588 22 
1 22 
3 2403 3424 22 
1 22 
1 22 
3 3767 3825 22 
2 2575 22 
1 23 
2 23 57 
1 23 
2 310 23 
2 665 23 
1 23 
2 2604 23 
1 23 
3 35 23 2152 
5 3853 233 4104 23 2855 
4 3797 30 1892 23 
2 2901 23 
1 23 
1 23 
3 3877 4261 23 
2 1685 23 
1 23 
1 23 
3 207 23 724 
2 3438 23 
1 23 
3 1340 23 2878 
2 2626 23 
2 1908 23 
2 331 23 
1 23 
1 23 
1 24 
3 3546 780 24 
3 3715 51 24 
1 24 
2 760 24 
2 767 24 
1 24 
1 24 
1 24 
2 4193 24 
1 24 
2 3498 24 
1 24 
3 1778 3367 24 
2 1881 24 
2 291 24 
1 24 
1 24 
2 4002 25 
1 25 
4 858 445 1385 25 
3 2085 2383 25 
1 25 
1 25 
1 25 
3 820 25 2966 
2 301 25 
3 881 2632 25 
2 1164 25 
3 1973 1076 25 
1 25 
2 3649 25 
1 25 
1 25 
2 3521 25 
3 3675 360 25 
3 1354 1503 25 
3 2081 1906 25 
1 25 
1 25 
2 4167 25 
1 26 
3 901 26 302 
1 26 
1 26 
2 26 3882 
1 26 
1 26 
2 26 753 
1 26 
3 3636 26 4090 
1 26 
1 26 
3 26 4317 2785 
2 26 2777 
2 27 342 
1 27 
2 27 3625 
2 27 3598 
2 2860 27 
2 2564 27 
3 776 27 3536 
2 2388 27 
1 27 
2 27 3415 
3 27 1222 726 
1 27 
4 27 3178 4055 2540 
1 28 
1 28 
1 28 
2 28 2071 
2 28 2979 
1 28 
1 28 
1 28 
2 3849 28 
4 3689 28 1689 4033 
1 28 
2 28 3536 
3 319 28 2165 
2 28 4101 
2 4130 28 
4 29 1380 311 3685 
2 29 3844 
2 3848 29 
1 29 
1 29 
2 29 870 
2 3216 29 
2 29 93 
2 29 3604 
2 3095 29 
1 29 
1 29 
2 29 2454 
1 29 
3 29 1369 3033 
2 29 1650 
1 29 
2 588 29 
1 29 
2 29 2509 
3 30 451 585 
1 30 
1 30 
1 30 
3 4110 30 4362 
2 30 241 
2 30 1228 
1 31 
1 31 
2 2461 31 
2 2843 31 
2 134 31 
1 31 
3 1605 31 3892 
3 31 3571 1117 
2 31 344 
3 299 31 2418 
2 264 31 
1 31 
2 1213 31 
4 223 2651 31 1539 
1 31 
1 31 
5 3095 4090 31 2049 2002 
1 31 
1 31 
1 31 
1 31 
3 31 629 3431 
3 3219 32 2828 
2 4212 32 
3 32 1950 2733 
1 32 
1 32 
2 1479 32 
1 32 
3 32 2105 3461 
1 32 
1 32 
2 32 2801 
3 32 2920 1001 
2 32 616 
1 32 
2 4277 32 
3 2628 32 949 
2 3799 32 
1 32 
1 32 
1 32 
1 32 
1 32 
2 1055 32 
1 32 
2 32 2669 
1 32 
1 32 
1 33 
4 3619 33 3177 3012 
1 33 
1 33 
3 129 3116 33 
2 33 893 
3 33 3698 4022 
2 33 2073 
2 3417 33 
2 33 1270 
2 881 33 
1 33 
1 33 
2 1424 33 
2 298 33 
2 3798 33 
1 33 
4 3583 4238 33 983 
2 33 3083 
1 33 
2 691 34 
3 462 1943 34 
1 34 
1 34 
2 34 1508 
3 34 359 1299 
1 34 
1 34 
1 34 
1 34 
2 3433 34 
5 2571 34 2021 421 124 
1 34 
1 34 
3 4134 34 1769 
4 3153 34 2509 753 
2 34 2735 
1 34 
1 34 
1 34 
3 34 1864 3124 
1 34 
1 35 
3 3271 35 3481 
2 35 2709 
1 35 
1 35 
3 664 35 787 
1 35 
1 35 
2 35 1562 
1 35 
1 35 
1 35 
2 1989 35 
2 2789 35 
3 1903 35 4165 
2 3147 35 
2 35 393 
2 2016 35 
2 4135 35 
2 2311 35 
1 35 
2 35 3028 
2 3943 35 
1 36 
2 3345 36 
1 36 
1 36 
2 36 4340 
3 3307 1416 36 
1 36 
3 1069 3645 36 
3 1060 36 3895 
2 36 1925 
2 2283 36 
2 2015 36 
1 36 
1 36 
1 36 
2 36 476 
1 36 
2 36 550 
1 36 
2 2614 37 
2 1194 37 
1 37 
2 37 3301 
3 1947 372 37 
1 37 
2 2126 37 
2 1653 37 
1 37 
2 37 2274 
1 37 
2 4112 37 
1 37 
1 37 
2 37 1020 
2 3558 37 
1 37 
2 37 3484 
2 2886 37 
2 1967 37 
1 37 
2 1015 37 
2 37 2307 
1 37 
1 37 
6 2285 1480 37 4388 679 533 
1 38 
3 3596 229 38 
2 38 165 
1 38 
1 38 
2 1015 38 
3 489 1395 38 
3 1856 2269 38 
2 3351 38 
3 3421 839 38 
1 38 
1 38 
1 38 
2 490 38 
2 38 2436 
2 4042 38 
2 231 39 
1 39 
1 39 
1 39 
1 39 
4 1073 39 943 4060 
2 546 39 
2 39 3924 
2 880 39 
1 39 
3 486 3273 39 
3 3846 2142 39 
3 39 3928 3755 
2 2317 39 
1 39 
1 39 
1 39 
2 691 39 
1 39 
1 39 
2 1244 39 
2 39 1564 
3 3694 3661 40 
1 40 
3 40 3606 150 
2 2262 40 
2 3839 40 
1 40 
1 40 
1 40 
2 3253 40 
2 40 2831 
1 40 
2 40 1676 
1 40 
1 40 
1 40 
1 40 
1 40 
1 40 
2 3937 40 
2 41 3827 
2 4201 41 
2 41 3991 
1 41 
1 41 
1 41 
3 990 1708 41 
1 41 
1 41 
4 510 2184 41 1268 
2 1597 41 
3 881 3176 41 
3 1646 41 4188 
1 41 
4 1987 3616 412 41 
1 41 
2 41 3069 
3 1904 41 1899 
2 3594 41 
1 41 
1 41 
1 42 
1 42 
3 3054 3620 42 
1 42 
2 448 42 
2 2523 42 
1 42 
3 2153 763 42 
1 42 
1 42 
4 1702 2687 4361 42 
2 3277 42 
1 42 
1 42 
1 42 
2 2761 42 
2 3309 42 
1 42 
2 4288 42 
3 3147 2347 42 
1 42 
1 43 
3 43 2942 4168 
2 43 284 
3 43 2224 370 
1 43 
3 505 43 76 
1 43 
2 43 3500 
1 43 
2 43 1291 
3 43 891 2135 
2 43 3744 
1 43 
1 43 
3 43 2104 231 
2 43 1755 
2 43 3824 
2 43 573 
2 43 4211 
1 44 
1 44 
1 44 
1 44 
1 44 
1 44 
1 44 
3 427 44 2583 
2 44 778 
4 44 512 822 654 
2 2336 44 
2 44 1265 
1 44 
1 44 
1 44 
1 44 
1 44 
2 44 1732 
1 44 
4 44 1946 863 1671 
2 44 450 
2 44 649 
1 44 
2 2354 44 
1 44 
3 44 3617 290 
3 1428 44 2193 
3 44 4280 3770 
1 44 
4 527 3559 45 89 
2 45 3375 
1 45 
1 45 
3 4011 45 2297 
1 45 
1 45 
2 45 1676 
6 1933 45 2727 2685 255 1730 
2 45 1170 
4 3735 2178 45 3972 
1 45 
3 45 3946 4060 
1 45 
2 45 1218 
3 3690 383 45 
1 45 
1 45 
1 45 
2 45 2866 
2 45 2054 
1 45 
1 45 
1 45 
1 45 
2 2995 45 
1 45 
3 46 4038 2930 
1 46 
3 1771 46 1967 
1 46 
1 46 
1 46 
1 46 
1 46 
3 4251 2479 46 
3 46 1467 1905 
1 46 
2 46 1499 
1 46 
3 46 2722 1861 
2 46 4161 
3 775 46 1713 
2 46 4379 
2 46 4256 
2 46 3002 
1 46 
1 46 
3 46 2590 632 
2 46 3337 
4 1771 47 1540 3202 
3 3399 47 3245 
1 47 
1 47 
2 47 4015 
3 3710 47 3368 
1 47 
1 47 
2 47 4137 
1 47 
1 47 
2 47 2055 
3 2742 2263 47 
1 47 
1 47 
1 47 
5 3111 47 3964 2301 1679 
2 47 2368 
3 2744 47 2884 
2 2493 47 
1 47 
2 1356 47 
1 48 
2 2353 48 
1 48 
1 48 
1 48 
1 48 
3 48 3314 2115 
1 48 
2 48 1657 
2 48 3521 
2 48 661 
3 1480 48 3228 
2 48 2419 
2 48 3050 
2 48 3880 
1 48 
1 48 
2 817 49 
3 1159 49 2486 
2 281 49 
1 49 
4 2743 2798 49 2469 
2 2501 49 
2 3189 49 
1 49 
3 2420 2181 49 
1 49 
1 49 
2 628 49 
1 49 
1 49 
2 3911 49 
1 50 
1 50 
1 50 
2 3491 50 
1 50 
1 50 
2 50 2220 
1 50 
1 50 
1 50 
3 759 50 749 
2 1581 50 
3 4369 2529 50 
3 3371 3782 50 
1 50 
4 1426 2681 742 50 
2 2122 50 
2 379 50 
1 51 
1 51 
4 2038 51 237 100 
2 1943 51 
1 51 
1 51 
2 1490 51 
1 51 
1 51 
2 2545 51 
2 51 2760 
2 4118 51 
2 51 1715 
1 51 
1 51 
2 4016 51 
2 51 3991 
3 4250 1062 51 
2 51 1510 
1 51 
1 51 
3 4212 1875 52 
2 52 3729 
1 52 
1 52 
3 3060 52 1509 
2 3921 52 
3 2261 1505 52 
1 52 
2 2592 52 
1 52 
2 52 4143 
2 52 639 
1 52 
1 52 
3 2849 52 173 
1 52 
2 717 52 
2 52 1657 
2 52 1040 
1 52 
1 52 
1 52 
1 53 
2 1432 53 
3 2485 53 4041 
3 716 3723 53 
1 53 
3 2216 2248 53 
2 3304 53 
2 775 53 
4 4098 4083 1178 53 
2 3651 53 
3 1985 514 53 
2 4154 53 
1 54 
2 2664 54 
2 2920 54 
1 54 
1 54 
1 54 
3 2721 54 1229 
1 54 
2 54 1897 
2 54 2608 
1 54 
1 54 
3 3212 3296 54 
2 2258 54 
3 2424 1694 55 
1 55 
1 55 
1 55 
2 1141 55 
3 1445 3552 55 
2 55 3470 
4 2285 3474 73 55 
2 3935 55 
2 55 1232 
3 4019 55 3085 
1 55 
4 2400 1618 2048 55 
1 55 
2 2750 55 
2 55 3633 
3 55 3030 2988 
1 55 
1 55 
1 55 
2 55 1811 
2 3218 55 
1 55 
1 55 
1 55 
3 602 3658 55 
3 2065 2658 55 
1 56 
1 56 
2 3783 56 
2 3817 56 
3 2696 4114 56 
2 2595 56 
1 56 
3 1496 271 56 
2 56 3317 
2 3240 56 
4 3897 3653 1210 56 
2 56 4351 
1 56 
2 2074 56 
1 57 
1 57 
1 57 
1 57 
1 57 
1 57 
2 57 4060 
3 2665 2270 57 
3 1096 57 1981 
1 57 
1 57 
1 57 
3 2090 3243 57 
1 57 
1 57 
2 4122 57 
2 4345 58 
2 2745 58 
4 1834 3294 58 3974 
3 2659 58 2929 
2 108 58 
1 58 
2 1158 58 
3 2514 3123 58 
1 58 
3 3233 1155 58 
4 991 3913 4182 58 
3 2772 3122 58 
1 58 
2 58 393 
1 58 
4 3735 513 4387 58 
1 58 
1 58 
2 59 3033 
3 3179 3480 59 
1 59 
2 910 59 
4 2618 3042 2640 59 
1 59 
2 2829 59 
1 59 
2 3716 59 
1 59 
1 59 
3 1074 1660 59 
1 59 
2 2886 59 
3 368 1338 59 
3 3098 1193 59 
1 59 
1 59 
2 2039 59 
1 59 
1 60 
1 60 
2 348 60 
3 4098 312 60 
1 60 
3 2420 1936 60 
4 3094 1554 1182 60 
3 729 3192 60 
1 60 
1 60 
1 60 
3 1533 3825 60 
2 1409 60 
1 61 
1 61 
1 61 
3 4065 61 1681 
1 61 
1 61 
4 3416 1295 240 61 
2 3325 61 
2 4110 61 
2 2932 61 
4 3455 1129 61 3708 
2 3910 61 
1 61 
4 62 2697 607 3811 
3 2584 62 3028 
1 62 
3 62 2745 4185 
1 62 
2 62 915 
2 62 3697 
1 62 
3 62 1505 1849 
3 62 3064 550 
2 62 2376 
2 62 2723 
2 62 3882 
1 62 
1 62 
3 62 2413 594 
2 62 1084 
3 62 3262 3501 
1 62 
5 83 62 1101 329 3697 
1 62 
2 62 3214 
4 63 3347 3729 2583 
1 63 
2 63 448 
1 63 
2 63 2681 
1 63 
1 63 
3 63 2802 4381 
1 63 
2 63 790 
2 63 2385 
1 63 
1 63 
1 63 
1 63 
1 63 
1 63 
1 63 
1 63 
1 63 
2 63 2037 
2 63 3431 
1 64 
1 64 
1 64 
1 64 
1 64 
1 64 
1 64 
1 64 
2 64 883 
1 64 
1 64 
4 2490 64 820 144 
1 64 
2 64 653 
1 65 
2 65 2463 
1 65 
1 65 
1 65 
4 65 2743 1631 3532 
1 65 
1 65 
1 65 
2 65 4384 
1 65 
4 65 1311 2652 2487 
3 65 3765 4040 
1 66 
1 66 
1 66 
1 66 
2 1813 66 
2 66 87 
1 66 
4 66 862 1636 4361 
3 66 4034 3365 
1 66 
1 66 
2 66 1206 
3 66 4029 173 
1 66 
1 66 
3 66 669 3682 
2 66 2495 
2 66 3946 
3 66 3360 389 
3 2967 66 3347 
1 66 
2 219 66 
1 66 
2 67 2451 
4 1408 67 2914 3648 
3 67 2848 3541 
1 67 
2 67 1282 
1 67 
1 67 
4 67 2066 3994 3907 
1 67 
1 67 
5 3936 67 2775 4362 4070 
1 67 
2 222 67 
1 67 
2 67 2135 
5 67 2970 4331 216 2398 
2 67 3684 
1 67 
4 67 2239 2522 3906 
1 68 
2 68 1622 
1 68 
1 68 
3 68 2745 384 
2 1424 68 
1 68 
1 68 
3 68 2199 3921 
1 68 
2 68 2179 
2 68 2774 
3 68 2697 1181 
3 68 3564 4068 
2 68 479 
1 68 
1 68 
2 105 68 
1 68 
1 68 
1 68 
2 2627 69 
2 69 3104 
3 3783 69 3258 
2 69 4145 
2 69 3714 
1 69 
1 69 
2 69 521 
2 1566 69 
4 69 1502 216 972 
4 3477 69 3250 3776 
1 69 
1 69 
2 69 371 
1 69 
2 69 4332 
2 69 3506 
1 69 
1 69 
2 69 3582 
1 69 
2 69 2962 
2 69 582 
2 2935 70 
2 70 1384 
1 70 
1 70 
1 70 
3 4382 70 1592 
3 70 3374 2423 
1 70 
2 70 2813 
2 70 171 
3 568 70 3140 
1 70 
3 70 4117 1468 
1 70 
2 1371 70 
2 505 70 
4 3286 70 1570 2191 
1 70 
3 70 4248 3525 
1 71 
1 71 
2 71 1715 
2 3456 71 
3 4075 71 3652 
4 174 2865 71 2184 
4 1857 71 760 2619 
4 2286 71 4247 1792 
1 71 
2 3557 71 
1 71 
2 71 4227 
1 71 
1 71 
1 71 
3 2120 71 2947 
2 2118 71 
1 71 
1 71 
2 1308 72 
5 1474 72 76 338 1199 
2 128 72 
2 72 1765 
1 72 
1 72 
1 72 
3 2040 72 1445 
3 3117 714 72 
2 2359 72 
3 72 3276 4147 
2 72 3078 
1 72 
5 2942 72 257 2536 1932 
1 72 
3 3642 73 3823 
3 1331 73 657 
2 4112 73 
2 73 1020 
1 73 
4 4111 3529 73 898 
2 73 2367 
1 73 
1 73 
4 1067 73 3241 2645 
1 73 
3 3856 73 4105 
1 73 
2 73 1845 
2 4192 73 
1 74 
2 74 1806 
1 74 
2 74 356 
1 74 
1 74 
2 426 74 
3 1097 1415 74 
2 3118 74 
1 74 
1 74 
2 3000 74 
2 74 4227 
1 74 
2 74 4224 
1 74 
1 74 
1 74 
3 2750 74 1602 
2 74 4058 
3 4158 74 261 
2 74 4265 
3 2409 2940 75 
4 3739 75 1909 3670 
2 1482 75 
1 75 
2 2292 75 
1 75 
3 244 4217 75 
2 937 75 
3 1382 75 2510 
1 75 
3 75 2579 4122 
3 1941 75 3728 
2 3744 75 
1 75 
2 1409 76 
1 76 
1 76 
3 3987 76 2304 
1 76 
2 622 76 
3 76 984 753 
1 76 
4 3283 175 1462 76 
1 76 
1 76 
2 76 2370 
2 76 4378 
3 1843 76 1982 
2 76 1576 
2 192 77 
4 1029 2534 77 3144 
1 77 
1 77 
1 77 
3 2139 77 3729 
2 4139 77 
2 1126 77 
1 77 
1 77 
3 1987 939 77 
1 77 
2 3304 77 
3 1356 77 3541 
4 1572 77 521 3083 
1 77 
3 1050 1221 77 
2 2614 77 
1 77 
3 668 77 2281 
2 1048 77 
4 3188 1699 77 1041 
1 78 
3 4239 78 3975 
3 2828 78 2674 
2 2076 78 
1 78 
1 78 
1 78 
1 78 
1 78 
3 3305 4045 78 
1 78 
1 78 
2 245 78 
4 1696 2410 78 3755 
2 4193 78 
2 3463 78 
1 78 
2 78 1560 
1 79 
1 79 
2 3081 79 
1 79 
3 3690 79 1198 
5 2614 2298 3366 3122 79 
2 1588 79 
2 79 1930 
3 4303 1652 79 
1 79 
2 608 79 
3 951 391 79 
1 79 
1 79 
2 79 2540 
2 79 2454 
1 79 
2 3570 79 
2 3417 79 
1 80 
2 1582 80 
1 80 
1 80 
1 80 
1 80 
2 1193 80 
1 80 
4 3136 80 2766 2474 
2 1600 80 
2 80 2813 
1 80 
2 80 1528 
1 80 
2 694 80 
1 80 
3 384 80 791 
1 81 
2 1355 81 
2 1724 81 
1 81 
1 81 
3 1777 1386 81 
5 3417 2361 2505 2671 81 
2 1503 81 
3 3766 2041 81 
2 3737 81 
1 81 
2 81 1488 
1 81 
2 450 81 
1 81 
1 82 
3 1016 3412 82 
3 1549 3686 82 
1 82 
1 82 
1 82 
2 3507 82 
3 4212 2532 82 
4 2154 1535 339 82 
1 82 
2 411 82 
1 82 
2 1375 82 
1 82 
3 3354 2332 82 
1 82 
1 82 
2 821 82 
1 82 
2 2281 82 
3 1893 1557 82 
3 1776 1782 82 
2 1456 82 
1 83 
2 83 3178 
2 83 601 
1 83 
3 83 4342 2395 
1 83 
1 83 
1 83 
2 83 2612 
4 83 2287 2786 3951 
1 83 
1 83 
1 83 
1 83 
1 83 
2 83 1104 
3 83 1854 3665 
2 83 2553 
3 83 2846 140 
3 83 1327 4380 
1 83 
1 84 
1 84 
1 84 
1 84 
2 84 2276 
1 84 
1 84 
3 84 1276 236 
1 84 
1 84 
1 84 
1 84 
5 84 1291 2219 2169 2761 
2 84 412 
3 84 2165 2554 
2 84 3235 
2 84 1924 
2 84 2217 
1 84 
1 85 
1 85 
3 85 3562 1902 
3 85 4136 823 
2 85 229 
2 85 3504 
2 85 2379 
2 85 583 
2 85 3863 
2 85 1537 
4 85 735 2114 2674 
1 85 
3 85 3266 2510 
2 85 3201 
3 85 981 1061 
1 85 
3 85 1821 4038 
2 85 1178 
2 85 1698 
1 85 
1 86 
2 86 3466 
2 86 166 
1 86 
1 86 
2 86 2234 
1 86 
1 86 
2 86 891 
1 86 
1 86 
1 86 
2 86 3670 
3 86 908 803 
1 86 
1 86 
2 86 967 
1 86 
2 86 1203 
1 87 
1 87 
3 3453 87 3326 
3 87 2727 473 
1 87 
2 87 4395 
1 87 
5 87 4302 562 2689 3322 
1 87 
2 87 3501 
2 87 3149 
1 87 
3 1092 87 3904 
2 87 2821 
2 88 1524 
1 88 
2 88 1661 
4 88 3803 338 1510 
2 88 2931 
3 3816 3688 88 
2 88 842 
2 88 2427 
2 88 2590 
3 88 4176 2638 
2 2991 88 
2 88 2080 
2 88 817 
2 88 1726 
1 88 
2 88 4003 
1 88 
3 88 943 3902 
1 88 
3 1391 88 1035 
2 88 3607 
2 3073 88 
2 88 4117 
1 89 
1 89 
1 89 
1 89 
4 89 3358 3926 4058 
3 2969 1567 89 
1 89 
3 132 89 1709 
1 89 
2 89 2656 
1 89 
2 909 89 
1 89 
3 89 889 3730 
1 89 
1 89 
1 89 
1 89 
2 89 2528 
3 3349 89 3535 
1 89 
1 90 
1 90 
2 90 4248 
2 90 3696 
1 90 
2 90 2280 
1 90 
2 90 1861 
2 90 377 
1 90 
1 90 
2 2391 90 
2 90 94 
2 90 3824 
2 90 2848 
2 90 868 
2 90 2966 
1 90 
2 90 3387 
3 1771 155 90 
1 90 
2 346 90 
1 90 
1 90 
3 2010 3766 90 
3 1411 90 271 
1 90 
2 4386 90 
3 304 90 2576 
3 3561 90 678 
1 90 
5 951 930 382 91 1759 
3 3287 91 2399 
1 91 
2 91 3274 
2 91 3928 
3 91 3842 1601 
3 91 1570 3186 
2 91 498 
3 91 3365 2511 
1 91 
1 91 
3 91 2090 1601 
2 91 3945 
2 3940 91 
1 91 
1 91 
2 91 3521 
1 91 
1 91 
2 267 91 
1 91 
3 91 1396 2716 
3 317 3192 91 
2 91 2299 
3 3436 91 3517 
3 176 92 2330 
2 3328 92 
1 92 
2 2103 92 
1 92 
2 92 3336 
1 92 
1 92 
1 92 
1 92 
3 1439 92 3364 
1 92 
1 92 
1 92 
1 92 
2 92 1112 
1 92 
2 1288 93 
1 93 
1 93 
1 93 
1 93 
2 93 2813 
1 93 
1 93 
4 105 93 2732 1659 
2 3835 93 
1 93 
1 93 
1 93 
1 93 
1 93 
1 93 
3 93 1953 2029 
2 93 3948 
2 93 3975 
1 93 
1 93 
2 1151 94 
2 2631 94 
1 94 
1 94 
1 94 
2 94 4082 
1 94 
1 94 
2 4026 94 
2 94 1487 
1 94 
2 94 1436 
1 94 
2 94 3385 
2 4199 94 
2 1221 94 
3 94 3015 2560 
4 4291 1991 95 2554 
1 95 
1 95 
2 1619 95 
1 95 
2 761 95 
2 1395 95 
3 3422 95 2622 
1 95 
1 95 
4 1747 941 95 3772 
2 4274 95 
1 95 
2 95 684 
1 95 
1 95 
1 95 
1 95 
1 95 
2 2815 96 
2 4253 96 
2 96 2000 
2 96 2810 
2 2110 96 
4 1044 3953 96 2812 
1 96 
1 96 
1 96 
1 96 
1 96 
3 4149 96 499 
1 96 
1 96 
1 96 
1 97 
3 3325 3121 97 
3 432 3198 97 
1 97 
2 2686 97 
2 3148 97 
1 97 
3 2393 468 97 
3 409 97 1600 
1 97 
1 97 
1 97 
2 1086 97 
1 97 
2 97 828 
1 98 
1 98 
4 1645 98 340 3906 
4 3821 700 3921 98 
4 2584 2655 828 98 
2 937 98 
2 522 98 
2 2697 98 
2 481 98 
2 1461 98 
1 98 
1 98 
1 98 
1 98 
2 2614 98 
1 99 
1 99 
1 99 
1 99 
1 99 
1 99 
1 99 
2 4382 99 
1 99 
3 2615 99 1640 
2 718 99 
1 99 
1 99 
3 135 4178 99 
4 2405 4276 99 2989 
2 1536 99 
2 99 2985 
3 3382 1421 99 
2 909 100 
2 2800 100 
1 100 
2 1192 100 
2 2837 100 
1 100 
1 100 
1 100 
3 1471 100 2439 
1 100 
3 665 1026 100 
1 100 
2 3749 100 
2 891 100 
3 732 3959 100 
3 3099 100 2557 
1 100 
2 619 100 
1 100 
1 100 
3 1829 100 3814 
2 100 4008 
1 100 
2 3259 100 
1 100 
2 100 362 
2 292 100 
2 3104 100 
3 3168 3421 101 
1 101 
2 3404 101 
2 3298 101 
1 101 
2 3937 101 
3 930 747 101 
1 101 
3 1996 2676 101 
2 4201 101 
1 101 
1 101 
2 514 101 
2 2704 101 
1 101 
2 3258 101 
1 101 
1 101 
1 101 
2 4338 101 
2 1141 101 
3 1487 101 3393 
1 101 
1 102 
2 1076 102 
2 2627 102 
5 1499 3358 3826 825 102 
1 102 
2 698 102 
1 102 
4 1851 4315 4084 102 
1 102 
3 3324 3971 102 
1 102 
1 102 
3 1969 3084 102 
1 102 
1 102 
2 2010 102 
3 1872 3520 102 
1 102 
2 611 102 
2 2305 102 
1 102 
1 102 
1 103 
1 103 
1 103 
2 247 103 
3 1764 1999 103 
1 103 
4 3129 245 3313 103 
2 2828 103 
1 103 
3 2532 720 103 
2 703 103 
2 4295 103 
1 103 
2 2436 103 
2 2246 103 
3 675 2147 103 
1 103 
2 3161 103 
1 103 
2 2809 103 
2 133 103 
2 2059 103 
2 3423 103 
4 3543 3826 1829 103 
1 103 
3 2040 3803 103 
1 104 
2 104 3062 
1 104 
1 104 
2 104 4230 
3 104 2186 1255 
3 1025 104 4143 
4 104 2976 260 1185 
4 104 1415 2329 2031 
4 104 3506 2669 1573 
2 104 4110 
2 104 4374 
1 104 
2 104 4105 
1 104 
1 104 
3 104 4129 1104 
2 104 611 
2 104 2428 
1 104 
2 104 3654 
1 104 
2 104 921 
3 104 3111 962 
1 104 
2 104 113 
1 104 
2 104 2027 
2 104 2961 
1 104 
3 105 2751 2089 
2 105 202 
1 105 
2 105 1118 
2 105 1314 
1 105 
2 105 218 
1 105 
1 105 
2 105 556 
4 105 330 336 2562 
2 105 651 
2 105 1132 
2 105 4277 
2 105 1514 
1 105 
1 105 
3 105 3351 3340 
3 105 1707 3771 
3 106 2105 522 
2 106 2452 
1 106 
3 3886 106 3087 
3 106 506 3601 
2 106 141 
1 106 
1 106 
2 106 2062 
4 106 1782 3163 1145 
1 106 
1 106 
1 106 
1 106 
1 106 
1 106 
1 106 
1 106 
2 107 3701 
1 107 
2 3578 107 
1 107 
2 107 1799 
2 107 867 
3 2081 107 624 
1 107 
2 399 107 
1 107 
1 107 
3 107 1874 4034 
1 107 
1 107 
2 107 4050 
2 107 1653 
2 107 979 
2 107 3800 
2 107 3144 
2 108 1405 
1 108 
2 108 1404 
1 108 
4 108 2155 3898 1021 
1 108 
2 108 2267 
1 108 
2 108 734 
2 108 2960 
1 108 
1 108 
2 108 3258 
1 108 
2 108 3987 
1 108 
1 108 
4 108 863 1321 200 
1 108 
2 108 2380 
1 109 
2 1494 109 
1 109 
3 109 2186 411 
3 109 2721 781 
2 155 109 
2 109 2409 
1 109 
1 109 
2 109 2021 
3 3976 109 3236 
2 109 410 
2 109 3728 
2 109 4105 
3 109 466 2716 
2 110 839 
2 110 1588 
2 2122 110 
1 110 
1 110 
1 110 
1 110 
1 110 
3 110 3702 2562 
1 110 
1 110 
1 110 
3 110 1638 565 
3 4073 110 167 
1 110 
1 110 
2 110 1636 
1 110 
1 110 
2 2601 110 
2 110 2774 
1 111 
1 111 
1 111 
2 111 2872 
2 911 111 
5 4195 136 111 4335 1336 
2 111 3501 
3 2914 111 998 
1 111 
1 111 
3 1394 111 820 
1 111 
4 2037 2141 111 2303 
2 111 2226 
2 4386 111 
1 111 
1 111 
3 111 2532 1386 
1 111 
2 111 898 
4 2629 111 3016 262 
2 111 3694 
2 112 3196 
1 112 
1 112 
2 112 1334 
1 112 
1 112 
3 179 112 2986 
2 3396 112 
2 112 2793 
1 112 
2 3819 112 
2 2315 112 
1 112 
1 112 
1 112 
2 112 408 
1 112 
1 112 
2 112 4380 
5 3416 112 236 2348 4350 
2 1071 112 
2 112 1641 
1 112 
2 112 1636 
6 3914 1011 112 2869 2902 2963 
2 112 3628 
1 113 
1 113 
2 856 113 
1 113 
2 113 2187 
2 4129 113 
1 113 
3 3373 4337 113 
1 113 
2 3266 113 
1 113 
1 113 
2 1668 113 
1 113 
1 113 
2 4090 114 
4 442 114 252 2984 
3 114 3364 1325 
2 2817 114 
1 114 
3 114 2983 2785 
3 114 3826 340 
4 3980 432 3330 114 
1 114 
2 114 2020 
1 114 
3 1071 114 2810 
1 114 
1 114 
1 114 
2 114 2688 
1 114 
1 114 
1 115 
1 115 
1 115 
3 115 2670 1091 
1 115 
1 115 
2 1050 115 
2 795 115 
3 2446 115 963 
1 115 
1 115 
1 115 
2 2124 115 
1 115 
2 761 115 
2 1140 115 
1 115 
2 3510 115 
1 115 
2 737 115 
1 115 
2 1628 115 
2 115 2609 
1 115 
1 115 
2 1745 115 
5 284 115 1508 1599 2674 
1 115 
3 116 719 3008 
1 116 
3 1099 116 753 
2 1396 116 
3 1612 116 3141 
1 116 
3 242 3743 116 
2 2430 116 
1 116 
2 1464 116 
2 3394 116 
1 116 
1 116 
2 116 2539 
4 3097 905 3803 116 
2 1534 116 
2 116 1794 
1 116 
3 3133 116 967 
1 116 
3 3262 2186 116 
3 1477 3620 116 
2 116 2003 
3 3459 116 3469 
2 116 750 
3 2449 116 2709 
1 116 
2 2718 117 
3 3701 117 705 
2 2757 117 
2 3292 117 
1 117 
2 2207 117 
3 117 2534 2737 
2 783 117 
2 117 4125 
2 117 3488 
1 117 
1 117 
1 117 
1 117 
1 117 
2 117 239 
2 309 117 
1 117 
1 117 
2 2040 117 
2 1796 117 
2 3095 117 
3 4376 117 1594 
2 3816 117 
2 117 3082 
1 118 
2 882 118 
1 118 
2 3113 118 
2 3781 118 
1 118 
2 118 2965 
1 118 
1 118 
1 118 
3 306 118 4206 
2 118 313 
2 118 851 
2 2215 118 
1 118 
2 4251 118 
3 3937 3761 118 
1 119 
3 974 3431 119 
3 4079 119 895 
1 119 
1 119 
1 119 
1 119 
3 2373 1417 119 
1 119 
2 1571 119 
1 119 
2 3437 119 
1 119 
1 119 
2 119 3501 
2 1429 119 
3 3026 119 968 
1 119 
2 1485 119 
2 3478 120 
1 120 
2 2359 120 
1 120 
2 2845 120 
2 1223 120 
2 3535 120 
2 264 120 
3 1649 4224 120 
2 120 2137 
1 120 
1 120 
2 506 120 
3 4164 120 3231 
2 1245 120 
1 120 
2 2859 121 
2 547 121 
3 4372 374 121 
1 121 
2 1751 121 
1 121 
3 2446 1892 121 
1 121 
2 1607 121 
1 121 
2 4049 121 
4 1322 3813 121 3089 
3 1772 4261 121 
2 1104 122 
3 384 3493 122 
1 122 
2 453 122 
3 3595 336 122 
3 2953 1929 122 
1 122 
1 122 
1 122 
3 1460 2144 122 
2 1524 122 
3 3602 4087 122 
1 122 
3 3613 1228 122 
1 122 
2 122 3488 
2 4315 122 
1 122 
3 2750 604 122 
2 985 122 
3 1192 998 123 
1 123 
1 123 
3 1376 2594 123 
2 1092 123 
3 4382 3143 123 
2 3092 123 
2 1703 123 
2 2050 123 
1 123 
2 2290 123 
1 123 
1 123 
1 123 
1 123 
2 4105 123 
5 2019 3840 768 3245 123 
1 123 
1 123 
2 1941 123 
3 219 4094 124 
1 124 
1 124 
1 124 
1 124 
1 124 
5 3912 2263 2393 2555 124 
1 124 
3 355 3208 124 
2 2308 124 
2 2897 124 
2 1307 124 
5 3736 2933 2082 3601 124 
1 124 
3 580 1544 124 
2 3452 124 
1 124 
3 4134 3880 124 
1 125 
1 125 
2 125 2781 
3 125 597 2621 
1 125 
2 125 1272 
2 125 3096 
1 125 
2 125 2478 
1 125 
1 125 
2 125 994 
1 125 
2 125 3651 
1 125 
1 125 
3 125 352 1556 
1 125 
1 125 
1 126 
3 126 2466 394 
2 126 936 
2 126 2673 
1 126 
1 126 
1 126 
1 126 
2 1068 126 
2 991 126 
4 126 3100 1282 4145 
2 126 2620 
1 127 
2 127 1268 
1 127 
1 127 
2 127 970 
1 127 
2 127 1300 
1 127 
2 127 3465 
2 127 3819 
2 127 3697 
1 127 
2 127 995 
2 127 2763 
1 127 
3 127 4276 4206 
2 127 1571 
3 127 3354 3231 
2 4367 127 
2 127 252 
3 127 679 587 
3 127 1468 1655 
2 127 1779 
2 128 4120 
1 128 
2 128 1156 
1 128 
2 128 357 
1 128 
2 128 197 
1 128 
1 128 
1 128 
2 128 1325 
2 128 837 
1 128 
1 128 
1 128 
2 128 186 
2 128 1737 
3 128 3558 1017 
1 128 
2 128 3039 
5 128 2015 1587 2191 3537 
1 128 
3 1490 128 2316 
1 128 
3 128 3159 1421 
2 128 4139 
1 128 
3 128 2296 4260 
4 128 1543 3862 552 
1 129 
1 129 
1 129 
1 129 
3 129 1032 3043 
2 2649 129 
2 129 3025 
1 129 
1 129 
1 129 
2 129 3356 
3 129 270 3703 
2 129 1620 
3 1851 129 1638 
2 129 2446 
2 129 4120 
3 129 225 1948 
1 129 
2 129 301 
2 129 1850 
2 129 3421 
4 3450 129 2161 2072 
1 129 
3 130 545 3315 
1 130 
1 130 
1 130 
3 130 4116 4053 
1 130 
1 130 
3 130 675 4202 
2 3885 130 
1 130 
1 130 
2 130 457 
2 130 1768 
1 130 
1 130 
3 130 4064 1470 
2 130 354 
2 130 3171 
1 130 
4 1235 130 879 4324 
3 1214 131 1904 
1 131 
1 131 
1 131 
1 131 
2 131 3740 
3 131 1704 949 
1 131 
3 131 3097 1052 
1 131 
2 131 2423 
3 131 1124 3083 
1 131 
1 131 
1 131 
1 131 
1 132 
3 132 3430 2172 
1 132 
1 132 
2 464 132 
1 132 
1 132 
1 132 
2 132 1087 
2 132 2277 
1 132 
1 133 
4 3757 1611 133 3726 
1 133 
5 728 1534 133 1506 1914 
2 133 1924 
1 133 
2 133 4255 
2 133 1171 
2 133 1395 
3 219 133 2488 
2 133 2461 
3 3054 133 1858 
1 133 
1 133 
1 133 
2 134 480 
3 1347 1986 134 
2 134 632 
2 134 2194 
1 134 
2 1835 134 
3 134 512 2804 
1 134 
2 134 3622 
1 134 
1 134 
1 134 
2 134 1705 
1 134 
2 134 1171 
1 134 
2 134 4286 
1 134 
2 134 2962 
3 220 134 1432 
2 3471 134 
1 134 
1 135 
3 179 135 2546 
1 135 
2 135 608 
2 135 1282 
1 135 
3 135 2723 2948 
2 135 1904 
2 135 1728 
1 135 
5 2908 135 2750 3973 1118 
2 1152 135 
2 135 2835 
1 136 
2 4385 136 
4 3785 136 4239 4087 
2 1079 136 
2 136 1140 
1 136 
2 3262 136 
2 4063 136 
4 2041 136 3007 641 
3 3503 2258 136 
2 136 1571 
1 136 
3 2814 2480 136 
4 1513 136 1653 2281 
3 4111 136 218 
2 136 1969 
3 3119 136 4320 
1 136 
1 137 
1 137 
3 1239 137 1020 
1 137 
1 137 
1 137 
2 909 137 
2 1889 137 
2 137 842 
2 137 2252 
2 137 1689 
2 137 3085 
1 137 
1 137 
2 137 3602 
1 138 
2 3851 138 
4 1123 138 4054 3907 
4 1213 138 1338 1907 
5 3734 3346 4172 138 4160 
1 138 
1 138 
2 2907 138 
1 138 
1 138 
2 138 1974 
1 138 
2 424 138 
3 4255 138 3334 
1 138 
6 688 3615 138 2308 3086 395 
2 2999 138 
1 138 
1 138 
1 138 
3 3955 138 141 
2 138 4124 
3 138 1792 2152 
1 139 
4 2310 2943 4387 139 
1 139 
1 139 
5 2142 1084 3552 139 3005 
2 941 139 
4 2654 139 1224 4123 
1 139 
1 139 
2 3267 139 
3 1685 909 139 
2 208 139 
1 139 
1 139 
1 139 
3 1821 4387 139 
2 619 139 
1 139 
2 139 680 
2 4388 139 
2 2316 139 
2 139 3204 
1 140 
2 3292 140 
1 140 
2 963 140 
3 994 1276 140 
4 307 140 191 969 
4 1150 1216 1330 140 
1 140 
1 140 
1 140 
1 140 
5 1106 2658 140 2418 1456 
2 2062 140 
1 140 
1 140 
1 140 
1 140 
1 140 
2 2312 140 
1 140 
1 140 
3 1033 3271 140 
3 1636 140 847 
2 3785 140 
3 3532 2502 140 
1 140 
1 140 
2 1556 140 
1 140 
2 3154 140 
1 141 
1 141 
1 141 
2 1160 141 
2 141 273 
4 1337 141 3049 2173 
2 1317 141 
1 141 
2 141 539 
1 141 
2 141 3209 
1 141 
2 2460 141 
1 141 
1 141 
2 3917 141 
3 2242 141 538 
2 1612 141 
1 141 
1 141 
2 699 142 
1 142 
1 142 
1 142 
2 2204 142 
2 142 3367 
1 142 
1 142 
1 142 
2 994 142 
2 3723 142 
2 1934 142 
2 627 142 
3 263 1242 142 
1 142 
3 2632 142 4143 
1 142 
1 142 
1 142 
1 142 
2 142 2025 
3 1873 142 2248 
1 142 
2 1875 142 
4 1818 1378 142 1558 
3 311 143 2673 
3 1870 3441 143 
2 3997 143 
2 2240 143 
2 3796 143 
2 259 143 
1 143 
2 143 1695 
1 143 
1 143 
1 143 
1 143 
1 143 
1 143 
5 617 1513 2013 3790 143 
2 1173 143 
1 143 
2 801 143 
1 143 
3 4236 2869 143 
2 3452 143 
2 143 2660 
1 144 
2 1937 144 
1 144 
1 144 
2 144 3018 
1 144 
1 144 
2 598 144 
4 2992 4255 3896 144 
2 2375 144 
2 1621 144 
2 144 3974 
3 1309 1754 144 
3 1058 4100 144 
1 144 
2 144 374 
1 144 
2 291 144 
1 144 
4 467 4099 144 3948 
1 144 
2 447 145 
2 3276 145 
3 2387 3703 145 
2 544 145 
1 145 
1 145 
1 145 
1 145 
3 1394 145 3708 
2 920 145 
1 145 
2 3235 145 
3 145 2833 2220 
2 4298 145 
2 145 414 
3 2177 145 3470 
2 3677 145 
1 145 
1 145 
1 145 
1 145 
3 3874 479 145 
1 145 
1 145 
3 423 145 4148 
1 145 
1 145 
3 3156 145 969 
1 146 
4 4117 746 146 1180 
1 146 
2 3024 146 
1 146 
2 350 146 
3 3982 353 146 
1 146 
1 146 
1 146 
1 146 
2 3399 146 
4 4173 2450 146 3906 
1 146 
1 146 
1 146 
2 469 146 
2 146 2220 
1 146 
1 146 
1 146 
3 2933 147 3970 
2 2701 147 
2 2658 147 
1 147 
1 147 
1 147 
3 3063 335 147 
2 3306 147 
3 1308 2181 147 
1 147 
1 147 
2 307 147 
1 147 
2 3647 147 
3 1080 628 147 
1 147 
1 147 
1 147 
1 147 
1 147 
2 3782 147 
1 147 
2 4176 147 
2 1152 147 
2 928 147 
2 1700 147 
2 1209 148 
3 2906 2452 148 
1 148 
2 1370 148 
1 148 
1 148 
1 148 
1 148 
2 1460 148 
1 148 
3 854 148 1421 
2 2718 148 
2 335 148 
1 148 
1 148 
2 148 1404 
2 2654 148 
1 149 
3 3768 3925 149 
1 149 
1 149 
2 2405 149 
1 149 
1 149 
3 3790 149 3231 
1 149 
1 149 
1 149 
2 2127 149 
2 149 2060 
3 2644 149 1368 
2 149 2220 
1 149 
3 2341 3622 149 
3 510 1756 149 
4 369 3810 1303 150 
3 336 3630 150 
2 1724 150 
2 1322 150 
2 361 150 
1 150 
3 4355 3419 150 
1 150 
1 150 
2 2039 150 
1 150 
1 150 
2 557 150 
1 150 
1 150 
1 150 
2 2242 150 
2 2238 150 
3 150 394 1931 
3 2202 150 3470 
1 150 
2 1108 150 
2 1929 150 
2 355 150 
2 151 1706 
3 151 2844 3199 
1 151 
1 151 
2 151 926 
2 151 226 
2 151 331 
2 151 3898 
2 151 2710 
2 151 1449 
1 151 
2 151 946 
1 151 
1 151 
2 151 2721 
1 151 
2 151 2669 
3 151 2283 4130 
1 151 
1 151 
1 151 
3 151 645 3880 
1 151 
1 151 
2 151 1850 
2 151 2194 
1 151 
2 151 2840 
2 152 3978 
2 152 182 
2 152 4365 
2 152 4097 
2 152 3268 
2 152 2888 
4 152 180 2547 332 
2 152 2368 
1 152 
4 152 1214 4246 707 
1 152 
2 152 1108 
1 152 
1 152 
3 152 1167 582 
1 152 
1 153 
1 153 
1 153 
2 153 320 
2 153 2531 
3 153 4383 3175 
1 153 
2 153 1171 
2 153 2545 
1 153 
2 153 332 
1 153 
1 153 
1 153 
2 153 2774 
2 153 986 
1 153 
2 153 3941 
1 154 
3 154 834 2622 
1 154 
1 154 
2 154 3086 
3 154 211 4375 
1 154 
2 154 1048 
2 154 4067 
3 2033 154 4273 
2 154 2912 
2 154 1222 
2 4311 154 
1 154 
1 154 
2 154 276 
3 154 4391 827 
1 154 
2 155 3786 
1 155 
2 155 1717 
1 155 
1 155 
1 155 
1 155 
2 155 1419 
2 155 3844 
1 155 
2 155 1531 
2 155 2334 
4 155 1503 2595 662 
2 155 1996 
3 155 1102 2690 
3 155 3057 2709 
2 155 2084 
3 155 3217 3163 
3 155 3387 2398 
1 155 
1 155 
2 156 2426 
1 156 
2 156 1193 
5 156 577 4360 611 2331 
2 156 2464 
3 156 2592 2297 
2 156 1182 
4 156 4171 3354 1948 
2 156 2487 
1 156 
1 156 
2 156 4397 
3 1348 156 1960 
1 156 
2 156 4199 
1 156 
1 156 
1 156 
1 156 
3 157 967 2055 
1 157 
2 157 2338 
1 157 
1 157 
2 157 648 
2 157 1416 
2 157 1446 
3 157 3660 2677 
1 157 
2 1886 157 
5 157 1534 1160 408 3830 
2 157 1156 
2 157 684 
2 157 4004 
1 157 
1 157 
2 157 3733 
3 2012 158 3749 
1 158 
1 158 
2 158 3646 
2 158 2301 
1 158 
2 158 197 
2 158 1556 
2 3672 158 
1 158 
1 158 
3 158 3460 1380 
2 2287 158 
1 158 
2 158 2425 
3 1490 158 2117 
2 158 4338 
1 158 
4 4250 159 701 851 
2 159 1890 
3 159 1692 390 
1 159 
1 159 
2 159 3608 
2 159 679 
2 159 2768 
1 159 
2 159 2884 
2 159 3402 
1 159 
3 365 159 2536 
1 159 
3 159 2023 3487 
1 159 
3 159 2090 3088 
2 159 3384 
1 159 
1 159 
1 160 
2 1961 160 
1 160 
2 160 359 
2 160 2581 
1 160 
2 4002 160 
1 160 
2 160 3040 
2 160 822 
3 645 160 3238 
3 1604 160 552 
2 1168 160 
1 160 
1 160 
1 160 
1 160 
2 3306 160 
2 160 3389 
2 1777 160 
1 161 
2 161 1510 
3 4003 996 161 
1 161 
1 161 
3 1194 161 1793 
2 161 389 
1 161 
1 161 
2 2196 161 
1 161 
2 1887 161 
2 2992 161 
1 161 
3 3761 161 1656 
2 951 161 
1 161 
3 283 161 2738 
3 3545 161 4200 
1 161 
1 161 
2 2448 161 
2 161 2779 
1 161 
1 162 
2 162 1090 
1 162 
4 4277 162 3628 1234 
1 162 
2 574 162 
2 162 3088 
2 162 1113 
2 617 162 
1 162 
2 162 436 
2 3980 162 
1 162 
1 162 
1 162 
1 162 
1 162 
3 162 984 3903 
1 162 
1 162 
4 2956 162 2506 2384 
1 163 
3 1158 163 3756 
1 163 
3 2868 163 1639 
2 163 2148 
2 207 163 
2 3177 163 
3 3648 163 3389 
2 163 1128 
3 4370 163 1432 
1 163 
2 163 1145 
1 163 
3 952 163 2436 
1 164 
2 4191 164 
1 164 
2 164 3862 
2 1357 164 
1 164 
2 3620 164 
2 800 164 
2 4175 164 
1 164 
1 164 
1 164 
4 1349 2130 164 1976 
2 164 1956 
1 164 
1 165 
4 2667 165 2303 1230 
1 165 
1 165 
1 165 
4 3569 2231 1655 165 
2 2726 165 
2 3023 165 
1 165 
1 165 
3 687 165 2760 
1 165 
2 780 165 
3 1774 165 3384 
1 165 
4 2858 4044 1418 165 
2 843 165 
3 428 3419 165 
1 165 
1 165 
1 165 
1 165 
2 1482 166 
1 166 
1 166 
2 166 1386 
2 1772 166 
1 166 
1 166 
1 166 
1 166 
3 2740 2313 166 
1 166 
2 1151 166 
1 166 
4 368 4257 166 1090 
1 166 
2 1964 166 
1 166 
2 3675 166 
3 731 3511 166 
1 166 
2 166 4349 
3 1072 1501 167 
2 1520 167 
4 2913 435 167 3184 
2 714 167 
1 167 
2 167 848 
2 336 167 
1 167 
1 167 
2 2012 167 
2 979 167 
4 2564 250 3410 167 
1 167 
2 1127 167 
1 167 
1 167 
2 167 3828 
1 167 
2 1689 167 
1 168 
2 1993 168 
4 1886 3721 1207 168 
3 1684 4398 168 
1 168 
2 1797 168 
1 168 
2 2244 168 
2 168 3866 
1 168 
1 168 
2 2707 168 
2 337 168 
4 1801 168 4248 3906 
2 168 950 
1 168 
2 356 168 
2 168 2079 
1 169 
1 169 
3 3873 3987 169 
1 169 
3 710 3562 169 
2 2698 169 
4 1235 4089 169 1303 
1 169 
2 169 1738 
1 169 
4 762 336 169 2079 
2 3998 169 
1 169 
5 3099 446 2506 1594 169 
1 169 
2 2551 169 
1 169 
3 1987 1723 169 
3 3661 4142 169 
2 1302 169 
2 4301 169 
1 169 
1 169 
3 2239 1806 169 
3 1779 1292 169 
2 1534 169 
3 2794 169 498 
2 956 169 
2 3578 169 
1 169 
4 224 3566 1018 170 
1 170 
2 2229 170 
2 1376 170 
2 902 170 
2 3411 170 
1 170 
2 4274 170 
1 170 
1 170 
1 170 
2 170 1932 
1 170 
4 3761 3274 3164 170 
2 1847 170 
1 170 
3 1758 170 3089 
3 3553 3656 170 
4 3760 3239 170 3185 
1 170 
3 4173 4067 170 
2 3693 170 
2 170 1982 
3 2293 3665 171 
1 171 
3 4000 2203 171 
1 171 
1 171 
4 952 2896 4222 171 
2 196 171 
2 3416 171 
2 3157 171 
1 171 
2 1963 171 
2 387 171 
1 171 
2 171 3632 
1 171 
1 171 
2 3315 171 
3 3376 3987 171 
2 1581 171 
1 171 
1 171 
4 3687 4223 549 171 
4 1206 3401 2215 172 
4 1571 652 172 1547 
1 172 
4 3548 2973 3278 172 
2 175 172 
5 1961 3767 763 172 2561 
2 1858 172 
3 4332 2028 172 
2 453 172 
1 172 
1 172 
3 3881 172 314 
1 172 
1 172 
3 2601 3958 172 
4 2353 616 172 1256 
1 172 
3 303 674 173 
2 278 173 
1 173 
2 1795 173 
2 2363 173 
3 4304 477 173 
1 173 
1 173 
4 2815 3552 3571 173 
1 173 
1 173 
3 3861 3727 173 
1 173 
1 173 
1 173 
1 173 
2 3927 173 
2 174 2562 
1 174 
3 174 2834 2455 
3 174 1684 3590 
1 174 
5 174 222 211 4260 1210 
2 174 1392 
1 174 
1 174 
2 174 2306 
2 174 3140 
2 174 624 
1 174 
2 174 1526 
1 174 
2 174 2497 
2 174 1664 
1 174 
1 174 
3 174 3803 2306 
5 174 1098 4218 2872 2986 
2 175 2646 
1 175 
1 175 
2 175 1099 
1 175 
1 175 
2 175 1357 
2 2371 175 
2 175 389 
3 175 1168 3981 
2 687 175 
1 175 
1 175 
2 175 745 
1 175 
1 175 
2 175 3161 
3 175 2319 2415 
1 176 
1 176 
2 176 1008 
2 3690 176 
2 2401 176 
1 176 
3 3711 176 3647 
2 176 292 
1 176 
2 176 496 
1 176 
2 176 860 
5 176 2180 1691 2366 1230 
1 176 
2 177 2670 
2 177 1648 
2 177 260 
4 4270 177 2041 1363 
2 177 1586 
1 177 
2 177 436 
2 177 2272 
2 177 3301 
1 177 
1 177 
1 177 
1 177 
1 177 
3 177 3829 1795 
2 177 373 
2 177 4241 
2 177 2000 
4 177 982 1787 519 
1 177 
1 177 
1 177 
2 177 1388 
2 177 262 
1 178 
1 178 
2 178 1428 
1 178 
1 178 
3 178 1276 2763 
1 178 
1 178 
4 178 3558 2377 1738 
3 178 546 564 
2 178 2532 
1 178 
1 178 
1 178 
3 1309 178 1502 
2 179 3891 
2 179 2029 
1 179 
2 179 3205 
2 486 179 
1 179 
2 3419 179 
1 179 
1 179 
2 179 4351 
4 1097 179 2721 3441 
2 179 3388 
1 179 
1 179 
1 179 
3 180 3771 1398 
4 180 2529 743 3535 
2 901 180 
1 180 
2 180 1769 
3 3345 1645 180 
2 3611 180 
2 180 1339 
1 180 
3 3817 3371 180 
1 180 
3 180 4119 4182 
2 3266 180 
2 180 1546 
3 602 180 3441 
1 180 
1 180 
1 180 
1 180 
1 180 
1 180 
4 2101 181 3651 3369 
1 181 
1 181 
1 181 
2 181 1366 
2 181 661 
1 181 
1 181 
1 181 
1 181 
1 181 
1 181 
2 3453 181 
1 181 
1 182 
1 182 
4 3850 3960 182 829 
2 2404 182 
2 755 182 
1 182 
2 182 543 
1 182 
1 182 
3 2085 182 2452 
3 182 2411 2693 
1 182 
2 576 182 
1 182 
3 794 182 3874 
2 182 1716 
2 3152 182 
1 182 
1 182 
2 3563 183 
2 3979 183 
3 183 2413 192 
1 183 
3 183 2709 4084 
2 183 825 
2 183 897 
1 183 
2 645 183 
4 834 183 3252 2304 
2 351 183 
3 183 2634 2965 
1 183 
2 183 4241 
2 542 183 
1 183 
2 3953 183 
3 3214 183 2221 
1 183 
3 2968 183 4318 
1 183 
2 183 3407 
3 4130 183 1107 
2 183 4238 
1 183 
2 184 535 
1 184 
1 184 
1 184 
1 184 
1 184 
2 1423 184 
1 184 
1 184 
2 184 716 
2 3132 184 
3 184 2919 3495 
3 1308 184 3239 
2 184 516 
2 184 4380 
4 3578 184 1075 2471 
2 1393 184 
2 184 1129 
2 184 2052 
1 184 
2 184 3388 
1 185 
2 185 1117 
1 185 
2 3119 185 
3 792 185 3359 
1 185 
1 185 
1 185 
3 3394 185 1619 
1 185 
1 185 
1 185 
2 185 4140 
4 1461 185 1675 377 
1 186 
2 186 3137 
1 186 
1 186 
3 186 520 3300 
1 186 
2 186 2873 
1 186 
1 186 
2 3833 186 
1 186 
2 186 1299 
3 4173 186 354 
2 186 1323 
2 568 186 
4 4153 1582 186 3990 
2 187 3415 
2 1701 187 
2 187 562 
4 1533 187 916 3492 
1 187 
1 187 
2 187 3392 
3 792 187 2195 
2 187 373 
2 1743 187 
6 3935 4156 187 2499 1219 1232 
2 187 650 
1 187 
1 187 
3 2099 2311 187 
2 187 2161 
3 2859 187 2552 
1 187 
2 187 241 
1 187 
1 187 
3 2865 187 1210 
1 188 
2 956 188 
2 188 3495 
1 188 
1 188 
4 1351 4300 188 4239 
2 487 188 
2 188 1175 
2 188 4037 
1 188 
1 188 
1 188 
2 3325 188 
1 188 
4 1069 188 2799 362 
1 188 
1 188 
2 2612 188 
2 188 3444 
3 188 2150 1471 
4 1235 1045 1494 188 
2 188 1732 
1 188 
1 188 
2 188 3128 
2 2698 189 
3 911 189 1164 
2 189 2452 
2 189 1574 
1 189 
3 1461 4276 189 
2 2589 189 
1 189 
2 3855 189 
2 2289 189 
3 189 864 1472 
1 189 
1 189 
2 4356 189 
1 189 
4 3129 3797 1945 189 
1 189 
1 189 
1 189 
2 3764 189 
1 189 
3 189 782 1524 
2 3233 189 
3 2612 190 4102 
2 220 190 
1 190 
2 190 3389 
6 4173 190 3201 3825 3384 2351 
1 190 
1 190 
2 190 3753 
2 190 1283 
3 190 1764 1573 
3 3421 190 456 
2 2950 190 
1 190 
2 190 899 
4 3557 190 2080 4148 
2 1861 190 
2 190 4054 
1 190 
1 190 
2 1357 190 
2 204 190 
1 190 
1 191 
1 191 
2 2339 191 
3 191 1018 2926 
3 1349 1121 191 
1 191 
3 2663 191 2762 
2 3071 191 
1 191 
1 191 
1 191 
3 2956 2828 191 
1 191 
1 191 
1 191 
2 434 191 
1 191 
2 2818 192 
3 468 192 3749 
3 3868 192 659 
2 633 192 
2 192 2116 
1 192 
1 192 
6 1699 4338 2297 192 2031 3469 
1 192 
1 192 
1 192 
1 192 
1 192 
1 192 
2 2967 192 
2 1213 192 
1 192 
2 192 2398 
2 192 1953 
1 192 
3 1701 193 2333 
4 1122 3566 193 3948 
2 3836 193 
3 2206 2498 193 
1 193 
2 1903 193 
1 193 
2 1423 193 
4 4013 1753 193 869 
4 3761 193 1198 456 
5 1987 3958 2243 193 2029 
2 811 193 
2 193 3320 
2 3517 193 
2 3122 193 
2 194 4380 
1 194 
2 3680 194 
2 4042 194 
2 1822 194 
2 3818 194 
1 194 
1 194 
3 796 4157 194 
2 2436 194 
2 3956 194 
2 1776 194 
1 194 
3 569 3079 194 
1 195 
3 4049 781 195 
1 195 
3 570 339 195 
2 561 195 
2 3594 195 
2 2695 195 
1 195 
2 467 195 
1 195 
2 3742 195 
2 1434 195 
1 195 
1 195 
1 195 
1 195 
2 3444 195 
3 3249 195 2540 
3 1651 4106 195 
1 195 
1 195 
2 3331 195 
1 195 
2 3798 196 
1 196 
1 196 
1 196 
1 196 
2 3343 196 
3 3606 2878 196 
1 196 
1 196 
2 472 196 
1 196 
1 196 
4 3012 987 196 2457 
2 3427 196 
3 530 1225 196 
1 196 
1 197 
2 2572 197 
2 2084 197 
1 197 
1 197 
1 197 
2 3899 197 
4 3542 267 4113 197 
2 601 197 
1 197 
1 197 
2 717 197 
2 2844 197 
2 1129 197 
3 2998 2122 197 
2 3890 197 
1 197 
1 197 
2 1713 197 
2 3228 197 
2 1694 197 
1 197 
5 1902 2897 3336 197 1325 
3 2696 1314 197 
1 197 
1 197 
2 198 1211 
2 198 1004 
2 2446 198 
2 1159 198 
3 318 198 2220 
1 198 
1 198 
2 2784 198 
2 4033 198 
1 198 
1 198 
4 1049 1903 1334 198 
1 198 
1 198 
2 777 198 
2 2950 198 
2 1723 198 
2 198 3449 
3 1775 782 198 
1 198 
1 198 
3 4175 411 198 
2 4289 198 
1 198 
1 198 
4 1100 3697 4081 199 
2 1317 199 
4 1966 2351 199 810 
1 199 
1 199 
2 1784 199 
3 4235 3052 199 
1 199 
2 199 708 
1 199 
2 1783 199 
3 913 1301 199 
1 199 
4 3817 1830 2855 199 
2 4047 199 
1 199 
2 1612 199 
1 199 
3 1875 3627 200 
1 200 
2 2714 200 
2 3841 200 
1 200 
3 3430 3826 200 
2 1947 200 
2 3594 200 
1 200 
1 200 
1 200 
2 967 200 
1 200 
1 200 
1 200 
2 325 200 
1 200 
2 2906 200 
2 1993 200 
2 911 200 
2 2658 200 
3 1151 2847 200 
3 1512 1831 200 
2 201 2148 
1 201 
2 201 3019 
2 201 3612 
3 201 3222 2244 
2 201 3480 
2 201 2891 
2 201 4233 
1 201 
1 201 
1 201 
6 201 3343 1477 2132 3411 394 
1 201 
2 201 287 
2 201 3686 
3 201 813 1039 
1 201 
1 201 
2 201 1314 
1 202 
1 202 
3 4150 202 2816 
2 202 3352 
1 202 
2 202 3396 
1 202 
3 503 202 3173 
3 202 3189 1711 
2 202 3125 
1 202 
1 202 
1 202 
3 202 4121 1954 
1 202 
1 202 
2 203 905 
1 203 
2 203 3824 
1 203 
2 203 955 
2 203 1038 
1 203 
1 203 
2 203 1102 
2 203 4199 
1 203 
2 203 650 
1 203 
1 203 
1 204 
2 204 1842 
1 204 
2 204 241 
2 204 1296 
1 204 
1 204 
1 204 
3 204 3918 562 
3 204 2110 1292 
1 204 
2 204 407 
2 204 3717 
3 928 204 1659 
2 204 4057 
2 204 1283 
3 1068 204 253 
3 3834 205 769 
1 205 
2 205 3276 
2 205 1520 
1 205 
2 205 3949 
1 205 
3 3846 205 2397 
2 205 2113 
2 205 4310 
1 205 
2 2568 205 
3 2696 205 3773 
2 205 552 
1 205 
2 205 4039 
3 205 1723 1457 
1 205 
5 4088 775 205 913 1139 
1 206 
1 206 
2 206 2668 
2 206 2579 
2 1203 206 
2 206 4333 
3 206 3061 3391 
2 206 1339 
1 206 
2 206 1317 
1 206 
2 206 343 
2 207 2166 
2 207 302 
2 1393 207 
2 4270 207 
1 207 
1 207 
2 2354 207 
2 381 207 
2 3935 207 
2 1839 207 
2 207 1074 
3 207 3615 1991 
1 207 
1 207 
3 2663 207 2411 
2 208 4060 
2 3347 208 
4 2237 208 611 535 
1 208 
2 208 4206 
1 208 
2 2440 208 
1 208 
1 208 
2 208 3022 
3 208 1190 1074 
2 208 2855 
2 208 2849 
2 208 566 
2 3757 208 
1 208 
2 208 467 
5 208 2045 2435 2151 1434 
2 208 3863 
1 208 
1 208 
1 208 
4 209 2042 1208 592 
3 1428 209 2675 
4 1425 739 209 4324 
2 209 3891 
2 209 1123 
1 209 
2 2568 209 
4 2886 209 1382 1718 
2 209 1034 
2 209 3568 
3 2512 209 2556 
2 209 4008 
3 209 1470 1148 
2 209 2723 
2 209 2715 
2 209 2318 
1 209 
1 210 
1 210 
3 210 2227 2048 
4 210 3008 567 3633 
1 210 
1 210 
2 210 4378 
3 210 678 2457 
2 210 704 
3 1646 210 314 
2 210 959 
1 210 
4 1495 210 407 2537 
2 210 3669 
1 210 
2 210 3359 
4 2038 210 1054 2804 
1 210 
3 1350 210 2487 
1 210 
2 210 1418 
3 210 3771 2881 
2 211 1881 
3 3997 211 4268 
1 211 
1 211 
2 211 3686 
3 211 293 1077 
1 211 
2 211 3697 
2 211 3839 
2 211 1458 
1 211 
2 2698 211 
2 211 942 
1 211 
1 211 
2 211 2384 
2 211 700 
1 211 
2 211 525 
2 854 211 
1 212 
1 212 
2 3099 212 
2 2698 212 
5 3761 212 2897 3683 3391 
1 212 
3 212 3254 3931 
3 212 1705 2928 
1 212 
2 212 1928 
1 212 
1 212 
1 212 
3 212 3568 1159 
1 212 
1 212 
2 1216 212 
1 212 
1 212 
3 4214 212 823 
1 213 
1 213 
2 3247 213 
2 213 1437 
3 213 1525 494 
1 213 
2 2179 213 
1 213 
1 213 
1 213 
4 213 1848 3106 4020 
2 213 3205 
3 812 213 1970 
3 2571 4235 213 
1 213 
1 213 
1 213 
4 4092 213 2504 2345 
1 213 
2 214 411 
1 214 
1 214 
3 368 214 871 
4 1044 618 1587 214 
1 214 
2 214 4188 
1 214 
1 214 
2 1466 214 
2 214 3470 
1 214 
2 214 337 
1 214 
2 3399 214 
2 214 3415 
3 2379 214 1452 
1 214 
1 214 
3 214 1450 1400 
1 214 
1 214 
2 2036 214 
1 215 
1 215 
3 4253 3983 215 
1 215 
3 3941 215 4202 
2 215 2833 
1 215 
3 215 661 3634 
4 1512 2663 3714 215 
1 215 
3 215 3519 3624 
1 215 
1 215 
1 215 
1 215 
2 3028 215 
2 1396 215 
4 1742 215 3336 1388 
1 216 
3 3147 1040 216 
3 936 216 2350 
1 216 
3 4233 1871 216 
1 216 
4 2844 2707 2617 216 
2 945 216 
2 3296 216 
1 216 
1 216 
3 3455 216 2539 
3 472 216 2399 
1 216 
1 216 
1 216 
2 216 1459 
1 216 
1 216 
2 4150 216 
1 217 
3 4076 3506 217 
1 217 
1 217 
2 3062 217 
3 3378 1862 217 
1 217 
4 3739 2504 217 1929 
4 3214 631 2075 217 
1 217 
1 217 
2 217 899 
1 217 
1 217 
1 217 
1 217 
1 217 
2 2642 217 
1 217 
2 217 850 
2 217 3932 
1 217 
2 1851 218 
1 218 
1 218 
1 218 
2 2017 218 
1 218 
1 218 
2 2870 218 
1 218 
2 3714 218 
2 3361 218 
2 1689 218 
2 1537 218 
2 3438 218 
1 218 
1 218 
1 218 
1 218 
1 218 
2 4051 218 
2 219 3065 
1 219 
1 219 
1 219 
3 219 1991 2416 
2 219 222 
2 219 538 
2 219 3630 
1 219 
2 219 2677 
2 219 404 
1 219 
1 219 
3 219 4112 2583 
1 219 
1 220 
1 220 
1 220 
1 220 
1 220 
2 220 1322 
3 220 3423 1362 
2 220 4066 
1 220 
2 220 2179 
1 220 
2 220 2229 
4 220 3803 3145 1980 
1 220 
2 220 713 
1 220 
2 220 1607 
1 220 
1 220 
2 1149 220 
2 4364 220 
1 220 
1 220 
2 220 3303 
2 220 2215 
3 220 3551 1130 
1 220 
1 220 
1 221 
2 221 2973 
2 221 3747 
1 221 
1 221 
1 221 
2 221 3095 
3 221 1291 842 
3 221 1317 592 
1 221 
2 222 4346 
2 222 3021 
1 222 
2 222 2507 
2 222 396 
2 222 1017 
2 222 3241 
2 222 245 
2 222 2389 
1 222 
2 222 2043 
3 222 3058 250 
2 222 2332 
1 222 
3 222 4133 1486 
2 222 944 
5 3831 222 2214 3650 1622 
2 222 1242 
4 223 1375 2425 1922 
2 223 3040 
2 223 1280 
2 2662 223 
4 223 2188 275 1767 
4 2718 223 2732 1164 
3 223 2736 753 
1 223 
1 223 
2 223 3069 
1 223 
1 223 
1 223 
2 223 1687 
2 224 4399 
2 224 3103 
2 224 3326 
2 4396 224 
1 224 
