24 2 3 4 5 6 7 8 9 10 11 12 13 14 15 16 17 18 19 20 21 22 23 24 25 
19 26 27 28 29 30 31 32 33 34 35 36 37 38 39 40 1 41 42 43 
16 44 45 46 47 48 49 50 51 52 53 54 55 56 57 58 1 
21 59 60 61 62 63 64 65 66 67 68 69 70 71 72 73 74 75 76 77 78 1 
20 79 80 81 82 83 84 85 86 87 88 89 90 91 92 93 94 95 96 97 1 
23 98 99 100 101 102 103 104 105 106 107 108 109 110 111 112 113 114 115 116 1 117 118 119 
22 120 121 122 123 124 125 126 127 128 129 130 131 132 133 134 135 136 137 138 1 139 140 
16 141 142 143 144 145 146 147 148 149 150 151 152 153 154 1 155 
22 156 157 158 159 160 161 162 163 164 165 166 167 168 169 170 171 172 1 173 174 175 176 
24 177 178 179 180 181 182 183 184 185 186 187 188 189 190 191 192 193 194 195 196 197 1 198 199 
24 200 201 202 203 204 205 206 207 208 209 210 211 212 213 214 215 216 217 218 219 220 1 221 222 
19 223 224 225 226 227 228 229 230 231 232 233 234 235 236 237 238 239 240 1 
19 241 242 243 244 245 246 247 248 249 250 251 252 253 254 255 256 1 42 257 
16 258 259 260 261 262 263 264 265 266 267 268 269 270 271 1 272 
23 273 274 275 276 277 278 279 280 281 282 283 284 285 286 287 288 289 290 291 1 292 293 294 
18 295 296 297 298 299 300 301 302 303 304 305 306 307 308 309 1 310 311 
13 312 313 314 315 316 317 318 319 320 321 1 322 323 
13 324 325 326 327 328 329 330 331 1 332 333 334 335 
16 336 337 338 339 340 341 342 343 344 345 346 347 1 348 349 350 
15 351 352 353 354 355 356 357 358 359 360 361 362 363 1 364 
17 365 366 367 368 369 370 371 372 373 374 375 376 377 378 379 380 1 
20 381 382 383 384 385 386 387 388 389 390 391 392 393 394 395 396 397 1 398 399 
14 400 401 402 403 404 405 406 407 408 409 410 411 412 1 
27 413 414 415 416 417 418 419 420 421 422 423 424 425 426 427 428 429 430 431 432 433 434 435 1 436 437 438 
24 439 440 441 442 443 444 445 446 447 448 449 450 451 452 453 454 455 456 457 458 1 459 460 461 
18 2 462 463 464 465 466 467 468 469 470 471 472 473 474 475 476 477 478 
23 2 479 480 481 482 483 484 485 486 487 488 489 490 491 492 493 494 495 496 497 498 499 500 
24 501 502 503 2 504 505 506 507 508 509 510 511 512 513 514 515 516 517 518 519 520 521 522 523 
22 2 524 525 526 527 528 529 530 531 532 533 534 535 536 537 538 539 540 541 542 379 543 
21 2 544 545 546 547 548 549 530 550 551 552 553 554 555 556 557 558 559 560 561 562 
16 563 2 564 565 566 567 568 569 570 571 572 573 574 575 576 577 
17 578 2 579 580 581 582 583 584 585 586 587 588 589 590 591 592 593 
30 594 2 595 596 597 598 599 600 601 602 603 510 604 605 606 607 608 609 610 611 612 613 614 615 616 617 618 619 620 621 
22 2 622 623 624 625 626 627 628 629 630 631 632 633 634 635 636 637 638 639 640 641 642 
23 643 2 45 644 645 646 647 648 649 650 651 652 653 654 655 656 657 658 659 660 661 662 663 
13 2 664 665 666 667 668 669 670 671 672 673 674 675 
13 2 676 677 678 679 680 681 682 683 684 685 686 687 
22 688 2 689 690 691 692 693 694 695 696 697 698 699 700 701 702 703 704 705 706 707 708 
17 2 709 710 711 712 713 714 715 716 717 718 719 720 721 722 723 724 
15 2 725 726 727 728 729 730 731 732 733 734 735 736 737 738 
26 2 739 740 741 742 743 744 745 746 747 748 749 750 751 752 753 754 755 756 757 758 759 760 761 762 763 
23 2 764 765 766 767 768 769 770 771 772 773 13 774 775 776 777 778 779 780 781 782 783 784 
18 785 2 786 787 788 789 790 791 792 793 794 795 796 797 798 799 800 801 
16 802 3 803 804 805 806 807 808 809 810 811 812 813 814 815 816 
19 3 817 818 819 820 821 822 823 824 825 826 827 828 35 829 830 831 832 833 
22 3 834 835 836 837 838 839 840 841 842 843 844 845 846 847 848 849 850 851 852 853 854 
17 3 855 856 857 858 859 860 861 862 863 864 865 866 867 868 869 870 
26 871 3 872 873 874 875 876 877 878 879 880 881 882 883 884 885 886 887 888 889 890 891 892 893 894 895 
18 3 896 897 898 899 900 901 902 903 904 905 906 907 908 909 910 911 912 
26 913 3 914 915 916 917 918 919 920 921 922 923 924 925 926 927 471 928 929 930 931 932 933 934 935 936 
23 937 938 3 939 940 941 942 943 944 945 946 947 948 949 950 951 952 953 954 955 956 957 958 
19 3 959 960 961 962 963 964 965 966 967 968 969 970 971 972 973 974 975 976 
22 977 3 978 979 980 981 982 983 984 985 986 987 988 989 990 991 992 993 994 995 996 997 
26 998 999 1000 3 1001 1002 1003 1004 1005 1006 1007 1008 1009 1010 1011 1012 1013 1014 1015 1016 1017 1018 1019 1020 1021 1022 
17 3 1023 1024 1025 1026 1027 1028 1029 1030 1031 1032 1033 1034 1035 1036 1037 1038 
18 3 1039 1040 1041 1042 1043 1044 1045 1046 1047 1048 1049 1050 1051 1052 1053 1054 1055 
15 3 1056 1057 1058 1059 1060 1061 1062 1063 1064 1065 1066 1067 1068 1069 
11 1070 3 1071 1072 1073 1074 1075 1076 1077 1078 1079 
21 1080 1081 1082 1083 1084 4 1085 1086 1087 1088 1089 1090 1091 1092 1093 1094 1095 1096 1097 1098 1099 
12 1100 4 1101 1102 1103 1104 1105 1106 1107 1108 1109 1110 
22 1111 1112 1113 1114 4 1115 1116 1117 1118 1119 1120 1121 1122 1123 1124 1125 1126 1127 1128 1129 1130 1131 
22 1132 1133 4 1134 1135 1136 1137 1138 1139 1140 1141 1142 1143 1144 1145 1146 1147 1148 1149 1150 1151 1152 
18 1153 4 1154 1155 1156 508 1157 1158 1159 1160 1161 1162 1163 1164 1165 1166 1167 1168 
9 4 1169 1170 1171 1172 1173 1174 1175 1176 
22 1177 4 1178 1179 1180 1181 1182 1183 1184 1185 1186 1187 1188 1189 518 1190 1191 1192 1193 1194 1195 1196 
23 1197 1198 4 1199 1200 1201 1202 1203 1204 1205 1206 1207 1208 1209 1210 1211 1212 1213 1214 1215 1216 976 1217 
15 121 4 1218 526 1219 1220 1221 1222 1223 1224 1225 1226 1227 1228 1229 
19 1230 1231 4 1232 1233 1234 1235 1236 1237 1238 1239 1240 1241 1242 1243 1244 1245 1246 1247 
29 1248 1249 1250 4 1251 1252 1253 1254 1255 1256 1257 1258 1259 1260 1261 1262 1263 1264 1265 1266 1267 1268 1269 1270 1271 1272 1273 1274 1275 
17 4 1276 1277 1278 1279 1280 1281 1282 1283 1284 1285 1286 1287 1288 1289 1290 1291 
17 4 1292 1293 1294 1295 1296 1297 1298 1299 1300 1301 1302 1303 1304 1305 1306 1307 
21 1308 1309 4 1310 1311 1312 1313 1314 1315 1316 1317 1318 1319 1320 1321 1322 1323 1324 1325 1326 1327 
17 1328 1329 1330 1331 4 1332 1333 1334 1335 1336 1337 1338 1339 1340 1341 1342 1343 
17 1344 1345 4 1346 1347 1348 1349 1350 1351 1352 1353 1354 1355 1356 1357 1358 1359 
23 1360 1361 4 1362 1363 1364 1365 1366 1367 1368 1369 1370 1371 1372 1373 1374 1375 1376 1377 1378 1379 1380 1381 
20 1382 4 1383 1384 1385 1386 1387 1388 1389 1390 1391 1392 1393 1394 1395 1396 1397 1398 1399 1400 
21 1401 1402 1403 4 1404 1405 1406 1407 1408 1409 1410 1411 1412 1413 1414 1415 1416 1417 1418 1419 1420 
26 1421 1422 4 1423 1424 1425 1426 1427 1428 1429 1430 1431 1432 1433 1434 1435 1436 1437 1438 1439 1440 1441 1442 1443 1444 1445 
15 1446 1447 1448 5 1449 1450 608 1451 1452 1453 1454 1455 1456 1457 1458 
24 1459 1460 1461 1462 5 1004 1463 1464 1465 1466 1467 1468 1469 1470 1471 1472 1473 1474 1475 1476 1477 1478 1479 1480 
22 1481 1482 1483 5 1484 1485 1486 1487 1488 1489 1490 1491 1492 1493 1494 1495 1496 1497 1498 1499 1500 1501 
23 1502 1503 1504 1505 1506 5 1507 1508 1509 1510 1511 1512 1513 1514 1515 1516 1517 1518 1519 1520 1521 1522 1523 
23 1524 1525 1526 1527 5 1528 1529 1530 1531 1532 1533 1534 1535 1536 1537 1538 1539 1540 1541 1542 1543 1544 1545 
18 1546 1547 5 1548 1549 1550 1551 1552 1553 1554 1555 1556 1557 1558 1559 1560 1561 1562 
17 1563 1564 1565 1566 5 1567 1568 1569 1570 1571 1572 1573 1574 1575 1576 1577 1578 
16 1579 1580 1581 1582 1583 1584 5 1585 1586 1587 1588 1589 1590 1591 1592 1593 
21 1594 1595 1596 1597 1598 5 1599 1600 1601 1602 1603 1604 1605 1606 1607 1608 1609 1610 1611 1612 1613 
17 1614 1615 1616 5 1617 1618 1619 1620 1621 1622 1623 1624 1625 1626 1627 1628 1629 
23 1630 1631 1632 1633 1634 5 1635 1636 1637 1638 1639 1640 1641 1642 1643 1644 1645 1646 1647 1648 1649 1650 1651 
18 1652 1653 1654 5 1655 1656 1657 1658 1659 1660 1661 1662 1663 1664 1665 1666 1667 1668 
18 1669 1670 1671 1672 1673 1674 226 5 1675 1676 1677 1678 1679 1680 1681 1682 1683 1684 
25 1685 1686 1687 1688 1689 1690 1691 5 1692 1693 1694 1695 1696 1697 1698 1699 1700 1701 1702 1703 1704 1705 1706 1707 1166 
23 1708 1709 1710 1711 1712 5 1713 1714 1715 1716 1717 1718 1719 1720 1721 1722 1723 1724 1725 1726 1727 1728 1729 
20 1730 1731 1732 1733 1734 1735 5 1736 1737 1738 1739 1740 1741 1742 1743 1744 1745 1746 1747 1748 
15 1749 1750 1751 5 1752 1753 1754 1755 1756 1757 1758 1759 1760 1761 1762 
19 1763 1764 1765 1766 5 1767 1768 1769 1770 1771 1772 1773 1774 1775 1776 1777 1778 1779 1780 
16 1781 1782 1783 5 1784 1785 1786 1787 1788 1789 1790 1791 1792 1793 1794 1795 
12 1796 1797 1798 6 1799 1800 1801 1802 1803 1804 1805 1806 
17 1807 1808 1809 1810 6 1811 1812 1813 1814 1815 1816 1817 1818 1819 1820 1821 1822 
28 1823 6 1824 1825 1826 1827 1828 1829 1830 1831 1832 1833 1834 1835 1836 1837 1838 1839 1840 1841 1842 379 1843 1844 1845 1846 1847 1848 
29 1849 1850 1851 1852 1853 1854 1855 1856 1857 6 1858 1859 1860 1861 1862 1863 1864 1865 1866 1867 1868 1869 1870 1871 1872 1873 1874 1875 1876 
16 1877 1878 1879 6 1880 1881 1882 1883 1884 1885 1886 1887 1888 1889 1890 1891 
22 1892 1893 1894 1895 1896 6 1897 1898 1899 1900 1901 1902 1903 1904 1905 1906 1907 1908 1909 1910 1911 1912 
25 1913 1914 417 1915 1916 1917 1918 6 1919 1920 1921 1922 1923 1924 1925 1926 1927 1928 1929 1930 1931 1932 1933 1934 1935 
29 1936 1937 1938 6 1939 1940 1941 1942 1943 1944 1945 1946 1947 1948 1949 1950 1951 1952 1953 1954 1955 1956 1957 1958 1959 1960 1961 1962 1593 
25 1963 1964 1965 1966 1967 1968 1969 1970 1971 1972 1973 6 1974 1975 1976 1977 1978 1979 1980 1981 1982 1983 1984 1985 1986 
17 1987 1988 1989 1990 6 1991 1992 1993 1994 1995 1996 1997 1998 1999 2000 2001 2002 
19 2003 2004 6 2005 2006 2007 2008 2009 2010 2011 2012 2013 2014 2015 2016 2017 2018 2019 2020 
22 2021 2022 2023 2024 6 2025 2026 2027 2028 2029 2030 2031 2032 2033 2034 2035 2036 2037 2038 2039 2040 2041 
17 6 2042 921 2043 2044 2045 2046 2047 2048 1064 2049 2050 2051 2052 2053 2054 2055 
23 2056 2057 2058 2059 2060 2061 2062 6 2063 2064 2065 2066 2067 2068 2069 2070 2071 2072 2073 2074 2075 2076 2077 
28 2078 2079 2080 2081 2082 2083 2084 6 2085 2086 2087 2088 2089 2090 2091 1742 2092 2093 2094 2095 2096 2097 2098 2099 2100 2101 2102 2103 
20 2104 2105 2106 2107 6 2108 2109 2110 2111 2112 2113 2114 2115 2116 2117 2118 2119 2120 2121 2122 
20 2123 2124 2125 2126 6 2127 2128 2129 2130 2131 2132 2133 2134 2135 2136 2137 2138 2139 2140 2141 
23 2142 2143 2144 2145 6 2146 2147 2148 2149 2150 2151 2152 2153 2154 2155 2156 2157 2158 2159 2160 2161 2162 2163 
19 2164 2165 2166 2167 2168 6 2169 2170 2171 535 2172 2173 2174 2175 2176 2177 2178 2179 2180 
26 2181 2182 2183 2184 2185 2186 6 2187 2188 2189 2190 2191 2192 2193 2194 2195 2196 2197 2198 2199 2200 2201 2202 2203 2204 2205 
23 2206 2207 2208 2209 2210 6 2169 2211 2212 2213 2214 2215 2216 2217 2218 2219 2220 2221 2222 2223 2224 2225 2226 
23 2227 2228 2229 2230 2231 2232 6 2233 2234 2235 2236 2237 2238 2239 2240 2241 2242 2243 2244 256 2245 2246 2247 
23 2248 7 2249 2250 2251 2252 2253 2254 2255 2256 2257 2258 2259 2260 2261 2262 2263 2264 2265 2266 2267 2268 2269 
29 2270 1781 2271 2272 2273 2274 2275 7 2276 2277 2278 67 2279 2280 2281 2282 211 2283 2284 2285 2286 2287 2288 2289 2290 2291 2292 2293 2294 
16 2295 2296 7 2297 2298 2299 2300 2301 2302 2303 2304 2305 2306 2307 2308 2309 
22 2310 2311 2312 2313 2314 2315 7 2316 2317 2318 2319 2320 2321 2322 2323 2324 2325 2326 2327 1379 2328 2329 
22 2330 2331 2332 2333 2334 7 2335 2336 2337 2338 2339 2340 2341 2342 2343 2344 2345 2346 2347 2348 2349 2350 
15 2351 2352 2353 2354 2355 2356 2357 7 2358 2359 2360 2361 2362 2363 2364 
25 2365 2366 2367 2368 2369 2370 7 2371 2372 2373 2374 2375 2376 2377 2378 2379 2380 2381 2382 2383 2384 2385 2386 2387 2388 
17 2389 2390 7 2391 2392 2393 2394 2395 2396 2397 2398 2399 2400 2401 2402 2403 2404 
23 2405 2406 2407 2408 7 2409 2410 2411 2412 2413 2414 2415 2416 2417 2418 2419 2420 2421 2422 2423 2424 2425 2426 
19 2427 2428 7 2429 2430 2431 2432 2433 2434 2435 2436 2437 2438 2439 2440 2441 2442 1559 2443 
24 2444 2445 2446 2447 2448 7 2449 2450 2451 2452 2453 2454 2455 2456 2457 2458 2459 2460 2461 1442 2462 2463 2464 2465 
23 2466 2467 2468 2469 2470 7 2471 2472 2473 2474 2475 2476 2477 2478 2479 2480 2481 2482 2483 2484 2485 2486 2487 
20 2488 1333 7 2489 2490 2491 2492 2493 2494 2495 2496 2497 2498 2499 2500 2501 2502 2503 2504 2505 
19 2506 2507 2508 2509 2510 7 2511 2512 2513 2279 2514 2515 2516 2517 2518 2519 815 2520 2521 
16 2522 2523 7 2524 2525 2526 2527 2528 2529 2530 2531 2532 2533 1499 2534 2535 
19 2536 2537 2538 2539 2540 2541 7 2542 2543 2544 2545 2546 2547 2548 2549 2458 2550 2551 2552 
22 2553 2554 2555 2556 2557 2558 1155 7 2559 2560 2561 2562 2563 2564 2565 2566 2567 2568 2569 2570 2571 2572 
17 2573 2574 2575 2576 2577 7 2578 2579 2580 2581 2582 2583 2584 2585 2586 2587 2588 
23 2589 2590 2591 2592 2593 2594 2595 2596 7 2597 2598 2599 2600 2601 2602 2603 2604 2605 2606 2607 2608 2609 2610 
25 2611 2612 2613 2614 7 2615 2616 2617 2618 2619 2620 2621 2622 2623 2624 2625 2626 2627 2628 2629 2630 2631 2632 2633 2634 
19 2635 2636 2637 2638 7 2639 2640 2641 2642 2643 2644 2645 2646 2647 2648 2649 2650 2651 2652 
25 2653 2654 2655 2656 8 2657 2658 2659 2660 2661 2662 2663 2664 2665 2666 2667 2668 2669 2670 2671 2672 2673 2674 2675 2676 
26 2677 2678 2679 8 2680 2681 2682 2683 2684 2685 2686 2687 2688 2689 2690 2691 2692 2693 2694 2695 2696 2697 2698 2699 2700 2701 
22 2702 2703 2704 2705 2706 2707 2708 8 2709 2710 2711 2712 2713 2714 2715 2716 2717 2718 2719 2720 2721 2722 
19 2723 2724 2725 2726 2727 2728 8 2729 2730 2731 2732 2733 2734 2735 2736 2737 2738 2739 2740 
29 2741 2742 2743 2744 2745 2746 2747 2748 8 2749 2750 2751 2752 2753 2754 2755 2756 2757 2758 2759 2760 2761 2762 2763 2764 2765 2766 2767 2768 
22 2769 2770 2771 2772 2773 2774 8 2775 2776 2777 2778 2779 2780 2781 2782 2783 2784 2785 2786 2787 2788 2789 
20 2790 2791 2792 2793 8 2794 2795 2796 2797 2798 2799 2800 2801 2802 2803 2804 2805 2806 2807 2808 
19 2809 2810 2811 8 2812 2813 2814 2815 2816 2817 2818 2819 2820 2821 2822 2823 2824 2825 2826 
27 2827 2828 2829 2830 2831 2832 2833 2834 8 2835 2836 2837 2838 2839 2840 2841 2842 2843 2844 2845 2846 2847 2848 2849 2850 2851 2852 
25 2853 2854 2855 2856 2857 2858 2859 2860 8 2861 2862 2863 1863 2864 2865 2866 2867 2868 2869 2870 2871 2872 2873 2874 2875 
19 2876 2877 2878 8 2879 2880 2881 2882 2883 2884 2885 2886 2887 2888 2889 2890 2891 2892 2893 
25 2894 2895 2896 2897 2898 2899 8 2900 2901 2902 2903 2904 2905 2906 2907 2908 2909 2910 2911 2912 2913 2914 2915 2916 2917 
12 2918 2919 2920 2921 2922 8 2923 680 2924 2925 2926 2927 
19 578 2928 2929 2930 2931 2932 8 2933 2934 2935 2936 2937 2938 2939 2940 2941 2942 2943 2944 
25 2945 2946 2947 2948 2949 2950 2951 8 2952 2953 2954 2955 2956 2957 2958 2959 2960 2961 2962 2963 2964 2965 2966 2967 2968 
12 2969 9 2970 2971 2972 2973 2974 2200 2975 2976 2977 2978 
25 2979 2980 2981 2354 2982 2983 2984 2985 9 2986 2987 2988 2989 2990 2991 2992 2993 2994 554 2995 255 2996 2997 2998 2999 
26 3000 3001 3002 3003 3004 3005 3006 3007 3008 3009 9 3010 3011 3012 3013 3014 3015 3016 3017 3018 3019 3020 3021 3022 3023 3024 
25 3025 3026 3027 3028 3029 3030 3031 9 3032 3033 3034 3035 3036 3037 587 3038 3039 3040 3041 3042 3043 3044 3045 3046 3047 
24 3048 3049 3050 3051 9 3052 3053 3054 3055 3056 3057 3058 3059 3060 3061 3062 3063 3064 3065 3066 3067 3068 3069 3070 
20 3071 3072 3073 3074 9 3075 3076 3077 3078 3079 3080 3081 3082 3083 3084 3085 3086 3087 3088 3089 
19 3090 3091 3092 3093 3094 9 3095 1834 3096 3097 3098 3099 3100 3101 3102 3103 2676 3104 3105 
21 3106 3107 9 3108 3109 3110 3111 3112 3113 3114 3115 3116 3117 3118 3119 3120 3121 3122 2324 3123 3124 
19 3125 3126 3127 3128 9 3129 1658 3130 3131 3132 3133 3134 519 3135 3136 3137 3138 3139 3140 
21 3141 3142 3143 3144 3145 3146 3147 9 3148 3149 3150 3151 3152 3153 3154 3155 3156 3157 3158 3159 3160 
24 2056 3161 3162 3163 3164 9 3165 3166 3167 3168 3169 3170 3171 3172 3173 3174 3175 3176 3177 3178 3179 3180 3181 3182 
21 3183 3184 3185 3186 3187 3188 3189 3190 3191 9 3192 3193 3194 3195 3196 3197 3198 3199 3200 3201 3202 
16 3203 3204 3205 9 3206 3207 3208 3209 3210 3211 3212 3213 3214 3215 3216 3217 
19 3218 3219 3220 3221 3222 3223 3224 9 3225 3226 3227 3228 3229 3230 3231 3232 3233 3234 3235 
19 3236 3237 3238 3239 3240 9 3241 3242 3243 3244 3245 3246 3247 3248 391 3249 3250 3251 3252 
23 3253 3254 3255 3256 3257 3258 3259 3260 3261 3262 9 3263 3264 3265 3266 3267 3268 3269 3270 3271 3272 3273 3274 
20 3275 3276 3277 3278 3279 9 3280 3281 3282 3283 3284 3285 3286 3287 3288 3289 3290 3291 3292 3293 
27 3294 3295 3296 3297 3298 3299 3300 3301 3302 9 3303 530 3304 3305 3306 3307 3308 3309 3310 3311 3312 3313 3314 3315 1705 3316 3317 
20 3318 3319 3320 9 3321 3322 3323 3324 3325 3326 2378 3327 1677 3328 3329 3330 3331 3332 3333 3334 
24 3335 3336 3337 368 3338 3339 3340 3341 9 3342 3343 3344 3345 3346 3347 3348 3349 3350 3351 3352 3353 3354 3355 3356 
17 3357 9 3358 3359 3360 3361 3362 3363 3364 3365 2648 3366 3367 3368 3369 3370 3371 
15 3372 3373 3374 3375 3376 3377 3378 3379 10 3380 3381 3382 3383 3384 3385 
23 3386 3387 3388 3389 3390 3391 3392 10 3393 3394 3395 3396 3397 3398 3399 3400 3401 3402 2204 3403 3404 3405 3406 
26 3407 3408 3409 3410 3411 3412 3413 3414 3415 3416 3417 3418 3419 10 3420 3421 3422 3423 3424 3425 3426 3427 3428 3429 3430 3431 
17 3432 3433 3434 3435 3436 3437 3438 10 3439 3440 3441 3442 360 3443 3444 3445 3446 
17 3447 3448 3449 3450 10 3451 3452 3453 3454 2580 3455 3456 3457 3458 3459 3460 3461 
19 3462 3463 3464 385 3465 3466 10 3467 3468 3469 3470 3471 3472 2975 3473 3474 1844 3475 3476 
15 3477 3478 3479 3480 10 3481 3482 3483 3484 3485 3486 3487 3488 3489 3490 
27 3491 3492 3493 3494 3495 3496 3497 3498 3499 2471 3500 3501 10 3502 3503 3504 3505 3506 3507 3508 3509 3510 3511 3512 3513 3514 3515 
19 3516 3517 3518 3519 3520 3521 10 3522 3523 3524 3525 3526 3527 3528 3529 3530 3084 3531 3532 
21 3533 3534 3535 3536 3537 3538 10 3539 3540 450 3541 3542 3543 3544 3545 3546 3547 3548 3549 3550 3551 
22 3552 3553 3554 3277 3555 3556 3557 3558 3559 10 3560 3561 3562 3563 3564 3565 3566 3567 3568 3569 3570 3571 
22 3572 3573 3574 2428 3575 3576 3577 3578 3579 3580 10 2456 3581 3582 3583 3584 3585 3586 3587 3588 3589 3590 
20 3591 3592 3593 3594 10 3595 210 3596 3597 3598 3599 3600 3601 3602 3603 3604 3605 3606 3607 3608 
16 3609 3610 3611 3612 10 3613 3614 3615 3616 3617 3618 3619 3620 3621 3622 3623 
16 3624 3625 3626 3627 3628 3629 3630 10 3631 3632 3633 3634 3635 3636 3637 3638 
23 3639 3640 3641 3642 3643 3644 3645 3646 3647 10 3648 3649 3650 3651 3652 3653 3654 3655 3656 3657 3658 3659 3660 
25 3661 3662 3663 3664 3665 3666 3667 3668 3669 10 3670 3671 3672 3673 3674 3675 3676 3677 3678 3679 3680 3681 3682 3683 3684 
24 3685 3686 3687 3688 3689 3690 10 3691 3692 3693 3694 3695 3696 3697 3698 3699 3700 3701 3702 3703 3704 3705 3706 3707 
20 3708 3709 3710 3711 3712 3713 3714 3358 3715 3716 3717 10 3718 3719 3720 3721 3722 3723 3724 3725 
25 3726 3727 3728 3729 3730 3731 3732 3733 10 3734 3735 3736 3737 3738 3739 3740 3741 3742 2716 3743 3744 3745 3746 3747 3748 
19 3749 3750 3751 3752 3753 3754 3755 10 3756 3757 3758 3759 3760 3761 3762 3763 3764 3765 3766 
16 3767 3768 3769 2043 3770 10 3771 3772 3773 3774 3775 3776 3777 3778 3779 3780 
16 3781 3782 3783 3784 3785 3786 10 3787 3788 3789 3790 3791 3792 3793 3794 3795 
25 3796 3797 3798 3799 3800 3801 11 3802 3803 3804 3805 3806 3807 3808 3809 3810 3811 3812 3813 3814 3815 3816 3817 3818 3819 
19 3820 3821 3822 3823 3824 3825 11 3826 3827 3828 3829 3830 3831 3832 3833 3834 3835 3836 3837 
32 3838 3839 3840 3841 3842 3843 3844 3845 3846 3847 3848 3849 3850 3851 3852 3853 11 2492 3854 3855 3856 3857 3858 3859 3860 3861 3862 3863 3864 3865 3866 3867 
24 3868 3869 3870 3871 3872 3873 2169 3874 3875 3876 3877 3878 3879 11 3880 3881 3882 3883 3884 3885 3886 3887 3888 3889 
19 3890 3891 3892 3893 3894 3895 11 3896 3897 3898 3899 3900 3901 3902 3903 3904 3905 3906 3907 
18 3908 3909 3910 3911 3912 3913 3914 3915 3916 3917 11 3918 3919 3920 3921 3922 3923 3924 
17 3925 3926 3927 3928 3929 3930 3931 3932 3933 3934 11 3935 3936 3937 3938 3939 3940 
19 3941 3942 3943 3944 3945 3946 3947 11 3948 3949 3950 3951 3952 3953 3954 3955 3956 3957 2161 
20 3958 3959 3960 3961 3962 3963 3964 3965 3966 11 3967 716 3968 3969 3970 3971 3972 3973 3974 2294 
18 3975 3976 3977 3978 3979 3980 3981 11 3982 3983 3984 3066 3985 3986 3987 3988 3989 3990 
14 3991 3226 3992 3993 11 189 3994 3995 3996 3997 3998 3999 4000 784 
18 4001 121 4002 4003 4004 11 4005 4006 889 4007 4008 4009 4010 4011 4012 4013 4014 4015 
22 4016 4017 4018 4019 4020 4021 4022 11 4023 4024 4025 4026 4027 4028 4029 4030 4031 4032 4033 4034 4035 4036 
15 4037 4038 4039 4040 4041 11 3421 4042 2012 4043 4044 4045 4046 4047 4048 
15 4049 4050 4051 4052 4053 4054 11 4055 4056 4057 4058 4059 4060 4061 4062 
22 4063 4064 4065 4066 4067 4068 4069 4070 4071 4072 4073 4074 11 4075 4076 4077 4078 4079 4080 4081 4082 4083 
21 1781 4084 4085 4086 4087 11 4088 4089 4090 4091 4092 4093 4094 4095 4096 4097 4098 4099 4100 4101 4102 
20 4103 4104 4105 4106 4107 4108 4109 4110 4111 4112 4113 4114 4115 11 4116 4117 4118 4119 4120 4121 
17 3294 4122 4123 4124 4125 4126 4127 4128 4129 4130 4131 11 4132 4133 4134 4135 4136 
20 4137 4138 4139 4140 4141 4142 4143 4144 11 4145 4146 4147 4148 4149 4150 4151 2501 4152 4153 4154 
19 4155 4156 4157 4158 4159 4160 4161 1660 4162 11 4163 4164 4165 4166 4167 4168 4169 4170 4171 
25 4172 2573 4173 4174 4175 4176 4177 4178 4179 4180 11 2194 4181 4182 3080 4183 4184 4185 4186 269 4187 4188 4189 4190 4191 
24 4192 4193 4194 4195 4196 4197 4198 4199 4200 4201 11 4202 4203 4204 4205 4206 4207 4208 4209 4210 4211 4212 4213 4214 
22 4215 4216 4217 4218 4219 4220 4221 4222 4223 4224 4225 12 4226 4227 4228 4229 4230 4231 1214 4232 4233 4234 
27 4235 4236 4237 4238 4239 4240 4241 4242 4243 4244 4245 4246 4247 4248 4249 12 4250 4251 4252 2036 4253 4254 1355 4255 4256 4257 4258 
27 4259 4260 4261 4262 4263 4264 4265 4266 4267 4268 4269 4270 4271 4272 4273 4274 4275 12 4276 4277 4278 4279 4280 4281 4282 4283 4284 
20 4285 4286 4287 4288 4289 4290 4291 4292 4293 4294 4295 12 4296 91 4297 4298 4299 4300 4301 4302 
23 4303 4304 4305 1462 4306 4307 4308 4309 4310 4311 12 4312 4313 4314 4315 4316 4317 4318 4319 4320 4321 4322 4323 
28 4324 4325 4326 4327 4328 2747 4161 4329 4330 4331 4332 4333 4334 4335 4336 12 4337 4338 4339 4340 4341 4342 4343 4344 2348 4345 4346 4347 
20 4348 4349 3537 4350 4351 4352 3278 4353 4354 4355 4356 4357 12 4358 4359 4360 3460 4361 4362 4363 
13 4364 4365 4366 4367 4368 4369 4370 4371 12 4372 3333 4373 4374 
20 4375 4376 4377 4378 4379 4380 4381 4382 4383 4384 4385 12 4386 4387 4388 4389 4390 4391 4392 4393 
16 4394 4395 4396 4397 4398 4399 1028 4022 4400 4401 4402 4403 4404 12 4405 4406 
24 4407 4408 4409 4410 4411 4412 4413 4414 4415 4416 4417 4418 4419 4420 12 4421 4422 4423 4424 4425 4426 4427 4428 4429 
21 4430 4431 4432 4433 4434 4435 4436 4437 4438 4439 4440 4441 4442 12 4443 4444 4445 4446 4447 4448 4449 
17 4450 4451 4452 4453 4454 4455 4456 4457 12 4458 4459 4460 4461 4462 4463 4464 4465 
17 4466 4467 4468 4469 4470 4471 12 4472 4473 4474 4475 4476 4477 4478 4479 4480 4481 
30 4482 4483 4484 4485 259 4486 4487 4488 4489 4490 4491 4492 4493 4494 4495 4496 4497 4498 4499 12 4500 4501 4502 4503 4504 4505 4506 4507 4508 4509 
12 4510 4511 4512 4513 4514 4515 4516 4517 4518 716 12 4519 
28 4520 4521 4522 4523 4524 4525 4526 4527 4528 3323 4529 4530 4531 4532 4533 4534 12 4535 4536 4537 4538 4539 4540 4541 4542 4543 4544 4545 
18 4546 4547 4548 4549 4550 4551 4552 4553 4554 4555 4556 4557 1884 12 4558 4559 4560 4561 
17 4562 4563 4564 4565 4566 4567 4568 4569 4570 4571 13 4572 4573 4574 4575 4576 4577 
24 4578 4579 4580 4581 4582 4583 4584 4585 4586 4587 4588 4589 4590 4591 4592 13 4593 4594 4595 4596 4597 4598 4599 4600 
21 4601 4602 4603 4604 4605 4606 4607 4608 4609 4610 4611 4612 4613 4614 13 4615 4616 4617 4618 4619 4620 
12 4621 4622 4623 4624 4625 4626 13 4627 4628 4629 4630 4631 
22 4632 4633 4634 4635 4636 4637 4638 4639 4640 4641 4642 4643 4644 4645 4646 4647 13 4648 4649 4650 4651 4652 
25 4653 4654 4655 4656 4657 4658 4659 4660 4661 4662 4663 4664 4665 4666 13 4667 4668 4669 4670 4671 4672 4673 4674 4675 4676 
23 4635 4677 4678 1294 4679 4680 4681 4682 4683 4684 301 4685 4686 4687 4688 4689 4690 13 4691 4692 4693 4694 4695 
17 4696 4697 4698 4699 4700 4701 4702 4703 13 4704 4705 4706 4707 4708 4709 4710 4711 
21 4712 4713 4714 4715 4716 4717 4718 4719 4720 3347 4721 4722 4723 13 4724 4725 4726 4727 4728 4729 4730 
23 4731 4732 4733 4734 4735 4736 4737 4738 4739 4740 4741 4742 4743 4744 4745 13 4746 4747 4748 4749 4750 4751 4752 
30 4753 4754 2771 4755 4756 4757 4758 4759 4760 4761 4762 4763 4764 4765 13 4766 4767 4768 4769 4770 4771 4772 4773 4774 4775 4776 4777 4778 4779 4780 
19 4781 4782 4783 4784 4785 4786 4787 4788 4789 4790 4791 4792 4793 13 4794 4795 4796 4797 4798 
27 4303 4799 4800 4801 4802 4803 4804 4805 4806 4807 4808 4809 4810 3995 13 4811 4812 4813 4814 4815 4816 4817 4818 4819 4820 4821 4822 
27 4823 4824 4825 4826 4827 4828 4829 4830 4831 4832 4833 4834 4835 4836 4837 4838 4839 4840 4841 13 4842 4843 4844 4845 4846 4847 4848 
24 157 4849 4850 4851 4852 4853 4854 4855 4856 4857 4858 4859 4860 4861 4862 4863 4864 13 3673 4865 4866 4867 4868 4869 
18 4870 2556 4871 4872 4873 4874 4875 4876 4877 4878 4879 13 4880 4881 4882 4883 4884 119 
18 4885 4886 4887 4888 4889 4890 4891 4892 4893 4894 4895 4896 4897 4898 13 4899 4900 3234 
1 14 
2 14 237 
3 1974 4086 14 
3 2330 14 4393 
3 4684 14 4094 
3 4288 14 3271 
3 2867 14 3970 
2 4739 14 
1 14 
2 14 4092 
2 14 2587 
4 3240 2509 14 221 
2 4753 14 
1 14 
1 14 
1 15 
1 15 
2 15 4167 
3 2751 15 543 
1 15 
1 15 
3 2108 2816 15 
5 4722 15 4034 4120 2535 
1 15 
3 3289 15 621 
2 2641 15 
3 3992 1832 15 
1 15 
1 15 
3 1030 2802 15 
2 4114 15 
1 15 
1 15 
1 15 
1 15 
2 15 1213 
1 15 
1 16 
1 16 
1 16 
1 16 
2 4546 16 
2 305 16 
4 247 1872 16 4505 
3 871 3669 16 
2 2566 16 
2 1830 16 
2 300 16 
1 16 
1 16 
1 16 
2 16 3069 
2 2438 16 
3 1614 3335 16 
1 17 
1 17 
2 2969 17 
1 17 
1 17 
2 1447 17 
2 1732 17 
4 834 1296 4341 17 
3 4840 17 2807 
1 17 
2 389 17 
3 367 2397 17 
2 4116 18 
1 18 
1 18 
1 18 
1 18 
2 1424 18 
1 18 
4 4130 718 18 1209 
1 18 
5 1232 1553 18 1666 2610 
1 18 
4 3013 18 3158 3490 
1 19 
3 4720 2719 19 
1 19 
2 451 19 
1 19 
4 2164 19 1727 2851 
1 19 
1 19 
1 19 
2 4625 19 
3 1733 559 19 
3 2026 3349 19 
2 19 4101 
2 900 19 
2 3365 19 
2 676 20 
3 479 1489 20 
1 20 
1 20 
2 4438 20 
1 20 
2 3029 20 
3 1469 1871 20 
3 4469 2474 20 
6 3002 180 4064 1773 1804 20 
2 1169 20 
3 3362 4150 20 
1 20 
2 2472 20 
1 21 
3 1292 4179 21 
2 21 323 
6 1824 1008 2281 2800 21 175 
3 1404 4681 21 
3 3378 2051 21 
1 21 
2 4477 21 
4 1178 21 476 4101 
2 1565 21 
1 21 
3 3188 1300 21 
3 3340 21 2163 
2 4468 21 
3 100 29 21 
3 4236 535 21 
1 22 
1 22 
2 681 22 
3 1341 1760 22 
3 182 3918 22 
1 22 
1 22 
2 3418 22 
3 4152 22 322 
1 22 
2 170 22 
3 1145 3155 22 
1 22 
2 3964 22 
2 2544 22 
2 2060 22 
3 4579 4719 22 
1 22 
2 2242 22 
1 23 
2 857 23 
1 23 
1 23 
2 572 23 
3 4852 850 23 
3 945 1008 23 
2 3127 23 
2 1172 23 
2 819 23 
2 1303 23 
2 1031 23 
1 23 
2 1859 24 
3 4410 1978 24 
2 4083 24 
1 24 
4 4399 104 1720 24 
2 574 24 
1 24 
1 24 
3 2671 3812 24 
1 24 
1 24 
3 1362 4658 24 
1 24 
2 1407 24 
1 24 
2 1121 24 
2 2821 24 
1 24 
1 24 
4 4431 3986 2041 24 
1 24 
3 4849 1023 24 
2 4888 24 
1 24 
3 2532 3813 24 
4 699 1124 4322 24 
2 2942 25 
2 3257 25 
2 1015 25 
2 2546 25 
1 25 
4 2313 2710 3385 25 
1 25 
1 25 
1 25 
3 4370 4346 25 
2 4058 25 
2 186 25 
2 339 25 
1 25 
1 25 
2 967 25 
2 2154 25 
1 25 
4 544 4489 2130 25 
1 25 
1 25 
1 25 
1 25 
1 26 
2 26 1179 
2 26 746 
1 26 
3 26 4357 4277 
1 26 
5 26 1450 4893 1188 2156 
2 26 4356 
1 26 
2 26 50 
1 26 
5 3767 26 1356 4044 2634 
2 26 3530 
3 26 1383 2112 
3 26 1814 373 
1 26 
1 26 
2 27 352 
1 27 
1 27 
2 27 4010 
3 27 4267 3651 
1 27 
3 27 1484 3531 
1 27 
1 27 
1 27 
1 27 
2 27 3929 
2 27 2385 
1 27 
3 27 4704 2037 
2 27 4637 
1 27 
3 27 4378 815 
1 27 
1 27 
1 27 
2 27 2928 
1 28 
3 28 1880 2423 
2 28 3190 
2 28 861 
1 28 
1 28 
2 28 4031 
2 28 63 
1 28 
3 2021 28 33 
2 28 1585 
1 28 
2 28 3054 
1 28 
2 28 2048 
2 28 2122 
1 28 
2 28 65 
4 28 164 1470 1770 
2 28 4484 
1 28 
3 28 3965 4210 
1 28 
2 29 1905 
1 29 
2 29 67 
2 29 4656 
2 2769 29 
2 29 1387 
4 29 30 3776 173 
1 29 
1 29 
1 29 
2 29 1278 
3 29 116 380 
2 29 3016 
1 29 
3 29 3243 3365 
2 29 2138 
2 29 2797 
2 29 4268 
1 29 
4 939 276 29 3490 
4 1071 30 3083 457 
2 30 1318 
2 4836 30 
2 1119 30 
1 30 
1 30 
2 30 618 
1 30 
2 4657 30 
2 1763 30 
3 157 2087 30 
1 30 
4 4380 30 2237 3808 
3 30 4202 2602 
2 30 3763 
3 30 4535 346 
1 30 
2 30 4592 
5 2188 30 4358 4099 3316 
2 1312 31 
3 725 31 4864 
2 31 3454 
1 31 
1 31 
1 31 
1 31 
3 31 3945 3060 
1 31 
2 31 404 
1 31 
2 418 31 
1 31 
2 31 657 
2 2811 31 
3 3868 32 154 
1 32 
1 32 
2 1028 32 
1 32 
2 32 926 
2 3825 32 
2 3432 32 
1 32 
2 159 32 
2 32 890 
3 2930 32 2476 
3 4761 32 986 
2 32 4209 
1 32 
1 32 
3 3261 1882 33 
4 3161 2952 2864 33 
1 33 
2 2523 33 
1 33 
2 1462 33 
1 33 
3 4870 33 3602 
1 33 
1 33 
3 4215 3799 33 
2 3519 33 
2 33 2258 
2 2468 33 
2 79 33 
2 33 2915 
1 33 
1 33 
1 33 
2 33 2097 
2 1346 33 
1 33 
2 4162 33 
2 4470 33 
2 550 33 
1 33 
2 33 3921 
2 282 33 
3 3909 3518 34 
2 806 34 
1 34 
1 34 
1 34 
2 4854 34 
3 3388 34 3764 
2 2920 34 
2 1056 34 
2 1505 34 
1 34 
2 34 3307 
2 34 3316 
1 34 
1 34 
2 34 2671 
2 4006 34 
2 4760 34 
4 2832 3322 2599 34 
1 34 
1 34 
2 766 35 
3 1854 4370 35 
3 2933 35 1480 
1 35 
2 2395 35 
2 35 1206 
2 2773 35 
3 3358 35 4619 
3 3415 35 1436 
2 4716 35 
1 35 
1 35 
2 2710 35 
1 35 
3 1697 576 35 
2 35 3291 
3 3825 2417 35 
2 1169 35 
2 2218 35 
1 35 
2 35 4083 
2 3718 36 
3 3948 36 3181 
1 36 
1 36 
1 36 
1 36 
3 3375 1940 36 
2 36 3487 
2 4536 36 
1 36 
1 36 
1 36 
4 351 1039 4896 37 
1 37 
3 4349 37 2121 
2 4091 37 
2 153 37 
2 383 37 
3 2249 37 4044 
1 37 
1 37 
1 37 
3 1624 3803 37 
2 1083 37 
1 38 
3 3279 38 3725 
1 38 
3 1793 757 38 
2 715 38 
4 1598 2524 3311 38 
1 38 
2 3720 38 
2 2799 38 
3 2085 38 3158 
4 2906 3738 3272 38 
3 1636 38 438 
3 2317 2762 38 
1 38 
1 38 
2 38 2269 
1 38 
1 38 
2 4023 38 
1 38 
2 2537 38 
1 39 
2 3358 39 
2 2136 39 
3 919 1542 39 
2 2972 39 
3 4229 39 4119 
2 692 39 
3 208 238 39 
2 2742 39 
3 1828 331 39 
2 820 39 
1 39 
2 1467 39 
3 4761 39 4619 
1 39 
2 2956 39 
3 564 40 3837 
2 1870 40 
4 3237 3240 1192 40 
1 40 
2 40 1068 
2 2770 40 
1 40 
2 1296 40 
2 3675 40 
1 40 
1 40 
1 40 
2 977 40 
3 1351 3401 40 
2 2748 41 
3 1315 1570 41 
1 41 
2 2794 41 
1 41 
1 41 
1 41 
2 464 41 
2 3082 41 
2 1170 41 
2 759 41 
1 41 
2 1714 41 
1 41 
2 3224 41 
1 41 
2 2759 41 
3 1801 41 2968 
3 1582 691 41 
1 41 
3 3963 749 41 
1 41 
1 41 
2 4587 41 
4 1883 4346 41 4393 
4 3392 4059 3586 42 
1 42 
4 643 42 1985 3317 
2 2918 42 
2 2377 42 
1 42 
2 2032 42 
2 2868 42 
2 4190 42 
1 42 
1 42 
2 4567 42 
1 42 
1 42 
2 4104 42 
3 2620 4228 42 
2 1893 42 
1 42 
1 42 
1 42 
2 210 42 
1 43 
2 1777 43 
2 3270 43 
2 3010 43 
1 43 
1 43 
3 4712 1713 43 
3 3276 1313 43 
2 4359 43 
1 43 
1 43 
1 43 
2 4248 43 
2 3861 43 
2 2675 43 
3 4716 3466 43 
1 43 
3 44 3697 2113 
1 44 
3 44 2586 1962 
1 44 
4 44 623 4299 2326 
1 44 
1 44 
2 44 3192 
1 44 
1 44 
1 44 
1 44 
1 44 
3 44 133 496 
1 44 
1 45 
1 45 
3 45 409 2039 
2 45 719 
1 45 
2 45 2334 
5 45 2231 1738 4183 1209 
1 45 
4 4546 45 2671 993 
3 45 1634 904 
4 45 1849 2758 1301 
2 45 4232 
3 45 4496 2117 
1 45 
2 45 2366 
1 45 
2 45 2176 
3 46 4534 319 
1 46 
2 46 2644 
2 46 4673 
2 46 1420 
2 46 4485 
1 46 
2 46 2666 
4 4637 46 4747 2938 
1 46 
2 46 3691 
1 46 
1 46 
1 46 
1 46 
1 46 
3 46 1256 405 
5 46 4399 4809 4883 4445 
1 46 
1 46 
1 46 
3 4696 47 3483 
2 2445 47 
2 401 47 
1 47 
2 4733 47 
2 47 2684 
4 504 47 2814 1623 
1 47 
3 4139 47 1290 
1 47 
5 1936 47 917 3343 3468 
2 47 2325 
1 47 
1 47 
1 47 
1 47 
2 48 302 
1 48 
2 48 1641 
1 48 
2 48 1496 
1 48 
2 2741 48 
1 48 
1 48 
1 48 
2 48 1374 
1 48 
1 48 
3 48 3323 2780 
1 48 
2 48 2616 
3 48 1680 1592 
2 48 1054 
2 48 211 
3 48 2812 588 
1 48 
2 48 2458 
1 48 
1 48 
1 48 
2 49 3836 
2 4124 49 
2 49 3721 
1 49 
2 49 349 
3 1001 49 3899 
1 49 
2 49 2027 
3 49 2031 826 
1 49 
2 49 2837 
3 4699 49 1602 
2 938 49 
3 49 1120 1742 
1 49 
3 4678 49 1454 
4 4737 2187 49 2691 
1 50 
2 50 4248 
1 50 
2 50 4446 
3 50 865 4847 
1 50 
3 1851 50 712 
4 50 1237 2602 2736 
2 50 110 
3 50 2359 3212 
1 50 
1 50 
3 1637 50 2684 
2 50 583 
2 50 3830 
1 50 
1 50 
1 50 
2 50 1804 
1 50 
4 1104 50 1768 1091 
1 50 
3 3491 50 3501 
1 50 
1 51 
3 2312 51 908 
2 51 543 
3 51 3502 3564 
1 51 
1 51 
1 51 
1 51 
2 51 406 
1 51 
1 51 
2 51 4465 
3 51 4570 1536 
3 51 1993 1415 
1 51 
1 51 
3 3108 51 2475 
2 51 2826 
2 51 1511 
2 51 3334 
2 51 1275 
2 51 2764 
1 52 
3 52 2884 3176 
1 52 
2 52 2626 
2 52 2587 
1 52 
1 52 
2 3787 52 
2 52 454 
2 52 995 
2 52 4711 
1 52 
2 3244 52 
1 52 
1 52 
3 3537 52 1613 
3 2741 2430 52 
4 3839 66 52 2092 
2 53 737 
1 53 
2 3167 53 
1 53 
1 53 
2 53 2157 
1 53 
1 53 
3 3262 53 3952 
2 53 590 
1 53 
1 53 
1 53 
1 53 
1 53 
2 1975 53 
3 2183 825 53 
1 53 
3 53 968 1212 
1 53 
1 53 
3 54 3830 4671 
2 54 3583 
3 1882 54 1558 
2 901 54 
2 2778 54 
2 4681 54 
2 80 54 
2 1697 54 
1 54 
1 54 
3 368 54 406 
1 54 
2 54 3507 
2 2770 54 
2 54 3353 
1 54 
2 3057 54 
3 441 3854 54 
1 54 
2 2208 54 
1 54 
3 2510 54 4315 
2 4381 54 
1 54 
1 54 
2 55 434 
2 3149 55 
2 55 2889 
1 55 
1 55 
4 581 232 55 2238 
2 55 2156 
2 55 287 
3 2183 55 411 
3 2688 55 4076 
2 4621 55 
2 3593 55 
2 55 4443 
2 55 3019 
1 55 
3 55 3543 3160 
3 676 4494 56 
1 56 
2 56 3548 
1 56 
2 56 3512 
1 56 
1 56 
1 56 
2 56 3121 
1 56 
2 1527 56 
2 56 3116 
3 4483 56 4593 
1 56 
2 56 4166 
4 4809 56 1803 888 
2 2827 56 
3 1276 630 57 
2 57 2649 
1 57 
2 3443 57 
2 57 2609 
2 4583 57 
1 57 
2 57 4171 
3 110 3015 57 
1 57 
1 57 
1 57 
2 729 57 
3 3935 57 2966 
1 58 
2 544 58 
2 4326 58 
1 58 
1 58 
2 2471 58 
1 58 
2 58 1562 
1 58 
1 58 
1 59 
2 59 3368 
1 59 
5 59 2145 2796 2689 687 
1 59 
1 59 
1 59 
2 59 2299 
4 59 1365 3670 2263 
1 59 
3 59 1364 2763 
2 59 933 
1 59 
2 59 1707 
2 59 4495 
1 59 
1 59 
2 59 2468 
3 59 2310 3056 
3 59 1225 2765 
1 60 
3 60 3305 3471 
4 60 1179 3893 4842 
3 60 4755 3699 
2 60 933 
3 60 1977 2755 
1 60 
2 60 1694 
2 60 2420 
2 60 2216 
3 60 4739 2480 
1 61 
2 61 1872 
5 61 3915 3797 1811 1817 
1 61 
1 61 
3 61 3902 3328 
1 61 
2 61 2876 
2 61 547 
2 61 909 
3 61 3223 428 
2 61 1521 
1 61 
3 61 3407 438 
2 61 1775 
1 61 
2 61 3581 
2 61 4318 
1 61 
1 61 
1 61 
4 1502 4216 62 1492 
2 62 3955 
1 62 
2 62 1623 
4 62 1861 3786 4792 
1 62 
1 62 
1 62 
1 62 
2 3464 62 
1 62 
2 2081 62 
2 2078 62 
4 62 2391 4761 392 
1 62 
4 3573 62 3506 1452 
3 3959 4263 62 
2 62 2293 
2 3709 62 
1 62 
1 62 
1 63 
2 63 1552 
3 63 1884 136 
2 63 4331 
2 63 4003 
1 63 
4 3189 63 3080 3173 
2 63 3987 
1 63 
2 3277 63 
2 63 3683 
1 63 
2 4432 63 
2 63 92 
3 63 1233 3965 
1 63 
4 64 3420 361 660 
4 64 2412 748 1290 
2 64 3309 
3 3665 64 408 
1 64 
2 64 3080 
1 64 
2 64 2881 
2 65 2987 
2 65 373 
3 463 1102 65 
1 65 
1 65 
1 65 
1 65 
1 65 
1 65 
2 65 3971 
3 4049 4782 65 
2 468 65 
2 65 1303 
1 65 
2 65 3158 
2 65 727 
1 65 
1 65 
2 65 2925 
2 4824 65 
1 66 
2 66 4866 
3 66 1413 2132 
1 66 
2 66 3538 
3 2741 66 3159 
3 2772 66 4057 
5 4378 4038 66 3563 2099 
1 66 
4 3295 648 66 2600 
4 66 3394 2609 1229 
2 66 3442 
3 823 66 331 
2 66 2501 
1 66 
2 66 995 
3 66 293 1359 
4 223 1880 66 3405 
1 66 
2 4805 66 
3 4888 66 4337 
1 67 
3 2554 67 4330 
5 2541 67 4146 4574 1418 
3 2656 2951 67 
1 67 
1 67 
1 67 
2 67 1099 
2 67 3904 
3 67 2889 4428 
2 2774 67 
4 1450 67 4837 1207 
1 68 
1 68 
2 68 333 
2 68 1167 
2 3685 68 
2 68 2443 
1 68 
3 920 68 4032 
4 1859 68 1802 2630 
2 2793 68 
2 2862 68 
2 68 3159 
2 2838 68 
3 3642 68 4575 
3 2082 68 4819 
2 1862 68 
2 68 2140 
1 68 
1 69 
2 4755 69 
1 69 
1 69 
1 69 
1 69 
2 69 4388 
1 69 
3 3537 69 850 
3 69 2094 4099 
1 69 
1 69 
3 4678 4369 69 
2 69 4315 
1 69 
1 69 
1 69 
2 69 2177 
3 1851 69 1271 
2 69 2697 
1 69 
2 3380 69 
1 69 
3 69 2118 1266 
2 69 4151 
2 69 4149 
1 69 
2 69 957 
4 1056 70 2154 3780 
2 70 3209 
5 3435 4835 70 534 2808 
1 70 
2 3717 70 
2 4874 70 
2 3434 70 
2 70 1305 
1 70 
1 70 
3 3391 70 3139 
1 70 
1 70 
2 2339 70 
7 4735 4085 1170 1717 70 4617 863 
1 70 
2 366 71 
1 71 
3 247 71 4560 
2 71 3956 
3 732 319 71 
1 71 
1 71 
1 71 
3 2311 71 376 
2 71 827 
1 71 
5 4858 71 1189 3460 410 
3 3629 2318 71 
3 3436 1283 71 
2 3003 71 
3 4037 71 2943 
2 72 1890 
2 2972 72 
1 72 
2 2151 72 
2 563 72 
2 792 72 
2 3898 72 
2 740 72 
1 72 
2 2514 72 
4 545 3263 4203 72 
2 1635 72 
1 72 
2 72 4284 
2 72 3815 
2 4219 72 
2 2363 72 
2 2168 72 
2 1619 72 
1 72 
1 73 
1 73 
2 73 2157 
2 73 1679 
1 73 
2 132 73 
1 73 
1 73 
1 73 
2 2646 73 
1 73 
2 4700 73 
2 1507 73 
2 384 73 
2 1807 73 
2 2829 73 
1 74 
2 3449 74 
2 74 614 
2 3172 74 
1 74 
3 2187 74 3807 
1 74 
4 1800 74 3811 738 
2 4251 74 
2 74 1848 
2 1988 74 
2 224 74 
3 74 2759 473 
1 74 
2 74 4730 
2 74 1213 
2 3344 75 
3 2317 3560 75 
3 3851 424 75 
2 2518 75 
4 1090 1753 1454 75 
3 1088 2796 75 
1 75 
1 75 
1 75 
1 75 
4 4471 75 3427 3406 
2 3112 75 
2 1718 75 
1 75 
4 2021 1674 881 75 
1 75 
3 1967 3264 75 
2 2218 75 
2 3366 75 
3 123 75 1478 
2 3755 75 
3 3577 4767 75 
2 4199 76 
3 4728 76 475 
1 76 
2 4063 76 
1 76 
4 529 4420 3762 76 
2 4511 76 
2 4888 76 
2 1716 76 
1 76 
1 76 
1 76 
1 76 
2 1903 76 
2 1901 76 
3 3521 2178 76 
2 1769 76 
2 2911 76 
1 76 
1 77 
2 77 2205 
1 77 
3 369 3329 77 
1 77 
2 4243 77 
2 426 77 
2 1687 77 
2 4310 77 
1 77 
1 77 
1 77 
3 1199 1816 77 
1 77 
2 950 77 
2 2935 77 
2 2219 77 
2 1220 77 
3 1914 2619 77 
2 838 77 
2 2779 78 
2 2063 78 
3 1957 78 3044 
3 3560 329 78 
1 78 
2 3223 78 
1 78 
2 78 3604 
2 4052 78 
1 78 
1 78 
1 78 
1 78 
4 4162 2495 2221 78 
1 78 
3 1859 651 78 
1 78 
1 78 
2 2136 78 
1 78 
3 78 3814 3748 
4 2979 4237 130 78 
4 3768 4717 3694 78 
2 78 2245 
1 78 
2 79 2204 
2 79 317 
1 79 
1 79 
3 79 468 1229 
1 79 
2 79 1147 
1 79 
5 79 1364 3560 3100 911 
2 79 2642 
3 79 1976 2223 
1 79 
2 79 3529 
2 80 2494 
2 80 3644 
1 80 
3 80 599 227 
1 80 
2 80 2563 
2 80 2178 
1 80 
2 80 721 
2 80 3664 
3 80 3093 358 
2 80 519 
2 3553 80 
2 80 1896 
1 80 
2 80 2682 
2 80 4672 
1 80 
1 80 
3 80 1523 1379 
1 80 
4 1546 80 645 3722 
3 81 2149 2817 
3 81 4803 4821 
1 81 
2 81 485 
2 81 3094 
1 81 
2 81 1610 
1 81 
2 352 81 
1 81 
1 81 
3 1132 81 1750 
1 81 
2 81 2637 
3 2365 4581 81 
5 81 4655 2374 875 4071 
2 81 2861 
1 81 
3 81 2791 134 
1 81 
1 81 
3 1132 82 2633 
1 82 
1 82 
2 82 631 
1 82 
2 82 1340 
1 82 
2 82 2943 
1 82 
2 82 955 
2 3259 82 
1 82 
1 82 
2 82 3682 
2 4548 82 
1 82 
1 82 
2 82 2644 
2 3668 82 
2 82 1122 
1 82 
4 3299 3162 82 1478 
3 3000 83 3826 
1 83 
1 83 
2 83 1049 
2 83 4191 
3 1878 83 1882 
1 83 
1 83 
2 4527 83 
1 83 
2 83 4598 
1 83 
3 83 949 3356 
2 3977 83 
2 3575 83 
1 83 
1 83 
1 83 
2 712 83 
1 83 
2 83 2755 
2 4001 83 
2 84 1480 
1 84 
1 84 
3 84 3541 4089 
1 84 
2 84 3999 
3 1154 84 2700 
2 84 333 
1 84 
2 3537 84 
1 84 
2 4485 84 
2 1000 84 
2 84 129 
2 2574 84 
1 84 
2 84 1077 
3 4553 85 4253 
1 85 
4 85 374 4014 1593 
1 85 
1 85 
1 85 
2 85 2903 
2 740 85 
3 2351 85 1871 
2 85 1677 
2 3203 85 
2 85 3866 
1 85 
1 85 
1 85 
2 85 1626 
1 86 
2 86 3530 
2 2489 86 
2 86 757 
2 86 3170 
2 3871 86 
2 86 511 
1 86 
2 4853 86 
3 4039 3109 86 
2 86 4884 
1 86 
2 86 2486 
2 86 887 
5 1565 105 86 3306 2054 
1 87 
2 87 3488 
1 87 
1 87 
4 693 3824 87 4505 
4 4562 3932 87 2517 
2 87 2805 
1 87 
3 4522 87 907 
1 87 
2 87 4626 
1 87 
1 87 
2 87 4042 
2 1922 87 
2 87 2161 
2 1487 87 
1 87 
2 87 4015 
4 4806 2170 87 974 
2 88 311 
1 88 
2 88 2000 
1 88 
1 88 
3 1738 88 1326 
2 3127 88 
2 88 3307 
2 88 3458 
4 1135 861 88 3606 
2 88 686 
1 88 
2 88 1578 
3 88 4165 3461 
1 88 
1 88 
4 1631 3714 2955 89 
2 1630 89 
2 1695 89 
3 3433 2169 89 
2 89 826 
2 89 1319 
3 3877 699 89 
2 925 89 
1 89 
2 2303 89 
2 4088 89 
5 873 4623 89 4672 3123 
1 89 
1 89 
1 89 
1 89 
1 89 
2 1695 89 
2 3645 89 
2 3822 89 
2 89 2100 
3 3574 89 3424 
2 3478 90 
2 90 3313 
1 90 
2 90 1875 
2 90 4815 
2 90 3724 
2 164 90 
1 90 
3 3632 90 220 
1 90 
3 90 2266 1874 
1 90 
1 90 
4 3141 2187 90 2479 
3 3839 90 333 
1 90 
3 1687 90 3742 
3 3524 91 2001 
3 3552 2302 91 
1 91 
2 91 1872 
3 1918 1977 91 
2 91 1374 
1 91 
1 91 
4 4459 91 1572 174 
1 91 
3 3295 1331 91 
2 91 887 
1 91 
1 91 
1 91 
2 91 3445 
2 4801 92 
2 4018 92 
3 1408 92 1668 
2 92 2204 
1 92 
1 92 
4 2028 92 2459 4281 
2 4199 92 
2 2709 92 
2 1107 92 
3 1632 92 1647 
2 2378 92 
4 1005 92 657 2823 
1 92 
1 92 
3 3411 92 4749 
2 92 2424 
1 92 
4 4104 92 3816 3906 
1 92 
3 2281 92 173 
3 3195 92 2963 
2 1093 92 
3 1767 93 2425 
1 93 
3 1807 93 3887 
1 93 
2 1941 93 
2 791 93 
4 4836 2527 751 93 
1 93 
2 1390 93 
2 93 1290 
3 93 1372 3906 
2 4295 93 
3 417 2596 93 
2 4755 93 
2 3853 93 
3 4524 4679 93 
2 3949 93 
3 93 4463 2766 
3 93 2137 4044 
3 4731 341 93 
1 93 
1 93 
2 3000 94 
2 4553 94 
4 2546 318 94 4544 
3 4803 94 346 
1 94 
2 94 3136 
2 1978 94 
1 94 
3 823 1619 94 
1 94 
1 94 
1 94 
4 3929 112 94 909 
2 1994 94 
2 94 4479 
1 94 
2 3421 94 
3 4365 94 2927 
1 94 
2 2390 95 
3 4611 1492 95 
1 95 
3 3161 2717 95 
3 1364 4469 95 
3 3362 4333 95 
1 95 
1 95 
2 1781 95 
1 95 
1 95 
3 384 3286 95 
3 1785 1949 95 
1 95 
2 553 96 
3 2435 96 4429 
1 96 
1 96 
2 1708 96 
2 96 933 
2 1398 96 
2 519 96 
2 2786 96 
2 4430 96 
2 360 96 
1 96 
3 1125 3704 96 
2 96 4121 
2 786 96 
3 2883 2532 96 
2 2046 96 
1 96 
6 121 1757 1872 216 4116 97 
1 97 
2 4483 97 
1 97 
3 1761 97 3182 
1 97 
3 4029 3676 97 
3 2993 3635 97 
1 97 
1 97 
1 97 
3 3652 2825 97 
2 691 97 
2 4288 97 
1 97 
1 98 
2 98 3098 
3 98 4453 3694 
1 98 
2 98 1351 
2 98 756 
2 98 1238 
2 98 1054 
3 98 360 931 
2 98 4641 
2 98 3568 
5 99 1710 3392 3947 1342 
1 99 
1 99 
1 99 
3 99 1113 3217 
1 99 
1 99 
2 99 476 
3 99 2424 4711 
2 99 1413 
3 99 1113 4007 
2 99 2097 
1 99 
1 99 
2 99 2160 
2 99 3130 
3 100 4896 3459 
3 100 368 4383 
1 100 
2 100 4792 
2 100 3031 
3 100 718 4100 
2 100 1837 
2 100 304 
4 100 1838 2262 3775 
2 100 284 
2 100 2489 
5 100 4216 162 3092 1999 
3 100 2876 2900 
2 100 4221 
2 100 1829 
3 100 1831 2713 
4 100 4328 3518 2944 
2 100 2707 
2 100 2679 
1 100 
1 100 
3 100 182 3360 
2 100 2473 
1 100 
1 100 
2 100 1353 
3 101 2878 827 
2 101 3997 
6 101 3751 919 1266 4231 4751 
2 4037 101 
1 101 
3 644 101 3209 
3 2079 101 3146 
2 4408 101 
3 101 1905 4774 
2 101 4701 
4 413 101 1238 1436 
2 101 2689 
2 1136 101 
2 101 1245 
2 101 150 
1 101 
1 101 
1 101 
2 101 2110 
1 101 
1 101 
3 726 101 2998 
3 101 358 1571 
6 1781 1112 1672 101 4835 301 
1 101 
2 101 1662 
2 101 1655 
1 101 
2 102 4337 
4 4603 102 1529 4013 
1 102 
4 502 102 3232 1214 
2 4052 102 
4 594 1000 102 1529 
2 102 763 
4 1155 102 240 3816 
2 3296 102 
1 102 
2 102 2286 
1 102 
1 102 
2 1308 102 
3 3027 3144 102 
1 103 
3 103 4180 780 
2 103 2991 
1 103 
2 103 1472 
1 103 
1 103 
3 2918 103 4134 
1 103 
3 3004 103 1396 
1 103 
2 103 1395 
1 103 
3 524 1857 103 
1 103 
1 103 
2 103 2838 
2 103 2698 
1 103 
1 103 
1 103 
1 104 
3 104 2137 1419 
2 104 4034 
1 104 
1 104 
3 1673 104 4131 
1 104 
2 2677 104 
3 104 3053 4461 
2 104 1608 
2 104 4000 
1 104 
1 104 
1 104 
1 104 
3 104 4252 3513 
1 104 
1 104 
3 2335 104 4133 
1 104 
1 104 
2 104 3059 
1 104 
2 105 865 
1 105 
1 105 
2 105 2174 
2 105 670 
2 1712 105 
1 105 
2 105 3778 
1 105 
1 105 
1 105 
2 105 3443 
3 2827 4510 105 
3 105 1761 4798 
1 105 
1 105 
1 105 
1 105 
1 105 
3 105 2499 4479 
2 2146 105 
2 1423 105 
1 105 
1 105 
4 2356 2315 105 3503 
2 105 4629 
4 804 4874 105 3672 
1 106 
2 106 2956 
1 106 
1 106 
3 4825 106 1376 
1 106 
1 106 
1 106 
2 4155 106 
2 106 2174 
2 4602 106 
2 260 106 
2 106 992 
3 106 1456 4465 
3 1673 106 1105 
5 414 106 1736 3132 3135 
2 106 4355 
3 106 2319 2289 
2 106 2760 
1 106 
1 106 
2 106 3332 
2 766 106 
2 106 3480 
1 107 
2 107 1354 
2 107 2631 
2 2358 107 
3 107 4620 3795 
3 2838 107 3812 
4 3926 107 950 3973 
2 107 1743 
1 107 
1 107 
2 107 2582 
1 107 
3 107 1834 3132 
2 1616 107 
3 1669 107 3777 
1 107 
1 108 
1 108 
1 108 
2 4178 108 
2 108 4480 
2 108 3632 
2 108 2268 
1 108 
2 108 2666 
3 108 213 2715 
2 3963 108 
1 108 
1 108 
1 108 
1 108 
1 108 
1 108 
1 108 
4 2951 510 109 1374 
1 109 
1 109 
3 3241 109 3859 
1 109 
2 109 347 
2 903 109 
3 1691 2451 109 
3 109 2659 2498 
1 109 
2 904 109 
2 770 109 
2 109 2329 
2 109 2385 
1 109 
2 224 109 
3 109 4203 493 
1 109 
2 819 109 
1 109 
3 2469 109 432 
2 110 2281 
3 110 2050 198 
2 110 2850 
3 2724 110 2075 
4 110 2530 2924 1779 
2 110 2348 
3 2710 110 515 
2 3477 110 
2 2043 110 
2 110 370 
2 110 3468 
3 3578 110 4613 
2 110 1593 
1 110 
3 2743 111 166 
2 2256 111 
1 111 
1 111 
2 111 396 
1 111 
1 111 
2 1422 111 
1 111 
2 4311 111 
1 111 
2 111 4769 
2 3145 111 
1 111 
1 111 
3 3478 3076 111 
1 111 
3 3260 4106 111 
2 111 2324 
2 2045 111 
1 111 
1 111 
2 112 1144 
2 1855 112 
1 112 
2 1143 112 
2 112 1244 
1 112 
1 112 
2 697 112 
2 112 3704 
2 554 112 
1 112 
2 4830 112 
1 112 
2 4378 112 
2 112 976 
1 112 
2 1257 112 
1 112 
1 112 
3 112 613 1818 
1 112 
3 112 2421 1204 
2 112 1650 
1 112 
1 112 
1 112 
2 4291 113 
3 2304 113 3064 
1 113 
1 113 
2 279 113 
3 4517 113 2804 
3 1867 113 4538 
2 3467 113 
2 113 475 
2 802 113 
1 113 
1 113 
2 113 2226 
4 2123 113 3617 829 
2 113 1271 
1 113 
1 113 
2 678 113 
2 516 113 
2 114 2117 
1 114 
1 114 
1 114 
2 114 3104 
2 4664 114 
1 114 
2 114 457 
1 114 
4 1199 3303 114 2718 
1 114 
1 114 
1 114 
4 711 3611 114 1439 
3 1914 114 1726 
3 114 539 2586 
2 2866 114 
2 114 1246 
1 114 
2 115 3316 
1 115 
3 3767 4356 115 
2 1083 115 
2 115 1956 
2 2278 115 
2 115 3606 
2 1481 115 
1 115 
2 1311 115 
2 115 2632 
1 115 
4 1276 115 2959 455 
1 115 
4 3253 468 1029 115 
4 1330 982 3596 115 
1 115 
2 115 3399 
2 115 1821 
3 207 115 1609 
1 115 
2 115 377 
2 341 116 
1 116 
1 116 
1 116 
3 3236 116 1325 
5 1633 203 3721 116 118 
2 116 1613 
1 116 
1 116 
1 116 
3 1972 1939 116 
2 116 3430 
2 116 833 
4 4176 3938 116 1265 
3 1465 116 1397 
1 116 
1 116 
2 4355 117 
1 117 
3 1031 993 117 
1 117 
2 2386 117 
1 117 
4 1349 1665 117 912 
3 4192 562 117 
1 117 
2 3399 117 
1 117 
2 2856 117 
1 117 
2 221 117 
1 117 
2 3136 117 
2 4116 117 
3 3071 2342 117 
3 2724 3631 117 
2 156 117 
2 4648 117 
2 2311 117 
2 3351 117 
5 178 1446 1688 4468 117 
3 1402 2213 117 
1 118 
2 3528 118 
3 3200 1017 118 
1 118 
1 118 
1 118 
1 118 
3 3754 118 2205 
1 118 
1 118 
2 1109 118 
2 2522 118 
3 1377 661 118 
3 4288 1417 118 
2 2950 118 
2 1434 118 
1 118 
2 1456 118 
2 4111 118 
1 118 
2 2116 118 
1 119 
2 2725 119 
1 119 
1 119 
2 823 119 
2 3302 119 
2 2248 119 
2 4633 119 
2 2845 119 
1 119 
2 556 119 
3 4451 1028 119 
1 119 
1 119 
1 119 
2 399 119 
1 119 
1 119 
2 1444 119 
1 119 
1 119 
2 120 2233 
2 120 682 
1 120 
1 120 
2 2366 120 
2 120 3527 
1 120 
3 120 3411 4161 
3 120 2057 2509 
2 120 2728 
3 120 606 2285 
2 120 4610 
2 120 2588 
1 120 
2 120 1831 
2 120 1088 
2 120 4456 
1 120 
3 120 2728 1662 
3 120 4352 4089 
2 120 2009 
3 120 703 3681 
2 121 2478 
1 121 
1 121 
3 121 3382 3744 
1 121 
2 121 2524 
2 121 2746 
2 121 3211 
3 121 2147 3615 
2 121 133 
2 121 4821 
4 121 368 2042 1705 
1 121 
2 121 4501 
1 121 
2 121 2258 
4 121 4525 4089 1887 
1 121 
1 121 
2 121 1980 
1 121 
2 121 3243 
1 121 
2 121 1149 
4 121 3263 208 3623 
2 122 3288 
1 122 
1 122 
1 122 
2 1087 122 
2 122 2760 
1 122 
2 1670 122 
2 122 1639 
2 2105 122 
2 122 4038 
4 3871 4220 122 3717 
1 122 
1 122 
2 122 4035 
2 123 1098 
3 123 1300 2202 
2 938 123 
3 123 4834 444 
1 123 
2 123 1960 
1 123 
4 1361 123 700 4560 
2 123 1304 
2 123 1980 
1 123 
2 123 4528 
2 3890 123 
1 123 
3 163 123 2074 
3 123 4786 866 
2 123 806 
1 123 
3 123 3802 4534 
3 3664 123 2033 
4 124 261 3706 4099 
1 124 
2 3750 124 
1 124 
2 822 124 
2 124 1931 
1 124 
2 124 3086 
4 2982 124 4296 4540 
2 124 1289 
1 124 
1 124 
2 124 2198 
1 124 
2 124 3758 
2 3958 124 
1 124 
1 124 
3 124 228 2047 
3 124 3349 3233 
1 124 
2 125 1571 
1 125 
2 125 2839 
3 157 4697 125 
4 3751 125 2840 4152 
2 125 1960 
2 125 4299 
3 2573 1990 125 
2 922 125 
1 125 
1 125 
1 125 
4 4825 4568 125 1324 
1 125 
2 126 1495 
4 2444 126 2252 831 
1 126 
1 126 
2 126 3311 
1 126 
2 4852 126 
2 126 4116 
4 2616 126 4338 4618 
3 126 4203 1496 
1 126 
1 126 
2 768 126 
4 126 1696 2434 174 
2 126 4025 
2 4049 126 
2 2979 126 
1 126 
1 126 
2 126 3140 
3 126 491 2034 
2 2185 126 
1 126 
1 126 
1 127 
3 1749 4199 127 
2 127 1145 
2 127 3697 
1 127 
2 127 2502 
2 647 127 
2 127 4225 
2 127 323 
2 127 4115 
1 127 
3 2405 127 3707 
1 127 
1 127 
1 127 
2 127 3759 
2 128 2400 
1 128 
2 3126 128 
1 128 
2 3755 128 
1 128 
1 128 
2 1170 128 
3 2835 128 4082 
2 4431 128 
1 128 
1 128 
2 128 659 
2 128 2941 
1 128 
2 128 1108 
2 128 2099 
2 128 4479 
2 502 128 
3 128 1815 1701 
2 1708 128 
1 128 
1 129 
3 129 188 4277 
1 129 
2 129 975 
1 129 
2 129 4617 
1 129 
3 3417 129 2378 
2 1764 129 
2 129 2496 
2 129 3066 
2 129 310 
1 129 
1 129 
1 129 
1 129 
4 4786 1235 129 3649 
2 2366 130 
2 856 130 
1 130 
1 130 
1 130 
1 130 
1 130 
3 4215 2028 130 
1 130 
1 130 
1 130 
2 130 3137 
3 130 188 4339 
1 130 
3 130 135 892 
3 3187 1691 130 
1 130 
1 130 
1 130 
1 130 
2 130 4245 
1 130 
2 131 3453 
2 131 3562 
3 131 607 1097 
3 131 4664 2041 
1 131 
4 3026 184 131 1075 
2 131 364 
3 131 4276 1845 
2 131 359 
3 3876 131 953 
2 131 589 
1 131 
3 2270 131 3116 
2 131 1665 
3 131 4402 1110 
2 131 4333 
1 131 
1 131 
1 131 
1 131 
2 131 1591 
2 131 3804 
1 132 
3 1581 132 1833 
1 132 
1 132 
2 202 132 
2 3277 132 
4 1459 132 4147 2519 
2 132 1434 
2 132 2436 
1 132 
3 4696 2029 132 
3 132 4458 1955 
1 132 
3 132 1210 219 
2 2394 132 
1 132 
1 132 
2 132 4427 
1 133 
1 133 
1 133 
4 3449 2256 133 269 
2 133 1019 
1 133 
1 133 
1 133 
3 133 1317 3472 
1 133 
1 133 
2 1599 133 
3 1363 133 4076 
3 2494 133 4083 
2 4517 133 
2 133 3971 
2 2217 134 
2 597 134 
3 693 2275 134 
3 3432 3373 134 
2 134 3586 
2 1714 134 
1 134 
1 134 
5 3976 2928 4436 2046 134 
1 134 
5 134 1778 4009 3180 437 
1 134 
2 3757 134 
3 3639 280 134 
2 135 3551 
2 135 708 
2 3453 135 
1 135 
2 4660 135 
3 1220 3198 135 
1 135 
1 135 
2 135 395 
2 4227 135 
3 1732 442 135 
3 3256 135 4691 
2 135 4390 
1 135 
2 2903 135 
1 135 
1 135 
3 3934 136 2764 
2 1219 136 
1 136 
2 136 256 
1 136 
1 136 
2 3962 136 
3 4635 3609 136 
1 136 
1 136 
2 1464 136 
2 4069 136 
1 136 
2 303 136 
1 136 
1 136 
1 136 
1 136 
2 3719 136 
1 136 
3 2358 137 221 
3 137 3334 1560 
3 4783 137 2917 
2 3433 137 
1 137 
3 4800 3877 137 
2 3649 137 
3 181 4499 137 
1 137 
2 1997 137 
1 137 
1 137 
3 3272 2964 137 
4 804 4671 2138 137 
3 963 268 137 
2 2260 137 
1 138 
2 4133 138 
1 138 
1 138 
1 138 
2 3403 138 
1 138 
3 1720 4374 138 
3 3668 4599 138 
1 138 
4 4020 138 4168 640 
2 1206 138 
1 138 
4 920 3267 557 138 
2 138 4233 
2 138 3608 
1 138 
1 138 
1 138 
1 138 
4 3716 1060 1207 138 
4 4377 2747 138 333 
1 139 
2 3280 139 
2 139 4321 
1 139 
1 139 
3 2373 886 139 
1 139 
1 139 
3 2986 1419 139 
3 779 3864 139 
2 3173 139 
1 139 
2 3537 139 
2 2742 139 
1 139 
2 962 139 
1 139 
1 139 
1 139 
2 1238 139 
2 1989 139 
2 2152 139 
2 1502 139 
3 2669 473 139 
1 140 
2 4380 140 
2 1494 140 
1 140 
2 3462 140 
3 4085 2847 140 
3 2773 283 140 
2 1455 140 
2 3438 140 
4 836 3668 1519 140 
1 140 
2 1337 140 
1 140 
3 4837 140 176 
2 1057 140 
2 4468 140 
1 140 
2 3858 140 
1 141 
2 2945 141 
2 141 4148 
2 141 1221 
2 141 4562 
2 141 4059 
2 141 2029 
1 141 
2 141 2711 
1 141 
1 141 
1 141 
1 141 
4 141 841 2011 4472 
2 141 3321 
1 141 
2 141 2634 
1 141 
5 3838 141 421 825 637 
3 141 4265 3194 
1 141 
1 141 
3 141 3051 799 
3 141 162 4186 
2 142 1920 
1 142 
3 142 4106 1841 
1 142 
1 142 
3 142 4642 1474 
1 142 
4 142 925 860 2936 
1 142 
1 142 
1 142 
2 142 1032 
6 142 1083 1860 3109 4808 3273 
1 142 
3 142 3853 912 
2 142 4495 
1 142 
1 142 
1 142 
1 142 
2 142 1267 
2 142 1909 
2 142 2753 
2 142 1552 
1 142 
2 143 4188 
1 143 
2 143 4603 
1 143 
1 143 
2 143 1840 
1 143 
2 143 1693 
4 143 444 2048 655 
2 143 2661 
1 143 
2 143 1838 
1 143 
2 143 2012 
3 143 4900 196 
3 143 2899 1752 
2 143 2132 
2 143 337 
1 143 
1 143 
1 143 
1 144 
3 144 2045 2199 
4 2228 144 3730 3683 
1 144 
1 144 
3 144 2257 2266 
2 144 3452 
1 144 
1 144 
1 144 
2 144 4340 
1 144 
2 144 3344 
3 144 920 4367 
2 144 3543 
1 144 
1 144 
1 144 
4 145 877 1202 975 
5 145 2624 3016 2868 717 
2 2056 145 
2 145 3706 
1 145 
3 145 2276 4413 
3 145 228 2610 
4 739 4827 145 4120 
2 145 4296 
1 145 
2 276 145 
1 145 
2 145 2699 
1 145 
3 145 1105 1544 
1 145 
1 145 
4 3000 145 4150 827 
4 4324 145 755 1356 
3 145 2300 1981 
2 2983 145 
2 145 700 
3 145 1090 3269 
4 2553 145 3261 958 
3 145 4796 1099 
2 145 1725 
2 3205 145 
3 4636 4735 145 
2 528 146 
5 4087 146 730 1011 4213 
2 146 251 
3 4636 146 1203 
3 649 146 2641 
2 146 1228 
2 146 3285 
1 146 
3 3005 146 3790 
2 1002 146 
3 1421 146 3334 
4 146 884 3430 3356 
1 146 
1 146 
1 146 
2 146 3995 
1 146 
2 146 1771 
1 146 
1 146 
2 3389 146 
1 147 
3 4892 147 1499 
2 4051 147 
3 147 1239 4516 
2 742 147 
1 147 
3 1083 1365 147 
3 147 540 4772 
2 147 3515 
3 696 147 4203 
2 368 147 
1 147 
2 147 287 
1 147 
2 2109 147 
2 1600 147 
1 147 
2 147 320 
2 1278 147 
1 148 
1 148 
2 148 577 
4 3503 148 890 2965 
1 148 
4 3979 861 148 3637 
2 148 3139 
2 279 148 
3 4215 1481 148 
3 4640 148 3290 
1 148 
2 4127 148 
2 148 429 
1 148 
2 1697 148 
1 148 
3 3581 148 1792 
2 148 954 
4 1948 149 4229 1055 
1 149 
3 149 3565 1343 
1 149 
1 149 
2 149 640 
2 3499 149 
1 149 
2 2413 149 
2 149 3954 
2 149 906 
4 1992 149 1242 1908 
2 2353 149 
3 2355 149 3888 
2 149 3632 
1 149 
2 4492 149 
1 149 
3 149 2235 3862 
1 149 
2 2640 149 
1 149 
2 149 4674 
2 2044 149 
2 341 149 
1 149 
1 150 
3 150 3616 3249 
1 150 
2 2192 150 
1 150 
1 150 
1 150 
4 150 2959 4770 4691 
2 150 1497 
3 3714 1240 150 
1 150 
3 595 3266 150 
2 3151 150 
2 150 2139 
2 264 150 
3 2742 771 150 
2 3076 150 
2 150 3921 
1 150 
1 150 
2 3319 150 
1 150 
1 150 
3 1118 151 1835 
2 4158 151 
2 1849 151 
3 151 3674 4672 
1 151 
3 3523 151 1176 
3 4241 151 3526 
2 151 1778 
2 960 151 
1 151 
1 151 
2 151 2912 
2 3728 151 
4 1025 151 1227 3990 
1 151 
2 3048 151 
1 151 
2 3579 151 
1 152 
1 152 
3 3724 152 4207 
1 152 
1 152 
3 152 2717 4060 
2 1835 152 
3 4806 152 4135 
1 152 
3 1569 152 2550 
1 152 
2 3734 152 
2 698 152 
1 152 
2 2987 152 
1 152 
1 152 
2 152 1399 
3 2953 2887 152 
1 152 
1 152 
2 609 152 
1 152 
2 2575 152 
3 767 1899 153 
1 153 
2 629 153 
1 153 
2 153 4280 
1 153 
2 2046 153 
2 153 1195 
1 153 
3 3693 153 1747 
3 2530 154 500 
2 4272 154 
2 589 154 
1 154 
1 154 
2 645 154 
1 154 
2 1416 154 
2 2684 154 
1 154 
2 842 154 
1 154 
1 154 
2 2418 154 
3 439 3926 154 
3 1509 154 1307 
4 3239 1839 154 4317 
2 2654 155 
2 4007 155 
2 3528 155 
1 155 
2 3309 155 
2 2220 155 
4 2021 1221 155 3778 
2 595 155 
2 2912 155 
3 3978 4776 155 
2 1630 155 
3 1964 155 724 
1 155 
1 155 
3 2860 2154 155 
3 3417 4300 155 
1 155 
2 4382 155 
2 1706 155 
2 2585 155 
2 2812 155 
2 155 1069 
2 3585 155 
2 756 155 
3 156 314 3576 
3 156 4222 3576 
1 156 
4 156 1309 713 3036 
2 156 3928 
1 156 
2 156 182 
1 156 
1 156 
1 156 
3 157 2381 1442 
1 157 
2 157 4717 
3 157 2338 3994 
3 157 2761 4773 
1 157 
1 157 
3 157 2619 4200 
3 157 1177 2908 
1 157 
1 157 
1 157 
2 157 1894 
1 157 
3 157 1788 3485 
1 157 
2 157 3124 
1 157 
2 157 3490 
2 157 1870 
1 157 
4 1730 158 1524 2758 
3 158 4731 4583 
2 158 360 
3 158 4877 1306 
3 158 3630 1901 
3 158 3552 2777 
2 158 4531 
1 158 
1 158 
1 158 
3 158 788 3082 
1 158 
1 158 
3 158 3435 335 
1 158 
2 158 1064 
4 158 2742 3500 536 
1 158 
1 158 
2 158 1036 
1 158 
1 158 
2 4579 158 
1 158 
3 158 4654 3136 
2 159 3513 
2 159 2471 
2 159 1891 
1 159 
2 159 357 
1 159 
3 3591 159 1827 
1 159 
2 159 4344 
2 159 3951 
2 159 3679 
3 159 4562 2972 
2 159 3070 
1 159 
2 159 3835 
1 159 
1 159 
1 159 
1 159 
2 159 1423 
2 159 4752 
1 159 
1 159 
2 160 2891 
1 160 
2 160 4560 
2 160 2675 
2 4621 160 
3 160 1921 3376 
2 160 513 
3 160 3610 4183 
2 160 1098 
3 3237 160 1014 
1 160 
2 160 1934 
2 160 570 
2 160 3752 
1 160 
1 160 
2 160 2105 
1 160 
3 160 209 2437 
1 160 
1 160 
3 4394 160 309 
2 160 3037 
3 161 2198 4444 
2 161 3360 
2 4451 161 
2 161 3615 
1 161 
3 161 2071 2869 
3 4467 161 3691 
1 161 
1 161 
4 161 1159 1174 221 
1 161 
3 161 3010 747 
3 544 161 4292 
2 161 185 
1 161 
3 161 2337 4252 
1 161 
1 161 
2 161 3817 
1 162 
1 162 
2 162 1834 
2 162 1469 
2 162 1485 
2 4285 162 
1 162 
1 162 
3 1797 162 4798 
1 162 
2 162 1454 
1 162 
1 162 
1 162 
3 162 4051 2127 
1 162 
1 163 
1 163 
3 163 4701 953 
3 163 2689 1588 
1 163 
1 163 
2 163 1371 
1 163 
3 4326 163 3615 
2 163 4144 
3 163 1050 2478 
1 163 
1 163 
3 163 4069 4652 
2 163 3846 
2 163 1047 
1 163 
3 163 4852 1641 
2 163 2995 
1 164 
4 2407 164 4364 3855 
3 164 1620 407 
1 164 
2 164 4283 
2 164 1822 
1 164 
3 164 1978 1999 
1 164 
1 164 
2 164 1978 
4 1735 164 2196 3024 
2 164 2455 
2 164 4650 
4 164 2815 1286 3332 
2 164 2384 
2 165 1665 
1 165 
2 3253 165 
2 165 1891 
2 165 2068 
2 1855 165 
1 165 
2 165 3328 
3 1024 165 4594 
1 165 
3 4785 165 2865 
1 165 
1 165 
1 165 
2 165 392 
2 165 3935 
1 165 
4 697 165 1191 335 
3 165 1202 1241 
5 3925 165 4073 3864 1038 
3 595 1752 166 
2 166 1523 
2 166 3957 
1 166 
2 166 3829 
1 166 
3 979 3917 166 
1 166 
1 166 
2 1583 166 
2 166 4780 
2 1347 166 
3 2621 166 1159 
1 166 
1 166 
4 3960 960 4365 166 
1 166 
1 166 
1 166 
3 4579 166 2532 
2 665 166 
2 1785 166 
1 167 
1 167 
2 3319 167 
2 167 3474 
3 3448 167 2459 
2 167 376 
3 3851 1159 167 
3 503 167 3765 
2 167 4673 
2 809 167 
1 167 
3 4607 167 2672 
3 4468 167 1706 
1 167 
1 167 
2 2541 167 
2 167 4820 
3 2208 167 3367 
1 167 
1 167 
2 168 1573 
1 168 
3 168 2767 4062 
1 168 
1 168 
1 168 
4 1854 1277 168 3779 
1 168 
3 2277 3756 168 
3 3224 922 168 
1 168 
1 168 
1 168 
1 168 
3 1811 4074 168 
1 169 
1 169 
1 169 
1 169 
1 169 
3 1426 1121 169 
3 753 169 3212 
1 169 
2 210 169 
2 169 3367 
1 169 
1 169 
1 169 
1 169 
2 1880 169 
2 169 2349 
2 169 257 
1 169 
2 2168 170 
3 727 3057 170 
2 3697 170 
2 170 2944 
3 727 170 269 
3 2024 170 4869 
2 3526 170 
4 4662 170 538 2291 
3 4825 170 971 
1 170 
1 170 
1 170 
1 170 
2 2854 170 
1 170 
1 170 
2 3362 170 
3 3143 2156 171 
1 171 
1 171 
2 2547 171 
2 440 171 
1 171 
3 4140 1512 171 
3 171 4629 2073 
4 594 4354 171 2764 
2 985 171 
4 1318 171 4821 2294 
2 171 1376 
1 171 
2 2864 171 
2 2602 171 
2 4590 171 
3 3452 171 2763 
2 787 171 
2 263 171 
4 698 3983 171 2585 
2 2689 171 
1 171 
1 172 
2 792 172 
4 187 2493 1162 172 
2 229 172 
2 689 172 
2 2612 172 
1 172 
2 4887 172 
1 172 
1 172 
2 2775 172 
2 1760 172 
1 172 
2 2295 172 
2 282 172 
2 2818 172 
2 658 172 
1 172 
1 172 
2 218 173 
3 1679 1206 173 
3 1885 3369 173 
1 173 
1 173 
2 173 1523 
1 173 
2 4808 173 
3 2232 173 4102 
3 3879 2132 173 
1 173 
2 1101 173 
2 173 1593 
3 1621 633 173 
2 3518 173 
4 2949 1171 4616 173 
5 3546 4629 4097 173 4101 
3 693 2369 173 
1 173 
2 1653 173 
2 4681 173 
2 4641 173 
4 2142 634 562 173 
2 766 173 
1 174 
3 3185 2873 174 
1 174 
3 4307 2667 174 
2 174 640 
3 884 239 174 
1 174 
3 4790 174 3607 
3 3854 3428 174 
2 4765 174 
3 1116 3148 174 
3 1404 4537 174 
2 4707 174 
1 174 
3 1984 174 3139 
2 230 174 
4 2574 2779 956 174 
2 175 311 
1 175 
1 175 
2 3427 175 
2 3378 175 
2 377 175 
1 175 
1 175 
2 865 175 
3 1360 2735 175 
1 175 
3 4365 4205 175 
2 249 175 
1 175 
3 347 2349 175 
1 175 
2 2203 175 
1 175 
2 1012 175 
1 175 
1 175 
3 2780 1536 175 
1 176 
5 710 650 4614 195 176 
1 176 
3 3072 1844 176 
1 176 
4 1754 362 3252 176 
1 176 
1 176 
4 4057 538 350 176 
3 4243 1378 176 
3 3227 3200 176 
3 1081 4261 176 
2 3296 176 
2 3431 176 
1 176 
2 177 3540 
2 177 2525 
1 177 
4 177 670 3738 3546 
2 177 3053 
1 177 
3 177 3339 370 
2 177 3640 
2 177 1269 
1 177 
2 177 2273 
1 177 
2 177 3928 
2 177 444 
2 178 4891 
1 178 
2 178 628 
2 178 2789 
2 178 4530 
3 178 4668 1286 
3 178 764 1807 
2 178 3558 
3 178 4515 1207 
2 178 4515 
1 178 
1 178 
1 178 
4 178 2190 4748 2159 
2 178 3644 
2 178 738 
1 178 
3 178 2594 4354 
2 178 4030 
2 178 1214 
2 178 1370 
3 179 1124 3971 
1 179 
1 179 
1 179 
3 179 2255 1700 
2 179 3771 
1 179 
1 179 
2 179 651 
1 179 
3 179 2434 2960 
2 179 388 
1 179 
3 179 1169 4682 
3 179 213 1746 
2 179 3842 
1 179 
2 179 1651 
2 179 3719 
2 179 4008 
3 179 3338 1370 
2 179 3326 
2 179 4667 
4 179 3624 2780 2175 
2 179 3370 
3 180 2525 585 
3 180 2576 1633 
2 180 1282 
3 180 3013 1278 
2 180 1305 
2 180 4101 
2 180 2643 
1 180 
1 180 
1 180 
2 180 1208 
3 180 1059 1947 
1 180 
3 180 3564 1684 
2 180 4119 
1 181 
2 181 3187 
3 181 1345 2509 
1 181 
2 181 4077 
3 181 2729 3269 
3 2466 2538 181 
3 181 565 4625 
1 181 
1 181 
1 181 
2 181 1622 
2 1823 181 
3 181 229 1303 
2 181 1627 
2 182 2639 
1 182 
2 182 1141 
1 182 
2 182 800 
2 182 2111 
3 182 2052 865 
2 182 4461 
2 4235 182 
2 182 1101 
2 182 2514 
1 182 
2 3186 182 
1 182 
2 4430 182 
2 183 2049 
3 1652 183 2071 
2 183 4035 
2 183 1986 
2 183 3814 
1 183 
2 855 183 
1 183 
2 183 2993 
1 183 
2 183 671 
3 1595 183 4864 
2 183 4839 
4 183 2997 543 335 
2 184 935 
1 184 
2 4487 184 
2 4411 184 
1 184 
1 184 
1 184 
1 184 
2 2833 184 
2 184 3016 
2 184 935 
2 940 184 
3 2812 184 1960 
1 184 
1 184 
3 3871 184 1147 
2 184 1010 
1 184 
1 184 
2 184 3813 
1 184 
2 1043 184 
3 3025 184 1928 
1 184 
2 184 2798 
2 3647 185 
3 185 4730 4010 
5 622 185 3308 1839 4321 
2 185 605 
2 4551 185 
3 185 3900 1397 
1 185 
2 185 2881 
2 1669 185 
1 185 
4 3242 185 4788 2882 
2 185 2253 
4 2947 2207 185 4181 
2 185 1458 
3 1580 185 474 
2 485 185 
1 185 
1 186 
2 186 4749 
1 186 
1 186 
6 1256 229 186 2623 1555 974 
2 186 1201 
2 4413 186 
2 3372 186 
2 1549 186 
1 186 
3 186 2737 1038 
1 186 
1 186 
4 4754 3375 186 3310 
1 186 
4 1041 4608 186 3999 
1 186 
1 186 
2 2536 186 
3 1670 3005 187 
3 187 1471 4145 
2 187 4706 
1 187 
1 187 
2 187 3953 
2 3393 187 
2 187 4277 
5 1361 1424 4307 187 1454 
1 187 
2 2467 187 
2 187 1204 
3 940 187 3445 
3 2829 187 4165 
1 187 
2 187 4251 
5 3980 187 4332 3984 1806 
1 187 
1 187 
2 187 3586 
2 4550 188 
3 188 3882 1147 
2 188 1651 
2 188 1538 
3 2969 2970 188 
2 188 1381 
3 188 2053 3973 
2 188 2893 
2 188 4014 
3 188 1127 2825 
1 188 
2 999 188 
1 188 
3 3718 188 2967 
4 764 188 2526 3571 
1 188 
3 3852 188 3761 
1 188 
1 188 
2 3031 189 
2 3714 189 
2 189 1034 
1 189 
3 4263 4529 189 
2 189 2157 
1 189 
1 189 
1 189 
2 189 3818 
1 189 
2 601 189 
2 189 3759 
2 1428 189 
1 189 
3 2148 1623 189 
3 3325 189 4372 
2 189 2604 
2 2560 190 
2 3055 190 
2 190 2136 
1 190 
1 190 
2 3802 190 
4 3074 2278 3114 190 
3 2854 190 4423 
2 190 2117 
1 190 
1 190 
1 190 
2 3646 190 
2 190 4847 
3 190 4618 2294 
3 4522 191 3430 
1 191 
2 3751 191 
1 191 
1 191 
2 191 1304 
2 3004 191 
2 2199 191 
4 1660 2841 2008 191 
2 191 4480 
2 3784 191 
3 1788 191 4752 
1 191 
2 2814 191 
1 191 
2 192 2535 
2 3379 192 
2 192 4189 
2 1243 192 
1 192 
3 1460 3400 192 
2 192 1648 
2 192 3621 
3 3516 4897 192 
1 192 
3 2579 192 2443 
2 4204 192 
2 483 192 
3 3722 192 1792 
1 192 
1 192 
1 192 
1 192 
1 192 
4 4585 3969 192 4000 
1 192 
1 192 
1 193 
2 4057 193 
1 193 
3 1468 193 2329 
2 1172 193 
2 193 4845 
1 193 
4 2597 2644 193 1520 
5 4638 302 4574 193 3999 
2 1088 193 
1 193 
2 193 1962 
2 193 255 
2 2879 193 
2 733 193 
3 1787 193 3706 
1 193 
1 193 
2 3035 193 
1 193 
3 3976 193 2269 
2 1515 193 
3 2725 193 1163 
3 4713 4529 193 
2 1234 194 
1 194 
1 194 
1 194 
2 3897 194 
1 194 
3 3077 844 194 
1 194 
2 194 2927 
4 1798 4485 194 1443 
1 194 
1 194 
4 802 3238 2392 194 
1 194 
3 1103 3964 194 
2 194 3814 
1 194 
1 194 
1 194 
3 2086 1775 194 
1 194 
4 2330 2744 194 3676 
2 194 2400 
1 195 
3 195 1150 4477 
1 195 
1 195 
1 195 
1 195 
4 1630 3592 2862 195 
2 4529 195 
2 195 2609 
3 2306 1280 195 
5 664 4176 195 3585 4709 
3 3425 195 2571 
3 695 3732 195 
4 898 2169 3945 195 
3 195 3652 1480 
1 195 
3 2896 1657 195 
2 689 195 
2 3998 196 
1 196 
2 2888 196 
1 196 
2 2725 196 
1 196 
4 3720 4809 4132 196 
2 4230 196 
2 2905 196 
1 196 
1 196 
1 196 
3 3375 698 196 
1 196 
1 196 
1 196 
3 4446 196 1668 
1 196 
2 2273 196 
2 196 4033 
2 4277 196 
1 196 
2 1441 196 
1 197 
2 2332 197 
4 1851 2355 3626 197 
2 3061 197 
2 4229 197 
2 2213 197 
3 2409 197 1380 
2 3211 197 
2 2534 197 
3 2344 4361 197 
4 4816 3603 197 2404 
1 197 
2 197 3588 
2 1387 197 
2 558 197 
2 628 197 
2 3190 197 
1 197 
3 2144 473 198 
3 3857 1443 198 
1 198 
1 198 
2 3412 198 
1 198 
1 198 
1 198 
2 1831 198 
2 530 198 
2 2001 198 
4 3844 2951 1943 198 
3 4683 3209 198 
2 1276 198 
2 4764 199 
1 199 
1 199 
2 3634 199 
1 199 
2 1136 199 
2 966 199 
1 199 
1 199 
2 2777 199 
1 199 
1 199 
1 199 
1 199 
3 1991 4278 199 
2 200 3802 
2 1113 200 
1 200 
2 200 604 
2 200 4774 
1 200 
5 3796 200 3614 4405 2328 
2 200 686 
2 200 2487 
2 200 3977 
1 200 
2 200 1349 
2 200 556 
1 200 
1 200 
2 200 1351 
3 200 421 1992 
3 200 3510 437 
4 200 3481 3700 1441 
3 200 4858 1322 
3 200 1884 1703 
2 200 3089 
2 200 3600 
2 200 4032 
1 201 
1 201 
2 201 1649 
1 201 
2 201 1598 
3 201 584 659 
2 1524 201 
2 201 3862 
1 201 
2 201 3165 
3 998 201 927 
1 201 
2 201 3917 
1 201 
1 201 
2 201 3039 
2 896 201 
4 725 201 4230 4167 
3 202 4240 2671 
3 202 1666 976 
1 202 
1 202 
3 202 3422 4669 
3 202 4867 4884 
2 202 3778 
1 202 
2 202 3120 
1 202 
1 202 
2 202 4470 
1 202 
3 1362 202 3189 
3 202 4704 3588 
4 4871 202 2691 1722 
3 202 3326 1015 
2 3126 202 
1 202 
2 3768 202 
2 202 2652 
2 2024 202 
1 202 
2 202 798 
3 202 3827 2845 
1 202 
4 4740 202 2620 3160 
1 202 
2 202 1574 
1 202 
2 578 203 
1 203 
2 203 4883 
4 1584 203 2306 3506 
3 203 4293 4780 
1 203 
1 203 
2 4468 203 
2 203 2475 
3 1636 203 2578 
1 203 
2 203 3303 
1 203 
1 203 
2 3573 203 
2 203 4146 
1 203 
1 203 
1 203 
3 1710 203 4347 
2 203 2840 
1 203 
2 204 2322 
1 204 
2 4551 204 
2 1102 204 
1 204 
1 204 
1 204 
2 3689 204 
2 204 1314 
2 901 204 
2 204 3521 
1 204 
2 1116 204 
1 204 
3 4399 204 1226 
1 204 
4 204 4055 1718 1703 
1 204 
1 205 
2 622 205 
1 205 
1 205 
1 205 
1 205 
1 205 
2 1113 205 
1 205 
3 3167 205 3832 
2 385 205 
2 205 4056 
2 205 4507 
4 205 2870 4101 620 
1 205 
2 205 4439 
1 205 
2 206 3160 
5 1993 206 4184 4599 2942 
2 206 4878 
3 206 2973 3384 
3 206 1742 490 
1 206 
1 206 
2 1599 206 
2 4173 206 
2 2553 206 
3 206 3156 1069 
1 206 
2 206 4150 
3 4886 206 2177 
1 206 
1 206 
1 207 
1 207 
1 207 
1 207 
3 570 207 3721 
1 207 
2 1807 207 
2 665 207 
2 207 1724 
1 207 
2 207 3034 
2 207 985 
2 3557 207 
4 4288 2836 4162 207 
2 1133 207 
2 1295 207 
2 3163 207 
3 4799 208 2345 
2 208 1148 
2 208 3176 
1 208 
2 2559 208 
3 208 2013 759 
3 208 3699 394 
3 208 522 1167 
1 208 
1 208 
1 208 
2 208 3658 
2 264 208 
4 3407 208 1186 2521 
1 208 
4 3578 1993 208 4425 
1 208 
3 209 4186 4119 
3 209 2530 3681 
4 4877 209 1537 3805 
2 2954 209 
2 2814 209 
2 209 3568 
1 209 
1 209 
2 209 3272 
2 209 3568 
1 209 
2 209 432 
2 209 1160 
2 4644 209 
1 209 
2 209 2889 
1 210 
2 284 210 
1 210 
2 2982 210 
3 210 253 2784 
1 210 
2 1850 210 
4 3726 4755 210 4300 
5 4717 1551 3669 210 3548 
3 1923 210 3658 
3 4381 211 1545 
1 211 
2 1157 211 
1 211 
1 211 
2 211 638 
3 2946 211 1817 
2 211 3426 
2 211 2532 
3 482 3517 211 
1 211 
2 211 4674 
2 1878 211 
3 1565 3580 211 
2 211 1612 
1 212 
1 212 
4 4236 1686 212 4539 
1 212 
2 2599 212 
1 212 
2 232 212 
2 212 706 
1 212 
2 2379 212 
1 212 
1 212 
2 4739 212 
3 4849 1787 212 
2 212 3404 
2 507 212 
3 1237 212 3819 
3 4193 212 3745 
3 1915 280 212 
4 4605 3479 212 2309 
1 212 
3 1852 213 1307 
3 2305 213 1204 
2 213 1588 
1 213 
1 213 
2 213 1607 
4 4241 4419 213 4080 
4 682 213 473 1726 
2 213 4559 
1 213 
3 213 4345 4822 
2 4827 213 
3 214 1187 2380 
1 214 
3 2792 214 3104 
4 4084 1881 1429 214 
1 214 
1 214 
2 214 3906 
3 214 3919 4559 
4 3662 3365 1203 214 
2 449 214 
3 764 2658 214 
2 2899 214 
1 214 
2 3205 214 
2 1385 215 
2 215 360 
1 215 
1 215 
2 215 4868 
2 215 4478 
3 2564 215 3119 
2 4588 215 
2 1496 215 
1 215 
2 215 3160 
2 215 3217 
1 215 
3 2518 215 1032 
2 3451 215 
1 215 
1 215 
2 4043 215 
1 215 
2 2413 215 
4 415 215 2519 663 
2 4052 216 
3 2640 216 1290 
2 260 216 
3 2770 4855 216 
2 1640 216 
4 1549 216 2286 2267 
2 4228 216 
3 4581 679 216 
3 4351 267 216 
1 216 
3 4633 262 216 
1 216 
1 216 
2 216 3310 
1 216 
4 2330 1257 562 216 
2 1828 216 
6 3437 373 216 3310 3921 348 
3 3302 216 4541 
1 217 
3 1703 778 217 
1 217 
3 2679 2073 217 
1 217 
3 4534 217 4780 
1 217 
1 217 
2 217 2224 
1 217 
1 217 
2 288 217 
2 2398 217 
5 1781 324 2372 2197 217 
1 217 
1 217 
4 3975 714 217 3446 
3 2748 280 217 
2 1776 217 
2 4207 218 
1 218 
3 897 4440 218 
1 218 
2 4777 218 
2 2820 218 
1 218 
1 218 
2 331 218 
2 1918 218 
2 3732 218 
3 2590 1931 218 
2 1899 218 
2 2901 218 
2 4641 218 
1 219 
1 219 
2 863 219 
2 3259 219 
2 4597 219 
1 219 
1 219 
2 3115 219 
2 3553 219 
3 1220 3883 219 
2 2494 219 
2 2655 219 
2 219 1273 
5 4483 2758 3937 362 219 
2 1272 219 
3 2355 389 219 
1 219 
1 219 
2 1971 220 
1 220 
2 4510 220 
2 2877 220 
1 220 
1 220 
5 4585 4892 228 2255 220 
4 1434 3954 616 220 
1 220 
1 220 
3 1627 3565 220 
2 220 1053 
3 275 220 3837 
2 2599 220 
1 220 
1 220 
2 1063 220 
1 221 
2 3933 221 
1 221 
1 221 
3 3718 2177 221 
1 221 
2 2006 221 
3 366 4436 221 
2 1893 221 
2 3528 221 
1 221 
3 823 3055 221 
2 3926 221 
1 221 
3 3975 221 2676 
1 221 
3 2702 4367 221 
2 3641 221 
3 4489 772 221 
2 1528 221 
2 2188 222 
2 4033 222 
1 222 
1 222 
1 222 
1 222 
1 222 
4 1382 2390 1692 222 
2 2986 222 
1 222 
3 4853 557 222 
6 2374 1318 2799 2037 4503 222 
2 3650 222 
2 3346 222 
1 222 
3 2896 4122 222 
1 222 
2 591 222 
2 522 222 
1 222 
1 222 
2 2770 222 
1 222 
4 223 2451 604 2817 
3 1132 223 1834 
1 223 
1 223 
2 223 1323 
2 223 2306 
2 223 1836 
2 223 2970 
1 223 
1 223 
2 223 2396 
1 223 
2 223 2545 
3 223 4090 779 
4 2827 223 3753 714 
4 223 3733 4703 3837 
2 223 1851 
2 223 828 
2 223 2603 
1 223 
2 224 3470 
5 4731 4511 224 4018 380 
2 224 1442 
3 4712 224 4437 
1 224 
2 3838 224 
4 224 2882 4043 4691 
1 224 
3 224 1406 3366 
1 224 
2 224 2464 
1 224 
1 224 
3 224 914 797 
1 224 
1 224 
3 224 1352 3567 
3 224 1928 3086 
2 1563 224 
1 224 
1 224 
1 224 
1 224 
1 224 
2 225 4704 
1 225 
2 225 3368 
1 225 
3 225 3595 1148 
1 225 
2 225 2672 
1 225 
2 225 483 
3 225 541 4708 
2 225 4618 
1 225 
1 225 
2 225 2929 
1 225 
1 225 
1 225 
2 225 2473 
5 225 2428 466 3559 3746 
3 225 4842 3795 
1 225 
3 225 2922 4589 
2 225 1691 
1 225 
2 225 3129 
2 225 1321 
2 226 3095 
1 226 
1 226 
5 226 263 2219 3954 1794 
2 226 4541 
1 226 
2 2104 226 
3 4327 226 3083 
2 226 3872 
1 226 
2 226 1719 
3 226 2749 2338 
1 226 
1 226 
3 2357 226 806 
3 226 2960 3998 
1 226 
1 226 
3 227 4783 253 
1 227 
1 227 
1 227 
3 227 3321 3560 
1 227 
1 227 
2 227 1409 
2 227 2065 
1 227 
1 227 
2 227 4843 
4 227 1261 1019 4561 
1 227 
3 227 4355 2944 
2 227 1128 
1 227 
1 227 
3 2613 227 3518 
3 227 4371 438 
1 227 
2 228 2759 
1 228 
3 1072 228 3114 
2 228 4292 
2 228 1839 
1 228 
2 1219 228 
2 1156 228 
3 228 4867 3568 
3 228 1754 2481 
1 228 
2 228 4391 
1 228 
3 1877 228 1217 
2 228 2373 
2 228 2456 
2 228 2733 
2 228 319 
1 228 
1 228 
2 228 3033 
2 228 4047 
3 228 448 763 
2 228 3887 
1 229 
2 678 229 
1 229 
2 229 4092 
2 229 2267 
2 4525 229 
3 3261 229 3403 
4 2181 229 1979 4317 
3 2144 469 229 
2 466 229 
2 229 562 
2 229 793 
1 229 
2 229 3758 
1 229 
2 229 4748 
2 3126 230 
4 230 3346 3176 1747 
1 230 
3 230 4188 2736 
1 230 
2 230 1260 
3 644 230 448 
2 230 4322 
2 230 3607 
1 230 
2 2596 230 
1 231 
1 231 
2 231 2610 
4 231 2091 1204 496 
1 231 
3 2636 231 556 
3 4001 231 1020 
2 231 2962 
2 1824 231 
1 231 
1 231 
1 231 
1 231 
2 1254 231 
1 231 
2 231 2548 
2 231 4335 
2 4436 231 
3 261 231 763 
2 232 3069 
1 232 
2 4833 232 
1 232 
1 232 
4 417 232 3904 851 
2 4437 232 
1 232 
2 232 2480 
1 232 
1 232 
3 232 4417 3802 
1 232 
1 233 
2 1856 233 
1 233 
2 414 233 
2 3494 233 
1 233 
3 2746 233 3539 
1 233 
1 233 
1 233 
2 233 4405 
1 233 
2 233 4043 
2 1387 233 
1 233 
1 233 
2 233 3616 
1 233 
2 233 3973 
1 233 
2 233 2505 
2 233 1227 
2 1764 233 
3 234 1772 3476 
3 2414 234 432 
2 234 1165 
1 234 
1 234 
2 4510 234 
4 4179 234 2530 4392 
3 4238 4400 234 
2 355 234 
2 234 3923 
2 4124 234 
1 234 
1 234 
2 234 1035 
2 3071 234 
2 234 851 
3 916 234 3742 
1 234 
1 234 
1 234 
1 235 
4 4511 3073 235 2238 
1 235 
2 1798 235 
1 235 
1 235 
2 235 2264 
1 235 
2 235 2499 
2 1677 235 
2 235 4812 
3 1921 3469 235 
1 235 
2 235 1725 
1 235 
3 1976 948 235 
1 236 
2 3077 236 
6 3875 3195 236 2650 378 2204 
3 1753 359 236 
3 3849 236 617 
2 1370 236 
2 2666 236 
1 236 
1 236 
1 236 
2 4510 236 
4 3709 372 4880 236 
2 4068 236 
4 236 2422 1955 1744 
3 2007 3633 236 
1 236 
1 237 
4 1783 4150 1051 237 
2 237 520 
4 839 3694 237 1557 
1 237 
2 3493 237 
1 237 
3 237 457 4190 
1 237 
1 237 
2 2843 237 
1 237 
2 1039 237 
4 1094 2692 237 4868 
2 829 237 
1 237 
1 237 
2 2580 237 
1 237 
2 2283 237 
1 237 
2 4203 237 
2 237 4575 
3 1598 301 237 
1 237 
2 3920 237 
1 237 
1 237 
5 4157 4435 1948 238 4476 
4 4451 4236 1388 238 
1 238 
1 238 
1 238 
3 3394 3395 238 
2 2793 238 
3 2109 238 2520 
1 238 
1 238 
2 4745 239 
1 239 
3 3624 1602 239 
1 239 
3 4803 1723 239 
3 4353 2286 239 
1 239 
2 1532 239 
2 2321 239 
4 3715 3595 239 3684 
2 3390 239 
2 3006 239 
2 4668 239 
2 4603 239 
4 834 4108 239 2328 
2 559 239 
2 672 239 
2 3329 239 
2 2110 239 
2 4018 239 
2 2338 239 
3 4289 239 4102 
1 239 
1 239 
2 1732 239 
1 239 
3 299 825 240 
1 240 
2 1516 240 
1 240 
2 3572 240 
4 3892 3520 4788 240 
1 240 
3 1563 1731 240 
1 240 
1 240 
1 240 
1 240 
1 240 
3 4056 240 4045 
5 3050 1294 4854 2317 240 
2 4315 240 
4 241 2657 1599 3036 
1 241 
2 241 4670 
1 241 
1 241 
2 241 775 
2 241 2363 
1 241 
2 241 949 
1 241 
1 241 
1 241 
3 241 1220 3669 
3 241 1243 4504 
1 241 
1 241 
1 242 
4 242 3022 3180 397 
1 242 
3 242 1495 4091 
1 242 
3 3001 242 1061 
1 242 
3 242 4161 3658 
1 242 
2 242 762 
2 242 4070 
2 242 4280 
2 242 3268 
1 242 
2 242 561 
2 242 1051 
2 242 3149 
1 242 
1 242 
2 242 4141 
2 242 1534 
5 3926 242 2597 4787 4769 
1 242 
1 243 
2 243 1973 
4 1878 2704 243 4533 
1 243 
2 243 4035 
1 243 
2 243 3194 
2 243 3548 
1 243 
2 243 2259 
2 1750 243 
1 243 
2 243 2053 
2 243 3358 
1 243 
2 243 3309 
3 243 2432 1290 
4 243 2373 4269 3623 
3 243 650 722 
2 243 1991 
3 244 3052 1033 
1 244 
2 244 1641 
1 244 
3 244 3454 345 
2 244 1604 
1 244 
1 244 
4 244 3260 3310 1961 
1 244 
1 244 
1 245 
3 245 2234 4094 
1 245 
3 245 2560 247 
3 2772 245 2768 
3 245 842 494 
2 245 3669 
1 245 
2 245 2818 
4 245 3315 1805 4136 
2 245 2682 
1 245 
2 245 3988 
1 245 
1 245 
1 245 
2 245 2201 
1 245 
2 245 3138 
1 245 
2 245 3119 
1 246 
2 246 3024 
3 246 4688 1496 
2 527 246 
2 246 552 
2 246 424 
1 246 
2 2540 246 
1 246 
2 246 3243 
1 246 
3 2469 246 2128 
1 246 
1 246 
2 246 3429 
3 246 3391 4532 
2 3842 246 
2 4564 246 
5 998 246 4724 4750 2586 
4 2879 246 1641 1475 
3 3191 837 246 
3 246 2849 4012 
2 4851 246 
1 246 
1 247 
3 247 1260 911 
2 247 1723 
1 247 
4 1003 247 369 3314 
2 247 3420 
2 247 3779 
2 262 247 
1 247 
1 247 
1 247 
2 4655 247 
1 247 
1 247 
4 2860 4241 247 2547 
1 247 
1 247 
1 247 
1 247 
3 855 248 2498 
2 2354 248 
1 248 
3 248 4792 907 
2 248 1339 
3 1858 3108 248 
1 248 
2 248 4230 
4 4259 3852 248 493 
1 248 
2 3554 248 
2 248 3330 
2 4268 248 
3 248 3718 4865 
1 248 
3 248 1815 969 
3 4238 791 249 
2 249 3684 
1 249 
1 249 
3 652 249 800 
4 2981 249 1443 3999 
1 249 
2 249 397 
2 337 249 
1 249 
2 280 249 
1 249 
2 249 4671 
2 4757 249 
1 249 
1 249 
2 1383 249 
1 249 
3 3517 249 1358 
4 3001 4236 250 1727 
1 250 
2 859 250 
1 250 
3 250 1290 2768 
1 250 
2 250 912 
1 250 
5 265 4764 250 4028 1110 
2 250 3864 
1 250 
1 250 
1 250 
1 250 
2 4520 250 
1 250 
2 842 250 
3 250 3399 4363 
3 3534 1700 250 
2 250 4671 
2 1851 250 
3 250 3635 3045 
2 251 270 
2 251 3546 
5 1249 1103 251 1721 3998 
1 251 
2 251 4725 
1 251 
1 251 
2 251 639 
4 1145 251 590 722 
1 251 
1 251 
3 3781 4739 251 
2 3327 251 
1 251 
2 251 1381 
1 251 
3 2067 251 4599 
2 2860 251 
1 251 
2 2797 251 
2 2983 251 
3 1857 3800 251 
1 251 
2 2954 251 
2 4126 251 
1 251 
1 251 
5 3872 4854 4108 3171 251 
1 252 
2 252 1187 
3 4303 2575 252 
1 252 
2 3151 252 
4 4835 252 2325 2443 
2 252 4599 
3 4551 3526 252 
1 252 
2 3325 252 
1 252 
4 1136 4699 1826 252 
1 252 
1 252 
1 252 
2 252 2765 
1 252 
3 1949 252 3098 
2 3958 253 
2 2578 253 
2 1685 253 
1 253 
4 1733 1482 4524 253 
1 253 
2 253 1216 
3 2901 253 1613 
1 253 
3 3301 2689 253 
4 3732 253 851 1054 
1 253 
1 253 
2 253 4460 
1 253 
1 253 
2 1656 253 
2 3759 253 
1 253 
1 253 
2 253 1244 
2 3199 253 
4 1482 3263 2280 253 
2 253 4047 
1 254 
2 254 1196 
4 1967 3244 2363 254 
1 254 
3 2748 254 4048 
1 254 
1 254 
2 2089 254 
2 4849 254 
1 254 
2 4396 254 
2 2313 254 
4 4786 1278 254 1872 
3 546 1714 254 
3 2648 254 1229 
1 254 
2 254 3489 
2 320 254 
1 254 
3 1102 254 4278 
2 254 4314 
1 254 
2 3666 254 
1 254 
3 917 254 3622 
1 254 
4 4831 255 4029 434 
1 255 
2 255 4675 
4 2371 405 255 3123 
3 4202 1587 255 
4 627 4560 255 4780 
2 4087 255 
1 255 
1 255 
3 255 1303 3815 
1 255 
1 255 
1 255 
1 255 
1 255 
3 564 255 3488 
2 255 4709 
2 1198 255 
3 3843 4332 255 
3 4067 4495 255 
2 3241 255 
2 601 256 
2 3853 256 
1 256 
1 256 
3 1281 256 1962 
1 256 
1 256 
3 3003 3977 256 
2 3927 256 
1 256 
2 256 4477 
1 256 
1 256 
3 3870 256 851 
3 3843 1589 256 
1 257 
2 3938 257 
2 3282 257 
4 1389 435 1217 257 
1 257 
1 257 
2 3386 257 
3 2791 4161 257 
2 468 257 
1 257 
1 257 
3 1823 676 257 
2 3647 257 
1 257 
1 257 
2 2716 257 
