21 2 3 4 5 6 7 8 9 10 11 12 13 14 15 16 17 18 19 20 21 22 
20 23 24 25 26 27 28 29 1 30 31 32 33 34 35 36 37 38 39 40 41 
25 42 43 44 45 46 47 48 49 1 50 51 52 53 54 55 56 57 58 59 60 61 62 63 64 65 
17 66 67 68 69 70 71 1 72 73 74 75 76 77 78 79 80 81 
25 82 83 84 85 86 1 87 88 89 90 91 92 93 94 95 96 97 98 99 100 101 102 103 104 105 
24 106 107 108 109 110 111 112 113 114 115 116 1 117 118 119 120 121 122 123 124 125 126 127 128 
17 129 130 131 1 132 133 134 135 136 137 138 139 140 141 142 143 144 
23 145 146 147 148 149 150 1 151 152 153 154 155 156 157 158 159 160 161 162 163 164 165 166 
15 167 168 169 1 170 171 172 173 174 175 176 177 178 179 180 
14 181 182 183 184 185 1 186 187 188 189 190 191 192 193 
23 194 195 196 1 197 198 199 200 201 202 203 204 205 206 207 208 209 210 211 212 213 214 215 
19 216 217 218 219 220 1 221 222 223 224 225 226 227 228 229 230 231 232 233 
15 234 235 236 237 1 238 239 240 241 242 243 244 245 246 247 
21 248 249 250 1 251 252 253 254 255 256 257 258 259 260 261 262 263 264 265 266 267 
24 268 269 270 271 272 1 273 274 275 276 277 278 279 280 281 282 283 284 285 286 287 288 289 290 
20 291 292 293 294 295 1 296 297 298 299 300 301 302 303 304 305 306 307 308 309 
14 310 311 312 313 1 314 315 316 317 318 319 320 321 322 
25 323 324 325 326 327 328 329 330 331 332 333 1 334 335 336 337 338 339 340 341 342 343 344 345 346 
23 347 348 349 350 351 1 352 353 354 355 356 357 358 359 360 361 362 363 364 365 366 367 368 
21 369 370 371 372 373 374 375 1 376 377 378 379 380 381 382 383 384 385 386 387 388 
16 389 390 1 391 392 393 394 395 396 397 398 399 400 401 402 403 
22 404 405 406 407 408 1 409 410 411 412 413 414 415 416 417 418 419 420 421 422 423 424 
19 425 426 2 427 428 429 430 431 432 433 434 435 436 437 438 439 440 441 442 
24 2 443 444 445 446 447 448 449 450 451 452 453 454 455 456 457 458 459 460 461 462 463 464 465 
16 466 2 467 468 469 470 471 472 473 474 475 476 477 478 479 480 
30 2 481 482 483 484 485 486 329 487 488 489 490 491 492 493 494 495 496 497 498 499 500 501 502 503 504 505 506 507 508 
16 2 509 510 511 512 513 514 515 516 517 518 519 520 521 522 523 
22 524 2 525 526 527 528 529 530 531 532 533 534 535 536 537 538 539 540 541 542 543 544 
23 2 545 546 547 548 549 550 551 552 553 554 555 556 557 558 559 560 561 562 563 564 565 566 
26 567 2 568 569 570 571 572 573 574 575 576 577 578 579 580 581 582 583 584 585 586 587 588 589 590 591 
21 592 593 2 594 595 596 597 598 599 600 601 602 603 604 605 606 607 608 609 610 611 
19 612 2 613 614 615 616 617 618 619 620 621 622 623 624 625 626 627 628 629 
21 2 630 631 632 633 634 635 636 637 638 639 640 641 642 643 644 645 646 647 648 649 
17 650 2 651 652 653 654 655 656 657 658 659 660 661 662 663 664 665 
21 2 666 667 668 669 670 671 672 673 674 675 676 677 678 679 680 320 681 682 683 684 
26 2 685 686 687 688 689 690 691 692 693 694 695 696 697 698 699 603 700 701 702 703 704 705 706 707 708 
23 709 2 710 711 712 713 714 715 716 717 718 719 720 721 722 723 724 725 726 727 728 729 730 
19 731 2 732 733 734 735 736 737 738 739 740 741 742 743 744 745 746 747 748 
15 2 749 750 751 752 753 754 755 756 757 758 759 760 761 762 
27 763 764 765 2 766 767 768 769 770 771 772 773 774 775 776 777 778 779 780 781 782 783 784 785 786 787 788 
18 2 789 790 791 792 793 794 795 796 797 798 799 800 801 802 803 804 805 
21 806 807 3 808 809 810 811 812 813 814 815 816 817 818 819 820 821 822 823 824 825 
24 826 3 827 828 829 830 831 832 833 834 835 836 837 838 839 840 841 842 843 844 845 846 847 848 
20 849 850 3 851 852 853 854 855 856 857 858 859 860 861 862 863 864 865 866 867 
22 868 869 870 871 872 3 873 874 875 876 877 878 879 880 881 882 883 884 885 886 887 888 
17 889 890 3 891 892 893 894 895 896 897 898 899 900 901 902 903 904 
23 905 906 3 907 908 909 910 911 912 913 914 915 916 917 918 919 920 921 922 923 924 925 926 
23 927 928 929 3 930 931 932 933 934 935 936 937 938 939 940 941 942 943 944 945 946 947 948 
20 949 950 3 951 952 953 954 955 956 957 958 959 960 961 962 963 964 965 966 967 
25 968 969 970 971 3 972 973 974 975 976 977 978 979 980 981 982 983 984 985 986 987 988 989 990 991 
16 992 3 993 994 995 996 997 998 999 1000 1001 1002 1003 1004 1005 1006 
10 3 1007 1008 1009 1010 1011 1012 1013 1014 1015 
15 3 1016 1017 1018 1019 1020 1021 1022 1023 1024 1025 1026 1027 1028 1029 
26 1030 3 1031 1032 1033 1034 1035 1036 1037 1038 1039 1040 1041 1042 1043 1044 1045 1046 1047 1048 1049 1050 1051 1052 1053 1054 
25 1055 1056 1057 3 1058 1059 1060 1061 1062 1063 1064 1065 1066 1067 1068 1069 1070 1071 1072 1073 1074 1075 1076 1077 1078 
17 1079 3 1080 1081 1082 1083 1084 1085 1086 1087 1088 1089 1090 1091 1092 1093 1094 
23 1095 1096 3 1097 1098 311 1099 1100 1101 1102 1103 1104 1105 1106 1107 1108 1109 1110 1111 1112 1113 1114 1115 
21 3 1116 1117 1118 1119 1120 1121 1122 1123 1124 1125 1126 1127 1128 1129 914 1130 1131 1132 1133 1134 
22 1135 1136 1137 1138 3 1139 1140 1141 1142 1143 1144 798 1145 1146 1147 1148 1149 1150 1151 1152 1153 1154 
17 1155 3 1156 1157 1158 1159 1160 1161 1162 1163 1164 1165 1166 1167 1168 1169 1170 
10 1171 3 1172 1173 1174 1175 1176 1177 1178 1179 
17 1180 1181 1182 3 1183 1184 1185 1186 1187 1188 1189 1190 1191 1192 1193 1194 1195 
21 1196 3 1197 1198 1199 1200 1201 1202 1203 1204 1205 1206 800 1207 1208 1209 1210 1211 1212 1213 1214 
21 1215 1216 3 1217 1218 1219 1220 1221 1222 1223 1224 1225 1226 1227 1228 1229 1230 1231 1232 1233 1234 
21 1235 1236 3 1237 1238 1239 1240 1241 1242 1243 1244 1245 1246 1247 1248 1249 1250 1093 1251 1252 1253 
11 1254 1255 1256 1257 4 1258 1259 1260 1261 1262 1263 
19 1264 1265 1266 1267 4 1268 1269 1270 1271 1272 1273 1274 1275 1276 1277 1278 1279 1280 1281 
20 1282 1283 1284 1285 4 1286 1287 1288 1289 1290 1291 1292 1293 1294 1295 1296 1297 1298 1299 1300 
23 1301 1302 1303 1304 1305 1306 4 1307 1308 1309 1310 1311 1312 1313 1314 1315 1316 1317 1318 1319 1320 1321 1322 
14 1323 1324 1325 1326 1327 4 1328 1329 1330 817 1331 1332 1333 1334 
19 4 1335 1336 1337 1338 1339 1340 1341 1342 1343 1344 1345 1346 1347 1348 1349 1350 1351 1352 
24 1353 1354 4 1355 1356 1357 1358 1359 1360 1361 1362 1363 1364 1365 1366 1367 1368 1369 1370 1371 1372 1373 1374 1375 
15 1376 1377 1378 1379 4 1380 1381 1382 1383 1384 1385 1386 1387 1388 1389 
17 1390 1391 1392 4 1393 1394 1395 1396 1397 1398 1399 1400 1401 1402 1403 1404 1405 
24 1406 1407 1408 4 1409 1410 1411 1412 1413 1414 1415 1416 1417 1418 1419 1420 1421 1422 1423 1424 1425 1426 1427 1428 
14 1429 4 1430 1431 1432 1433 1434 1435 1436 1437 1438 1439 1440 1441 
23 1442 1443 4 1444 1445 1446 1447 1448 1449 1450 1451 1452 1453 1454 1455 1456 1457 1458 1459 1460 1461 1462 1463 
27 1464 1465 1466 1467 4 1468 1469 1470 1471 1472 1473 1474 1475 1476 1477 1478 1479 1480 1481 1482 1483 1484 1485 1486 1487 1488 1489 
18 1490 1491 4 1492 1493 1494 1495 1496 1497 1498 1499 1500 1501 1502 1503 1504 1505 1506 
16 1507 1508 4 1509 1510 1511 1512 1513 1514 1515 1516 1517 1518 1519 1520 1521 
19 1522 1523 4 1524 1525 1526 1527 1528 1529 1530 1531 1532 1533 1534 1535 863 1536 1537 867 
23 1538 1282 1539 1540 1541 5 1542 1543 1544 1545 1546 936 1547 1548 1549 1550 1551 1552 1553 1554 1555 1169 1556 
15 1557 1558 1559 5 1560 1561 1562 1563 1564 1565 1566 1567 1568 1569 1570 
28 1571 1572 1573 1574 5 1575 1576 1577 1578 1579 1580 1581 1582 1583 1584 1585 1586 1587 1588 1589 1590 1591 1592 1593 1594 1595 1596 1597 
14 1598 1599 1600 1601 5 1602 1603 1604 1605 1606 1607 1608 1609 1610 
16 1611 1612 1613 1614 5 1615 1616 1617 1618 1619 1620 1621 1622 1623 1624 1625 
16 1626 1627 5 1628 1629 1630 1631 1632 1633 1634 1635 1636 1637 1638 1639 1640 
23 1641 1642 1643 1644 1645 5 1646 1647 1648 1649 1650 1651 1652 1653 1654 1655 1656 1657 1658 1659 1660 1661 1662 
22 1663 1664 1665 1666 5 1667 1668 1669 1670 1671 1672 1673 1674 1675 1676 1677 1678 1679 1680 1681 1682 1683 
21 1684 1685 1686 1687 5 1688 1689 1690 1691 1692 1693 1694 1695 1696 1697 1698 1699 1052 1700 1701 1702 
18 1703 1704 5 1705 1706 1707 1708 1709 1710 1711 1712 1713 1714 1715 1716 1717 1718 1719 
14 1720 1721 5 1722 1723 1724 1725 1726 1727 1728 1729 1730 1731 1732 
13 1733 1734 1735 1736 1737 5 1738 1739 1740 1741 1742 1743 1744 
20 1745 1746 1747 1748 5 1749 1750 1751 1752 1753 1754 1755 1756 1757 1758 1759 1760 1761 1762 1763 
21 1764 1765 1766 5 1767 1768 1769 1770 1771 1772 1773 1774 1775 1776 1777 1778 1779 1780 1781 1782 1783 
13 1784 1785 1786 5 1787 1788 1789 1790 1791 1792 1793 1794 1795 
22 1796 1797 5 1798 1799 1800 1801 1802 1803 1804 1805 1806 1807 1808 1809 1810 1811 1812 1813 1814 1815 1816 
18 592 1817 1818 1819 5 1820 1821 1822 1823 1824 1825 1826 1827 1828 1829 1830 1831 1832 
18 1833 1834 1835 1836 1837 5 1838 1839 1840 1841 1842 1843 1844 1845 1846 1847 1848 1849 
20 1850 1851 1852 1853 5 1854 1855 1856 1857 1858 1859 1860 1861 1862 1863 1864 1865 1866 1867 1868 
14 1869 1870 1871 5 1872 1873 1874 1875 1876 1877 1878 1879 1880 1881 
21 1882 1883 1884 5 1885 1886 1887 1888 1889 1890 1891 1892 1893 1894 1895 1896 1897 1898 1899 1900 1901 
20 1902 1171 1903 5 1904 1905 1906 1907 1908 1909 1910 1911 1912 1913 1914 1915 1916 1917 1918 1919 
21 1920 1921 1922 1923 1924 5 1925 1926 1927 1928 1929 1930 1931 1932 1933 1934 1935 1936 1937 1938 1939 
23 1940 1941 1942 1943 1944 1945 1946 5 1947 1948 1949 1950 1951 1952 1953 1954 1955 1956 1957 1958 1959 1960 1961 
22 1962 1963 1964 6 1965 1966 1967 1968 1969 1970 1971 1972 1973 1974 1975 1976 1977 1978 1979 1980 1981 1982 
22 1983 1984 1985 1986 1987 1327 1988 1989 6 1990 1991 1992 1993 1994 1995 1996 1997 1998 1999 2000 2001 2002 
17 2003 2004 6 2005 2006 2007 2008 2009 2010 2011 2012 2013 2014 2015 2016 2017 2018 
19 2019 2020 2021 2022 2023 6 2024 2025 2026 2027 2028 2029 2030 2031 2032 2033 2034 2035 2036 
18 2037 2038 2039 2040 6 2041 2042 2043 2044 2045 2046 2047 2048 2049 2050 2051 2052 2053 
14 2054 2055 6 2056 2057 2058 2059 2060 2061 2062 2063 2064 2065 2066 
21 2067 2068 6 2069 2070 2071 2072 2073 1270 2074 2075 2076 2077 2078 2079 2080 2081 2082 2083 2084 2085 
15 2086 2087 2088 1183 6 2089 2090 2091 2092 2093 2094 2095 2096 2097 2098 
17 2099 2100 2101 2102 2103 2104 2105 6 2106 2107 2108 2109 2110 2111 2112 2113 2114 
23 2115 2116 2117 2118 6 2119 2120 2121 1310 2122 2123 2124 2125 2126 2127 2128 2129 2130 2131 2132 2133 2134 2135 
18 2136 2137 2138 2139 6 2140 2141 2142 2143 2144 2145 2146 2147 2148 2149 2150 2151 2152 
21 2153 2154 2155 2156 6 2157 2158 2159 2160 2161 2162 2163 2164 2165 2166 2167 2168 2169 2170 2171 2172 
20 2173 2174 2175 891 2176 6 2177 2178 2179 2180 857 2181 2182 2183 2184 2185 2186 2187 2188 2189 
21 2190 2191 2192 2193 2194 6 2195 2196 2197 2198 2199 2200 2201 2202 2203 2204 2205 2206 2207 2208 2209 
22 2210 2211 2212 2213 2214 6 2215 2216 2217 2218 2219 2220 2221 2222 2223 2224 2225 2226 2227 2228 2229 2230 
25 2231 2232 2233 2234 6 1446 2235 2236 2237 2238 2239 2240 2241 2242 2243 2244 2245 2246 2247 2248 2249 2250 2251 2252 2253 
20 2254 2255 2256 6 2257 2258 2259 2260 2261 1343 2262 2263 2264 2265 2266 2267 2268 2269 2270 2271 
23 2272 2273 2274 2275 1903 2276 2277 2278 6 2279 2280 2281 2282 2283 2284 2285 2286 2287 2288 2289 2290 2291 2292 
20 2293 2294 2295 2296 2297 6 2298 2299 2300 1889 2301 2302 2303 2304 2305 2306 2307 2308 2309 2310 
12 2311 2312 6 2313 2314 2315 2316 2317 2318 2319 2320 2321 
11 2322 2323 6 2324 2325 2326 2327 2328 2329 2330 2331 
18 2332 2333 2334 2335 2336 6 2337 2338 2339 2340 2341 2342 2343 2344 2345 2346 2347 2348 
15 2349 2350 2351 6 2352 2353 2354 2355 2356 2357 2358 2359 2360 2361 2362 
24 2363 2364 2365 2366 2367 2368 2369 2370 7 2371 2372 2373 2374 2375 2376 2377 2378 2379 2380 2381 2382 2383 2384 2385 
24 2386 2387 2388 2389 7 2390 2391 2392 2393 2394 2395 2396 2397 2398 2399 2400 2401 2402 2403 2404 2405 1997 2406 2407 
33 2408 2409 2410 2411 2412 2413 2414 2415 2416 2417 2418 2419 7 2420 2421 2422 2423 2424 2425 2426 2427 2428 2429 2430 2431 2432 2433 2434 965 2435 2436 2437 2438 
19 2439 2440 2441 2442 2443 2444 2445 2446 7 2447 2448 2449 2450 2451 2452 2453 2454 2455 2456 
23 2457 2458 2459 2460 2461 2462 2463 2464 7 2465 2466 2467 2468 2469 2470 2471 2472 2473 2474 2475 2476 2477 2478 
22 2479 2480 2481 2482 2483 2484 2485 2486 2487 2488 2489 7 2490 2491 2492 2493 2494 2495 2496 2497 2498 2499 
24 2500 2501 2502 2503 2504 2505 2506 2507 2508 7 2509 2510 2511 2512 2513 2514 2515 2516 2517 2518 2519 2520 2521 2522 
26 2523 2524 2525 2526 2527 2528 2529 2530 2531 2532 2533 2534 7 2535 2536 2537 2538 2539 2540 2541 2542 2543 2544 2545 2546 2547 
23 2548 2549 2550 2551 2552 2553 2554 2555 2556 2557 7 2558 2559 2560 2561 2562 2563 2564 2565 2566 2567 2568 2569 
17 2570 2571 2572 2573 2574 2575 2576 2577 7 2578 2579 2580 2581 2582 2583 2584 2585 
20 2586 2587 2588 2589 2590 2591 7 2592 2593 2594 2595 2596 2597 2598 2599 2600 2601 2602 2603 2604 
30 2605 2606 2607 2608 2609 2610 2611 2612 2613 2614 2615 2616 2617 7 2618 2619 2620 2621 2622 2623 2624 2625 2626 2627 2628 2629 2630 2631 2632 2633 
22 2634 2635 2636 2637 2638 2639 2640 2641 2642 7 2643 2644 2645 2646 2647 2648 2649 2650 2651 2652 2653 2654 
24 2655 2656 2657 2658 2659 2660 2661 2662 2663 2664 2665 2666 2667 7 2668 2669 2670 2671 2672 2673 2674 2675 2676 2677 
15 2678 2679 2680 1526 7 2681 2682 2683 2684 2685 2686 2687 2688 2689 2690 
21 2691 2692 2693 2694 2695 2696 2697 2698 2699 7 2700 2701 2702 2703 2704 2705 2706 2707 2708 2709 2710 
22 545 2711 2712 2713 2714 2715 2716 8 2717 2718 2719 2720 2721 2722 2723 2724 2725 2726 2727 2728 2729 2730 
22 2731 2732 2733 2734 2735 2736 2737 2738 2739 2740 2741 2742 2743 8 2744 2745 2746 2747 2748 2749 2750 2751 
15 2752 2753 2754 2755 2756 2757 2758 8 2759 2760 2761 2762 2763 2764 2765 
13 2766 2767 8 2768 2769 2770 1954 2771 2772 2773 2774 2775 2776 
19 2777 2778 2779 2780 2781 2782 8 2783 2784 2785 2786 2787 2788 2789 2790 2791 2792 2793 2794 
26 2795 2796 2797 2798 2799 2800 2801 2802 2803 2804 2805 8 2806 2807 2808 2809 2810 2811 2812 2813 2814 2815 2816 2817 2818 2819 
22 2820 2821 2822 2823 2824 2825 2826 2827 8 2828 2829 2830 2831 2832 2833 2834 2835 2836 2837 2838 2839 2840 
20 2841 2842 2843 2844 2845 2846 2847 8 2848 2849 2850 2851 2852 2853 2854 2855 2856 2857 2858 2859 
17 2860 2861 2862 2863 2864 2865 2866 8 2867 2868 2869 2870 2871 2872 2873 2874 2171 
23 2875 2876 2877 2878 2879 2880 2881 2882 2883 2884 2885 2886 2887 8 2888 2889 2890 2891 2892 2893 2894 2895 2896 
21 2897 2898 2899 2900 2901 2902 2903 2904 2905 2906 8 2907 2908 2909 2910 2911 2912 2913 2914 2915 2916 
17 2917 2918 2919 2920 2921 2922 2923 2924 2925 2926 8 2927 2928 2929 2930 2931 2932 
19 890 2933 2934 2935 2936 1413 2937 8 2938 656 2939 2940 2941 2942 2943 2944 2945 2946 2947 
17 2948 2949 2950 2951 2952 2953 8 2954 2955 2956 2957 2958 2959 2960 2961 1553 2962 
19 2963 2964 2965 2966 2967 2968 2969 2970 2971 2972 8 2973 2974 2975 2976 2977 2978 2979 2980 
13 2981 2982 2983 2984 2985 8 2986 2987 2988 2989 2990 2991 2992 
15 2993 2994 2995 2996 2997 2998 8 2999 3000 3001 3002 3003 3004 3005 3006 
17 3007 3008 3009 3010 3011 3012 3013 3014 8 3015 3016 3017 3018 3019 3020 3021 3022 
17 3023 3024 3025 3026 3027 316 3028 3029 8 3030 3031 3032 3033 3034 3035 3036 3037 
21 3038 3039 3040 3041 3042 3043 3044 3045 8 3046 3047 3048 3049 3050 3051 3052 3053 3054 3055 3056 3057 
24 3058 3059 3060 1885 3061 3062 3063 3064 3065 3066 3067 8 3068 3069 3070 3071 3072 3073 3074 419 3075 3076 3077 3078 
19 3079 3080 3081 3082 3083 3084 8 3085 3086 3087 3088 3089 3090 3091 3092 3093 3094 3095 3096 
33 3097 3098 3099 3100 3101 3102 1099 3103 3104 3105 3106 3107 3108 3109 3110 3111 3112 3113 9 3114 3115 3116 3117 1912 3118 3119 3120 3121 3122 3123 3124 3125 3126 
28 3127 3128 3129 3130 3131 3132 3133 2700 3134 3135 9 3136 3137 3138 3139 3140 3141 3142 3143 3144 3145 3146 3147 3148 3149 3150 3151 3152 
20 3153 3154 3155 3156 3157 3158 3159 3160 3161 3162 9 3163 3164 3165 3166 3167 3168 283 3169 3170 
25 3171 3172 3173 3174 3175 3176 3177 3178 3179 3180 3181 3182 3183 3184 3185 9 3186 3187 3167 3188 3189 3190 3191 3192 3193 
22 3194 3195 3196 3197 3198 3199 3200 3201 3202 3203 3204 9 3205 3206 3207 3208 3209 3210 3211 3212 3213 3214 
26 3215 3216 3217 3218 3219 3220 3221 3222 2215 3223 3224 3225 9 3226 3227 3228 3229 3230 3231 3232 3233 2229 3234 3235 3236 1683 
20 3237 3238 3239 3240 3241 3242 9 3243 3244 3245 3246 3247 3248 3249 3250 3251 3252 3253 3254 3255 
19 3256 3257 3258 3259 3260 3261 3262 3263 3264 9 3265 3266 3267 3268 3269 3270 3271 3272 3273 
23 3274 3275 3276 3277 3278 3279 3280 3281 3282 3283 3284 3285 3286 9 3287 3288 2247 3289 3290 3291 3006 3292 3293 
30 3294 3295 3296 3297 3298 3299 3300 3301 3302 3303 9 3304 3305 3306 3307 3308 3309 3310 3311 3312 3313 3314 3315 3316 3317 506 3318 3319 3320 3321 
17 3322 3323 3324 3325 3326 3327 3328 3329 3330 9 3331 3332 3333 3334 3335 3336 3337 
27 3338 3339 2174 3340 3341 3342 3343 3344 3345 3346 3347 3348 3349 3350 3351 3352 9 3353 3354 3355 3356 3357 3358 3359 3360 3361 3362 
21 3363 3364 3365 3366 3367 3368 3369 3370 3371 9 3372 3373 3374 3375 3376 3377 561 3378 3379 3380 3381 
23 3382 3383 3384 3385 3386 3387 3388 9 3389 3390 3391 3392 3393 3394 3395 3396 3397 3398 3399 3400 3401 3402 3403 
19 3404 3405 3406 3407 3408 3409 3410 3411 3412 3413 3414 10 3415 3416 2204 3417 3418 3419 3420 
26 3421 3422 3423 2842 3424 3425 3426 3427 3428 3429 3430 3431 3432 10 3433 3434 3435 3436 3437 3438 3439 3440 3441 3442 3443 3444 
27 3445 1392 3446 3447 3448 3449 3450 3451 3452 3453 3454 3455 10 3456 3457 3458 3459 3460 3461 3462 3463 3464 3465 3466 3467 3468 3469 
17 3470 3471 3472 3473 3474 3475 3476 3477 2971 10 3478 3479 3480 3481 3482 3483 3484 
19 3485 3486 2712 3487 1340 3488 3489 3490 3491 10 2467 3492 3493 3494 3495 3496 3497 3498 3499 
16 3500 3501 3502 3503 3504 3505 3506 3507 3508 3509 10 3510 3511 3512 3513 3514 
20 3515 3516 3517 3518 3519 3520 3521 3522 3523 10 3524 3525 3526 3527 3528 3529 3530 3531 3532 3533 
18 3534 3535 2797 3536 3537 3538 3539 3540 1220 10 3541 3542 3543 3544 3545 3546 3547 3548 
20 3549 3550 1137 3551 3552 1036 3553 10 3554 3555 3556 3557 3558 3559 3560 3561 3562 3563 3564 3565 
20 3566 3567 3568 3569 3570 3571 3572 3573 10 3574 3575 3576 3577 3578 3579 2894 3580 3581 3582 3583 
29 3584 3585 3586 3587 3588 3589 3590 3591 3592 3593 3594 3595 10 3596 3597 3598 3599 3600 3601 3602 3603 3604 3605 3606 3607 3608 3609 3610 3611 
23 3612 3613 3614 3615 3616 3617 3618 3619 3620 3621 3622 3623 3624 10 3625 3626 3627 3628 3629 3630 3631 3632 3633 
20 3634 3635 3636 3637 3638 3639 3640 3641 3642 3643 10 3644 3645 3646 3647 3648 3649 3650 3651 3652 
27 3653 3654 3655 3656 3657 3658 3659 3660 3661 3662 3663 3664 3665 3666 3667 1808 11 3668 3669 3670 3671 3672 3673 3674 3675 3676 3677 
25 3678 3679 3680 3681 3682 2844 3683 3684 3685 3686 3687 3688 11 3689 3690 3691 3692 3693 3694 3695 3696 3697 3698 3699 3700 
23 3701 3702 3703 3704 3705 3706 3707 3708 3709 3710 3711 3712 3713 3714 11 3715 3716 3717 3718 3719 3720 3721 3722 
19 3723 3724 3725 3726 3727 3728 3729 3730 3731 11 3732 3733 3734 3735 3736 3737 3738 3739 3740 
20 3741 3742 3743 3744 3745 3746 3747 3748 3749 3750 3751 11 3752 3753 3754 3755 3756 3757 3758 3759 
23 3760 3761 3762 3763 3764 430 3765 3766 3767 3768 3769 3770 3771 3772 3773 3774 3775 11 3776 3777 3778 3779 3780 
25 3781 3782 3783 3784 3785 3786 3787 3788 3789 3790 3791 3792 3793 3794 11 3795 3796 3797 3798 3799 3800 3801 3802 3803 3804 
16 3805 3806 3807 3808 3809 3810 3811 3812 3813 3814 11 3815 3816 3817 3818 3819 
19 3820 3821 3822 3823 3824 3825 3826 3827 3828 3829 3830 3831 3832 11 3833 3834 3835 3836 3837 
15 3838 3839 3840 3841 3842 11 3843 3844 3845 3846 3847 3848 3849 3850 3851 
16 3852 3853 3854 3855 3856 3857 3858 3859 3860 3861 3862 11 3863 3864 3865 3866 
18 3867 3868 3869 3870 3871 3872 3873 3874 3875 3876 3877 3878 3879 11 3880 3881 3882 3883 
20 3884 3885 3886 3887 3888 3889 3890 3891 3892 3893 3894 3895 3896 3897 11 3898 3899 3900 3901 3902 
21 3903 3904 3905 3906 3907 3908 3909 3910 3911 3912 3913 11 3914 3915 1997 3916 3917 3918 3919 3920 3921 
23 3922 3923 3924 3925 3926 3927 3928 3929 3930 3931 3932 3933 11 3934 3935 3936 3937 3938 3939 3940 2583 3941 3942 
20 3943 3944 3945 3946 3947 3948 3949 3950 3951 3952 3953 3954 3955 3956 3957 11 3958 3959 3960 3961 
19 3962 3963 3964 3965 3966 3967 3968 3969 3970 3971 3972 11 3973 3974 3975 3976 3977 3978 3979 
21 3980 1301 3981 3982 3983 3984 3985 3986 3987 3988 3989 11 3990 3991 3992 3993 3994 3995 3996 3997 3998 
25 3423 3999 4000 4001 4002 4003 4004 4005 11 4006 4007 4008 4009 4010 4011 4012 4013 4014 4015 4016 4017 4018 4019 4020 4021 
22 4022 4023 4024 4025 4026 1706 4027 4028 4029 4030 4031 4032 4033 11 4034 4035 4036 4037 4038 4039 4040 2652 
14 4041 4042 4043 4044 4045 4046 4047 4048 11 4049 4050 4051 4052 4053 
19 4054 4055 4056 4057 4058 4059 4060 4061 11 4062 4063 4064 4065 4066 4067 4068 4069 4070 4071 
19 4072 4073 4074 4075 4076 4077 4078 4079 4080 4081 4082 12 4083 4084 4085 4086 4087 4088 4089 
30 4090 4091 4092 4093 4094 4095 4096 2074 4097 4098 4099 4100 4101 4102 12 4103 4104 4105 4106 4107 4108 4109 4110 4111 4112 4113 4114 4115 4116 4117 
21 4118 4119 4120 4121 4122 4123 4124 4125 4126 4127 4128 4129 4130 4131 12 4132 4133 4134 4135 4136 4137 
21 4138 4139 4140 4141 4142 4143 4144 4145 4146 4147 4148 4149 4150 12 4151 4152 4153 4154 4155 4156 4157 
16 4158 4159 4160 4161 4162 4163 4164 4165 12 4166 4167 4168 4169 4170 4171 4172 
22 4173 4174 4175 4176 4177 4178 4179 4180 4181 4182 3187 4183 4184 4185 12 4186 4187 4188 4189 4190 4191 4192 
23 4193 4194 4195 4196 4197 4198 4199 4200 4201 4202 4203 12 4204 4205 4206 4207 4208 4209 4210 4211 4212 4213 4214 
20 4215 2089 4216 4217 4218 4219 4220 4221 4222 2244 4223 4224 4225 4226 12 4227 2543 4228 4229 4230 
13 4231 4232 4233 4234 4235 4236 4237 4238 12 4239 4240 4241 4242 
25 4243 4244 4245 4246 4247 4248 4249 4250 4251 4252 4253 4254 3016 4255 4256 4257 12 4258 4259 4260 4261 4262 4263 4264 4265 
16 4266 4267 4268 4269 4270 4271 4272 4273 4274 12 4275 4276 4277 4278 4279 4280 
24 2752 4281 4282 1030 4283 4284 4285 4286 4287 4288 4289 4290 4291 4292 12 4293 4294 4295 4296 4297 4298 4299 4300 4301 
24 4302 4303 4304 4305 4306 4307 4308 4309 4310 4311 4312 4313 4314 4315 12 4316 4317 4318 4319 4320 4321 4322 4323 4324 
30 4325 3153 4326 4327 4328 4329 4330 4331 4332 4333 4334 4335 4336 4337 4338 4339 4340 4341 12 4342 4343 4344 4345 4346 4347 4348 4349 4350 4351 4352 
21 4353 4354 4355 4356 4357 4358 4359 4360 4361 12 4362 4363 4364 4365 4366 4367 4368 4369 4370 4371 4372 
17 4373 4374 4375 4376 4377 2972 4378 4379 4380 4381 12 475 4382 1046 4383 4384 4385 
22 4386 4387 4388 4389 4390 4391 4392 4393 4394 4395 4396 4397 12 4398 4399 4400 4401 4402 4403 4404 4405 4406 
19 4407 4408 4409 4410 4411 4412 4413 4414 4415 12 4416 4417 4418 4419 4420 4421 4422 4423 4424 
19 4425 4426 4427 4428 4429 4430 4431 4432 4433 13 4434 4435 4436 4437 4438 4439 4440 4441 4442 
22 4443 4444 4445 4446 4447 4448 4449 378 4450 4451 4452 4001 4453 4454 13 4455 4456 4457 4458 4459 4460 4461 
18 4462 4463 4464 4465 4466 4467 4468 4469 3598 4470 13 4471 4472 4473 4474 4475 4476 4477 
18 4478 4479 4480 4481 4482 4483 4484 4485 4486 4487 13 4488 4489 4490 4491 4492 4493 4494 
23 4495 4496 4497 4498 4499 4500 4501 4502 4503 4504 4505 4506 4507 13 4508 4509 4510 4511 4512 4513 4514 4515 4516 
25 4517 4518 4519 4520 4521 4522 4523 4308 4524 4525 4526 4527 4528 4529 4530 4531 4532 4533 13 4534 4535 4536 4537 4538 4539 
27 4540 4541 4542 3343 4543 4544 4545 4546 4547 4548 4549 4550 4551 4552 4553 13 4554 4555 4556 4557 4558 4559 4560 4561 4562 4563 4564 
20 4565 4566 4567 4568 4569 4570 4571 4572 4573 4574 4575 4576 4577 4578 13 4579 4580 4581 4582 4583 
18 4584 4585 4586 4587 4588 4589 4003 4590 4591 4592 4593 13 4594 4595 4596 4597 4598 4599 
13 4600 4601 4602 4603 4604 2759 4605 4606 4607 4608 13 4609 1005 
20 4610 2412 4611 4612 4613 4614 4615 4616 4617 4618 4619 4620 4621 4622 4623 13 4624 4625 4626 4627 
18 4628 4629 569 4630 4631 4632 4633 4634 4635 4636 4637 4638 13 4639 4640 4641 946 4642 
19 4643 4644 4645 4646 4647 4648 4649 4650 13 4651 4652 4653 4654 4655 4656 4657 4658 4659 4660 
14 4661 4662 4663 4664 4665 4666 4667 4668 4669 13 4670 4671 4672 4673 
19 4674 4675 4676 4677 4678 4679 4680 4681 4682 4683 4684 4685 14 4686 4687 4688 3738 3233 4689 
13 4690 4691 4692 4693 4694 4695 2907 4696 14 4697 4698 4699 4700 
22 4701 4702 4703 4704 4705 4706 4707 4708 4709 4710 4711 14 4712 4713 4714 1297 4715 4716 4717 4718 4719 4720 
25 4721 4722 4723 4724 4725 4726 4727 4728 4729 4730 4731 4732 4733 4734 4735 4736 4737 14 4738 4739 4740 4741 4742 4743 4744 
19 4745 4746 4747 4748 4749 4750 4751 4752 4753 1103 4754 4755 4756 4757 4758 4759 14 4760 4761 
20 4762 4763 4764 4765 4766 4767 4768 4769 4770 4771 4772 4773 4774 4775 14 4776 4777 990 2497 4778 
24 4779 4780 4781 4782 4783 4784 4785 4786 4787 4788 4789 4790 4791 1416 4792 14 4793 4794 4795 4796 4797 4798 4799 4800 
21 4801 4802 4803 4804 4805 4806 4807 4808 4809 4810 4811 4812 4813 4814 4815 4816 14 4817 4818 4819 4820 
20 4821 4822 4823 4824 4825 4826 4827 4828 472 4829 4830 1622 4831 4832 4833 14 4834 3480 4835 4836 
13 4837 4838 4839 4840 4841 4842 4637 4843 14 4844 4845 4846 4847 
24 4848 4849 4850 4851 4852 4853 4854 4855 4856 4857 4858 4859 4860 4861 4862 14 4863 4864 4865 4866 4867 4868 4869 4870 
21 4871 4872 4873 4874 4875 4876 4877 4878 4879 4880 4881 4882 4883 4884 14 4885 4886 4887 4888 4889 4890 
22 4891 4892 4893 4894 4895 4896 4897 4898 4899 4900 4901 4902 4903 4904 14 4905 4906 4907 4908 4909 4910 4911 
9 4912 4913 4914 4915 1501 4916 14 4917 4918 
22 4919 4920 4921 4922 4923 4924 4925 4926 4927 4928 4929 4930 4931 4932 4933 4934 14 4935 4936 4937 4938 4939 
24 4940 4941 4942 4943 4944 4945 4946 4947 4948 4949 4950 4951 4952 14 4953 4954 3603 4955 4956 4957 4958 4959 4960 4961 
20 4962 4963 4964 4965 4966 4967 4968 4969 4970 4971 4972 4973 4974 2316 14 4975 4976 4977 4978 4979 
16 4980 4981 4982 4983 4984 4985 4986 4987 4988 4989 4990 4991 14 4992 4993 4994 
7 4995 4996 4997 4998 4999 5000 14 
4 2243 14 3780 464 
2 1143 15 
2 3270 15 
1 15 
1 15 
2 911 15 
3 733 802 15 
4 4766 2103 2526 15 
2 1890 15 
2 2027 15 
1 15 
2 1739 15 
3 841 15 363 
3 1888 15 3994 
2 3473 15 
1 15 
4 3612 1944 169 15 
3 2012 15 2151 
2 15 2989 
2 15 1230 
2 15 4133 
1 15 
1 15 
1 15 
3 3174 16 4112 
2 572 16 
1 16 
1 16 
1 16 
3 2506 4756 16 
2 2200 16 
2 16 4242 
2 3206 16 
1 16 
1 16 
1 16 
1 16 
1 16 
4 2299 4827 1021 16 
3 2641 4916 16 
2 378 16 
2 4035 16 
1 16 
1 17 
2 57 17 
4 1704 4934 17 1536 
2 4967 17 
1 17 
2 2869 17 
4 4694 17 163 925 
3 2733 17 3316 
1 17 
4 485 4903 843 17 
3 35 17 3939 
1 17 
1 17 
1 18 
2 4099 18 
1 18 
3 1329 983 18 
2 2303 18 
1 18 
3 26 18 4689 
2 2516 18 
2 844 18 
2 668 18 
2 18 4560 
2 4705 18 
1 18 
1 18 
2 1696 18 
3 1920 1357 18 
3 3612 3377 18 
1 18 
1 18 
2 1586 18 
1 18 
2 1406 18 
1 18 
3 2102 1891 18 
1 19 
1 19 
2 4736 19 
4 765 3761 4709 19 
1 19 
2 19 1637 
2 2933 19 
1 19 
1 19 
2 4848 19 
1 19 
2 19 707 
3 2862 4535 19 
1 19 
3 3180 19 1997 
2 3356 19 
3 279 19 4214 
3 1643 2515 19 
2 1566 19 
1 19 
3 4073 3082 19 
3 4304 19 1867 
1 20 
2 4854 20 
2 1470 20 
2 2510 20 
3 2169 20 4351 
2 831 20 
3 4251 2989 20 
1 20 
1 20 
4 235 4548 307 20 
4 4093 674 20 1459 
1 20 
1 20 
5 4848 20 860 2226 2065 
2 813 20 
2 3829 20 
4 3926 3496 20 4886 
2 4201 20 
3 2876 3065 20 
1 20 
1 21 
3 2485 627 21 
1 21 
2 3559 21 
1 21 
1 21 
1 21 
2 946 21 
2 1896 21 
2 4875 21 
1 21 
2 21 4888 
3 2919 3008 21 
1 21 
1 21 
2 4434 22 
2 3286 22 
1 22 
1 22 
1 22 
2 2334 22 
3 3172 3094 22 
1 22 
3 1255 2030 22 
2 783 22 
1 22 
3 2753 3105 22 
1 22 
3 1877 4556 22 
1 22 
2 22 165 
2 2302 22 
2 3438 22 
2 3365 22 
1 22 
3 1176 2891 22 
1 23 
1 23 
1 23 
1 23 
2 23 3597 
2 23 199 
1 23 
1 23 
1 23 
3 23 4005 3836 
2 23 2399 
1 23 
1 23 
2 23 2014 
3 1611 23 3988 
1 23 
3 23 2867 3250 
6 23 2880 2075 913 3694 3717 
2 24 3984 
1 24 
2 24 4240 
1 24 
2 24 791 
1 24 
4 24 4519 3365 778 
2 24 2641 
1 24 
2 3867 24 
2 24 1763 
2 24 2238 
4 24 1691 2017 3380 
2 24 4204 
3 24 1214 3293 
1 24 
1 24 
2 24 4829 
1 24 
1 24 
1 24 
5 3256 24 2608 4463 267 
4 24 2921 4341 3565 
3 25 3913 4598 
3 25 1387 1229 
1 25 
1 25 
2 25 3094 
2 25 861 
3 25 2609 256 
1 25 
3 4478 25 1806 
4 612 25 4766 231 
1 25 
1 25 
1 25 
1 25 
1 25 
2 26 1311 
1 26 
2 26 2764 
2 26 2631 
4 4610 26 1980 319 
3 1138 26 1525 
3 26 2948 3590 
2 26 4569 
1 26 
2 26 2396 
1 26 
1 26 
1 26 
3 26 1617 1586 
2 26 2378 
2 26 4364 
1 26 
1 26 
2 26 1193 
1 26 
6 3980 26 1873 3368 4616 2598 
2 26 662 
1 26 
1 26 
1 26 
3 26 674 176 
1 26 
1 26 
2 27 4538 
1 27 
2 27 2400 
3 27 3189 3315 
2 27 3034 
3 27 4226 4036 
2 27 813 
3 27 3539 4885 
1 27 
1 27 
2 27 4958 
1 27 
1 27 
1 27 
1 27 
3 28 4572 2330 
2 28 1640 
1 28 
1 28 
1 28 
2 28 2177 
1 28 
2 28 4911 
2 28 3797 
1 28 
2 28 3226 
1 28 
1 28 
1 28 
3 28 994 2114 
1 28 
2 28 888 
2 28 675 
1 28 
3 28 2423 940 
1 28 
3 145 29 856 
2 29 2131 
1 29 
1 29 
1 29 
1 29 
1 29 
3 2138 29 2563 
3 1007 3425 29 
2 29 2617 
1 29 
2 29 1831 
1 29 
4 1705 29 671 3646 
1 29 
1 29 
4 29 4535 179 566 
1 29 
1 29 
3 4632 29 748 
3 29 958 1589 
2 29 561 
1 30 
1 30 
2 30 245 
2 30 4793 
2 875 30 
3 292 30 3236 
1 30 
1 30 
2 3102 30 
2 30 4739 
2 30 2114 
2 30 3304 
2 30 4257 
1 30 
1 30 
1 30 
2 30 2699 
2 30 4818 
2 30 1158 
2 30 1090 
3 30 1364 4656 
1 30 
2 2502 30 
1 30 
1 30 
2 31 98 
1 31 
2 31 2770 
2 31 865 
2 31 3460 
1 31 
1 31 
2 2800 31 
3 31 3375 3093 
1 31 
2 3325 31 
3 31 36 1778 
1 31 
3 31 657 3001 
1 31 
2 31 4731 
2 2173 31 
1 31 
2 3619 31 
2 31 1913 
2 32 475 
2 2529 32 
1 32 
1 32 
1 32 
2 32 1744 
2 2523 32 
2 32 3232 
3 4194 3519 32 
1 32 
3 32 2810 1845 
1 32 
1 32 
2 2324 32 
1 32 
4 390 4851 672 32 
2 4501 32 
1 32 
6 4091 2798 33 980 2852 4515 
1 33 
1 33 
2 4281 33 
2 33 4366 
1 33 
2 33 1994 
1 33 
4 4924 33 4798 2437 
3 4643 1218 33 
3 2898 33 2848 
2 33 818 
1 33 
3 33 1549 697 
1 33 
1 33 
2 33 2784 
1 33 
3 33 2403 1595 
3 3826 33 4458 
1 34 
1 34 
1 34 
2 34 4594 
2 2377 34 
3 2079 1740 34 
2 157 34 
2 34 605 
2 3063 34 
3 2115 1020 34 
2 2177 34 
2 34 1405 
4 4812 34 502 1153 
2 1872 34 
2 34 3125 
2 2386 34 
3 4195 3116 35 
1 35 
2 332 35 
2 1967 35 
3 1190 35 3291 
3 35 558 1637 
2 35 627 
1 35 
3 379 35 506 
2 35 541 
1 35 
3 689 35 3272 
1 35 
1 35 
2 1929 35 
1 35 
4 3163 35 1321 1816 
2 3982 35 
2 35 4594 
2 2931 36 
3 1139 1476 36 
1 36 
1 36 
2 677 36 
3 2531 3086 36 
1 36 
2 2412 36 
1 36 
1 36 
2 4481 36 
1 36 
4 2917 4680 643 36 
2 1580 36 
3 878 2302 36 
1 36 
3 3237 36 3799 
1 36 
1 36 
1 36 
1 36 
2 4302 36 
3 3196 358 36 
2 1209 36 
2 4674 37 
1 37 
1 37 
2 37 903 
3 1975 37 4688 
2 37 729 
2 37 4657 
2 2101 37 
1 37 
2 2289 37 
1 37 
2 4120 37 
1 37 
1 37 
1 37 
1 37 
2 2093 37 
2 2955 37 
4 4388 755 3671 37 
2 2238 37 
3 3024 714 37 
1 37 
4 2557 4685 4317 38 
1 38 
3 2445 273 38 
2 4874 38 
2 38 3125 
1 38 
2 3823 38 
1 38 
3 4896 2494 38 
1 38 
2 4414 38 
4 3627 38 2148 2765 
2 4828 38 
2 1791 38 
2 1745 38 
1 38 
1 38 
2 38 564 
2 2441 39 
2 39 2775 
2 4268 39 
1 39 
1 39 
2 2722 39 
2 727 39 
2 4146 39 
1 39 
1 39 
2 39 3739 
2 3445 39 
3 1666 4914 39 
1 39 
1 40 
3 1688 4468 40 
3 350 2932 40 
1 40 
2 4518 40 
1 40 
4 4553 1978 40 1113 
2 40 1506 
3 2959 1515 40 
1 40 
1 40 
2 2588 40 
2 1526 40 
1 40 
2 3215 40 
2 449 40 
2 4363 40 
2 814 40 
2 4262 40 
1 40 
4 1617 413 1849 40 
2 2861 40 
1 40 
3 2045 3913 40 
3 2638 1788 40 
3 1190 1296 40 
3 3262 940 41 
2 1573 41 
3 447 1960 41 
2 4537 41 
2 41 4442 
2 2684 41 
2 3747 41 
1 41 
2 4315 41 
4 2457 4854 59 41 
3 4234 2911 41 
2 63 41 
2 41 4071 
4 906 273 2542 41 
1 41 
1 41 
3 2670 2495 41 
1 42 
4 3821 3653 3059 42 
4 42 2799 2536 4709 
3 42 4872 4784 
2 42 1389 
1 42 
1 42 
4 42 3180 515 383 
2 42 780 
1 42 
2 42 3022 
3 42 70 3045 
3 42 1574 641 
3 42 4434 2837 
2 42 2560 
1 42 
2 42 4632 
2 42 3208 
1 42 
1 42 
2 43 3639 
1 43 
1 43 
2 4801 43 
1 43 
3 43 374 1532 
3 43 2356 3462 
1 43 
2 43 1451 
1 43 
2 43 2418 
3 43 4482 3312 
4 1642 43 2734 1550 
4 3256 43 3505 3368 
1 43 
2 43 279 
1 43 
3 1764 43 319 
3 43 1736 331 
1 43 
2 43 3147 
3 43 4274 4717 
1 43 
2 3194 44 
5 44 4881 4623 2379 945 
3 44 1009 2962 
2 44 1559 
3 44 2279 4474 
2 44 3860 
1 44 
3 545 44 2305 
2 44 118 
3 4674 44 4154 
3 1734 44 2203 
2 44 382 
2 44 471 
2 44 4142 
2 44 81 
2 44 1665 
2 44 595 
1 44 
3 44 2639 81 
2 45 3089 
2 45 3685 
1 45 
1 45 
1 45 
2 45 1868 
2 45 1154 
2 45 571 
2 45 4076 
2 45 1623 
2 45 699 
3 1784 45 2043 
1 45 
4 45 3853 4028 988 
2 2691 45 
1 45 
3 45 1665 3347 
4 45 4310 1622 2763 
2 45 4511 
2 45 4910 
3 45 3084 540 
1 46 
3 46 1634 157 
3 46 1493 118 
2 46 2319 
2 46 4153 
2 46 4385 
1 46 
3 46 3334 2268 
2 4997 46 
2 3256 46 
1 46 
4 46 1061 3397 3292 
1 46 
2 46 2071 
4 2439 46 712 4392 
2 3761 46 
2 3130 47 
2 47 802 
1 47 
2 47 3213 
1 47 
2 47 1360 
2 47 272 
1 47 
3 47 2615 442 
2 47 58 
1 47 
1 47 
3 47 4131 3034 
3 47 4769 1414 
2 47 1679 
1 47 
2 47 2220 
1 47 
1 47 
2 47 1077 
3 47 1289 316 
4 47 4684 3210 3253 
1 48 
1 48 
3 3657 48 4476 
1 48 
2 48 4438 
1 48 
1 48 
3 48 3985 2868 
2 48 4819 
2 82 48 
1 48 
2 3906 48 
2 48 3398 
3 789 48 543 
1 48 
2 48 1542 
1 48 
1 48 
3 850 48 2424 
3 48 396 245 
2 48 1292 
1 48 
1 49 
1 49 
1 49 
1 49 
1 49 
3 1096 49 4931 
1 49 
4 49 3540 2079 1209 
1 49 
2 49 565 
1 49 
3 49 4796 1167 
1 49 
2 49 4992 
4 49 4393 1024 4620 
2 49 4273 
3 49 131 4190 
1 49 
1 49 
1 50 
3 50 3492 2930 
3 1291 50 4859 
4 4851 2444 50 4485 
2 50 1483 
2 50 2398 
1 50 
1 50 
2 50 1281 
2 50 4771 
1 50 
2 5000 50 
2 630 50 
2 50 3754 
1 50 
2 326 50 
1 50 
3 4748 50 2264 
1 50 
1 50 
4 4520 4586 50 881 
4 1079 50 3291 1849 
4 4522 253 2199 50 
1 50 
1 51 
1 51 
2 51 538 
1 51 
1 51 
2 51 1867 
2 3384 51 
2 4090 51 
2 51 4537 
2 3518 51 
3 4544 51 3930 
2 1447 51 
2 51 1111 
5 2799 51 1224 1244 243 
1 51 
4 1412 52 553 4617 
1 52 
3 2605 851 52 
3 1561 52 3443 
1 52 
2 52 1160 
4 2899 2608 3588 52 
2 3763 52 
1 52 
2 53 2030 
1 53 
2 1390 53 
2 4677 53 
3 4542 53 659 
2 53 305 
2 2967 53 
1 53 
3 3519 53 963 
2 53 1210 
1 53 
1 53 
1 53 
1 53 
5 3786 2804 54 227 3695 
1 54 
3 4752 54 2894 
1 54 
1 54 
2 4921 54 
3 1429 54 189 
2 3930 54 
1 54 
2 3741 54 
2 54 3849 
3 1766 54 4908 
1 54 
1 54 
1 54 
2 54 4639 
3 1903 54 231 
1 54 
1 54 
1 54 
2 54 3921 
2 54 4732 
3 54 90 1371 
2 2390 54 
2 54 3189 
3 2333 3792 55 
1 55 
1 55 
1 55 
1 55 
2 55 3271 
5 4922 3931 55 900 2185 
1 55 
1 55 
1 55 
1 55 
2 55 3582 
3 55 1716 3420 
1 55 
2 3706 55 
1 55 
2 2295 55 
1 55 
4 3615 1910 55 1343 
1 55 
1 55 
1 55 
4 3195 4854 55 924 
2 55 4104 
2 56 989 
2 3792 56 
1 56 
2 3114 56 
2 2371 56 
2 56 3715 
1 56 
1 56 
2 56 4562 
2 2785 56 
3 3781 4091 56 
4 4894 3575 56 586 
2 56 3975 
2 4198 56 
2 56 65 
1 56 
1 57 
2 954 57 
1 57 
2 2457 57 
4 167 2160 57 3435 
1 57 
2 57 2814 
1 57 
2 252 57 
1 57 
3 57 2169 2945 
1 57 
2 3619 57 
1 57 
1 57 
2 3141 57 
3 3472 57 1004 
1 57 
4 769 57 1726 3844 
1 57 
2 2527 57 
1 58 
1 58 
3 1577 3795 58 
2 2640 58 
1 58 
1 58 
1 58 
1 58 
2 58 3883 
2 2744 58 
2 1261 58 
3 4414 58 4792 
3 2515 58 2671 
2 58 2292 
2 1905 58 
1 58 
2 58 4204 
3 2957 58 2497 
1 58 
2 2999 59 
2 2577 59 
2 189 59 
2 486 59 
3 4919 686 59 
2 1471 59 
2 3475 59 
2 1540 59 
2 268 59 
3 3707 3269 59 
1 59 
1 59 
2 3042 59 
1 59 
5 2694 1393 3764 4450 59 
2 2804 59 
2 1604 59 
3 2994 4291 59 
3 4127 59 662 
2 874 59 
3 3704 2236 60 
2 4857 60 
3 2762 60 2817 
4 1358 585 3992 60 
3 4914 1670 60 
3 1012 60 1322 
2 2120 60 
3 1275 3420 60 
1 60 
1 60 
1 60 
2 60 2980 
2 960 60 
1 60 
2 82 60 
1 60 
3 1228 61 103 
2 3805 61 
1 61 
1 61 
4 1618 2244 3607 61 
3 1546 61 424 
2 2018 61 
2 2900 61 
3 4796 61 4442 
2 3187 62 
1 62 
2 3672 62 
3 113 2801 62 
2 2795 62 
1 62 
2 3797 62 
1 62 
2 4603 62 
1 62 
4 670 1416 62 788 
2 4632 62 
1 62 
2 499 62 
1 62 
2 2152 62 
1 63 
1 63 
1 63 
1 63 
2 4379 63 
1 63 
1 63 
3 4664 2502 63 
3 2878 63 3337 
1 63 
2 4733 63 
1 63 
1 63 
3 956 63 708 
3 1025 2520 63 
3 4610 2505 63 
2 3748 63 
2 2427 63 
2 457 63 
2 4165 64 
2 2998 64 
2 1329 64 
3 4690 639 64 
2 2599 64 
4 4850 188 4105 64 
3 4506 2427 64 
1 64 
1 64 
2 1005 64 
3 4636 4607 64 
4 2106 1937 3960 64 
3 3450 2370 64 
2 1171 64 
3 467 3970 64 
2 286 64 
1 64 
1 64 
2 3932 64 
1 64 
1 65 
1 65 
2 4733 65 
2 2392 65 
1 65 
1 65 
2 4523 65 
2 3972 65 
1 65 
2 1005 65 
2 2353 65 
1 65 
2 4920 65 
1 65 
1 65 
2 4951 65 
3 4502 3205 65 
1 65 
2 2290 65 
4 66 3105 4830 2270 
2 66 412 
1 66 
2 66 4921 
1 66 
3 66 4647 4842 
1 66 
2 66 1126 
1 66 
3 66 4288 1695 
2 67 3289 
2 67 3394 
2 67 4933 
3 67 4250 2945 
1 67 
3 67 3540 3214 
3 67 112 3698 
2 67 1395 
1 67 
2 2572 67 
2 67 2843 
3 67 1162 3438 
1 67 
2 67 2249 
1 67 
1 67 
1 67 
2 67 976 
2 82 68 
1 68 
1 68 
2 1745 68 
1 68 
1 68 
3 68 3089 4698 
2 68 925 
3 1305 68 1858 
4 4243 970 68 3009 
2 68 947 
1 68 
1 68 
3 68 2312 1546 
2 68 788 
4 68 250 4535 2913 
3 68 4612 3990 
2 68 3147 
2 68 4759 
3 3872 69 211 
2 69 4381 
1 69 
1 69 
2 69 1290 
1 69 
1 69 
2 69 2308 
1 69 
3 69 115 3975 
3 481 69 4823 
1 69 
2 2966 69 
1 69 
1 69 
2 4785 69 
1 69 
1 69 
1 69 
1 69 
3 2824 69 682 
2 69 1160 
3 70 3829 3695 
2 70 3954 
2 70 3880 
2 3680 70 
4 107 2038 70 4225 
2 70 2234 
5 326 1217 70 1653 4490 
3 70 3878 2033 
2 70 1384 
1 70 
1 70 
3 70 2668 1670 
3 71 1689 3140 
1 71 
3 71 3593 2565 
2 71 3048 
1 71 
4 185 71 2827 2536 
1 71 
1 71 
5 1983 71 122 1073 4583 
2 71 2112 
1 71 
1 71 
3 71 2026 4888 
1 71 
1 71 
3 71 2095 4716 
4 71 3283 2130 3035 
1 71 
3 3179 72 3415 
1 72 
1 72 
2 4199 72 
4 3104 72 2426 338 
5 72 1158 2957 4974 2722 
2 72 2703 
2 72 910 
1 72 
3 3943 2353 72 
1 72 
2 72 587 
2 2487 72 
1 72 
2 3097 72 
1 72 
2 4628 72 
1 72 
3 4875 72 1052 
3 4443 72 1569 
1 72 
3 72 1474 1454 
1 72 
1 73 
1 73 
4 3041 3948 73 2674 
1 73 
2 3162 73 
1 73 
2 73 4137 
2 73 2720 
3 2210 73 1331 
2 2754 73 
2 73 4486 
2 467 73 
2 2841 73 
2 810 73 
3 1018 4483 74 
1 74 
3 183 74 3900 
2 74 1149 
2 4042 74 
4 2899 4631 74 1271 
2 74 3244 
1 74 
2 74 4361 
1 74 
1 74 
2 74 4400 
2 74 2027 
3 2025 74 1711 
1 74 
2 74 661 
3 75 4885 344 
3 3058 75 4814 
1 75 
3 2139 75 2320 
2 75 4153 
3 3322 3276 75 
2 1007 75 
2 75 157 
2 75 918 
1 75 
5 3299 254 75 1190 3403 
3 4839 75 2943 
2 75 4051 
1 75 
1 75 
1 75 
1 75 
2 75 1537 
2 2176 75 
1 75 
2 75 2873 
1 75 
2 75 1866 
4 3485 1036 3710 76 
2 76 4265 
1 76 
2 76 3395 
1 76 
1 76 
3 4145 76 2397 
4 4722 3222 3592 76 
1 76 
1 76 
1 76 
1 76 
2 76 2268 
2 4963 77 
1 77 
1 77 
2 3856 77 
3 121 77 2946 
2 77 1003 
1 77 
1 77 
1 77 
3 3258 834 77 
1 77 
1 77 
2 77 1374 
3 77 4558 4017 
1 77 
1 77 
2 2284 77 
2 379 77 
1 77 
2 77 2569 
1 77 
2 3824 77 
1 78 
2 3121 78 
1 78 
4 4668 1651 78 3677 
2 1929 78 
1 78 
3 371 3510 78 
3 1140 78 3800 
1 78 
4 78 3917 3193 4321 
2 78 1374 
1 78 
4 686 3492 78 4404 
1 78 
1 78 
1 78 
2 2398 78 
1 78 
1 78 
4 972 2509 4005 78 
2 3166 78 
2 78 1718 
1 78 
3 3806 3792 78 
2 78 1701 
2 1925 78 
1 79 
3 4285 3771 79 
2 4436 79 
2 891 79 
2 2390 79 
1 79 
1 79 
1 79 
1 79 
1 79 
3 4594 3289 79 
4 4150 261 1997 79 
1 79 
2 2773 79 
1 79 
2 79 4213 
5 3199 770 79 1595 1939 
1 80 
2 4671 80 
2 4752 80 
1 80 
1 80 
2 4818 80 
1 80 
2 3641 80 
5 2176 3385 771 2761 80 
1 80 
2 3377 80 
1 80 
3 2242 1875 80 
3 1666 1841 80 
1 80 
1 81 
1 81 
4 3626 3166 2268 81 
2 486 81 
4 775 1693 81 143 
1 81 
2 81 2858 
5 4892 3351 3184 81 4350 
1 81 
1 81 
3 1922 831 81 
2 4721 81 
1 81 
2 3221 81 
3 312 81 2346 
2 1423 81 
1 82 
1 82 
3 82 2444 1142 
1 82 
2 82 942 
1 82 
2 82 1821 
1 82 
3 82 1176 1295 
1 82 
1 82 
2 82 643 
4 82 2798 838 3720 
3 82 4774 4556 
1 82 
2 82 158 
3 1626 82 3883 
2 82 4152 
1 82 
3 3171 83 2939 
3 83 1619 3093 
2 83 852 
2 83 1874 
2 83 1010 
1 83 
3 2137 83 4980 
1 83 
1 83 
4 83 2739 2622 365 
3 83 4195 2699 
3 83 2273 1994 
4 83 1970 4505 1372 
1 83 
1 84 
1 84 
2 84 790 
3 84 1839 818 
1 84 
4 84 3614 2243 4420 
3 84 1118 1998 
1 84 
2 84 3932 
3 84 2337 698 
1 84 
2 3701 84 
2 84 4095 
2 84 3383 
3 84 4734 2477 
4 84 494 1997 342 
1 84 
1 84 
3 84 3897 565 
2 84 3015 
2 84 2730 
1 84 
1 84 
2 84 1857 
4 84 3139 648 1506 
2 84 1883 
2 84 4803 
2 85 2840 
2 85 1664 
2 85 2038 
1 85 
2 85 4388 
1 85 
2 85 1151 
2 85 2510 
3 3294 85 1991 
1 85 
3 3653 85 2161 
1 85 
1 85 
4 86 439 1781 2690 
3 86 4288 1982 
1 86 
2 86 1658 
2 1798 86 
3 2349 86 2462 
3 86 494 783 
2 86 1175 
2 1558 86 
1 86 
2 86 2304 
4 86 256 885 3581 
2 877 86 
2 4215 86 
2 86 2866 
3 87 4183 1554 
2 87 2437 
1 87 
1 87 
3 4924 87 2058 
1 87 
1 87 
2 87 2750 
4 890 87 1790 4324 
3 4646 4057 87 
2 87 4209 
4 87 352 671 1779 
1 87 
2 87 4060 
2 525 87 
5 88 1807 3649 3151 2456 
3 3853 88 838 
3 88 3031 364 
2 88 2470 
1 88 
1 88 
2 2043 88 
1 88 
2 88 2096 
1 88 
3 3785 1467 88 
1 88 
4 88 4218 1329 2016 
1 88 
2 88 2471 
2 88 3918 
1 88 
3 1614 2338 88 
3 2606 2489 88 
4 2457 88 2355 3843 
3 88 3226 4086 
3 88 3113 2082 
1 89 
2 1599 89 
3 89 884 864 
4 89 3796 1520 761 
4 3504 89 4918 4847 
2 4025 89 
1 89 
5 89 2718 1159 4131 1334 
3 3909 89 3211 
2 89 3231 
2 89 3144 
3 89 1980 4419 
1 89 
4 89 4532 4168 3033 
1 89 
1 89 
2 89 919 
2 3285 89 
1 89 
2 4450 89 
5 1983 89 172 4007 4035 
1 90 
2 4527 90 
1 90 
1 90 
2 764 90 
3 1335 4604 90 
2 4789 90 
2 455 90 
1 90 
3 1526 1823 90 
2 90 4276 
2 90 1263 
3 4634 337 90 
1 90 
3 2587 90 3991 
1 90 
2 90 4831 
2 90 1488 
1 90 
2 91 4473 
3 312 91 2429 
2 91 558 
2 91 213 
3 4571 91 2112 
1 91 
2 91 3845 
1 91 
2 91 1403 
2 1856 91 
1 91 
3 3180 91 2986 
1 91 
4 1067 91 4740 4492 
1 91 
2 91 1485 
1 91 
2 92 2959 
1 92 
3 3031 2080 92 
1 92 
3 4359 92 2584 
3 2491 92 4741 
2 92 1113 
1 92 
2 1942 92 
1 92 
1 92 
1 92 
1 92 
2 2087 93 
2 93 859 
1 93 
3 3575 93 844 
2 93 2915 
2 3111 93 
3 278 93 3881 
4 4146 4588 655 93 
3 4809 2905 93 
4 3473 93 4953 2400 
2 3790 93 
2 617 93 
5 2605 3825 1285 94 745 
4 2613 94 4209 2858 
2 94 2546 
1 94 
2 94 1816 
1 94 
1 94 
1 94 
1 94 
4 2255 4315 94 4861 
1 94 
1 94 
2 3591 94 
1 94 
1 94 
1 94 
1 94 
2 2759 94 
3 2120 453 94 
2 843 95 
2 95 2632 
2 1041 95 
1 95 
1 95 
1 95 
3 3279 3454 95 
1 95 
4 2595 2014 95 4040 
1 95 
3 4669 2031 95 
1 95 
4 3239 95 4364 3650 
1 95 
3 2968 95 603 
2 95 1637 
2 95 4021 
4 1611 3867 4222 95 
1 95 
1 95 
2 879 96 
1 96 
3 4901 96 2002 
3 3340 3813 96 
3 3576 96 787 
1 96 
2 1634 96 
3 96 744 4744 
1 96 
3 96 2944 3673 
1 96 
3 4120 4833 96 
1 97 
1 97 
2 1615 97 
1 97 
2 4963 97 
1 97 
1 97 
1 97 
1 97 
1 97 
5 3612 4244 474 97 3190 
2 1641 97 
5 194 4284 4253 97 1845 
1 97 
4 4446 4757 97 4863 
1 97 
3 4831 1917 97 
2 97 2815 
1 97 
2 97 2309 
3 1749 97 682 
2 4956 98 
1 98 
1 98 
2 4848 98 
4 2154 1544 2803 98 
1 98 
2 1693 98 
1 98 
4 2278 4181 3993 98 
3 2334 2882 98 
1 98 
2 98 2321 
1 98 
1 98 
3 2641 556 98 
1 98 
2 4797 99 
1 99 
2 4029 99 
2 4168 99 
2 4527 99 
1 99 
2 1574 99 
3 1994 4343 99 
4 4243 3527 99 1520 
3 3014 3544 99 
2 4197 99 
3 3218 3276 99 
3 622 1808 99 
2 2250 99 
1 99 
4 2457 4032 4593 99 
3 783 99 989 
1 100 
3 4032 3046 100 
2 2146 100 
2 2630 100 
1 100 
1 100 
2 1712 100 
2 1594 100 
2 1290 100 
2 4558 100 
1 100 
2 3908 100 
1 100 
2 2235 100 
1 100 
3 3351 3335 100 
2 100 1428 
3 997 100 368 
2 873 100 
1 101 
1 101 
2 3459 101 
3 2502 663 101 
2 501 101 
2 1560 101 
2 1519 101 
1 101 
2 417 101 
1 101 
2 4144 101 
2 4712 101 
2 4897 101 
1 102 
3 2877 1596 102 
1 102 
3 3748 165 102 
3 4060 4227 102 
2 3721 102 
3 3325 280 102 
3 124 3317 102 
2 275 102 
2 102 346 
2 4055 102 
1 102 
1 102 
1 102 
3 2180 397 102 
4 3550 2530 2379 102 
1 102 
1 102 
1 102 
2 3410 102 
1 103 
4 123 1046 3469 103 
1 103 
4 1130 2646 4939 103 
3 2803 2781 103 
2 2613 103 
1 103 
1 103 
3 2705 1073 103 
2 4361 103 
3 167 3794 103 
2 103 611 
1 103 
3 3906 4979 103 
1 103 
3 4292 1812 103 
2 4781 103 
2 4869 103 
2 338 104 
1 104 
3 2504 1532 104 
1 104 
2 4871 104 
2 104 1489 
1 104 
1 104 
1 104 
3 1468 680 104 
1 104 
2 3773 104 
1 104 
2 3105 104 
2 2215 104 
2 4569 104 
2 4211 104 
4 3414 1226 4102 104 
1 104 
2 1506 104 
1 105 
2 4508 105 
2 1728 105 
2 3590 105 
3 3568 283 105 
1 105 
2 4210 105 
2 4615 105 
1 105 
3 3142 4711 105 
3 2621 2599 105 
2 2652 105 
1 105 
1 105 
3 4282 148 105 
2 3011 105 
4 3619 4271 4754 105 
1 105 
2 2998 105 
1 105 
2 791 105 
1 105 
1 106 
2 106 3336 
3 106 3858 3229 
1 106 
1 106 
2 106 669 
2 106 4190 
1 106 
2 106 1569 
1 106 
2 106 2864 
1 106 
1 106 
3 106 713 2672 
2 106 3276 
1 106 
3 106 769 3674 
2 106 4126 
3 106 485 1674 
1 106 
2 106 1612 
4 107 1343 1683 3321 
1 107 
1 107 
1 107 
1 107 
2 107 4753 
2 107 4552 
2 107 3696 
4 2861 107 2092 1606 
2 107 3843 
2 107 4028 
4 107 636 1840 1568 
2 107 1999 
1 107 
7 2574 107 130 1586 1501 361 207 
2 107 1577 
2 107 1995 
2 4282 107 
1 107 
2 107 1786 
2 108 4718 
1 108 
1 108 
2 108 4045 
1 108 
1 108 
1 108 
3 108 3987 2775 
2 108 2825 
2 108 284 
1 108 
3 108 1772 438 
1 108 
2 108 1653 
2 108 455 
4 108 4284 3205 1177 
2 109 4235 
1 109 
1 109 
1 109 
1 109 
2 109 2646 
3 109 2749 1403 
2 109 1347 
4 3131 109 276 1402 
1 109 
1 109 
3 109 1016 412 
2 109 1774 
2 109 2788 
2 109 1330 
1 109 
1 109 
1 109 
1 110 
5 4690 1600 1327 110 3713 
1 110 
1 110 
2 110 2520 
1 110 
3 110 879 1647 
2 110 3851 
3 4495 110 786 
2 110 3369 
1 110 
2 3637 110 
2 110 3009 
2 110 4750 
1 110 
2 110 4143 
1 110 
1 111 
3 3298 111 3035 
1 111 
1 111 
2 111 1630 
1 111 
3 111 2868 2675 
2 111 2916 
1 111 
3 2333 3195 111 
1 111 
2 111 382 
1 111 
2 112 4720 
3 112 4058 4960 
2 112 2077 
1 112 
3 112 3765 902 
1 112 
1 112 
3 217 112 4392 
3 112 2747 442 
3 112 3010 2309 
2 112 2069 
3 112 2668 2291 
5 112 2257 655 956 3773 
2 112 1722 
2 112 2652 
2 112 1662 
2 112 2985 
1 112 
2 112 4979 
2 113 3064 
2 1733 113 
2 3962 113 
2 113 223 
1 113 
2 113 2934 
3 3703 113 1991 
3 113 4288 725 
2 4391 113 
2 113 1350 
2 113 1649 
1 113 
2 3534 113 
1 114 
2 114 3004 
3 114 716 2913 
2 114 346 
2 114 274 
1 114 
1 114 
2 114 1226 
1 114 
1 114 
1 114 
2 114 3350 
2 114 2923 
4 114 1707 1344 3563 
1 114 
3 114 577 538 
2 115 659 
1 115 
2 115 2891 
1 115 
1 115 
4 115 4531 1161 1763 
1 115 
1 115 
2 115 2503 
1 115 
1 115 
3 115 3662 3778 
2 115 2305 
1 115 
1 115 
4 2963 115 4216 1351 
4 546 115 4426 4653 
5 3566 3156 3487 115 3933 
1 115 
1 115 
2 3820 115 
1 116 
2 116 1563 
4 116 552 3266 4832 
5 3822 1409 116 4031 4791 
1 116 
1 116 
5 4691 116 3281 4315 3003 
1 116 
1 116 
1 116 
2 1852 116 
1 116 
3 116 742 4599 
2 116 2557 
1 116 
2 116 284 
2 116 1195 
1 117 
2 117 1821 
3 117 4399 2793 
1 117 
1 117 
1 117 
1 117 
3 1099 117 3714 
5 2482 4585 117 3841 1608 
2 117 4870 
2 117 2684 
1 117 
2 117 2765 
2 4997 117 
1 117 
1 117 
4 373 117 4755 1105 
2 2921 117 
4 3873 117 153 4413 
2 3552 117 
2 118 608 
4 118 2700 4153 178 
1 118 
4 118 4573 1515 1424 
4 118 529 660 3837 
1 118 
3 118 3812 3938 
3 118 1896 3818 
1 118 
1 118 
3 118 4856 4575 
2 2843 118 
2 118 1061 
1 118 
1 118 
2 118 3016 
1 118 
2 4920 119 
3 2576 119 3975 
2 119 4621 
3 2993 119 2985 
2 119 4709 
2 119 2316 
2 119 4221 
1 119 
4 119 3288 2991 4440 
2 119 990 
3 119 297 4906 
4 2824 119 4620 4716 
1 119 
3 119 859 3148 
3 181 119 3836 
1 119 
2 119 4225 
1 119 
1 119 
2 119 2941 
4 3283 120 2974 1384 
2 120 4756 
2 3178 120 
1 120 
2 2300 120 
3 120 172 1934 
1 120 
2 4892 120 
1 120 
2 120 4012 
2 120 921 
2 120 2568 
1 120 
2 120 3674 
2 3342 120 
1 120 
2 120 382 
1 120 
1 120 
2 120 172 
1 120 
1 121 
1 121 
1 121 
3 4090 1328 121 
2 121 1863 
2 1155 121 
2 121 3648 
3 121 454 728 
4 3706 121 2521 4442 
1 121 
2 121 4598 
4 4998 121 1519 4699 
3 1576 121 267 
3 121 223 1175 
3 2549 121 4011 
1 121 
2 121 175 
1 121 
2 121 1277 
2 121 1846 
1 121 
3 121 4989 4061 
1 121 
1 122 
2 122 1754 
1 122 
2 122 2079 
1 122 
3 3655 3906 122 
2 2968 122 
1 122 
1 122 
1 122 
2 122 985 
1 122 
2 122 3126 
2 4389 122 
5 1524 896 122 4105 1441 
3 4302 3981 122 
3 1254 4091 122 
2 3508 122 
3 2693 4285 123 
2 123 1568 
3 4237 123 4351 
2 4665 123 
2 3794 123 
2 3775 123 
2 1825 123 
3 853 4529 123 
1 123 
2 123 2542 
1 123 
1 123 
2 123 1458 
1 123 
1 123 
1 123 
1 123 
4 4266 718 123 3699 
2 123 1253 
2 2078 123 
2 1129 123 
1 124 
2 124 3603 
2 124 1071 
1 124 
2 4708 124 
2 4077 124 
2 305 124 
2 2214 124 
1 124 
3 699 124 420 
3 327 124 3674 
2 1621 124 
4 856 3454 2127 124 
3 3157 2803 124 
2 2883 124 
2 1308 124 
4 2076 124 4697 1815 
1 124 
1 125 
3 2357 1295 125 
1 125 
1 125 
1 125 
5 2606 2195 3047 125 264 
1 125 
2 4011 125 
2 892 125 
4 1409 4952 125 4957 
2 125 1828 
1 126 
1 126 
2 625 126 
1 126 
3 2936 126 4740 
2 4064 126 
1 126 
2 3458 126 
2 524 126 
1 126 
1 127 
4 1055 2938 2063 127 
3 409 1826 127 
2 3443 127 
1 127 
2 1580 127 
2 1658 127 
1 127 
2 2600 127 
1 127 
1 127 
2 127 3804 
3 3810 3512 127 
1 127 
2 127 1536 
1 127 
3 4807 4808 127 
2 1616 128 
1 128 
3 3083 2958 128 
2 3457 128 
3 1362 1245 128 
1 128 
3 4203 1660 128 
2 832 128 
3 2312 2583 128 
1 128 
1 128 
1 128 
1 128 
2 3794 128 
2 129 3528 
1 129 
1 129 
1 129 
1 129 
1 129 
1 129 
2 129 1227 
4 129 3984 1083 4395 
1 129 
1 129 
1 129 
1 129 
1 129 
3 129 654 3542 
3 129 495 3974 
4 2731 129 850 1897 
2 129 3448 
1 129 
1 129 
3 129 3829 3036 
2 129 2461 
1 129 
2 130 665 
1 130 
1 130 
1 130 
3 130 1494 1053 
2 130 2522 
2 130 1238 
1 130 
2 130 4727 
3 130 2920 4058 
3 2898 130 490 
2 130 1435 
3 130 973 1480 
4 130 2588 435 3895 
5 130 511 4093 2954 1742 
1 130 
1 130 
2 130 648 
2 4478 130 
1 130 
1 130 
3 130 2712 3789 
1 131 
2 131 4270 
1 131 
2 131 3507 
3 131 692 244 
2 131 4291 
2 131 3583 
2 131 4115 
1 131 
1 131 
2 131 836 
1 131 
1 131 
1 131 
1 131 
3 131 2617 543 
2 131 945 
1 131 
2 131 1357 
3 131 1221 1213 
4 4118 2801 131 2558 
3 1704 131 4812 
1 131 
2 131 2793 
1 131 
1 131 
2 2965 131 
1 131 
2 4122 131 
3 1627 131 638 
3 3449 131 4538 
2 132 903 
2 132 3697 
3 749 132 4753 
2 4546 132 
2 132 3800 
4 1540 971 132 3976 
3 733 132 2787 
3 132 2739 4863 
1 132 
1 132 
1 132 
3 132 2866 4240 
3 4327 3409 132 
1 132 
1 132 
1 132 
1 132 
2 1641 132 
6 1098 133 798 1660 1848 3942 
2 133 4598 
1 133 
2 2713 133 
2 133 2384 
2 133 1616 
2 3764 133 
1 133 
3 3872 133 4460 
2 133 4655 
2 185 133 
3 3007 133 3892 
1 133 
2 1644 133 
3 133 4289 1655 
1 133 
2 133 4992 
1 133 
1 133 
1 133 
4 3853 133 2491 1585 
1 133 
1 134 
1 134 
1 134 
2 134 2161 
2 4692 134 
1 134 
3 2586 390 134 
1 134 
2 134 1365 
1 134 
3 134 4341 1659 
1 134 
3 134 1725 2477 
3 134 3530 4190 
2 134 4189 
2 134 739 
2 134 805 
2 4785 134 
4 134 253 4161 1133 
1 134 
1 134 
3 135 3523 2956 
2 3823 135 
4 1872 1203 135 589 
3 4768 2123 135 
3 2796 1922 135 
3 135 3121 1211 
3 296 135 4085 
2 135 4740 
1 135 
2 135 1483 
3 372 135 1605 
1 135 
3 3040 4311 135 
2 135 4908 
1 135 
4 135 3988 1128 364 
2 330 135 
1 135 
1 135 
1 135 
3 2041 135 1210 
2 2239 135 
3 3283 2391 135 
2 618 136 
1 136 
1 136 
2 274 136 
3 136 3399 1115 
1 136 
4 613 4575 4974 136 
2 136 1897 
3 4232 690 136 
2 2735 136 
1 136 
1 136 
2 136 2831 
3 808 1340 136 
1 136 
2 136 4699 
2 4881 136 
1 136 
1 136 
3 2281 802 136 
2 223 136 
1 136 
1 136 
3 1747 4454 136 
1 136 
2 4099 137 
2 2245 137 
1 137 
1 137 
1 137 
1 137 
1 137 
1 137 
1 137 
3 731 137 2149 
3 2911 2428 137 
1 137 
2 137 820 
1 137 
1 137 
2 552 137 
2 2951 137 
2 1337 137 
2 3184 137 
2 3787 137 
2 2221 137 
2 137 1461 
2 138 4111 
1 138 
2 1273 138 
2 3197 138 
3 138 3419 1997 
1 138 
3 2191 4339 138 
2 1136 138 
3 3099 3011 138 
1 138 
1 138 
2 138 4084 
3 4704 138 4192 
4 4374 2357 138 208 
3 1724 4454 138 
1 138 
2 2485 139 
2 1698 139 
3 774 2399 139 
2 4641 139 
1 139 
1 139 
2 139 3192 
2 4225 139 
2 4276 139 
2 1772 139 
1 139 
1 139 
4 3277 501 139 4475 
3 1950 1219 139 
3 2340 4364 139 
1 139 
1 139 
2 139 2872 
2 3545 139 
4 1745 3907 1009 140 
3 2316 1659 140 
1 140 
3 1013 140 464 
2 472 140 
1 140 
1 140 
1 140 
3 1746 1907 140 
3 4636 140 4157 
3 4270 913 140 
1 140 
4 554 2423 140 2895 
2 140 2775 
1 140 
1 140 
4 4925 1950 4416 140 
2 1566 140 
1 140 
1 140 
2 4065 140 
1 140 
1 140 
1 140 
2 2735 140 
2 1853 140 
2 484 140 
3 1765 4320 140 
1 140 
2 4762 141 
2 4806 141 
1 141 
1 141 
2 141 787 
3 3253 141 867 
2 1119 141 
5 4802 450 306 141 1831 
1 141 
2 4931 141 
3 3011 141 3780 
2 4644 141 
3 2024 1905 141 
1 141 
1 141 
2 3035 141 
1 141 
1 141 
4 1951 2081 141 213 
1 141 
1 141 
2 3506 142 
2 3054 142 
1 142 
1 142 
1 142 
2 3812 142 
2 3889 142 
2 3786 142 
1 142 
1 142 
1 142 
1 142 
1 142 
5 2078 3391 1334 142 4800 
1 142 
3 3948 805 142 
2 1128 142 
3 1975 3775 142 
2 3047 142 
2 1378 142 
2 2060 142 
1 142 
2 3668 142 
1 143 
2 2812 143 
1 143 
1 143 
2 3347 143 
2 3882 143 
3 794 2163 143 
1 143 
1 143 
1 143 
3 4024 3178 143 
1 143 
2 1611 143 
3 4057 882 144 
2 3269 144 
2 2272 144 
3 1149 144 2819 
1 144 
3 3138 3356 144 
1 144 
1 144 
5 583 1567 2975 4019 144 
4 2174 168 3036 144 
1 144 
1 144 
3 1359 2760 144 
2 4649 144 
2 1910 144 
2 4979 144 
2 3859 144 
1 144 
2 3408 144 
1 144 
2 145 3103 
3 145 185 2407 
2 145 2460 
3 145 2811 3735 
2 145 4256 
1 145 
1 145 
2 145 1670 
1 145 
2 145 1383 
1 145 
3 145 1358 754 
2 145 4740 
1 145 
1 145 
2 145 4105 
1 145 
1 145 
1 145 
3 145 3134 1591 
2 146 2379 
1 146 
2 146 317 
3 146 3013 838 
4 146 4233 2532 2629 
1 146 
1 146 
3 146 4852 4618 
3 146 2446 1566 
1 146 
2 146 3928 
1 146 
1 146 
4 3127 146 1125 3291 
2 146 3284 
2 146 4593 
2 146 2075 
2 4912 146 
2 146 2025 
2 146 1633 
2 146 3563 
3 147 4635 227 
3 147 415 4598 
2 147 1385 
1 147 
2 147 4550 
2 147 3074 
1 147 
3 147 243 1762 
3 147 3981 2703 
2 147 1515 
2 147 1157 
4 3567 147 885 4581 
2 483 147 
3 147 2165 742 
1 148 
1 148 
1 148 
1 148 
2 594 148 
1 148 
1 148 
3 4266 148 1503 
1 148 
5 750 148 2010 2618 4468 
2 148 3367 
1 149 
1 149 
1 149 
2 149 4149 
2 149 1906 
1 149 
2 149 4539 
3 149 646 3583 
2 149 1088 
1 149 
2 149 2445 
3 4194 149 2032 
2 149 2940 
3 149 4923 3664 
1 149 
1 149 
3 2155 149 2431 
1 149 
2 150 1184 
3 150 2504 3596 
2 150 188 
3 630 150 1550 
3 808 150 1005 
2 150 599 
3 150 1183 2428 
1 150 
4 150 1821 1906 2306 
4 1030 150 4151 1150 
2 150 3933 
2 150 3684 
1 150 
3 4600 3058 150 
1 150 
2 150 622 
3 150 2714 3734 
2 150 2679 
2 3174 150 
2 150 1101 
2 150 1813 
1 150 
2 1157 150 
1 150 
3 3502 2694 150 
1 151 
3 3473 151 4790 
1 151 
1 151 
4 3180 151 2201 1321 
3 4140 151 2011 
3 151 4416 4697 
5 3872 1340 151 3971 2928 
1 151 
1 151 
2 3276 151 
2 151 2535 
1 151 
1 151 
1 151 
1 151 
1 151 
3 151 819 3191 
1 151 
1 151 
3 1598 151 4312 
2 152 1388 
2 182 152 
3 152 1274 2184 
3 195 4307 152 
2 152 3995 
2 4545 152 
1 152 
2 152 640 
2 3223 152 
1 152 
1 152 
3 630 152 4492 
1 152 
1 152 
2 152 2868 
1 152 
1 152 
3 1746 1528 152 
2 152 4591 
2 3066 153 
5 4500 1991 153 4618 784 
2 153 359 
1 153 
2 153 1972 
2 4585 153 
3 153 2450 1625 
2 153 441 
4 934 153 2060 2855 
2 315 153 
1 153 
1 153 
2 153 2603 
3 153 4906 1426 
2 153 4936 
2 154 3833 
2 154 387 
2 1883 154 
2 1204 154 
1 154 
2 154 442 
1 154 
2 154 1826 
3 154 3393 2307 
2 154 4063 
1 154 
1 154 
3 3007 4703 154 
1 154 
2 154 2959 
3 154 4080 4009 
5 2117 3133 154 4906 424 
2 3702 154 
1 154 
3 1032 154 190 
2 2617 154 
1 154 
2 3685 155 
3 640 155 2396 
3 1395 155 1013 
2 155 1178 
1 155 
1 155 
2 155 4800 
2 155 3935 
2 155 1741 
1 155 
2 249 155 
1 155 
1 155 
2 3624 155 
3 2558 155 799 
1 155 
3 2101 155 1297 
1 155 
3 1737 3044 155 
2 155 2061 
2 156 697 
1 156 
3 3158 156 401 
2 156 2395 
4 156 2170 4084 465 
1 156 
2 156 2111 
2 4202 156 
1 156 
1 156 
1 156 
2 2827 156 
1 156 
3 969 156 3722 
4 685 4549 4429 156 
4 765 3175 4808 156 
2 353 157 
3 2091 157 3337 
3 4329 3969 157 
3 2326 157 4405 
1 157 
2 2333 157 
2 1557 157 
3 4788 157 2789 
2 157 2209 
2 4303 157 
2 157 1417 
3 3910 157 1793 
3 1267 1105 157 
2 1446 157 
1 157 
2 487 158 
1 158 
1 158 
3 158 3436 2564 
1 158 
4 158 4711 3003 3192 
2 158 2400 
2 158 726 
2 2500 158 
3 1358 158 1133 
3 2351 158 4038 
4 1720 771 2889 158 
1 158 
1 158 
2 851 158 
3 3082 159 2130 
1 159 
2 159 2434 
3 3634 1313 159 
2 1022 159 
3 2260 159 1778 
1 159 
2 4166 159 
2 184 159 
2 159 231 
1 159 
3 2210 3256 159 
2 2699 159 
1 159 
2 4813 159 
2 159 4459 
2 159 3935 
3 3619 159 1166 
1 160 
1 160 
2 160 3608 
2 4413 160 
3 2193 160 2083 
3 3352 1714 160 
1 160 
1 160 
3 375 160 285 
1 160 
2 2198 160 
1 160 
2 2193 161 
3 4227 161 1152 
1 161 
1 161 
1 161 
3 1216 161 1958 
2 1135 161 
1 161 
3 3028 161 605 
1 161 
3 2953 2142 161 
2 2100 161 
1 161 
3 161 3090 175 
3 2887 2468 162 
2 162 401 
3 1291 2049 162 
2 2076 162 
5 3825 2578 2644 1955 162 
1 162 
2 2734 162 
3 3338 1842 162 
2 1590 162 
4 225 4382 162 2188 
1 162 
1 162 
1 162 
1 162 
1 162 
2 816 162 
2 3249 163 
3 3348 163 729 
1 163 
1 163 
2 3576 163 
3 3860 3001 163 
1 163 
2 4936 163 
3 1643 1722 163 
1 163 
2 1676 163 
3 513 917 163 
4 2055 2649 163 1351 
3 2700 2383 163 
2 163 3610 
1 164 
1 164 
2 2512 164 
5 1378 3487 3083 3530 164 
3 4415 1147 164 
2 164 3942 
2 2915 164 
2 817 164 
2 1851 164 
4 4289 2316 2673 164 
4 1338 3477 4719 164 
1 164 
1 164 
1 164 
2 3506 164 
1 164 
2 2656 164 
2 3538 164 
1 164 
2 4226 164 
4 1407 3643 2808 165 
2 807 165 
3 4728 3665 165 
2 4344 165 
1 165 
2 658 165 
4 2086 4983 4810 165 
2 387 165 
4 2860 3946 4481 165 
1 165 
2 4252 165 
2 165 4460 
1 165 
1 165 
2 3341 165 
1 165 
6 2757 3354 3139 3142 3836 165 
1 165 
1 165 
3 4248 165 3651 
1 165 
1 166 
1 166 
1 166 
3 2963 367 166 
4 2351 3041 3512 166 
2 166 888 
2 4971 166 
2 690 166 
1 166 
2 3475 166 
3 868 1288 166 
3 3669 3006 166 
1 166 
1 166 
3 1558 600 166 
3 470 410 166 
1 166 
2 3316 166 
4 167 1367 4473 4109 
2 4940 167 
3 167 2578 4737 
1 167 
1 167 
2 167 575 
2 167 2711 
4 167 4924 1357 4876 
5 1254 167 4772 415 1933 
2 167 3542 
1 167 
1 167 
2 167 4804 
3 4674 167 3399 
2 167 1738 
2 167 3715 
2 167 1662 
2 167 1082 
1 167 
2 666 167 
2 167 3313 
1 167 
1 167 
1 167 
3 1465 167 2505 
1 167 
2 167 4586 
2 167 4880 
5 167 735 4711 664 3149 
2 167 2266 
2 168 2744 
1 168 
1 168 
2 905 168 
2 168 2027 
1 168 
2 168 2891 
2 168 2730 
1 168 
2 168 4332 
2 168 3347 
2 168 2696 
3 168 3074 1595 
3 168 1335 3796 
2 168 1110 
3 168 1949 3074 
1 168 
3 168 3860 1673 
2 168 3660 
2 168 4896 
3 168 846 1299 
3 168 3300 2203 
2 168 3125 
3 168 3643 3554 
3 1641 168 4979 
2 168 3753 
3 169 3790 229 
1 169 
2 4821 169 
2 169 2132 
4 4806 3682 169 2306 
2 2919 169 
1 169 
1 169 
1 169 
3 4663 1380 169 
2 169 682 
1 169 
1 169 
3 1524 169 1484 
2 169 170 
1 169 
1 169 
1 169 
2 1557 170 
2 170 410 
1 170 
4 291 170 2813 4111 
3 170 4343 2932 
1 170 
1 170 
3 2212 170 2688 
2 1353 170 
5 2824 170 813 1714 361 
1 170 
2 170 4335 
1 170 
3 170 1529 2566 
1 170 
1 170 
3 1180 170 221 
1 170 
4 512 170 4557 1054 
2 170 1806 
3 170 3223 2837 
3 170 2592 2953 
2 170 1473 
2 849 171 
4 171 2063 4239 1077 
3 3592 171 707 
2 2573 171 
1 171 
3 171 4211 1506 
1 171 
1 171 
1 171 
1 171 
2 171 4901 
3 171 2018 1251 
2 299 171 
1 171 
2 171 823 
2 171 4071 
3 3655 171 926 
2 1671 171 
3 171 3229 4847 
3 4963 908 171 
3 3572 1269 171 
3 777 172 4654 
1 172 
2 172 3376 
5 4629 3891 172 1844 4070 
1 172 
1 172 
2 172 1535 
2 172 1436 
3 172 2849 3191 
2 4804 172 
1 172 
3 172 534 1661 
1 172 
1 172 
3 1964 172 3212 
1 172 
2 1672 172 
4 619 172 3899 4020 
2 248 172 
1 172 
1 172 
4 4445 3343 572 172 
2 173 701 
1 173 
2 173 1776 
1 173 
1 173 
1 173 
1 173 
2 1396 173 
1 173 
1 173 
1 173 
2 4807 173 
2 3023 173 
2 173 441 
2 173 3337 
1 173 
3 2639 173 926 
1 173 
1 173 
5 898 839 2974 174 464 
2 174 4210 
2 1451 174 
2 4685 174 
1 174 
1 174 
2 789 174 
1 174 
2 3556 174 
2 4256 174 
2 2138 174 
1 174 
1 174 
3 2692 1144 174 
2 269 174 
2 1060 174 
3 4302 677 174 
1 174 
1 175 
1 175 
7 1411 4218 2830 1976 1844 175 4994 
2 2598 175 
2 175 4403 
2 1770 175 
1 175 
2 2142 175 
1 175 
4 2210 175 1351 2522 
2 2745 175 
2 175 1680 
2 405 175 
1 175 
2 2198 175 
3 1264 1500 175 
1 175 
4 670 2744 175 989 
2 900 175 
2 457 175 
2 1606 176 
2 3414 176 
1 176 
1 176 
2 2055 176 
4 3422 1416 176 3998 
2 176 3148 
2 4651 176 
1 176 
2 4927 176 
2 578 176 
1 176 
1 176 
2 4873 176 
1 176 
1 176 
2 4428 176 
1 176 
3 4201 837 176 
2 3117 176 
1 176 
3 512 3630 176 
3 317 176 3096 
2 1889 176 
1 176 
1 176 
1 176 
3 1983 4584 176 
2 1411 177 
2 3351 177 
2 177 4869 
3 1888 602 177 
2 4637 177 
2 3737 177 
1 177 
1 177 
1 177 
2 4269 177 
1 177 
1 177 
2 896 177 
2 177 1865 
3 1963 4413 177 
4 2934 1204 177 3251 
2 3014 178 
2 178 4278 
3 1787 4337 178 
2 3072 178 
2 2224 178 
3 240 178 3236 
2 4859 178 
2 3567 178 
1 178 
5 3137 2682 884 3833 178 
2 3024 178 
2 178 3865 
2 2110 178 
4 3323 1529 178 1865 
2 2986 178 
3 4992 178 4583 
3 3511 3074 178 
1 178 
3 2696 362 178 
2 3536 178 
2 3729 178 
1 178 
1 178 
1 178 
1 178 
1 179 
2 3936 179 
3 449 179 422 
1 179 
2 179 2776 
4 4722 839 501 179 
3 4292 2046 179 
1 179 
2 4578 179 
1 179 
1 179 
1 179 
4 600 4917 179 4740 
2 3217 179 
3 1517 339 179 
1 179 
2 3548 179 
2 455 179 
2 179 3533 
1 180 
2 1584 180 
2 998 180 
2 1515 180 
3 4360 3831 180 
2 4219 180 
1 180 
1 180 
1 180 
3 2668 4273 180 
2 4965 180 
2 2883 180 
2 1265 180 
2 1432 180 
1 180 
2 900 180 
2 939 180 
3 2527 3110 180 
1 180 
1 180 
1 180 
4 3946 4924 1416 180 
1 181 
2 181 3643 
1 181 
1 181 
2 181 2709 
2 181 2451 
2 181 1901 
1 181 
1 181 
1 181 
3 3295 181 1937 
3 1353 181 3464 
1 181 
1 181 
1 181 
3 2574 181 4998 
3 181 1067 1162 
2 182 3513 
3 182 3299 4833 
3 4664 182 212 
1 182 
2 182 553 
1 182 
1 182 
1 182 
1 182 
1 182 
2 182 4169 
2 182 4258 
1 182 
2 182 4394 
3 182 1099 3458 
2 182 2951 
1 182 
3 182 1275 421 
1 182 
1 182 
3 182 3518 4903 
1 182 
3 182 2335 1010 
1 182 
2 183 760 
1 183 
1 183 
2 183 2380 
3 183 4685 2438 
2 183 1227 
1 183 
1 183 
2 183 4144 
3 183 1770 2305 
1 183 
1 183 
2 183 2352 
3 183 3435 2329 
2 183 1871 
3 183 596 3541 
2 183 4795 
3 183 832 4539 
2 183 4697 
3 183 3415 3577 
2 183 3676 
1 183 
1 183 
1 183 
2 1903 183 
1 184 
2 184 4343 
2 184 1111 
6 2821 4665 184 281 4007 1742 
2 184 4344 
3 184 1141 3088 
1 184 
3 184 3952 3048 
1 184 
2 184 3826 
3 184 256 3697 
2 184 3827 
1 184 
2 4407 184 
2 184 4546 
2 1429 185 
1 185 
3 185 3041 2132 
1 185 
1 185 
3 185 3955 4672 
1 185 
3 969 185 1476 
1 185 
1 185 
1 185 
2 185 385 
2 185 3620 
2 185 4946 
1 185 
2 186 3721 
2 3949 186 
2 186 2819 
1 186 
2 1667 186 
4 4193 186 4222 839 
3 2655 186 3052 
2 2411 186 
2 186 2271 
1 186 
2 1470 186 
2 186 3354 
4 3726 3083 186 2344 
2 3421 186 
1 186 
1 187 
1 187 
2 187 3847 
5 4630 4310 187 1001 3441 
3 620 187 1024 
2 187 4531 
2 3638 187 
1 187 
3 2500 4449 187 
1 187 
1 187 
1 187 
2 187 1841 
2 2363 187 
1 187 
3 3041 187 2492 
2 187 4820 
1 187 
3 4524 187 3381 
2 188 2098 
1 188 
3 3357 4470 188 
1 188 
2 188 3055 
2 516 188 
4 4375 1269 956 188 
3 3723 3460 188 
3 3106 2377 188 
1 188 
2 1842 188 
2 188 2604 
1 188 
1 188 
3 3932 188 3379 
1 189 
2 189 1897 
1 189 
2 189 2172 
1 189 
4 189 4107 3150 4230 
1 189 
2 3264 189 
1 189 
1 189 
2 392 189 
1 189 
2 4041 189 
1 189 
3 189 2112 2751 
1 189 
2 189 465 
3 3574 190 2132 
3 3345 190 2763 
2 1944 190 
2 3925 190 
1 190 
3 4610 190 3915 
2 190 3214 
1 190 
2 3566 190 
4 1736 4569 1090 190 
3 1788 3027 190 
3 4218 190 3464 
1 190 
1 190 
1 190 
3 4664 1622 190 
2 1066 190 
3 2414 2784 190 
1 191 
1 191 
2 4024 191 
1 191 
2 191 1013 
3 3679 191 4654 
3 1943 487 191 
2 1757 191 
3 3196 1436 191 
2 1337 191 
1 191 
2 4003 191 
2 2796 191 
2 429 191 
3 236 4035 191 
1 191 
2 3815 191 
1 191 
2 3830 191 
3 2294 263 191 
1 191 
1 191 
1 191 
3 4380 1175 191 
2 2983 191 
1 191 
2 191 3037 
1 191 
4 1806 283 339 192 
1 192 
2 1576 192 
2 1073 192 
1 192 
2 3692 192 
1 192 
5 1956 1107 192 610 2980 
3 3497 3757 192 
1 192 
1 192 
2 4195 192 
2 2910 192 
1 192 
2 1524 192 
3 4603 742 192 
1 192 
1 192 
2 3315 192 
1 192 
1 192 
1 192 
2 2966 193 
1 193 
2 4463 193 
2 2048 193 
3 4176 3521 193 
4 826 4926 4845 193 
1 193 
2 1514 193 
2 3893 193 
5 3058 4195 3405 3150 193 
2 3826 193 
1 193 
2 558 193 
1 193 
2 2237 193 
2 1641 193 
2 1776 193 
2 3077 193 
1 193 
3 194 807 1608 
1 194 
4 194 2259 4639 3210 
1 194 
2 194 929 
1 194 
1 194 
2 194 3145 
1 194 
2 194 2126 
1 194 
2 194 2790 
2 194 3060 
1 194 
1 194 
4 194 4612 3974 2677 
2 194 3090 
1 194 
3 194 4704 727 
2 194 1182 
2 194 1793 
4 194 2303 2223 1978 
1 194 
2 194 3465 
2 194 1467 
1 195 
2 3589 195 
2 1326 195 
1 195 
2 3157 195 
1 195 
2 195 2806 
4 2897 869 195 4776 
3 195 4753 3974 
2 4802 195 
1 195 
1 195 
1 195 
2 195 4841 
2 3617 195 
2 195 4972 
2 195 442 
3 1323 1030 195 
2 195 1990 
3 2440 195 3480 
2 195 1270 
2 195 2289 
1 195 
2 196 1582 
2 196 2892 
2 196 2092 
2 1155 196 
1 196 
3 196 2239 1069 
2 196 1144 
1 196 
1 196 
2 1429 196 
1 196 
1 196 
2 2038 196 
3 196 2160 4433 
4 196 1084 3112 4515 
2 4026 196 
2 196 442 
1 196 
1 196 
3 196 4707 1550 
3 3500 1887 196 
2 196 2930 
2 197 3541 
2 4146 197 
1 197 
2 197 3512 
1 197 
1 197 
2 197 3358 
1 197 
1 197 
1 197 
1 197 
3 4787 197 2811 
2 2714 197 
2 197 4557 
3 3327 197 4869 
2 248 197 
3 197 4619 759 
1 197 
2 198 1039 
1 198 
2 4661 198 
1 198 
1 198 
2 198 4086 
3 795 198 4910 
3 1885 198 1212 
2 198 4441 
1 198 
1 198 
2 3822 198 
2 198 3152 
2 198 981 
1 198 
1 198 
2 3620 198 
2 198 4184 
2 4309 198 
1 199 
3 350 199 904 
2 4141 199 
2 199 1014 
3 2463 199 1149 
2 2071 199 
1 199 
1 199 
1 199 
1 199 
1 199 
3 1491 3946 199 
1 199 
3 199 1931 2079 
1 199 
3 2277 199 2672 
1 199 
1 199 
2 199 2126 
1 199 
3 199 2644 267 
3 4963 200 1089 
1 200 
1 200 
4 4374 200 4415 3918 
3 4628 1651 200 
3 1030 2662 200 
2 200 2567 
1 200 
3 200 4656 2407 
3 3153 200 1743 
1 200 
4 1055 1080 200 1487 
1 200 
4 2276 200 1912 2362 
2 1118 200 
3 1666 200 3140 
3 200 532 1186 
1 200 
2 200 701 
3 2443 1471 200 
2 3810 200 
1 200 
1 200 
2 2343 200 
2 1172 201 
2 201 1487 
1 201 
1 201 
1 201 
4 4330 201 2344 3801 
1 201 
3 2660 201 2179 
2 1787 201 
1 201 
2 201 3600 
1 201 
1 201 
3 201 4635 2180 
1 201 
2 202 2135 
2 807 202 
3 2139 202 3752 
3 2501 202 737 
2 202 1463 
3 1745 3011 202 
4 202 3644 3479 649 
2 202 3481 
1 202 
4 1323 202 384 2383 
3 202 3602 3939 
2 3386 202 
1 202 
3 2875 3347 202 
1 202 
1 202 
5 3963 434 202 2204 3074 
3 2177 202 4097 
1 203 
1 203 
1 203 
2 2161 203 
1 203 
3 1992 203 1660 
2 203 1113 
2 1709 203 
1 203 
2 3517 203 
1 203 
3 3983 203 1040 
1 203 
2 2044 203 
2 4569 204 
4 1642 881 204 2477 
2 204 3990 
1 204 
3 1445 3857 204 
2 3856 204 
3 1964 4046 204 
2 204 2707 
4 854 3028 204 3144 
1 204 
1 204 
1 204 
1 204 
3 4354 3349 204 
1 204 
3 452 205 1781 
1 205 
1 205 
2 3952 205 
2 205 4019 
4 1301 2827 2465 205 
2 205 2171 
2 4664 205 
1 205 
3 4272 4636 205 
1 205 
3 205 1330 4363 
1 205 
2 1325 205 
2 1739 205 
3 3909 205 2683 
3 1124 205 1554 
1 206 
1 206 
1 206 
1 206 
1 206 
3 2661 206 4112 
1 206 
2 3218 206 
3 3964 2468 206 
2 3642 206 
1 206 
2 206 2399 
1 206 
2 206 1589 
1 206 
2 206 3232 
2 1392 206 
1 206 
1 206 
2 4709 207 
1 207 
1 207 
4 2259 938 1915 207 
2 2605 207 
3 4123 207 1861 
3 1671 207 3882 
2 207 2944 
1 207 
1 207 
3 466 207 786 
1 207 
2 3571 207 
1 207 
2 1473 207 
3 3784 1656 207 
1 207 
1 207 
2 207 1050 
2 208 4367 
2 4949 208 
1 208 
2 3569 208 
2 208 385 
1 208 
2 2741 208 
1 208 
3 1037 208 1002 
2 1061 208 
4 1579 208 3548 1233 
3 2805 2132 208 
1 208 
3 2904 208 2979 
2 3364 208 
1 208 
2 2179 208 
4 3830 4078 208 320 
2 4824 208 
1 208 
3 2457 3043 208 
2 1362 209 
1 209 
1 209 
4 3066 3771 209 3403 
1 209 
4 1378 2670 4885 209 
2 3501 209 
2 4392 209 
1 209 
3 3870 3477 209 
2 4954 209 
4 1324 4501 3955 209 
3 3490 3954 209 
1 209 
1 209 
1 209 
1 209 
2 1226 209 
1 209 
2 2088 210 
2 3836 210 
2 3892 210 
1 210 
1 210 
1 210 
1 210 
2 2935 210 
2 1229 210 
2 2827 210 
2 1242 210 
1 210 
5 4807 3686 2378 3668 210 
4 2191 1310 1091 210 
2 2444 210 
1 210 
1 210 
1 210 
2 501 211 
3 2760 2269 211 
2 211 683 
2 3849 211 
3 443 2371 211 
2 934 211 
1 211 
2 2010 211 
3 2515 439 211 
1 211 
3 3854 1298 211 
2 1698 211 
2 1158 211 
2 1825 211 
2 280 211 
2 2845 211 
1 211 
1 211 
2 3299 211 
1 212 
2 4661 212 
2 235 212 
1 212 
3 3595 242 212 
1 212 
3 434 1483 212 
1 212 
3 3473 212 1683 
1 212 
2 2890 212 
1 212 
4 4789 2245 2318 212 
2 2219 212 
1 212 
1 212 
1 212 
2 4307 212 
3 4675 1455 212 
2 4557 212 
3 3871 2699 212 
2 3232 212 
2 1780 212 
1 213 
2 4591 213 
3 3586 2688 213 
2 1668 213 
2 3716 213 
1 213 
4 1993 881 4844 213 
2 1835 213 
1 213 
2 2139 213 
3 1851 1848 213 
1 213 
2 4543 213 
4 3598 308 213 1683 
3 4496 514 213 
1 213 
3 4677 2958 213 
1 213 
2 1772 213 
2 3561 214 
2 1394 214 
2 4296 214 
1 214 
2 2006 214 
4 4764 3858 4505 214 
1 214 
2 4580 214 
1 214 
1 214 
2 1418 214 
1 214 
1 214 
1 215 
2 1892 215 
1 215 
3 2691 1635 215 
3 2068 2395 215 
1 215 
3 1886 1639 215 
2 2252 215 
1 215 
3 4898 2884 215 
2 2327 215 
2 2625 215 
1 215 
2 4760 215 
1 215 
1 215 
3 3218 4329 215 
3 801 3209 215 
1 216 
2 216 367 
1 216 
2 216 4931 
3 216 876 4914 
2 216 2298 
2 216 3939 
1 216 
2 216 2890 
1 216 
1 216 
1 216 
3 216 2921 2581 
2 216 2506 
3 216 3746 1661 
1 216 
2 216 4618 
1 216 
4 217 2234 4234 999 
4 217 630 1089 2270 
1 217 
3 217 379 2400 
1 217 
2 217 1583 
1 217 
2 217 3837 
2 217 4172 
3 2548 217 324 
2 217 4459 
1 217 
2 217 1937 
1 217 
2 217 1078 
4 217 1220 2726 2268 
1 217 
2 217 3554 
1 217 
2 217 3097 
1 217 
3 2570 217 3174 
3 217 291 3889 
2 217 4328 
1 217 
2 217 2415 
1 217 
1 217 
2 218 2428 
1 218 
3 218 720 1795 
1 218 
2 218 2436 
2 218 3908 
1 218 
1 218 
2 218 1979 
2 218 1153 
1 218 
2 218 4306 
1 218 
3 218 1670 917 
1 218 
2 218 287 
1 218 
1 218 
1 218 
2 218 1382 
1 219 
1 219 
2 219 2825 
2 219 3762 
2 219 862 
2 219 2052 
3 219 3453 1879 
2 219 1435 
4 3724 219 1740 756 
1 219 
1 219 
2 219 2780 
2 219 1501 
2 219 2804 
2 219 1555 
4 2174 219 1410 893 
2 219 858 
1 219 
2 219 4907 
2 219 2614 
1 220 
1 220 
1 220 
2 220 2497 
1 220 
1 220 
1 220 
2 1215 220 
2 220 2970 
1 220 
3 220 1836 1676 
2 220 3431 
1 220 
1 220 
2 220 4098 
1 221 
1 221 
1 221 
2 3638 221 
1 221 
1 221 
1 221 
1 221 
2 221 1825 
1 221 
2 1626 221 
2 221 3758 
2 221 4990 
1 221 
1 221 
1 221 
2 221 2493 
4 221 1968 2492 965 
1 221 
3 221 4339 2582 
2 3505 222 
3 620 222 2788 
5 666 3623 222 3643 1567 
1 222 
2 222 1843 
2 222 1092 
2 1356 222 
1 222 
3 222 3312 386 
2 222 2924 
2 222 2355 
3 222 456 1132 
1 222 
1 222 
1 222 
1 222 
3 1746 222 1636 
3 3257 1946 222 
3 3199 222 1936 
1 222 
2 222 1505 
2 222 363 
2 223 1624 
2 223 2130 
1 223 
4 3276 223 1653 3577 
2 3387 223 
1 223 
3 4284 2196 223 
3 3505 223 1781 
1 223 
1 223 
4 1327 2593 223 2206 
3 514 223 3057 
3 2994 1886 223 
1 223 
1 223 
2 223 3554 
1 224 
2 2531 224 
3 2735 224 4515 
3 4090 799 224 
2 2019 224 
1 224 
2 2274 224 
1 224 
3 3195 4445 224 
3 445 2450 224 
1 224 
2 298 224 
3 1291 225 1841 
3 4701 1806 225 
2 4702 225 
1 225 
1 225 
2 225 3077 
1 225 
2 1267 225 
2 375 225 
2 3068 225 
2 225 1808 
1 225 
1 225 
4 2715 3265 4589 225 
2 579 225 
2 3432 225 
2 4965 225 
1 225 
1 225 
3 225 781 4656 
1 225 
1 225 
3 1430 4271 225 
3 226 2289 2773 
1 226 
2 751 226 
3 4702 3331 226 
3 2409 2615 226 
3 226 1956 4265 
2 3876 226 
4 3391 226 4757 964 
2 226 847 
2 4747 226 
3 2594 226 1694 
1 226 
2 3339 226 
1 226 
1 226 
2 633 227 
3 227 1954 2000 
1 227 
5 4221 1808 227 4596 2018 
3 2272 1491 227 
1 227 
1 227 
4 1612 2093 227 1263 
3 3047 227 2471 
1 227 
3 2413 227 1152 
3 3369 227 1917 
1 227 
1 227 
1 227 
2 4043 227 
1 227 
1 227 
2 4895 227 
1 227 
1 227 
4 228 3272 2269 706 
2 2942 228 
2 228 368 
2 4447 228 
2 4129 228 
3 2844 228 4016 
2 239 228 
2 228 3759 
3 3518 885 228 
2 2512 228 
2 228 2840 
1 228 
1 228 
4 797 2142 1754 228 
1 228 
2 731 228 
1 228 
1 228 
2 228 2632 
2 1473 228 
2 4843 228 
1 228 
2 1634 228 
1 229 
1 229 
2 2451 229 
2 229 4113 
3 2935 229 4070 
2 3810 229 
1 229 
2 3136 229 
1 229 
2 4407 229 
2 3182 229 
1 229 
2 3340 229 
1 229 
3 2576 229 4192 
1 229 
3 2489 229 465 
1 229 
4 3175 3471 1840 229 
3 3061 3474 229 
1 229 
1 229 
1 229 
2 4722 229 
1 229 
2 1529 229 
3 2274 373 229 
1 229 
1 230 
2 230 3865 
2 4626 230 
1 230 
1 230 
1 230 
2 1724 230 
2 3386 230 
4 1398 1911 4472 230 
1 230 
4 3878 779 4455 230 
4 496 1776 2600 230 
1 230 
2 634 230 
2 3922 230 
1 230 
1 230 
2 4730 230 
1 230 
1 230 
3 4802 4520 231 
3 3784 2583 231 
2 3540 231 
2 4701 231 
1 231 
1 231 
2 1200 231 
2 3607 231 
2 1302 231 
2 3016 231 
1 231 
1 231 
2 894 231 
2 4716 232 
1 232 
3 1602 727 232 
2 2267 232 
1 232 
2 2094 232 
4 3950 2074 903 232 
2 963 232 
2 3434 232 
2 2371 232 
2 4611 232 
1 232 
2 4973 232 
2 2155 232 
2 1401 232 
1 232 
1 232 
3 4676 3278 232 
2 1476 232 
2 2936 232 
1 232 
4 4334 4831 3483 233 
1 233 
2 4534 233 
1 233 
1 233 
1 233 
5 2984 4893 3336 2171 233 
3 1127 741 233 
3 3784 3042 233 
3 2826 2621 233 
1 233 
1 233 
2 1674 233 
2 1576 233 
1 233 
1 233 
1 233 
1 233 
1 234 
3 234 4483 2131 
1 234 
3 234 4916 3310 
2 234 2931 
1 234 
1 234 
1 234 
2 234 3714 
3 234 404 819 
1 234 
2 234 1492 
1 234 
2 234 931 
1 234 
2 234 2198 
2 234 3749 
4 234 793 2239 1179 
3 235 4464 1372 
1 235 
3 235 4239 3236 
3 235 4586 1810 
2 4305 235 
1 235 
2 235 3523 
3 235 1149 1682 
1 235 
1 235 
1 235 
3 235 2584 2546 
2 235 4363 
1 235 
1 235 
2 235 649 
3 235 4100 2978 
3 235 2465 3069 
1 235 
1 236 
3 3636 236 464 
2 4443 236 
1 236 
1 236 
1 236 
4 764 236 4670 2775 
1 236 
2 3536 236 
1 236 
2 236 4361 
3 3097 1703 236 
2 853 236 
2 236 2598 
2 929 236 
1 236 
3 237 474 2404 
1 237 
1 237 
3 237 3066 695 
2 237 837 
3 1390 237 4426 
1 237 
2 971 237 
2 237 1386 
1 237 
1 237 
1 237 
2 237 1329 
1 237 
3 237 2852 1716 
1 237 
1 237 
2 2045 238 
2 238 4036 
1 238 
1 238 
1 238 
2 2861 238 
3 238 3954 628 
2 238 1251 
1 238 
1 238 
3 4046 238 1569 
2 1221 238 
1 238 
2 1941 238 
1 238 
1 238 
2 238 886 
1 238 
1 238 
1 238 
4 630 4233 238 3715 
2 4705 238 
1 239 
2 767 239 
2 449 239 
3 4373 239 988 
1 239 
2 239 990 
2 1241 239 
2 239 3533 
1 239 
1 239 
3 1685 1837 239 
1 239 
3 4701 2279 239 
1 239 
3 2120 3520 239 
2 239 1676 
1 239 
2 4409 239 
4 239 359 561 1297 
1 239 
3 792 239 1000 
3 509 239 2438 
4 4996 2783 239 3462 
1 240 
1 240 
2 1020 240 
2 240 4034 
2 240 1002 
2 2846 240 
3 2442 240 3484 
1 240 
2 378 240 
2 240 2931 
2 2756 240 
1 240 
2 1989 240 
2 769 240 
1 240 
1 240 
3 240 1551 417 
4 240 3189 3736 4018 
3 240 1455 1859 
1 240 
2 333 240 
1 240 
2 1087 240 
1 240 
1 240 
1 241 
1 241 
1 241 
1 241 
5 3852 488 3575 241 1935 
1 241 
2 1707 241 
2 524 241 
2 2176 241 
1 241 
3 2529 241 2183 
1 241 
1 241 
2 3371 241 
1 241 
2 4048 241 
2 241 2763 
1 241 
3 3353 1343 241 
2 242 3321 
3 2865 2161 242 
4 4446 242 3123 988 
1 242 
2 1740 242 
3 4875 4256 242 
1 242 
4 4781 4023 242 2859 
1 242 
3 2746 242 1848 
4 653 1500 242 684 
1 242 
2 4284 242 
1 242 
5 466 2753 2458 2241 242 
2 242 2148 
2 2808 243 
1 243 
1 243 
3 1188 3627 243 
2 1689 243 
1 243 
1 243 
2 1225 243 
1 243 
1 243 
4 485 3571 244 1211 
2 4396 244 
3 3668 244 1298 
1 244 
1 244 
2 1947 244 
2 501 244 
2 1007 244 
4 2861 2738 244 4088 
2 244 3739 
3 2201 963 244 
2 2192 244 
1 244 
2 850 244 
2 4691 244 
1 244 
2 4355 244 
1 244 
3 3785 245 1369 
2 3218 245 
2 3518 245 
2 1395 245 
4 1191 245 822 564 
1 245 
2 1696 245 
3 2752 245 3818 
4 2614 3876 1225 245 
4 4767 3326 257 245 
1 245 
3 3655 1045 245 
1 245 
2 2589 245 
1 245 
2 639 246 
2 2645 246 
1 246 
2 1635 246 
2 1259 246 
1 246 
2 2704 246 
2 4801 246 
2 3301 246 
1 246 
2 2131 246 
3 3215 3589 246 
2 2466 246 
4 3789 587 4262 246 
2 715 246 
1 246 
1 246 
1 246 
3 3743 4000 247 
1 247 
2 3162 247 
5 3423 1203 3874 247 3581 
3 2275 3473 247 
1 247 
2 4823 247 
2 1467 247 
2 1774 247 
2 4468 247 
2 1508 247 
2 3490 247 
1 247 
4 709 248 3110 858 
2 248 4017 
3 4981 248 4403 
3 248 1019 4038 
1 248 
1 248 
2 248 697 
2 248 4986 
1 248 
1 248 
2 248 926 
4 731 3259 248 3449 
1 248 
1 248 
2 248 713 
2 248 329 
3 2038 249 1218 
3 249 2142 4624 
2 2483 249 
1 249 
2 249 316 
1 249 
1 249 
4 249 2826 3463 2309 
2 249 1288 
3 249 2242 2538 
1 249 
4 4244 4376 250 4529 
3 4245 4269 250 
2 250 2887 
3 250 3671 2582 
4 250 334 4929 4516 
1 250 
2 250 3720 
2 2297 250 
5 3903 808 2194 250 350 
1 250 
4 250 1949 2953 3125 
2 250 1880 
1 250 
1 250 
1 250 
4 4386 250 2201 1350 
2 250 847 
2 2003 250 
2 250 3048 
2 2067 250 
2 251 1533 
4 251 3368 1436 4348 
1 251 
2 4807 251 
1 251 
1 251 
2 251 2394 
2 3060 251 
1 251 
2 251 4370 
2 251 607 
2 251 1051 
3 1237 251 1206 
2 251 1585 
1 251 
2 349 251 
2 3099 251 
1 251 
2 251 576 
6 251 2507 2326 2723 3375 1716 
2 251 1725 
1 251 
1 251 
2 251 1791 
1 252 
1 252 
3 252 4934 4275 
2 252 985 
1 252 
2 252 2050 
1 252 
3 1032 1509 252 
4 2441 1988 252 3686 
2 252 1956 
2 252 2169 
3 2211 252 296 
3 252 4273 1810 
1 252 
2 252 1300 
2 252 4067 
1 252 
2 2634 253 
1 253 
2 253 4046 
1 253 
3 253 274 475 
2 253 4637 
2 2503 253 
2 253 918 
1 253 
2 253 977 
3 3105 253 4827 
1 253 
2 253 1551 
1 253 
2 253 3685 
1 253 
1 253 
1 254 
1 254 
3 254 4591 1918 
1 254 
1 254 
2 809 254 
3 254 1316 2496 
1 254 
2 254 3734 
2 254 2940 
3 254 1690 4011 
2 2821 254 
2 2139 254 
2 254 1127 
2 570 254 
1 254 
3 254 4829 3461 
3 254 960 1179 
2 1833 254 
2 638 254 
1 254 
3 2903 2668 254 
3 829 4650 255 
4 4373 2641 255 3687 
3 255 4952 1597 
3 3109 3224 255 
1 255 
3 2635 3157 255 
5 4724 255 3248 3974 2348 
3 255 2932 2348 
2 255 1741 
2 3064 255 
1 255 
3 255 2429 662 
2 255 2977 
2 1407 255 
1 255 
1 255 
1 255 
3 1512 255 584 
2 935 255 
2 255 3531 
2 3155 256 
1 256 
3 4667 1311 256 
2 256 3940 
1 256 
1 256 
3 4772 256 305 
2 256 743 
3 256 460 4795 
2 1254 256 
4 4407 256 1812 1700 
2 2138 256 
3 3422 256 1795 
1 256 
1 256 
1 256 
1 257 
1 257 
2 257 1417 
1 257 
2 257 3691 
2 1259 257 
2 257 4322 
2 4028 257 
2 3639 257 
1 257 
3 1667 257 3212 
4 1820 356 258 382 
1 258 
2 1220 258 
3 971 258 627 
3 2738 258 4947 
1 258 
4 370 798 258 1077 
1 258 
2 258 2183 
2 1156 258 
1 258 
3 970 3344 258 
1 258 
2 1754 258 
1 258 
3 2446 258 1810 
1 258 
1 258 
1 258 
1 258 
1 258 
5 3324 4924 258 3737 1919 
2 2162 258 
2 1924 259 
2 809 259 
2 259 3307 
2 734 259 
4 4589 259 398 1371 
2 3104 259 
1 259 
1 259 
1 259 
2 259 3124 
3 850 259 2539 
1 259 
1 259 
1 259 
4 1406 3948 516 259 
2 259 385 
1 259 
3 259 1347 400 
1 259 
1 259 
1 260 
3 1529 2217 260 
2 260 4413 
2 1090 260 
2 260 4299 
3 260 739 3146 
2 260 1881 
2 260 4063 
1 260 
1 260 
3 1786 3204 260 
1 260 
3 260 3441 319 
1 260 
1 260 
4 2200 260 2891 2873 
2 260 4156 
3 1041 260 2513 
1 260 
3 3747 260 887 
2 531 260 
2 2748 261 
1 261 
4 4076 1159 261 761 
1 261 
3 4428 306 261 
2 3375 261 
2 1667 261 
2 1139 262 
3 2190 262 1247 
3 1257 1035 262 
2 1061 262 
2 262 2790 
6 3104 1630 638 262 4869 3403 
2 2621 262 
2 3639 262 
2 3303 262 
1 262 
2 4705 262 
1 262 
4 954 4075 2643 262 
1 262 
2 1266 262 
3 4747 312 262 
2 4974 262 
3 3030 262 2874 
1 262 
1 262 
2 1905 262 
2 3098 263 
1 263 
1 263 
1 263 
1 263 
1 263 
3 4968 263 3498 
2 4852 263 
1 263 
2 3923 263 
1 263 
2 263 1250 
3 4803 263 2320 
2 263 1742 
2 3953 263 
1 263 
2 1817 263 
2 263 2320 
2 519 263 
1 263 
2 2068 263 
1 263 
1 264 
5 3781 1442 1800 264 3213 
1 264 
3 3392 4259 264 
1 264 
2 313 264 
2 4946 264 
1 264 
1 264 
2 3085 264 
2 3693 264 
2 4398 264 
4 2529 1358 4935 264 
1 264 
1 264 
1 264 
1 264 
5 1915 2706 264 2085 3151 
2 1563 265 
2 4676 265 
1 265 
2 3064 265 
1 265 
1 265 
2 4681 265 
1 265 
1 265 
2 265 2252 
2 4185 265 
1 265 
4 3353 962 2473 265 
1 265 
2 3276 265 
1 266 
2 266 4539 
3 897 2166 266 
3 2242 3419 266 
1 266 
2 979 266 
