32 2 3 4 5 6 7 8 9 10 11 12 13 14 15 16 17 18 19 20 21 22 23 24 25 26 27 28 29 30 31 32 33 
20 34 35 36 37 38 39 40 1 41 42 43 44 45 46 47 48 49 50 51 52 
24 53 54 55 56 57 58 59 60 61 62 63 1 64 65 66 67 68 69 70 71 72 73 74 75 
14 76 77 78 79 80 81 82 1 83 84 85 86 87 88 
22 89 90 91 92 93 94 95 1 96 97 98 99 100 101 102 103 104 105 106 107 108 109 
20 110 111 112 113 114 115 116 117 118 119 120 1 121 122 123 124 125 126 127 128 
22 129 130 131 132 133 134 135 136 137 138 139 140 1 141 142 143 144 145 146 147 148 149 
22 150 151 152 153 154 155 156 157 158 1 159 160 161 162 163 164 165 166 167 168 169 170 
22 171 172 173 174 175 176 177 178 179 1 180 181 182 183 184 185 186 187 188 189 190 191 
23 192 193 194 195 196 197 198 199 200 201 202 203 1 204 205 206 207 208 209 210 211 212 213 
16 214 215 216 217 218 219 220 221 1 222 223 224 225 226 227 228 
17 229 230 231 232 233 234 1 235 236 237 238 239 240 241 242 243 244 
32 245 246 247 248 249 250 251 252 253 254 255 256 257 1 258 259 260 261 262 263 264 265 266 267 268 269 270 271 272 273 274 275 
14 276 277 278 1 279 280 281 282 283 284 285 286 287 288 
27 289 290 291 292 293 294 295 296 297 298 299 300 1 301 302 303 304 305 306 307 308 309 310 311 312 313 314 
22 315 316 317 318 319 320 321 322 1 323 324 325 326 327 328 329 330 331 332 333 334 335 
25 336 337 338 339 340 341 342 343 344 1 345 346 347 348 349 350 351 352 353 354 355 356 357 358 359 
23 360 361 362 363 364 365 366 367 368 369 370 1 371 372 373 374 375 376 377 378 379 380 381 
24 382 383 384 385 386 387 388 389 390 1 391 392 393 394 395 396 397 398 399 400 401 402 403 404 
25 405 406 407 408 409 410 411 412 413 414 415 1 416 417 418 419 420 421 422 423 424 425 426 427 428 
19 429 430 431 432 433 434 435 436 1 437 438 439 440 441 442 443 444 445 446 
23 447 448 449 450 451 452 453 454 455 456 457 458 459 460 461 462 1 463 464 465 466 467 468 
30 469 470 471 472 473 474 475 476 477 478 479 480 1 481 182 482 483 484 485 486 487 488 489 490 491 492 493 494 495 496 
8 497 498 499 1 500 501 502 503 
18 504 505 506 507 508 1 509 510 511 512 513 514 515 516 517 518 519 520 
20 521 522 523 524 525 526 527 528 529 1 530 531 532 533 534 535 536 537 538 539 
17 540 541 542 543 544 1 545 546 547 548 549 550 551 552 553 554 555 
21 556 557 558 559 560 561 1 562 563 564 565 566 567 568 569 570 571 572 573 574 575 
18 576 577 578 579 580 581 1 582 583 584 585 586 587 588 589 590 591 592 
24 593 594 595 596 597 598 599 600 601 602 603 1 604 605 97 606 607 608 609 610 611 612 613 614 
14 615 616 617 1 618 619 620 621 622 623 624 625 626 627 
15 628 629 630 631 632 633 1 634 635 636 637 638 639 640 641 
22 642 643 295 644 645 646 647 648 649 1 650 651 652 653 654 655 656 657 658 659 660 661 
21 2 662 663 664 665 666 667 668 669 670 671 672 673 674 675 676 677 678 679 680 681 
25 2 682 683 684 685 686 687 688 689 690 691 692 693 694 695 696 697 698 699 700 701 702 703 704 705 
19 2 706 707 708 709 710 711 712 713 714 715 716 717 718 719 720 721 722 723 
22 2 724 725 726 727 728 729 730 731 732 733 734 735 736 737 738 739 740 741 742 743 744 
23 745 2 746 747 748 749 750 751 752 753 754 755 756 757 758 759 760 761 762 763 764 765 766 
23 2 767 768 769 770 341 771 772 773 774 775 776 777 778 779 780 781 782 783 784 785 786 787 
25 2 788 789 790 791 792 793 794 795 796 797 798 799 800 801 802 803 804 805 806 807 808 809 810 811 
19 2 812 813 814 815 816 817 818 819 820 821 822 823 824 825 826 827 828 829 
12 2 830 831 832 833 834 835 836 837 838 839 840 
28 2 841 842 843 844 845 846 847 848 849 850 851 852 853 854 855 856 857 858 859 860 861 862 863 864 865 866 867 
17 2 868 869 870 871 872 873 874 875 876 877 878 879 880 881 882 883 
16 2 884 885 886 887 888 889 890 891 892 893 894 895 896 897 898 
25 2 899 900 901 902 903 904 905 906 907 908 909 910 911 912 913 914 915 124 916 917 918 919 920 921 
13 2 922 923 924 925 926 927 928 929 930 931 932 933 
20 2 934 935 936 937 938 939 940 941 942 943 944 945 946 947 948 949 950 951 952 
19 953 2 954 955 956 957 958 959 960 961 962 963 64 964 965 966 967 968 969 
13 2 970 971 972 973 974 951 975 976 977 978 979 980 
22 2 981 982 983 984 985 986 987 988 989 990 991 992 993 994 995 996 997 998 999 1000 1001 
19 2 1002 1003 1004 1005 1006 1007 1008 1009 1010 1011 1012 1013 1014 1015 1016 1017 1018 1019 
23 1020 3 1021 1022 1023 1024 1025 1026 1027 1028 1029 1030 1031 1032 1033 1034 1035 1036 1037 1038 1039 1040 1041 
17 3 1042 1043 1044 1045 1046 1047 1048 1049 1050 1051 1052 1053 1054 1055 969 1056 
24 1057 1058 3 1059 1060 1061 1062 1063 1064 1065 1066 1067 1068 1069 1070 1071 1072 1073 1074 1075 1076 1077 1078 1079 
27 3 1080 1081 1082 1083 1084 1085 1086 1087 1088 1089 1090 1091 1092 1093 1094 1095 1096 1097 1098 1099 1100 1101 1102 1103 1104 1105 
16 3 1106 1107 1108 1109 1110 1111 1112 1113 1114 1115 1116 1117 1118 1119 1120 
20 3 1121 1122 1123 1124 1125 1126 1127 1128 1129 1130 1131 1132 1133 1134 1135 1136 1137 1138 1139 
17 3 1140 1141 1142 1143 1144 1145 1146 1147 1148 1149 1150 1151 1152 1153 1154 1155 
18 3 1156 1157 1158 1159 1160 1161 1162 1163 1164 1165 1166 1167 1168 1169 1170 1171 1172 
27 1173 3 1174 1175 1176 1177 1178 1179 1180 1181 1182 1183 1184 1185 1186 1187 1188 1189 1190 1191 1192 951 1193 1194 1195 1196 1197 
21 1198 3 1199 1200 1201 1202 1203 1204 1205 1206 1207 1208 1209 1210 1211 1212 1213 1214 1215 1216 1217 
20 3 1218 1219 1220 1221 1222 1223 1224 1225 1226 1227 1228 1229 1230 1231 1232 1233 1234 1235 1236 
23 1237 3 1238 1239 1240 1241 1242 1243 1244 1245 1246 1247 1248 1249 1250 1251 1252 1253 1254 49 1255 1256 1257 
21 3 1258 1259 1260 1261 1262 1263 1264 1265 1266 1267 1268 1269 1270 1271 1272 1273 1274 1275 1276 1277 
20 3 1278 1279 1280 1281 1282 1283 1284 1285 1286 1287 1288 1289 1290 1291 1292 1293 1294 1295 1296 
23 1297 3 1298 1299 1300 1301 1302 1303 1304 1305 1306 1307 1308 1309 1310 1311 1312 1313 1314 1315 1316 1317 1318 
17 3 1319 1320 1321 1322 1323 1324 1325 1326 1327 1328 1329 1330 1331 1332 1333 1334 
28 1335 1336 3 1337 1338 1339 1340 1341 1342 1343 1344 1345 1346 1347 1348 1349 1350 1351 1352 1353 1354 1355 1356 1357 1358 1359 1360 1361 
21 1362 1363 3 1364 1365 1366 1367 1368 1369 1370 1371 1372 1373 1374 1375 1376 1377 1378 1379 1380 1381 
20 3 1382 1383 1384 1385 1386 1387 1388 1389 1390 1391 1392 1393 1394 1395 1396 1397 1398 1399 1400 
18 1401 1402 3 1403 1404 1405 1406 1407 1408 1409 1410 1411 1412 1413 1414 1415 1416 1417 
18 1418 3 1419 1420 1421 1422 1423 1424 1425 1426 1427 1428 1429 1430 1431 1432 1433 1434 
16 1435 3 1436 1437 1438 1439 1440 1441 1442 1443 1444 1445 1446 1447 1448 1449 
20 3 1450 1451 1452 1453 1454 1455 1456 1457 1458 1459 1460 1461 1462 1463 1464 1465 1466 1467 1468 
23 1469 4 1470 1471 1472 1473 1474 1475 1476 1477 1478 1479 1480 1481 1482 1483 1484 1485 1486 1487 1488 1489 1490 
22 1491 1492 1493 4 1494 1495 1496 1497 1498 1499 1500 1501 1502 1503 1504 1505 1506 1507 1508 1509 1510 1511 
17 1512 4 1513 1514 1515 1516 1517 1518 1519 1520 1521 1522 1523 1524 1525 1526 1527 
26 1528 1529 1530 4 1531 1532 1533 1534 1535 1536 1537 1538 1539 1540 1541 1542 1543 1544 1545 1546 1547 1548 1549 1550 1551 1552 
22 1553 4 1554 1555 1556 385 1557 1558 1559 1560 1561 1562 1563 1564 1565 1566 1567 1568 1569 1570 1571 1572 
23 1573 1574 1575 4 1576 1577 277 1578 1579 1282 1580 1581 1582 1583 1584 1585 1586 1587 1588 1589 1590 1591 1592 
25 1593 1594 1595 1596 4 1597 1598 1599 1370 1600 1601 1602 1603 1604 1605 396 1606 1607 1608 1609 1610 1611 1612 1613 1614 
16 336 4 1615 1616 1617 1618 1619 1620 1621 1622 1623 1624 1625 1626 1627 1628 
17 1629 4 1630 926 1631 1632 1633 1634 1564 1635 1636 1637 1638 1639 1640 1641 1642 
19 1643 4 1644 1645 1646 1647 1648 1649 1650 1651 1652 1653 1654 1655 1656 1657 1658 1659 1660 
25 1661 1662 1663 4 1664 1665 1666 1667 1668 1669 1670 1671 1672 1673 1674 1675 1676 1677 1678 1679 1680 1681 1682 1683 1684 
23 1685 1686 1687 4 1688 1689 1690 1691 1692 1693 1694 1695 1696 1697 1698 1699 1700 1701 1702 1703 1704 1705 1706 
25 1707 4 1708 1709 452 1710 1711 1712 1713 1714 1715 1716 1717 1718 1719 1720 1721 1722 1723 1724 1725 1726 1727 1728 1729 
26 1730 1731 1732 5 1733 1734 1735 1736 1737 1738 1739 1740 1741 1742 1743 1744 1548 1745 1746 1747 1748 1749 1750 1751 1752 1753 
17 1754 1755 1756 5 1757 1758 1759 1760 1761 1762 1763 1764 1765 1766 1767 1768 1769 
13 1770 5 1771 1772 1773 1774 1775 1776 1777 1778 1779 1780 1781 
21 1782 1783 1784 5 1785 1786 1787 1788 1789 1790 1791 1792 1793 1794 1795 1796 1797 1798 1799 1800 1801 
14 1802 1803 1804 5 1805 1806 1807 1808 1809 1810 1811 1812 1813 1814 
19 1815 1816 1817 5 1818 1819 1820 1821 1822 1823 1824 1825 1826 1827 1828 1829 1830 1831 1832 
30 1833 1834 5 1835 1836 1837 1838 1839 1840 1841 1842 1843 1844 1845 1347 1846 1847 1848 1849 1850 1851 1852 1853 1854 1855 1856 1857 1858 1859 1860 
23 1861 5 1862 1863 1864 1865 1866 1867 1868 1869 1870 1871 1872 1873 1874 1875 1876 1877 1878 1879 1880 1881 1882 
31 1883 1884 1885 1886 5 1887 1888 1889 1890 1891 1892 1893 1894 1895 1896 1897 1898 1899 1900 1901 1902 1903 1904 1905 1906 1907 1908 30 1909 1910 1911 
19 1912 1913 1914 5 1915 1916 1917 1918 1919 1920 1921 1922 1923 1924 1925 1926 1927 1928 1929 
21 1930 5 1931 1932 1933 1934 1935 1936 1937 1938 1939 1940 1941 1942 1943 1944 1945 1946 1947 1948 1949 
23 5 1950 1951 1952 1953 1954 1955 1956 1957 1958 1959 1960 1961 1962 1963 1964 1448 1965 1966 1967 517 1968 1969 
25 1970 1971 1972 5 1973 1974 1975 1976 1977 1978 1979 1980 1981 1982 1983 1984 1985 1986 1987 1988 1989 1990 1991 1992 1993 
14 1629 1994 1995 5 1996 1997 1998 1999 2000 2001 2002 2003 2004 2005 
31 2006 2007 2008 2009 2010 5 2011 2012 2013 2014 2015 2016 2017 2018 1722 2019 2020 2021 2022 2023 2024 2025 2026 2027 2028 2029 2030 2031 2032 2033 2034 
18 2035 5 2036 2037 2038 2039 2040 2041 2042 2043 2044 2045 2046 2047 2048 2049 2050 2051 
24 5 2052 2053 2054 2055 2056 2057 2058 2059 2060 2061 2062 2063 2064 2065 2066 2067 2068 2069 2070 2071 2072 2073 2074 
18 2075 2076 2077 5 2078 2079 2080 2081 2082 2083 2084 2085 2086 2087 2088 2089 2090 2091 
16 2092 2093 5 2094 2095 2096 2097 2098 2099 2100 2101 2102 2103 2104 2105 2106 
16 2107 5 2108 2109 2110 2111 2112 2113 2114 2115 2116 2117 2118 2119 2120 2121 
26 2122 2123 2124 2125 5 2126 2127 2128 2129 2130 2131 2132 2133 2134 2135 2136 2137 2138 1548 2139 2140 2141 2142 2143 2144 2145 
16 2146 6 2147 2148 2149 2150 2151 2152 2153 2154 2155 2156 2157 2158 2159 2160 
24 2161 2162 6 2163 2164 2165 2166 2167 2168 2169 2170 2171 2172 1675 2173 2174 2175 2176 2177 2178 1551 2179 2180 2181 
14 2182 2183 2184 2185 2186 6 2187 2188 2189 2190 2191 2192 2193 2194 
17 2195 2196 6 2197 2198 2199 2200 2201 1926 2202 2203 2204 2205 2206 2207 2208 2209 
20 2210 6 2211 2212 2213 2214 2215 2216 2217 2218 2219 2220 2221 2222 2223 2224 2225 2226 2227 2228 
24 2229 2230 2231 2232 2233 6 2234 2235 2236 2237 2238 2239 2240 2241 2242 2243 2244 2245 2246 2247 2248 2249 2250 2251 
25 2252 6 2253 2254 2255 2256 2257 2258 2259 2260 2261 2262 2263 2264 2265 2266 2267 2268 2269 2270 2271 2272 2273 2274 2275 
28 2276 2277 2278 2279 6 2280 2281 2282 2283 2284 2285 2286 2287 2288 2289 2290 2291 2292 2293 2294 2295 2296 2297 2298 2299 2300 1139 2301 
19 2302 6 2303 2304 2305 2306 2307 2308 2309 2310 2311 2312 2313 2314 2315 1948 2316 2317 2318 
14 6 2319 2320 2321 2322 2323 2324 2325 2326 2327 2328 2329 2330 2331 
23 2332 2333 2334 2335 2336 2337 6 2338 2339 2340 2341 2342 2343 2344 2345 2346 2347 2348 2349 2350 2351 2352 2353 
18 2354 2355 6 2356 2357 2358 2359 2360 2361 2362 2363 2364 2365 2366 2367 2368 2369 2370 
32 2371 2372 2373 6 2374 2375 2376 2377 2378 2379 2380 2381 2382 2383 2384 2385 2386 2387 2388 2389 2390 2391 2392 2393 2394 1872 2395 2396 2397 2398 2399 2400 
11 6 2401 2402 2403 2404 2405 2406 1013 2407 2408 2409 
21 2410 2411 2412 6 2413 2414 2415 2416 2417 2418 2419 2420 2421 2422 2423 46 2424 2425 2426 2427 2428 
23 2429 2430 2431 2432 6 2433 2434 2435 2436 2437 2438 2439 2440 2441 2442 2443 2350 2444 2445 2446 2447 2448 2449 
19 2450 6 2451 2452 2453 2454 2455 2456 2457 2458 1015 2459 2460 2461 2462 2463 2464 2465 2466 
25 2467 2468 2469 2470 2471 2472 2473 6 2474 2475 2476 2477 2478 2479 2480 2481 2482 2483 2484 2485 2486 2487 2488 2489 2490 
24 2491 2492 6 2493 2494 2495 2496 2497 2498 2499 2500 2501 2502 2503 2504 2505 2506 2507 2508 2509 2510 2511 2512 2513 
27 2514 2515 2516 2517 2518 2519 2520 2521 2522 7 2523 2524 2525 2526 2527 2528 2529 2530 604 2531 2532 2533 2534 2535 2536 2537 2538 
23 2539 2540 7 2541 2542 2543 2544 2545 2546 2547 2548 2549 2550 2551 2552 2553 2554 2555 608 2556 2557 2558 288 
12 2559 2560 7 2561 2562 2563 2564 2565 2566 2567 2568 2569 
19 2570 2571 7 2572 2573 2574 2575 2576 2577 2578 438 2579 2580 2581 2582 2583 2584 2585 2586 
25 2587 2588 7 2589 2590 2591 2592 2593 2594 2595 2596 2597 2598 2599 2383 2600 2601 2602 2603 2604 1465 2605 2606 2607 2608 
21 2609 2610 7 2611 2612 2613 2614 2615 2616 2617 2618 2619 2620 2621 2622 2623 2624 2625 2626 2627 2628 
18 2629 2630 2631 2632 7 2633 2634 2635 2636 2637 2638 2639 2640 2641 2642 2643 2644 2645 
19 2646 2647 2648 7 2649 2650 2651 2652 2653 2654 2655 2656 2657 2658 2659 2660 2661 2662 2663 
16 2664 7 2665 2666 2667 2668 2669 2670 2671 2672 2673 2674 2675 2676 2677 2678 
19 2679 2680 2681 7 2682 2683 2684 2685 2686 2687 2688 2689 2690 2691 2692 2693 2694 2695 2696 
13 2697 2698 2699 2700 7 2701 2702 2703 2704 2705 2706 2707 2708 
20 2709 2710 2711 7 2712 2713 2714 2715 2716 2717 2718 2719 2720 2721 2722 2723 551 2724 2725 2726 
16 2727 2728 2729 7 2730 2731 2732 2733 2734 483 2735 2736 2737 2738 2739 2740 
22 2741 7 2742 2743 2744 2745 2746 2747 2748 2749 2750 2751 2752 2753 2754 2755 2756 2757 2758 2759 2760 2761 
27 2762 2763 2764 2765 7 2766 2767 2768 2769 2770 2771 2772 2773 2774 2775 2776 2777 2778 2779 2780 2781 2782 2783 2784 2785 2786 2787 
17 1335 2788 2789 2790 2791 2792 7 2793 2794 2795 2796 2797 2798 2799 2800 2801 2802 
18 2803 2804 7 2805 2806 2807 2808 2809 2810 2811 2812 2813 2814 2815 2816 2817 2818 2819 
20 2820 7 2821 2822 2823 2824 2825 2826 2827 2828 2829 2830 2831 2832 2833 2834 2835 2836 2837 2838 
19 2839 2840 7 2841 2842 2843 2844 2845 2846 2847 2848 2849 2850 2851 2852 2853 2854 2855 2856 
30 2857 2858 2859 2860 2861 2862 2863 7 2864 2865 2866 2867 2868 2869 2870 2871 2872 2873 2874 2875 2876 2877 2878 917 2879 2880 2881 2882 2883 2884 
15 2885 7 2793 2886 2887 2888 2889 2890 2891 2892 2893 2894 2895 2896 2897 
14 2898 2899 2900 8 2901 2902 2903 2904 2905 2906 2907 2908 2909 2910 
18 2911 2912 2913 2914 2915 2916 8 2917 2918 2919 2920 2921 2922 2923 2924 2925 2926 2927 
14 2928 2929 8 2930 2931 2932 2933 2934 2935 2936 2937 2938 2939 2940 
22 2941 2942 2943 8 2944 2945 2946 2947 344 2948 2949 2950 2951 2952 2953 2954 2955 2956 2957 2958 2959 381 
19 2960 2961 2962 2963 8 2964 2965 2966 297 2967 2968 2969 2970 2971 2972 2973 2974 1911 2975 
24 2976 2977 2978 2979 8 2980 2981 2982 2983 2984 2985 2986 2987 2988 2989 2990 2991 2992 2993 2994 2995 2996 2997 2998 
23 2999 3000 3001 3002 8 3003 3004 3005 3006 3007 3008 3009 3010 3011 3012 3013 3014 3015 3016 3017 3018 3019 3020 
21 3021 8 3022 3023 3024 3025 3026 3027 3028 3029 3030 3031 3032 3033 3034 3035 3036 3037 3038 3039 3040 
18 3041 3042 2900 3043 8 3044 3045 3046 3047 3048 3049 3050 3051 3052 3053 3054 3055 3056 
20 3057 3058 8 3059 3060 3061 3062 3063 3064 3065 3066 3067 3068 3069 3070 3071 3072 3073 3074 3075 
16 3076 3077 8 3078 3079 3080 3081 3082 3083 3084 3085 3086 3087 3088 3089 3090 
15 3091 3092 3093 8 3094 3095 3096 3097 3098 3099 3100 3101 3102 3103 3104 
15 3105 3106 8 3107 3108 3109 3110 3111 3112 3113 3114 3115 3116 3117 3118 
18 3119 3120 3121 3122 3123 3124 8 3125 3126 3127 3128 1541 3129 3130 3131 3132 3133 3134 
25 3135 3136 3137 3138 3139 3140 8 3141 3142 3143 3144 3145 3146 3147 3148 3149 3150 3151 3152 3153 3154 3155 3156 3157 3158 
21 3159 3160 3161 8 3162 3163 3164 3165 3166 3167 3168 3169 2459 3170 3171 3172 3173 3174 3175 3176 3177 
26 3178 3179 3180 3181 3182 8 3183 3184 3185 3186 3187 3188 3189 3190 3191 3192 3193 3194 3195 3196 3197 3198 3199 3200 3201 3202 
17 3203 3204 3205 3206 8 3207 3208 3209 3210 3211 3212 3213 3214 1610 3215 3216 3217 
27 3218 3219 3220 8 1734 3221 3222 3223 3224 3225 3226 3227 3228 3229 3230 3231 3232 3233 3234 3235 3236 3237 3238 3239 3240 3241 3242 
25 3243 3244 3245 3246 3247 3248 8 3249 3250 3251 3252 3253 3254 3255 3256 3257 3258 3259 3260 3261 3262 3263 3264 3265 3266 
17 3267 3268 3269 3270 3271 3272 8 3273 3274 3275 3276 3277 3278 3279 3280 3281 3282 
20 3283 3284 3285 3286 9 3287 3288 3289 3290 3291 3292 3293 3294 3295 3296 3297 3298 3299 3300 3301 
12 3302 3303 3304 9 3305 3306 3307 3308 3193 3309 3310 3311 
25 3312 3313 3314 3315 3316 3317 3318 3319 3320 3321 9 3322 3323 3324 3325 3326 3327 3328 3329 3330 3331 3332 3333 3334 3335 
20 3336 3337 3338 3339 3340 9 3341 3342 3343 3344 3345 3346 3347 3348 3349 3350 3351 3352 3353 3354 
27 3355 3356 3357 3358 3359 3360 3361 9 3362 3363 3364 3365 3366 3367 3368 3369 3370 3371 3372 3373 3374 3375 3376 3377 3378 3379 3380 
18 3381 3382 3383 3384 3385 3386 3387 3388 9 3389 3390 3391 3392 3393 3394 3395 3396 3397 
17 3398 3399 3400 3401 3402 3403 9 3404 2572 3405 3406 3407 3408 3409 3410 3411 3412 
22 3413 3414 9 3415 3416 3417 3418 3419 3420 3421 3422 3423 3424 3425 3426 3427 3428 3429 3430 3431 3432 3433 
25 3434 3435 3436 9 3437 3438 3439 3440 3441 3442 3443 3444 3445 3446 3447 3448 3449 3450 3451 3452 3453 3174 3454 3455 3456 
22 3457 3458 3459 3460 3461 9 3462 3463 3464 3465 3466 3467 3468 3469 3470 3394 3471 3472 3473 3474 3475 3476 
20 3477 3478 3479 3480 9 3481 3482 3483 3484 3485 3486 3487 3488 3489 3490 3491 3492 3493 3494 3495 
22 3496 3497 3498 3499 3500 3501 3502 3503 3504 3505 9 3506 3507 3508 23 3509 3510 3511 3512 3513 3514 3515 
25 3516 3517 3518 3519 3520 9 3521 235 3522 3523 3524 3525 3526 3527 3528 3529 3530 3531 3532 3533 3534 3535 518 3536 3537 
19 3538 3539 3540 3541 3542 9 3543 3544 3545 3546 3547 3548 3549 3550 3551 3552 3553 3554 3555 
25 3556 3557 3558 3559 3560 3561 3562 3563 3564 9 3565 3566 3567 3568 3569 3570 3571 3572 3573 3574 3575 3576 3577 3578 3579 
23 3580 3581 3582 3583 3584 3585 3586 3587 3588 3589 3590 9 3591 3592 3593 3594 3595 3596 3597 3598 3599 3600 3601 
18 3602 3603 3604 3605 3606 9 3607 3608 3609 3610 3611 3612 3613 3614 3615 1613 3616 3617 
18 3618 3619 3620 9 3621 3622 3623 3624 3625 3626 3627 3628 3629 3630 3631 3632 3633 3634 
23 3635 3636 3637 3638 3639 3640 3641 3642 9 3643 3644 3645 3646 3647 3648 3649 3650 3651 3652 3653 3654 3655 3656 
28 3657 3658 3659 3660 3661 1668 9 3341 833 3662 3663 3664 3665 3666 3667 3668 3669 3670 3671 3672 3673 3674 3675 3676 3677 3678 3679 3680 
14 3681 3682 9 3683 3684 1204 3685 3686 3687 3688 3689 3690 3691 3692 
21 3693 3694 3695 10 3696 3697 3698 3699 3700 3701 3702 3703 3704 3705 3706 3707 3708 3709 3710 3711 3712 
25 3713 3714 3715 10 3716 3717 3718 3719 3720 3721 3722 3723 3724 3725 3726 3727 3728 3729 3730 3731 3732 3733 3734 3735 3736 
17 3737 3738 3739 10 3740 3741 3742 3743 3744 3745 3746 3747 3748 3749 3750 3751 3378 
17 3752 3753 3754 3755 3756 3757 3758 10 3759 3760 3761 3762 3763 3764 3765 3766 3767 
23 3768 3769 3770 3771 3772 3773 3774 3775 3776 10 3777 3778 3779 3780 3781 1672 3782 3783 3784 3785 3786 3787 3788 
22 3789 3790 3791 3792 3793 10 3794 3795 3796 3797 3798 3799 3800 3801 3802 3803 3804 3805 3806 3807 3808 3809 
18 3810 3811 3812 10 3813 3814 3815 3816 1778 3817 3818 3819 3820 3821 3822 1016 3823 3824 
24 3825 3826 3827 3828 3829 3830 3831 3832 3833 10 3834 3835 3836 3837 3838 3839 1095 3840 3841 3842 3843 3844 3845 3846 
15 3847 3848 3849 3850 10 3851 3852 3853 3854 3855 3856 3857 3858 3859 3860 
16 3861 3862 3863 3864 3865 3866 3867 10 3868 3869 3870 3871 3872 3873 3874 3875 
22 3876 3877 3878 3879 3880 3881 3882 10 3007 3883 3884 3885 3886 3887 3888 3889 3890 3891 3892 3893 3894 3895 
15 3896 3897 3898 3899 3900 10 3901 256 3902 3903 3904 3905 3906 758 3907 
20 3908 3909 3910 3911 3912 3913 3914 3915 10 3916 3917 3918 3919 3920 3921 3922 3923 3924 3925 3926 
20 3927 3928 3929 3930 3931 10 3932 3933 3934 3935 3936 3937 3938 3939 3940 3941 3942 3943 3944 3945 
20 3946 3947 3948 3949 3950 1645 3951 10 3952 3953 2258 3954 3955 3956 3957 3958 3959 3960 3961 3962 
22 3963 3964 3965 3966 3967 3968 3969 3970 10 3971 3972 3973 3974 3975 3976 3977 3978 3979 3980 3981 3982 3983 
24 3984 3985 3986 3987 3988 3989 3990 3991 10 3992 3993 3994 3995 3996 3997 3998 3999 4000 4001 4002 4003 2205 4004 4005 
13 4006 4007 4008 4009 10 4010 4011 4012 4013 4014 4015 4016 4017 
17 4018 4019 4020 4021 4022 4023 10 4024 4025 4026 4027 4028 4029 4030 4031 4032 4033 
16 4034 4035 4036 4037 4038 4039 4040 10 4041 4042 4043 4044 2103 4045 4046 4047 
22 3244 4048 4049 4050 4051 4052 10 4053 4054 4055 4056 4057 4058 4059 4060 4061 4062 4063 4064 4065 4066 4067 
19 4068 3502 4069 10 4070 4071 2772 4072 4073 4074 4075 4076 4077 4078 4079 4080 4081 4082 4083 
21 4084 4085 4086 4087 4088 4089 11 4090 4091 4092 4093 4094 4095 4096 4097 488 4098 4099 4100 4101 4102 
23 4103 4104 4105 11 4106 4107 4108 4109 4110 4111 4112 4113 4114 4115 4116 4117 4118 4119 4120 2192 4121 4122 4123 
25 4124 4125 4126 4127 4128 4129 4130 4131 11 4132 4133 4134 4135 4136 4137 4138 4139 4140 4141 4142 4143 4144 4145 4146 4147 
15 4148 4149 4150 4151 4152 4153 11 4154 4155 4156 4157 4158 4159 4160 4161 
16 4162 4163 4164 4165 4166 11 4167 4168 4169 4170 4171 4172 4173 4174 4175 4176 
16 4177 4178 11 4179 4180 4181 4182 4183 4184 4185 4186 4187 4188 4189 4190 4191 
21 4192 4193 4194 4195 4196 4197 11 4198 4199 4200 4201 4202 4203 4204 4205 4206 4207 4208 4209 4210 4211 
16 4212 4213 4214 4215 4216 4217 11 4218 4219 4220 4221 4222 4223 4224 2510 4225 
16 4226 4227 4228 4229 2966 11 4230 4231 4232 4233 4234 4235 4236 4237 4238 4239 
18 4240 4241 4242 4243 4244 4245 4246 11 4247 4248 4249 4250 4251 4252 4253 4254 4255 4256 
24 4257 4258 4259 4260 4261 4262 11 4263 4264 4265 4266 4267 4268 4269 4270 4271 4272 4273 4274 4275 4276 4277 4278 4279 
19 4280 4281 4282 4283 4284 4285 11 4286 4287 4288 4289 4290 4291 4292 4293 4294 4295 4296 4297 
24 4298 4299 4300 4301 4302 4303 4304 11 4305 4306 4307 4308 4309 4310 4311 4312 4313 4314 4315 285 4316 4317 4318 4319 
22 4320 4321 4322 4323 4324 4325 4326 4327 11 4328 4329 4330 4331 4332 4333 4334 4335 4336 4337 310 4338 4339 
14 4340 4341 4342 4343 11 4344 4345 4346 4347 4348 4349 2394 4350 4351 
20 4352 4353 4354 4355 2634 4356 2666 12 4357 4358 4359 4360 4361 4362 4363 4364 4365 4366 4367 4368 
25 4369 4370 4371 4372 4373 12 4374 4375 4376 4377 4378 4379 4380 4381 4382 4383 4384 4385 4386 4387 4388 4389 4390 4391 4392 
25 4393 4394 4395 4396 1533 4397 12 4398 4399 4400 4401 4402 4403 4404 4405 4406 4407 4408 4409 4410 4411 4412 4413 4414 4415 
12 4416 4417 3141 4418 4419 12 4420 4421 4422 4423 4424 4425 
29 4426 4427 4428 4429 4430 4431 4432 12 4433 4434 4435 4436 4437 4438 4439 4440 4441 4442 4443 4444 4445 4446 4447 4448 4449 4450 4451 4452 4453 
22 662 4454 4455 1733 4456 4457 4458 12 4459 4460 4461 4462 4463 4464 4465 4466 4467 4468 4469 4470 4471 4472 
16 4473 4474 4475 4476 4477 12 3953 4478 4479 183 4480 4481 4482 4483 4484 4485 
22 4486 4241 4487 4488 4489 4490 4491 12 4492 4493 4494 4495 4496 4497 3393 4498 4499 4500 4501 4502 4503 4504 
26 4505 4506 4507 4508 4509 4510 4511 12 4512 4513 4514 4515 4516 4517 4518 4519 4520 4521 4522 4523 4524 4525 4526 4527 4528 4529 
15 4530 4531 4532 4533 4534 4535 4536 12 4537 4538 4539 4540 4541 4542 4543 
28 4544 4545 4546 4547 4548 4549 12 4550 4551 2596 4552 4553 4554 4555 4556 4557 4558 4559 4560 4561 4562 4563 4564 4565 4566 4567 3353 4568 
24 4530 4569 4570 4571 4572 4573 4574 12 4575 4576 4577 973 4578 4579 4580 4581 4582 4583 4584 4585 4586 4587 4588 4589 
20 4590 4591 4592 4593 12 600 4594 4595 4596 4597 4598 4599 4600 4601 4602 4603 4604 4605 4606 4607 
24 1754 4608 4609 4610 4611 3182 4612 4613 4614 12 4615 4616 4617 4618 4619 4620 4621 4622 4623 4624 4625 4626 4627 4628 
16 4629 4630 4631 4632 12 4633 4634 4635 4636 4637 4638 4639 4640 4641 4642 4643 
15 4644 4645 12 4646 4647 4648 4649 4650 4651 4652 4653 4654 4655 4656 4657 
11 4658 4659 4660 13 4661 4662 4663 4664 4665 2535 4666 
20 4667 4668 4669 4670 4671 4672 13 4673 4674 4675 4676 4677 4678 4679 4680 4681 4682 4683 1909 4684 
27 4685 4686 4687 4688 1320 4689 4690 4691 13 4692 4693 4694 4695 4696 4697 4698 4699 4700 4701 4702 4703 4704 4705 1398 4706 4707 4708 
25 4709 4710 1199 4711 13 4712 4713 4714 4715 4716 4717 4718 4719 4720 4721 4722 4723 4724 4725 4726 4727 4728 4729 4730 4731 
24 4732 4733 2788 4734 4735 4736 4737 13 4738 4739 4740 4741 4742 4743 4744 4745 4746 4747 4748 4749 4750 4751 4752 4753 
13 4754 4755 4756 13 4757 4758 4759 4760 4761 4762 4763 2331 4764 
22 4765 4766 4767 4768 4769 4770 4771 13 4772 4773 4774 4775 4776 4777 4778 4779 4780 4781 4782 4783 4784 4785 
23 4786 4787 4788 4789 4790 4791 4792 13 4793 4794 4795 4796 4797 4798 4799 4800 4801 4802 4803 4804 4805 4806 4807 
15 4808 4809 4810 4811 4812 4813 4814 4815 13 4816 1047 4817 4818 4819 4820 
20 4821 4822 4823 4824 4825 13 4826 4827 4828 4829 4830 4831 4832 4833 4834 4835 4836 4837 4838 4839 
18 4840 4841 4842 4843 13 4844 4845 4846 4847 4848 4480 4849 4850 4851 4852 4853 4854 4855 
26 4856 4857 4858 4859 4860 4861 4862 4863 13 4864 203 4865 4866 4867 4868 4869 4870 4871 4872 4873 4874 4875 4876 4877 2029 4878 
17 4879 4880 4881 4882 4883 13 4884 4885 4886 4887 4888 4889 4890 4891 4892 4893 4894 
20 4895 4896 13 4897 4898 4899 4900 4901 4902 4903 4904 4905 4906 4907 4908 4909 4910 4911 4912 640 
29 4913 4914 4915 4916 4917 4918 4919 4920 4921 13 4922 4923 4924 4925 4926 4927 4928 4929 4930 4931 4932 4933 4934 4935 4936 4937 4938 4939 4940 
17 4941 4942 4943 4944 13 4945 4946 4947 4948 4949 4950 4951 4952 4953 4954 4955 4956 
16 4957 4958 4959 4960 4961 4962 4963 13 4964 4965 4966 4967 4968 4969 4970 4971 
22 4972 4973 4974 4975 4976 4977 13 4978 4979 4980 4981 4982 4983 4984 4985 4986 4987 4988 4989 4990 4991 4992 
21 4993 4994 4995 4996 2378 13 4997 4998 4999 5000 5001 5002 5003 5004 5005 5006 5007 5008 5009 5010 5011 
30 5012 5013 5014 5015 5016 5017 2083 13 5018 5019 5020 5021 5022 5023 5024 5025 5026 5027 5028 5029 5030 5031 5032 5033 2754 2392 5034 5035 5036 5037 
17 5038 5039 13 5040 5041 5042 5043 5044 5045 5046 5047 5048 5049 5050 5051 5052 5053 
20 5054 4994 5055 5056 5057 5058 5059 13 5060 5061 5062 5063 5064 5065 5066 5067 5068 5069 5070 5071 
15 5072 5073 5074 5075 13 5076 5077 5078 5079 5080 5081 5082 5083 5084 5085 
23 5086 5087 5088 5089 5090 5091 5092 5093 13 5094 5095 5096 5097 5098 5099 5100 5101 5102 2556 1033 5103 5104 5105 
26 5106 5107 5108 5109 5110 790 5111 5112 5113 5114 5115 13 5116 5117 5118 5119 5120 5121 5122 5123 5102 5124 5125 5126 5127 5128 
17 5129 5130 5131 13 5132 5133 5134 5135 4902 5136 5137 5138 5139 5140 5141 5142 5143 
22 5144 5145 5146 5147 13 5148 5149 5150 5151 5152 5153 5154 5155 5156 5157 5158 5159 5160 5161 5162 5163 5164 
24 5165 5166 5167 5168 5169 5170 5171 5172 13 5173 5174 5175 5176 5177 5178 5179 5180 5181 5182 5183 5184 5185 5186 5187 
19 5188 5189 5190 5191 13 2886 5192 5193 4718 5194 5195 5196 5197 5198 5199 5200 5201 5202 5203 
22 5204 5205 5206 5207 5208 5209 5210 13 5211 5212 5213 5214 5215 5216 5217 5218 5219 5220 5221 5222 5223 5224 
28 5225 5226 5227 5228 5229 5230 1225 5231 5232 5233 5234 13 5235 5236 5237 5238 5239 5240 5241 5242 5243 2778 5244 5245 915 5246 5247 5248 
15 5249 5250 5251 5252 5253 5254 5255 14 5256 5257 5258 5259 5260 5261 5262 
21 5263 5264 5265 5266 1061 5267 4577 14 81 5268 5269 5270 5271 5272 5273 5274 5275 5276 5277 5278 5279 
11 5280 14 5281 5282 5283 5284 5285 5286 5287 5288 5289 
27 5290 5291 5292 5264 5293 5294 5295 5296 5297 5298 5299 2053 5300 14 5301 5302 5303 5304 5305 5306 5307 5308 5309 5310 5311 5312 5313 
15 5314 3538 5315 5316 5317 5318 5319 14 5320 5321 5322 5323 5324 5325 5326 
24 5327 5328 5329 5330 5331 5332 5333 5334 5335 5336 14 5337 5338 5339 5340 1565 5341 5342 5343 5344 5345 5346 5347 5348 
24 5349 5350 5351 5352 5353 5354 5355 5356 5357 14 5358 5359 5360 5361 5362 5363 5364 5365 5366 5367 5368 5369 2192 5370 
13 5371 5372 5373 5374 14 5375 5376 5377 2104 5378 3534 5379 5380 
11 5381 5382 14 5383 5384 5385 5386 5387 5388 5389 5390 
21 5391 5392 5393 5394 5395 5396 5397 5398 5399 5400 14 5401 5402 5403 5404 5405 5406 5407 5408 5409 226 
18 5410 5411 5412 14 3324 5413 5414 5415 5416 5417 5418 5419 5420 5421 5422 5423 5424 5425 
23 5426 5427 5428 5429 5430 5431 5432 5433 5434 14 5435 5436 5437 5438 5439 5440 5441 5442 5443 5444 5445 5446 5447 
18 130 5448 5449 14 5450 5451 5452 5453 3191 5454 5418 5455 2622 5456 5457 5458 5459 5460 
24 1042 5461 5462 5463 5464 5465 5236 15 5466 5467 5468 5469 5470 5471 5472 5473 5474 5475 5476 5477 2938 5478 5479 5480 
19 5481 3791 1772 5482 15 5483 5484 5485 5486 5487 5488 5489 5490 5491 5492 5493 5494 5495 5496 
15 5497 5498 5499 5500 5501 5502 15 5503 5504 5505 5506 5507 1853 5508 5509 
26 5510 5511 5512 15 5513 5514 5515 5516 5517 5518 5519 5520 5521 5522 5523 5524 5525 5526 5527 5528 5529 3036 5530 5531 5532 5533 
21 5534 3121 5535 5536 5537 5538 5539 15 5540 5541 5542 5543 5544 5545 5546 5547 5548 5549 5550 5551 5552 
29 5553 5554 5555 3561 5556 5557 5558 5559 5560 5561 5562 5563 15 5564 5565 5566 5567 5568 5569 5570 5571 5572 5573 5574 5575 5576 5577 5578 5579 
24 5580 5581 5582 5583 1126 5584 5585 5586 15 5587 5588 5589 5590 5591 5592 5593 5594 5595 5596 5597 5598 5599 5600 33 
2 15 785 
2 154 15 
2 3124 15 
1 15 
2 15 3190 
3 15 836 4529 
1 15 
2 2084 15 
2 15 2795 
3 15 2869 2313 
4 4993 1530 15 2459 
3 3718 15 4541 
3 15 2781 1508 
2 15 4060 
4 15 1670 5567 227 
2 15 483 
2 1441 15 
3 3458 15 2427 
1 15 
2 3141 16 
3 16 3840 2695 
3 1384 16 4404 
5 3001 3043 3127 16 5485 
6 5355 16 3974 604 490 4351 
1 16 
2 16 4527 
2 2610 16 
2 2669 16 
2 16 4114 
2 3862 16 
2 5290 16 
1 16 
3 16 5239 4483 
2 16 1854 
2 16 1111 
2 16 4684 
3 16 1830 2204 
1 16 
3 2473 16 5476 
3 16 772 4100 
2 17 83 
2 17 2179 
1 17 
3 4009 3900 17 
1 17 
2 39 17 
2 17 2209 
3 17 5276 2223 
4 153 17 1324 572 
2 17 1466 
1 17 
1 17 
1 17 
2 2637 17 
2 17 3673 
3 5481 17 4073 
1 17 
2 17 715 
1 17 
2 17 1347 
3 1322 17 3893 
2 17 417 
2 3868 17 
5 3061 3606 17 2782 4315 
3 18 496 4807 
1 18 
2 1973 18 
3 18 3096 1942 
2 18 1016 
3 18 2286 5182 
1 18 
2 2769 18 
4 18 3724 4386 2553 
2 1820 18 
4 2941 18 4332 3448 
3 3273 18 2836 
2 18 4278 
1 18 
1 18 
1 18 
2 18 1468 
2 2861 18 
1 18 
2 18 1636 
4 1803 18 3838 2831 
3 153 18 918 
2 479 19 
1 19 
1 19 
3 80 19 2027 
1 19 
2 19 4083 
4 2431 19 3225 3617 
2 19 5241 
1 19 
1 19 
2 4942 19 
2 19 5390 
3 4037 4230 19 
2 1022 19 
2 82 19 
1 19 
1 19 
1 19 
1 19 
2 1935 19 
1 19 
1 19 
2 19 467 
3 5511 5216 20 
2 20 2487 
1 20 
1 20 
2 1198 20 
3 20 3723 2351 
4 2433 3640 20 3805 
4 3580 1472 20 1296 
4 868 20 1185 4783 
4 5150 20 4525 4891 
2 20 4641 
3 1407 20 3576 
2 20 357 
2 1089 20 
2 20 2510 
1 20 
2 788 20 
2 4301 20 
2 5559 20 
1 20 
1 20 
4 2161 3003 3794 20 
3 4556 20 2072 
2 1474 20 
2 4658 21 
4 3461 2731 21 3256 
2 1220 21 
1 21 
2 2086 21 
2 21 5159 
1 21 
1 21 
2 1082 21 
3 132 21 3227 
3 2515 4964 21 
3 21 3855 2066 
2 21 4388 
1 21 
3 1022 1618 21 
1 21 
4 3467 4093 21 4157 
3 21 3626 1379 
1 22 
1 22 
3 3737 456 22 
1 22 
3 2127 22 3075 
2 22 88 
2 22 606 
1 22 
2 22 5445 
3 449 5395 22 
2 1247 22 
1 22 
1 22 
4 982 5130 4611 22 
3 523 3224 22 
2 2333 22 
1 22 
2 22 919 
2 1144 22 
1 22 
4 1365 22 5597 404 
1 22 
4 4341 23 1445 3433 
3 2475 23 3215 
1 23 
1 23 
2 2668 23 
3 5231 23 2316 
2 23 550 
1 23 
4 936 23 485 4753 
2 23 4313 
4 382 4430 3500 23 
1 23 
2 23 493 
2 3922 23 
5 141 23 4499 311 1468 
1 23 
5 5357 477 5471 23 761 
1 23 
3 23 2104 4293 
3 5290 214 23 
5 4419 1982 23 3366 3216 
3 319 23 1765 
2 23 4904 
1 23 
4 481 23 5573 1116 
3 23 536 4746 
1 23 
3 360 23 3014 
2 24 2295 
1 24 
3 4206 24 2720 
1 24 
3 24 839 553 
4 24 3875 3599 3299 
2 1816 24 
5 5338 1162 25 1100 4046 
2 1557 25 
2 2321 25 
1 25 
1 25 
3 3322 736 25 
3 4398 25 1605 
2 820 25 
2 4214 25 
1 25 
2 25 1509 
2 1288 25 
4 753 25 4449 3680 
3 1062 25 100 
3 183 25 2814 
2 3879 25 
1 25 
2 3273 26 
1 26 
4 461 964 26 2937 
1 26 
2 4789 26 
2 26 3680 
1 26 
3 2610 26 5488 
3 3909 26 3493 
2 3312 26 
2 26 1568 
1 26 
1 26 
3 5387 3026 26 
1 26 
2 26 494 
3 4089 2983 26 
1 26 
3 2186 3441 26 
2 2902 27 
1 27 
2 3253 27 
1 27 
2 4093 27 
2 27 3156 
2 3251 27 
1 27 
5 5056 4233 5442 27 1881 
1 27 
3 954 475 27 
6 3076 5265 140 1721 27 3236 
3 2735 27 4146 
2 27 501 
3 3124 27 1627 
3 3771 27 699 
2 4188 28 
2 28 2273 
2 28 625 
3 2152 5470 28 
2 3414 28 
3 5374 28 2091 
3 938 1723 28 
2 3639 28 
2 1596 28 
1 28 
2 1870 28 
2 3836 28 
1 28 
3 909 5256 28 
2 5021 28 
1 28 
4 344 3230 2503 28 
1 28 
2 4127 28 
3 1454 28 2818 
2 4911 29 
3 1575 913 29 
3 3355 3341 29 
2 3563 29 
1 29 
1 29 
3 1717 29 1488 
2 652 29 
2 4363 29 
5 2450 602 4948 4065 29 
2 4758 29 
1 29 
2 4721 29 
2 4761 29 
2 1864 29 
2 2685 29 
3 3936 3168 29 
1 30 
1 30 
2 3419 30 
1 30 
2 2830 30 
1 30 
2 3611 30 
3 3686 241 30 
1 30 
2 585 30 
3 5256 1448 30 
3 129 319 30 
2 30 5493 
3 453 795 30 
1 30 
3 130 3003 30 
3 2176 2661 30 
2 1283 30 
1 30 
1 30 
2 1067 30 
1 30 
1 31 
1 31 
1 31 
2 2601 31 
3 5291 1390 31 
1 31 
1 31 
3 903 5219 31 
2 3887 31 
3 4428 1207 31 
4 558 1369 1904 31 
1 31 
1 31 
2 2284 32 
2 4879 32 
3 5118 4464 32 
1 32 
1 32 
5 5394 5256 5484 1610 32 
2 4395 32 
2 2846 32 
1 32 
2 1709 32 
2 5056 32 
1 32 
3 258 2584 32 
1 32 
3 947 2536 33 
2 2582 33 
3 5426 4454 33 
2 5079 33 
1 33 
1 33 
3 3062 5247 33 
2 668 33 
2 5292 33 
2 1159 33 
3 5086 583 33 
2 5464 33 
1 33 
2 3663 33 
5 1147 4114 5573 3845 33 
2 5011 33 
2 1161 33 
2 3995 33 
2 3763 33 
2 2685 33 
4 34 234 4223 2754 
1 34 
1 34 
3 34 1159 3011 
1 34 
2 34 4970 
4 34 649 736 2223 
1 34 
3 34 2633 2883 
1 34 
1 34 
2 34 3537 
2 34 1053 
2 34 2530 
5 34 2164 3643 1426 2605 
2 34 974 
3 34 3219 973 
3 34 5041 1981 
3 34 754 1073 
2 34 5440 
2 35 2038 
2 35 2948 
3 35 1922 4748 
3 35 1161 2040 
2 35 2179 
1 35 
1 35 
1 35 
3 2277 35 4156 
2 35 5220 
1 35 
4 35 1944 2349 1873 
1 35 
1 35 
2 35 4055 
3 35 4098 2487 
1 35 
4 35 3063 4603 555 
2 35 1236 
1 35 
1 35 
1 35 
1 35 
1 35 
2 36 4655 
1 36 
2 36 1638 
4 36 1204 798 3552 
2 2334 36 
2 36 4763 
2 36 2737 
3 36 4647 4785 
2 36 3333 
2 36 353 
1 36 
2 36 2714 
3 36 3600 1660 
4 36 4199 3371 2271 
1 36 
2 36 3917 
4 36 2920 5570 5418 
3 3403 36 1524 
1 37 
2 1913 37 
2 37 776 
1 37 
2 37 3761 
3 1002 1530 37 
3 1707 37 4927 
1 37 
2 37 1369 
2 37 3379 
2 1663 37 
2 37 2933 
4 668 37 509 3454 
2 2900 37 
2 37 1729 
1 37 
2 37 1179 
3 37 3689 3732 
6 1534 1953 3590 37 1094 2870 
2 37 3553 
1 37 
2 38 2145 
2 38 4464 
3 38 2219 3469 
2 38 4119 
1 38 
2 1124 38 
1 38 
1 38 
3 38 4934 516 
4 3684 38 3036 680 
2 38 2616 
2 38 4940 
1 38 
3 38 203 3919 
2 1382 38 
2 3584 38 
2 38 485 
2 38 3982 
1 38 
1 38 
2 38 1230 
2 38 2105 
2 3385 39 
4 2096 39 4180 3690 
4 39 2880 4749 5164 
2 39 1429 
1 39 
2 39 335 
1 39 
1 39 
3 39 5590 1371 
2 726 39 
1 39 
2 5146 39 
1 39 
1 39 
1 39 
2 39 3157 
1 39 
3 39 3690 4528 
2 296 39 
1 39 
1 39 
2 40 421 
3 40 2025 2224 
5 40 5376 4899 269 5103 
2 40 3824 
1 40 
1 40 
4 3831 2304 40 4782 
2 40 606 
1 40 
1 40 
4 3499 709 40 1150 
1 40 
1 40 
1 40 
1 40 
1 40 
1 40 
1 40 
3 2679 40 3902 
3 5461 40 4236 
2 1220 40 
1 40 
1 40 
1 40 
3 2741 3664 41 
1 41 
2 3096 41 
1 41 
1 41 
3 1404 41 4947 
1 41 
2 41 3354 
3 2652 41 511 
2 41 5406 
1 41 
1 41 
2 2589 41 
2 2007 41 
2 4131 41 
3 3478 5591 41 
3 5013 1219 41 
2 41 2923 
1 42 
3 42 3070 2203 
1 42 
2 42 190 
3 1914 42 4234 
1 42 
4 4811 301 42 4949 
2 2387 42 
3 4330 4900 42 
4 3227 42 4985 501 
1 42 
6 3663 1209 43 2581 2568 2817 
3 1022 4796 43 
5 4374 4204 43 4953 4728 
1 43 
3 1297 1709 43 
1 43 
2 974 43 
1 43 
2 1648 43 
1 43 
3 1326 43 5524 
2 1229 43 
1 43 
2 4153 43 
2 43 1655 
1 43 
3 3602 1383 43 
2 43 5445 
2 2165 43 
2 4600 43 
2 5432 43 
1 43 
1 43 
4 2433 5484 1267 43 
2 43 2349 
3 43 3818 4368 
2 4241 43 
3 413 44 2693 
3 4761 2134 44 
1 44 
4 962 1096 44 3196 
3 1173 4788 44 
1 44 
1 44 
4 2600 930 44 5140 
4 4431 2812 3442 44 
3 44 1376 3654 
3 2915 44 5071 
2 44 5460 
4 44 4044 1432 4348 
4 4383 1588 44 2481 
3 4881 44 4015 
2 1934 44 
1 45 
2 1264 45 
2 3619 45 
1 45 
3 992 45 5010 
3 4322 4631 45 
4 960 4179 4519 45 
2 4282 45 
1 45 
3 5114 45 2757 
1 45 
3 2886 4724 45 
5 2803 2238 5153 45 4500 
1 45 
2 45 4910 
2 5114 46 
4 3319 5472 2407 46 
1 46 
1 46 
3 3497 46 622 
2 3984 46 
1 46 
1 46 
2 3009 46 
2 5144 46 
3 46 569 3859 
3 2850 46 5158 
2 2241 46 
3 4133 4600 46 
4 2916 577 46 2678 
3 2588 46 2489 
5 1770 5485 46 275 1105 
3 1756 3560 46 
2 46 148 
3 3817 46 381 
2 464 46 
3 46 2852 4729 
2 3464 46 
2 47 1399 
1 47 
1 47 
1 47 
5 4809 4021 2575 84 47 
1 47 
1 47 
1 47 
3 875 47 3960 
2 1205 47 
1 47 
2 4229 47 
2 5511 48 
1 48 
5 4786 3863 477 1676 48 
3 5355 48 2045 
2 562 48 
2 4040 48 
2 48 2884 
2 3835 48 
1 48 
1 48 
2 48 5444 
2 48 976 
2 48 2072 
2 642 48 
1 48 
1 48 
2 3344 48 
3 61 48 50 
2 5336 48 
3 1220 3415 49 
2 550 49 
3 49 5261 1814 
2 2669 49 
1 49 
1 49 
1 49 
3 890 49 2489 
2 3863 49 
4 2080 871 4818 49 
2 3477 49 
4 523 4551 49 2028 
1 49 
2 2128 49 
1 49 
2 1088 49 
4 54 1979 4663 49 
3 2793 1246 50 
2 3161 50 
3 2887 3345 50 
4 2261 240 678 50 
6 847 4441 4058 677 1433 50 
2 50 1874 
2 945 50 
1 50 
2 4661 50 
1 50 
1 50 
2 4684 51 
3 460 3009 51 
1 51 
2 3253 51 
1 51 
3 1339 1323 51 
1 51 
2 3897 51 
1 51 
1 51 
1 51 
2 888 51 
2 2039 51 
4 3145 5281 2042 51 
2 3051 51 
3 4209 3532 51 
2 4497 51 
2 4799 51 
1 51 
2 2859 51 
1 51 
4 729 1373 3037 52 
1 52 
1 52 
1 52 
3 1459 52 2940 
1 52 
1 52 
3 3910 1978 52 
3 2098 2781 52 
1 52 
1 52 
3 3111 123 52 
1 52 
3 2011 126 52 
3 198 364 52 
1 52 
2 2718 52 
1 52 
1 53 
4 53 3991 5383 5064 
5 842 53 395 443 2625 
2 53 4418 
2 53 4169 
2 53 4562 
2 53 3733 
3 2230 53 4617 
2 53 2250 
3 53 4181 1746 
1 53 
1 53 
3 53 1176 1960 
3 53 268 2103 
1 53 
1 53 
2 53 1808 
1 53 
1 53 
3 2010 53 1525 
1 53 
1 53 
3 289 54 3224 
1 54 
1 54 
1 54 
1 54 
2 54 253 
1 54 
2 4609 54 
3 1198 54 3785 
1 54 
2 54 5044 
2 54 674 
1 54 
3 2633 2165 54 
1 54 
1 55 
1 55 
4 1733 4150 55 5366 
2 55 2645 
2 277 55 
4 2631 55 1546 517 
2 4395 55 
2 55 1611 
1 55 
2 55 3186 
3 55 1984 613 
2 55 4469 
2 55 1101 
1 55 
3 55 5561 3216 
2 2007 55 
3 55 680 2995 
2 3830 55 
1 55 
1 55 
5 2964 55 5467 3242 4855 
3 3159 55 5194 
2 55 1354 
1 56 
2 56 1354 
4 56 437 3957 3820 
3 2521 5433 56 
3 3358 56 1899 
1 56 
2 56 3127 
3 2900 56 1957 
5 56 4672 2361 968 3311 
2 56 418 
2 3604 56 
1 56 
2 56 2812 
1 56 
4 56 742 1139 1627 
2 199 56 
4 871 56 3250 3345 
2 56 2794 
2 4352 56 
2 2588 56 
4 504 2341 56 4470 
4 56 3006 1069 3370 
1 56 
1 56 
1 56 
3 56 1693 915 
1 57 
2 57 4649 
3 3970 57 3074 
4 5039 57 2603 1640 
2 2679 57 
2 57 330 
1 57 
3 57 3816 2819 
3 57 4898 3668 
4 4961 57 4694 2643 
3 57 2291 493 
1 57 
4 4037 57 2086 2328 
1 57 
1 57 
1 58 
2 58 2004 
2 2763 58 
2 58 750 
2 58 4585 
2 295 58 
1 58 
1 58 
2 58 1569 
1 58 
2 58 4224 
2 2767 58 
2 4341 58 
2 58 3241 
1 58 
2 2631 58 
3 58 4187 4956 
3 1492 1838 58 
3 117 58 1094 
2 3990 59 
1 59 
3 3771 59 4655 
3 2342 59 1400 
4 59 465 4588 4939 
5 1279 59 5151 2441 5102 
2 4194 59 
2 59 656 
3 1616 59 1961 
1 59 
3 59 798 5579 
5 3272 59 2202 3891 4210 
4 3319 5173 59 1609 
2 59 4498 
3 59 2866 1929 
1 59 
2 60 1966 
2 60 3616 
2 60 4899 
4 665 60 651 2852 
2 60 5546 
5 2516 685 60 3802 658 
3 4282 504 60 
3 2807 60 4781 
1 60 
1 60 
2 60 2194 
1 60 
1 60 
4 60 1179 1408 4697 
1 60 
1 60 
1 60 
4 872 61 3444 1507 
2 2635 61 
1 61 
4 2379 61 1717 1032 
2 3302 61 
1 61 
3 61 1169 740 
1 61 
1 61 
1 61 
4 3752 2345 61 5364 
2 61 1191 
4 413 61 4522 3412 
4 61 4439 2971 2726 
1 61 
1 61 
2 5015 61 
2 61 3709 
4 61 1184 4111 3815 
1 61 
2 61 1860 
2 61 4067 
2 61 2875 
2 3699 61 
1 61 
3 409 62 1050 
3 248 1323 62 
2 62 4000 
1 62 
3 62 4251 4272 
2 62 4062 
3 709 62 191 
3 62 931 1859 
1 62 
2 62 624 
2 62 4985 
3 841 5412 62 
2 62 2157 
1 62 
2 3881 62 
2 2415 62 
1 62 
1 62 
2 62 4565 
1 62 
3 4842 63 4368 
4 4341 63 1417 828 
4 953 431 63 808 
1 63 
1 63 
1 63 
4 2839 63 5068 1550 
5 63 2777 4806 3101 275 
1 63 
3 4394 63 3039 
2 63 1295 
2 63 852 
4 3243 63 5026 765 
1 63 
5 1576 1737 63 3598 3846 
1 63 
1 63 
3 1582 63 4899 
4 63 1798 700 3533 
2 1865 64 
2 4038 64 
2 64 4078 
2 64 4143 
1 64 
3 4460 64 2457 
2 64 1859 
1 64 
1 64 
3 970 1322 64 
2 457 64 
1 64 
2 1846 64 
2 1736 64 
2 1868 64 
3 3285 64 5081 
4 3878 64 3191 2072 
1 64 
2 64 3426 
2 64 3529 
2 2234 64 
2 65 3028 
1 65 
2 65 2661 
2 65 3926 
1 65 
2 65 5520 
3 885 2235 65 
2 2437 65 
2 65 4628 
2 65 864 
2 65 4873 
2 2412 65 
1 65 
4 4104 3696 65 3259 
1 65 
1 65 
5 5055 3781 65 3626 4850 
2 5211 65 
2 65 2044 
3 2612 65 4047 
1 66 
2 1145 66 
3 5192 66 3925 
2 3541 66 
2 81 66 
4 1710 4090 66 610 
1 66 
2 5018 66 
3 66 5443 4079 
1 66 
2 66 515 
3 3542 66 3433 
2 3146 66 
3 4919 3889 66 
1 66 
2 1428 66 
1 66 
3 4544 1228 66 
5 2963 412 66 4907 4445 
3 845 4674 67 
1 67 
2 67 4729 
2 67 2047 
1 67 
2 1926 67 
1 67 
1 67 
4 3109 3935 67 4279 
1 67 
2 2036 67 
2 1554 67 
4 2009 2403 67 3529 
1 67 
2 2655 67 
3 3668 67 2206 
1 67 
1 67 
1 67 
2 67 4682 
1 67 
1 67 
4 2374 2668 2811 68 
2 247 68 
2 5464 68 
4 1246 68 5369 356 
4 986 1199 1600 68 
4 344 2949 68 2608 
1 68 
2 851 68 
1 68 
2 68 2628 
3 5121 68 2838 
3 1662 3897 68 
1 68 
2 4463 68 
1 68 
2 68 3572 
2 144 69 
4 2563 2201 69 1467 
2 2431 69 
2 69 3711 
3 986 69 3600 
2 1940 69 
1 69 
1 69 
4 3627 4703 4120 69 
1 69 
1 69 
2 2603 69 
4 95 4061 69 355 
1 69 
1 69 
1 69 
3 3685 2657 69 
1 69 
2 4387 69 
3 1081 69 1079 
1 69 
1 69 
1 69 
1 69 
1 69 
2 69 1992 
1 69 
1 70 
1 70 
3 1708 70 3494 
3 5064 467 70 
1 70 
2 3792 70 
2 4902 70 
8 3584 2164 3776 2930 732 3750 70 625 
3 82 1943 70 
3 775 70 4706 
2 4581 70 
2 1002 70 
2 5303 70 
2 1930 70 
3 4298 877 70 
2 70 4970 
1 70 
2 70 446 
2 2451 70 
2 3935 70 
2 759 71 
3 1723 857 71 
2 317 71 
2 71 3019 
1 71 
1 71 
1 71 
1 71 
2 619 71 
1 71 
1 71 
1 71 
2 71 4484 
1 71 
3 5013 3077 71 
2 5573 71 
2 247 71 
4 922 4418 2204 71 
4 1143 5452 4524 71 
3 4494 72 1628 
1 72 
3 4508 3170 72 
2 817 72 
2 2095 72 
4 5451 1427 4270 72 
2 416 72 
3 1169 72 3944 
2 3421 72 
1 72 
1 72 
3 2509 3103 72 
3 4828 72 1814 
2 2259 72 
2 4445 72 
2 2058 72 
3 1219 2588 72 
2 3828 73 
1 73 
2 3210 73 
2 2260 73 
1 73 
3 1938 2951 73 
2 5055 73 
2 4478 73 
2 676 73 
2 1406 73 
3 1481 1293 73 
2 770 73 
1 73 
2 3610 73 
4 4941 1585 880 73 
4 974 4497 2674 73 
2 4964 73 
1 74 
2 5050 74 
2 3261 74 
3 4920 1548 74 
1 74 
2 2408 74 
4 4844 312 5423 74 
1 74 
1 74 
2 4810 74 
2 469 74 
2 1989 74 
2 3494 74 
5 3482 603 2099 100 74 
3 3863 1986 74 
1 75 
3 3935 5156 75 
2 2473 75 
1 75 
4 1937 2750 575 75 
4 5497 4498 3239 75 
1 75 
3 4846 3027 75 
1 75 
2 1006 75 
2 3660 75 
2 2062 75 
1 75 
2 2098 75 
3 2616 4378 75 
2 133 75 
3 3363 345 75 
2 1336 75 
5 483 376 2936 2072 75 
1 76 
1 76 
4 76 4549 1853 2250 
3 76 3565 412 
2 76 4413 
2 76 428 
1 76 
1 76 
2 76 5323 
1 76 
1 76 
1 76 
2 76 1428 
2 76 3835 
4 76 5056 3833 3481 
4 76 3246 2841 5564 
1 76 
2 76 2841 
1 76 
2 76 582 
2 76 4171 
1 76 
1 77 
3 77 1138 4296 
3 77 5539 1845 
3 77 4179 2368 
2 77 3066 
2 77 3402 
3 77 1823 3103 
1 77 
2 77 4268 
2 77 3143 
1 77 
1 77 
2 77 4743 
1 77 
1 77 
1 77 
2 1173 77 
3 77 3007 308 
2 77 514 
1 77 
1 77 
5 78 5506 2503 4016 3846 
1 78 
3 78 2102 2990 
3 78 2633 3606 
1 78 
4 1804 78 3722 5200 
2 78 3721 
2 78 4997 
2 78 2418 
4 78 1773 2140 5202 
1 78 
2 78 4043 
2 78 723 
3 78 3750 1039 
1 78 
1 78 
1 79 
1 79 
3 79 729 306 
3 4193 79 3354 
5 3316 2149 79 5586 4988 
2 79 231 
3 79 2835 742 
1 79 
2 79 4496 
1 79 
4 1593 2522 79 3973 
1 79 
1 79 
2 79 163 
2 79 3780 
2 79 4800 
1 79 
3 1862 79 2734 
3 79 1062 3895 
2 79 1892 
4 89 1438 79 109 
1 79 
2 1224 79 
4 111 2083 79 5179 
2 4008 79 
1 80 
2 80 1308 
1 80 
2 80 5408 
2 505 80 
3 1891 80 5214 
2 80 2952 
2 80 2503 
2 80 5453 
2 3517 80 
1 80 
2 80 84 
2 80 281 
1 80 
1 80 
2 80 531 
2 1129 80 
2 80 4453 
2 2151 80 
2 80 2606 
1 81 
1 81 
3 577 81 4623 
2 81 1232 
2 4154 81 
2 2762 81 
1 81 
2 81 4000 
1 81 
2 81 1235 
1 81 
2 5351 81 
2 81 1432 
3 3285 81 2574 
2 81 4746 
2 81 881 
2 81 3487 
1 81 
1 81 
1 81 
2 82 1538 
1 82 
1 82 
3 82 2245 564 
3 2252 5435 82 
1 82 
2 82 2775 
2 1323 82 
1 82 
2 5087 82 
2 4840 82 
1 82 
2 82 510 
2 82 4999 
2 82 2449 
1 82 
4 4790 82 1152 2444 
3 82 633 167 
4 1064 82 5061 2558 
1 82 
2 82 187 
1 82 
1 83 
2 83 1148 
1 83 
5 2521 83 4272 5006 443 
1 83 
1 83 
3 2515 83 4937 
1 83 
1 83 
1 83 
1 83 
3 2479 83 5496 
3 1094 83 554 
3 1401 5582 83 
2 84 102 
1 84 
2 2826 84 
1 84 
1 84 
1 84 
3 3909 3502 84 
4 3385 84 379 4988 
1 84 
4 708 3546 84 3034 
1 84 
2 1109 84 
3 3501 3723 84 
2 2079 84 
3 4036 85 3476 
2 85 2834 
4 2609 4111 85 206 
2 85 1676 
3 4226 85 4675 
2 849 85 
2 2679 85 
2 85 4983 
1 85 
1 85 
1 85 
2 1886 85 
3 85 855 2644 
3 4711 85 2505 
1 85 
3 4194 4202 85 
1 85 
2 85 718 
2 86 5047 
3 2919 86 1330 
4 1810 86 734 2458 
1 86 
1 86 
4 2539 4244 3883 86 
1 86 
3 3861 86 190 
1 86 
2 86 310 
3 1975 86 5181 
2 196 86 
1 86 
1 86 
2 111 86 
4 936 1646 2868 86 
1 86 
1 86 
2 86 4408 
2 86 2511 
1 86 
1 86 
1 86 
2 86 2817 
1 87 
1 87 
2 5529 87 
1 87 
2 2366 87 
2 3115 87 
1 87 
2 3751 87 
3 1885 1105 87 
1 87 
1 87 
1 87 
4 4164 2624 87 1878 
1 87 
2 4890 87 
1 87 
4 2125 1933 5217 87 
3 1817 2546 87 
1 87 
1 87 
2 4503 87 
1 87 
5 730 5375 1807 3666 88 
2 1364 88 
3 845 637 88 
2 1283 88 
2 2713 88 
1 88 
1 88 
1 88 
2 5507 88 
1 88 
4 1176 3699 582 88 
1 88 
1 88 
1 88 
2 551 88 
3 4230 103 88 
3 1383 562 88 
1 88 
1 88 
2 4528 88 
3 4846 2265 88 
4 3768 2184 5115 88 
3 738 3153 88 
2 89 5393 
5 89 5449 2527 2394 2487 
1 89 
4 89 1059 234 2989 
2 89 168 
2 89 2577 
4 89 4284 1250 1906 
3 89 3991 1232 
2 89 2843 
1 89 
1 89 
2 89 4989 
2 89 3683 
1 89 
1 89 
3 89 5321 4015 
2 89 1029 
1 89 
1 89 
2 89 5500 
2 89 2600 
1 89 
1 89 
1 89 
4 90 3882 4833 242 
1 90 
2 90 916 
2 90 2743 
1 90 
2 90 5147 
1 90 
1 90 
2 90 4746 
1 90 
1 90 
3 90 4072 490 
2 90 3696 
3 90 4178 3843 
3 90 4370 3555 
3 90 2204 3983 
3 91 915 4803 
1 91 
2 290 91 
2 91 1521 
1 91 
1 91 
1 91 
2 91 4757 
2 91 198 
1 91 
1 91 
2 91 2073 
1 92 
2 92 3914 
2 92 4225 
2 92 2713 
1 92 
2 92 2263 
2 92 5132 
2 92 4003 
1 92 
5 2915 92 3591 3407 1910 
2 92 2326 
2 92 5069 
1 92 
2 92 5559 
1 92 
2 3863 92 
3 92 1236 3513 
1 92 
2 92 3674 
2 92 4542 
1 93 
4 93 3845 2050 380 
4 93 2054 4977 1517 
2 93 2285 
2 93 4333 
2 1707 93 
2 93 1036 
2 93 3405 
2 1663 93 
2 93 2224 
2 93 5174 
3 4214 93 3670 
4 955 2520 93 1413 
1 94 
3 4685 94 503 
3 94 2600 1702 
3 3303 94 2220 
2 94 2091 
3 94 369 1828 
2 94 5198 
3 3825 2634 94 
2 1497 94 
4 94 1869 5063 2579 
3 94 3039 3117 
1 94 
1 94 
2 1820 94 
1 94 
4 94 4578 4442 332 
2 2037 94 
1 94 
1 95 
2 4973 95 
2 3438 95 
2 95 3260 
1 95 
3 3401 95 1138 
1 95 
1 95 
1 95 
3 3661 95 4702 
1 95 
1 95 
2 1493 95 
2 95 1249 
3 2900 95 2920 
1 95 
1 95 
2 5411 95 
3 3313 95 2301 
1 95 
3 291 1471 95 
2 95 329 
1 95 
1 95 
1 95 
4 4689 95 4349 3494 
4 5461 1243 1205 95 
3 95 1193 2069 
1 96 
4 3518 2800 1545 96 
1 96 
3 5171 96 590 
3 1237 96 3300 
1 96 
1 96 
2 96 1251 
3 4595 1824 96 
2 96 566 
1 96 
3 96 122 5533 
2 693 96 
3 96 2000 975 
1 96 
1 96 
1 96 
2 1697 96 
1 96 
2 4051 96 
2 96 548 
1 96 
3 2711 3770 97 
1 97 
2 1693 97 
2 97 1654 
2 4043 97 
2 4301 97 
3 4508 97 2513 
3 2612 97 4236 
2 1558 97 
2 1547 97 
2 5002 97 
1 97 
1 97 
1 97 
1 97 
2 3413 97 
5 1084 3697 4384 97 2740 
1 97 
2 97 5487 
1 97 
1 97 
2 97 625 
2 2168 97 
2 1736 97 
4 3694 4715 2891 97 
3 4227 3084 97 
4 246 5132 2087 97 
2 1791 97 
3 154 4924 97 
2 98 2265 
3 725 98 2024 
2 834 98 
2 4762 98 
3 3435 98 3529 
2 3249 98 
1 98 
1 98 
3 4631 4231 98 
3 3640 5397 98 
2 684 98 
1 98 
4 4780 98 2786 4102 
2 2420 98 
4 113 1302 3480 98 
1 98 
1 98 
2 98 1154 
2 1375 99 
2 1974 99 
1 99 
2 1701 99 
2 99 883 
2 99 401 
4 4759 5568 99 4937 
2 1454 99 
5 1423 3167 99 3018 5224 
1 99 
7 3695 1340 2576 5309 99 2002 5103 
1 99 
3 363 3443 99 
4 1370 3837 3149 99 
3 2808 693 99 
1 99 
1 99 
3 99 4388 5409 
2 118 99 
2 4341 99 
1 100 
1 100 
1 100 
3 2494 100 742 
1 100 
2 4946 100 
2 2907 100 
2 1087 100 
1 100 
1 100 
3 4777 100 1032 
3 4331 1148 100 
2 4549 100 
1 100 
1 100 
1 100 
2 1156 100 
1 100 
3 4492 100 4350 
1 100 
1 101 
2 4645 101 
1 101 
2 362 101 
3 1931 4704 101 
2 1671 101 
1 101 
3 2011 2780 101 
3 1009 101 2070 
3 101 2854 969 
1 101 
4 4963 2244 101 679 
3 489 101 2740 
1 101 
2 1067 101 
2 3687 101 
3 3122 101 1449 
2 4757 101 
1 101 
2 101 1446 
1 101 
1 101 
3 101 4984 1360 
1 101 
2 102 3532 
3 4816 5454 102 
1 102 
1 102 
2 5582 102 
3 5296 102 2569 
2 102 1874 
3 4629 4835 102 
3 4172 1940 102 
3 3775 2202 102 
4 1122 5400 2600 102 
1 102 
1 103 
5 5410 825 103 1072 2119 
1 103 
2 1309 103 
2 103 1039 
4 1977 4883 103 1015 
1 103 
4 2541 2347 103 4607 
1 103 
1 103 
1 103 
2 4639 103 
1 103 
2 4313 103 
4 4036 3361 3763 103 
3 2827 103 3174 
2 103 2104 
1 103 
2 1913 103 
4 789 2097 4518 103 
2 103 5203 
3 385 3054 103 
3 2803 964 103 
2 256 103 
2 103 4030 
1 103 
2 3671 103 
1 103 
1 103 
2 3581 104 
2 1307 104 
3 3837 1831 104 
2 682 104 
3 3991 993 104 
2 685 104 
3 4212 5079 104 
4 5341 2500 994 104 
2 5188 104 
2 104 1276 
3 937 3624 104 
4 4711 4952 3807 104 
3 1300 2327 104 
1 104 
1 104 
3 1803 3232 104 
1 104 
1 105 
3 2097 279 105 
3 1804 3686 105 
1 105 
1 105 
1 105 
2 105 1416 
1 105 
1 105 
3 5254 105 4807 
3 1461 105 2223 
2 4262 105 
3 4670 5565 105 
1 105 
2 440 105 
1 105 
3 3283 3530 105 
3 4495 105 1860 
4 1978 2422 105 2223 
1 105 
5 946 1253 105 1468 427 
3 3222 1781 105 
1 105 
1 106 
2 3021 106 
1 106 
2 4422 106 
3 4171 106 1642 
2 962 106 
2 4857 106 
3 2152 5242 106 
4 3251 264 1551 106 
3 303 4803 106 
2 2682 106 
3 433 106 1118 
2 1909 106 
1 106 
1 106 
1 106 
4 1819 4106 561 106 
1 107 
2 4477 107 
1 107 
2 1405 107 
3 768 3341 107 
5 2053 3487 2554 2025 107 
3 1010 1463 107 
2 1448 107 
4 2244 3307 4848 107 
1 107 
3 4994 1514 107 
3 1033 211 107 
4 2022 487 283 107 
2 107 766 
2 4523 107 
1 108 
1 108 
2 5135 108 
2 2418 108 
2 2348 108 
1 108 
1 108 
2 3284 108 
2 5546 108 
1 108 
2 108 3335 
1 108 
3 3284 2007 108 
2 4311 108 
1 108 
1 109 
2 2969 109 
2 5345 109 
3 1701 2556 109 
1 109 
2 451 109 
4 3011 4182 966 109 
1 109 
3 5554 4079 109 
1 109 
2 2278 109 
1 109 
2 869 109 
2 4206 109 
2 2642 109 
1 109 
5 4018 4923 4155 2661 109 
2 3897 109 
2 1521 109 
2 3388 109 
2 4007 109 
1 109 
2 4981 109 
3 745 2686 109 
2 110 4064 
1 110 
2 110 3650 
2 110 1532 
1 110 
5 110 3285 3479 3033 1571 
3 110 2082 559 
1 110 
1 110 
2 110 5228 
2 110 3830 
3 110 2167 1210 
1 110 
1 110 
1 110 
3 111 3048 426 
2 111 4097 
1 111 
4 111 1369 676 2225 
3 111 859 1055 
1 111 
3 111 4313 2157 
3 111 5112 1905 
1 111 
1 111 
1 111 
1 111 
1 111 
1 111 
2 111 3921 
3 111 2216 609 
1 111 
1 111 
3 111 337 686 
1 111 
1 111 
1 112 
1 112 
2 112 1728 
1 112 
2 112 539 
1 112 
2 112 2500 
2 112 4482 
2 112 3855 
2 112 3168 
3 112 215 282 
1 112 
2 112 1166 
1 113 
1 113 
1 113 
3 113 3337 2866 
1 113 
2 113 3743 
2 1336 113 
4 3312 113 1151 2003 
2 113 831 
5 113 5430 332 1399 1769 
2 113 208 
3 113 2796 1312 
2 113 5598 
3 113 4846 4947 
5 113 342 4597 4907 4951 
2 114 4648 
2 114 5322 
2 114 2353 
1 114 
1 114 
2 114 4579 
2 114 2176 
1 114 
2 5106 114 
3 114 747 3093 
3 114 1818 2793 
2 114 2658 
2 5106 114 
6 2231 114 668 343 2062 2070 
4 789 114 1811 2295 
3 114 2164 4231 
1 114 
2 114 3308 
1 114 
2 115 5074 
3 115 5432 1027 
2 115 2223 
2 115 4555 
1 115 
2 115 1257 
3 3790 115 1264 
1 115 
2 115 2500 
2 115 896 
1 115 
2 115 4617 
3 115 4771 911 
5 115 5170 2595 2504 4122 
2 115 3838 
4 115 1981 2100 4276 
3 1596 5411 115 
1 115 
2 115 2812 
1 115 
2 115 4111 
4 115 1471 1028 5036 
1 115 
4 116 1597 2757 4502 
1 116 
1 116 
1 116 
1 116 
4 116 2543 3446 4121 
2 116 206 
3 5280 116 1414 
2 1421 116 
2 116 973 
1 116 
2 116 1787 
1 116 
3 1912 116 1727 
2 5228 116 
2 4736 116 
1 116 
2 116 2598 
1 116 
2 116 719 
1 116 
2 557 116 
2 116 5234 
1 116 
2 117 3506 
2 117 690 
2 117 2132 
1 117 
1 117 
3 117 4073 4078 
3 3093 117 4935 
2 3830 117 
2 628 117 
2 117 1805 
2 117 365 
1 117 
2 117 4270 
1 117 
2 117 4561 
3 117 1116 5162 
2 5430 117 
1 117 
1 117 
4 497 117 2224 4628 
1 117 
2 117 2920 
2 117 3335 
3 117 4141 3511 
1 117 
2 117 1851 
2 3556 118 
2 118 5120 
2 794 118 
1 118 
1 118 
1 118 
1 118 
1 118 
1 118 
1 118 
2 118 3783 
3 2589 118 305 
2 118 3884 
2 118 2480 
4 474 118 4950 2483 
2 118 3902 
1 118 
1 119 
1 119 
3 3059 506 119 
2 119 3939 
1 119 
1 119 
1 119 
2 119 1792 
2 119 2047 
2 119 1118 
1 119 
3 3831 119 5200 
3 250 119 2579 
1 120 
2 120 462 
3 710 120 5573 
2 120 3651 
2 120 3279 
2 120 4184 
2 3005 120 
1 120 
2 120 3819 
5 2979 120 2969 1100 5084 
3 4019 1143 120 
1 120 
1 120 
3 2671 1183 120 
1 120 
2 2013 120 
5 3181 120 4793 2828 2111 
3 120 693 865 
2 120 125 
3 410 120 3096 
2 4227 120 
3 2212 120 3379 
2 121 2538 
1 121 
1 121 
1 121 
1 121 
2 121 2564 
2 121 3942 
3 1088 4798 121 
1 121 
2 2942 121 
1 121 
2 3323 121 
2 1689 121 
1 121 
3 1494 5062 121 
2 5208 121 
1 121 
2 122 2909 
1 122 
2 2494 122 
4 2559 1319 3206 122 
2 4976 122 
1 122 
2 3560 122 
3 4042 263 122 
2 1176 122 
1 122 
1 122 
2 2735 122 
3 133 3886 122 
2 122 4235 
1 122 
2 3357 122 
3 122 837 5140 
2 2809 122 
1 122 
1 122 
2 5001 122 
6 4811 4840 5027 264 122 4346 
2 122 5084 
3 1731 122 228 
2 2684 122 
2 3496 122 
4 4048 3360 122 3766 
2 5377 122 
1 122 
2 122 4603 
1 123 
1 123 
4 3506 1309 3290 123 
1 123 
2 123 3957 
1 123 
2 900 123 
2 1440 123 
2 5179 123 
1 124 
1 124 
3 1269 5068 124 
2 4794 124 
2 4917 124 
2 1213 124 
1 124 
1 124 
3 2110 1520 124 
1 124 
2 1925 124 
1 124 
3 4557 124 2070 
2 4235 124 
1 124 
2 4788 124 
3 4244 5589 124 
2 124 313 
1 124 
2 5362 125 
3 3790 3935 125 
3 1337 388 125 
3 3967 3088 125 
3 411 125 864 
2 2829 125 
2 5410 125 
1 125 
2 1265 125 
1 125 
2 5295 125 
1 125 
2 1145 125 
1 125 
1 125 
2 125 1609 
2 125 4871 
2 3305 125 
1 125 
1 125 
2 1607 125 
3 5333 585 126 
2 126 1380 
1 126 
2 3450 126 
2 3152 126 
2 4462 126 
3 5000 2949 126 
3 1242 3109 126 
3 1663 5449 126 
3 306 165 126 
1 126 
1 126 
1 126 
2 3517 126 
2 3685 126 
2 3101 126 
1 126 
2 3901 127 
1 127 
1 127 
3 3904 4581 127 
2 4157 127 
2 4003 127 
4 1452 4246 334 127 
1 127 
3 470 3490 127 
3 4560 5506 127 
2 5019 127 
2 5021 127 
2 127 1626 
3 4618 2315 127 
2 881 127 
1 127 
2 2316 127 
2 127 5202 
1 127 
1 127 
4 1731 406 697 127 
3 3080 3031 127 
3 960 914 127 
2 2970 127 
3 2815 128 4161 
1 128 
1 128 
3 2373 1953 128 
3 4915 3787 128 
1 128 
1 128 
1 128 
1 128 
5 3757 2237 2188 2042 128 
2 128 3712 
1 128 
5 1512 1560 572 128 4543 
3 4010 2242 128 
2 1656 128 
1 128 
2 2820 128 
2 2633 128 
3 2526 1412 128 
6 4298 4218 221 2602 419 128 
2 1680 128 
2 3949 128 
2 1889 128 
1 129 
3 129 1621 439 
3 129 1161 3114 
1 129 
1 129 
1 129 
3 129 2910 1814 
5 129 1083 1618 2600 5409 
2 129 1538 
3 4352 129 5303 
2 129 3906 
2 129 2650 
2 129 2509 
4 4993 129 1731 4169 
2 129 3199 
1 129 
2 129 675 
3 129 3084 3408 
1 129 
1 129 
1 129 
2 245 129 
3 642 129 3553 
2 129 2571 
3 4393 2354 129 
4 130 3970 1666 2784 
1 130 
2 130 2013 
1 130 
4 130 2711 4595 2257 
1 130 
1 130 
3 130 3006 1702 
1 130 
1 130 
1 130 
1 130 
2 130 4119 
1 130 
2 130 368 
2 130 2097 
1 130 
4 2125 130 3890 268 
2 130 5092 
2 130 1611 
3 131 2374 5101 
1 131 
1 131 
3 4821 131 2675 
2 1336 131 
3 131 2359 2714 
1 131 
2 131 5046 
1 131 
4 841 131 2718 4522 
2 131 1999 
1 132 
2 132 2537 
2 132 177 
1 132 
2 132 1586 
4 132 5167 926 2612 
3 132 1940 3192 
2 132 1735 
2 132 4097 
5 132 4775 1824 2331 4277 
1 132 
2 841 132 
2 643 132 
2 132 2767 
2 132 640 
1 132 
1 132 
1 133 
5 133 914 4189 1099 1417 
4 133 2313 5365 824 
2 133 2919 
2 133 3083 
2 133 4699 
1 133 
2 133 3395 
3 133 2242 2616 
3 133 4379 239 
1 133 
3 133 5080 2269 
3 4426 5107 133 
8 3946 1817 133 2521 875 4362 2004 1750 
2 133 618 
4 133 5598 2510 4471 
3 133 1346 1109 
2 133 4366 
2 133 676 
2 133 1572 
2 133 4213 
2 133 1324 
3 3316 134 1645 
3 134 528 322 
1 134 
4 134 1890 2575 1277 
1 134 
1 134 
1 134 
5 134 2595 755 1464 5103 
2 134 3692 
2 134 2639 
2 3829 134 
1 134 
2 134 3881 
2 134 288 
1 134 
3 134 1697 4339 
4 4667 1022 134 5066 
1 134 
2 134 3211 
2 134 1328 
1 135 
2 135 3343 
4 5191 135 1062 1136 
1 135 
7 135 4328 1515 670 2949 2508 1055 
4 229 135 1822 2752 
3 3713 1174 135 
1 135 
2 135 349 
1 135 
3 135 2618 5008 
1 135 
2 135 4656 
2 135 2136 
3 5254 135 1115 
2 135 1655 
3 1060 135 3934 
1 136 
2 136 5472 
1 136 
2 136 4481 
3 3058 2525 136 
1 136 
2 136 820 
2 136 4187 
2 136 4873 
3 4610 136 1311 
1 136 
2 136 1351 
4 136 2221 4903 4468 
4 5263 4370 3438 136 
2 136 2949 
4 1260 136 2138 609 
2 136 4945 
2 136 4751 
2 137 4707 
1 137 
2 229 137 
2 4976 137 
5 1319 473 5400 137 5278 
4 956 5236 137 323 
3 137 3364 3149 
3 2345 137 3474 
1 137 
1 137 
4 2824 137 3666 1433 
2 2562 137 
1 137 
1 137 
2 137 913 
4 138 1110 1649 806 
1 138 
1 138 
2 138 2085 
1 138 
3 138 2932 2395 
3 138 591 661 
2 138 2145 
3 3520 3504 138 
2 138 4673 
2 138 3467 
1 138 
2 138 3600 
2 4264 138 
2 868 138 
2 2978 138 
2 316 138 
1 138 
2 139 5031 
1 139 
1 139 
2 139 3100 
1 139 
1 139 
1 139 
3 4357 139 5159 
1 139 
1 139 
1 139 
1 139 
1 140 
3 4431 140 4139 
3 1883 2543 140 
2 3949 140 
4 1785 4768 1711 140 
4 140 2564 4601 717 
2 140 4567 
1 140 
3 4437 140 4760 
3 140 2568 1018 
1 140 
2 499 140 
2 3992 140 
2 2919 140 
1 140 
1 140 
1 140 
2 140 1186 
2 3683 141 
1 141 
3 141 3886 2753 
1 141 
2 430 141 
1 141 
3 4167 141 3573 
2 141 1545 
3 2382 141 552 
1 141 
2 712 141 
2 141 2995 
1 141 
3 1982 141 1899 
2 812 142 
1 142 
2 1757 142 
1 142 
1 142 
1 142 
1 142 
1 142 
1 142 
3 1454 142 4583 
4 4378 142 4698 4346 
2 2634 142 
2 2729 142 
3 662 142 264 
2 5461 142 
2 142 4560 
4 2252 893 142 5224 
1 142 
2 3795 142 
1 142 
1 142 
2 1578 143 
3 5426 1123 143 
1 143 
1 143 
2 143 4239 
3 1132 143 2583 
1 143 
3 367 143 5311 
1 143 
2 143 4076 
2 143 213 
1 143 
1 143 
4 1599 143 3378 2896 
3 4513 3096 143 
3 1225 4247 143 
2 143 275 
3 3245 3044 143 
3 5166 1977 143 
3 143 1010 308 
3 143 5273 359 
1 143 
3 5055 2539 143 
2 3849 143 
2 143 1924 
2 4488 143 
3 249 3047 144 
1 144 
1 144 
1 144 
1 144 
4 970 2220 144 149 
3 4217 144 1097 
2 304 144 
3 144 2206 3555 
1 144 
2 144 3679 
2 5482 144 
2 1862 144 
1 144 
1 144 
3 896 145 2028 
1 145 
1 145 
1 145 
3 3165 1163 145 
3 5451 1944 145 
2 2388 145 
2 4071 145 
2 1319 145 
4 1092 876 145 2247 
4 145 3614 3196 5185 
3 145 5346 518 
4 2491 2857 4417 145 
1 145 
3 841 145 1684 
2 145 575 
2 145 1113 
2 2507 146 
1 146 
1 146 
2 4677 146 
2 2674 146 
3 3027 146 4566 
2 1631 146 
2 2021 146 
2 2348 146 
2 2434 146 
3 597 146 2940 
2 146 380 
2 2962 146 
2 4523 146 
2 1644 146 
2 1534 146 
2 371 146 
1 146 
3 3024 146 1329 
3 1224 2971 147 
1 147 
6 4810 5544 1484 147 5390 1486 
1 147 
2 1738 147 
2 3051 147 
2 147 3396 
2 635 147 
1 147 
1 147 
1 147 
3 910 2909 147 
1 147 
3 1159 147 920 
4 3868 2949 147 5551 
2 1979 147 
1 147 
2 3909 147 
4 3826 4053 2815 148 
1 148 
2 148 1000 
1 148 
2 148 377 
1 148 
1 148 
1 148 
2 4863 148 
4 2198 148 3533 1154 
2 4373 148 
2 1676 148 
3 4455 305 148 
2 148 742 
2 4432 148 
1 148 
1 148 
1 148 
2 1195 148 
3 3747 148 3532 
1 148 
1 148 
1 148 
2 769 148 
3 3644 148 5509 
1 148 
3 670 4834 148 
2 940 148 
1 149 
4 4343 895 273 149 
2 972 149 
1 149 
2 4120 149 
1 149 
2 1907 149 
1 149 
1 149 
1 149 
1 149 
3 3828 2775 149 
1 149 
1 150 
2 150 3708 
5 150 1087 158 1847 737 
1 150 
2 150 540 
1 150 
3 150 4253 4586 
1 150 
2 150 4864 
3 150 1956 2991 
1 150 
3 150 2371 2850 
2 150 2520 
1 151 
1 151 
1 151 
1 151 
3 151 1791 878 
2 151 913 
1 151 
3 151 3449 3630 
4 1662 151 2590 2722 
4 151 1847 2297 722 
1 151 
1 151 
2 151 829 
1 151 
1 151 
1 151 
1 151 
4 152 4585 4605 5447 
2 152 3894 
2 152 1369 
4 4821 152 5074 5048 
2 152 2684 
4 152 5212 4538 735 
2 152 5062 
2 152 3937 
3 152 3558 1468 
2 152 523 
2 289 152 
3 152 4431 3727 
3 152 1006 2830 
2 153 370 
3 153 4170 2363 
1 153 
1 153 
1 153 
2 153 4428 
1 153 
2 683 153 
6 153 2633 1324 2456 2853 2660 
1 153 
2 153 1423 
3 153 3621 1559 
2 153 5018 
1 153 
4 153 3587 4981 3368 
1 153 
1 153 
1 153 
1 153 
2 3618 154 
1 154 
2 154 2832 
2 154 1296 
3 154 1077 3554 
1 154 
2 154 222 
1 154 
1 154 
4 2123 154 4573 2341 
2 154 2490 
3 2839 154 1186 
1 154 
1 154 
1 154 
1 154 
1 155 
1 155 
4 155 3363 2694 3982 
2 155 2341 
1 155 
2 155 4309 
2 155 5003 
2 155 537 
1 155 
1 155 
2 155 4224 
2 3399 155 
1 155 
2 1733 155 
3 155 1514 3710 
3 155 2907 5415 
1 155 
1 155 
1 155 
3 155 2738 1073 
4 155 4788 3185 3780 
1 155 
1 155 
1 156 
2 156 4392 
3 318 156 3084 
1 156 
4 156 3645 608 426 
1 156 
3 4227 2338 156 
3 156 2546 1101 
3 156 202 1508 
2 156 3634 
3 982 907 156 
2 156 4451 
3 665 2128 156 
2 156 5517 
2 156 4442 
2 156 496 
2 3929 156 
1 156 
1 156 
2 156 1938 
2 1385 156 
1 156 
2 2076 157 
1 157 
3 5400 157 5370 
2 157 2838 
2 157 4297 
4 157 5589 3701 534 
3 1457 2825 157 
2 1258 157 
1 157 
1 157 
5 4280 4086 4856 157 2488 
1 157 
2 2151 157 
2 157 1638 
1 157 
3 292 157 754 
3 1002 157 3368 
1 157 
3 1227 157 1825 
1 157 
2 158 5070 
2 158 3534 
3 318 158 3089 
3 158 2779 4935 
1 158 
1 158 
2 2788 158 
2 2161 158 
3 158 3274 5160 
1 158 
3 2844 158 995 
2 158 3809 
2 3917 158 
2 158 2027 
1 158 
2 158 5484 
2 5026 159 
3 2650 159 4568 
3 2321 159 3767 
2 4394 159 
2 159 359 
2 648 159 
3 159 3290 699 
1 159 
1 159 
3 1495 4920 159 
4 3341 159 3957 3855 
3 3399 3811 159 
2 159 3332 
2 831 159 
3 159 3785 4803 
1 159 
1 159 
2 1108 159 
2 451 159 
2 160 551 
3 3119 160 1396 
1 160 
2 3759 160 
4 160 4334 2488 3431 
1 160 
2 3478 160 
3 2591 160 4498 
4 3001 160 2531 1908 
2 4864 160 
2 3267 160 
1 160 
3 4340 2432 160 
4 3043 4495 4094 160 
1 160 
1 161 
3 161 4002 3712 
3 2282 2219 161 
2 5074 161 
1 161 
5 814 363 2776 161 2351 
2 161 5418 
1 161 
1 161 
2 2700 161 
3 1225 161 2465 
2 3188 161 
4 4371 1497 161 1412 
1 161 
1 162 
2 3724 162 
1 162 
2 4439 162 
3 1305 162 2457 
1 162 
2 162 1013 
2 3804 162 
1 162 
2 2516 162 
3 1690 5175 162 
3 162 4966 4677 
3 1825 4269 162 
2 4069 162 
2 3077 163 
1 163 
2 293 163 
2 1986 163 
1 163 
3 298 163 554 
1 163 
1 163 
4 1086 3341 318 163 
1 163 
1 163 
1 163 
1 163 
1 163 
2 5386 163 
1 163 
1 164 
2 5597 164 
2 3228 164 
1 164 
1 164 
1 164 
4 315 4167 232 164 
2 5538 164 
3 5088 1500 164 
2 3904 164 
3 5265 994 164 
3 3316 1290 164 
1 164 
3 3344 164 4890 
3 2670 1943 164 
2 4183 164 
1 164 
3 2454 4140 164 
2 164 1729 
1 164 
1 164 
3 545 164 4751 
2 164 782 
1 164 
2 165 1078 
2 165 4990 
4 971 165 4727 3352 
1 165 
1 165 
4 3302 165 4936 4939 
2 2807 165 
2 5388 165 
2 1938 165 
4 3255 2191 165 592 
2 165 3376 
4 1403 5545 4000 165 
2 3917 165 
3 4131 3438 165 
2 3502 165 
3 179 2021 165 
1 165 
1 165 
2 4332 165 
1 166 
2 166 5446 
3 5238 4364 166 
3 3516 2348 166 
3 3246 166 242 
2 166 4989 
2 166 4910 
2 166 2996 
2 1066 166 
1 166 
2 166 3102 
1 166 
3 4130 300 166 
3 1253 166 288 
2 2576 166 
3 172 5570 166 
1 166 
1 166 
5 3246 871 5592 2813 166 
1 166 
1 166 
3 4198 2528 166 
1 166 
1 166 
2 166 4004 
3 4198 5256 167 
1 167 
1 167 
2 2374 167 
1 167 
3 4821 167 4728 
2 3256 167 
2 1420 167 
2 167 2627 
1 167 
2 5078 167 
1 167 
3 470 4109 167 
4 489 1071 167 5548 
1 167 
2 4492 168 
2 678 168 
1 168 
1 168 
2 168 2073 
1 168 
3 1042 461 168 
2 388 168 
1 168 
3 438 839 168 
2 3137 168 
2 3979 168 
3 3507 168 572 
2 3344 168 
2 168 2050 
1 168 
2 4094 168 
1 168 
2 551 168 
1 168 
1 168 
3 1455 4402 168 
1 168 
2 1134 168 
2 1077 168 
2 1230 169 
2 212 169 
2 2779 169 
4 3182 1484 3196 169 
2 5042 169 
1 169 
2 1917 169 
3 3738 1096 169 
3 2083 546 169 
2 5507 169 
4 3789 984 542 169 
1 169 
2 3168 169 
3 430 3209 169 
1 169 
1 169 
2 1271 169 
2 1836 169 
2 1437 169 
1 169 
2 4466 169 
1 169 
2 169 3736 
1 169 
2 3086 170 
4 4505 4382 5325 170 
2 170 3633 
1 170 
1 170 
2 1151 170 
3 521 371 170 
3 3464 3049 170 
1 170 
1 170 
1 170 
3 4727 170 4123 
3 4298 2336 170 
3 5293 3792 170 
2 5585 170 
1 170 
4 171 4132 3330 2068 
3 171 2114 2119 
4 171 2151 1586 1252 
2 171 4293 
2 171 4696 
1 171 
1 171 
3 171 3063 2403 
2 171 4069 
1 171 
2 171 3997 
2 171 4470 
2 171 3343 
2 171 4525 
2 171 5169 
1 171 
3 171 502 4939 
4 171 1865 5325 5187 
3 171 4713 4537 
4 172 1177 3164 4189 
4 172 1818 3866 3523 
3 172 3717 4237 
2 172 2446 
2 3694 172 
2 172 2100 
3 172 5159 2227 
2 172 4538 
2 172 4306 
2 172 1088 
3 173 530 2202 
3 173 1851 5160 
1 173 
1 173 
5 2609 1532 173 3567 3146 
2 173 3832 
2 173 4589 
3 900 173 1152 
2 5205 173 
2 173 5549 
3 173 509 5424 
2 173 2365 
2 173 286 
2 173 3778 
3 173 3719 4319 
3 5510 173 4382 
2 173 5518 
1 173 
3 3283 173 4425 
1 173 
2 173 3069 
2 173 714 
1 173 
4 173 5572 2117 2298 
1 174 
2 174 2198 
1 174 
1 174 
2 4958 174 
6 2096 174 3127 578 3067 190 
1 174 
3 2630 174 3295 
4 174 3148 950 3231 
3 174 972 1096 
1 174 
1 174 
2 174 5155 
1 174 
1 174 
1 174 
3 3161 174 5075 
3 174 239 5201 
3 1531 174 819 
2 175 578 
2 3966 175 
2 175 2386 
4 1084 175 4044 3895 
3 175 3571 5277 
5 175 4517 4119 5369 2397 
3 175 2020 5491 
1 175 
4 2978 175 4868 1466 
2 175 2670 
1 175 
2 175 489 
1 175 
3 175 2955 3037 
2 4821 175 
4 4544 4687 175 1101 
2 175 719 
1 175 
2 175 4408 
1 175 
2 175 5540 
2 175 3169 
1 175 
3 194 175 2775 
4 4960 175 733 2353 
3 175 3906 5454 
1 176 
1 176 
1 176 
1 176 
4 767 176 1636 4208 
2 176 4797 
1 176 
3 4166 176 2141 
1 176 
1 176 
1 176 
3 176 5471 3961 
3 176 3975 236 
2 176 180 
2 2594 176 
3 176 2845 4948 
1 176 
1 177 
3 177 2987 3068 
1 177 
4 1838 177 3445 5446 
3 1496 177 3608 
2 177 723 
1 177 
3 4007 177 1809 
1 177 
3 1791 177 4000 
2 177 2531 
1 177 
1 177 
2 4399 177 
2 177 1185 
2 178 1898 
2 178 560 
2 953 178 
1 178 
1 178 
2 178 5409 
2 595 178 
1 178 
2 178 1409 
1 178 
1 178 
1 178 
1 178 
2 178 1255 
1 178 
2 4919 178 
1 178 
2 178 4386 
3 3912 3080 178 
2 178 4587 
4 469 178 1289 3893 
2 4427 179 
2 1916 179 
1 179 
3 3565 179 4894 
4 1835 179 2659 3172 
1 179 
1 179 
3 5516 179 539 
3 5107 179 876 
2 179 1942 
3 1173 179 4602 
3 3401 179 3802 
3 179 3742 2257 
1 179 
2 370 179 
3 2918 4551 179 
2 2453 179 
1 179 
1 179 
1 179 
3 5055 179 736 
1 179 
2 179 4161 
1 180 
2 180 313 
1 180 
1 180 
3 430 5252 180 
2 5079 180 
1 180 
4 3274 180 3976 921 
1 180 
1 180 
3 180 2689 445 
1 180 
2 747 180 
1 180 
1 180 
1 180 
1 180 
2 2671 180 
1 180 
2 1643 180 
2 963 181 
3 3082 181 827 
2 2151 181 
3 181 1926 5598 
3 3950 181 1483 
3 181 4291 1448 
1 181 
2 181 3654 
1 181 
2 181 3940 
4 5431 2097 181 1589 
2 5432 181 
1 181 
2 2475 181 
1 181 
2 4285 181 
2 529 181 
4 1364 181 1447 1858 
3 4436 181 4599 
3 4551 182 2396 
2 903 182 
1 182 
3 798 182 3532 
2 479 182 
3 182 4252 1641 
4 1635 182 3173 213 
1 182 
2 182 2687 
1 182 
3 2276 2403 182 
2 182 3230 
1 182 
2 4111 182 
1 182 
4 5481 182 4382 2299 
1 182 
3 5045 182 1798 
3 4150 3560 182 
1 182 
2 3181 183 
3 1562 183 2463 
3 5225 1862 183 
1 183 
3 2687 183 4274 
1 183 
2 183 4100 
2 3303 183 
2 4511 183 
2 183 4123 
4 4129 4023 5567 183 
1 183 
2 4688 183 
4 1916 1309 183 1256 
3 183 3977 2068 
1 183 
6 1994 3499 183 996 2876 3735 
4 4769 2866 183 1236 
3 3042 183 283 
1 183 
2 4513 183 
2 673 183 
2 280 184 
2 3593 184 
1 184 
2 1281 184 
2 1289 184 
1 184 
1 184 
2 5287 184 
2 1638 184 
1 184 
2 184 5050 
3 5338 4517 184 
2 184 5530 
1 184 
3 709 184 4887 
4 184 5490 2536 743 
3 2964 184 4316 
3 2796 184 1768 
2 2302 185 
3 3919 4271 185 
3 185 2936 5549 
1 185 
4 2377 916 185 3514 
2 294 185 
1 185 
2 579 185 
2 4236 185 
3 3437 1472 185 
2 4340 185 
2 3316 185 
1 185 
1 185 
2 185 5083 
2 3359 185 
2 185 1334 
2 2733 185 
2 3805 185 
2 5503 185 
2 416 185 
2 185 3842 
2 185 4655 
1 185 
3 3738 412 186 
2 2035 186 
1 186 
2 3659 186 
3 1369 186 760 
1 186 
3 4520 4852 186 
2 2955 186 
1 186 
1 186 
2 186 742 
3 1791 3685 186 
1 186 
2 3539 186 
1 186 
1 186 
1 186 
2 3649 186 
2 1232 186 
2 186 502 
4 1339 2691 186 718 
1 186 
2 857 187 
1 187 
2 1090 187 
1 187 
5 3621 1515 4493 187 359 
1 187 
2 3402 187 
2 187 4837 
2 1431 187 
2 599 187 
1 187 
1 187 
2 2813 187 
1 187 
2 1157 187 
2 388 187 
3 2960 5293 188 
2 886 188 
2 5341 188 
5 4369 3606 5337 2952 188 
1 188 
1 188 
2 2045 188 
2 4721 188 
3 188 1274 446 
3 4125 1343 188 
1 188 
1 188 
2 2918 188 
1 188 
2 4682 188 
3 3269 188 4276 
3 5436 3008 188 
1 189 
1 189 
1 189 
1 189 
2 563 189 
3 411 1921 189 
2 5412 189 
2 4498 189 
2 676 189 
2 2881 189 
2 3003 189 
1 189 
1 189 
2 4624 189 
2 3597 189 
3 4659 2148 189 
3 4734 2335 189 
1 189 
2 3726 189 
3 3484 877 189 
2 3917 189 
1 189 
1 190 
1 190 
2 3583 190 
2 1460 190 
3 1842 3855 190 
1 190 
4 841 5293 655 190 
2 812 190 
1 190 
3 1707 2674 190 
2 5314 190 
3 1312 1114 190 
1 190 
2 1813 190 
3 4238 190 2032 
1 190 
2 350 190 
2 1800 190 
1 190 
1 190 
2 4774 190 
1 190 
2 2798 190 
3 526 516 190 
1 191 
1 191 
3 2727 1742 191 
2 754 191 
5 3591 5283 1351 2464 191 
3 2054 600 191 
3 5088 1985 191 
2 4529 191 
2 741 191 
4 768 5333 784 191 
1 191 
2 2617 191 
2 192 5209 
3 192 3306 1907 
2 192 1940 
4 192 1766 1271 4939 
2 192 1899 
1 192 
3 192 1717 1196 
1 192 
2 192 3026 
1 192 
2 192 4109 
1 192 
1 192 
1 192 
2 192 5094 
2 192 2899 
2 192 1190 
3 192 3955 2990 
2 192 1338 
3 192 3092 2501 
3 3985 193 2635 
1 193 
1 193 
1 193 
2 193 3304 
2 193 307 
3 193 3326 5508 
1 193 
2 193 1518 
2 193 1517 
3 193 410 1641 
5 193 3106 368 4187 5245 
1 193 
3 193 4378 3653 
3 5087 193 2939 
1 193 
1 193 
1 193 
1 193 
2 193 741 
4 193 5089 5534 1026 
2 193 5502 
2 193 3532 
2 193 3265 
3 194 449 4708 
3 3580 194 3250 
1 194 
1 194 
1 194 
2 194 3446 
2 194 2200 
1 194 
2 194 5300 
1 194 
2 194 2876 
1 194 
1 194 
3 194 1369 1525 
2 194 1692 
2 195 1183 
1 195 
1 195 
2 195 5190 
1 195 
3 195 2500 4819 
3 195 5563 4269 
2 195 3079 
1 195 
3 195 728 3815 
1 195 
3 195 2020 660 
3 195 4427 5122 
1 195 
2 195 2397 
2 195 3059 
2 196 1728 
1 196 
3 1883 196 4815 
3 196 1142 555 
1 196 
1 196 
1 196 
2 196 2003 
2 196 1369 
2 4086 196 
2 196 3325 
2 196 5317 
4 196 1542 5346 2996 
2 196 1274 
1 196 
2 196 2312 
1 196 
3 196 1050 3071 
1 196 
3 196 4431 2495 
4 196 4768 5113 4239 
2 197 3253 
3 2430 197 2235 
3 290 197 4216 
3 197 1367 3280 
1 197 
3 197 4294 426 
2 197 2759 
1 197 
1 197 
1 197 
2 197 3868 
1 197 
2 197 4005 
3 197 1161 3445 
1 197 
2 197 3112 
3 197 411 3574 
2 197 4494 
2 197 2046 
2 197 5331 
2 197 3052 
1 198 
3 198 5323 3068 
1 198 
1 198 
1 198 
3 198 3761 1191 
2 198 1113 
2 198 918 
2 198 866 
2 2340 198 
2 1082 198 
1 198 
1 198 
1 198 
2 791 198 
3 199 4592 1822 
2 2857 199 
1 199 
4 1418 199 3992 2896 
4 4810 199 2619 4289 
4 199 2283 2156 1074 
4 794 199 2330 4764 
2 3317 199 
4 4508 199 4441 1483 
2 199 4698 
3 199 941 1482 
3 199 567 5126 
4 199 2037 1943 5279 
3 199 2243 380 
2 5295 199 
2 316 199 
1 199 
2 199 3577 
2 199 1767 
1 199 
3 1803 199 656 
3 1512 199 1232 
1 200 
1 200 
2 200 2785 
2 200 4746 
1 200 
1 200 
1 200 
1 200 
5 3661 200 3067 2190 440 
1 200 
1 200 
2 5263 200 
3 200 909 4045 
1 200 
2 1668 201 
4 4879 201 5176 325 
5 936 961 201 1797 1449 
1 201 
1 201 
2 3303 201 
2 201 5569 
4 201 3799 2853 358 
1 201 
2 201 4722 
1 201 
2 201 5456 
1 201 
1 201 
2 201 502 
1 202 
2 5582 202 
3 202 1253 3962 
2 202 519 
1 202 
3 202 2621 1212 
2 1754 202 
2 1666 202 
3 202 2314 4934 
1 202 
3 2729 202 2383 
2 202 623 
2 202 5420 
2 202 1291 
4 202 5573 4742 2556 
2 202 1151 
2 202 4072 
4 5249 202 356 3433 
2 2929 202 
3 3358 202 1546 
1 203 
4 988 203 2139 1330 
1 203 
1 203 
2 339 203 
3 2467 203 4098 
3 203 806 2317 
1 203 
3 2470 3144 203 
1 203 
3 2524 203 3380 
1 203 
2 5464 204 
5 5534 529 204 1635 2856 
2 204 1009 
1 204 
2 204 3431 
1 204 
3 1783 204 4097 
1 204 
1 204 
6 5450 204 3053 3655 3171 721 
2 5013 204 
3 3557 204 758 
1 204 
3 204 2175 5033 
3 204 482 5458 
2 4306 204 
1 204 
3 1280 4922 204 
2 1261 204 
2 205 4101 
1 205 
2 205 3015 
1 205 
1 205 
1 205 
1 205 
3 5165 205 2645 
5 2430 1451 1305 205 1381 
3 205 4255 592 
2 205 2935 
1 205 
2 2322 205 
4 205 3486 4289 4424 
1 205 
2 2360 205 
3 205 5346 4081 
2 205 1408 
2 205 4407 
2 2600 206 
2 4112 206 
1 206 
4 2712 206 5367 2512 
2 3481 206 
1 206 
1 206 
3 4896 235 206 
1 206 
4 4919 5321 206 3710 
3 4551 206 5367 
5 1082 4202 3067 2405 206 
1 206 
2 4545 206 
3 4165 930 206 
2 3392 206 
2 3878 206 
1 207 
1 207 
2 207 5223 
2 3356 207 
2 2432 207 
2 207 4567 
1 207 
3 2539 1108 207 
1 207 
1 207 
2 1538 207 
2 319 207 
2 3393 207 
2 3464 207 
2 207 3530 
1 207 
2 3229 207 
1 207 
1 207 
3 2978 207 762 
2 207 1769 
2 904 208 
2 3713 208 
1 208 
1 208 
1 208 
2 4490 208 
2 1140 208 
4 1021 1737 2039 208 
3 3828 2721 208 
2 4570 208 
2 4599 208 
2 208 659 
1 208 
2 3293 208 
1 208 
1 208 
5 1200 1580 3407 208 3170 
1 208 
2 3092 208 
3 2472 1789 208 
3 208 4314 3202 
2 3801 208 
2 4372 209 
3 3405 2142 209 
3 4403 209 1552 
2 339 209 
3 4756 2504 209 
1 209 
1 209 
1 209 
2 5346 209 
4 5173 1745 209 882 
2 1512 209 
1 209 
2 2138 210 
2 2342 210 
1 210 
3 926 4778 210 
1 210 
3 3526 5455 210 
1 210 
1 210 
1 210 
1 210 
1 210 
1 210 
2 210 2030 
1 210 
1 210 
2 4519 210 
1 211 
1 211 
4 1643 4379 2020 211 
3 394 211 1118 
2 1238 211 
1 211 
2 939 211 
2 5159 211 
2 2378 211 
3 1887 1523 211 
3 3358 880 211 
2 211 3859 
2 504 211 
2 211 1277 
2 212 2397 
1 212 
1 212 
2 212 1880 
1 212 
2 2857 212 
1 212 
2 696 212 
1 212 
1 212 
3 5296 974 212 
2 4769 212 
2 309 212 
2 1347 212 
2 1203 212 
2 4401 212 
3 2146 5316 212 
2 585 212 
1 212 
4 4438 1194 4893 212 
1 213 
4 5251 3291 213 3118 
1 213 
3 5432 2810 213 
3 3892 1765 213 
3 2281 351 213 
1 213 
1 213 
2 2771 213 
1 213 
3 2281 1239 213 
4 5074 2130 1286 213 
1 213 
2 213 3943 
1 213 
4 387 4107 4449 213 
1 214 
1 214 
3 214 3777 3031 
2 214 5386 
1 214 
2 214 537 
2 214 1283 
1 214 
1 214 
4 214 544 4935 445 
3 214 3234 3089 
2 214 4416 
2 214 5304 
4 214 2162 3914 2578 
4 214 3901 4905 697 
1 214 
3 214 3522 335 
3 214 3927 5259 
2 214 1924 
2 215 4681 
3 4352 215 1271 
2 215 4115 
2 215 2091 
2 215 4083 
2 215 4551 
3 215 3703 3215 
1 215 
5 215 1645 3509 1191 2249 
2 3947 215 
2 215 4128 
3 215 324 656 
3 215 4105 4934 
1 215 
1 215 
1 215 
5 215 5534 748 3360 2551 
3 215 1343 2889 
2 215 2257 
3 215 2242 4870 
5 215 4869 3525 3278 5122 
1 216 
2 216 3627 
1 216 
2 216 574 
2 216 4113 
2 216 3526 
2 216 3190 
3 216 3172 826 
2 3283 216 
2 216 912 
1 216 
3 216 4398 4179 
1 216 
1 216 
1 216 
3 2710 216 4248 
2 216 3152 
2 216 2299 
1 216 
2 216 1240 
1 216 
1 216 
2 216 552 
1 216 
1 217 
1 217 
3 1059 217 3514 
1 217 
1 217 
2 217 854 
2 1577 217 
2 217 2138 
2 217 690 
3 2471 217 445 
2 217 5235 
2 217 4275 
1 217 
3 2491 217 3456 
1 218 
1 218 
2 218 1697 
2 218 3960 
4 5502 3388 218 4651 
4 3141 218 2733 5342 
1 218 
3 1024 218 2527 
2 2942 218 
3 2079 218 1489 
4 218 5543 2002 4838 
1 218 
1 218 
1 218 
1 218 
1 219 
2 219 1767 
5 1494 219 890 5336 4135 
2 768 219 
3 4427 219 1029 
2 2128 219 
2 219 3150 
2 2337 219 
1 219 
1 219 
4 2653 219 3724 1137 
3 556 5434 219 
4 3302 2588 219 5338 
1 219 
2 219 5141 
1 220 
2 1531 220 
3 220 1146 1658 
3 220 5077 4586 
1 220 
1 220 
4 3203 220 5322 3199 
2 220 719 
1 220 
1 220 
3 220 3957 1658 
1 220 
2 843 220 
1 220 
3 220 499 2135 
1 220 
3 3385 220 4796 
2 220 996 
2 220 1151 
2 220 4387 
3 4765 221 2041 
2 221 2607 
3 221 512 1813 
2 221 4664 
2 3791 221 
2 2794 221 
2 221 2510 
2 4759 221 
1 221 
1 221 
1 221 
3 662 221 5247 
3 1131 221 2986 
2 1784 221 
3 1647 5388 222 
4 3005 222 1908 2352 
2 4562 222 
3 4831 222 933 
3 1722 394 222 
5 5174 4661 1920 222 2225 
1 222 
2 548 222 
2 834 222 
3 2384 2423 222 
4 1890 3564 807 222 
2 3304 222 
2 3671 222 
3 2766 222 3788 
1 223 
3 236 223 867 
1 223 
1 223 
3 1666 223 2426 
1 223 
3 2473 5436 223 
2 2777 223 
2 4139 223 
2 4495 223 
1 223 
2 1202 223 
3 3501 223 5052 
2 2904 223 
2 4267 223 
2 3936 223 
1 223 
1 224 
1 224 
2 224 5105 
1 224 
2 4341 224 
2 2063 224 
1 224 
3 4506 2692 224 
1 224 
3 4332 4619 224 
2 4254 224 
2 1499 224 
3 3758 224 3117 
3 1406 2288 224 
3 3557 224 5161 
3 1202 1618 224 
1 224 
3 3520 5597 224 
3 4159 224 4684 
3 2244 224 3633 
2 2579 224 
2 372 224 
2 1305 224 
2 3031 225 
1 225 
3 891 1162 225 
1 225 
4 1736 4866 4870 225 
2 225 3492 
2 5336 225 
1 225 
2 5467 225 
3 3829 3940 225 
3 4536 4497 225 
2 3482 225 
1 225 
3 3286 487 225 
2 3794 225 
1 225 
2 1492 225 
2 3025 225 
4 1376 3279 2510 226 
1 226 
1 226 
3 1888 422 226 
1 226 
1 226 
1 226 
2 5593 226 
3 3923 3310 226 
2 5172 226 
2 226 4451 
2 2981 226 
2 5545 226 
2 2120 226 
2 5251 226 
4 2167 478 2019 226 
2 4004 226 
3 226 5036 359 
2 3554 226 
1 226 
1 226 
2 3326 226 
1 227 
1 227 
3 889 4386 227 
2 4669 227 
2 4732 227 
2 5083 227 
1 227 
1 227 
2 2633 227 
1 227 
2 838 227 
2 1961 227 
4 370 4266 227 3177 
2 1806 227 
2 3080 227 
1 227 
1 227 
1 227 
1 227 
3 4402 2624 227 
3 3566 3088 228 
8 469 4416 1219 4261 1133 4872 1949 228 
1 228 
2 2886 228 
1 228 
1 228 
3 2751 2392 228 
1 228 
3 4980 880 228 
2 1858 228 
2 1968 228 
2 319 228 
5 4104 229 2523 4883 1098 
1 229 
1 229 
1 229 
1 229 
2 229 2704 
1 229 
2 229 5506 
1 229 
3 5252 229 4731 
2 229 2600 
3 229 4660 584 
2 3180 229 
1 229 
2 229 2604 
1 229 
3 1218 229 866 
2 230 3621 
3 230 2659 1768 
3 230 3103 5009 
3 4475 4006 230 
2 230 2867 
3 843 230 5018 
1 230 
3 230 5545 4806 
1 230 
5 230 2751 4702 1464 3726 
3 230 4036 2596 
1 230 
1 230 
4 3268 230 3327 3511 
2 230 881 
2 230 1899 
1 230 
5 4322 230 4789 368 3430 
3 230 1353 4211 
3 230 441 1947 
2 230 5516 
1 230 
1 230 
2 3000 230 
2 231 2538 
3 3060 231 1227 
3 231 1063 634 
1 231 
1 231 
3 231 4135 510 
2 231 3411 
1 231 
2 231 4063 
3 231 3239 4339 
2 4008 231 
2 231 317 
1 231 
1 231 
2 231 3945 
3 231 1679 3373 
1 231 
1 231 
2 231 5320 
2 231 4615 
3 4973 231 1473 
1 231 
1 231 
3 4341 232 4095 
2 232 2815 
3 1023 232 1399 
2 232 489 
2 5073 232 
1 232 
2 2078 232 
1 232 
2 232 3940 
3 232 4557 3330 
2 233 2599 
4 3434 233 4181 3764 
3 2946 233 624 
1 233 
2 479 233 
6 2710 233 4537 876 3787 2939 
2 233 2871 
1 233 
1 233 
1 233 
4 233 5524 5419 3495 
3 233 2717 4887 
2 233 4067 
3 233 3108 1186 
2 233 5153 
3 3833 233 974 
3 233 3013 1830 
1 233 
1 233 
3 233 1415 1296 
2 233 5043 
1 233 
1 233 
3 233 516 4083 
2 5204 233 
4 233 4308 3010 4583 
1 233 
2 233 1570 
2 644 234 
2 234 2869 
1 234 
1 234 
1 234 
1 234 
2 1242 234 
1 234 
2 234 2455 
2 234 1332 
3 746 630 234 
1 234 
2 234 3263 
1 234 
2 234 2658 
2 234 1068 
3 234 3294 1100 
3 5257 234 2602 
1 234 
1 235 
1 235 
2 4372 235 
1 235 
3 2093 235 5506 
2 1425 235 
1 235 
2 255 235 
2 2649 235 
2 235 2189 
3 5251 235 328 
2 235 1394 
1 235 
1 236 
1 236 
2 236 2787 
2 236 4563 
2 3989 236 
1 236 
3 3218 236 1968 
3 3606 4693 236 
3 1401 236 3806 
4 4249 236 2069 3089 
3 1536 236 5507 
5 5149 236 4290 997 1433 
6 3642 1455 3083 236 5271 1153 
2 236 483 
2 236 896 
1 236 
3 2252 236 5285 
2 236 1705 
1 236 
2 3268 237 
2 4264 237 
2 5251 237 
4 1403 1889 3833 237 
1 237 
1 237 
2 237 3524 
1 237 
3 237 2776 3536 
2 237 4949 
1 237 
2 237 5573 
3 3360 237 3549 
3 237 5223 2025 
3 890 237 4033 
2 3586 237 
1 237 
3 1185 237 2568 
3 237 2833 2106 
2 237 1400 
3 414 237 3296 
1 237 
2 321 237 
4 237 1726 784 4731 
3 301 237 3688 
3 5284 238 240 
1 238 
1 238 
2 238 5446 
1 238 
1 238 
2 238 4290 
3 4431 238 3301 
3 238 2933 3309 
1 238 
1 238 
2 238 307 
2 238 1801 
2 238 2503 
3 239 3370 1295 
2 239 3959 
1 239 
1 239 
1 239 
4 5171 1471 239 1962 
1 239 
6 3496 4108 239 964 3956 3449 
1 239 
1 239 
1 239 
2 2232 239 
2 239 427 
3 2422 239 4425 
1 239 
1 239 
4 2476 239 2756 4750 
3 239 2290 4907 
4 5327 4228 1025 239 
2 4489 239 
1 239 
3 239 1216 4568 
2 2825 239 
3 3968 2715 239 
3 3058 239 4565 
1 240 
2 3993 240 
1 240 
1 240 
2 2969 240 
1 240 
1 240 
1 240 
3 277 240 5158 
2 240 1830 
4 2215 5517 5520 240 
1 240 
3 2470 1372 240 
1 240 
3 2750 240 4451 
2 5151 240 
3 2928 1125 240 
4 4195 2904 4759 240 
3 240 5032 3432 
2 1144 240 
3 3318 4638 240 
1 241 
1 241 
2 3825 241 
1 241 
1 241 
3 2543 1869 241 
1 241 
2 241 2209 
1 241 
4 3994 5302 241 3495 
3 912 241 860 
3 2714 4762 241 
2 3444 241 
3 699 241 2400 
1 241 
3 2928 5541 241 
2 4725 241 
2 2013 241 
1 242 
2 1049 242 
2 2655 242 
2 460 242 
1 242 
1 242 
1 242 
2 242 4412 
2 242 4911 
3 2240 1027 242 
2 2480 242 
2 4266 242 
2 4966 242 
1 242 
1 242 
2 1575 242 
2 3648 242 
2 5571 242 
1 242 
1 242 
3 1266 2295 242 
2 2001 243 
2 5154 243 
3 889 1920 243 
2 5395 243 
1 243 
1 243 
1 243 
1 243 
1 243 
2 243 4589 
2 2017 243 
1 243 
2 415 243 
1 243 
1 243 
1 244 
2 1971 244 
1 244 
2 713 244 
2 2210 244 
3 1107 5233 244 
2 5277 244 
2 4166 244 
1 244 
1 244 
2 5251 244 
5 706 1142 4945 244 3578 
3 2641 4703 244 
1 244 
2 245 429 
2 245 3650 
4 245 4711 4363 5313 
3 245 4231 978 
1 245 
2 245 969 
2 245 4215 
2 245 5045 
1 245 
2 246 2625 
2 246 5181 
3 246 4323 5137 
3 246 5301 2064 
1 246 
2 246 1088 
2 246 2688 
4 1297 246 4809 5599 
2 246 1647 
2 246 5507 
3 246 2823 3116 
1 246 
2 5089 246 
1 246 
2 4103 246 
3 246 3632 1316 
1 246 
4 981 246 331 4275 
2 1816 247 
1 247 
2 247 3370 
2 247 3528 
2 247 1858 
1 247 
1 247 
2 247 5208 
3 247 4824 4493 
2 247 1115 
1 247 
2 247 3287 
2 247 1169 
3 247 3834 2751 
2 247 2592 
1 247 
1 247 
3 247 1842 4378 
3 247 1343 4656 
2 247 1974 
1 247 
2 247 1371 
2 247 2664 
2 247 3737 
1 248 
1 248 
4 248 4660 1656 2046 
2 248 5021 
2 248 3301 
1 248 
2 248 1907 
2 248 4846 
1 248 
2 248 273 
2 248 5198 
1 248 
3 248 3625 588 
2 248 3870 
2 248 4820 
2 248 895 
2 248 4606 
1 248 
3 248 3161 3278 
3 843 248 3208 
3 1299 248 920 
1 248 
3 248 4361 4528 
2 249 4324 
2 249 5347 
2 249 3651 
1 249 
2 249 2267 
1 249 
1 249 
2 249 4900 
1 249 
1 249 
3 249 3890 5528 
2 249 1503 
1 249 
1 249 
6 5381 249 3850 1762 1587 494 
1 249 
2 684 249 
2 769 249 
2 249 4560 
3 249 3156 2663 
1 249 
3 5292 249 477 
1 250 
2 250 4924 
2 250 4010 
4 250 1777 1987 5507 
2 250 586 
4 250 1936 4219 4586 
2 250 2717 
3 869 250 589 
3 1915 250 4601 
2 250 711 
3 250 3831 5417 
2 4212 251 
1 251 
2 251 4834 
3 251 2713 3788 
3 251 4059 3533 
1 251 
2 251 2241 
1 251 
1 251 
2 251 3677 
2 251 2579 
1 251 
2 251 1960 
2 4021 251 
1 251 
3 251 1924 5008 
2 251 1163 
2 794 251 
2 251 413 
1 251 
2 251 713 
3 936 4942 252 
1 252 
4 872 252 2425 2996 
3 252 525 4386 
2 252 1609 
1 252 
1 252 
2 252 2348 
2 2413 252 
1 252 
3 842 252 4208 
3 3386 252 5141 
2 252 2361 
2 252 998 
2 252 1543 
1 252 
1 252 
4 1770 2084 252 3071 
1 252 
2 252 5335 
3 252 1225 4376 
3 360 252 2061 
1 253 
3 926 253 4674 
5 5089 3829 2841 253 1444 
3 253 836 2392 
1 253 
1 253 
1 253 
2 3770 253 
2 1995 253 
2 5266 253 
2 253 962 
2 3757 253 
3 253 4723 5457 
5 2562 3208 254 2931 3369 
1 254 
1 254 
2 4693 254 
1 254 
1 254 
1 254 
2 254 1413 
1 254 
1 254 
2 4229 254 
1 254 
2 1754 254 
3 4767 254 2883 
2 254 2001 
2 254 4966 
2 254 3609 
3 254 4172 5007 
1 254 
3 255 1603 2392 
2 255 5487 
2 1218 255 
2 5435 255 
2 1441 255 
1 255 
6 1457 255 4716 1727 2208 5083 
1 255 
2 255 2100 
1 255 
2 255 1274 
1 255 
2 3586 255 
1 255 
1 255 
3 5397 255 1077 
2 256 3031 
2 2081 256 
1 256 
1 256 
1 256 
1 256 
1 256 
2 2865 256 
3 2906 256 3085 
1 256 
3 4284 5483 256 
1 256 
2 3363 256 
2 256 4123 
3 4284 256 4122 
2 256 2445 
3 4341 5337 256 
3 2654 256 1268 
1 256 
1 256 
1 256 
1 256 
1 256 
3 3862 629 257 
1 257 
2 257 882 
1 257 
3 4352 2011 257 
1 257 
1 257 
2 257 5287 
3 257 4437 3552 
1 257 
1 257 
3 257 3148 1699 
2 257 414 
1 257 
2 257 4067 
2 3437 257 
1 258 
2 3953 258 
1 258 
2 258 1114 
4 790 1158 258 1235 
3 4739 258 838 
1 258 
3 1368 258 270 
2 258 2658 
2 258 491 
3 258 5194 4098 
1 258 
5 258 4561 5526 2209 1296 
1 258 
1 258 
5 5093 3184 258 5275 898 
3 576 4616 258 
1 258 
2 259 5006 
1 259 
2 2495 259 
2 259 5215 
2 2414 259 
1 259 
4 259 3955 1291 3428 
3 1438 259 3066 
1 259 
2 259 3925 
2 259 2138 
3 4755 259 1911 
1 259 
1 259 
2 730 259 
2 5114 259 
1 259 
1 259 
1 259 
1 259 
1 259 
4 259 3884 4115 753 
4 3044 2282 4093 259 
2 259 3164 
3 1936 259 1621 
1 259 
5 1144 3696 259 3164 3299 
2 259 756 
2 260 1432 
3 4786 392 260 
2 260 5158 
1 260 
3 260 4655 2662 
2 1955 260 
3 817 260 2208 
3 260 585 3396 
3 4514 260 836 
3 5336 260 2316 
2 260 2209 
2 260 2046 
2 843 260 
1 260 
1 260 
2 260 1137 
1 261 
2 3340 261 
1 261 
2 261 3379 
2 261 1115 
2 261 5051 
2 1981 261 
3 261 439 1434 
1 261 
5 261 4620 4836 3116 5037 
1 261 
1 261 
1 261 
3 667 261 1377 
1 261 
1 262 
3 1834 262 4413 
1 262 
1 262 
3 2375 2667 262 
2 1804 262 
1 262 
1 262 
2 262 4348 
3 262 2955 2144 
1 262 
2 1650 262 
2 262 1992 
3 1208 262 839 
1 262 
1 262 
3 1532 262 1636 
3 3183 1741 262 
2 3160 262 
1 262 
1 262 
3 2527 263 306 
3 263 266 2102 
1 263 
1 263 
2 1519 263 
1 263 
2 263 1606 
2 2456 263 
2 263 2391 
2 1893 263 
2 2982 263 
1 263 
1 263 
3 4913 1618 263 
2 263 4838 
3 2639 263 4780 
2 4371 263 
2 888 263 
2 263 657 
1 264 
5 3918 5063 264 1396 828 
1 264 
2 264 1189 
1 264 
2 264 5324 
4 4374 1285 264 2953 
2 2477 264 
1 264 
4 4712 2478 264 570 
1 264 
1 264 
1 264 
1 264 
3 3057 1230 264 
2 264 2392 
1 264 
2 264 5286 
1 264 
2 2697 264 
2 264 4587 
2 3921 264 
1 264 
1 264 
3 264 4315 2250 
2 264 4966 
1 265 
2 1109 265 
1 265 
2 265 679 
3 3247 265 5123 
2 265 4446 
2 265 1052 
3 265 4665 3513 
2 265 2566 
2 1661 265 
2 2931 265 
1 265 
4 1436 5589 3548 265 
2 4962 265 
2 4252 265 
1 265 
1 266 
6 1424 5240 266 2784 3454 1274 
4 266 548 1483 638 
1 266 
1 266 
1 266 
1 266 
2 266 1611 
4 5174 266 2934 2368 
3 5013 1824 266 
3 1021 1365 266 
1 266 
2 266 2625 
1 266 
3 2412 1224 266 
3 5330 1793 266 
2 3041 266 
2 878 266 
3 5251 5134 267 
2 4420 267 
5 2229 3094 2931 267 4079 
2 267 3352 
1 267 
2 4195 267 
2 3213 267 
4 645 3462 2041 267 
2 2598 267 
2 1252 267 
1 267 
4 4325 4846 3570 267 
3 2341 267 2393 
1 267 
2 652 268 
3 1602 268 3727 
3 3143 3687 268 
4 4810 268 4679 3733 
1 268 
1 268 
2 268 2557 
2 268 4910 
2 268 3707 
1 268 
1 268 
1 268 
1 268 
1 268 
1 268 
2 2559 268 
3 1145 268 269 
4 790 2616 1940 268 
1 268 
2 4259 268 
3 2218 2222 269 
3 3442 2599 269 
1 269 
1 269 
2 5589 269 
1 269 
3 2168 5540 269 
2 269 3788 
4 899 893 4928 269 
2 269 1728 
2 5536 269 
1 269 
2 630 269 
1 269 
2 2303 269 
3 5467 269 1329 
3 269 3764 4123 
2 5042 269 
2 5206 269 
1 269 
2 3836 269 
1 269 
1 269 
1 270 
2 460 270 
1 270 
3 1788 270 1909 
1 270 
2 5072 270 
2 2109 270 
1 270 
2 4669 270 
1 270 
1 270 
3 875 2387 270 
3 4797 270 4191 
1 270 
1 270 
2 908 271 
1 271 
2 778 271 
3 1759 5377 271 
1 271 
2 4497 271 
2 414 271 
3 1145 271 4584 
1 271 
4 4440 896 5570 271 
2 4630 271 
2 3348 271 
2 1451 271 
1 271 
4 4943 4577 910 271 
5 4041 434 3308 2704 271 
3 3313 3049 271 
2 4271 271 
2 2291 271 
1 271 
2 769 271 
2 3934 272 
2 2780 272 
2 2575 272 
1 272 
2 272 3297 
2 2242 272 
3 1864 4549 272 
2 4307 272 
3 1152 272 4015 
4 4231 5062 1812 272 
2 3115 272 
2 3862 272 
1 272 
1 272 
3 272 1551 2409 
1 272 
5 4668 1671 5199 5443 272 
2 365 272 
1 272 
2 272 5487 
2 2813 272 
1 272 
2 272 3300 
2 2043 273 
1 273 
2 3755 273 
2 2631 273 
2 1280 273 
1 273 
3 4905 273 1078 
1 273 
1 273 
1 273 
3 1821 4719 273 
2 5181 273 
3 1517 273 2330 
2 273 3353 
3 1521 273 2484 
3 5286 273 2026 
2 274 4450 
2 3320 274 
2 5124 274 
1 274 
3 4692 2369 274 
2 3693 274 
1 274 
2 274 1275 
2 2933 274 
1 274 
2 1558 274 
2 4916 274 
2 405 274 
2 1701 274 
1 274 
2 622 274 
2 691 274 
1 274 
1 274 
3 3965 4518 274 
3 1938 274 2757 
2 3518 275 
1 275 
1 275 
3 2155 2266 275 
1 275 
1 275 
2 474 275 
1 275 
2 4649 275 
2 275 2274 
2 4158 275 
3 289 2669 275 
1 275 
2 3180 275 
2 328 275 
2 5055 275 
2 389 275 
2 2082 275 
1 275 
1 275 
2 3724 275 
1 275 
3 648 4223 275 
1 275 
2 276 3893 
1 276 
8 276 5072 4507 4069 5334 4312 4654 4483 
3 276 3461 4361 
1 276 
4 276 5393 2061 2643 
1 276 
5 276 3203 633 603 569 
2 276 4471 
1 276 
2 276 4101 
1 276 
2 955 276 
1 276 
3 277 2659 3858 
2 277 279 
3 277 3145 551 
2 277 4817 
1 277 
1 277 
1 277 
1 277 
2 277 4498 
1 277 
2 277 2782 
1 277 
2 277 4910 
2 277 343 
3 277 3359 4650 
2 277 2668 
2 277 3837 
2 278 2259 
2 278 994 
1 278 
2 3685 278 
3 4530 5317 278 
2 278 4502 
3 278 5029 5203 
3 3545 278 4886 
1 278 
1 278 
3 279 326 488 
3 5482 279 619 
3 279 650 4753 
4 3618 3663 279 3280 
1 279 
3 2439 279 3839 
3 279 1999 4058 
1 279 
1 279 
1 279 
2 279 3745 
2 4670 279 
2 279 4599 
3 2523 279 1374 
2 279 4096 
1 279 
1 279 
1 279 
1 279 
2 279 1940 
1 279 
2 2769 279 
2 279 5531 
2 4660 279 
2 3667 280 
1 280 
2 280 4064 
3 3779 5284 280 
1 280 
1 280 
2 280 4411 
3 3955 280 1745 
3 2211 4198 280 
3 3811 1477 280 
2 5017 280 
3 3268 280 3300 
1 280 
2 281 4562 
1 281 
1 281 
2 281 5069 
2 281 3808 
1 281 
3 2450 281 3690 
2 5251 281 
2 281 4805 
5 4286 4179 281 4950 952 
3 3621 281 4872 
4 504 3549 281 4189 
1 281 
1 281 
3 3620 2042 281 
2 4167 281 
1 281 
1 281 
3 2124 5535 281 
5 3780 281 2814 4014 3943 
2 4733 281 
1 281 
1 282 
1 282 
2 1584 282 
1 282 
1 282 
1 282 
4 937 319 5454 282 
1 282 
2 485 282 
1 282 
1 282 
1 282 
1 282 
2 2429 282 
1 282 
2 1183 282 
2 2589 282 
2 1059 282 
3 3949 3956 282 
1 282 
3 3360 1322 282 
2 3023 282 
1 283 
1 283 
1 283 
2 561 283 
2 1707 283 
2 790 283 
3 5147 283 2398 
1 283 
1 283 
1 283 
3 5396 4746 284 
1 284 
2 1021 284 
1 284 
1 284 
3 4087 3133 284 
2 534 284 
3 4226 3166 284 
1 284 
3 2841 393 284 
1 285 
1 285 
3 1730 5254 285 
2 633 285 
3 456 4632 285 
2 5381 285 
3 1921 285 4855 
3 5522 5443 285 
2 5596 285 
4 2668 3023 2004 285 
1 285 
1 285 
1 285 
1 285 
1 285 
2 821 285 
1 285 
3 1556 5477 285 
4 2521 3418 1947 285 
3 2007 2435 286 
3 2245 1850 286 
3 3641 1209 286 
1 286 
1 286 
2 2991 286 
1 286 
2 286 4764 
4 3097 286 288 722 
2 4436 286 
2 3888 286 
1 286 
1 286 
2 1441 286 
2 3322 286 
1 286 
3 2763 644 287 
1 287 
1 287 
1 287 
3 2292 2204 287 
2 3487 287 
5 2230 4071 3488 861 287 
2 1083 287 
2 4188 287 
3 1597 4843 287 
3 4246 287 3634 
1 287 
1 287 
1 287 
2 287 681 
1 287 
2 548 287 
4 5398 1286 5181 287 
2 944 287 
3 455 858 287 
4 3179 3401 4533 287 
2 2928 287 
1 288 
3 1731 2458 288 
2 3917 288 
3 2808 1406 288 
2 288 1400 
2 1561 288 
4 1995 5355 3380 288 
2 4023 288 
2 3872 288 
2 4820 288 
2 3922 288 
1 288 
2 879 288 
4 289 807 2755 1859 
1 289 
1 289 
4 3908 289 1321 653 
1 289 
1 289 
4 289 4288 5121 1077 
1 289 
1 289 
2 289 559 
3 289 485 3392 
3 2647 289 900 
1 289 
1 289 
1 289 
3 289 5599 334 
2 289 5408 
1 289 
1 289 
1 289 
3 290 351 3511 
3 5291 290 2799 
2 290 4866 
4 290 633 3056 864 
3 290 318 915 
1 290 
4 290 4841 1901 5184 
2 290 528 
1 290 
2 290 3553 
2 290 3361 
1 290 
2 290 605 
1 290 
1 290 
2 290 1626 
2 291 1455 
1 291 
1 291 
2 291 1749 
1 291 
3 291 4166 3734 
2 291 3575 
1 291 
1 291 
5 1512 291 4477 4359 2476 
6 291 1715 4757 3252 4496 4676 
2 291 3719 
2 291 2881 
2 292 3327 
3 405 934 292 
1 292 
1 292 
1 292 
1 292 
3 292 3441 4389 
3 292 4579 3012 
2 292 3328 
1 292 
3 292 1263 4579 
1 292 
2 292 5398 
1 292 
3 292 4436 851 
1 292 
2 292 4907 
1 292 
2 292 4742 
2 1687 292 
2 292 3550 
2 292 5312 
1 292 
2 292 1872 
4 3909 293 4119 3733 
2 293 5345 
2 293 5116 
1 293 
2 293 3142 
2 1493 293 
3 293 5112 3375 
2 293 4605 
1 293 
2 293 4172 
2 293 2841 
4 293 4376 4310 3170 
3 293 1160 2115 
1 293 
2 293 3216 
3 293 3558 3321 
1 293 
2 293 2853 
1 293 
1 294 
2 294 2130 
1 294 
1 294 
1 294 
1 294 
3 294 1795 423 
1 294 
2 294 1071 
1 294 
2 294 3758 
2 294 1484 
2 294 2064 
1 294 
3 294 3526 310 
2 294 1936 
2 294 3867 
4 294 5153 3193 722 
2 294 4625 
2 294 3335 
7 2334 294 4516 3890 656 493 1397 
1 294 
1 294 
1 294 
1 294 
1 294 
2 294 1150 
1 295 
1 295 
4 3877 295 1998 1628 
1 295 
1 295 
2 295 3281 
2 295 1532 
1 295 
1 295 
5 5110 295 3026 5050 2426 
2 295 775 
2 295 827 
2 295 3196 
2 295 4305 
1 295 
1 295 
2 295 5399 
4 3136 295 4274 467 
4 295 3480 2602 2207 
3 295 4674 5476 
1 295 
