21 2 3 4 5 6 7 8 9 10 11 12 13 14 15 16 17 18 19 20 21 22 
21 23 24 25 26 27 1 28 29 30 31 32 33 34 35 36 37 38 39 40 41 42 
23 43 44 45 46 47 48 49 50 51 1 52 53 54 55 56 57 58 59 60 61 62 63 64 
22 65 66 67 68 69 70 71 1 72 73 74 75 76 77 78 79 80 81 82 83 84 85 
22 86 87 88 89 90 91 1 92 93 94 95 96 97 98 99 100 101 102 103 104 105 106 
15 107 108 109 110 111 112 113 114 115 1 116 117 118 119 120 
19 121 122 123 124 125 1 126 127 128 129 130 131 132 133 134 135 136 137 138 
20 139 140 141 142 143 1 144 145 146 147 148 149 150 151 152 153 154 155 156 157 
24 158 159 160 161 162 163 164 165 1 166 167 168 169 170 171 172 173 174 175 176 177 178 179 180 
17 181 182 183 184 185 1 186 187 188 189 190 191 192 193 194 195 196 
17 197 198 199 200 201 202 203 1 204 205 206 207 208 209 210 211 212 
22 213 214 215 216 217 218 219 220 221 222 223 1 224 225 226 227 228 229 230 231 232 233 
18 234 235 236 237 1 238 239 240 241 242 243 244 245 246 247 248 249 250 
20 251 252 253 254 255 256 257 258 1 259 260 261 262 263 264 265 266 267 268 269 
13 270 271 272 1 273 274 275 276 277 278 279 280 281 
26 282 283 284 285 286 287 288 289 1 290 291 292 293 294 295 296 297 298 299 300 301 302 303 304 305 306 
20 307 308 309 310 311 312 313 314 315 1 316 317 318 319 320 321 322 323 324 325 
20 326 327 328 329 330 331 1 332 333 334 335 336 337 338 339 340 341 342 343 344 
19 345 346 347 348 349 350 351 1 352 353 354 355 356 357 358 359 360 361 362 
32 363 364 365 366 367 368 369 370 371 372 373 374 1 375 376 377 378 379 380 381 382 383 384 385 386 387 388 389 390 391 392 393 
21 394 395 396 397 398 399 400 401 402 1 403 404 405 406 407 408 409 410 411 412 413 
24 414 415 416 417 418 419 420 421 1 422 423 424 425 426 427 428 429 430 431 432 433 434 435 436 
17 2 437 438 439 440 441 442 443 444 445 446 447 448 449 450 451 452 
19 2 453 454 455 456 457 458 459 460 461 462 463 464 465 466 467 468 469 470 
27 2 471 472 473 474 475 476 477 478 479 480 481 482 483 484 485 191 486 487 488 489 490 491 492 493 494 495 
20 2 496 497 498 499 500 501 502 503 504 505 506 507 508 509 510 511 512 513 514 
22 2 515 516 517 518 519 520 521 522 523 524 525 526 527 528 529 530 531 532 533 534 535 
12 2 536 537 538 539 540 541 542 543 544 545 546 
15 2 547 548 549 550 551 552 553 554 555 556 557 558 559 560 
23 2 561 562 563 564 565 566 567 568 569 570 571 572 573 574 575 576 577 578 579 580 581 582 
16 2 583 584 585 586 587 588 589 590 591 592 593 594 595 596 597 
18 2 598 599 600 601 602 603 604 605 606 607 608 609 610 611 612 613 614 
24 2 615 616 617 618 619 620 621 622 623 624 625 626 187 627 628 629 630 631 632 633 634 635 636 
36 2 637 638 639 640 641 642 643 644 645 401 646 647 648 649 650 651 652 653 654 655 656 657 658 659 660 661 662 663 664 665 666 667 668 669 670 
25 2 671 672 673 674 675 676 677 678 679 680 681 682 683 684 685 686 687 688 689 690 691 692 693 694 
27 695 2 696 697 698 699 700 701 702 703 704 705 706 707 708 709 710 711 712 713 714 715 716 717 718 719 720 
20 2 721 722 723 724 725 726 727 728 729 730 731 732 733 734 735 736 737 738 739 
28 2 740 741 742 743 744 745 746 747 748 749 750 751 752 753 754 755 756 757 758 759 760 761 762 763 764 765 766 
20 2 767 768 769 770 771 772 773 774 775 776 777 778 779 780 781 782 783 784 785 
22 2 786 787 788 789 790 791 792 793 794 795 796 797 798 799 800 801 802 803 804 805 806 
22 2 807 808 809 810 811 812 813 814 815 816 817 818 819 820 821 822 823 824 825 826 827 
27 2 828 829 830 831 832 833 834 835 836 837 838 839 840 841 842 843 844 845 846 847 848 849 850 851 852 853 
22 854 855 856 857 858 859 3 860 861 862 863 864 865 866 867 868 869 870 871 872 873 874 
22 875 876 3 877 878 879 880 881 882 883 884 885 886 887 888 889 890 891 892 893 894 895 
19 896 897 898 3 899 900 901 902 903 904 905 906 907 908 909 910 911 912 913 
20 914 3 915 916 917 918 919 920 921 922 923 924 925 926 927 928 929 930 931 932 
28 933 934 3 935 936 937 938 939 940 941 942 943 944 945 946 947 948 949 950 951 952 953 954 955 956 957 958 959 
16 960 961 962 3 963 964 965 966 967 968 969 970 971 972 973 974 
30 975 976 3 977 978 979 980 981 982 983 984 985 986 987 988 989 990 991 992 993 994 995 996 997 998 999 1000 1001 1002 1003 
25 1004 3 1005 1006 1007 519 1008 1009 1010 1011 1012 1013 1014 1015 1016 1017 1018 1019 1020 1021 1022 1023 1024 1025 1026 
15 1027 1028 3 1029 1030 1031 1032 1033 1034 1035 1036 1037 1038 1039 1040 
21 1041 3 1042 1043 1044 1045 1046 1047 1048 1049 1050 1051 1052 1053 1054 1055 1056 1057 1058 1059 1060 
21 1061 1062 1063 1064 1065 3 1066 1067 1068 1069 1070 1071 1072 1073 1074 1075 1076 1077 1078 1079 1080 
17 1081 3 1082 1083 1084 1085 1086 1087 147 1088 1089 1090 1091 1092 1093 1094 1095 
17 1096 1097 3 1098 1099 1100 1101 1102 1103 1104 1105 1106 1107 1108 1109 1110 1111 
15 1112 1113 3 1114 1115 1116 1117 1118 1119 1120 1121 1122 1123 1124 1125 
12 1126 1127 3 1128 1129 1130 1131 1132 1133 1134 1135 1136 
13 3 1137 1138 1139 1140 1141 1142 1143 1144 1145 1146 1147 1148 
17 3 1149 1150 1151 1152 1153 1154 1155 1156 1157 1158 1159 1160 1161 1162 1163 719 
21 1164 1165 3 1166 1167 1168 1169 1170 1171 1172 1173 1174 1175 1176 1177 1178 1179 1180 1181 1182 1183 
22 1184 1185 1186 1187 1188 3 1189 1190 1191 1192 1193 1194 1195 1196 1197 1198 1199 1200 1201 1202 1203 1204 
19 1205 1206 3 1207 1208 1209 1210 1211 1212 1213 1214 1215 1216 1217 1218 1219 1220 1221 1222 
25 1223 1224 1225 3 1226 1227 1228 1229 1230 1231 1232 1233 1234 1235 1236 1237 1238 1239 1240 1241 1242 1243 1244 1245 1246 
16 1247 1248 1249 3 1250 1251 1252 1253 1254 1255 1256 1257 1258 1259 1260 1261 
17 1262 1263 1264 4 1265 1266 1267 1268 1269 1270 1271 1272 1273 1274 1275 1276 1277 
28 1278 1279 1280 4 1281 1282 1283 1284 1285 1286 1287 1288 1289 1290 1291 1292 1293 1294 1295 1296 1297 1298 1299 1300 1301 1302 1303 1304 
18 1305 1306 1307 4 1308 1309 1310 1311 1312 1313 1314 1315 1316 1317 1318 1319 1320 1321 
17 1322 4 1323 1324 1325 1326 1327 1328 1329 1330 1331 1332 1333 1334 1335 1336 1337 
20 4 1338 1339 1340 1341 1342 1343 1344 1345 1346 1347 1348 1349 1350 1351 1352 1353 1354 1355 1356 
25 1357 1358 1359 1360 1361 1362 1363 4 1364 1365 1366 1367 1368 1369 1370 1371 1372 1373 1374 1375 1376 1377 1378 1379 1380 
18 1381 1382 1383 1384 1385 4 1386 1387 1388 1389 1390 1391 1392 1393 1394 1395 1396 1397 
22 1398 1399 4 1400 1401 1402 1403 1404 1405 1406 1407 1408 1409 1410 1411 1412 1413 1414 1415 1416 1417 1418 
19 1419 1420 1421 4 1422 1423 1424 1425 1426 1427 1428 1429 1430 1431 1432 1433 1434 1435 1436 
25 1437 1438 1439 1440 1441 4 1442 1443 1444 1445 1446 1447 1448 1449 1450 1451 1452 1453 1454 1455 1456 1457 1458 1459 1460 
20 1461 1462 1463 1464 1465 4 1466 1467 1468 1469 1470 1471 1472 1473 1474 1475 1476 1477 1478 1479 
21 1480 1481 1482 1483 1484 4 1485 1442 1486 1487 1488 1489 1490 1491 1492 1493 1494 1495 1496 1497 1498 
16 1499 1500 4 1501 1502 1503 1504 1505 1506 1507 1508 1509 1510 1511 1512 1513 
22 1514 1515 1516 1517 1518 1519 1520 4 1521 1522 1523 1524 1525 1526 1527 1528 1529 1530 1531 1532 1533 1534 
27 1535 4 1536 1537 1538 1539 1540 1541 1542 1543 1544 1545 1546 1547 1548 1549 1550 1551 1552 1553 1554 1555 1556 1557 1558 1559 1560 
20 1561 1562 1563 4 1564 1565 1566 1567 1568 1569 1570 1571 1572 1573 1574 1575 1576 1577 1578 1579 
17 1580 1581 1582 4 1583 1584 1585 1586 1587 1588 1589 1590 1591 1592 1593 1594 1595 
20 1596 1597 1598 4 1599 1600 1601 1602 1603 1604 1605 1606 1607 1608 1609 1610 1611 1612 1613 1614 
23 1615 1616 4 1617 1618 1619 1620 1621 1622 1623 1624 1625 1626 1627 1628 1629 1395 1630 1631 1632 1633 1634 1635 
25 1636 1637 4 1638 1639 1640 1641 1642 1643 1644 1645 1646 1647 1648 1649 1650 1651 1652 1653 1654 1655 1656 1657 1658 1659 
19 1660 1661 1662 4 1663 1664 1665 1666 1667 1668 1669 1670 1671 1672 1673 1674 1675 1676 1677 
16 1678 1679 1680 1681 5 1682 1683 1684 1685 1686 1687 1688 1689 1690 1691 1692 
28 1693 1694 1695 1696 5 1697 1698 1699 1700 1701 1702 1703 1704 1705 1706 1707 1708 1709 1710 1711 1712 1713 1714 1715 1716 1717 1718 1719 
17 1720 1721 1722 1723 1724 1725 1726 1727 5 1728 1729 1730 1731 1732 1733 1734 1735 
18 1736 1517 1737 1738 1739 1740 5 1741 1742 1743 1744 1745 1746 1747 1748 1749 1750 1751 
23 1752 1753 1754 1755 1756 1757 1758 1759 5 1760 1761 1762 1763 1764 1765 1766 1767 1768 1769 1770 1771 1772 1773 
29 1774 1775 1776 1777 1778 1779 5 1780 1781 1782 1783 1784 1785 1786 1787 1788 1789 1790 1791 1792 1793 1794 1795 1796 1797 1798 1799 1800 1801 
15 1802 1803 1804 1805 5 1806 1807 1808 1809 1810 1811 1812 1813 1814 1815 
27 1816 1817 1818 1819 1820 1821 5 1822 1823 1824 1825 1826 1827 1828 1531 1829 1830 1831 1832 1833 1834 1835 1836 1837 1838 1839 1840 
35 1841 1842 1843 1844 1845 1846 1847 1848 1849 5 1850 1851 1852 1853 1854 1855 1856 1857 1858 1859 1860 1861 1862 1863 1864 1865 1866 1867 1868 1869 1870 1871 1872 1873 1874 
16 1875 5 1876 1877 1878 1879 1880 1881 1882 1883 1884 1885 1886 1887 1888 1889 
19 1890 1891 5 1892 1893 1894 1895 1896 1897 1898 1899 1900 1901 1902 1903 1904 1905 1906 1907 
29 1908 1909 1910 1911 5 1912 1913 1914 1915 1916 1917 1918 1919 1920 1921 1922 1923 1924 1925 1926 1927 1928 1929 1930 1931 1932 1933 1934 1935 
23 1936 1042 1937 1938 1939 1940 1941 5 1942 1943 1944 1945 1946 1947 1948 1949 1950 1951 1952 1953 1954 1955 1956 
27 1957 1958 1959 1960 1961 5 1962 1963 1964 1965 1966 1967 1968 1969 1970 1971 1972 1973 1974 1975 1976 1977 1978 1979 1980 1981 1982 
30 1983 1984 1985 1986 1987 1988 1989 5 1990 1991 1992 1993 1994 1995 1996 1997 1998 1999 2000 2001 2002 2003 2004 2005 2006 2007 2008 2009 2010 2011 
21 2012 2013 2014 2015 2016 2017 5 2018 2019 2020 2021 2022 2023 1667 2024 2025 2026 2027 2028 2029 2030 
28 2031 1423 2032 2033 5 2034 2035 2036 2037 2038 2039 2040 2041 2042 2043 2044 2045 2046 2047 2048 2049 2050 2051 2052 2053 2054 2055 2056 
23 2057 2058 2059 2060 2061 2062 2063 2064 5 2065 2066 2067 2068 2069 2070 2071 2072 2073 2074 2075 2076 2077 469 
17 2078 2079 2080 2081 5 2082 729 2083 1699 2084 2085 2086 2087 2088 2089 2090 2091 
21 2092 2093 5 2094 2095 2096 2097 2098 2099 2100 816 295 2101 2102 2103 2104 2105 2106 2107 2108 2109 
25 2110 2111 2112 2113 2114 5 2115 2116 2117 2118 2119 2120 2121 2122 2123 2124 2125 2126 2127 2128 2129 2130 2131 2132 2133 
19 2134 2135 2136 2137 2138 2139 6 2140 2141 2142 2143 2144 2145 2146 2147 2148 2149 2150 2151 
16 2152 2153 2154 2155 2156 2157 2158 2159 6 2160 2161 2162 2163 2164 2165 2166 
28 2167 2168 2169 2170 2171 2172 2173 2174 2175 6 2176 2177 2178 2179 2180 2181 2182 2183 2184 2185 2186 2187 2188 2189 2190 2191 2192 2193 
26 2194 2195 2196 2154 2197 2198 2199 2200 2201 6 2202 2203 2204 2205 2206 2207 2208 2209 2210 2211 2212 2213 2214 2215 2216 2217 
24 2218 2219 2220 2221 349 2222 2223 2224 2225 6 2226 2227 2228 2229 2230 2231 2232 2233 2234 2235 2236 2237 2238 2239 
23 2240 2241 2242 2243 2244 2245 2246 2247 6 2248 2249 2250 2251 2252 2253 2254 2255 2256 2257 2258 2259 2260 2261 
13 2262 2263 2264 2265 2266 6 2267 2268 2269 2270 2271 2272 2273 
19 2274 2275 2276 2277 2278 2279 2280 2281 2282 2283 2284 6 2285 2286 2287 2288 2289 2290 2291 
28 1398 2292 2293 2294 2295 2296 254 2297 2298 2299 2300 2301 944 2302 6 2303 2304 2305 2306 2307 2308 2309 2310 2311 2312 2313 431 2314 
24 2315 2316 2317 2318 2319 2320 2321 6 2322 2323 2324 2325 2326 2327 2328 2329 2330 2331 2332 2333 2334 2335 2336 2337 
20 2338 2339 2340 2341 2342 2343 2344 2345 2346 2347 2348 6 2349 2350 2351 2352 2353 2354 2355 2356 
9 2357 2358 2359 6 2360 2361 2362 2363 2364 
20 2365 2366 2367 2368 2369 2370 2371 6 2372 2373 2374 2375 2376 2377 2378 2379 2380 2381 2382 2383 
21 2384 2385 6 2386 2387 2388 2389 2390 2391 2392 2393 2394 2395 2396 2397 2398 2399 2400 2401 2402 2403 
25 2404 2405 2406 2407 2408 2409 7 2410 2411 2412 2413 2414 2415 2416 2417 2418 2419 2420 2421 2422 2423 2424 2425 2426 2427 
34 2428 2429 2430 2431 2432 2433 2434 2435 2436 2437 2438 7 2439 2440 2441 2442 2443 2444 2445 2446 2447 2448 608 2449 2450 2451 2452 2453 2454 2455 2456 2457 2458 2459 
24 2460 2461 2462 2463 2464 2465 2466 2467 7 2468 2469 2470 2471 2472 2473 2474 2475 2476 2477 2478 2479 2480 2481 2482 
20 2483 2484 2485 2486 2487 2488 2489 7 2490 2491 2492 2493 2494 2495 2496 2497 2498 2499 913 2500 
20 2501 2502 2503 2504 2505 2506 7 2507 2508 2509 2510 2511 2512 2513 2514 2515 2516 2517 2518 2519 
19 2520 2521 2522 2523 2524 2525 2526 2527 1684 7 2528 2529 2530 2531 2532 2533 2534 2535 2536 
18 2537 2538 2539 2540 2541 2542 7 2543 2544 2545 1236 2546 2547 2548 2549 2550 2551 2552 
25 2553 2554 2555 2556 2557 2558 2559 2560 7 2561 2562 2563 2564 2565 2566 2567 2568 2569 2570 2571 2572 2573 2574 2575 2576 
18 2577 2578 2579 2580 2581 2582 7 2583 2584 2585 2586 2587 2588 2589 2590 2591 2592 2593 
21 2594 2595 2596 2597 2598 2599 1758 2600 2601 7 2602 2603 2604 2605 2606 2607 2608 2609 2610 2611 2612 
22 2613 2614 2615 2616 2617 2618 2619 7 2620 2621 2622 2623 2624 2625 2626 2627 2628 2629 2630 2631 2632 2633 
27 2634 2635 2636 2637 2638 2639 2640 2641 2642 2643 2644 2645 2646 7 2647 2648 2649 2650 2651 2652 2653 2654 2655 2656 2657 2658 2659 
18 2660 2661 2662 7 2663 2664 2665 2666 2667 2668 2669 2670 2671 2672 2673 2674 2675 2676 
20 2677 2678 2679 1679 2680 2681 2682 2683 2684 2685 7 2686 2687 2688 2689 2690 2691 2692 2693 2694 
25 2695 2696 2697 2698 2699 2700 2701 7 2702 2703 2704 2705 2706 2707 2708 2709 2710 2711 2712 2713 2714 2715 2716 2717 2718 
9 1345 7 2719 2720 2721 2722 2723 2724 2291 
16 2725 2726 2727 2728 2729 2730 7 2731 2732 2733 2734 2735 2736 2737 2738 2739 
21 2740 2741 2742 2743 2744 2745 2746 7 2747 2748 2749 2750 2751 2752 2753 2754 2755 2756 2757 2758 2759 
14 2760 2761 2762 2763 2764 8 2765 2766 2767 2768 2769 2770 2771 2772 
22 2773 2774 2775 2776 2777 2778 2779 2780 2781 8 2782 1918 2783 2784 2785 2786 2787 2788 2789 2790 2791 2792 
27 2793 2794 2795 2796 2797 2798 2799 2800 8 2801 2802 2803 2804 2805 2806 2807 2808 2809 2810 2811 2812 2813 2814 2815 2816 2817 2818 
25 2819 2820 2821 2822 2823 2824 2825 2826 2827 2828 2829 8 2830 2831 2832 2833 2834 2835 2836 2837 2838 2839 2840 2841 2842 
19 2843 2844 2845 2846 2847 2848 2849 2850 2851 8 2852 2853 2854 2855 2856 2857 2858 2859 2860 
18 2861 2862 2863 2864 2865 2866 2867 2868 2869 8 2870 2871 2872 2873 2874 2875 2876 2877 
17 2878 2879 2880 2881 2882 2883 2884 2885 2886 2887 8 2888 2889 1669 2890 2891 2892 
21 2893 2894 2895 2896 2897 2898 2899 2900 8 2901 1349 2902 2903 2904 2905 2906 2907 2908 249 2909 2910 
23 2911 2912 2913 2914 2915 2916 2917 8 2918 2919 54 2920 2921 2922 2923 2924 2925 2926 2927 2928 2929 2930 2931 
25 2932 2933 2934 2935 2936 2937 2938 2939 2940 2941 2942 2943 2944 8 2945 2946 2947 2948 2949 2950 2951 2952 2953 2954 2955 
29 2956 2957 2958 2959 2960 2961 2962 2963 2964 2965 2966 8 2967 2968 2969 2970 2971 2972 2973 2974 2975 2976 2977 2978 2979 2980 2981 2982 2983 
20 2984 2985 2986 2987 2988 2989 8 2990 2991 2992 2993 2994 2995 2996 2997 2998 2999 3000 3001 3002 
17 3003 3004 3005 3006 3007 3008 8 3009 3010 3011 3012 3013 3014 3015 3016 3017 3018 
20 3019 3020 3021 3022 3023 3024 3025 3026 8 3027 3028 3029 3030 3031 3032 3033 3034 3035 3036 3037 
26 3038 3039 3040 3041 3042 3043 3044 3045 3046 3047 3048 3049 8 3050 3051 3052 3053 3054 3055 3056 3057 3058 3059 3060 3061 3062 
11 3063 3064 3065 3066 3067 8 3068 3069 3070 3071 3072 
15 3073 3074 8 3075 3076 3077 3078 3079 3080 3081 3082 3083 3084 3085 3086 
22 3087 3088 3089 3090 3091 3092 3093 8 3094 3095 3096 3097 3098 3099 3100 3101 3102 3103 3104 1245 3105 3106 
28 3107 3108 3109 3110 3111 3112 3113 3114 3115 3116 8 3117 3118 3119 3120 3121 3122 3123 3124 3125 3126 3127 3128 3129 3130 3131 3132 3133 
17 3134 3135 3136 9 3137 3138 3139 3140 3141 3142 3143 3144 3145 3146 3147 3148 3149 
24 3150 3151 3152 3153 3154 3155 3156 3157 3158 9 3159 3160 3161 3162 3163 3164 3165 3166 2873 3167 3168 3169 3170 3171 
17 3172 3173 3174 3175 3176 3177 3178 9 1897 3179 3180 3181 3182 3183 3184 3185 3186 
21 3187 3188 3189 3190 3191 3192 3193 3194 3195 3196 3197 3198 9 3199 3200 3201 3202 3203 3204 3205 3206 
24 3207 3208 3209 3210 3211 3212 3213 3214 3215 3216 9 3217 3218 3219 3220 3221 3222 3223 3224 3225 3226 3227 3228 3229 
18 3230 3231 3232 3233 3234 3235 3236 3237 9 3238 3239 3240 3241 3242 3243 3244 3245 3246 
20 3247 1186 3248 3249 3250 3251 3252 3253 3254 3255 3256 3257 9 2543 3258 2787 3259 3260 3181 3261 
21 3262 3263 3264 3265 3266 3267 3268 9 3269 3270 3271 3272 3273 3274 3275 3276 1869 3277 3278 3279 3280 
23 3281 3282 3283 3284 3285 3286 3287 9 3288 3289 3290 3291 3292 3293 3294 3295 3296 3297 3298 3299 3300 3301 3302 
23 3303 3304 3305 3306 3307 3308 3309 3310 3311 9 3312 3313 3314 3315 3316 3317 3318 3319 3320 3321 3322 3323 3324 
13 3325 3326 3327 3328 422 9 3329 3330 3331 3332 3333 3334 3335 
21 3336 3337 3338 3339 3340 3341 3342 3343 3344 3345 3346 3347 1446 9 3348 3349 3350 3351 3352 3353 3354 
19 3355 3356 3357 3358 477 3359 3360 9 3361 3362 3363 3364 3365 3099 3366 3367 3368 3369 3370 
17 3371 3372 3373 3374 3375 3376 3377 3378 3379 3380 9 3381 3382 3383 3384 3385 3386 
20 3387 3388 3389 3390 3391 3392 3393 3394 3395 9 3396 3397 3398 3399 3400 3401 3402 3403 3404 3405 
15 3406 3407 3408 3409 3410 3411 3412 3413 9 3414 3415 3416 3417 3418 3419 
29 3420 3421 3422 3423 3424 3425 3426 3427 3428 3429 3430 3431 3432 9 3433 3434 3435 3436 3437 819 3438 3439 3440 3441 3442 3443 3444 3445 3446 
21 3447 3448 3449 3450 3451 3452 3453 3454 3455 9 3456 3457 3458 1730 3459 3460 1687 3461 3462 3463 3464 
23 3465 3466 3467 3468 3469 3470 3471 9 3472 3473 3474 3475 3476 3477 3478 3479 3480 3481 3482 956 3483 3484 3485 
13 3486 3487 3488 3489 9 3490 3491 3492 3493 3494 3495 3496 3497 
16 3498 3499 3500 3501 3502 3503 3504 3505 3506 9 3507 3508 3509 3510 3511 3512 
18 3513 3514 3515 3516 3517 3518 3519 3520 3521 9 3522 3523 3524 3525 3526 3527 3528 3529 
18 3530 3531 3532 3533 3534 3535 3536 9 3537 3538 3539 3540 3541 3542 3543 3544 3545 1956 
35 3546 3547 3548 3549 3550 3551 3552 3553 3554 3555 3556 3557 3558 10 3559 3560 3561 3562 2606 3563 3564 3565 3566 3567 3568 3569 3570 3571 3572 3573 3574 3575 3576 2011 3577 
22 3578 3579 3580 3581 3582 3583 3584 3585 10 3586 3587 3588 3589 3590 3591 3592 3593 3594 3595 3596 3597 3598 
23 3599 3600 3601 3602 3603 3604 2082 3605 3606 10 3607 3608 3609 3610 3611 3612 3613 3614 246 3615 3616 3617 3618 
26 3619 3620 3621 3622 3623 3624 3625 3626 3627 3628 3629 3630 10 3631 3632 3633 3634 3635 3636 3637 3638 3639 3640 3641 3642 3643 
24 3644 3645 3646 3647 3648 3649 3650 3651 3652 3653 3654 3655 3656 3657 3658 10 3659 3660 3661 731 3662 3663 3664 3665 
19 3666 3667 3668 3669 3670 3671 3672 3673 3674 10 3675 3676 3677 3678 3679 3680 3681 3682 3683 
24 3684 3685 3686 3687 3688 3689 3690 3691 3692 3693 3694 10 33 3695 3696 3697 3698 3699 3700 3701 3702 3703 3704 3705 
19 3706 3707 3708 3709 3710 3711 10 3712 3713 3714 3715 3716 3717 3718 3719 3720 3721 3722 3723 
18 3724 3725 3726 3727 3728 3729 3730 3731 10 3732 3733 3734 3735 3736 730 3737 3738 3739 
20 3740 3741 3742 3743 3744 3745 10 3746 3747 3748 3749 3750 3751 3752 3753 3754 3755 3756 3757 3758 
24 3759 3760 3761 3762 3763 3764 3765 3766 3767 25 3768 3769 3770 10 1764 3771 3772 3773 3774 3775 3776 3777 3778 3779 
19 3780 3781 3782 3783 3784 3785 3786 3787 3788 10 3789 3790 3791 3792 3793 3794 3795 3796 3797 
19 3798 3799 3800 3801 3802 3803 3804 3805 10 3806 3807 3808 3809 3810 3811 3812 3813 3814 3815 
21 3816 3817 3818 3819 3820 3821 10 1621 3822 3823 3824 3825 3826 3827 3828 3829 3830 3831 3832 3833 3834 
23 3835 3836 3837 3838 3839 3840 3841 10 3842 3843 3844 3845 3846 3847 3848 3849 3850 3851 3852 3853 3854 3855 3856 
20 1802 3857 3858 3859 3860 3861 10 3862 3863 3864 3865 3866 3867 3868 3869 3870 3871 3872 3873 3874 
16 3875 3876 3877 3878 3879 3880 3881 3882 11 3883 3884 3885 3886 3887 3888 3889 
22 3890 3891 3892 3893 11 3894 3895 3896 3897 3898 3899 3900 3901 3902 3903 3904 3905 3906 3907 3908 3909 3910 
20 3911 3912 3913 3914 3915 3916 11 3917 3918 3919 3920 3921 3922 3923 3924 3925 3926 3927 3928 3929 
17 3930 3931 3932 3933 3934 3935 3936 3937 11 3938 3939 3940 3941 3942 3943 3944 3945 
14 3946 3947 3948 3949 3950 3951 11 3952 3953 3954 3955 3956 3957 3958 
23 3959 3960 3961 3962 3963 3964 3965 3966 3967 3968 3969 11 3970 3971 2047 3972 3973 3974 3975 3976 3977 2536 3978 
18 3979 3980 3981 3982 3983 3984 3985 11 3986 3987 3988 3989 3990 3991 3992 3993 3994 3995 
17 3996 3997 3998 3999 4000 4001 4002 11 4003 4004 4005 4006 4007 4008 4009 4010 4011 
17 4012 4013 4014 4015 4016 4017 11 4018 4019 4020 4021 4022 4023 4024 2330 4025 4026 
23 4027 4028 4029 4030 4031 4032 4033 4034 4035 4036 4037 4038 11 4039 4040 4041 3314 2859 4042 4043 4044 4045 4046 
31 4047 4048 4049 4050 4051 4052 4053 4054 4055 4056 4057 4058 4059 11 4060 4061 4062 4063 4064 4065 4066 4067 4068 4069 4070 4071 4072 4073 4074 4075 4076 
21 4077 4078 4079 4080 4081 4082 4083 4084 4085 4086 4087 11 4088 4089 4090 301 4091 4092 4093 4094 717 
15 4095 4096 4097 4098 3674 11 4099 4100 4101 4102 4103 4104 4105 4106 4107 
19 4108 4109 4110 4111 4112 4113 4114 4115 4116 4117 4118 11 4119 4120 4121 4122 4123 4124 4125 
15 4126 4127 4128 4129 4130 11 4131 4132 4133 4134 4135 4136 4137 4138 4139 
23 4140 4141 4142 4143 4144 4145 4146 4147 4148 4149 4150 11 4151 4152 4153 4154 4155 4156 4157 4158 4159 4160 3132 
23 4161 4162 4163 4164 4165 4166 4167 4168 4169 4170 4171 4172 12 4173 4174 4175 4176 4177 4178 4179 4180 4181 4182 
14 4183 4184 4185 4186 4187 4188 4189 4190 4191 12 4192 4193 4194 4195 
19 4196 4197 4198 4199 4200 4201 4202 4203 4204 4205 4206 4207 4208 12 4209 4210 4211 4212 4213 
23 4214 4215 4216 4217 4218 4219 4220 4221 4222 4223 4224 4225 4226 4227 4228 4229 12 4230 4231 4232 4233 4234 4235 
18 4236 4237 4238 4239 4240 4241 4242 4243 4244 4245 4246 12 4247 4248 4249 4250 4251 4252 
24 4253 4254 4255 4256 4257 3691 4258 4259 4260 4261 4262 4263 4264 4265 4266 12 4267 4268 4269 4270 4271 4272 4273 2892 
19 4274 4275 4162 4276 4277 4278 4279 4280 4281 4282 4283 4284 12 4285 4286 4287 4288 4289 4290 
24 4291 4292 4293 4294 4295 4296 4297 4298 4299 4060 4300 4301 1238 4302 4303 4304 12 4305 4306 4307 4308 4309 4310 4311 
24 4312 4313 4314 4315 4316 4317 4318 4319 4320 4321 4322 4323 4324 4325 4326 12 4327 4328 4329 4330 4331 4332 4333 4334 
14 4335 4336 4337 4338 4339 4340 4341 4342 4343 4344 12 4345 4346 4347 
23 4348 4349 4350 4351 4352 4353 1776 4354 4355 4038 4356 4357 4358 4359 1493 4360 4361 4362 12 4363 4364 4365 4366 
22 4367 4368 4369 4370 4371 4372 4373 4374 4375 445 2565 4376 4377 4378 4379 12 4380 4381 4382 4383 4384 4385 
27 4386 4387 4388 4389 4390 4371 4391 4392 4393 4394 4395 4396 4397 4398 4399 4400 4401 4402 4403 4404 12 4405 4406 4407 4408 4409 4410 
18 4411 4412 4413 2523 4414 4415 4416 4417 4418 12 4419 4420 2810 4421 4422 4423 4424 4425 
26 4426 4427 4428 4429 4430 4431 4432 4433 4434 4435 4436 4437 4438 4439 4440 4441 4442 12 4443 4444 4445 4446 4447 4448 4449 4450 
28 4451 4452 4453 4454 4455 4456 4457 4458 4459 4460 4461 4462 4463 4464 4465 4466 4467 4468 12 4469 4470 4471 4472 4473 4474 4475 4476 4477 
22 4478 4479 4480 4481 4482 397 4483 4484 4485 4486 1944 4487 4488 4489 12 4490 4491 4492 4493 4494 4495 2817 
12 4496 4497 4498 4499 4500 4501 4502 4503 4504 4505 12 4506 
22 4507 4508 4509 4510 4511 4512 4513 4514 4515 4516 4517 4518 4519 4520 12 4521 4522 4523 4524 4525 4526 4527 
18 4528 4529 4530 4531 4532 4533 4534 4535 4536 4537 4538 12 4539 4540 4541 4542 4543 4544 
17 4545 4546 4547 4548 4549 4550 4551 4552 4553 4554 4555 4556 4557 12 4558 3385 4559 
17 4560 4561 4562 4563 4564 4565 4566 4567 4568 4569 4570 4571 4572 4573 13 4574 4575 
26 4576 4577 4578 4579 4580 4581 4582 4583 3535 4584 4585 4586 4587 4588 4589 4590 4591 13 4592 4593 4594 4595 4596 4597 4598 4599 
25 4600 4601 4602 4603 4604 4605 4606 4607 4608 4609 4610 2666 4611 4612 4613 13 4614 4615 4616 4617 4618 4619 4620 4621 4622 
29 4623 4624 4625 4626 4627 4628 4629 4630 4631 4632 4633 4634 4635 4636 4637 4638 4639 4640 13 1883 4641 4642 4643 4644 4645 4646 4647 4648 4649 
17 4650 4651 4652 4653 4654 4655 4656 4657 4658 2921 3773 13 4659 4660 4661 4662 4663 
17 4664 1206 4665 4666 4667 4668 4669 4670 4671 4362 4672 4673 13 4674 4675 4676 4677 
20 4678 4679 4680 4681 4682 4683 4684 4685 4686 4687 4688 4689 4690 1153 4691 4692 13 4693 4694 4695 
18 4696 4697 3212 4698 4699 4700 4701 4702 4703 4704 4705 4706 4707 4708 4709 13 4710 4711 
18 4712 4713 4714 4715 4716 4717 4718 4719 4720 4721 4722 4723 4724 4725 4726 13 4727 4728 
26 4729 4730 4731 4732 4733 4734 4735 4736 4737 4738 4739 4740 4741 4742 4743 4744 4745 4746 4747 4748 4749 13 4750 4751 4752 4753 
24 4754 4755 4756 4757 4758 4759 4760 4761 4762 4763 4764 4765 4766 4767 4768 4769 13 4770 4771 4772 4773 4774 4775 4776 
23 4777 4778 4779 4780 4781 4782 4783 4784 4785 4786 4787 4788 4789 4790 4791 4792 13 4793 4794 4795 4796 4797 4798 
25 4799 4800 4801 4802 4803 4804 4805 4806 4807 4808 183 4809 4810 4811 4812 4813 4814 4815 4816 4817 13 4818 4819 4820 4821 
27 4822 4823 4824 4825 4826 4827 4828 4829 1598 4830 4831 4832 4833 4834 4835 1429 4836 4837 4838 4839 4840 4841 4842 4843 13 4844 4845 
21 4846 4847 4848 4849 4850 4851 4852 4853 4854 4855 13 4856 4857 4858 4859 4860 4861 4862 4863 4864 4865 
17 4866 4867 4868 4869 4870 4871 146 4872 4873 4874 4875 4876 4877 4878 13 4879 4880 
15 4881 4882 4883 4884 4885 4886 4887 4888 13 4889 4890 4891 4892 4893 4894 
34 4895 4896 4897 2219 4898 4899 2280 4900 4901 4902 4903 4904 4318 4905 4906 4907 4908 4909 4910 4911 4912 4913 4914 4915 4916 14 4917 4918 4919 4920 4921 4922 4923 4924 
18 4925 4926 4927 4928 4929 4930 4931 4932 4933 4934 4935 14 4936 4937 1478 4938 4939 4940 
21 4941 4942 4943 4944 4945 4946 4947 4948 4949 4950 4951 4952 4953 4954 4955 4956 14 4957 4958 4959 4960 
19 4961 4962 4963 4964 4965 4966 419 115 4967 4968 4503 4969 4970 4971 4972 4973 14 4974 4975 
17 4976 4977 4978 4979 4980 4981 4982 4983 4984 4985 14 4986 4987 4988 4989 4990 4991 
19 4992 4993 4994 4995 4512 4996 4997 4998 4999 5000 5001 14 5002 5003 5004 5005 5006 5007 5008 
20 5009 5010 5011 5012 5013 5014 5015 5016 5017 5018 5019 5020 5021 5022 5023 5024 14 5025 5026 5027 
22 5028 5029 5030 5031 5032 5033 5034 5035 4016 5036 5037 14 5038 5039 5040 5041 5042 5043 5044 5045 5046 5047 
19 5048 5049 5050 5051 5052 5053 5054 5055 4099 5056 5057 5058 5059 5060 5061 889 14 5062 5063 
15 5064 5065 5066 5067 5068 5069 5070 5071 5072 5073 14 5074 5075 5076 5077 
24 5078 5079 5080 5081 5082 5083 5084 5085 2705 5086 5087 5088 5089 5090 5091 5092 14 3594 5093 5094 5095 5096 5097 5098 
18 5099 3039 5100 5101 5102 5103 5104 5105 5106 5107 5108 5109 5110 14 5111 5112 5113 5114 
15 5115 5116 5117 5118 5119 5120 5121 5122 5123 14 5124 5125 5126 5127 5128 
19 5129 5130 5131 5132 5133 5134 5135 5136 5137 5138 5139 14 5140 5141 5142 5143 5144 5145 5146 
26 5147 5148 5149 5150 1282 5151 5152 5153 5154 5155 5156 5157 5158 5159 5160 14 5161 5162 5163 5164 5165 2477 5166 3279 5167 5168 
23 5169 5170 5171 5172 5173 5174 5175 5176 5177 5178 5179 5180 5181 5182 5183 4672 14 5184 5185 5186 2515 5187 5188 
20 5189 5190 5191 5192 5193 5194 5195 1855 5196 4998 5197 5198 5199 5200 14 5201 1497 5202 5203 5204 
36 5205 5206 5207 5208 5209 5210 5211 5212 1444 5213 5214 5215 5216 5217 2250 5218 5219 5220 4816 5221 5222 5223 5224 5225 14 5226 5227 5228 5229 662 5230 5231 5232 5233 5234 5235 
25 5236 5237 5238 5239 5240 5241 5242 5243 5244 5245 5246 5247 5248 5249 5250 3737 5251 5252 14 5253 4793 5254 5255 5256 1677 
15 5257 1517 5258 5259 5260 5261 5262 5263 5264 5265 1050 5266 15 5267 5268 
28 5269 5270 5271 5272 5273 5274 5275 5276 5277 5278 5279 5280 5281 5282 5283 5284 5285 5286 595 5287 5288 5289 15 5290 5291 5292 5293 5294 
20 5295 5296 5297 5298 5299 5300 5301 5302 5303 5304 5305 5306 5307 5308 15 5309 5310 5311 5312 5313 
24 5314 5315 5316 5317 5318 5319 5320 5321 5322 5323 5324 2563 5325 5326 5327 5328 5329 15 5330 5331 5332 5333 5334 5335 
11 5336 5337 2915 5338 5339 3460 15 5340 5341 5342 5343 
24 5344 5345 5346 5347 5258 5348 5349 5350 5351 5352 5353 5354 5355 2565 5356 4361 5357 5358 5359 15 5360 5361 5362 5363 
26 496 5364 5365 5366 1539 5367 5368 5369 5370 5371 5372 5373 5374 1945 5375 5376 5377 5378 5379 5380 15 5381 5382 5383 5384 5385 
21 5386 5387 5388 5389 5390 5391 5392 5393 5394 5395 5396 5397 5398 5399 5400 5401 15 5402 5403 5404 5405 
27 5406 5407 5408 5409 5410 5411 5412 5413 5414 5415 5416 5417 4948 5418 5419 5420 5421 5422 5423 5424 15 5425 5426 5427 5428 5429 5430 
21 5431 5432 5433 5434 5435 5436 5437 5438 5439 5440 1967 5441 5442 5443 5444 15 5445 5446 5447 5448 5449 
19 5450 5451 5452 5453 5454 5455 5456 5457 5458 4360 5459 5460 5461 5462 5463 15 5464 5465 5466 
12 5467 5468 5469 5470 5471 5472 5473 5474 15 5475 5476 5477 
22 5478 5479 5480 5481 5482 5483 5484 5485 5486 5487 5488 5489 5490 5491 5492 5493 16 5494 1395 5495 5496 3280 
27 5497 5498 5499 5500 5501 5502 5503 5504 2410 5505 5506 5507 5508 5509 5510 5511 5512 5513 2007 5514 5515 5516 16 5517 5518 5519 5520 
17 1481 5521 5522 5523 5524 5525 5526 5527 5528 5529 16 5530 5531 5532 5533 5534 5535 
28 5536 5537 5538 5539 5540 5541 5542 5543 5544 5545 5546 5547 5548 5549 5550 5551 2186 5552 5553 5554 16 5555 5556 5557 5558 5559 716 5560 
21 5561 5562 5563 5564 5565 5566 5567 5568 479 5569 5570 5571 5572 16 5573 5361 5574 5575 5576 5577 5578 
21 5579 5580 5581 5582 5583 4150 5584 5585 5586 5587 5588 5589 5590 5591 5592 5593 5594 5595 16 2518 2132 
18 5596 5597 5598 5599 2434 5600 5601 5602 5603 5604 5605 5606 5607 5608 5609 5610 2328 16 
15 5611 5612 5613 5614 5615 5616 5617 5618 5619 5620 5621 5622 5623 16 5624 
19 5625 5626 5627 5628 5629 5630 5631 5632 5633 5634 5635 5636 5637 5638 5639 5640 16 5641 5642 
23 5643 5644 5645 4369 5646 5647 5648 5649 5650 5651 5652 5653 1406 5654 5655 5656 16 5657 5658 5659 5660 5661 5662 
19 5663 5664 5665 5666 5667 5668 5669 5670 5671 5672 5673 5674 5675 5676 16 5677 5678 5679 5680 
26 5681 5682 5683 5684 5685 5686 5687 2560 5688 5689 5690 5691 5692 5693 5694 5695 608 5696 16 5697 5698 5699 5700 5701 5702 5703 
15 5704 5705 5706 5707 5708 5709 5710 4042 5711 5712 16 5713 5714 5715 1276 
24 5716 5717 5718 5719 5720 5721 5722 5723 5724 5725 5726 5727 5728 5729 5730 16 5731 5732 5733 5734 5735 5736 5737 105 
24 5738 3207 5739 5740 5741 5742 5743 5744 5745 5746 5747 5748 5749 4324 5750 5751 5752 5753 16 4156 5754 5755 5756 5757 
24 5758 5759 5760 5761 5762 5763 5764 5765 5766 5767 5768 5769 5770 5771 5772 5289 5773 5774 16 5775 5776 5777 5778 5779 
23 5780 5781 3648 5782 5783 5784 5785 5786 5787 5788 5789 5790 5791 5792 5793 5794 5795 5796 16 5797 5798 5799 5800 
21 5801 5802 5803 5804 5805 5806 5807 5808 5809 5810 5811 5812 5813 5814 5815 16 5816 5817 5818 5819 5820 
19 5821 5822 5823 5824 5825 5826 5827 5828 5829 5830 5831 5832 5833 5834 16 5835 5836 5837 5838 
26 5839 5840 5841 5842 5843 5844 5845 551 5846 5847 5848 5849 208 5850 5851 5852 5853 5854 5855 16 5856 5857 5858 5859 5860 5861 
28 5862 5863 5864 5865 5866 5867 5868 5869 5870 5871 5872 5873 5874 5875 5876 5877 5878 5879 5880 5881 16 5882 5883 5884 5885 5886 5887 5888 
14 5889 5890 5891 5892 5893 5894 5895 5896 5897 5898 5899 1547 16 5900 
3 354 16 343 
1 16 
2 4826 16 
3 5614 4948 17 
1 17 
2 5151 17 
1 17 
2 5412 17 
4 2963 4902 1971 17 
1 17 
1 17 
1 17 
1 17 
4 3435 686 1369 17 
2 2668 17 
1 17 
1 17 
4 1461 5263 4836 17 
3 4400 5061 17 
1 17 
1 17 
3 1381 3414 17 
1 18 
1 18 
2 3535 18 
1 18 
1 18 
1 18 
1 18 
1 18 
3 5585 4617 18 
3 5794 18 3909 
2 4609 18 
4 5130 2617 3429 18 
1 18 
1 18 
2 522 18 
3 3363 761 18 
2 2279 18 
2 18 304 
2 4363 18 
1 19 
3 3632 19 4894 
1 19 
2 558 19 
6 111 3689 3553 656 19 2426 
6 497 4089 3699 1508 3940 19 
2 2197 19 
1 19 
2 4193 19 
2 304 19 
4 1008 917 4747 19 
2 3118 19 
3 4847 4990 19 
1 19 
1 19 
1 19 
2 19 3943 
3 2405 1899 19 
5 1919 3791 1157 608 20 
2 5118 20 
3 1540 5486 20 
2 5689 20 
2 4862 20 
2 2636 20 
1 20 
2 3061 20 
1 20 
1 20 
1 20 
1 20 
2 526 20 
2 20 1222 
3 787 2435 20 
2 2853 20 
4 983 2901 3976 20 
4 5803 5066 2693 20 
2 3736 20 
1 20 
1 20 
2 4095 20 
3 905 4694 20 
4 2596 1499 823 20 
4 3249 5060 3927 20 
1 20 
2 2311 20 
2 440 20 
1 20 
3 1664 1332 20 
2 4051 20 
2 2943 21 
3 2563 4287 21 
3 4652 3484 21 
5 1127 2527 749 229 21 
1 21 
3 4530 3535 21 
1 21 
2 34 21 
1 21 
1 21 
2 3614 21 
4 1606 5591 2150 21 
3 5300 5672 21 
2 1470 21 
4 1487 4089 5855 21 
4 3684 5705 4225 21 
1 21 
1 21 
1 21 
1 21 
2 3476 22 
2 4132 22 
1 22 
1 22 
1 22 
4 254 5361 22 2291 
1 22 
1 22 
3 168 4438 22 
2 5325 22 
1 22 
1 22 
2 1631 22 
1 22 
2 2260 22 
1 22 
1 22 
3 115 5374 22 
1 22 
1 22 
3 3499 4300 22 
1 22 
1 22 
1 23 
3 23 4568 2991 
2 23 2065 
4 23 5483 390 2550 
1 23 
3 23 1084 5691 
2 23 3626 
3 23 837 5138 
3 23 2914 224 
1 23 
1 23 
2 23 4156 
3 23 4966 4180 
3 5208 23 5049 
2 23 4849 
1 23 
1 24 
3 24 2439 4300 
2 24 5894 
3 24 4600 5878 
4 3150 24 4585 847 
1 24 
1 24 
1 24 
1 24 
3 24 4058 1179 
3 24 1844 3858 
2 4777 24 
3 24 4861 2575 
3 24 5523 1922 
1 24 
1 24 
2 24 103 
1 24 
2 745 25 
1 25 
5 25 1620 4464 843 4476 
1 25 
3 4353 25 2693 
2 25 3320 
2 25 170 
1 25 
2 286 25 
4 5321 2825 25 5263 
3 2934 25 3681 
2 3934 25 
4 4665 25 3850 4176 
1 25 
1 25 
2 4391 25 
4 2540 25 4441 1931 
2 25 2788 
3 25 4304 2736 
3 25 4397 3607 
1 25 
3 639 25 4087 
2 25 2652 
2 5029 25 
2 25 715 
3 3343 26 276 
2 350 26 
3 26 3796 4595 
5 4199 26 1827 3614 5232 
1 26 
3 26 4727 3481 
2 26 2238 
2 26 842 
1 26 
2 26 3865 
1 26 
3 1267 26 1650 
2 26 1628 
1 26 
2 26 5430 
1 26 
2 4566 26 
2 3622 26 
1 26 
2 27 1016 
2 3503 27 
3 1721 3782 27 
1 27 
2 50 27 
1 27 
1 27 
3 27 627 340 
4 27 3770 2287 1899 
2 27 5401 
3 547 27 1590 
3 27 375 3570 
2 27 3968 
4 2821 27 2449 5233 
4 2371 27 1915 3366 
3 27 1270 1373 
1 27 
3 27 1914 1868 
5 27 2918 1534 1810 2332 
2 3651 27 
1 27 
3 2175 28 5092 
2 28 3352 
2 1263 28 
2 28 3880 
1 28 
3 1843 3235 28 
2 28 3225 
2 28 1529 
3 3997 28 1607 
1 28 
1 28 
5 1098 5565 29 525 5486 
1 29 
2 4961 29 
2 29 1712 
3 29 301 636 
5 5890 2639 29 1394 5039 
2 29 2254 
1 29 
3 2537 29 4459 
2 29 3872 
2 29 2529 
3 348 5627 29 
1 29 
2 3422 29 
1 30 
1 30 
2 1983 30 
2 30 4752 
1 30 
2 2137 30 
3 3742 30 5178 
1 30 
2 2156 30 
2 30 999 
1 30 
3 2368 1233 30 
1 30 
2 30 2670 
1 30 
2 30 3510 
4 30 2704 820 2426 
2 2898 30 
1 30 
1 30 
2 30 5879 
3 30 4918 5799 
2 31 5039 
1 31 
2 31 2126 
4 1693 31 4554 4520 
3 898 31 3903 
3 4429 31 2306 
2 31 4441 
3 3378 31 636 
3 2643 1619 31 
2 31 763 
2 31 4015 
3 4052 31 890 
3 271 31 990 
1 31 
1 31 
1 32 
3 5210 32 4538 
1 32 
3 32 3719 4385 
2 32 1211 
1 32 
2 32 3058 
1 32 
2 32 2105 
2 32 1300 
4 363 122 32 293 
1 32 
1 32 
2 32 1859 
2 32 3795 
2 32 633 
2 5469 32 
3 33 3510 764 
2 33 4892 
2 33 3061 
1 33 
1 33 
4 2058 3725 33 4951 
1 33 
2 33 4723 
2 33 1275 
1 33 
3 33 4326 5836 
3 33 2183 4160 
2 522 33 
2 856 33 
2 3655 33 
2 743 33 
1 33 
4 3150 5869 33 3572 
2 33 613 
3 33 4102 932 
1 33 
4 551 3535 590 33 
3 3329 34 2313 
2 34 2671 
3 2861 34 492 
1 34 
3 4370 2440 34 
1 34 
2 5299 34 
2 2598 34 
4 3948 1876 34 4160 
1 34 
2 5717 34 
1 34 
2 2731 34 
1 34 
1 34 
4 1357 857 2704 34 
4 5759 34 2184 3299 
1 34 
1 34 
3 349 4144 34 
1 34 
1 34 
1 34 
2 34 5092 
2 34 4447 
4 5177 34 3367 268 
2 34 3098 
1 34 
1 34 
3 34 5529 2423 
1 34 
1 34 
2 4131 34 
1 34 
1 35 
2 1291 35 
4 3764 35 4271 5186 
2 5849 35 
3 1429 2528 35 
3 2964 35 3062 
2 5824 35 
2 35 3642 
2 35 4661 
3 35 5327 2476 
1 35 
1 35 
2 35 3383 
2 4057 35 
3 2467 35 2815 
5 3344 3433 317 35 5144 
2 35 1000 
2 4434 35 
3 35 4365 892 
3 5013 3507 35 
1 35 
3 769 35 2213 
1 35 
2 865 35 
1 36 
3 5598 36 1460 
4 36 4538 2632 3907 
1 36 
1 36 
1 36 
2 5394 36 
3 36 4327 2953 
1 36 
4 2763 5685 36 3145 
3 2092 3583 36 
3 4849 36 5096 
1 36 
1 36 
3 4033 36 3855 
1 36 
3 3669 5193 36 
1 36 
2 4650 36 
1 36 
3 36 3145 495 
2 285 36 
5 1187 2581 5118 36 208 
2 36 4940 
3 5633 36 59 
1 36 
2 3236 37 
1 37 
2 3997 37 
2 4253 37 
2 3784 37 
2 3584 37 
2 37 4044 
4 3647 4132 37 1158 
3 37 1838 104 
3 189 37 4235 
3 185 37 3977 
2 37 2611 
1 37 
3 1398 37 5853 
3 5760 4719 37 
1 37 
3 1072 37 2676 
2 2073 37 
2 5244 37 
1 38 
4 1423 1130 38 1511 
1 38 
2 38 630 
2 1818 38 
4 471 4606 38 1797 
1 38 
1 38 
1 38 
3 5582 397 38 
2 2528 38 
1 38 
2 38 2572 
3 786 38 1811 
2 38 5622 
3 3877 38 5291 
2 3766 38 
5 4730 1240 3811 38 4769 
2 3039 38 
1 38 
1 38 
2 38 341 
1 38 
3 592 4813 38 
5 615 3074 38 1077 3483 
1 38 
1 38 
1 39 
1 39 
3 1544 39 692 
1 39 
3 3689 2176 39 
1 39 
1 39 
1 39 
2 39 3545 
1 39 
5 2553 3502 4829 4296 39 
3 5338 4982 39 
3 1569 4812 39 
2 1014 39 
2 39 3975 
1 39 
1 39 
1 39 
2 2071 39 
3 988 753 40 
2 377 40 
1 40 
3 5664 40 5405 
3 1018 5377 40 
2 4703 40 
2 5437 40 
4 2885 3031 40 4181 
2 40 5697 
2 2969 40 
3 1687 40 3618 
3 2366 4063 40 
2 40 1478 
1 40 
1 40 
2 4553 40 
2 3491 40 
2 1429 40 
2 1470 40 
2 40 2400 
1 40 
2 4112 41 
1 41 
1 41 
1 41 
1 41 
3 1362 1410 41 
3 2878 4630 41 
1 41 
3 4926 5136 41 
3 1030 41 105 
1 41 
3 4277 2023 41 
4 3337 3294 174 41 
3 3263 577 41 
2 839 41 
1 41 
3 1605 386 41 
2 4141 41 
2 41 3227 
1 41 
1 41 
2 1177 42 
1 42 
3 1290 2073 42 
3 4882 2439 42 
3 1963 5107 42 
1 42 
1 42 
1 42 
2 2400 42 
2 444 42 
2 2563 42 
4 2062 4504 821 42 
3 2881 3488 42 
2 4301 42 
3 2897 503 42 
2 473 42 
3 1401 3276 42 
2 3955 42 
1 42 
3 457 3974 42 
1 42 
1 42 
2 3594 42 
5 2199 5084 4814 42 2355 
3 5170 2919 42 
2 2777 42 
2 43 3561 
2 43 4918 
4 43 1480 4831 628 
2 43 652 
2 43 2644 
1 43 
4 43 5743 1386 1786 
3 43 4100 3367 
1 43 
5 43 5538 2828 1211 2876 
1 43 
2 43 694 
4 43 4349 3658 4676 
1 43 
2 43 5786 
1 43 
4 43 4786 4346 1304 
1 43 
3 43 1428 5046 
2 43 1125 
3 43 3305 3951 
2 44 1522 
3 2429 44 4764 
2 44 5057 
5 44 3966 4207 2085 3722 
1 44 
2 44 4260 
1 44 
3 44 4322 4855 
2 44 2996 
2 44 2508 
4 44 1114 3519 3354 
2 44 5527 
2 44 2137 
2 44 2008 
5 1224 44 2505 259 1490 
2 44 594 
2 44 2213 
3 44 689 4333 
1 44 
3 44 2050 4178 
1 44 
1 45 
3 45 4465 3596 
3 45 587 3885 
1 45 
1 45 
1 45 
1 45 
4 45 3783 4873 3825 
3 45 4748 954 
5 5822 45 1142 385 3317 
4 45 3960 2097 3806 
1 45 
2 45 5240 
3 45 1541 4661 
2 45 5678 
3 45 2777 2202 
1 45 
2 45 124 
2 2820 46 
2 46 1792 
1 46 
4 46 5322 1741 355 
3 46 3959 1554 
2 46 5328 
1 46 
1 46 
3 2339 46 2272 
2 46 4593 
2 46 3565 
2 46 3011 
2 46 5576 
3 46 1234 1731 
2 46 1765 
1 46 
1 46 
1 46 
2 46 634 
3 47 1154 1766 
1 47 
2 47 4501 
5 47 1168 1135 2205 1203 
3 5031 47 5027 
1 47 
2 47 1656 
2 47 3977 
1 47 
2 47 3137 
1 47 
4 47 115 4608 1489 
2 47 5172 
1 47 
2 47 4005 
1 47 
2 47 3503 
4 47 4977 3783 5751 
1 47 
1 47 
2 47 1179 
3 4547 47 904 
1 47 
3 47 2975 176 
3 47 2803 1397 
1 47 
2 47 5637 
2 48 1197 
1 48 
5 48 1115 2643 2760 1370 
4 1481 48 3195 2511 
1 48 
2 48 1118 
1 48 
1 48 
1 48 
4 48 1779 2417 5163 
1 48 
2 48 2284 
2 48 1291 
1 48 
2 1226 48 
2 49 4923 
1 49 
1 49 
2 49 1169 
1 49 
1 49 
1 49 
3 49 1048 5795 
2 49 379 
1 49 
2 49 3155 
1 49 
2 49 3643 
3 786 49 2368 
6 5598 49 1997 1543 3405 1222 
2 49 595 
1 49 
1 49 
2 49 4248 
3 49 5548 4334 
2 49 5119 
1 49 
4 49 3190 1490 4076 
2 2155 49 
4 3531 49 1991 570 
5 49 5469 1502 687 5267 
1 49 
1 49 
3 3764 49 4186 
4 2154 50 3810 4939 
2 50 1554 
2 50 5414 
1 50 
2 50 355 
1 50 
2 50 2700 
1 50 
2 50 1713 
1 50 
4 2640 50 780 5253 
3 50 1759 5616 
5 515 4140 50 3383 1203 
1 50 
5 1322 50 3361 790 1498 
1 50 
2 5274 50 
1 50 
2 50 3144 
1 50 
2 50 3385 
3 1775 50 2260 
3 50 4700 1414 
1 51 
2 51 3334 
1 51 
2 51 816 
2 51 1703 
3 51 1214 2208 
3 51 5282 2022 
1 51 
1 51 
1 51 
2 51 4863 
4 5012 51 2097 4644 
1 51 
2 51 3104 
1 52 
2 52 98 
2 52 4284 
2 52 1334 
3 3858 52 4559 
3 2081 2039 52 
3 4411 52 3403 
4 982 4688 52 5005 
3 1915 52 4766 
3 270 52 4540 
1 52 
2 52 4271 
2 52 1214 
1 52 
1 52 
1 52 
3 2490 52 1163 
1 52 
1 52 
1 52 
2 53 3368 
1 53 
3 4650 53 1435 
2 53 5463 
1 53 
2 53 1511 
2 3091 53 
4 1780 53 4633 5204 
3 2869 53 3464 
4 3038 3554 53 2808 
1 53 
2 53 737 
2 53 2119 
3 2156 53 4640 
1 53 
3 53 5894 4660 
3 2901 53 764 
4 5478 53 3677 2127 
1 53 
2 3489 53 
4 3603 54 2771 2999 
2 5827 54 
2 2320 54 
2 442 54 
1 54 
2 54 5774 
3 2486 54 1275 
1 54 
3 1483 5084 54 
3 4350 54 4248 
3 3307 54 5677 
5 4254 1210 54 5679 2550 
1 54 
3 3338 54 1869 
2 3915 54 
1 55 
2 3762 55 
5 547 3172 2727 55 1834 
3 5279 3768 55 
2 55 2723 
2 2680 55 
2 55 2714 
1 55 
1 55 
2 3535 55 
1 55 
2 4552 55 
2 55 3105 
2 2820 55 
2 2822 55 
2 55 1509 
1 56 
4 1779 3119 2509 56 
2 885 56 
3 962 5597 56 
1 56 
5 4650 4576 2281 3253 56 
2 965 56 
3 2854 3363 56 
1 56 
2 56 3567 
2 56 3591 
1 56 
2 1876 56 
2 56 873 
1 57 
5 4664 397 57 3170 3277 
1 57 
1 57 
3 741 4313 57 
2 57 2518 
2 57 4711 
2 2538 57 
3 57 5900 5114 
2 936 57 
3 3220 57 4841 
1 58 
2 4323 58 
1 58 
4 2432 5152 58 5800 
3 58 5287 2791 
4 4667 905 58 1714 
4 2740 3988 2023 58 
1 58 
3 2017 5439 58 
1 58 
1 58 
1 58 
1 59 
2 3150 59 
2 2119 59 
2 3331 59 
2 240 59 
2 933 59 
1 59 
2 59 5855 
5 363 4169 1965 59 4990 
3 728 3970 59 
2 59 3402 
2 59 2834 
1 59 
2 59 3368 
3 1824 59 1057 
2 60 5026 
1 60 
2 4966 60 
1 60 
2 936 60 
6 978 3984 2918 60 3081 3910 
1 60 
1 60 
1 60 
1 60 
3 2293 60 3386 
1 60 
1 60 
2 828 60 
3 3192 5353 60 
3 462 60 953 
1 60 
1 60 
2 2634 60 
2 1238 60 
1 61 
3 5855 61 4025 
2 164 61 
4 3687 61 5495 717 
3 5501 1566 61 
4 3259 2981 61 3071 
2 5068 61 
1 61 
1 61 
1 61 
5 4130 5673 2003 3052 61 
1 61 
1 61 
2 960 61 
2 5833 61 
2 3139 61 
1 61 
5 1324 2624 1495 61 1981 
1 61 
5 936 4031 1016 4988 61 
2 4061 61 
1 62 
2 239 62 
4 5416 3196 62 2891 
4 4408 3144 62 3323 
3 1240 62 2289 
2 1092 62 
3 863 602 62 
3 3671 62 2334 
3 5017 1969 62 
4 1305 1032 1053 62 
1 62 
2 3952 62 
2 4176 62 
1 62 
1 62 
1 62 
2 5136 62 
3 376 989 62 
2 3368 63 
2 889 63 
2 2950 63 
3 2410 63 974 
2 4618 63 
3 2214 63 2314 
2 4503 63 
1 63 
2 63 4137 
3 2707 5426 63 
2 572 63 
4 2085 4813 927 63 
1 63 
3 127 2026 63 
1 63 
3 220 1183 63 
3 2850 4345 63 
5 1209 3026 757 3614 63 
1 63 
1 63 
1 63 
1 63 
4 3095 1866 156 63 
3 5580 2811 63 
2 5764 64 
1 64 
2 2080 64 
1 64 
2 5654 64 
2 1476 64 
1 64 
5 4780 3522 2859 2271 64 
1 64 
2 3536 64 
1 64 
4 3671 2720 3273 64 
1 64 
4 4946 1924 5900 64 
2 5743 64 
1 65 
2 65 538 
1 65 
2 65 3216 
2 65 1357 
3 65 507 1375 
1 65 
2 65 4452 
4 65 2294 1432 530 
2 65 2269 
3 65 4513 4259 
1 65 
2 65 4311 
5 65 4426 623 1087 5019 
2 65 294 
1 65 
1 66 
2 66 3917 
1 66 
2 66 5471 
2 66 265 
1 66 
1 66 
3 66 4086 3562 
2 66 5810 
1 66 
3 66 3583 2056 
2 66 4631 
4 66 2881 830 5292 
6 66 672 2201 4721 972 5166 
6 66 1966 3363 4377 1690 3815 
3 66 3317 5428 
2 66 4670 
1 66 
1 66 
1 66 
3 66 4902 2659 
1 66 
3 66 607 1864 
2 66 5056 
2 66 5528 
2 66 2307 
3 1736 66 870 
2 67 1214 
3 67 3620 4552 
2 67 5303 
1 67 
2 67 5106 
4 67 3762 2788 2054 
3 67 3410 5357 
2 67 5562 
4 67 1851 2941 5507 
1 67 
4 67 3764 4912 3027 
1 67 
1 67 
2 67 4854 
2 67 2079 
2 67 1903 
2 67 4487 
3 68 3218 1018 
3 68 1787 3677 
3 68 4081 1201 
1 68 
1 68 
2 68 4979 
2 68 3620 
3 68 5070 1612 
4 68 3341 1938 2181 
1 68 
2 68 392 
1 68 
2 68 1044 
2 68 2905 
1 68 
3 68 1850 3257 
1 69 
1 69 
1 69 
1 69 
3 1438 69 3950 
1 69 
1 69 
5 5498 69 3635 1769 136 
4 5064 69 1927 2839 
2 69 3463 
1 69 
3 5116 69 146 
4 2775 69 3650 3966 
2 1535 69 
1 69 
1 69 
2 69 1834 
3 69 5222 3381 
1 69 
4 1266 70 652 4864 
3 5078 70 3393 
1 70 
2 70 4950 
1 70 
2 70 812 
2 2114 70 
4 70 1850 3790 1789 
3 3449 70 2415 
1 70 
2 3764 70 
4 1736 4730 5892 70 
3 70 1569 317 
3 962 1539 70 
2 70 3105 
3 4214 70 1541 
2 70 530 
2 5579 70 
2 1267 70 
1 70 
1 70 
1 70 
2 70 3025 
2 70 2010 
2 71 325 
3 71 4873 4890 
4 1482 71 5306 2533 
3 71 1543 1513 
3 4625 71 5008 
3 2171 860 71 
2 3192 71 
1 71 
2 4140 71 
2 71 2104 
2 71 4341 
1 71 
1 71 
5 3421 3949 71 5544 552 
5 282 1842 2058 71 83 
4 71 5790 5576 4798 
5 71 3120 3201 1594 957 
3 115 72 734 
3 2595 5121 72 
2 72 2630 
4 3969 72 3258 844 
4 5647 72 2477 1675 
1 72 
4 4631 5174 72 1750 
2 72 2216 
2 291 72 
1 72 
1 72 
4 4546 4278 72 5650 
3 812 72 3680 
2 72 3218 
1 72 
4 5407 4166 72 3509 
3 72 4342 1026 
4 3892 5214 72 1507 
1 72 
2 72 2044 
2 5788 72 
1 73 
2 73 1460 
2 2830 73 
4 1984 2465 73 2127 
3 741 73 102 
1 73 
1 73 
2 4301 73 
2 73 5290 
2 73 872 
4 675 73 247 803 
2 73 4710 
3 73 5471 4075 
4 2071 73 1270 3993 
2 2540 73 
1 73 
3 1063 73 4103 
2 73 1634 
1 74 
3 1342 74 4888 
4 74 2977 2980 2192 
2 2320 74 
2 2094 74 
2 74 76 
1 74 
4 1580 74 1550 268 
2 1853 74 
3 4720 169 74 
1 74 
2 2204 74 
2 3892 74 
1 74 
2 74 1454 
1 74 
1 74 
2 74 1451 
2 74 3723 
1 74 
1 74 
1 74 
3 3361 2665 74 
3 696 1420 74 
3 3209 321 75 
2 5868 75 
1 75 
5 5781 3486 2068 75 3322 
2 75 5885 
2 2729 75 
1 75 
2 5758 75 
1 75 
5 1996 407 75 2532 804 
3 2959 3505 75 
3 4322 75 4877 
3 1501 75 4177 
3 5273 75 5124 
2 75 1930 
3 1252 75 2857 
1 75 
6 252 5049 3292 75 5833 798 
1 75 
4 856 2746 76 4075 
3 284 963 76 
2 1383 76 
4 2559 1089 3537 76 
2 2086 76 
3 76 1795 5734 
3 2878 4216 76 
4 3748 408 76 2132 
3 2750 76 2337 
3 944 4569 76 
4 4203 889 76 997 
2 76 5331 
2 76 4329 
3 223 3076 76 
3 4712 4784 76 
3 76 1201 5333 
2 5591 76 
3 5016 76 267 
3 2341 1018 76 
3 4732 77 386 
1 77 
2 1473 77 
3 1543 77 1000 
2 5192 77 
2 3165 77 
1 77 
1 77 
3 4203 77 1415 
3 350 5589 77 
2 77 1111 
2 77 4330 
6 741 1066 3467 3967 3434 77 
1 77 
4 1384 4084 4932 77 
2 78 3141 
3 2556 1643 78 
2 2176 78 
4 3817 89 270 78 
1 78 
2 1802 78 
3 5388 78 1837 
1 78 
4 875 78 4045 2842 
1 78 
1 78 
1 78 
1 78 
1 78 
2 3047 78 
2 543 78 
1 78 
2 93 78 
1 78 
3 5760 78 3831 
2 78 533 
2 1351 79 
1 79 
1 79 
1 79 
4 3806 276 1370 79 
4 365 2720 79 5776 
4 909 2448 1372 79 
2 5367 79 
4 1384 1502 989 79 
4 769 79 3276 3229 
1 79 
2 5653 79 
4 3734 3717 79 303 
2 1861 79 
4 3650 2663 2101 79 
2 1444 79 
5 2278 4298 5751 79 5659 
4 5592 2921 1576 79 
1 79 
3 1005 918 79 
3 5147 5643 79 
1 79 
2 4462 79 
2 4532 79 
2 4468 79 
1 79 
3 4471 80 2147 
2 2666 80 
2 2547 80 
1 80 
3 4538 80 2333 
4 1188 5104 2749 80 
2 2038 80 
2 2341 80 
4 4536 779 1369 80 
3 2186 2214 80 
2 5134 80 
2 3801 80 
1 80 
1 80 
3 2461 80 4249 
4 2304 80 1552 2150 
2 80 3873 
1 80 
3 2719 5160 80 
2 1444 81 
2 81 2551 
1 81 
3 4486 4706 81 
1 81 
2 3223 81 
1 81 
1 81 
2 1695 81 
1 81 
3 4359 525 81 
2 4140 81 
1 81 
2 4423 81 
3 4214 81 1397 
1 81 
1 82 
3 5148 82 4599 
3 5214 247 82 
2 1885 82 
2 82 1735 
2 2444 82 
1 82 
1 82 
1 82 
4 4401 823 2813 82 
4 2068 405 4133 82 
3 1721 544 82 
1 82 
2 5894 82 
2 3273 82 
1 82 
2 1329 82 
2 2928 82 
1 82 
1 83 
3 4281 5695 83 
1 83 
2 5041 83 
2 591 83 
2 473 83 
4 5831 5654 194 83 
2 5472 83 
3 1695 3268 83 
2 83 3995 
2 2317 83 
2 5107 83 
2 5803 83 
3 2585 508 83 
1 83 
1 83 
2 426 83 
2 5354 83 
1 83 
2 1436 83 
3 4678 5548 83 
3 3951 1748 84 
2 5109 84 
1 84 
3 4054 1963 84 
1 84 
3 4169 3137 84 
1 84 
2 1515 84 
1 84 
3 2171 5638 84 
3 3388 3330 84 
1 84 
2 4344 84 
2 84 5313 
4 1987 4928 507 84 
1 84 
1 84 
2 2617 84 
2 1835 84 
2 5336 84 
4 3249 939 5855 84 
3 5180 5252 84 
1 84 
2 4775 84 
1 85 
3 2207 2610 85 
2 3888 85 
1 85 
4 3068 3031 85 392 
1 85 
2 5016 85 
2 101 85 
2 2954 85 
4 2156 145 3329 85 
2 85 2876 
4 1756 2787 2475 85 
1 85 
1 85 
1 85 
2 1402 85 
4 5547 5691 4877 85 
3 3197 269 85 
2 86 4654 
2 86 134 
3 86 4533 4437 
2 86 1826 
1 86 
1 86 
2 86 126 
2 86 4887 
2 86 5114 
3 86 796 175 
1 86 
2 86 5043 
2 86 1292 
2 86 4706 
1 86 
3 87 586 2392 
2 87 3018 
5 87 3423 4977 1588 1623 
1 87 
2 87 4467 
1 87 
3 87 2103 104 
2 87 3274 
1 87 
3 87 4078 3595 
2 87 1031 
1 87 
2 87 2524 
1 87 
2 87 2598 
1 87 
2 87 4254 
3 87 4790 5515 
2 87 5824 
2 87 550 
2 87 1012 
3 87 1142 5777 
4 87 3934 3916 3900 
1 87 
2 87 2090 
1 87 
1 87 
2 88 5708 
3 88 517 1607 
1 88 
3 88 1937 3655 
2 88 3165 
4 88 5845 5871 1806 
1 88 
1 88 
1 88 
2 88 4823 
3 88 175 1934 
3 88 2375 927 
1 88 
3 88 4463 5792 
3 88 4097 5488 
2 88 1600 
3 89 1368 1304 
2 89 5249 
2 89 5436 
1 89 
1 89 
3 89 917 2812 
1 89 
4 4386 89 3064 3774 
1 89 
1 89 
2 2742 89 
3 89 3607 4283 
2 1636 89 
2 89 5328 
3 89 3286 1404 
3 89 2096 5374 
1 90 
3 2057 90 4092 
2 90 5371 
2 90 4684 
3 90 4014 1671 
1 90 
2 90 130 
5 90 1015 4377 5399 5098 
4 90 5850 2627 4753 
2 90 4223 
1 90 
5 3583 90 3660 1858 4422 
4 2635 90 191 5757 
3 90 3700 928 
2 933 90 
3 90 2099 2472 
1 90 
2 90 1345 
1 90 
3 90 5068 5377 
1 90 
2 90 5460 
2 2194 91 
2 91 1025 
5 2618 91 223 2183 3085 
1 91 
2 5536 91 
4 1113 3948 91 969 
2 91 1068 
6 2172 91 4718 5018 5710 3958 
2 91 3083 
1 91 
2 91 5088 
5 4731 4871 91 3851 2029 
3 860 91 5692 
3 1323 91 3559 
4 2895 91 4283 4954 
3 1364 91 1967 
2 91 4905 
1 91 
2 915 91 
3 3109 91 4702 
1 91 
2 1485 91 
2 91 5229 
2 745 91 
1 91 
3 3838 91 4385 
2 91 4840 
2 91 4648 
3 1519 92 196 
1 92 
2 92 2007 
2 92 2888 
2 1725 92 
3 92 3160 4105 
1 92 
1 92 
3 92 533 3300 
4 5413 92 753 2105 
1 92 
1 92 
1 92 
1 92 
2 93 2498 
1 93 
3 744 93 4540 
2 5645 93 
2 93 3106 
1 93 
3 93 4585 3367 
2 4513 93 
3 2178 93 1163 
2 4199 93 
2 1681 93 
4 499 93 2669 3775 
2 93 2628 
1 93 
4 2964 93 4378 2786 
2 93 2692 
2 93 2999 
1 93 
6 3685 1098 2366 93 5037 1354 
4 3876 93 1654 2929 
3 3666 2506 93 
3 1520 3237 93 
3 2556 729 93 
3 93 3292 3031 
1 93 
2 94 2423 
3 94 2628 1395 
2 94 541 
2 94 463 
1 94 
1 94 
1 94 
1 94 
1 94 
3 1364 94 1337 
3 1313 94 4489 
1 94 
3 1445 94 4225 
3 4900 94 2978 
2 94 267 
2 4739 94 
1 94 
2 1763 94 
2 94 611 
1 94 
2 94 1548 
3 4028 94 3850 
1 94 
3 94 2208 1300 
1 94 
2 94 1245 
2 3949 94 
2 94 532 
3 165 94 1094 
1 94 
2 94 4923 
2 94 3246 
2 94 3398 
1 94 
2 5017 95 
4 645 4168 95 1124 
2 95 5880 
1 95 
1 95 
4 4630 4458 95 5531 
1 95 
4 2344 95 5040 5293 
4 237 95 4362 2493 
1 95 
2 1599 95 
2 3549 95 
1 95 
1 95 
1 95 
1 96 
1 96 
1 96 
1 96 
1 96 
1 96 
2 96 2257 
5 160 96 5110 5025 5798 
3 2601 2084 96 
3 523 96 362 
1 96 
1 96 
1 96 
2 96 1320 
4 2195 96 5460 2009 
2 5050 96 
1 96 
3 4514 3966 96 
2 97 4138 
2 4906 97 
1 97 
2 5300 97 
1 97 
2 3080 97 
2 97 532 
3 1049 529 97 
1 97 
1 97 
4 140 3877 4790 97 
2 363 97 
5 2893 3124 97 2459 5008 
1 97 
3 97 3901 466 
2 4343 97 
2 97 1260 
3 3962 4835 97 
1 97 
2 1346 97 
3 97 4384 5006 
2 5498 97 
3 4021 97 1475 
2 97 487 
1 97 
1 97 
2 1730 97 
1 97 
3 2678 98 4231 
3 1723 4786 98 
2 1330 98 
2 3608 98 
2 3654 98 
3 4897 98 5292 
1 98 
2 2101 98 
3 229 3899 98 
2 276 98 
1 98 
1 98 
1 98 
1 98 
1 98 
2 3377 98 
1 98 
1 98 
2 98 3833 
1 98 
2 98 180 
1 99 
3 2246 4166 99 
2 3521 99 
1 99 
4 2957 4582 99 4693 
2 99 4180 
3 1639 832 99 
3 3508 99 3143 
3 5326 1157 99 
2 1292 99 
4 2769 1789 99 279 
1 99 
3 1213 99 3402 
1 99 
3 312 99 4211 
2 4976 99 
3 4947 5851 99 
3 5807 99 2333 
3 4737 2898 99 
2 4077 99 
1 99 
1 99 
3 2179 99 4137 
4 5257 5317 5209 99 
4 5644 4313 99 1201 
2 3478 99 
2 563 100 
2 1422 100 
1 100 
2 2521 100 
3 3123 1650 100 
1 100 
2 4652 100 
1 100 
5 5150 5214 2349 100 999 
2 3075 100 
2 3802 100 
2 4412 100 
4 5388 3457 3295 100 
2 1470 100 
2 989 100 
1 100 
1 100 
1 100 
4 2777 3295 2051 100 
1 100 
4 3605 1194 100 5800 
2 3651 100 
3 4504 100 5233 
3 5802 2807 100 
4 283 1804 2803 100 
2 888 100 
4 2198 4555 100 1904 
4 4758 5379 100 1380 
2 181 100 
2 101 2131 
1 101 
3 5671 3564 101 
1 101 
3 4601 4485 101 
3 1145 101 2456 
2 5118 101 
2 5592 101 
2 101 4235 
2 4651 101 
3 4869 1033 101 
3 1143 818 101 
1 101 
1 101 
3 4683 1236 101 
1 101 
4 5220 5330 101 3944 
2 1785 101 
2 5368 101 
2 5896 102 
2 4961 102 
2 2163 102 
1 102 
2 2788 102 
1 102 
2 2742 102 
2 1567 102 
2 1046 102 
2 4777 102 
1 102 
1 102 
2 5212 102 
7 5318 5784 4318 102 4328 1417 2718 
1 102 
2 3610 102 
2 202 102 
4 4277 5648 3716 102 
1 102 
3 894 102 2132 
2 2001 102 
2 102 4923 
1 102 
2 1310 102 
1 102 
2 1288 102 
3 1753 3240 103 
3 620 1395 103 
1 103 
3 5011 2659 103 
1 103 
3 839 4837 103 
2 4231 103 
2 4083 103 
4 439 2796 5323 103 
2 5213 103 
2 4613 103 
3 1464 1606 103 
2 3791 103 
1 103 
3 1432 103 785 
2 5331 103 
4 830 4945 738 103 
2 2897 103 
1 103 
3 2420 5728 103 
3 5178 4362 103 
2 2666 104 
2 1319 104 
4 1249 5626 104 4960 
3 1046 3471 104 
2 183 104 
1 104 
2 1898 104 
4 878 1234 2125 104 
4 5364 1484 3507 104 
1 104 
1 104 
1 104 
3 5211 1717 104 
2 3559 104 
2 705 105 
1 105 
2 1441 105 
1 105 
3 1751 2908 105 
3 906 1038 105 
1 105 
2 1767 105 
1 105 
4 1943 1549 105 4477 
4 2240 2243 3494 105 
4 5844 1699 4233 105 
2 1390 105 
3 606 1811 105 
4 5411 2412 3242 105 
1 105 
2 2242 105 
2 4727 105 
1 106 
2 5252 106 
1 106 
4 2293 3378 4302 106 
2 1363 106 
1 106 
1 106 
1 106 
2 3786 106 
3 1151 1073 106 
2 4142 106 
2 2215 106 
3 3670 2883 106 
2 3423 106 
3 2765 4746 106 
4 2085 4121 4862 106 
2 585 106 
4 1422 4927 1078 106 
1 106 
1 106 
1 106 
3 2012 5197 106 
5 5318 287 1487 2050 106 
2 5570 106 
2 107 3376 
2 107 4511 
2 107 2898 
4 107 566 887 3228 
1 107 
1 107 
2 107 3123 
1 107 
3 107 4279 3794 
3 107 4456 3844 
1 107 
2 107 2213 
1 107 
3 1561 107 3538 
1 107 
2 107 3131 
4 107 405 2789 1576 
4 107 4297 2900 4811 
2 108 4455 
2 108 3309 
4 1004 108 110 2473 
2 108 998 
4 108 569 1669 1074 
1 108 
2 108 5002 
2 108 2998 
2 108 2378 
1 108 
2 108 5043 
2 108 2033 
4 108 5151 3627 5618 
2 108 3164 
2 108 2387 
3 4077 109 3884 
1 109 
2 109 5025 
1 109 
3 109 1386 1645 
5 4338 109 1781 2708 5549 
3 109 2307 2671 
1 109 
4 536 109 2649 4176 
3 1516 109 771 
2 109 4643 
3 109 1824 4934 
3 2520 109 1979 
2 109 2202 
3 109 2866 1330 
2 109 5191 
3 109 1776 626 
3 109 4722 653 
3 109 5283 4711 
4 285 109 1570 5376 
1 109 
3 2773 109 3333 
1 109 
3 109 4833 5305 
1 109 
2 1439 109 
2 109 2973 
3 1774 110 4097 
3 2240 110 1904 
1 110 
2 110 351 
2 110 2009 
3 110 5742 851 
2 110 5810 
4 110 5567 1291 4991 
3 110 2180 911 
1 110 
3 110 1448 3751 
3 936 110 5044 
1 110 
2 1661 110 
3 110 1032 1864 
1 110 
1 110 
1 110 
2 110 5473 
7 5130 2793 110 2145 891 692 3485 
3 1228 110 1570 
2 110 2121 
4 110 1405 2951 3317 
1 110 
2 111 5330 
3 251 111 4768 
2 111 5638 
1 111 
1 111 
1 111 
2 4294 111 
2 111 2336 
3 5890 111 3279 
2 4081 111 
2 111 4152 
4 5612 111 4034 5743 
2 111 3380 
3 5131 111 4690 
2 111 5085 
1 111 
2 111 5265 
3 111 3377 4324 
2 5646 111 
2 5050 111 
2 111 502 
1 111 
3 2195 112 2102 
1 112 
4 112 5790 2510 2108 
5 112 4184 5762 2102 3845 
1 112 
4 2933 3248 112 3526 
4 1958 4799 112 5112 
1 112 
1 112 
1 112 
2 112 268 
1 112 
1 112 
1 112 
3 112 553 4211 
1 112 
1 112 
3 112 1896 4597 
4 5320 3742 112 3567 
4 112 5467 3468 2532 
3 112 428 1025 
1 112 
3 4697 113 4114 
3 113 4819 5313 
1 113 
1 113 
1 113 
2 5664 113 
3 113 2510 4304 
3 113 1271 4382 
1 113 
3 113 1254 3810 
2 113 922 
3 113 4485 5881 
1 114 
2 114 3574 
1 114 
2 114 4773 
2 114 1551 
3 114 3532 342 
2 251 114 
2 114 1117 
1 114 
1 114 
3 114 3588 971 
2 114 2770 
1 114 
3 114 523 2354 
1 114 
3 3515 1209 114 
1 114 
3 419 114 136 
2 115 4328 
4 2113 115 5847 1174 
2 115 1270 
2 115 4399 
2 115 2665 
1 115 
2 115 5492 
1 115 
1 115 
2 3042 115 
2 115 5235 
1 115 
2 115 1576 
2 115 3382 
3 588 115 5154 
3 2173 115 1303 
3 2487 115 5769 
2 115 4834 
3 2864 115 5622 
4 115 3459 389 3462 
2 115 5121 
2 637 115 
2 1228 115 
2 116 3165 
1 116 
3 3306 116 1625 
2 116 2499 
1 116 
3 1440 1083 116 
2 116 2658 
1 116 
1 116 
2 116 5637 
2 116 5569 
2 116 5229 
1 116 
5 288 116 5551 3353 4269 
1 116 
2 116 205 
2 116 3418 
3 116 5281 533 
5 1565 4220 116 1974 4750 
2 116 1212 
2 116 5575 
3 2225 116 5417 
3 3803 116 1488 
2 117 3184 
3 117 922 3220 
2 117 4486 
4 3487 1568 117 1498 
2 117 5046 
1 117 
2 117 1882 
1 117 
2 4731 117 
2 117 4816 
2 117 3700 
4 1991 117 5458 4770 
1 117 
2 4014 117 
2 117 4690 
1 117 
3 4081 117 2287 
2 117 851 
1 117 
1 118 
1 118 
1 118 
1 118 
1 118 
2 118 5723 
1 118 
2 5791 118 
3 119 3738 3385 
4 4266 119 797 1834 
1 119 
3 988 572 119 
1 119 
2 3093 119 
5 5597 3287 5650 529 119 
1 119 
1 119 
1 119 
2 1731 119 
1 119 
1 119 
2 2160 119 
2 3155 119 
1 119 
1 119 
2 119 4575 
1 119 
1 120 
1 120 
1 120 
2 120 2166 
1 120 
1 120 
1 120 
1 120 
2 1693 120 
2 5415 120 
2 120 2673 
4 2936 5242 2471 120 
2 3388 120 
2 5563 120 
2 3918 120 
1 120 
4 4163 836 120 805 
2 120 4476 
1 120 
1 120 
2 121 4428 
2 121 362 
1 121 
2 121 2849 
1 121 
3 121 5543 2723 
3 121 283 1226 
2 121 5387 
3 121 5467 2106 
1 121 
2 121 5311 
2 121 1365 
2 121 3285 
3 121 2689 969 
1 121 
1 121 
4 121 4899 2076 2907 
5 121 4081 5673 4954 3849 
1 121 
4 1841 121 5585 666 
2 121 4721 
4 121 3307 5697 5732 
4 121 4413 349 577 
1 121 
2 4451 122 
2 876 122 
1 122 
3 122 4625 4939 
2 122 1140 
1 122 
3 122 288 4892 
4 122 377 5832 4594 
2 122 5162 
1 122 
2 122 3915 
3 454 122 831 
3 4215 122 641 
1 122 
1 122 
2 122 3479 
3 122 2539 1601 
1 122 
2 122 3349 
2 122 5051 
2 122 1541 
3 122 528 3459 
1 122 
2 122 4834 
4 122 5648 3772 4662 
1 122 
2 122 5421 
2 122 4444 
2 122 2017 
1 122 
1 122 
2 122 1920 
1 123 
4 123 5156 1575 4138 
3 123 3192 3142 
1 123 
2 123 5356 
3 1422 123 5298 
1 123 
4 123 2973 685 4796 
1 123 
1 123 
1 123 
3 123 2395 3184 
2 123 1767 
2 2154 123 
1 123 
3 123 3202 1671 
2 123 680 
5 123 3985 1402 3479 265 
1 123 
2 2594 123 
1 123 
2 123 5342 
3 3647 123 5490 
2 124 4793 
1 124 
2 124 3634 
2 124 1087 
3 124 2308 4753 
1 124 
1 124 
2 124 1057 
3 5562 124 4021 
1 124 
2 124 1883 
2 4650 124 
2 124 3574 
1 124 
2 5741 124 
2 1816 124 
3 2318 124 5861 
1 124 
1 125 
1 125 
2 4336 125 
2 125 4921 
3 125 3051 889 
2 125 1836 
1 125 
4 5541 125 884 4009 
3 1113 125 4526 
3 2242 125 2268 
3 963 125 5473 
2 125 4058 
3 125 4320 4893 
1 125 
4 125 3200 3417 266 
2 125 3665 
1 125 
3 287 1131 125 
1 125 
2 126 2179 
4 1986 126 3013 5796 
5 4237 5336 2848 2869 126 
2 226 126 
3 5626 126 1705 
2 126 2589 
1 126 
2 397 126 
3 675 126 750 
2 126 557 
1 126 
3 126 3895 3793 
3 1470 126 2259 
3 1383 126 3352 
2 4925 126 
3 4053 126 5233 
2 202 126 
2 127 555 
3 1133 127 5676 
3 4167 127 2444 
3 127 1433 487 
1 127 
3 5315 127 4225 
2 164 127 
1 127 
1 127 
1 127 
3 1563 4111 127 
2 5759 127 
2 4081 127 
5 3857 440 127 3559 1092 
3 1581 127 2805 
1 127 
2 128 777 
2 5758 128 
3 2966 2748 128 
3 1515 128 1838 
1 128 
3 4277 3520 128 
3 4079 1483 128 
3 4411 128 293 
3 4454 3729 128 
3 3932 128 5397 
4 395 273 838 128 
1 128 
4 224 128 275 4423 
1 128 
2 4577 128 
3 2893 3532 128 
4 4126 5568 128 3942 
4 5787 128 5771 2922 
2 128 5640 
4 5052 128 4065 752 
2 2749 128 
1 128 
2 128 465 
1 128 
1 129 
1 129 
2 5438 129 
1 129 
2 129 717 
1 129 
3 5033 3539 129 
2 129 4440 
4 3731 3238 129 1628 
1 129 
2 129 3125 
2 2901 129 
3 2525 4038 129 
2 4568 129 
1 129 
2 129 4105 
1 129 
2 130 2479 
3 4412 1399 130 
3 5175 130 386 
1 130 
5 4964 644 130 1707 5797 
2 4993 130 
3 130 2948 2976 
3 4214 130 1898 
3 3946 130 3081 
1 130 
1 130 
1 130 
2 181 130 
1 130 
2 3688 130 
2 130 4659 
2 1661 130 
3 5802 130 732 
1 130 
2 131 3992 
1 131 
2 131 5659 
1 131 
4 3089 337 131 1653 
3 1776 131 5225 
1 131 
1 131 
3 5867 5183 131 
3 3532 131 5712 
3 3669 131 3272 
2 131 1201 
1 131 
1 131 
3 1760 131 5730 
3 1842 1828 131 
1 131 
2 1400 131 
2 5542 131 
3 697 131 3856 
1 131 
2 132 1182 
4 3451 1764 132 3145 
3 4080 368 132 
3 4760 5727 132 
1 132 
2 552 132 
3 1014 5751 132 
2 5612 132 
1 132 
3 962 591 132 
2 858 132 
1 132 
1 132 
2 132 4174 
2 3880 132 
4 5406 2175 2766 132 
1 132 
2 132 4620 
2 132 493 
1 132 
2 132 5466 
1 132 
2 3780 132 
2 2894 132 
4 2321 3429 132 4917 
3 2060 132 1298 
3 4826 2990 133 
1 133 
1 133 
2 133 1549 
1 133 
3 2296 133 1459 
5 2078 1562 236 3865 133 
2 3818 133 
3 318 133 4711 
3 1827 133 2790 
3 574 133 3910 
3 638 2173 133 
2 133 4327 
2 2394 133 
2 5650 133 
2 2710 133 
2 133 737 
3 4208 3792 134 
4 1936 4874 5709 134 
1 134 
4 1101 4504 3125 134 
1 134 
2 134 4194 
3 5319 134 4025 
1 134 
1 134 
1 134 
1 134 
4 4253 4301 134 5885 
2 2417 134 
2 134 5446 
1 134 
2 1831 134 
4 475 4357 380 134 
2 3636 134 
2 5450 135 
2 5619 135 
2 5140 135 
2 2927 135 
2 4094 135 
2 1010 135 
2 3216 135 
2 135 5231 
1 135 
4 652 577 4042 135 
2 261 135 
2 135 3910 
3 1232 5788 135 
2 2172 135 
1 135 
2 135 2675 
2 135 5820 
2 3578 135 
1 135 
3 5297 1102 135 
1 135 
1 135 
1 135 
7 2879 2823 4698 4906 5304 2044 135 
2 136 1579 
4 1540 4245 1258 136 
1 136 
1 136 
3 2409 1100 136 
1 136 
2 4670 137 
1 137 
2 1098 137 
1 137 
2 1466 137 
2 3484 137 
3 649 2810 137 
2 137 5778 
2 4486 137 
2 137 5535 
2 137 5187 
2 489 137 
2 3235 137 
5 5324 4441 3827 5556 137 
1 137 
2 1143 138 
1 138 
4 4806 2037 1746 138 
2 3001 138 
3 2850 3098 138 
2 5747 138 
2 1480 138 
2 4686 138 
3 2555 3678 138 
5 1566 5895 5508 2573 138 
2 1488 138 
1 138 
1 138 
2 4532 138 
1 138 
1 138 
1 138 
1 138 
3 5152 2891 138 
2 5125 138 
3 139 962 4177 
1 139 
2 139 4234 
2 139 704 
1 139 
2 139 2124 
3 5314 139 2649 
2 139 3454 
1 139 
2 139 1967 
2 139 2285 
2 139 1081 
2 5536 139 
3 140 3251 2188 
3 140 4115 5145 
2 140 1350 
1 140 
5 140 3068 2001 911 853 
3 140 3379 2783 
1 140 
1 140 
1 140 
2 140 5502 
4 140 3255 2778 3711 
1 140 
1 140 
2 140 1830 
5 140 3073 164 1671 3870 
4 140 1310 2035 488 
3 140 3255 2150 
3 140 2669 5737 
2 140 1141 
1 140 
2 141 2213 
1 141 
2 141 5484 
3 141 2065 3217 
1 141 
3 141 4986 5838 
3 141 4970 3294 
2 141 4872 
2 141 4821 
1 141 
4 141 2007 957 3464 
1 141 
3 141 5412 2551 
2 141 4909 
2 141 2006 
4 141 1070 3717 4232 
1 141 
3 141 2731 226 
2 141 1246 
2 141 1741 
2 141 1605 
1 141 
3 141 685 3940 
2 141 5324 
3 141 5278 229 
1 141 
1 142 
3 914 142 1109 
2 142 528 
2 142 1110 
2 142 2718 
1 142 
2 142 480 
2 142 4685 
1 142 
4 142 863 3768 4519 
2 142 3555 
4 1421 5101 142 5728 
2 142 3202 
2 3578 142 
1 142 
3 3624 142 1160 
1 142 
3 142 3735 3244 
1 142 
3 142 4003 3906 
2 142 1346 
1 142 
3 142 4765 3827 
3 1522 142 3964 
2 3266 143 
1 143 
2 143 5696 
2 143 4647 
2 4276 143 
2 2522 143 
2 2407 143 
3 2744 143 1239 
1 143 
1 143 
2 143 378 
3 143 1119 4979 
2 2961 143 
2 143 5419 
2 143 1476 
1 143 
3 143 1254 206 
3 5498 143 4500 
2 639 144 
1 144 
2 144 3140 
3 144 2310 5857 
3 3628 144 5650 
2 144 2181 
2 2869 144 
2 144 3311 
6 2522 2867 144 3361 1069 3678 
2 144 5401 
1 144 
2 3235 144 
2 159 144 
3 3388 144 5492 
2 144 5560 
4 863 144 3633 1670 
2 144 5215 
6 4626 1486 813 145 5021 3822 
3 4315 145 2718 
1 145 
3 145 1290 840 
1 145 
2 145 2122 
1 145 
3 3154 145 793 
2 145 3415 
1 145 
2 1805 145 
2 4219 145 
2 145 3473 
3 1207 145 2758 
2 218 145 
4 3964 146 1920 2568 
2 146 2657 
2 146 1788 
2 146 3350 
3 146 2074 842 
4 2136 146 1975 578 
2 146 5072 
2 146 2151 
5 146 379 4842 2588 1077 
1 146 
2 4371 146 
2 146 3512 
3 146 3750 1335 
1 146 
3 146 2420 5294 
2 2096 146 
1 146 
1 146 
2 147 4231 
1 147 
2 147 5179 
3 3625 147 445 
2 274 147 
1 147 
3 4846 147 3872 
3 1169 147 533 
2 147 852 
1 147 
4 3196 238 147 1552 
2 147 2570 
2 147 4643 
2 147 3105 
2 3551 147 
1 147 
2 2698 147 
2 147 1613 
2 147 1835 
1 147 
3 4027 147 3574 
1 148 
6 3041 2245 3949 148 4919 3872 
2 148 481 
1 148 
4 2963 3411 148 2395 
1 148 
2 5084 148 
1 148 
2 3881 148 
2 1313 148 
2 148 2969 
2 394 148 
1 148 
2 5824 148 
4 3447 3766 148 3977 
1 148 
2 2600 148 
2 148 3831 
2 1225 148 
2 148 2216 
4 4113 148 3638 5046 
2 702 148 
2 148 1668 
1 148 
1 149 
3 1961 149 3568 
2 4829 149 
2 1471 149 
2 3803 149 
2 149 2855 
2 149 3015 
3 312 2936 149 
4 676 149 3678 1830 
1 149 
3 2555 149 3791 
1 149 
1 149 
3 2942 149 795 
1 149 
3 149 5831 4916 
2 149 4104 
3 2467 149 2193 
3 149 3988 4442 
2 149 956 
2 2600 149 
2 1439 149 
2 1854 149 
3 149 5329 3259 
5 3835 1439 3724 149 3141 
2 1189 149 
1 149 
2 5263 149 
3 3875 5668 150 
2 4933 150 
2 5211 150 
2 150 4157 
1 150 
1 150 
3 2660 150 5832 
2 438 150 
2 3625 150 
1 150 
1 150 
1 150 
2 150 883 
1 150 
3 3411 2159 150 
4 1081 3676 150 1832 
2 150 3825 
3 2743 150 4859 
2 150 3037 
1 151 
3 3621 3379 151 
2 151 5460 
3 5746 151 5476 
2 151 3036 
1 151 
4 3113 3559 151 3889 
1 151 
2 151 925 
1 151 
3 2521 151 3524 
2 3764 151 
2 2962 151 
1 151 
1 151 
3 1694 5760 151 
1 152 
1 152 
4 4962 152 3296 3205 
1 152 
2 152 3399 
1 152 
2 152 1379 
3 3109 152 1240 
2 1315 152 
1 152 
1 152 
2 152 4125 
4 1664 152 793 1839 
2 152 4596 
1 152 
1 152 
2 4041 152 
2 3007 152 
2 152 3002 
2 1070 153 
3 262 153 758 
2 153 3682 
2 2933 153 
3 2301 4782 153 
1 153 
1 153 
2 153 4855 
1 153 
2 1528 153 
2 153 4287 
1 153 
1 153 
2 2505 153 
3 4979 1194 153 
1 153 
1 153 
2 153 4660 
1 153 
2 3365 153 
2 604 153 
1 153 
3 153 5428 4937 
3 617 370 153 
2 676 153 
2 3095 154 
2 1743 154 
2 3408 154 
1 154 
1 154 
3 1664 2777 154 
3 4571 154 3446 
1 154 
2 1189 154 
1 154 
4 2787 5573 155 4575 
2 155 764 
3 1992 3115 155 
3 4681 1493 155 
2 4685 155 
2 3811 155 
1 155 
2 1913 155 
4 4561 1169 2602 155 
3 4876 155 4525 
2 1782 155 
2 3951 155 
2 1776 155 
1 155 
2 5289 156 
2 4154 156 
3 4829 2617 156 
1 156 
2 1067 156 
1 156 
3 2370 5056 156 
2 156 4025 
4 4564 3063 156 1245 
2 5370 156 
2 4415 156 
3 2744 156 663 
3 3472 170 156 
1 156 
2 4545 156 
1 156 
1 156 
4 4623 5663 156 1040 
5 1371 1108 2924 156 5004 
4 3134 1820 4125 156 
1 157 
1 157 
3 3026 1793 157 
1 157 
1 157 
2 5163 157 
2 3009 157 
1 157 
2 3075 157 
1 157 
1 157 
3 3450 356 157 
3 1113 3332 157 
2 157 1397 
2 5094 157 
1 157 
3 1987 2140 157 
2 1920 157 
3 2680 2587 157 
3 5664 4186 157 
1 157 
1 157 
1 157 
1 157 
2 157 2149 
2 157 212 
1 157 
4 158 3741 3272 3106 
1 158 
1 158 
3 158 1641 942 
1 158 
2 158 1199 
3 158 2863 3157 
3 1514 158 2980 
3 158 2462 5421 
3 158 4602 1964 
3 158 1208 1022 
5 158 2635 704 5708 715 
3 4238 158 3318 
3 3996 158 4887 
1 158 
2 158 5259 
4 159 457 1150 632 
1 159 
1 159 
2 159 4084 
2 159 2885 
4 159 985 2379 4213 
1 159 
3 159 4444 3140 
1 159 
2 159 3862 
3 159 3936 1807 
1 159 
2 159 3744 
2 159 5107 
4 159 4165 5617 2165 
4 2315 159 1724 1504 
1 159 
2 159 4834 
2 159 3571 
1 159 
2 1127 159 
3 5130 159 5764 
3 160 1098 5756 
2 3518 160 
1 160 
1 160 
1 160 
1 160 
2 160 4206 
1 160 
2 4736 160 
2 160 164 
1 160 
2 160 3251 
4 2338 160 5350 2471 
1 160 
2 160 5566 
1 161 
1 161 
1 161 
4 3249 161 4286 997 
1 161 
4 161 2462 1387 1178 
1 161 
1 161 
2 963 161 
3 1207 161 2921 
2 161 1677 
2 161 5266 
3 161 5241 3823 
3 4497 161 2515 
3 161 5458 1397 
3 161 2831 2475 
1 161 
3 4032 161 5789 
2 3021 161 
1 161 
2 162 296 
1 162 
3 1461 3651 162 
1 162 
1 162 
2 162 241 
1 162 
2 162 3443 
1 162 
4 4548 1265 162 2701 
3 4514 162 2796 
3 1322 162 1411 
1 162 
3 2339 162 1136 
1 162 
2 4560 162 
2 162 1585 
1 162 
2 162 542 
1 162 
2 162 825 
2 2137 162 
2 162 1544 
1 163 
1 163 
3 4736 163 3900 
1 163 
1 163 
4 163 541 2872 2737 
4 721 3501 163 3830 
2 163 1837 
2 163 2585 
1 163 
2 2057 163 
1 163 
2 163 2106 
1 163 
2 163 2836 
1 163 
2 163 1872 
2 164 5743 
3 2245 164 3830 
5 3190 164 5608 387 1656 
2 164 4116 
4 2773 4497 164 3183 
2 164 5159 
2 164 1117 
3 4881 164 3958 
4 164 2783 2789 3973 
3 3762 164 5511 
2 164 1337 
2 164 1401 
4 5272 1189 164 2979 
1 164 
1 164 
1 165 
2 165 820 
2 165 5572 
1 165 
2 2843 165 
1 165 
2 165 1623 
2 165 4288 
3 5032 165 4908 
2 4531 165 
3 3134 165 2623 
4 165 1610 1258 4409 
4 165 5299 1700 5693 
1 165 
3 165 844 1544 
2 1127 165 
1 165 
4 165 2226 265 3870 
2 282 165 
2 166 4702 
2 5080 166 
1 166 
1 166 
3 166 2416 4040 
2 166 1750 
4 5280 2371 166 4191 
2 166 4459 
1 166 
2 4926 166 
1 166 
3 166 1478 1839 
1 166 
4 2799 166 5069 819 
3 1995 166 2001 
3 3021 166 3703 
1 166 
1 166 
2 166 653 
4 166 4612 4302 1810 
1 166 
1 166 
1 167 
1 167 
2 167 874 
3 2317 3327 167 
3 167 1091 2425 
2 4979 167 
3 2153 167 4076 
3 167 4836 4646 
3 2868 167 3665 
1 167 
1 167 
2 167 206 
3 3930 167 5715 
1 167 
4 167 905 1293 2216 
3 5085 167 3146 
1 167 
2 476 167 
2 5082 167 
3 1464 3558 167 
2 1208 167 
2 167 4104 
1 168 
3 5864 4217 168 
3 3306 168 3701 
1 168 
3 637 168 1669 
2 1646 168 
3 3583 1152 168 
3 3119 168 3870 
2 168 2188 
2 1028 168 
3 4373 168 4677 
1 169 
2 169 819 
4 169 5222 1094 5235 
2 169 5204 
1 169 
3 5705 169 1330 
1 169 
2 496 169 
2 169 686 
1 169 
2 4830 169 
2 5597 169 
2 5265 169 
2 169 2446 
3 2896 169 4269 
1 169 
5 5275 537 4462 169 2533 
2 169 2328 
2 169 885 
1 170 
1 170 
1 170 
1 170 
2 170 4419 
2 4217 170 
5 2869 1018 170 3483 1459 
3 5823 4901 170 
4 1119 1292 170 341 
3 3450 5723 170 
2 170 3057 
2 170 529 
4 861 1822 170 662 
4 1061 1223 170 1162 
1 170 
2 170 4820 
3 5028 5652 171 
2 171 5256 
3 5260 4376 171 
1 171 
1 171 
3 2134 171 5757 
3 171 2235 1951 
3 2113 590 171 
3 3004 2778 171 
2 2230 171 
2 171 1355 
3 5431 2305 171 
3 683 1016 171 
2 171 5727 
4 2365 171 1024 233 
2 1174 171 
1 172 
4 1646 2396 172 2874 
3 3502 4980 172 
1 172 
2 172 4250 
2 5058 172 
2 1358 172 
1 172 
1 172 
4 5318 4804 4572 172 
1 172 
2 172 1873 
2 3023 172 
1 172 
3 4628 172 5837 
3 1969 172 1159 
3 4511 1047 172 
1 172 
4 4867 3410 989 172 
2 4039 173 
1 173 
2 3065 173 
1 173 
3 1311 173 3405 
4 2936 5792 173 2998 
2 4850 173 
1 173 
2 173 325 
2 2886 173 
1 173 
2 173 2515 
2 173 2331 
1 173 
1 174 
3 5407 1394 174 
2 174 560 
4 1695 4110 2123 174 
1 174 
1 174 
1 174 
1 174 
2 4220 174 
3 337 174 2658 
2 4414 174 
2 5160 174 
1 174 
2 686 174 
2 174 1511 
2 317 174 
2 174 4137 
1 174 
2 174 5697 
2 5590 174 
1 174 
1 174 
3 4576 4812 174 
2 3214 174 
1 174 
1 174 
3 4624 3069 174 
6 2946 4018 4151 5727 175 4598 
2 5132 175 
2 1365 175 
3 3118 3364 175 
4 2635 5081 4323 175 
1 175 
2 5380 175 
3 3535 2767 175 
1 175 
2 3681 175 
3 5483 1995 175 
1 175 
3 2449 2311 175 
2 274 175 
3 5410 3877 175 
3 4584 2311 175 
4 5102 1347 175 5254 
3 1069 2803 175 
2 4747 176 
1 176 
2 1511 176 
2 176 2259 
1 176 
1 176 
2 2081 176 
3 3099 5694 176 
3 4504 2890 176 
1 176 
1 176 
2 414 176 
1 176 
2 176 1982 
4 4602 2443 176 2477 
2 5277 176 
4 4433 501 3694 176 
1 176 
4 4298 3361 176 764 
3 396 2730 176 
3 4253 2213 176 
2 1464 177 
2 2341 177 
2 840 177 
3 5484 1080 177 
1 177 
2 802 177 
1 177 
1 177 
2 2102 177 
1 177 
1 177 
1 177 
1 178 
2 434 178 
1 178 
2 3236 178 
3 3389 777 178 
3 516 949 178 
1 178 
4 5147 1471 4934 178 
1 178 
4 5407 2086 690 178 
2 1964 178 
2 1413 178 
3 615 576 178 
2 178 3528 
3 4570 2904 178 
1 179 
3 4939 179 4011 
2 2289 179 
2 4380 179 
2 5118 179 
2 3173 179 
2 885 179 
2 2558 179 
3 1959 5286 179 
5 5432 1254 4725 179 4310 
1 179 
2 3013 179 
2 179 5661 
2 2245 179 
2 5422 179 
3 5558 3511 179 
1 179 
1 180 
2 999 180 
5 2279 2622 2568 5727 180 
1 180 
1 180 
7 328 235 3454 399 1105 180 636 
3 1256 4864 180 
2 1483 180 
4 4867 5069 2147 180 
2 2583 180 
2 3932 180 
1 180 
1 180 
1 180 
2 3827 180 
4 4781 775 5495 180 
1 181 
1 181 
1 181 
3 181 3631 1886 
1 181 
2 181 2925 
1 181 
2 181 349 
3 181 3672 1070 
2 181 2829 
3 181 5449 3873 
1 181 
3 181 5720 3322 
6 181 3009 1787 2091 2550 4598 
1 181 
2 854 181 
2 181 1285 
1 181 
3 181 2014 5744 
3 181 924 3943 
1 181 
3 181 1121 2258 
2 181 2957 
1 181 
3 181 526 3831 
2 181 3168 
3 181 3948 632 
1 181 
4 181 2275 2495 2931 
1 181 
1 181 
1 181 
4 182 2832 4344 2712 
1 182 
1 182 
1 182 
1 182 
5 182 1763 1288 705 3331 
2 182 726 
2 182 3748 
1 182 
2 182 5722 
3 182 2284 5710 
1 182 
1 182 
2 182 1122 
2 182 4708 
2 182 4234 
3 182 261 850 
2 182 1702 
2 897 182 
1 182 
1 182 
1 183 
1 183 
2 183 4658 
3 183 4853 5157 
5 1081 4427 183 5087 5343 
2 183 4225 
2 183 2003 
2 183 5037 
5 183 4909 5726 490 1747 
2 1939 183 
3 5862 183 5219 
3 183 3709 2046 
1 183 
1 183 
1 183 
5 499 183 404 1240 4940 
1 183 
3 4697 183 5071 
1 183 
4 183 4097 5525 796 
1 184 
4 3946 1306 184 1328 
2 3004 184 
3 184 4912 513 
1 184 
3 184 2834 5125 
4 2914 184 5263 2992 
3 184 443 3676 
2 184 2164 
2 2865 184 
2 184 5713 
1 184 
4 5500 3549 184 3861 
2 346 184 
3 184 5018 2876 
2 2485 184 
3 184 1345 5848 
2 184 2694 
1 184 
3 184 5791 2952 
3 184 5773 5293 
1 184 
3 184 5245 4437 
4 678 184 3827 4346 
3 184 987 3841 
3 185 5106 4023 
1 185 
3 5240 185 5764 
4 185 728 4398 2482 
3 185 5305 298 
1 185 
3 185 1350 1549 
5 3209 185 4764 2004 534 
3 185 5136 4810 
1 185 
3 1940 185 4459 
3 1723 185 629 
1 185 
1 185 
2 185 866 
3 185 5879 4892 
3 4731 185 1763 
1 185 
3 5865 185 5642 
1 185 
1 185 
4 185 3311 4518 2516 
2 186 1836 
2 186 5421 
1 186 
4 186 2623 4246 711 
2 186 2122 
3 186 1212 1258 
2 3554 186 
1 186 
3 186 5182 209 
1 186 
4 3626 186 2999 4009 
3 1323 186 1078 
6 4962 2964 2869 2748 186 4233 
1 186 
2 186 1410 
5 5387 186 3456 481 4422 
2 3040 186 
1 186 
2 187 409 
2 187 1834 
1 187 
2 1187 187 
2 187 2608 
3 349 771 187 
2 3745 187 
2 218 187 
2 187 4288 
1 187 
3 187 3975 3481 
1 187 
1 187 
2 4358 187 
2 187 4011 
2 350 187 
5 2348 187 1765 4590 5693 
4 3327 5303 187 4940 
1 187 
4 5742 3983 187 3296 
1 187 
1 187 
1 188 
2 5314 188 
2 188 4917 
2 188 3610 
1 188 
3 5845 188 2783 
2 188 5397 
1 188 
1 188 
1 188 
2 188 2048 
4 188 2808 1547 4309 
2 5132 188 
2 601 188 
1 188 
1 188 
2 878 188 
2 188 1455 
2 189 2980 
2 620 189 
1 189 
2 5137 189 
1 189 
3 4867 2561 189 
1 189 
2 189 2585 
1 189 
1 189 
3 189 5330 1547 
2 189 2836 
2 381 189 
4 5545 189 4769 269 
2 2365 189 
1 189 
2 4201 190 
2 3134 190 
3 567 190 2258 
2 5746 190 
2 190 3162 
2 3690 190 
2 4518 190 
1 190 
4 3585 1487 4703 190 
2 190 5465 
5 5122 190 4153 4505 2905 
2 2204 190 
1 190 
1 190 
1 190 
1 190 
1 190 
1 190 
1 190 
2 4061 191 
1 191 
2 191 5800 
4 1097 1310 3256 191 
1 191 
6 673 1315 1367 191 3014 1003 
1 191 
3 2946 756 191 
1 191 
3 1099 2828 191 
1 191 
2 523 191 
1 191 
2 191 2452 
2 238 191 
2 1743 191 
3 1827 191 5163 
1 191 
1 191 
1 191 
1 191 
3 3964 192 2656 
2 5099 192 
2 517 192 
3 903 950 192 
2 725 192 
1 192 
2 2118 192 
1 192 
1 192 
1 192 
2 1364 192 
5 363 2966 2069 3923 192 
2 2677 192 
3 5181 2531 192 
2 2142 192 
2 192 612 
2 498 192 
1 192 
1 193 
2 4582 193 
3 5054 4420 193 
2 1572 193 
4 1993 4947 4015 193 
4 2960 4206 193 2337 
1 193 
2 5473 193 
3 1539 906 193 
1 193 
2 4971 193 
2 5321 193 
3 1004 193 2271 
3 3078 757 193 
1 193 
1 193 
1 193 
2 1292 193 
1 194 
3 1517 4109 194 
2 2667 194 
2 5395 194 
1 194 
2 4694 194 
2 2878 194 
2 3199 194 
1 194 
4 903 4136 3000 194 
2 4764 194 
5 2738 3544 194 2841 3642 
1 194 
1 194 
4 3248 3236 4593 194 
4 2949 1533 3570 194 
1 194 
2 194 1954 
2 5101 194 
4 4496 5013 2980 195 
1 195 
2 3916 195 
3 4554 1799 195 
2 195 4544 
1 195 
4 4943 5142 3643 195 
1 195 
1 195 
2 2143 195 
3 2243 4121 195 
1 195 
1 195 
3 5786 5877 195 
4 5364 5525 2421 195 
4 5683 483 1862 195 
2 1785 195 
1 195 
2 4898 195 
1 195 
3 4501 709 195 
3 5654 2632 195 
2 2550 196 
3 1045 463 196 
1 196 
1 196 
3 5394 3631 196 
3 3159 4662 196 
1 196 
1 196 
3 505 2666 196 
1 196 
1 196 
2 5420 196 
1 196 
4 2787 3332 3279 196 
1 196 
4 2933 2917 556 196 
4 5130 3556 1577 196 
1 196 
2 197 2984 
2 197 1835 
4 197 1918 3461 755 
2 197 5506 
1 197 
3 197 539 2648 
2 197 2940 
1 197 
1 197 
2 197 2167 
3 197 898 4433 
1 197 
1 197 
2 197 1662 
4 197 4686 3009 4642 
2 198 5815 
1 198 
3 198 1449 1415 
1 198 
2 198 4607 
2 198 2531 
1 198 
2 198 4563 
1 198 
2 198 1944 
3 198 3232 1715 
3 198 1922 5898 
2 198 4453 
2 198 587 
4 198 5626 5369 5303 
1 198 
4 198 5771 4231 2838 
2 198 697 
1 198 
3 198 335 5818 
4 198 1169 2706 2670 
2 199 5737 
1 199 
1 199 
3 199 5802 4212 
4 199 5348 2438 1095 
4 199 3837 3991 1715 
3 1279 199 5897 
2 199 2398 
1 199 
1 199 
2 199 4653 
2 199 4250 
2 199 3791 
3 199 4247 4797 
1 199 
1 199 
2 199 387 
1 199 
1 199 
2 200 3315 
2 200 5817 
3 200 2562 3540 
4 200 5424 5693 5819 
3 200 482 1715 
1 200 
2 200 3160 
1 200 
1 200 
2 200 5702 
3 200 350 2815 
2 200 4842 
3 200 2569 5093 
3 200 3565 361 
4 200 4538 2028 4477 
1 200 
4 3620 201 2602 5246 
1 201 
6 1779 645 201 5288 5185 3572 
6 2933 4428 201 4300 1394 1867 
2 201 1342 
4 1636 201 3084 874 
2 201 1216 
1 201 
1 201 
2 201 845 
1 201 
1 201 
3 201 3254 1781 
2 202 918 
2 202 906 
1 202 
3 4390 202 1925 
1 202 
4 3780 2893 202 2842 
3 202 5217 4403 
4 878 202 1350 1907 
3 4393 202 1511 
2 202 527 
2 202 1401 
2 202 1158 
3 4149 202 4310 
1 202 
2 202 3255 
3 202 847 5701 
3 202 3694 781 
3 202 379 5751 
4 940 202 2946 731 
1 202 
1 203 
1 203 
1 203 
1 203 
2 203 3703 
2 203 1169 
3 203 2477 5187 
3 4141 203 5355 
2 203 4448 
3 203 1143 2974 
1 203 
1 203 
2 203 3916 
4 5257 2613 203 4859 
2 203 1432 
1 203 
4 5630 203 4132 1624 
2 204 3147 
3 723 204 544 
1 204 
1 204 
1 204 
2 204 5098 
1 204 
3 5484 204 2838 
1 204 
2 204 947 
2 204 4251 
1 204 
2 204 4167 
3 204 3676 2508 
1 204 
3 3514 204 3698 
1 205 
1 205 
3 1756 205 2351 
3 3802 205 593 
3 4053 258 205 
1 205 
3 3447 205 5828 
1 205 
1 205 
4 205 2491 4613 1930 
1 205 
2 3644 205 
1 205 
4 1185 2683 3094 205 
1 205 
2 206 2931 
2 206 1862 
1 206 
1 206 
3 206 5288 1203 
2 206 3204 
2 206 709 
2 2229 206 
1 206 
1 206 
1 206 
3 223 206 2589 
2 3406 206 
2 3285 206 
2 206 3035 
3 2704 294 206 
1 206 
2 727 206 
2 1522 206 
1 206 
1 207 
1 207 
3 4913 207 4525 
2 207 4273 
2 207 393 
3 594 207 5402 
3 4016 207 2535 
3 1639 4144 207 
1 207 
2 4999 207 
2 684 207 
3 462 2512 207 
1 207 
3 220 207 4474 
4 3759 207 1204 4076 
2 207 4843 
2 207 797 
3 4545 4666 207 
2 207 2572 
1 207 
1 207 
1 207 
1 207 
2 5866 207 
2 207 5730 
2 4948 207 
1 207 
1 207 
3 1480 1431 207 
4 3309 4061 207 997 
3 2167 208 1976 
2 1702 208 
2 2559 208 
4 2636 208 5771 4328 
7 5065 1324 2227 208 2421 2549 2354 
2 5367 208 
2 2064 208 
3 3153 208 1513 
1 208 
2 1285 208 
2 208 492 
2 5626 208 
3 350 208 408 
1 208 
1 208 
3 1753 208 5556 
1 208 
2 2699 208 
2 384 209 
1 209 
4 2194 209 1734 3618 
2 5870 209 
2 259 209 
3 861 5300 209 
1 209 
3 4298 209 634 
4 4517 209 1435 5046 
4 5049 2972 209 3324 
4 209 1807 5225 2592 
2 5823 209 
2 4488 209 
1 210 
2 3817 210 
2 3423 210 
2 2547 210 
3 807 210 4775 
2 2952 210 
4 2262 4229 210 4347 
2 2774 210 
2 3250 210 
1 210 
1 210 
1 210 
2 4122 210 
3 2125 3845 210 
2 4120 210 
1 210 
1 210 
3 3030 210 3106 
2 2569 211 
2 211 4750 
1 211 
1 211 
2 1194 211 
2 211 669 
4 415 728 211 3995 
2 1606 211 
1 211 
1 211 
4 5138 3825 211 5293 
4 1231 3436 211 1979 
3 1908 2461 211 
2 5771 211 
4 1389 1016 1591 212 
3 3986 824 212 
2 2120 212 
1 212 
3 4054 656 212 
1 212 
1 212 
1 212 
1 212 
2 3971 212 
2 287 212 
2 3447 212 
3 2228 212 4960 
6 5416 4465 3750 4558 5186 212 
2 3088 212 
1 212 
3 448 296 212 
2 2987 212 
1 212 
2 5046 212 
3 645 626 212 
1 213 
2 213 219 
2 213 2400 
1 213 
2 213 3164 
3 1958 213 1413 
3 213 2539 4008 
3 213 1876 5061 
3 213 1641 1157 
1 213 
1 213 
1 213 
2 213 5635 
2 213 2647 
1 213 
4 213 2175 483 1217 
3 213 2760 1473 
2 213 894 
1 213 
3 213 1962 449 
2 213 793 
1 213 
2 5257 214 
3 214 2243 5167 
1 214 
3 214 3126 1003 
1 214 
2 214 5847 
1 214 
2 214 5472 
2 214 3287 
2 214 4973 
3 214 353 4991 
2 214 2682 
2 214 4690 
1 215 
1 215 
1 215 
4 215 499 1825 4856 
1 215 
2 3740 215 
2 215 5356 
5 215 1490 1507 5730 4674 
1 215 
1 215 
4 215 3803 3178 5139 
2 215 878 
3 2677 215 4776 
1 215 
1 215 
3 215 1971 2254 
4 215 3914 4401 5199 
2 215 3155 
4 216 2601 1372 1594 
2 216 2440 
2 216 1486 
3 216 3326 3360 
1 216 
2 216 2889 
3 216 3428 2333 
2 216 4911 
1 216 
3 216 5563 1761 
1 216 
6 216 3604 2542 1853 409 5885 
1 216 
1 216 
1 216 
3 216 4114 5091 
2 216 4858 
5 216 2911 1936 2063 3906 
2 216 2808 
3 216 3678 2103 
3 216 2762 3593 
3 216 2020 730 
1 217 
2 2522 217 
2 217 3146 
1 217 
1 217 
1 217 
1 217 
2 217 5090 
1 217 
2 217 2720 
2 217 3669 
3 217 3924 4268 
3 217 993 1090 
2 217 1575 
3 217 3391 3922 
2 217 4006 
2 217 5770 
5 218 724 2688 5776 3485 
3 218 1709 1092 
4 5431 218 5286 4526 
1 218 
2 218 4401 
1 218 
4 5822 218 5668 1272 
2 218 880 
1 218 
1 218 
1 218 
2 218 4574 
1 218 
2 218 2366 
1 218 
2 218 4247 
3 218 3350 2328 
1 218 
3 218 673 1052 
1 218 
3 218 4050 4408 
1 219 
1 219 
3 219 5392 2847 
4 219 2558 818 2048 
2 219 1409 
2 219 2142 
1 219 
2 219 1616 
1 219 
4 219 4587 1788 1747 
2 219 1043 
1 219 
2 219 3190 
3 219 395 3048 
4 219 3692 3269 4876 
1 219 
2 219 5740 
2 220 4384 
1 220 
1 220 
2 220 2224 
1 220 
2 220 777 
3 220 4556 2151 
4 220 4102 1551 3483 
1 220 
5 454 220 3949 5688 434 
6 220 5351 1426 5631 841 2688 
3 220 2113 3300 
2 220 5082 
4 4508 220 2268 489 
1 220 
1 220 
2 5207 220 
1 220 
2 220 3717 
3 220 3522 3971 
2 220 1274 
2 221 5699 
3 221 1130 1981 
1 221 
2 2879 221 
1 221 
2 221 5836 
3 251 221 2044 
1 221 
2 221 2513 
1 221 
3 221 1472 882 
4 1138 3451 221 4691 
3 221 296 2235 
2 221 4461 
2 221 625 
3 221 702 2672 
4 2292 4080 221 2044 
3 5839 221 1492 
2 221 1510 
2 221 4332 
2 221 4331 
3 221 892 5448 
2 221 994 
1 222 
3 2503 222 4588 
1 222 
2 2172 222 
2 222 4394 
2 222 5771 
2 222 1391 
2 222 1414 
2 222 1923 
4 3578 5348 222 1648 
2 222 1239 
3 222 870 3642 
2 4114 222 
1 223 
2 223 866 
3 223 1090 4384 
2 223 4377 
3 5030 5349 223 
2 475 223 
2 223 5830 
1 223 
1 223 
2 223 2693 
3 223 4745 3697 
2 223 1590 
4 5803 223 5229 280 
2 223 275 
5 5597 223 239 1883 2077 
2 223 344 
1 223 
2 223 689 
1 223 
1 224 
1 224 
2 224 291 
2 641 224 
3 224 225 2903 
1 224 
3 224 5831 3335 
2 224 4818 
1 224 
2 3373 224 
4 4351 1759 224 1292 
3 224 1830 5477 
1 224 
3 3516 224 5309 
1 224 
2 224 2269 
1 224 
4 4350 4291 224 1928 
4 601 224 4980 1799 
2 225 1743 
1 225 
1 225 
2 225 5002 
3 3962 225 5705 
2 225 486 
1 225 
3 225 3967 5559 
3 4339 225 4797 
1 225 
2 4719 225 
2 225 490 
2 3647 225 
3 2295 225 5253 
2 225 322 
4 4257 225 1605 4212 
1 225 
2 3965 225 
1 225 
1 225 
1 225 
1 225 
3 1208 225 4273 
2 225 3273 
2 5296 225 
3 1047 2560 226 
3 2595 1994 226 
2 226 2426 
2 3430 226 
2 226 3097 
1 226 
1 226 
1 226 
2 3359 226 
2 3800 226 
1 226 
3 1763 226 3681 
4 226 5620 2565 1593 
1 226 
1 226 
2 227 1275 
3 5209 3603 227 
3 2404 3949 227 
2 588 227 
1 227 
1 227 
1 227 
4 227 3885 5095 3481 
2 227 688 
2 227 5383 
2 227 4727 
4 1680 5032 227 3641 
2 422 227 
1 227 
2 227 2584 
5 589 227 5609 487 2738 
4 5270 227 2974 4918 
1 227 
4 3157 227 2455 5799 
2 5208 227 
2 4684 227 
2 227 661 
2 227 3987 
1 227 
2 227 4542 
2 2428 228 
2 228 1269 
2 228 3902 
2 2561 228 
4 2152 4586 228 5110 
2 2143 228 
2 5743 228 
3 1880 228 4773 
4 3654 3288 228 555 
1 228 
3 228 4325 5359 
3 228 3352 1557 
3 5862 228 1733 
3 473 228 5557 
3 897 228 4153 
2 5319 228 
3 5539 1697 228 
3 228 4538 1559 
1 228 
2 4546 228 
2 1561 228 
1 228 
3 5626 228 5795 
3 5647 4060 228 
1 228 
3 473 228 2401 
3 228 2101 3944 
1 229 
2 5393 229 
1 229 
1 229 
1 229 
1 229 
1 229 
4 2016 5373 229 2273 
4 2340 1583 2733 229 
2 229 1321 
3 5873 229 4107 
2 1851 229 
2 229 5162 
1 229 
3 4551 5621 229 
1 229 
1 229 
2 5872 229 
2 3835 230 
3 3251 3200 230 
1 230 
1 230 
2 230 2860 
3 935 230 3855 
1 230 
4 254 1229 5286 230 
5 2680 839 3473 230 2005 
2 3750 230 
1 230 
1 231 
2 4304 231 
1 231 
1 231 
3 2135 231 3403 
3 5565 256 231 
3 1823 1272 231 
3 3217 231 1907 
1 231 
1 231 
2 231 4103 
3 3746 231 3665 
2 2828 231 
2 586 231 
2 5791 231 
1 231 
1 231 
1 231 
3 4049 231 3082 
4 4255 4849 2509 231 
1 231 
2 5142 232 
1 232 
2 399 232 
3 5634 3271 232 
3 2753 232 1558 
3 5431 1680 232 
1 232 
2 5792 232 
3 1569 232 5642 
1 232 
6 697 599 1565 4468 232 3944 
1 232 
3 1818 1050 232 
1 232 
2 232 4450 
2 4840 232 
3 5031 3839 232 
3 4064 3101 233 
3 1409 4470 233 
2 954 233 
2 3216 233 
2 4880 233 
1 233 
2 4492 233 
4 1306 4719 1107 233 
2 801 233 
3 586 3838 233 
2 2009 233 
2 4297 233 
1 233 
3 5483 4153 233 
2 1045 233 
2 234 3222 
2 234 3081 
1 234 
3 234 3897 4917 
2 234 3095 
1 234 
2 234 512 
1 234 
4 438 234 4580 2590 
2 234 1489 
2 234 3512 
3 5891 234 3069 
2 234 3396 
1 234 
3 234 4264 4749 
3 3073 234 2382 
3 235 1117 3442 
2 235 2567 
2 235 5596 
1 235 
3 235 4568 5692 
1 235 
3 235 3799 1961 
2 235 5053 
2 235 3462 
3 235 457 1822 
2 235 4455 
2 235 4283 
2 4336 235 
1 235 
2 235 3700 
1 235 
2 235 5247 
3 235 923 3830 
2 235 2435 
2 235 498 
2 235 3032 
2 235 2257 
4 3447 235 3559 5232 
3 1597 235 5824 
2 236 456 
2 236 2016 
3 236 3479 3143 
1 236 
1 236 
1 236 
2 745 236 
3 236 3894 4990 
2 236 944 
2 236 336 
2 236 5427 
2 236 5068 
2 236 3300 
3 236 2067 4021 
3 4755 236 4762 
1 236 
1 236 
2 236 334 
2 1227 236 
1 236 
3 5804 236 2651 
1 236 
1 236 
2 237 3104 
2 237 3446 
3 2431 1385 237 
2 2878 237 
1 237 
3 237 3401 5267 
1 237 
3 237 813 1880 
4 237 1289 1404 5252 
2 237 5057 
2 237 1068 
1 237 
1 237 
2 5116 237 
1 237 
2 4759 237 
1 237 
3 5563 237 1074 
1 237 
3 237 5239 3889 
3 237 2177 2923 
2 237 1038 
1 237 
2 237 3310 
2 2846 237 
2 237 1801 
2 237 5685 
6 1063 5346 1117 238 2494 713 
2 238 2021 
4 1989 396 238 5397 
2 238 3921 
2 1678 238 
2 4758 238 
1 238 
1 238 
2 3601 238 
2 238 2609 
3 238 3055 1076 
3 679 238 909 
4 4927 238 3862 2452 
1 238 
2 1127 239 
3 4896 239 483 
2 239 4064 
2 239 1142 
2 239 5250 
1 239 
4 2725 239 1294 5025 
1 239 
2 239 266 
1 239 
4 4680 4203 239 5631 
1 239 
3 239 866 5204 
2 239 3335 
2 240 1635 
1 240 
2 240 4674 
2 240 3076 
1 240 
3 5542 240 2026 
3 1755 240 4446 
3 2826 240 3077 
3 2747 240 3889 
1 240 
2 1048 240 
1 240 
4 240 2231 2352 4195 
2 240 4323 
1 240 
2 1961 240 
3 3821 240 385 
1 240 
1 241 
4 2262 241 5330 3616 
2 241 2718 
1 241 
2 241 1026 
2 4949 241 
3 3281 241 1793 
3 241 3748 791 
1 241 
2 4881 241 
5 1583 4997 241 1691 5837 
1 241 
3 5149 241 3592 
1 241 
2 1430 241 
4 1132 241 2185 2668 
2 242 1494 
1 242 
1 242 
1 242 
1 242 
1 242 
3 1781 5373 242 
4 4396 4552 242 735 
2 1446 242 
4 1291 242 5709 2424 
2 2184 242 
2 622 242 
2 5521 242 
2 3522 242 
1 242 
4 501 4436 242 2109 
1 242 
1 243 
3 243 1368 757 
5 2346 1785 3660 243 5161 
3 1499 5304 243 
1 243 
1 243 
1 243 
3 3232 243 3180 
3 5061 243 1975 
1 243 
2 1856 243 
1 243 
1 243 
1 243 
1 243 
2 5374 243 
2 4358 243 
3 5651 2124 243 
3 3465 243 355 
3 904 5897 243 
2 243 4574 
3 4127 243 2333 
2 4814 243 
2 564 243 
4 2487 5082 1760 243 
1 244 
4 5547 244 5553 4614 
1 244 
1 244 
3 4655 244 2010 
2 4638 244 
3 2637 5173 244 
2 5301 244 
2 244 4614 
2 5628 244 
4 876 3651 244 3826 
2 244 2841 
3 1049 5328 244 
1 244 
2 2219 244 
3 244 3737 757 
2 2349 244 
1 244 
1 244 
3 2277 4458 244 
1 244 
4 5781 4112 244 1659 
2 4208 244 
3 2040 464 245 
1 245 
1 245 
2 1254 245 
2 245 3545 
2 3042 245 
1 245 
2 1494 245 
1 245 
3 1937 870 245 
1 245 
1 245 
1 245 
4 5420 1918 245 1710 
1 245 
1 245 
3 2483 245 269 
1 245 
1 245 
2 2467 245 
3 4394 3924 245 
3 4925 245 1396 
2 2246 246 
1 246 
1 246 
1 246 
1 246 
2 3396 246 
2 246 5465 
2 2742 246 
1 246 
1 246 
1 246 
2 3652 246 
2 246 2151 
5 5215 5671 779 246 3442 
3 1234 246 763 
3 246 4751 851 
1 246 
4 4903 2347 246 268 
1 246 
3 5366 4374 246 
2 2263 246 
2 246 3370 
2 2801 246 
1 247 
2 1729 247 
1 247 
1 247 
3 2660 247 306 
1 247 
1 247 
4 2958 3089 777 247 
2 3346 247 
2 856 247 
3 5179 5897 247 
2 247 2190 
4 2309 3167 247 2451 
2 1925 247 
3 3310 321 247 
2 2062 247 
1 247 
3 5847 4852 247 
4 247 5555 1800 4543 
2 1136 247 
3 2901 3941 247 
2 4062 247 
1 247 
1 247 
2 2917 248 
2 357 248 
1 248 
4 706 451 248 4526 
2 3412 248 
1 248 
2 4839 248 
2 3602 248 
2 1318 248 
3 3045 882 248 
2 4199 248 
1 248 
2 4230 248 
3 3992 248 3001 
1 248 
2 465 248 
3 367 2125 248 
2 1037 248 
3 1357 3536 248 
1 248 
1 249 
4 3729 3538 249 3405 
2 5810 249 
2 2022 249 
1 249 
2 1785 249 
3 2800 5003 249 
3 1382 903 249 
2 2678 249 
1 249 
3 4288 3082 249 
3 1472 1676 249 
1 249 
1 249 
3 4549 5181 249 
3 3254 4705 250 
2 831 250 
1 250 
1 250 
2 5389 250 
1 250 
3 1685 250 3147 
2 1438 250 
1 250 
2 1382 250 
1 250 
4 616 2434 3659 250 
2 2513 250 
2 346 250 
1 251 
2 251 4665 
2 251 1941 
2 251 3853 
2 251 2420 
3 251 5116 1854 
2 251 3362 
3 251 312 1298 
3 5257 251 4816 
1 251 
3 251 5357 1790 
3 251 1909 2718 
1 251 
2 251 3270 
3 251 3607 2806 
2 251 5548 
2 251 4221 
3 251 3622 1315 
2 251 4049 
1 251 
1 251 
2 251 2971 
4 251 4563 3708 2658 
4 251 855 4442 582 
3 251 2933 5807 
1 251 
2 251 2504 
1 251 
4 251 975 2052 1871 
1 251 
3 252 2534 4798 
3 252 3290 815 
4 252 5717 2127 4662 
2 252 1650 
2 252 5491 
1 252 
1 252 
2 252 1513 
2 252 2985 
3 252 3505 2178 
2 252 5251 
2 252 5546 
2 252 3060 
1 252 
4 1004 3514 252 2431 
4 252 3701 3614 718 
2 253 5003 
1 253 
2 253 3841 
1 253 
2 253 2073 
2 253 1260 
3 253 3802 1973 
4 307 253 278 4072 
2 253 4701 
2 1360 253 
2 253 620 
1 253 
1 253 
5 253 5437 1788 2421 5885 
1 253 
1 253 
1 253 
1 253 
1 253 
3 2080 253 4152 
3 254 2032 549 
3 3021 254 3678 
1 254 
2 254 2598 
1 254 
3 254 1166 449 
1 254 
1 254 
1 254 
2 254 2799 
2 254 3808 
1 254 
2 254 4192 
1 254 
1 254 
2 255 1972 
3 1695 255 950 
1 255 
5 255 3308 1327 2854 3052 
3 255 3389 4385 
1 255 
2 255 778 
1 255 
1 255 
1 255 
2 255 2798 
1 255 
2 255 1203 
2 5864 255 
4 255 4607 1157 357 
3 255 2201 4193 
1 256 
2 2599 256 
1 256 
2 256 5140 
1 256 
2 256 4706 
2 256 267 
2 256 4056 
1 256 
1 256 
4 4389 256 2158 5036 
3 4941 256 4872 
3 256 5729 3105 
2 256 1048 
2 256 1928 
1 256 
3 1385 256 1920 
1 257 
2 257 5241 
2 2060 257 
2 257 1038 
3 3835 257 690 
1 257 
1 257 
3 257 1666 1497 
4 1875 257 5352 1213 
3 257 1781 3633 
2 257 1275 
1 257 
2 2878 257 
2 257 5213 
1 257 
2 257 5754 
4 2169 257 1897 4670 
2 1164 257 
2 937 257 
4 3371 258 5381 5679 
2 258 494 
2 4352 258 
5 5318 937 258 5038 4544 
3 258 4437 3270 
2 258 2583 
1 258 
1 258 
3 258 5002 5495 
3 258 3606 1834 
2 5031 258 
3 583 258 552 
2 258 1882 
2 1618 258 
1 258 
3 258 2162 1689 
2 258 2205 
1 258 
6 2342 258 2952 4103 872 4159 
1 258 
2 259 5775 
4 259 450 4104 1478 
3 259 2237 1905 
2 259 2447 
2 259 2572 
2 4583 259 
2 3800 259 
1 259 
3 3093 259 1301 
3 877 4632 259 
2 3392 259 
1 259 
4 5270 5721 259 387 
5 4737 4168 259 5395 322 
2 259 5637 
1 259 
2 1346 260 
2 4081 260 
2 260 380 
1 260 
4 1190 260 4611 1771 
3 260 3538 3294 
2 260 1329 
2 260 3616 
2 2899 260 
1 260 
1 260 
2 260 5836 
1 260 
1 260 
3 1358 261 5465 
1 261 
2 3282 261 
3 3451 261 5829 
5 5435 261 4303 3321 4753 
1 261 
4 2938 261 1089 851 
3 261 2232 3318 
1 261 
3 3603 5367 261 
2 1784 261 
2 261 5755 
2 4243 261 
2 261 4229 
5 536 5501 261 660 5517 
2 261 3942 
2 261 3121 
2 4433 261 
2 261 706 
1 261 
3 1759 4001 261 
2 3781 262 
1 262 
3 2830 262 3834 
2 262 3463 
1 262 
2 1566 262 
1 262 
3 3644 1309 262 
4 832 262 3163 1626 
1 262 
3 1637 5543 262 
4 5802 4455 1897 262 
1 262 
2 2246 262 
1 262 
3 1134 1686 262 
1 263 
5 4900 4636 1349 263 5163 
1 263 
6 364 3517 2018 5618 263 717 
2 263 995 
1 263 
3 1399 263 2312 
2 3750 263 
1 263 
2 1474 263 
3 3624 263 2759 
1 263 
1 263 
2 5668 263 
2 5724 264 
5 337 264 2213 3171 3873 
2 2231 264 
3 3448 264 3718 
1 264 
2 1571 264 
2 264 5888 
4 3652 815 264 1221 
2 3727 264 
3 444 264 4136 
2 4206 264 
3 4995 2697 264 
1 264 
3 4528 3841 264 
1 264 
3 686 264 5516 
2 2774 264 
1 264 
3 3505 265 1555 
3 1597 265 5735 
3 5766 4708 265 
2 1991 265 
3 309 2164 265 
3 1140 265 2758 
1 265 
2 2306 265 
1 265 
2 2461 265 
2 3602 265 
1 265 
3 3252 5851 265 
3 3431 265 1579 
2 4731 265 
3 2436 4490 265 
5 5116 3112 969 265 3775 
1 265 
1 265 
2 1291 265 
2 4184 265 
1 265 
1 266 
2 266 852 
1 266 
2 945 266 
2 4760 266 
2 1404 266 
3 2596 5444 266 
1 266 
2 266 662 
3 567 266 2077 
3 2913 4832 266 
2 266 1657 
3 3793 4880 266 
3 5738 3674 266 
2 2621 266 
1 266 
2 3948 266 
4 673 4153 266 5779 
4 5434 3985 2735 266 
1 266 
2 5265 267 
1 267 
2 2182 267 
2 1503 267 
2 711 267 
2 5426 267 
1 267 
1 267 
2 267 2131 
1 267 
3 5712 267 4212 
1 267 
1 267 
1 267 
1 267 
4 3339 1068 267 4676 
1 268 
1 268 
2 268 4307 
3 450 4445 268 
3 4427 268 1980 
2 599 268 
3 2986 2090 268 
2 2043 268 
3 2066 5022 268 
4 1598 1991 268 1415 
3 4812 268 2877 
3 5823 5761 268 
2 3965 268 
1 268 
2 3609 268 
2 268 2028 
1 268 
3 3338 1355 268 
2 5389 268 
1 268 
3 2618 4105 268 
1 268 
1 268 
1 268 
5 4360 2326 1796 268 5820 
2 268 5294 
2 2702 268 
4 5561 499 268 4598 
4 528 2005 268 2535 
1 268 
3 3338 2302 268 
2 5587 269 
1 269 
1 269 
3 5548 4642 269 
3 3646 908 269 
3 5010 3199 269 
2 2395 269 
2 5848 269 
2 269 739 
2 269 3641 
2 3946 269 
2 4592 269 
2 5355 269 
3 1737 5286 269 
3 5263 4668 269 
2 4935 269 
4 2111 4631 269 1657 
3 4399 1014 269 
2 269 3463 
1 269 
2 3372 269 
5 4183 270 4903 3992 1980 
2 270 275 
2 270 3149 
3 3373 270 5343 
1 270 
1 270 
7 3625 270 5808 480 321 5250 2983 
1 270 
4 5189 270 3348 2234 
2 270 3198 
4 270 4628 5349 1000 
2 270 5707 
1 271 
3 271 5060 4442 
1 271 
2 271 3259 
3 271 5504 1474 
2 271 1020 
2 271 3352 
1 271 
3 5433 271 3480 
2 271 2817 
2 271 1099 
2 271 3287 
2 271 2332 
2 271 1033 
2 271 2185 
1 271 
1 271 
5 4255 271 3521 4503 5249 
2 271 1141 
3 4031 3948 271 
3 3087 271 297 
2 271 1427 
2 271 755 
3 1941 271 1290 
4 271 1882 3639 4136 
3 271 5230 2907 
1 272 
2 272 4410 
2 272 2714 
2 2465 272 
3 643 272 3274 
4 1911 272 4100 406 
3 272 4761 5340 
1 272 
4 1307 272 3701 3904 
3 4732 272 2718 
3 3648 272 2190 
2 1383 272 
1 272 
1 272 
2 272 4380 
1 272 
2 272 2414 
1 272 
3 2263 272 1649 
3 3707 273 2766 
2 2542 273 
1 273 
2 273 1980 
5 5031 273 3396 2044 2132 
3 2683 273 4466 
2 273 2258 
3 273 480 3809 
2 917 273 
2 2065 273 
3 273 2738 2816 
2 273 423 
2 273 1965 
2 680 273 
5 919 273 4766 5693 1749 
3 273 5512 2979 
6 2218 5716 4697 273 3734 2028 
3 273 2072 1491 
1 273 
3 5345 273 1495 
1 273 
1 273 
3 2522 274 1655 
1 274 
2 274 778 
1 274 
2 274 5301 
1 274 
2 274 2481 
3 3603 5260 274 
1 275 
3 275 5698 5333 
2 4650 275 
1 275 
3 3915 275 4344 
4 4352 5439 275 5267 
2 275 3184 
2 4301 275 
2 5017 275 
2 275 1178 
2 275 1632 
3 3986 275 5248 
3 4202 2464 275 
3 1311 4905 275 
1 275 
2 4461 275 
1 275 
4 286 419 275 5883 
1 275 
1 275 
3 276 2086 3849 
1 276 
2 276 4818 
4 4082 1542 5087 276 
2 276 2030 
2 276 3904 
2 3096 276 
2 1754 276 
1 276 
3 4718 4485 276 
4 4744 276 431 1751 
1 276 
2 276 2186 
3 790 276 1771 
1 276 
2 276 2010 
2 3453 276 
3 5028 276 5794 
2 276 5816 
2 4435 276 
1 276 
1 276 
1 277 
3 2411 277 3681 
3 1520 1995 277 
3 4885 277 5223 
1 277 
1 277 
2 4276 277 
2 4479 277 
4 701 5684 3861 277 
3 3819 5061 277 
1 277 
4 4652 2562 3712 277 
3 5806 277 5795 
2 1759 277 
1 277 
3 524 2870 277 
2 4052 277 
1 277 
2 277 5475 
3 789 5727 277 
2 2649 278 
4 3421 3507 278 1413 
1 278 
1 278 
2 3461 278 
2 278 2106 
3 311 2805 278 
2 278 1811 
2 1006 278 
2 2393 278 
4 1207 4153 278 5530 
2 278 2336 
1 278 
2 2856 278 
3 4790 3868 278 
4 3667 278 3142 2454 
2 278 3527 
1 278 
2 3933 278 
1 278 
3 5194 1232 278 
2 4610 278 
3 1293 278 3060 
1 278 
3 5478 278 510 
4 4255 4533 279 3382 
2 3522 279 
2 5277 279 
2 279 5187 
2 5082 279 
2 1738 279 
3 792 4954 279 
2 2579 279 
3 5349 1145 279 
1 279 
1 279 
1 279 
1 279 
2 5175 279 
1 279 
2 2690 279 
1 279 
2 279 4333 
2 3556 279 
2 2695 280 
1 280 
2 5709 280 
1 280 
1 280 
1 280 
1 280 
1 280 
4 3201 2349 5729 280 
1 280 
4 3005 1904 280 1773 
1 280 
1 280 
2 1064 280 
1 280 
4 5078 4805 3749 280 
2 2654 280 
3 2412 2259 281 
1 281 
3 1000 281 614 
1 281 
3 1281 1431 281 
3 4190 1622 281 
4 3805 2511 2212 281 
1 281 
2 5404 281 
2 3006 281 
2 4378 281 
4 282 5564 1078 5430 
2 282 5513 
1 282 
2 282 5566 
1 282 
5 282 5562 440 3457 4558 
4 282 2795 3489 4003 
1 282 
3 547 365 282 
1 282 
2 282 1734 
1 282 
2 282 2482 
2 282 4929 
3 282 2298 2874 
1 282 
1 282 
4 282 1187 5036 3545 
1 282 
1 283 
4 283 1345 1929 2860 
1 283 
2 283 3631 
3 283 1188 5092 
2 283 2782 
1 283 
2 5273 283 
1 283 
2 283 3878 
2 283 1313 
2 283 2749 
1 283 
1 283 
2 283 3256 
2 283 5329 
2 283 5479 
1 283 
2 283 1710 
2 283 5144 
2 283 5092 
1 283 
1 283 
1 283 
2 284 4724 
1 284 
2 284 466 
1 284 
3 284 3849 3618 
1 284 
2 284 886 
2 284 1302 
2 284 666 
2 284 5416 
2 284 1880 
1 284 
2 284 5833 
1 284 
2 284 2734 
3 285 1778 2772 
1 285 
2 285 863 
2 285 4467 
1 285 
3 285 2508 5729 
3 285 4683 2631 
3 285 2409 5109 
2 285 1394 
2 285 3737 
2 285 4936 
3 4755 285 1676 
5 285 5239 4910 994 1635 
2 285 2172 
1 285 
2 285 2328 
1 285 
2 4755 285 
1 285 
2 285 4840 
3 285 2738 4092 
2 285 4464 
3 285 5898 3528 
2 285 4393 
2 285 2875 
2 286 5232 
4 286 1312 5483 2491 
4 286 4223 2397 4640 
2 5478 286 
3 547 4512 286 
3 286 5481 3186 
2 286 2201 
2 286 2569 
2 286 2325 
2 286 2133 
1 286 
2 3264 286 
2 3073 286 
1 286 
2 286 2335 
3 286 926 1396 
1 286 
1 286 
2 287 1374 
2 287 1246 
1 287 
2 287 749 
1 287 
1 287 
3 287 334 2423 
1 287 
2 5236 287 
1 287 
2 287 1508 
2 287 3439 
3 287 405 1496 
3 287 2019 1552 
1 287 
1 287 
1 287 
2 4578 288 
5 1115 2371 288 3347 4362 
3 696 288 989 
1 288 
1 288 
2 5842 288 
1 288 
1 288 
1 288 
1 288 
2 288 5729 
1 288 
2 3249 288 
3 288 4441 5835 
1 288 
1 289 
3 2641 289 2229 
2 289 5737 
2 307 289 
1 289 
2 289 1015 
2 289 3164 
3 5118 289 2164 
2 2696 289 
2 289 4423 
2 289 4492 
3 289 2310 754 
1 289 
2 289 5653 
1 290 
6 2080 2524 290 4088 4473 3904 
2 290 558 
2 290 4763 
1 290 
2 290 3995 
3 290 4301 4674 
1 290 
3 290 5838 719 
2 4531 290 
2 290 4173 
1 290 
4 290 2324 5062 959 
5 2220 1645 290 5894 5814 
1 290 
2 290 2571 
1 290 
4 290 5652 4536 3662 
2 291 1555 
2 291 1981 
2 1819 291 
2 291 2236 
3 1402 291 4474 
3 291 2048 2452 
1 291 
5 2865 2371 291 1409 2674 
2 291 4746 
3 3371 291 5642 
3 291 1546 5624 
4 1251 291 1621 3856 
1 291 
1 291 
1 291 
1 291 
3 2615 291 1551 
1 291 
2 291 3525 
2 291 5688 
2 292 3104 
4 789 292 2267 3126 
1 292 
1 292 
1 292 
5 2984 5720 4259 292 5128 
1 292 
1 292 
3 2014 292 4812 
2 292 406 
3 1194 292 2421 
1 292 
1 292 
2 2538 292 
2 292 1091 
2 292 910 
3 5028 292 1092 
1 292 
1 293 
1 293 
2 293 3850 
2 5394 293 
3 704 293 4649 
1 293 
1 293 
3 4300 293 5662 
2 366 293 
1 293 
3 442 293 1676 
3 4580 1786 293 
5 3933 293 3700 5328 3274 
2 3472 293 
2 1616 293 
2 2845 293 
4 293 794 3438 2425 
2 5345 293 
2 4312 293 
1 293 
2 293 3974 
3 293 5750 3939 
1 293 
1 294 
4 3341 4390 294 409 
1 294 
2 294 5268 
3 1720 294 3145 
4 2678 5452 4721 294 
3 1781 294 3588 
1 294 
3 2622 294 5199 
2 3629 294 
1 294 
2 294 3315 
2 295 5330 
3 4927 647 295 
1 295 
1 295 
3 5668 3558 295 
2 5060 295 
2 3587 295 
3 2362 3364 295 
2 5129 295 
1 295 
2 3607 295 
6 3447 2637 3532 295 3384 5405 
3 2830 295 2076 
5 5541 5458 5606 295 5004 
4 4203 295 2627 4071 
1 295 
2 295 2425 
1 295 
2 1485 295 
2 5148 295 
1 295 
5 3911 5613 5790 295 2790 
2 5182 296 
1 296 
2 296 4290 
2 296 2497 
3 2199 296 3703 
6 3247 860 4457 2229 296 1261 
2 296 3564 
1 296 
4 3006 3743 5748 296 
2 2745 296 
2 5746 296 
1 296 
2 296 5702 
5 2640 950 296 1551 3976 
1 296 
1 296 
2 296 5024 
2 5089 296 
2 3172 296 
3 3376 1764 296 
3 2554 1468 297 
3 653 297 2548 
4 297 1533 735 3018 
2 5216 297 
2 2243 297 
1 297 
4 1247 3646 297 3171 
1 297 
2 5149 297 
1 297 
1 297 
2 2308 297 
2 297 4252 
6 4080 4340 297 2570 3906 4139 
1 297 
2 297 3639 
2 1086 297 
2 5048 297 
3 4253 1540 297 
2 297 1714 
2 2732 297 
2 297 5186 
1 298 
3 1464 298 4775 
1 298 
1 298 
2 2044 298 
1 298 
3 868 298 3848 
2 298 2570 
3 2707 298 1418 
2 298 3204 
4 2242 298 1396 5737 
4 3638 298 2364 4521 
4 3411 4535 298 1733 
1 298 
3 335 298 5381 
4 982 5398 298 4473 
2 2521 298 
2 2598 298 
2 1897 298 
3 298 4444 582 
4 3761 1140 2003 298 
1 299 
5 3914 2006 299 5110 2611 
4 380 4360 299 1627 
2 299 4620 
1 299 
2 5398 299 
3 299 1974 4919 
2 5263 299 
1 299 
4 4868 1286 2200 299 
1 299 
1 299 
1 299 
2 299 5638 
2 3890 299 
2 299 5382 
2 3931 299 
2 299 3909 
2 3933 299 
3 2711 299 5229 
1 300 
3 4259 905 300 
4 5216 3362 300 4106 
5 677 2945 300 1711 4599 
1 300 
1 300 
2 1082 300 
2 4018 300 
2 5081 300 
2 4354 300 
4 4373 1621 2971 300 
3 2435 2990 300 
4 1198 300 5533 1478 
1 300 
2 5609 300 
4 4317 625 300 5075 
3 4706 3401 300 
3 2798 5633 300 
2 301 4329 
1 301 
1 301 
2 5601 301 
1 301 
2 301 2103 
3 1725 3711 301 
1 301 
4 2293 4188 4839 301 
3 5243 3635 301 
2 674 301 
2 1760 301 
3 5159 1973 301 
1 301 
2 734 301 
1 301 
5 1185 408 1156 301 1656 
1 301 
2 2864 301 
1 301 
1 301 
1 301 
2 301 2499 
3 3609 4463 302 
1 302 
3 3326 302 4989 
2 3662 302 
2 4070 302 
2 2621 302 
2 1462 302 
2 632 302 
2 4098 302 
2 1725 302 
2 302 4495 
2 4488 302 
1 302 
1 302 
1 302 
2 3848 302 
2 456 302 
3 3659 302 581 
2 1877 302 
2 302 2273 
1 302 
2 5361 302 
1 302 
5 1465 4225 2688 4954 302 
1 302 
1 302 
2 5135 302 
1 303 
3 2226 552 303 
2 4571 303 
2 1368 303 
1 303 
5 455 1609 5638 1076 303 
2 2749 303 
2 2031 303 
4 4832 3917 4748 303 
3 3901 303 5558 
1 303 
3 1134 303 1260 
