3 2 3 4 
13 5 6 7 8 9 10 1 11 12 13 14 15 16 
4 17 10 1 18 
5 19 20 21 22 1 
28 23 24 2 25 26 27 28 29 30 31 32 33 34 35 36 37 38 39 40 41 42 43 44 45 46 47 48 49 
1 2 
14 50 51 52 53 54 55 56 57 58 59 9 60 2 61 
16 62 24 63 64 65 66 67 23 68 69 70 2 71 72 73 74 
11 75 76 77 78 79 56 80 81 82 2 7 
11 3 83 84 85 86 87 88 89 90 24 2 
21 91 26 29 92 93 94 30 95 24 2 28 31 96 97 35 98 99 100 101 102 47 
19 103 104 77 105 75 106 2 107 108 109 110 111 112 113 114 82 115 116 117 
23 118 119 120 2 121 122 58 123 124 24 125 126 127 128 129 130 131 132 133 134 135 136 137 
3 138 2 84 
20 139 140 24 141 142 2 143 144 145 115 146 147 148 149 150 151 152 153 154 155 
9 2 156 157 158 159 24 160 161 162 
38 24 163 164 165 56 166 167 168 3 169 123 170 171 172 173 82 174 175 176 177 178 179 180 23 181 182 183 184 185 186 187 188 189 18 190 191 192 193 
24 175 172 194 54 17 171 78 195 196 80 3 177 64 197 180 82 198 199 164 200 201 186 74 202 
68 203 204 205 206 207 208 209 210 211 212 213 214 215 216 217 218 219 220 221 222 223 224 225 226 227 228 229 230 231 4 232 233 234 235 236 237 238 239 240 241 242 243 244 245 246 247 248 249 250 251 252 21 253 254 255 256 257 258 259 260 261 262 263 264 265 266 267 268 
150 269 270 271 272 22 273 274 275 276 277 278 279 280 281 282 208 283 284 285 286 287 288 289 290 213 291 292 293 294 295 296 297 298 299 300 223 301 302 303 225 304 305 230 306 307 4 308 309 310 311 312 313 314 315 316 317 318 319 320 321 322 323 234 324 325 326 327 328 329 330 331 239 332 333 334 335 336 337 338 339 340 341 342 343 344 345 346 347 348 349 248 350 351 352 353 354 355 356 357 358 359 360 361 252 362 363 364 365 366 367 368 369 370 371 372 373 374 375 376 377 378 379 380 381 382 383 384 260 385 386 387 388 389 390 391 392 393 394 395 396 397 398 399 400 401 402 403 404 405 406 
18 19 209 220 298 228 307 4 233 407 235 408 239 409 410 245 255 411 412 
515 413 414 415 416 417 418 419 420 421 422 423 424 425 277 426 427 428 429 430 431 432 278 433 280 434 282 435 436 437 438 439 440 441 442 443 444 445 446 208 447 448 449 450 283 451 452 453 454 455 456 457 458 459 460 461 289 462 463 464 465 466 467 468 469 470 471 472 473 474 475 476 477 478 479 480 481 293 482 483 484 485 486 487 488 489 490 491 492 493 494 495 496 497 498 499 500 501 502 503 504 505 506 507 508 509 510 511 20 512 513 514 515 516 517 518 519 520 521 522 225 523 524 525 526 527 528 529 530 531 532 533 534 535 536 537 538 539 540 229 541 542 543 544 307 545 546 547 548 549 550 4 551 552 553 554 555 556 557 310 558 559 560 561 562 563 564 565 566 314 567 315 568 569 570 571 572 573 574 317 575 576 577 578 579 580 581 582 583 584 585 586 587 588 589 590 591 592 593 323 594 595 596 597 598 234 599 600 601 602 327 603 271 604 605 606 607 608 329 609 330 610 611 612 613 614 237 615 616 617 618 619 620 621 622 239 623 624 625 626 627 628 629 630 631 632 633 634 635 636 637 638 639 640 641 642 643 644 645 646 647 648 649 336 650 651 652 653 654 655 656 409 657 658 659 660 661 662 663 664 665 340 666 667 668 669 670 342 671 672 673 674 675 676 677 678 679 680 681 682 683 684 685 686 687 688 689 690 691 692 693 694 695 696 697 698 699 700 701 702 703 704 705 706 707 708 709 710 352 711 712 713 714 715 716 717 718 719 720 721 722 723 724 725 726 727 728 729 730 731 732 733 356 734 735 736 737 738 739 740 741 742 743 744 745 746 747 748 749 750 751 752 753 754 755 756 757 758 759 760 761 270 364 762 763 764 765 766 767 768 769 770 771 772 773 774 775 776 777 778 779 368 780 781 782 783 784 785 786 787 788 789 790 791 792 373 793 794 795 796 797 798 799 800 801 378 802 803 804 380 805 806 807 808 809 810 811 812 813 814 815 816 817 818 819 820 821 822 823 824 825 826 827 828 829 830 831 832 833 834 835 836 837 838 839 840 841 842 843 844 845 846 847 848 849 850 851 391 852 853 854 855 856 857 397 858 859 860 265 861 862 863 864 865 273 866 867 868 869 870 871 872 873 405 874 875 876 877 878 879 880 881 882 883 884 885 
60 170 123 24 165 67 176 182 886 173 5 887 112 888 889 890 891 17 892 893 186 894 895 8 896 897 898 169 899 194 900 901 902 903 904 905 187 906 907 908 909 910 911 912 913 914 915 916 917 918 919 920 921 922 923 924 925 166 926 927 928 
523 929 167 83 930 931 932 933 934 935 936 937 938 939 940 941 942 162 177 5 943 944 945 946 947 948 949 950 951 952 953 954 955 956 957 958 959 960 961 962 963 964 965 55 966 967 968 125 969 970 971 972 973 974 975 976 977 978 979 980 889 981 982 90 171 983 984 985 986 987 988 989 990 991 992 993 994 995 996 997 998 999 1000 1001 135 1002 1003 1004 1005 1006 1007 1008 1009 1010 1011 1012 1013 1014 201 1015 1016 1017 1018 1019 1020 1021 1022 1023 1024 1025 1026 1027 1028 1029 1030 1031 1032 1033 1034 1035 1036 1037 1038 1039 1040 1041 1042 1043 1044 1045 1046 1047 1048 1049 1050 1051 17 1052 1053 1054 1055 1056 1057 1058 1059 1060 1061 1062 1063 1064 1065 1066 1067 1068 1069 892 1070 1071 1072 1073 1074 1075 1076 1077 53 1078 1079 1080 1081 1082 1083 1084 1085 1086 1087 1088 1089 1090 1091 1092 1093 1094 1095 521 1096 1097 1098 1099 1100 1101 1102 1103 1104 1105 1106 1107 895 1108 1109 8 1110 1111 1112 1113 1114 1115 1116 1117 1118 1119 1120 1121 132 1122 1123 1124 1125 77 96 1126 1127 1128 1129 1130 1131 1132 1133 1134 1135 1136 1137 1138 1139 1140 1141 1142 1143 1144 1145 1146 1147 168 1148 1149 1150 1151 1152 1153 1154 1155 1156 1157 1158 1159 1160 1161 1162 899 1163 1164 1165 1166 1167 1168 1169 1170 1171 1172 1173 1174 1175 1176 1177 1178 1179 1180 1181 1182 1183 1184 1185 1186 1187 1188 1189 51 1190 1191 142 902 1192 1193 1194 1195 1196 103 1197 1198 1199 1200 1201 1202 1203 1204 1205 1206 1207 1208 1209 1210 1211 1212 1213 1214 1215 1216 1217 1218 1219 1220 1221 1222 1223 1224 1225 1226 10 1227 1228 1229 1230 1231 1232 1233 1234 1235 1236 1237 1238 1239 1240 1241 1242 1243 1244 1245 11 82 1246 1247 1248 120 1249 1250 1251 1252 1253 1254 1255 1256 1257 1258 1259 1260 1261 1262 1263 1264 1265 1266 1267 1268 1269 1270 1271 1272 1273 1274 1275 1276 1277 1278 1279 1280 1281 1282 1283 1284 1285 1286 1287 1288 1289 1290 1291 1292 1293 1294 1295 1296 1297 1298 1299 1300 1301 1302 1303 1304 1305 1306 1307 1308 1309 1310 1311 1312 1313 1314 1315 1316 1317 336 1318 1319 1320 1321 1322 1323 1324 1325 1326 1327 1328 1329 1330 1331 1332 1333 1334 1335 1336 1337 1338 1339 1340 1341 1342 196 1343 1344 1345 1346 1347 1348 1349 1350 1351 1352 1353 1354 1355 1356 1357 1358 1359 1360 1361 188 1362 37 1363 1364 1365 1366 1367 1368 1369 1370 1371 1372 1373 1374 1375 1376 1377 1378 1379 1380 1381 1382 1383 1384 1385 1386 1387 1388 1389 1390 1391 1392 1393 1394 1395 1396 1397 1398 1399 1400 39 198 13 197 173 175 181 15 105 23 46 81 79 130 16 928 
12 1196 1281 1174 5 947 29 96 1184 1251 1277 1339 920 
3 5 11 144 
20 30 1374 5 1020 1047 1076 96 1167 74 1241 1272 1310 1359 188 1362 37 1366 39 40 920 
4 1254 5 11 47 
11 25 91 30 5 96 11 36 1362 37 920 47 
32 938 177 5 29 983 996 135 1006 1047 886 1107 1109 1111 1113 96 1159 1181 1183 1185 1200 1245 11 1310 60 1359 37 1363 1366 40 920 27 130 
5 93 1254 47 11 5 
1 5 
1 5 
3 91 1358 5 
2 5 11 
3 29 5 1254 
16 5 1394 30 161 29 24 69 947 27 179 935 1049 1362 39 46 48 
2 5 49 
8 1210 24 1375 935 161 27 5 37 
5 27 1113 179 5 30 
2 5 96 
1 5 
2 5 1254 
1 5 
1 5 
6 48 1254 24 37 5 69 
9 91 93 5 28 29 94 11 31 49 
4 59 37 5 46 
9 1394 991 47 1070 91 5 972 1254 38 
1 7 
7 52 24 7 1146 1292 1361 1391 
41 934 165 54 889 982 999 1001 1004 1012 1041 1042 7 1077 1088 521 1101 537 1136 546 1150 1160 900 51 74 182 1268 1282 1295 1308 1315 912 1373 917 173 61 195 921 806 386 839 925 
4 24 82 164 7 
14 161 82 168 173 61 52 79 170 934 7 1308 202 913 18 
3 1274 24 7 
18 167 1044 1041 1037 17 7 136 169 899 9 1194 1200 187 1329 1365 1370 117 927 
1 7 
9 115 128 7 1154 1169 1312 1365 13 143 
18 985 1027 1030 7 1085 1092 1106 1115 1170 1182 1200 137 1300 1303 1327 1341 1391 48 
22 30 1363 80 124 161 942 891 180 1002 7 1111 1177 1226 1236 1267 1290 1298 1303 1375 1383 1391 79 
10 173 52 934 54 889 7 894 900 1264 912 
3 1151 1149 8 
5 105 82 1007 8 142 
7 200 8 1200 74 202 18 190 
5 935 1002 8 1230 1236 
3 184 8 70 
14 124 1380 997 176 889 1071 8 1218 906 1397 918 919 23 190 
2 8 70 
60 937 941 960 965 171 987 990 992 1004 1012 1017 1021 1028 1031 1058 1069 1070 1083 1092 1101 1104 1106 8 1115 1122 1123 1124 1130 1131 1133 1139 1149 109 1156 1170 1183 1184 1186 1192 1197 1202 1243 120 1265 1268 1269 1274 1288 1315 1326 1327 1362 37 1366 1396 1400 172 46 927 928 
3 66 68 8 
4 176 123 8 155 
1 8 
13 1018 990 891 1030 1031 1100 8 1198 1260 1306 1324 1377 198 
7 27 8 79 52 18 170 64 
5 9 1308 1372 12 143 
5 81 1181 1356 126 9 
11 1063 121 82 173 1029 24 1074 9 1372 12 143 
37 83 1214 177 125 201 1042 1050 1070 186 1121 1125 1161 9 1174 1198 1210 1212 1221 1222 1227 1228 1231 187 82 1259 1260 1337 196 1356 1365 1391 198 164 175 181 18 81 
31 126 124 1356 60 1111 82 24 935 947 965 54 171 987 1036 1038 1045 1049 1113 1121 1125 1151 1155 9 74 1269 1287 1318 1343 1344 1352 913 
22 1114 961 90 994 1079 199 521 1110 1149 9 1181 1221 1274 1286 1287 60 1330 1337 1352 197 18 87 
22 24 930 1214 78 1356 119 985 1020 1083 1121 168 1153 9 1219 1258 1265 1266 1282 1369 164 134 76 
134 1356 24 1114 78 124 1018 931 932 937 941 177 54 125 970 971 973 119 976 889 171 983 200 890 985 987 991 891 84 180 135 1007 1010 1017 1021 1027 1031 1042 1050 17 1057 1058 1063 1070 53 1088 1089 1094 894 1105 1111 1119 1121 1123 1125 896 77 1126 1128 1142 1145 1149 1151 1152 1153 1155 1156 899 9 1164 1169 1177 1181 901 1186 1191 902 1192 1196 1200 903 1212 1216 1219 1222 1226 1227 1229 1231 1236 1239 1253 1254 1256 1259 1265 1268 1269 1275 910 1306 1307 1311 1317 1322 1325 1332 1338 1340 196 1344 1351 1352 1365 1369 1370 1377 202 1391 1393 1396 1397 1400 914 12 916 175 195 181 18 91 926 63 79 130 
13 886 167 1111 1165 10 78 1258 1290 1300 1306 1396 24 929 
5 82 1028 10 913 14 
2 10 89 
2 90 10 
6 179 80 1110 10 1307 1360 
1 10 
2 85 10 
7 24 161 80 194 1221 10 86 
9 82 1363 1254 29 96 34 11 47 49 
1 11 
4 31 11 99 47 
2 11 47 
6 96 1200 11 1269 1375 920 
20 1375 11 30 1363 1341 1210 29 177 1385 25 41 1254 27 91 1183 171 24 95 134 929 
1 11 
1 11 
2 11 93 
1 11 
1 11 
1 11 
2 24 12 
4 127 521 12 927 
9 156 24 1379 1285 1317 117 178 12 63 
3 1128 1305 12 
4 121 173 1195 12 
4 114 1042 1250 12 
5 167 69 1118 142 12 
2 151 12 
2 117 12 
5 23 170 897 143 12 
1 12 
3 108 179 12 
10 170 136 1118 1128 58 1365 202 12 15 134 
2 12 117 
5 105 56 111 12 116 
10 931 438 125 135 1084 1229 1231 1340 13 130 
7 82 134 81 123 128 897 13 
13 124 24 156 1350 167 69 128 889 132 1195 1287 1372 13 
13 1029 124 942 1042 895 77 1151 1177 1186 1195 1269 107 13 
3 134 128 13 
22 165 170 942 427 888 119 891 17 186 897 546 900 71 914 13 917 806 23 824 925 134 927 
22 1114 889 990 1002 1019 1057 1145 1155 1181 121 1221 1222 82 1246 120 1261 60 1352 1360 13 67 79 
13 78 118 131 167 133 82 24 1356 1346 931 135 13 130 
31 1114 889 171 987 1013 1049 1057 1111 1146 1162 1181 1192 1194 1196 1200 904 1220 1226 1246 1261 1264 1287 1315 1343 1371 1383 1384 1396 13 79 76 
3 951 13 104 
6 58 119 120 122 132 13 
3 133 135 13 
12 131 1346 133 82 118 125 1231 24 30 1356 167 13 
7 156 931 125 135 1229 13 130 
7 24 128 120 1294 1312 1372 13 
8 931 125 135 129 1229 1231 13 130 
11 115 173 123 81 119 1059 96 1184 122 1302 13 
12 13 24 133 125 131 82 1346 1356 118 129 30 167 
3 56 13 115 
3 59 177 13 
1 14 
1 15 
3 141 15 153 
3 140 15 153 
6 151 143 63 24 109 15 
7 75 1063 58 77 112 142 15 
2 26 15 
1 15 
2 15 155 
1 15 
1 15 
1 15 
1 15 
3 110 142 15 
1 15 
3 140 141 15 
2 15 155 
4 15 154 71 146 
26 177 953 983 985 987 990 998 131 886 1070 1078 1094 1111 1153 1192 1230 1232 120 1263 1264 1300 1323 1324 1364 105 16 
1 16 
1 16 
1 16 
3 1171 1224 16 
22 1114 935 54 966 90 1006 199 1146 1181 1187 1200 1222 1269 1274 1287 60 1330 1337 37 39 198 16 
5 24 1325 1034 892 16 
1 17 
15 81 1356 78 942 944 200 17 53 1088 1121 1177 902 188 18 922 
10 52 17 501 900 170 182 635 123 23 824 
7 917 23 17 169 904 913 927 
37 83 931 125 987 135 1013 17 1069 1070 1092 186 1106 1111 1114 1115 1122 1139 109 1166 1170 1172 1205 1214 1229 120 1288 1308 1311 1327 1342 1346 1356 1387 24 130 193 56 
6 24 81 1281 54 17 1317 
6 23 56 179 166 17 1370 
18 165 54 112 888 977 17 521 537 897 74 182 1273 1302 912 115 173 123 23 
16 1356 82 1114 69 177 79 24 1375 126 1049 17 96 187 1285 18 926 
4 69 180 17 18 
46 24 170 52 183 934 54 889 891 1012 1027 1031 1042 17 1066 1071 1077 1094 186 894 895 537 77 897 1136 546 902 1202 1226 187 906 1276 1300 1306 1315 107 912 1369 913 914 918 61 195 922 23 134 927 
5 997 1027 17 1071 1108 
5 78 82 24 17 18 
34 1350 889 990 997 217 1049 17 886 1071 1094 1100 186 1147 900 1181 1187 1226 1235 905 906 333 1305 336 71 1324 1340 1353 1358 914 917 918 67 23 190 
28 156 82 30 24 78 1281 932 944 971 973 171 983 986 1019 17 1056 96 1200 1201 1221 1222 1279 137 1310 1348 1372 1396 18 
2 105 17 
29 941 987 1007 1008 114 1042 17 1065 1111 1114 1133 1137 169 1152 1161 1197 1205 1262 1266 333 1310 1325 1326 1329 1349 1356 37 40 87 
7 82 183 60 200 17 172 18 
6 1363 24 78 82 17 193 
10 165 52 170 942 17 906 635 912 23 927 
11 966 200 180 1031 17 521 1137 1181 1300 198 173 
4 192 17 66 1030 
1 17 
10 176 18 167 78 173 23 17 123 200 187 
7 78 171 173 186 17 56 23 
6 1359 27 17 164 24 1186 
2 17 926 
5 17 64 176 67 1071 
1 17 
2 17 184 
4 167 181 17 1281 
3 23 90 18 
7 52 173 82 1021 1228 1305 18 
6 82 24 1031 78 1365 18 
5 199 80 24 1191 18 
6 24 183 73 161 78 18 
14 80 161 987 990 1011 1013 1146 1192 1194 1303 1315 1371 197 18 
8 186 64 183 82 1254 18 164 180 
3 78 18 24 
6 926 115 64 18 54 82 
1 19 
2 232 19 
10 210 208 424 381 339 829 19 255 273 637 
5 212 214 216 19 262 
2 19 210 
20 210 20 270 19 22 368 271 205 284 287 288 213 477 229 549 326 666 356 257 382 
10 21 793 210 244 266 248 19 215 249 309 
36 19 205 207 208 209 213 291 219 220 221 300 222 227 228 549 231 309 232 238 409 243 244 245 247 250 360 363 253 256 372 383 260 264 266 268 405 
5 424 249 244 266 19 
30 255 19 206 291 215 216 217 218 219 298 299 227 307 231 554 337 242 244 245 247 248 249 252 367 258 259 262 265 412 266 
6 208 210 330 381 20 19 
4 273 19 262 206 
10 212 255 19 209 220 227 228 231 256 264 
12 212 19 206 291 220 299 247 249 262 265 412 266 
5 19 176 255 212 239 
6 255 262 212 19 250 268 
5 210 266 212 249 19 
8 21 366 330 216 19 302 215 210 
2 19 210 
7 210 244 19 248 256 249 936 
5 272 273 20 255 19 
2 19 255 
7 424 20 273 22 271 19 619 
1 19 
9 424 215 249 212 19 273 255 210 298 
7 19 244 266 215 210 249 21 
6 22 381 273 19 208 271 
6 272 20 255 19 424 273 
5 19 212 210 215 354 
5 210 19 204 251 257 
4 271 273 19 21 
9 20 440 829 424 660 22 758 19 517 
5 255 19 21 487 650 
1 19 
4 22 271 255 19 
4 210 291 19 350 
8 20 22 19 652 217 249 21 424 
6 424 271 265 19 255 249 
2 249 19 
3 212 255 19 
2 19 210 
10 212 210 19 249 209 211 300 222 228 260 
4 19 21 212 210 
4 273 271 19 666 
6 210 273 212 315 19 216 
16 212 262 249 339 20 255 272 19 321 381 266 372 271 209 222 309 
30 19 212 216 209 211 291 219 299 222 302 227 228 330 239 240 241 244 248 350 251 252 367 256 259 260 262 264 265 412 266 
8 19 259 210 268 255 753 262 218 
4 260 249 19 232 
7 273 19 249 212 20 255 337 
4 372 19 210 266 
3 457 626 19 
56 273 21 19 416 276 424 278 205 287 288 212 215 217 218 298 223 224 227 230 312 323 235 606 408 237 619 240 637 642 645 652 242 344 673 678 348 248 721 250 360 252 762 768 773 782 257 381 259 829 836 842 411 265 412 405 875 
6 266 215 210 249 19 222 
7 19 255 314 424 232 208 360 
5 874 19 262 273 212 
5 255 249 19 212 250 
8 266 424 210 20 19 249 244 251 
1 19 
17 216 249 212 19 420 206 214 218 407 248 250 367 373 258 412 266 268 
2 291 19 
5 210 215 19 249 266 
11 216 212 273 19 255 22 424 271 249 596 240 
15 249 212 216 210 262 19 209 211 219 228 248 253 256 260 264 
3 721 19 309 
5 19 210 262 218 250 
16 273 278 495 20 538 326 608 623 645 685 688 270 378 802 384 392 
20 269 22 208 501 20 305 551 323 606 608 635 636 645 1349 678 688 750 779 369 845 
47 273 855 457 22 454 276 280 282 208 283 286 295 296 20 225 229 308 1157 309 311 233 321 597 325 602 327 237 616 240 630 641 642 336 409 246 248 352 355 356 358 373 381 384 391 265 401 404 
15 298 223 20 516 230 312 588 322 608 645 673 688 248 729 369 
120 22 574 275 936 276 422 424 278 280 205 436 443 284 452 456 458 287 466 214 291 479 294 295 492 299 269 505 510 223 20 302 303 517 225 227 538 540 229 230 306 307 548 555 310 233 563 313 315 578 579 319 323 598 602 327 271 608 615 618 620 627 1296 632 642 335 644 645 648 650 652 655 659 660 340 344 345 673 686 688 246 348 247 352 711 718 354 731 732 360 749 753 252 364 762 768 255 366 367 782 793 795 380 381 258 808 821 822 829 832 836 411 394 858 265 412 869 404 405 874 878 
4 652 381 344 20 
2 20 273 
8 255 273 271 424 20 839 320 343 
4 22 20 469 721 
22 676 440 685 273 619 753 22 555 351 763 20 870 652 483 836 528 255 584 269 729 381 643 
1 20 
9 642 673 424 405 20 22 273 271 637 
1 20 
10 20 457 515 492 381 414 22 271 652 600 
4 22 271 20 296 
6 208 424 20 273 339 288 
2 20 340 
4 271 311 20 401 
7 273 381 652 255 20 208 326 
11 652 330 20 424 321 208 255 339 284 548 320 
7 454 600 20 22 870 309 342 
2 20 330 
10 249 20 216 424 212 210 273 548 238 263 
7 20 652 753 424 440 768 320 
4 656 20 22 411 
10 753 273 440 652 20 381 424 656 469 335 
5 273 351 381 271 20 
4 271 283 20 877 
1 20 
9 20 272 351 227 21 424 255 212 408 
7 249 350 273 20 216 424 212 
4 244 210 339 20 
3 652 20 424 
5 249 424 273 20 220 
3 273 381 20 
1 20 
4 537 695 20 270 
4 20 652 273 424 
6 273 20 21 424 22 212 
12 339 605 20 387 598 652 309 359 375 271 637 643 
25 598 381 248 875 210 267 271 372 339 209 606 20 605 436 289 308 1157 318 326 409 342 359 361 379 400 
4 378 22 20 273 
4 20 271 401 286 
5 20 652 255 753 272 
7 756 637 20 424 652 273 832 
5 424 20 22 408 257 
11 22 20 659 469 747 600 273 529 247 731 404 
1 20 
3 22 875 20 
5 330 375 359 309 20 
2 273 20 
10 20 405 753 292 276 443 836 360 424 288 
4 271 20 288 248 
3 20 272 749 
10 22 424 652 273 270 673 20 368 360 255 
1 20 
2 271 20 
7 208 309 287 652 269 20 756 
10 22 20 647 273 330 469 271 424 652 753 
2 348 20 
7 673 20 656 505 492 22 469 
18 645 20 22 249 424 288 290 213 220 318 596 327 342 360 782 375 400 405 
2 20 440 
2 20 827 
3 179 20 176 
1 20 
10 753 273 440 294 20 469 424 656 594 652 
10 24 424 339 753 946 176 22 652 20 271 
4 252 212 20 424 
3 20 829 753 
20 424 381 20 205 436 438 284 288 300 548 308 1157 309 336 666 1349 248 370 808 878 
11 832 870 844 22 285 20 273 778 696 767 843 
4 598 875 20 424 
5 330 309 22 20 289 
3 20 276 654 
7 273 255 20 652 274 666 383 
5 466 273 20 766 385 
1 20 
1 20 
7 273 255 627 20 749 328 387 
1 20 
4 249 20 299 238 
6 20 652 278 295 298 381 
9 523 22 677 620 273 20 271 648 504 
1 20 
3 20 273 231 
2 271 20 
6 271 22 652 20 637 208 
3 457 20 707 
3 20 424 271 
12 605 652 309 637 375 20 598 436 308 318 643 400 
13 255 424 330 273 652 20 210 320 323 408 662 257 405 
3 381 309 20 
1 20 
2 210 20 
5 22 273 595 844 20 
1 20 
4 424 273 20 220 
7 20 424 212 249 273 262 410 
7 22 20 208 323 647 678 381 
3 20 270 272 
2 339 20 
1 20 
6 20 210 309 248 253 782 
4 271 20 22 262 
3 645 499 20 
9 20 424 330 605 436 308 318 359 400 
1 20 
3 854 20 437 
17 469 767 20 452 22 503 627 457 269 674 637 310 578 641 1370 741 876 
3 20 381 309 
4 22 619 273 20 
30 271 255 368 20 652 273 351 274 416 278 282 205 287 213 477 294 295 303 540 229 309 618 339 673 248 361 379 383 836 398 
6 424 20 208 600 812 652 
4 381 344 20 210 
4 269 614 271 20 
3 345 466 20 
7 756 52 652 749 637 424 20 
8 645 20 348 396 527 308 751 390 
1 20 
3 20 643 777 
4 387 396 20 469 
6 652 271 619 20 424 22 
2 269 20 
1 20 
2 273 20 
1 20 
5 20 527 751 387 390 
2 22 20 
4 20 652 381 407 
2 20 440 
5 309 330 375 20 359 
4 20 271 286 311 
1 20 
2 20 424 
8 271 469 273 645 315 20 836 529 
12 210 20 637 255 22 360 330 652 273 280 320 662 
1 20 
5 398 262 424 673 21 
6 424 360 21 314 255 298 
6 22 21 309 875 271 210 
3 21 548 367 
7 21 652 273 469 293 255 424 
10 424 255 262 212 466 273 652 216 249 21 
13 855 854 763 22 441 509 560 590 593 682 705 757 830 
18 868 720 22 737 695 602 504 537 616 282 500 515 557 597 722 735 789 843 
1 22 
7 652 637 518 255 753 381 22 
4 22 790 680 442 
5 609 837 22 467 855 
7 22 437 449 604 767 794 853 
4 262 424 22 793 
1 22 
16 791 866 273 663 713 758 462 543 813 660 609 837 856 452 576 22 
12 424 492 22 443 553 753 678 829 836 652 479 846 
83 273 22 255 276 420 423 280 205 284 288 211 466 291 292 294 298 299 301 302 225 227 230 306 307 551 554 313 407 314 320 323 234 327 606 330 408 618 239 624 240 630 636 637 642 335 645 648 336 337 652 654 339 341 670 673 678 688 698 711 732 358 360 756 762 768 366 779 367 257 375 808 382 260 832 836 386 391 411 265 412 863 869 403 
5 22 503 757 454 500 
10 22 455 461 466 526 550 570 620 680 740 
8 123 22 521 537 546 631 695 806 
3 574 572 22 
2 22 763 
4 835 22 468 790 
10 589 696 661 600 792 459 504 457 22 671 
3 778 22 767 
2 22 677 
6 855 835 764 22 509 742 
4 601 468 22 504 
8 22 492 273 309 375 359 605 339 
9 22 419 454 855 530 564 684 377 826 
4 22 118 339 936 
10 767 681 870 457 520 763 22 533 632 597 
13 22 278 292 294 516 234 331 335 670 768 783 832 399 
10 22 564 853 413 805 560 669 855 509 831 
19 567 812 680 767 660 457 22 855 659 674 627 417 448 498 506 515 552 843 881 
7 753 652 273 829 22 423 320 
4 22 763 454 767 
3 855 22 504 
7 870 454 22 452 789 694 818 
3 22 685 555 
6 22 680 442 673 567 637 
9 699 536 454 713 22 854 419 763 464 
9 22 587 511 454 457 872 459 795 792 
5 22 603 843 487 583 
20 600 853 273 22 627 422 446 511 528 538 691 694 720 737 749 756 789 795 378 839 
1 22 
56 854 22 425 437 444 446 449 450 457 461 289 462 464 484 486 493 509 519 520 526 586 593 597 599 603 271 614 631 632 659 661 669 671 677 681 683 690 691 694 695 705 709 713 725 750 755 757 767 789 794 812 813 826 830 864 870 
10 22 826 614 740 627 677 812 426 831 847 
8 740 812 22 620 829 647 273 616 
57 533 454 22 431 282 439 442 450 465 472 483 487 488 500 505 515 518 542 546 555 563 564 584 590 593 597 602 271 607 622 627 632 659 684 688 695 705 706 707 709 720 722 727 357 757 761 254 780 786 378 810 826 830 831 843 870 878 
4 821 273 22 652 
11 872 22 787 431 450 500 557 587 597 692 709 
2 22 499 
21 426 740 614 464 567 812 794 800 755 690 669 713 604 826 493 22 533 677 454 509 631 
9 22 454 422 509 511 544 545 578 726 
1 22 
18 794 854 767 614 763 22 454 449 461 493 519 631 671 713 742 761 800 823 
4 22 677 457 872 
9 533 426 273 721 424 22 345 385 412 
5 22 609 855 837 418 
13 22 430 435 503 601 612 736 738 764 769 785 847 871 
28 22 277 294 495 516 538 551 315 327 608 329 636 335 645 647 652 673 703 711 768 779 378 829 390 411 869 404 874 
4 724 22 613 867 
1 22 
6 483 572 707 457 22 780 
4 709 503 671 22 
2 22 803 
2 22 533 
2 22 717 
5 652 208 753 381 22 
1 22 
8 832 273 656 22 645 492 538 423 
2 22 731 
3 22 547 595 
5 843 22 789 573 691 
9 22 572 707 457 278 472 584 685 857 
3 22 454 687 
3 763 22 767 
3 22 767 454 
12 515 659 22 600 504 457 235 451 708 817 843 862 
3 22 706 457 
4 22 545 671 511 
2 22 638 
1 22 
21 571 800 652 767 829 22 538 273 753 805 423 282 436 479 498 510 603 329 691 846 881 
17 561 757 848 631 794 454 602 22 812 509 681 740 564 464 800 519 461 
4 22 532 631 833 
5 469 770 269 22 768 
2 22 843 
3 723 22 663 
5 662 22 442 753 492 
5 22 460 571 580 374 
13 841 414 843 459 792 587 709 692 557 457 22 425 513 
7 707 750 270 753 868 22 165 
5 680 22 812 590 622 
11 22 866 468 767 627 425 473 646 735 378 815 
28 22 414 431 435 445 487 506 514 515 516 567 616 627 631 644 658 680 696 352 730 735 737 738 764 790 810 825 871 
7 753 533 600 457 22 273 329 
3 504 22 442 
1 22 
1 22 
29 681 462 805 413 790 764 454 671 835 441 826 853 564 855 22 434 461 493 590 612 640 646 668 715 742 784 831 848 880 
5 492 22 273 831 538 
21 452 763 855 22 767 567 462 730 520 450 489 545 578 590 597 646 696 715 726 825 864 
1 22 
2 22 500 
3 504 22 814 
31 768 646 659 457 848 504 414 22 600 671 674 589 832 442 567 282 487 552 557 578 583 622 708 718 722 783 786 807 815 843 862 
8 22 469 688 768 747 272 504 440 
6 273 711 22 753 234 765 
5 457 22 416 606 678 
13 699 713 464 873 22 800 454 755 763 541 813 493 599 
22 22 454 767 763 854 439 511 541 604 628 644 700 713 736 759 761 791 794 795 798 813 823 
12 183 52 806 24 868 80 170 104 546 22 1350 427 
1 22 
2 22 352 
1 22 
1 22 
8 22 454 585 533 740 426 748 831 
4 387 396 22 751 
8 452 541 750 22 278 852 857 864 
3 22 404 315 
8 826 627 437 794 22 560 564 805 
7 713 676 22 576 763 791 767 
3 22 539 494 
22 22 439 457 461 466 475 505 526 597 620 627 677 680 682 690 761 776 794 811 812 813 826 
1 22 
4 828 22 840 543 
9 22 854 449 599 634 653 663 723 803 
11 173 800 427 52 22 170 414 305 898 631 924 
12 273 269 469 660 22 452 479 492 510 588 603 691 
6 730 855 543 800 22 532 
3 273 381 22 
11 520 22 763 519 528 625 699 701 801 803 857 
2 457 22 
11 730 22 422 535 539 646 728 790 825 828 840 
2 22 462 
15 671 511 696 709 567 22 462 763 848 831 790 767 614 489 597 
12 868 173 812 123 813 806 457 758 427 22 52 521 
4 22 481 595 946 
7 288 22 291 652 273 339 410 
3 22 210 208 
5 577 22 826 426 831 
4 270 22 424 469 
9 843 22 646 735 757 515 831 709 442 
5 753 829 652 22 423 
3 424 212 22 
9 729 273 685 22 457 278 447 556 857 
3 707 555 22 
15 677 414 515 787 872 602 22 616 459 792 500 622 722 761 843 
8 856 676 22 576 713 791 617 693 
1 22 
8 413 22 736 441 700 530 855 561 
5 564 560 22 493 761 
1 22 
3 457 273 22 
14 669 457 794 627 437 834 530 22 441 493 509 561 805 831 
3 22 712 865 
1 22 
22 22 504 800 813 442 448 461 511 515 545 578 631 646 671 696 709 735 737 759 790 848 864 
5 870 600 22 589 741 
3 763 767 22 
5 688 426 870 800 22 
3 499 22 492 
7 22 812 428 472 483 584 878 
6 22 757 482 603 691 789 
7 22 638 428 620 829 831 273 
2 22 622 
21 676 22 791 763 767 422 531 558 604 613 617 661 693 701 713 755 771 778 799 856 873 
2 22 550 
17 511 567 378 848 699 763 462 637 273 599 22 843 803 515 625 870 597 
3 273 22 652 
3 814 22 499 
2 796 22 
1 22 
12 843 870 709 757 602 515 22 753 451 694 722 818 
9 681 589 763 22 572 483 457 278 780 
6 22 812 526 715 748 831 
5 690 22 454 591 687 
8 709 22 459 792 450 500 622 843 
6 22 538 627 688 645 272 
7 657 22 431 515 568 584 602 
15 457 511 631 413 677 680 682 805 22 848 502 787 509 790 880 
2 586 22 
3 855 22 609 
4 454 22 413 457 
3 22 753 335 
7 22 946 481 547 1391 364 844 
3 22 265 330 
30 414 847 439 602 454 22 627 752 695 511 545 578 757 800 709 682 457 735 834 533 459 271 616 754 671 677 696 826 639 777 
7 273 22 308 309 605 341 359 
11 536 634 454 803 22 519 699 713 854 763 578 
23 22 677 740 431 282 452 289 487 505 515 315 568 602 605 659 708 747 750 768 806 382 863 864 
7 468 22 855 435 730 835 871 
16 589 271 600 273 677 22 695 457 414 493 557 583 597 616 622 843 
10 709 454 843 538 691 870 22 492 573 451 
15 763 767 676 576 419 791 22 520 879 461 693 748 771 772 795 
11 22 645 600 598 436 308 309 643 359 793 375 
11 255 875 424 678 652 637 753 22 518 270 309 
3 753 457 22 
6 469 269 273 22 272 270 
11 22 418 422 467 592 651 665 730 736 814 837 
1 22 
1 22 
4 468 509 772 22 
10 791 470 576 22 724 713 617 693 771 873 
23 22 627 767 763 454 455 461 464 545 631 644 671 675 690 703 748 761 796 800 384 826 852 856 
4 22 753 645 273 
12 737 671 271 22 602 456 504 872 414 557 597 622 
10 873 701 22 558 870 823 661 855 613 576 
5 22 273 381 424 645 
13 255 652 22 278 225 645 662 670 673 380 836 391 857 
10 426 273 22 574 812 855 533 456 352 821 
1 22 
11 587 22 457 737 792 616 557 602 515 502 575 
3 269 22 770 
2 22 424 
5 541 22 578 632 801 
3 858 22 254 
35 457 533 855 504 273 22 442 452 455 503 530 564 588 597 614 646 659 660 680 682 683 688 348 715 738 744 761 764 378 805 841 848 858 864 878 
7 763 855 22 520 767 854 742 
1 22 
7 424 22 863 688 836 271 652 
18 794 537 504 22 812 427 730 494 690 567 464 800 454 677 614 461 493 590 
6 454 457 625 273 22 439 
2 22 870 
5 536 22 763 599 803 
8 182 270 22 165 868 753 750 739 
5 469 270 22 424 779 
19 22 424 721 255 416 280 205 448 308 313 578 606 356 359 378 821 386 405 875 
5 855 22 490 574 831 
2 597 22 
5 509 22 644 853 715 
3 378 22 271 
7 22 658 271 255 273 424 280 
7 359 308 22 605 278 389 857 
13 273 22 520 614 504 767 763 640 735 739 759 795 831 
27 255 270 469 22 273 619 272 721 424 269 479 588 605 330 615 618 654 670 673 756 793 374 836 387 863 404 874 
13 22 503 511 567 737 509 627 790 543 870 515 552 843 
6 368 469 22 456 327 678 
5 652 424 22 273 352 
1 22 
3 22 273 235 
3 609 22 837 
70 721 424 469 22 255 273 274 416 936 423 278 282 443 458 287 288 477 292 294 492 301 306 548 308 553 312 313 579 323 326 327 606 619 239 630 335 648 336 654 662 344 673 678 351 711 356 359 360 753 762 768 782 793 381 808 382 821 829 832 836 386 391 411 857 398 412 405 874 875 883 
4 22 536 681 763 
8 645 870 829 22 652 424 343 687 
2 273 22 
6 22 479 293 294 329 335 
5 22 855 589 728 806 
3 504 22 642 
16 457 454 677 600 22 627 273 442 487 515 315 708 728 747 852 864 
10 22 273 627 767 422 442 538 234 864 878 
7 22 791 576 681 454 431 617 
9 22 360 652 829 619 753 405 498 881 
5 497 536 22 422 746 
1 22 
4 609 22 855 837 
5 339 208 344 22 246 
2 22 804 
4 22 787 738 509 
9 454 794 22 690 826 441 461 564 870 
5 424 22 645 440 619 
20 764 713 22 454 464 567 614 853 431 473 489 509 515 545 597 616 709 715 784 792 
1 22 
19 255 272 469 652 273 619 424 645 381 721 836 22 753 280 448 407 323 329 874 
7 22 442 515 684 708 378 878 
8 854 767 614 22 700 699 763 803 
21 576 713 791 763 22 767 278 531 558 604 693 699 771 772 778 781 823 856 857 873 879 
24 22 812 758 533 767 454 433 455 461 465 557 590 597 600 602 631 659 680 684 690 352 794 826 851 
11 647 753 255 424 270 22 368 518 652 423 606 
3 709 22 694 
16 677 627 533 426 740 730 826 504 855 22 417 442 448 502 590 754 
15 763 767 22 454 439 493 509 584 653 661 710 713 778 799 856 
12 834 627 413 855 22 805 533 826 590 597 777 831 
3 454 22 627 
9 437 767 457 677 758 22 674 812 707 
7 483 22 269 278 447 555 857 
2 273 22 
4 22 586 654 484 
15 273 721 269 627 424 270 272 457 22 516 570 588 630 746 802 
1 22 
14 22 677 454 740 826 614 533 812 794 461 586 631 669 800 
12 22 573 843 538 870 492 454 452 482 603 694 789 
4 792 22 459 500 
11 22 676 558 576 873 823 604 856 763 613 767 
13 815 452 454 446 789 583 22 870 818 691 679 843 809 
9 800 457 427 22 454 414 305 597 602 
23 767 764 720 763 567 790 22 730 511 504 431 545 597 340 709 715 718 739 761 784 803 817 831 
1 22 
3 424 22 900 
14 541 763 813 676 22 854 449 519 578 599 675 710 761 803 
8 22 855 520 560 675 736 769 785 
10 763 791 767 799 873 22 576 541 617 778 
2 22 794 
6 796 22 614 469 800 807 
1 22 
4 454 22 457 413 
3 457 22 488 
9 457 22 472 483 501 556 684 357 780 
7 22 515 789 487 600 674 659 
30 22 757 459 848 454 737 567 696 457 671 790 473 500 545 552 583 587 597 603 679 722 735 759 761 783 786 789 815 843 862 
8 22 813 854 699 763 681 827 746 
6 424 22 469 273 652 517 
2 565 22 
25 676 763 576 22 767 791 454 681 520 464 422 449 461 519 531 558 599 613 671 742 771 778 823 856 873 
3 870 843 22 
12 585 826 748 22 627 696 671 509 764 511 853 640 
1 22 
5 22 757 476 809 818 
6 22 515 273 696 843 844 
2 22 862 
6 452 22 457 414 696 864 
11 255 22 277 466 637 645 652 673 688 836 267 
10 789 583 414 557 792 709 515 457 22 783 
4 763 22 536 497 
3 22 470 613 
2 454 22 
4 511 790 22 462 
2 457 22 
6 814 22 659 543 657 825 
5 22 272 278 555 857 
15 609 22 601 504 511 539 543 631 680 696 737 764 790 825 828 
5 22 273 836 315 480 
3 273 22 424 
1 22 
2 22 797 
12 22 709 825 759 644 503 504 414 737 567 552 597 
8 609 700 22 855 468 520 560 769 
17 504 870 567 22 730 452 414 616 622 646 709 735 761 792 815 843 848 
6 468 504 835 627 22 668 
4 635 644 696 22 
14 812 22 426 455 456 461 493 526 600 680 690 794 796 826 
4 757 378 22 568 
8 628 434 464 509 800 22 873 713 
1 22 
3 627 22 858 
3 22 870 843 
6 663 710 775 813 688 22 
6 600 659 22 516 315 864 
7 604 614 585 526 22 715 831 
6 273 22 452 322 348 386 
8 454 600 270 22 501 528 635 841 
4 387 22 527 396 
3 826 22 597 
39 273 22 652 416 423 278 443 477 292 294 492 498 501 505 517 553 312 583 320 594 327 606 607 615 635 335 336 338 662 673 678 250 768 821 836 869 874 881 883 
4 22 680 597 847 
10 763 854 22 454 576 767 855 461 519 778 
7 22 452 424 645 313 326 386 
21 763 413 454 767 22 457 425 493 552 573 583 597 709 717 741 761 772 784 786 807 862 
7 22 422 546 234 677 684 813 
8 644 520 22 763 767 567 709 735 
1 22 
19 614 757 520 627 803 557 790 709 699 843 457 464 561 737 815 22 533 696 870 
5 424 273 22 255 652 
54 22 413 429 278 439 444 449 464 485 511 519 520 531 541 545 569 576 578 584 599 604 614 628 634 644 653 675 676 681 693 696 699 701 710 713 723 755 757 759 767 772 776 778 791 795 798 799 803 813 823 826 837 864 873 
14 468 855 22 504 730 627 434 509 671 696 715 805 831 835 
2 22 517 
2 345 22 
53 454 419 22 763 854 432 439 442 444 464 485 486 492 503 511 520 531 545 569 576 604 614 628 644 660 340 675 676 677 681 684 693 696 701 713 755 757 759 772 773 778 791 795 799 378 803 823 825 842 853 873 878 879 
16 22 424 469 652 255 753 829 495 440 273 600 292 515 516 863 877 
4 736 468 700 22 
3 22 495 623 
8 713 873 604 856 676 576 613 22 
7 604 767 22 676 763 757 612 
3 255 22 767 
1 22 
3 22 746 820 
4 22 763 533 853 
7 870 682 389 843 22 597 848 
15 681 767 713 856 22 791 701 763 576 873 755 676 432 340 799 
5 469 270 22 424 636 
5 472 457 707 584 22 
2 22 676 
6 652 255 372 330 273 22 
6 22 440 722 515 843 709 
5 757 509 22 696 671 
4 22 855 700 468 
7 709 843 515 22 757 457 809 
6 22 459 557 590 668 880 
2 22 836 
16 691 855 452 454 22 709 870 414 843 573 446 482 694 708 722 818 
20 855 801 730 543 825 567 22 504 417 430 509 545 590 646 696 709 726 761 831 840 
19 763 520 767 22 422 531 558 576 604 613 661 676 701 713 778 799 823 856 873 
12 22 671 737 872 431 450 500 557 587 622 692 722 
7 273 22 605 652 645 420 209 
18 677 702 740 454 533 419 520 22 461 464 493 530 564 631 669 690 800 826 
9 644 273 763 22 520 452 767 604 450 
5 740 614 22 581 703 
2 22 734 
3 763 520 22 
9 778 681 576 873 22 763 767 791 701 
18 22 614 794 464 690 461 492 493 519 537 539 567 570 597 631 695 703 742 
4 625 541 22 790 
3 22 688 269 
15 675 696 22 634 536 854 813 767 474 763 541 699 578 599 761 
2 667 22 
14 509 853 22 855 564 764 627 530 835 441 492 590 682 831 
10 427 52 123 657 600 22 868 1040 521 546 
4 22 703 757 515 
5 273 22 339 424 652 
6 22 818 717 786 694 870 
4 504 457 22 855 
2 22 533 
21 22 454 533 442 455 456 461 493 502 546 572 585 620 631 677 684 690 740 382 826 830 
16 763 854 758 533 520 22 827 454 422 519 546 567 699 710 746 803 
6 609 22 837 514 580 728 
9 709 737 843 503 870 515 22 694 761 
1 22 
3 696 487 22 
8 583 843 789 717 22 694 446 809 
1 22 
2 22 775 
7 22 273 620 753 652 637 458 
2 22 273 
12 676 520 22 873 464 763 713 791 767 856 617 693 
3 123 165 22 
11 730 22 511 543 767 504 728 735 790 828 840 
26 740 455 437 533 812 794 855 457 614 677 763 454 22 461 509 530 550 597 669 680 682 690 715 752 834 847 
4 22 332 710 813 
5 22 543 730 825 535 
18 574 469 652 22 255 273 423 205 443 456 492 553 234 654 338 662 768 883 
5 457 413 812 454 22 
23 526 564 22 509 644 574 805 638 853 682 764 457 696 455 748 441 550 585 790 510 545 552 880 
10 313 440 273 22 424 652 479 515 340 877 
2 494 22 
5 826 22 564 597 682 
8 601 22 764 430 434 509 738 805 
19 753 22 721 652 619 424 255 381 788 645 273 423 278 320 630 673 731 869 404 
10 609 22 763 866 418 422 467 651 665 814 
1 22 
4 22 52 452 276 
5 790 543 825 22 535 
4 750 627 22 500 
3 767 255 22 
35 646 414 457 602 870 442 22 737 557 745 587 487 515 709 451 482 496 500 552 578 583 603 340 691 694 714 718 761 777 783 786 789 815 818 862 
5 595 22 340 718 364 
2 22 270 
3 22 423 492 
6 22 826 455 754 468 597 
12 627 22 737 567 509 493 515 545 578 590 709 777 
1 22 
1 22 
2 22 677 
4 659 22 528 614 
12 767 22 419 441 452 509 640 671 715 776 805 831 
18 22 855 413 449 454 464 520 536 599 628 675 699 710 755 767 377 803 813 
37 22 413 418 434 437 441 442 445 467 509 511 539 560 592 601 271 617 620 627 628 638 657 665 680 682 700 736 755 764 785 789 790 805 810 826 854 880 
14 576 791 681 713 614 676 22 422 558 693 771 778 823 873 
11 541 729 676 555 619 685 22 483 652 528 643 
5 273 22 627 744 626 
1 22 
1 22 
1 22 
7 843 719 709 487 515 757 22 
6 768 22 645 600 424 630 
12 528 567 22 660 763 659 511 747 454 600 720 627 
2 565 22 
4 22 422 503 837 
2 22 470 
8 22 414 1040 501 521 546 635 806 
7 22 469 424 273 836 753 874 
29 737 669 22 454 457 278 439 446 289 568 570 578 583 603 617 633 646 654 340 691 694 714 745 761 777 789 809 815 843 
4 601 468 22 504 
7 465 22 450 459 557 616 792 
18 767 791 713 613 576 856 676 22 763 519 617 693 701 742 771 778 799 823 
9 469 652 645 753 22 273 673 258 869 
9 637 255 652 22 309 317 606 409 341 
2 378 22 
4 22 768 832 296 
9 767 572 674 627 660 339 273 22 457 
4 22 767 676 604 
6 855 831 509 787 590 22 
5 442 662 753 22 492 
1 22 
4 22 753 652 829 
1 22 
1 22 
12 156 176 997 83 30 1201 905 906 1264 1269 919 23 
1 23 
3 123 170 23 
12 23 67 82 173 61 120 24 124 176 126 52 1071 
2 23 82 
8 914 73 123 82 173 23 60 894 
7 24 1298 162 1325 1034 902 23 
1 23 
5 891 61 23 173 82 
5 23 121 173 24 1113 
2 82 23 
8 23 170 123 119 173 112 1042 906 
2 23 537 
4 23 56 24 82 
7 123 61 23 698 165 52 176 
3 23 82 926 
12 23 164 82 1114 1298 24 173 1077 1281 1350 892 1246 
3 910 82 23 
3 126 23 166 
3 176 23 886 
7 173 897 182 67 886 176 23 
1 23 
1 23 
2 925 23 
4 23 82 903 1305 
4 1070 1329 1235 23 
7 979 173 23 61 52 170 182 
7 54 173 23 84 79 166 924 
7 176 123 23 173 82 891 925 
1 23 
2 23 82 
7 123 52 176 23 1168 1370 166 
4 173 23 176 67 
3 23 886 67 
7 25 29 30 23 95 27 1339 
3 52 23 928 
4 164 173 1181 23 
2 927 23 
5 23 913 537 1318 1199 
5 52 23 123 914 909 
6 82 171 23 901 202 189 
12 104 166 23 173 182 56 69 123 963 1200 1304 923 
4 24 69 23 921 
10 83 969 996 96 1214 1240 1290 1315 1328 24 
3 1114 24 81 
10 1346 1231 1356 125 167 131 24 133 82 118 
5 177 24 82 971 1236 
1 24 
5 54 52 61 173 24 
9 161 79 1277 37 24 947 1210 65 39 
6 222 652 1306 273 438 24 
6 69 24 82 1021 1259 1343 
2 24 30 
1 24 
1 24 
4 69 24 82 179 
9 1181 182 164 24 60 997 121 123 1391 
1 24 
3 24 177 164 
1 24 
5 24 951 547 595 336 
9 1196 24 25 79 1256 935 1246 1277 37 
1 24 
2 986 24 
1 24 
3 24 127 946 
1 24 
2 156 24 
1 24 
1 24 
3 1263 24 1104 
1 24 
1 24 
7 1350 24 998 1024 1078 1269 1298 
3 69 24 1285 
4 24 80 1151 1330 
1 24 
2 24 927 
2 24 991 
4 69 24 79 1057 
3 183 161 24 
2 24 969 
1 24 
4 929 1374 24 967 
2 24 82 
4 24 177 82 932 
2 24 49 
3 177 82 24 
2 24 1069 
1 24 
5 24 82 980 1110 1307 
2 24 170 
1 24 
2 24 912 
3 1107 976 24 
1 24 
2 52 24 
6 177 156 30 82 24 1281 
3 24 1149 1253 
8 1205 24 81 156 1153 59 1215 82 
5 24 177 949 1019 1221 
11 79 1356 167 69 24 126 82 179 199 156 1114 
1 24 
2 1386 24 
8 24 1350 73 124 176 156 199 69 
5 964 82 24 1321 49 
2 24 69 
4 24 1094 1055 1001 
5 1181 24 80 1194 1371 
1 24 
4 929 30 24 1363 
6 176 24 174 942 886 67 
4 1078 156 24 959 
3 52 24 1264 
2 1281 24 
4 1055 52 24 993 
5 124 60 65 1230 24 
1 24 
3 52 69 24 
3 1344 1155 24 
4 30 1281 161 24 
5 1208 179 24 82 63 
3 24 179 1114 
1 24 
2 24 82 
2 24 199 
6 1306 173 1031 69 24 52 
5 199 24 1079 167 126 
1 24 
1 24 
1 24 
3 24 82 69 
11 1350 24 73 1031 1111 1175 1207 1220 82 1291 1374 
6 986 124 177 1151 24 1221 
3 24 81 27 
14 82 69 24 937 1058 1082 1151 1165 1251 1257 1259 1276 1343 195 
2 1079 24 
1 24 
4 24 959 1281 1323 
1 24 
2 24 1098 
5 24 82 174 173 59 
3 24 84 69 
8 1350 1374 24 1063 1111 77 121 1382 
5 1377 59 24 73 184 
14 82 1018 69 73 1374 24 173 183 1012 1131 1292 1305 196 1365 
1 24 
2 24 1069 
4 1325 162 24 892 
1 24 
2 79 24 
2 24 56 
3 24 79 1151 
1 24 
3 806 24 868 
3 24 52 56 
10 1374 52 173 82 897 108 179 78 121 24 
1 24 
2 24 56 
2 24 79 
2 1385 24 
6 1147 27 1385 30 1375 24 
1 24 
11 176 37 1057 1151 171 24 1277 1210 126 1254 79 
4 24 78 82 1391 
2 24 1127 
1 24 
1 24 
1 24 
4 24 993 1001 1146 
2 24 177 
9 24 124 1356 126 82 965 1049 1141 1162 
9 24 69 1021 82 1059 1121 1212 1259 1397 
4 24 1058 134 1328 
1 24 
1 24 
2 24 1281 
7 1356 24 82 1029 77 1372 143 
1 24 
2 179 24 
2 24 173 
1 24 
1 24 
7 69 1139 167 1122 24 974 1033 
10 156 82 78 24 1235 167 69 911 1329 49 
7 174 176 67 173 889 24 190 
1 24 
1 24 
3 1253 24 77 
1 24 
2 24 27 
4 52 24 173 902 
6 24 156 1350 1193 959 998 
9 80 24 1013 1022 1148 1274 1307 1352 1371 
1 24 
1 24 
3 1021 24 1343 
5 1219 24 81 69 1178 
2 24 118 
4 59 24 1377 1097 
1 24 
1 24 
7 82 24 164 1363 52 1200 1236 
2 82 24 
1 24 
1 24 
6 167 59 69 1115 1122 24 
1 24 
8 1281 156 1356 24 173 82 176 993 
1 24 
3 24 1238 1179 
3 24 1377 1085 
3 1026 1254 24 
1 24 
4 73 24 176 1350 
4 52 24 69 1356 
1 24 
1 24 
5 1325 24 69 1306 956 
2 82 24 
6 167 69 1122 1139 24 59 
3 30 24 980 
3 174 24 1238 
7 30 24 1186 1198 1222 1227 1262 
4 80 976 24 87 
17 30 83 167 1029 1181 24 1114 126 82 1018 179 60 1356 156 1374 1371 79 
2 24 1356 
5 24 895 30 79 40 
16 24 167 179 930 161 171 987 1008 1111 126 1143 1149 902 80 82 124 
8 69 1139 59 167 1122 24 1092 1327 
2 1119 24 
2 1214 24 
3 115 109 24 
3 24 82 1116 
1 24 
7 79 1058 81 82 78 164 24 
11 24 69 167 1069 1092 1106 1115 1139 1170 1239 1327 
4 69 24 82 1396 
2 24 69 
4 24 82 78 79 
2 82 24 
2 24 1051 
4 106 82 24 115 
1 24 
2 24 69 
3 24 69 1031 
1 24 
4 24 179 69 1362 
1 24 
1 24 
3 52 24 173 
3 183 179 24 
1 24 
9 69 167 24 1122 1069 1106 1115 1170 1327 
1 24 
5 24 1181 1057 1147 1253 
2 82 24 
3 1114 1214 24 
1 24 
4 82 24 1356 124 
7 51 1055 199 1253 161 126 24 
5 176 24 1385 1047 1141 
2 1079 24 
8 80 82 69 24 1114 984 62 1360 
2 52 24 
13 24 121 79 82 1021 961 1019 1038 1049 62 1221 1287 1352 
3 24 82 179 
8 1205 82 156 81 24 1356 1215 985 
3 24 1318 58 
7 24 79 1196 124 82 1005 1344 
3 69 82 24 
4 24 339 271 309 
1 24 
2 30 24 
2 52 24 
6 179 24 1356 78 1206 1296 
3 1057 24 126 
1 24 
2 24 82 
4 1021 1306 83 24 
3 24 167 1350 
2 24 27 
2 24 917 
3 82 58 24 
6 24 1122 59 167 1139 69 
5 24 1253 160 1218 1224 
2 24 167 
1 24 
6 24 78 1281 25 1210 1269 
2 1018 24 
1 24 
6 164 1356 60 24 121 82 
2 24 1083 
3 1096 24 1238 
1 24 
17 161 82 176 126 30 24 124 80 183 942 994 1111 1141 1303 1384 922 76 
3 59 24 1189 
5 1385 30 24 69 96 
6 24 25 1291 69 134 1269 
2 24 30 
6 82 121 1109 69 24 188 
3 176 24 161 
4 24 1334 1318 1361 
2 24 1182 
1 24 
4 82 24 1242 197 
8 1356 199 126 69 156 1254 24 82 
3 24 1078 1281 
6 1318 56 126 994 199 24 
4 121 107 24 120 
7 24 82 126 947 25 1155 1264 
3 24 69 179 
5 78 1109 24 73 1227 
2 24 924 
12 24 177 64 161 95 82 927 59 56 30 126 1088 
3 886 24 177 
3 24 173 69 
1 24 
2 24 1281 
6 1214 179 24 167 985 1153 
4 1161 24 1356 1296 
2 24 1018 
2 24 1007 
1 24 
8 1375 1174 78 24 935 1049 96 39 
1 24 
5 24 1058 78 1318 82 
1 24 
10 929 167 24 1117 1143 1205 78 1265 1315 81 
3 24 985 1153 
2 24 82 
1 24 
4 1171 67 24 1224 
7 82 81 1356 24 1083 1343 1397 
4 24 1018 126 1307 
10 90 80 124 177 1151 24 986 1353 1019 78 
8 1262 78 177 161 1109 124 24 82 
1 24 
4 1171 1218 24 160 
1 24 
6 126 176 173 24 60 82 
5 78 1109 82 1198 24 
3 24 78 195 
8 118 82 133 167 131 24 1346 1356 
4 156 24 65 1002 
8 78 1356 82 24 133 118 931 130 
2 24 156 
1 24 
2 1371 24 
5 24 1254 176 1070 911 
10 82 1352 932 60 65 1350 1281 1254 24 1088 
1 24 
4 24 1096 1108 1179 
3 24 82 1122 
3 929 1363 24 
2 24 27 
2 24 1191 
3 24 69 1304 
1 24 
3 1328 24 30 
10 124 947 1318 24 126 902 1356 1281 1375 1298 
1 24 
1 24 
1 24 
3 24 108 1356 
4 25 1021 24 1339 
1 24 
7 82 24 984 1074 1141 1146 1171 
17 82 24 31 200 1049 1098 96 1192 1235 1236 36 1394 43 91 46 28 49 
1 24 
4 24 82 947 1269 
3 24 1021 1350 
3 83 81 24 
7 1318 1058 78 1021 937 82 24 
3 73 24 78 
3 124 126 24 
4 24 179 1109 1222 
4 156 24 956 1370 
8 999 24 61 1281 126 886 1196 156 
6 1356 82 24 1214 81 69 
3 24 81 179 
2 24 60 
6 1281 52 1350 69 82 24 
14 959 95 1363 24 886 1256 1184 79 1281 121 69 1174 82 161 
2 1381 24 
1 24 
3 1281 27 24 
2 170 24 
7 1079 24 80 161 69 55 1345 
2 24 82 
3 24 1021 173 
5 947 25 24 935 1049 
1 24 
2 24 177 
1 24 
24 1193 24 177 983 25 1000 1006 1024 1062 1094 168 1174 902 1204 1236 1246 1264 1268 1269 1272 1284 1305 1353 193 
3 24 52 81 
1 24 
2 24 1281 
4 24 960 171 105 
2 80 24 
7 24 1151 120 126 79 80 161 
3 24 69 167 
1 24 
5 24 83 60 929 1321 
3 24 1018 1184 
4 24 1031 1317 51 
1 24 
2 132 24 
2 52 24 
4 24 1206 273 1161 
1 24 
6 60 959 24 892 902 1246 
1 24 
6 183 173 156 59 83 24 
1 24 
3 170 134 24 
6 1356 199 1181 60 59 24 
3 927 24 1243 
9 106 1031 24 910 1350 176 1306 195 1281 
10 82 73 173 83 24 936 1012 1104 1165 1305 
6 976 1079 82 24 87 1220 
5 167 52 54 75 24 
1 24 
5 179 27 177 30 24 
3 24 82 167 
3 24 58 132 
1 24 
2 24 1386 
8 52 173 199 1214 929 24 126 69 
1 24 
5 24 82 168 105 1292 
12 1356 79 24 1154 1188 1194 1212 1246 1259 1361 1397 924 
1 24 
2 24 1323 
3 991 1290 24 
3 24 1356 82 
4 24 1024 1320 156 
4 24 73 156 176 
7 179 82 24 162 1034 892 1104 
3 69 24 179 
7 24 1115 59 1122 167 69 1139 
4 24 929 1059 1245 
5 179 1070 24 56 911 
4 961 161 24 80 
1 24 
2 24 82 
1 24 
2 24 1188 
1 24 
1 24 
5 80 24 1356 78 161 
2 82 24 
4 1251 920 24 25 
4 176 118 82 24 
3 24 59 96 
2 167 24 
7 1021 937 79 126 24 1219 1082 
5 1155 82 24 79 1005 
2 1274 24 
7 24 167 931 125 135 1229 130 
1 24 
2 177 24 
4 179 270 339 24 
18 24 959 990 1018 1029 1078 521 1100 1166 902 1236 120 1257 1268 176 1305 1374 1380 
2 24 82 
9 24 1079 79 124 1151 80 82 1236 1359 
4 1281 24 176 1221 
1 24 
1 24 
39 24 78 167 179 931 125 171 987 135 1057 1063 1094 1101 1111 1112 1145 1153 1161 1177 1192 1206 1219 1229 1231 82 1246 1250 1265 1303 1318 1322 1337 1391 1397 164 81 79 130 76 
1 24 
4 176 1385 24 34 
5 24 1352 30 27 188 
4 124 24 1149 87 
4 51 24 1188 1318 
6 27 1133 69 24 37 29 
10 30 24 996 1088 96 1240 1269 60 181 91 
2 24 156 
8 56 1031 58 196 82 24 115 78 
4 69 30 24 27 
1 24 
1 24 
4 81 82 173 24 
7 24 82 378 56 169 917 1263 
7 994 1111 199 126 24 1079 1234 
7 24 132 177 120 1063 75 77 
2 24 52 
9 24 1350 1018 969 1029 1031 1042 1111 27 
9 95 60 24 171 1047 96 1210 1246 39 
1 24 
7 24 73 82 1030 1085 1097 1391 
1 24 
2 24 105 
3 24 1350 67 
2 24 1270 
2 1029 24 
3 126 24 60 
3 24 1181 126 
7 24 1046 1047 96 1147 1183 1358 
4 24 989 1314 1399 
2 167 24 
1 24 
1 24 
1 24 
11 1356 59 51 1050 942 24 60 1377 78 82 595 
1 24 
2 24 82 
4 24 1254 37 49 
1 24 
7 24 83 82 69 126 177 1123 
7 1356 1318 82 1058 24 1219 67 
1 24 
2 1386 24 
3 24 82 69 
