1 2 
3 3 4 1 
40 5 6 7 8 9 10 11 12 13 14 15 16 17 18 19 20 21 22 23 24 25 26 27 28 29 30 31 32 33 34 35 36 37 38 39 2 40 41 42 43 
7 44 45 46 47 2 48 49 
897 50 51 52 53 54 55 56 57 58 59 60 61 62 63 64 65 66 67 68 69 70 71 72 73 74 75 76 77 78 79 80 81 82 83 84 85 86 87 88 89 90 91 92 93 94 95 96 97 98 99 100 101 102 103 104 105 106 107 108 109 110 111 112 113 114 115 116 117 118 119 120 121 122 123 124 125 126 127 128 129 130 131 132 133 134 135 136 137 138 139 140 141 142 143 144 145 146 147 148 149 150 151 152 153 154 155 156 157 158 159 160 161 162 163 164 165 166 167 168 169 170 171 172 173 174 175 176 177 178 179 180 181 182 183 184 185 186 187 188 189 190 191 192 193 194 195 196 197 198 199 200 201 202 203 204 205 206 207 208 209 210 211 212 213 214 215 216 217 218 219 220 221 222 223 224 225 226 227 228 229 230 231 232 233 234 235 236 237 238 239 240 241 242 243 244 245 246 247 248 249 250 251 252 253 254 255 256 257 258 259 260 261 262 263 264 265 266 267 268 269 270 271 272 273 274 275 276 277 278 279 280 281 282 283 284 285 286 287 288 289 290 291 292 293 294 295 296 297 298 299 300 301 302 303 304 305 306 307 308 309 310 311 312 313 314 315 316 317 318 319 320 321 322 323 324 325 326 327 328 329 330 331 332 333 334 335 336 337 338 339 340 341 342 343 344 345 346 347 348 349 350 351 352 353 354 355 356 357 358 359 360 361 362 363 364 365 366 367 368 369 370 371 372 373 374 375 376 377 378 379 380 381 382 383 384 385 386 387 388 389 390 391 392 393 394 395 396 397 398 399 400 401 402 403 404 405 406 407 408 409 410 411 412 413 414 415 416 417 418 419 420 421 422 423 424 425 426 427 428 429 430 431 432 433 434 435 436 437 438 439 440 441 442 443 444 445 446 447 448 449 450 451 452 453 454 455 456 457 458 459 460 461 462 463 464 465 466 467 468 469 470 471 472 473 474 475 476 477 478 479 480 481 482 483 484 485 486 487 488 489 490 491 492 493 494 495 496 497 498 499 500 501 502 503 504 505 506 507 508 509 510 511 512 513 514 515 516 517 518 519 520 521 522 523 524 525 526 527 528 529 530 531 532 533 534 535 536 537 538 539 540 541 542 543 544 545 546 547 548 549 550 551 552 553 554 555 3 556 557 558 559 560 561 562 563 564 565 566 567 568 569 570 571 572 573 574 575 576 577 578 579 580 581 582 583 584 585 586 587 588 589 590 591 592 593 594 595 596 597 598 599 600 601 602 603 604 605 606 607 608 609 610 611 612 613 614 615 616 617 618 619 620 621 622 623 624 625 626 627 628 629 630 631 632 633 634 635 636 637 638 639 640 641 642 643 644 645 646 647 648 649 650 651 652 653 654 655 656 657 658 659 660 661 662 663 664 665 666 667 668 669 670 671 672 673 674 675 676 677 678 679 680 681 682 683 684 685 686 687 688 689 690 691 692 693 694 695 696 697 698 699 700 701 702 703 704 705 706 707 708 709 710 711 712 713 714 715 716 717 718 719 720 721 722 723 724 725 726 727 728 729 730 731 732 733 734 735 736 737 738 739 740 741 742 743 744 745 746 747 748 749 750 751 752 753 754 755 756 757 758 759 760 761 762 763 764 765 766 767 768 769 770 771 772 773 774 775 776 777 778 779 780 781 782 783 784 785 786 787 788 789 790 791 792 793 794 795 796 797 798 799 800 801 802 803 804 805 806 807 808 809 810 811 812 813 814 815 816 817 818 819 820 821 822 823 824 825 826 827 828 829 830 831 832 833 834 835 836 837 838 839 840 841 842 843 844 845 846 847 848 849 850 851 852 853 854 855 856 857 858 859 860 861 862 863 864 865 866 867 868 869 870 871 872 873 874 875 876 877 878 879 880 881 882 883 884 885 886 887 888 889 890 891 892 893 894 895 896 897 898 899 900 901 902 903 904 905 906 907 908 909 910 911 912 913 914 915 916 917 918 919 920 921 922 923 924 925 926 927 928 929 930 931 932 933 934 935 936 937 938 939 940 941 942 943 944 945 
47 946 947 59 80 948 949 950 951 952 953 954 955 956 957 958 959 960 961 962 963 964 965 966 967 968 969 970 971 972 973 974 975 976 977 3 978 979 980 981 982 983 984 985 986 987 988 989 
106 990 991 80 992 993 950 994 995 140 996 151 997 998 999 1000 1001 1002 1003 1004 1005 291 1006 1007 1008 1009 1010 1011 1012 1013 1014 1015 1016 1017 395 1018 1019 1020 1021 1022 1023 1024 1025 1026 1027 1028 1029 3 1030 1031 1032 1033 1034 1035 1036 1037 1038 1039 1040 1041 1042 1043 1044 1045 1046 1047 1048 1049 1050 1051 1052 1053 1054 1055 1056 1057 1058 1059 1060 1061 1062 1063 1064 1065 1066 1067 1068 1069 1070 1071 1072 1073 1074 1075 1076 1077 1078 1079 1080 1081 1082 1083 1084 1085 1086 1087 1088 
10 58 1089 80 1090 1091 3 1092 1093 1094 1095 
38 1096 1097 80 949 1098 950 1099 1100 1101 1102 1103 1104 1105 1106 1107 1108 1109 1110 1111 1112 1113 1114 1115 1019 1116 3 1117 1118 1119 1120 1121 1122 1123 1124 1125 1126 1127 1128 
5 73 80 103 3 1129 
2 1130 3 
22 1131 1132 1100 1133 1134 1135 3 1136 1137 1138 1139 1140 1141 1142 1143 1144 1145 1146 1147 1148 1149 1150 
111 947 80 91 949 1151 1152 1153 952 1154 1155 1156 1157 1158 1159 1160 1161 955 1162 1163 1164 1165 1166 1167 1168 1169 1170 1171 1172 1173 1174 1175 1176 1177 1178 1179 1180 1181 1182 1183 1184 1185 1186 1187 1188 1189 1190 1191 1192 1193 1194 1195 1196 1197 1198 1199 1200 1201 1202 1203 1204 1205 1206 1207 1208 1209 1210 1211 1212 1213 1214 1215 1216 1217 1218 1219 1220 1221 1222 1223 1224 1225 1226 1227 1228 1229 1230 1231 3 1232 1233 1234 1235 1236 1237 1238 1239 1240 1241 1242 1243 1244 1245 1246 1247 1248 1249 1250 1251 1252 1253 1254 
8 108 129 1255 1256 1257 1258 3 1259 
8 80 129 1260 3 1261 1262 1263 1264 
2 129 3 
15 1100 1265 1266 1267 3 1268 1269 1270 1271 1272 1273 1274 1275 1276 1277 
26 1278 1279 1280 1281 1282 1283 1284 1285 1286 1287 1288 1289 1290 1291 1292 1293 1294 3 1295 1296 1297 1298 1299 1300 1301 1302 
9 1303 1304 1305 1306 1307 1308 3 1309 1310 
29 1311 1312 1006 1313 1314 1315 1316 1021 1317 1318 3 1319 1320 1321 1322 1323 1324 1325 1326 28 40 1327 1328 1329 1330 1331 1332 1333 1276 
157 1334 1255 1335 1336 1337 1338 1339 1340 1341 1342 1343 1344 1345 1346 1347 1348 1349 1350 1351 1352 1353 1354 1355 1356 1357 1358 1359 1360 1361 1362 1363 1364 1365 1366 1367 1368 1369 1370 1371 1372 1373 1374 1375 1376 1377 1378 1379 1380 1381 1382 1383 1384 1385 1386 1387 1388 3 1389 1390 1391 1392 1393 1394 1395 1396 1397 1398 1399 1400 1401 1402 1403 1404 1405 1406 1407 1408 1409 1410 1411 1412 1413 1414 1415 1416 1417 1418 1419 1420 1421 1422 1423 1424 1425 1426 1427 1428 1429 1430 1431 1432 1433 1434 1435 1436 1437 1438 1439 1440 1441 1442 1443 1444 1445 1446 1447 1448 1449 1450 1451 1452 1453 1454 1455 1456 1457 1458 1459 1460 1461 1462 1463 1464 1465 1466 1467 1468 1469 1470 1471 1472 1473 1474 1475 1476 1477 1478 1479 1480 1481 1482 1483 1484 1485 1486 1487 1488 
6 1489 1490 3 1491 1492 1493 
12 1494 1495 3 1496 1497 1498 1499 1500 1501 1502 1503 1504 
12 1505 1506 1507 1508 1509 1510 1511 1512 3 1513 1514 1515 
5 1516 1509 1517 1518 3 
3 1519 1520 3 
4 1521 1522 3 1523 
4 1524 3 1525 20 
3 1526 3 1527 
7 1528 1529 3 1530 1531 1532 1533 
3 1534 3 1535 
1 3 
1 3 
1 3 
1 3 
1 3 
1 3 
1 3 
1 3 
3 3 20 1276 
1 3 
1 3 
1 3 
48 53 1536 1537 1538 1539 1540 1541 1542 1543 1544 1545 1546 1547 1548 1549 1550 1551 1552 1553 1554 1555 1556 1557 1558 1559 1560 1561 1562 1563 1564 1565 1566 1567 1568 1569 1570 1571 1572 1573 4 1574 1575 1576 1577 1578 1579 1580 1581 
12 1582 1583 4 1584 1585 1586 1587 1588 1589 1590 1591 1592 
15 73 1593 1594 1595 1596 1597 1598 1599 1600 4 1601 1602 1603 1604 1605 
4 1606 1607 4 1608 
1 4 
2 4 1609 
617 1610 1611 1612 1613 1614 1615 1616 1617 1618 947 1619 58 61 1620 1621 67 68 1622 1623 71 1624 1625 1626 75 77 1627 79 1628 1629 83 1630 1631 1632 90 1633 1634 1635 1636 100 1637 1638 1639 1640 1641 1642 1643 1644 1645 1646 1647 108 1648 1649 1650 1651 1652 1653 1654 1655 1656 1657 1658 1659 1660 1661 1662 1663 117 1664 1665 1666 1667 1668 1669 1670 1671 1672 1673 1674 1675 1676 1677 1678 1679 1680 1681 1682 1683 118 1684 1685 1686 1687 1688 1689 1690 1691 1692 1693 1694 1695 1696 1697 1698 1699 1700 1701 1702 1703 1704 1705 1706 1707 1708 1709 1710 1711 1712 1713 1714 1715 1716 1717 1718 1719 1720 1721 1722 1723 1724 1725 1726 1727 1728 1729 1730 1731 1732 1733 1734 1735 1736 1737 1738 1739 1740 1741 1742 1743 1744 1745 1746 1747 1748 1749 1750 1751 1752 1753 1754 1755 1756 1757 1758 1759 1760 1761 1762 1763 1764 1765 1766 1767 1768 1769 1770 1771 1772 1773 1774 1775 1776 119 1777 1778 1779 1780 1781 1782 1783 1784 1785 120 1786 1787 1788 1789 1790 1791 1792 1793 1794 1795 1796 1797 1798 1799 1800 1801 1802 1803 1804 1805 1806 1807 1808 1809 1810 1811 1812 1813 1814 1815 1816 1817 1818 1819 1820 1821 1822 1823 994 1824 1825 1826 1827 1828 1829 1830 1831 1832 1833 1834 1835 1836 1837 1838 1839 1840 1841 1842 1843 1844 1845 1846 1847 1848 1849 1850 1851 1852 1853 1854 1855 1856 1857 1858 1859 1860 1861 1862 1863 1864 1865 1866 1867 1868 1869 1870 1871 1872 1873 1874 1875 1876 1877 1878 1879 1880 1881 1882 1883 1884 121 1885 1886 1887 1888 1889 1890 5 1891 1892 1893 1894 1895 1896 1897 1898 1899 1900 1901 1902 1903 1904 1905 1906 1907 1908 1909 1910 1911 1912 1913 1914 1915 1916 1917 1918 1919 1920 1921 1922 1923 1924 1925 1926 1927 1928 1929 1930 1931 1932 1933 1934 1935 1936 1937 1938 1939 1940 1941 1942 1943 1944 1945 1946 1947 1948 1949 1950 1951 1952 1953 1954 1955 1956 1957 1958 1959 1960 1961 1962 1963 1964 1965 1966 1967 1968 1969 1970 1971 1972 1973 1974 1975 1976 1977 1978 1979 1980 1981 1982 1983 1984 1985 1986 1987 1988 1989 1990 1991 1992 1993 1994 1995 1996 1997 1998 1999 2000 2001 2002 2003 2004 2005 2006 2007 2008 2009 2010 2011 2012 2013 2014 2015 2016 2017 2018 2019 2020 2021 2022 2023 2024 2025 2026 2027 2028 2029 2030 2031 2032 2033 2034 2035 2036 2037 2038 2039 2040 2041 2042 2043 2044 2045 2046 2047 2048 2049 2050 2051 2052 2053 2054 2055 2056 2057 2058 2059 2060 2061 2062 2063 2064 2065 2066 2067 2068 2069 2070 2071 2072 2073 2074 2075 2076 2077 2078 2079 2080 2081 2082 2083 2084 2085 2086 2087 2088 2089 2090 2091 2092 2093 2094 2095 2096 2097 2098 2099 2100 2101 122 2102 2103 2104 2105 2106 2107 2108 2109 2110 2111 2112 2113 2114 2115 2116 2117 2118 2119 2120 2121 2122 2123 2124 2125 2126 2127 2128 2129 2130 2131 2132 2133 2134 2135 2136 2137 2138 2139 2140 2141 2142 2143 2144 2145 2146 2147 2148 2149 2150 2151 2152 2153 2154 2155 2156 2157 2158 2159 2160 2161 2162 2163 2164 2165 2166 2167 2168 2169 2170 2171 2172 2173 2174 2175 2176 2177 2178 2179 2180 2181 2182 2183 2184 2185 2186 2187 2188 2189 2190 2191 2192 2193 2194 2195 2196 2197 2198 2199 2200 123 124 125 126 530 
12 1610 55 947 58 1096 1621 76 84 5 153 162 297 
90 1610 1612 1613 53 54 55 57 947 58 60 1536 61 1540 65 1089 67 68 70 1623 1626 72 75 1097 76 1130 77 79 1628 80 83 948 84 89 90 91 1633 92 93 1640 950 1644 105 107 108 112 1651 114 1718 120 121 5 1911 2044 124 127 128 129 132 133 137 144 163 167 186 187 191 194 999 195 196 197 198 1090 199 200 1545 201 1546 202 203 204 205 206 207 208 209 210 535 941 986 
154 1610 1612 1613 52 1615 1616 54 55 57 1618 947 1619 58 59 60 1096 1536 61 65 1089 1621 1582 66 67 69 1622 1543 1623 1624 1625 1626 72 73 1544 75 1097 76 77 78 79 1628 80 81 1131 82 83 84 86 1632 87 88 89 90 91 1633 92 93 94 95 1634 99 101 1640 950 1644 1647 108 1652 1657 114 1699 1713 1773 120 1825 5 1922 1993 1997 2015 2044 2065 2122 128 130 133 1593 1132 140 144 150 151 163 165 166 171 172 176 182 186 187 194 197 1090 199 201 205 206 207 211 212 1547 213 1279 214 215 216 217 1548 218 219 220 221 222 44 1311 223 224 225 226 227 228 1000 1280 1334 229 230 1549 1489 1281 231 232 1255 1282 233 247 271 1267 345 832 1268 941 986 1577 
37 1612 52 53 1618 991 947 1619 58 1096 1089 67 69 1623 1626 72 1097 1627 80 1131 948 89 90 1639 1640 1643 1644 5 157 158 159 160 161 1100 223 299 1009 515 
126 1610 51 1611 1612 1613 52 53 1615 1616 1618 991 947 1619 58 59 60 1096 61 64 65 1089 1621 1582 66 67 68 1543 1623 1624 1625 1626 1544 75 1097 76 77 1628 80 81 1131 83 948 1631 1632 87 89 98 99 1638 1639 1640 952 1642 1643 1644 1646 1647 1648 110 112 1651 1652 1655 1656 1657 1671 1682 1716 1740 1767 1774 120 1817 1853 1856 1890 5 1900 1903 1965 1979 2019 2035 2086 2120 2134 2190 130 1593 137 156 160 163 967 165 166 167 1165 168 169 170 171 172 173 174 1100 175 176 177 178 179 180 181 182 1594 183 184 185 186 187 188 1339 295 832 1422 1577 
5 1612 76 80 5 297 
15 1612 52 53 1618 947 1540 80 83 93 5 129 268 269 911 1576 
128 50 51 1612 1613 52 53 1615 54 55 1618 991 947 1619 59 60 1536 61 64 65 1089 1582 66 67 69 1543 70 1623 1624 1625 1626 1544 75 1097 76 77 1628 80 81 83 89 90 1633 93 94 1634 97 99 100 101 1639 1640 1644 1646 108 1649 112 114 1658 1825 1886 5 2015 2078 2149 2151 2190 127 128 129 130 132 133 1593 135 137 144 147 150 152 163 169 171 1100 176 182 187 1278 196 197 198 1090 202 203 207 1548 1311 223 230 232 1335 1260 237 240 242 1001 247 1338 252 253 254 255 256 257 258 259 260 261 8 262 263 264 1339 265 266 267 297 669 1577 
45 1612 1613 53 1615 1617 55 1618 947 58 1536 65 1089 1621 67 1622 1543 1623 1626 72 1544 76 77 1131 83 89 90 94 107 108 5 1956 6 132 140 141 150 151 171 187 197 244 1337 1506 1577 1515 
128 1612 1613 52 53 1615 1616 55 1618 947 58 1096 61 65 1582 66 67 69 1623 71 1624 1625 72 75 1097 76 77 79 1628 80 81 1131 1629 83 948 1632 89 90 1633 92 93 94 95 97 98 99 1639 1640 950 105 1646 107 110 1651 1656 114 1701 1713 119 1777 120 1825 1828 1856 1873 5 1900 1911 1961 1965 1986 1991 2003 2014 2025 2154 2164 2182 129 130 131 132 1593 134 137 144 150 152 153 156 161 1165 169 1100 181 189 192 194 195 202 203 205 206 1548 220 1311 230 237 240 1001 1506 253 262 263 266 275 276 277 1551 286 291 297 298 299 300 365 793 1422 1515 
56 50 52 53 55 1618 947 58 60 1096 64 65 1089 1582 67 1622 1623 71 72 73 75 76 77 79 1628 80 83 948 89 90 95 99 950 1644 105 107 1651 5 124 127 130 132 1593 140 150 151 157 163 189 192 195 198 205 206 1311 1109 1570 
6 1130 80 950 5 329 399 
5 1540 71 5 308 1561 
21 55 947 58 61 65 67 73 1130 77 80 83 87 89 95 950 5 124 129 182 325 326 
92 1612 52 53 55 1618 991 947 1619 58 59 60 1096 61 1540 64 1089 1582 66 67 68 1622 1623 1624 1625 73 1544 75 1097 77 79 1628 80 81 1131 83 87 89 90 1633 93 95 99 103 1156 1157 105 107 108 112 113 1651 116 5 1911 1935 2135 129 130 133 137 145 150 167 171 1100 188 196 197 198 1090 203 205 1548 1311 1595 243 1001 1002 1283 244 1516 1550 1107 259 287 309 1314 332 333 1169 941 986 
39 53 55 947 58 60 65 1089 1582 67 68 69 70 1624 72 1097 80 89 108 120 5 1993 137 146 150 160 172 1100 179 195 207 211 227 265 354 460 476 477 478 479 
101 50 1613 52 53 1615 54 55 1618 947 1619 58 59 60 1096 1536 61 64 65 1089 1621 1582 66 69 1543 70 1623 1625 1626 72 1544 1097 76 77 80 81 83 948 87 89 90 93 99 100 1639 1640 105 1646 108 1649 1657 114 1658 1825 1880 1886 5 2015 2078 2149 128 129 130 131 132 133 1593 137 144 147 150 171 1100 182 187 189 1278 197 1090 202 203 1548 1311 237 240 242 1001 1506 1338 254 255 256 258 259 264 265 266 267 297 313 1577 1515 
21 50 52 55 947 1096 65 1582 66 1622 71 1624 73 1130 1628 81 87 89 99 5 1593 189 
64 1611 53 54 1618 947 58 60 1089 66 67 1623 73 80 1633 97 98 99 1639 1713 119 5 123 131 132 1593 134 137 142 144 150 156 164 181 189 194 1090 202 1548 235 240 249 253 260 262 263 266 272 277 278 286 297 298 326 1256 362 363 364 365 366 367 368 369 370 371 
33 52 1618 947 58 66 67 1543 1623 1544 77 80 81 83 948 85 90 95 1646 121 5 130 150 169 1100 188 189 203 207 1548 235 272 354 1577 
61 50 1613 947 60 61 63 1540 68 1624 76 1130 79 80 82 83 87 89 90 91 1633 92 95 950 1644 105 108 120 1817 5 2033 127 128 130 131 137 151 152 165 182 195 197 198 203 210 220 1311 1334 232 1255 237 243 287 295 313 1012 349 377 378 379 380 381 
50 1610 1611 52 53 54 1618 947 1619 59 60 1096 61 1621 1582 66 67 1622 1543 1623 73 1544 75 1097 76 78 1628 80 81 948 87 90 1633 1640 950 1648 112 5 2135 129 131 1593 137 150 163 1100 188 191 196 482 1577 
129 53 1618 61 64 65 68 69 72 76 79 80 1131 83 88 89 90 95 99 101 103 950 105 106 108 113 5 124 127 129 130 132 137 144 163 166 172 173 174 1594 193 195 196 198 205 206 210 216 221 226 232 1255 237 243 245 246 1337 1506 1339 266 270 274 281 291 301 1008 313 1341 1342 320 1290 341 344 349 352 358 359 361 372 1346 1347 378 385 386 1349 46 387 388 389 1350 1508 1351 390 391 1352 1353 1114 392 1354 393 394 395 396 1355 1356 397 1597 1598 1357 1358 1359 398 1360 1361 399 400 401 1362 1363 1364 1365 402 403 1599 1366 1367 10 511 941 986 
2 5 326 
53 50 52 53 1615 55 1618 947 1619 58 60 1096 1536 61 65 1089 1621 1582 1623 72 76 79 1628 80 83 84 86 87 89 90 1634 1640 107 1651 1825 5 1993 2044 128 130 1593 1132 150 163 165 186 187 199 213 217 1548 219 1280 231 
88 51 52 53 1615 55 56 1618 991 947 1619 58 59 60 1096 61 1089 1582 67 1622 1543 71 1626 72 73 75 77 1628 80 81 87 88 89 99 1156 1642 954 1649 112 1651 120 1875 5 1993 2086 2151 128 130 1593 149 162 163 171 180 188 189 195 1090 211 220 235 236 237 249 250 258 271 279 280 305 310 317 359 379 416 421 422 423 424 425 426 427 428 429 430 431 432 433 942 
83 50 1613 52 53 55 1618 947 1619 58 59 60 1096 61 64 65 1089 1582 67 1543 70 1623 1626 1544 1097 76 79 80 81 82 83 948 84 89 90 93 95 99 1639 1646 1647 108 1649 114 1696 1821 1825 1886 5 1927 1993 2028 2125 128 129 130 1593 137 144 147 150 165 171 1100 188 189 1278 192 1548 219 1280 1255 237 242 1001 1338 256 258 264 267 1519 297 317 1577 
9 53 947 1582 1626 72 80 87 5 217 
79 50 52 53 947 1619 60 1096 61 65 1089 1582 1622 71 73 75 1130 77 1628 80 1131 83 87 89 90 1633 92 95 1634 949 99 103 1156 1157 108 1158 112 1651 1656 1658 116 1674 1752 120 1881 5 1942 2014 2035 2135 124 127 955 129 130 1593 150 1165 198 1090 203 1311 237 1166 243 1001 244 246 1106 1107 255 257 263 269 297 1169 1170 1509 413 1174 
811 1613 946 52 53 1615 1617 54 55 56 57 991 947 1619 58 60 1096 1536 61 62 1540 64 65 1089 66 67 69 1622 70 1623 71 1624 72 73 1544 75 1097 76 1130 77 78 79 1628 81 1131 82 83 948 1632 87 88 89 90 1633 93 94 95 1634 949 96 97 98 99 100 1637 102 103 104 1640 1151 1641 952 1155 1156 1157 1644 105 1647 106 107 108 954 109 1649 1159 110 112 113 1651 1656 1657 115 1658 116 1662 1672 1674 1683 118 1688 1689 1691 1694 1696 1698 1713 1717 1724 1736 1737 1740 1748 1752 1763 1767 1769 1775 119 1785 120 1792 1798 1799 1801 1817 1818 1821 1823 1828 1833 1837 1858 1864 1872 1879 1880 1881 1884 121 5 1894 1897 1903 1911 1921 1923 1928 1931 1938 1942 1949 1950 1955 1959 1963 1974 1986 1991 1993 1999 2001 2003 2004 2008 2011 2014 2027 2028 2033 2035 2037 2044 2047 2054 2080 2091 2097 2099 2110 2113 2114 2119 2120 2123 2124 2135 2138 2154 2168 2175 2181 2182 2188 2191 2195 2199 123 124 126 127 1160 1161 955 956 6 958 960 962 963 128 1163 966 129 130 131 132 1593 134 135 136 138 140 141 142 144 145 146 147 148 149 150 151 152 153 998 7 155 156 157 158 159 160 161 164 165 166 1165 169 170 171 172 173 174 1100 175 178 180 181 182 1594 183 184 185 186 187 188 189 190 191 1278 192 193 194 999 195 196 197 198 1090 201 202 203 204 206 208 209 210 1101 1303 211 213 1279 214 215 216 1548 219 221 1311 225 226 227 1334 230 231 232 1255 234 1335 235 237 238 239 240 241 242 1494 1166 1595 243 1001 969 1002 1283 1103 244 1505 1284 1167 1285 1312 246 1104 1105 1106 1107 247 1108 1286 248 249 1003 1004 250 1506 1338 252 253 254 255 256 257 258 259 260 261 8 262 263 264 1339 265 266 267 268 269 271 272 273 274 276 277 278 1507 280 282 283 284 285 286 287 288 289 290 291 295 296 297 298 299 300 301 970 302 303 1006 305 306 307 1313 309 1091 310 311 312 313 1111 315 1011 1340 1341 9 1342 1012 316 317 318 319 320 1314 321 323 326 328 329 330 331 332 1169 335 1112 1017 337 338 339 341 343 346 347 349 350 351 352 353 1170 1171 355 356 358 359 360 361 363 364 365 366 367 368 370 371 374 1346 1347 375 377 378 379 380 381 382 383 386 387 388 389 1350 1351 390 391 1352 1353 1114 392 1354 393 394 395 396 1355 1356 397 1598 1357 1358 398 1361 399 401 1362 1365 402 403 1367 10 404 1509 405 408 409 1305 1173 1517 1134 412 413 415 416 417 418 971 419 420 1174 422 423 424 427 428 429 430 431 432 433 1315 434 438 439 440 441 443 444 446 447 448 450 1528 1018 451 452 1116 1020 453 455 1021 456 457 458 1022 1293 1179 460 1495 1180 461 1181 466 1182 467 1522 1518 468 13 469 470 472 473 474 475 477 479 480 482 484 1183 1375 973 1024 1511 974 1184 1524 1606 1185 1526 1188 975 1189 485 1294 1026 487 488 489 490 1318 491 1191 1193 1196 1207 1211 1214 493 1216 1220 1222 976 1227 1229 1379 494 496 497 500 503 504 505 506 1258 507 508 509 510 511 515 518 520 521 524 1308 525 527 530 531 533 535 536 539 541 542 544 552 553 555 556 557 562 563 565 568 570 572 578 581 582 586 587 593 596 599 600 603 604 611 612 613 616 617 618 620 621 624 631 637 638 639 644 646 647 651 652 653 655 656 660 661 663 666 667 668 671 678 679 685 687 691 696 707 709 715 717 718 719 721 724 726 732 734 736 737 738 740 742 743 746 747 748 751 755 759 760 761 763 764 768 770 773 775 777 778 780 782 783 785 788 790 791 793 796 797 798 802 810 811 813 815 818 826 828 832 833 836 838 840 846 847 850 851 852 856 868 873 877 880 881 887 888 889 890 893 895 899 900 902 904 907 908 916 921 923 925 927 928 930 931 932 1030 1389 15 1600 1122 1584 1323 1324 1503 1239 1242 1398 1145 1577 1514 943 
60 1613 53 55 947 58 60 1536 65 1089 1582 67 68 70 1624 72 76 77 80 82 83 88 89 90 1633 92 93 99 1640 950 105 108 120 5 128 129 131 132 1593 137 138 150 1100 180 183 197 1090 230 1335 242 266 285 286 295 1343 349 379 384 385 443 450 
25 1613 53 1618 1096 71 77 80 81 1632 1156 1647 108 1662 1709 5 1894 1918 148 177 1311 234 1507 387 451 832 
88 50 1613 52 53 55 57 1618 947 1619 58 59 60 1096 61 64 65 1089 1582 67 1622 70 1623 71 73 1544 75 1097 1130 77 1627 79 1628 80 81 948 89 90 93 95 99 1646 108 1649 1656 1658 1696 1820 1821 1825 1886 5 1927 2028 2125 129 130 1593 137 144 147 150 165 1100 189 210 1548 218 219 1255 237 241 242 1001 1338 256 258 264 267 269 273 289 297 376 446 447 448 449 1577 
17 51 1611 52 53 1615 1618 947 1619 1625 75 77 87 1634 99 5 1922 1986 
3 1615 70 5 
39 53 1615 947 1619 1620 1622 75 1632 95 1634 1645 1646 1681 1696 1706 1710 1720 1722 1744 1751 1769 1782 1828 1861 5 1935 1956 1968 1986 1987 1990 2003 2046 2056 2107 2135 2168 130 219 
93 53 1615 55 947 64 65 1089 67 68 71 1624 72 75 1097 76 1130 78 79 1628 80 84 1632 88 89 90 91 1633 92 95 98 100 101 950 1644 105 108 115 116 1736 120 1817 1831 121 5 1959 2001 2044 126 127 129 130 132 133 137 144 150 152 163 167 171 195 197 198 200 201 203 206 208 210 213 222 1311 227 1334 285 290 1011 1012 332 351 352 376 379 381 385 417 418 424 434 456 464 465 466 
22 53 1615 1618 1096 1089 73 1097 76 80 81 948 87 1647 1649 1651 5 1927 156 189 297 468 941 
141 52 53 1615 54 55 1618 947 1619 58 59 60 1096 61 64 65 1089 1582 66 67 68 1622 71 1624 1626 73 75 1097 76 77 79 1628 80 81 1131 1629 83 948 1631 1632 87 90 91 92 95 1634 99 1639 1642 1644 108 954 1649 1656 1657 116 1667 1696 1710 120 1814 1817 1821 1822 1828 1858 1881 5 1894 1896 1897 1911 1935 1970 1976 1995 2008 2014 2020 2035 2060 2063 2083 2086 2099 2109 2120 2125 2134 2135 2137 2142 2156 2163 2168 124 958 128 129 130 1593 137 141 147 150 156 169 1100 189 1278 195 196 198 1090 206 210 1303 1279 217 1548 221 1311 237 241 243 1001 244 246 1286 1339 1006 305 1007 1010 321 1170 373 1305 417 972 471 472 
133 50 946 52 53 1615 54 1618 947 1619 58 59 60 1096 61 65 1621 1582 67 1622 1543 70 71 1625 72 73 1544 75 1097 1130 77 79 1628 80 81 1131 1629 83 948 1630 1632 87 89 95 1634 949 99 952 1156 1157 107 108 954 1649 1159 1656 1657 114 1658 116 1671 1674 1687 1757 1769 120 1789 1814 1817 1828 1839 1844 1846 1868 1881 1890 5 1894 1896 1911 1935 1970 1976 2008 2035 2110 2124 2149 2181 2185 2195 2199 124 125 127 958 960 129 130 133 137 150 156 163 167 168 189 198 203 206 210 211 1279 1548 237 243 1001 246 1107 305 326 1169 339 1357 1134 417 1528 1021 1182 467 1522 1518 1373 1577 
74 52 53 1615 1616 1618 1619 1622 71 1626 1130 1632 87 89 1634 1640 952 1642 1645 108 1158 1662 1696 1698 1708 1710 1748 1769 1789 1798 1801 1818 1828 1835 1881 1890 5 1896 1911 1935 1942 1943 1986 1999 2003 2035 2046 2058 2060 2062 2063 2097 2099 2121 2122 2135 2168 163 169 172 189 204 210 216 276 300 305 1169 1170 1171 1173 1134 13 469 470 
28 52 53 1615 947 60 1096 1622 71 1625 79 1628 81 87 89 1651 1658 1786 1864 5 1940 2001 2014 2199 129 189 1548 1174 475 
36 52 53 1615 57 1618 947 58 60 65 1089 1621 67 1543 1625 1544 77 80 81 83 1630 99 950 1649 1651 1713 5 128 1593 139 999 202 203 213 253 262 317 
19 53 1615 1618 947 58 59 60 1536 1089 1543 80 950 108 5 150 1100 182 188 278 
89 53 1615 1618 947 60 1096 61 64 65 1582 70 71 73 1130 77 79 1628 80 83 948 86 1632 87 89 90 1633 99 103 1640 108 110 112 113 1656 1674 1717 1757 1763 120 1799 1823 1828 1881 5 1911 1938 1963 1986 1991 1999 2003 2028 2035 2046 2099 2110 2114 2135 2154 2168 2199 124 129 130 133 145 181 182 189 191 198 202 204 1311 230 305 1171 356 404 1509 405 1174 438 462 480 481 509 519 941 
4 80 5 129 1183 
11 58 60 1089 69 80 950 5 150 286 292 297 
11 55 947 60 69 80 87 1633 950 5 182 183 
78 53 55 947 58 60 1096 61 65 1089 67 68 69 1622 1624 73 1097 76 77 79 1628 80 81 83 84 89 90 1633 93 95 1640 105 108 110 112 113 1674 118 1752 120 1801 1817 5 124 129 130 135 138 140 144 151 163 172 182 186 187 188 189 194 196 198 1090 203 208 210 211 1311 230 1335 237 241 263 266 330 349 356 379 380 418 
15 50 1618 947 58 1096 67 1622 80 87 103 5 150 1100 254 262 
11 53 947 58 1543 73 1544 1628 87 5 1593 1577 
4 80 114 5 326 
45 947 65 1582 73 79 80 95 949 100 105 106 108 5 130 144 166 173 174 1311 1255 237 241 243 244 246 1339 266 301 313 320 349 361 378 387 390 393 1355 1598 1360 399 1365 1367 10 941 986 
6 1617 1130 80 5 129 210 
32 52 947 60 1096 61 65 1582 67 1623 71 73 1628 80 81 87 99 103 108 1651 1656 5 1903 1918 2080 151 210 1548 257 297 326 380 459 
4 73 80 103 5 
35 52 947 59 60 1096 61 65 1621 1582 1622 1543 1623 1625 1544 75 80 1629 948 1631 90 1639 1642 1644 108 1649 1651 1656 114 120 5 124 145 150 167 1311 
108 50 52 53 947 58 59 1096 65 1089 66 67 71 73 1097 1130 77 79 1628 80 81 82 83 1632 87 89 90 91 94 95 99 103 1640 950 1156 105 107 1159 110 112 1656 1657 1658 1674 1757 120 1828 5 1911 1986 1991 2003 2014 2025 2070 2154 2168 2182 127 129 130 1593 1165 169 177 181 182 1594 189 191 198 1548 1311 230 237 1595 243 1001 1284 1339 275 276 286 297 300 305 1341 326 1256 1352 395 1509 1134 1174 456 465 1182 493 494 14 503 504 505 506 1258 507 508 509 510 
5 80 5 1001 1305 501 
22 55 947 60 1130 80 1633 95 99 950 108 120 5 124 129 146 196 1311 244 266 297 1012 349 
1 5 
30 52 55 947 58 65 1089 1582 72 76 79 80 95 99 1640 950 108 113 1651 5 1946 2001 124 171 187 191 198 206 213 226 326 
23 947 65 73 80 95 99 112 115 5 124 131 148 182 187 198 211 230 247 269 313 418 518 941 
28 52 53 1618 947 58 60 67 77 1628 90 102 1644 107 120 5 129 1593 167 187 999 195 202 1548 256 521 522 523 524 
10 947 80 87 113 5 150 192 507 533 534 
27 947 1540 65 1097 1130 79 80 87 89 90 949 1642 954 5 1911 2124 128 1278 219 1282 237 1286 307 1289 321 467 972 
4 50 1618 5 1986 
7 50 80 99 5 2014 129 941 
8 50 947 60 69 80 950 5 206 
70 50 1613 52 53 55 947 60 1536 66 71 1544 1097 76 1130 79 80 81 1632 87 89 90 1633 95 99 1640 107 108 110 114 1828 5 1911 1961 1986 1991 2003 2014 2025 2154 129 130 1593 152 154 1165 169 1100 182 197 205 206 1548 1311 230 237 1595 243 1001 1284 1506 275 276 1551 297 300 345 1352 456 508 1515 
12 50 52 947 1622 70 80 87 5 1997 150 198 305 
2 50 5 
8 50 947 1089 69 80 5 150 305 
43 50 52 1618 1619 1096 61 64 1582 1622 73 79 80 89 90 95 99 1640 1644 107 110 112 113 1651 1658 1817 5 2135 132 151 171 187 189 195 196 201 203 210 213 1548 285 287 1012 326 
5 50 90 5 206 222 
5 50 80 87 5 150 
43 52 1617 58 61 1089 71 73 1130 79 1628 80 87 90 1157 1644 108 1658 5 129 172 194 197 198 1090 205 1303 1548 230 243 969 244 246 255 1306 1174 456 1518 488 490 507 509 631 774 
33 946 52 53 947 1619 58 67 71 1625 1626 75 76 77 80 81 1629 89 93 1639 950 1646 1649 1651 1657 116 5 1967 129 131 195 1303 1284 315 
116 52 57 947 58 60 64 65 67 1622 1623 72 73 1130 77 79 1628 80 81 83 87 89 90 1633 92 95 96 99 104 950 1156 1646 108 1158 1159 110 1651 1656 114 1658 118 1694 1696 1713 1748 1752 1763 120 1792 1812 1854 1873 1880 1888 5 1894 1911 1942 1965 2014 2080 2091 2138 2168 2199 127 955 128 137 150 154 162 165 183 188 190 193 195 196 198 201 209 210 213 1548 220 1311 237 243 269 1011 316 326 1169 345 1171 409 413 1174 453 456 469 1374 479 1184 14 508 521 534 572 682 685 889 899 934 15 16 
59 53 55 947 1619 58 60 1096 61 65 1089 1582 67 1622 70 71 1626 73 75 1097 76 77 79 1628 80 83 86 87 89 90 95 99 103 108 1649 1656 1658 120 1833 5 1911 1991 133 150 176 189 1090 203 204 213 1311 1255 237 1001 297 326 1352 1305 1373 986 
31 1618 947 60 1582 67 69 1623 71 72 1097 80 81 948 950 1646 1649 113 1651 1820 1853 5 128 132 150 179 192 1548 220 242 297 322 
31 52 1618 947 58 59 60 61 1582 67 69 1623 73 1097 80 81 87 1633 1640 954 1158 1649 1651 5 124 131 150 172 1548 247 297 941 
30 52 53 1618 947 58 65 67 1622 1097 1130 1628 948 87 90 95 1634 1640 1156 5 1935 2135 2168 130 140 151 1165 1107 1009 1171 1185 
6 947 60 69 80 1656 5 
7 947 58 1621 80 99 5 326 
3 80 950 5 
39 52 55 991 947 58 60 65 66 67 69 71 72 73 77 1628 81 83 948 87 89 90 1156 1642 1159 5 2164 129 150 175 177 220 253 272 309 1169 1174 1021 623 925 
6 80 81 99 5 150 297 
5 947 93 5 156 415 
12 53 947 59 1096 61 1544 1097 80 99 5 133 7 
8 947 59 1622 1130 80 89 5 1100 
7 69 80 5 150 295 941 986 
3 5 177 326 
22 52 53 1618 947 58 60 1096 1582 67 69 1622 73 77 80 83 87 1633 99 103 5 1548 297 
18 990 991 947 65 80 95 107 5 192 1282 1595 1001 1002 1109 1289 1314 404 1509 
4 66 80 110 5 
10 947 58 67 77 80 83 89 5 150 740 
7 1618 947 80 82 113 1722 5 
5 76 1130 80 5 326 
168 53 947 58 59 60 61 65 1582 66 67 69 1622 70 72 75 77 79 80 81 1131 83 948 87 89 90 94 97 100 1642 1644 107 1649 1651 115 1713 1761 1875 121 5 1963 2014 2035 2091 2151 2164 123 126 963 129 130 131 132 137 138 142 147 156 157 162 167 171 172 175 181 188 189 190 192 194 195 196 198 1090 202 203 1303 211 215 216 1311 224 225 234 235 240 248 250 253 254 255 256 259 262 263 264 279 282 285 286 290 298 300 301 318 339 346 363 364 365 366 367 368 375 379 382 401 1509 416 420 427 430 433 440 442 443 448 453 454 456 459 468 477 479 482 484 486 489 491 492 494 500 503 505 507 509 533 536 538 557 590 631 636 644 656 666 669 670 677 685 687 737 780 785 815 823 852 908 938 
17 53 947 59 1096 61 1582 71 1097 1130 80 99 105 1649 5 124 133 7 
21 947 58 60 1096 1582 71 1624 1544 1628 80 87 950 1642 1649 120 5 156 1100 941 986 1577 
10 51 947 60 1582 80 1633 1658 5 302 326 
11 990 1622 949 1156 1159 120 1821 5 1927 129 1001 
2 80 5 
16 55 947 60 69 80 88 89 90 5 139 150 152 1100 297 326 789 
12 54 947 1619 61 1628 80 1640 950 954 5 150 471 
3 54 80 5 
6 54 947 1089 80 950 5 
8 54 55 1096 66 80 950 5 211 
7 54 1618 947 60 80 5 755 
8 51 76 1688 5 129 150 181 668 
29 52 53 55 1618 947 1619 58 1096 61 1089 1582 1622 1626 72 73 75 76 1130 1628 948 87 90 91 99 5 1100 206 222 1577 
4 69 80 5 326 
13 53 55 1618 947 71 75 1130 77 80 83 5 129 256 
11 53 55 947 1089 73 80 103 5 1593 180 1360 
15 52 55 947 1096 65 87 90 1644 107 1649 1651 114 5 150 1311 
3 55 90 5 
14 55 947 58 60 70 1544 80 89 91 950 108 120 5 189 
5 55 80 5 1100 297 
23 53 55 947 1619 58 59 1096 65 67 1622 76 77 1628 80 87 1633 1640 112 5 124 150 297 326 
16 53 55 1582 66 73 80 91 99 950 1651 5 127 132 150 271 326 
8 55 1536 1623 73 80 1633 103 5 
7 55 73 80 103 950 1821 5 
8 55 80 950 1682 5 137 150 297 
7 53 55 947 58 1625 5 130 
24 55 1097 82 108 1805 5 1997 137 143 205 310 344 345 366 367 421 426 429 488 628 664 803 911 938 
3 55 80 5 
15 55 947 66 1709 5 1949 1966 131 183 233 280 456 498 631 880 
11 55 1623 76 80 81 950 5 166 211 941 986 
14 55 947 60 1089 69 80 95 108 5 150 162 1090 230 365 
34 53 55 1618 947 58 1096 64 1089 1582 67 1622 1543 71 1625 80 94 95 98 99 108 1649 113 1651 1737 120 5 2151 1593 1100 1090 269 297 1134 801 
7 55 80 81 98 5 129 179 
7 55 947 80 950 5 1100 326 
7 55 80 5 506 511 797 941 
15 52 53 55 947 1619 1096 1622 75 80 949 99 1646 1656 5 1100 
22 52 53 55 947 1619 58 59 1096 1089 67 75 1130 1628 80 99 112 113 114 5 124 1100 189 
14 55 1096 65 70 72 76 77 1628 80 94 99 5 129 150 
43 1616 947 60 61 67 68 69 70 1624 1544 76 1130 77 80 83 88 89 90 91 92 95 99 950 108 5 124 130 150 169 187 203 213 227 1255 237 1516 251 280 285 297 298 506 1577 
6 80 5 129 150 297 941 
10 52 1096 1089 1626 72 80 95 108 112 5 
25 947 60 61 77 80 1630 115 1761 5 2164 131 145 150 202 236 1550 256 264 284 297 298 300 369 425 1315 
15 1618 947 1619 1582 1622 73 1628 80 948 1657 1658 1800 5 2045 129 
15 52 53 947 60 69 80 99 950 5 127 150 280 297 941 986 
38 52 947 60 1096 61 1621 1582 66 1622 71 73 76 1130 1628 80 87 89 1633 1156 1157 1646 1159 1656 114 1658 5 1918 124 955 128 129 150 198 204 1548 221 1171 1174 
18 52 947 58 65 1089 1582 72 73 80 89 99 110 5 124 129 150 198 1090 
23 52 53 1618 991 947 58 59 1536 65 1582 67 71 1625 1628 80 81 1629 948 87 120 5 127 251 
53 52 58 1096 61 65 1089 71 73 79 80 87 89 90 95 949 99 1156 108 1649 112 113 1658 1817 121 5 1911 2008 2035 2086 2168 127 129 150 195 196 1090 203 211 213 1311 237 243 1001 244 246 1106 297 305 309 379 1509 471 871 
9 52 53 947 1536 1623 75 1646 5 296 
4 52 948 87 5 
19 52 53 1618 947 1536 1089 1621 1622 1625 80 1632 87 1651 1657 1696 5 2078 124 129 
23 52 947 58 60 1540 67 69 80 93 95 950 114 5 150 192 203 1311 251 256 297 881 941 986 
46 52 947 58 60 65 67 70 71 79 1628 80 87 90 93 949 99 1651 5 124 130 150 189 198 202 1303 1548 235 237 240 1107 253 263 266 269 286 297 298 300 365 1317 1189 488 1227 494 669 941 
10 52 1618 947 1130 80 91 95 5 130 195 
20 52 53 947 60 1536 61 65 73 949 1640 1158 1656 120 5 127 177 230 1505 245 1016 
29 52 53 1618 947 60 1096 61 1582 1622 1543 73 1544 1097 1130 1628 80 948 1631 87 89 90 1640 112 119 120 5 125 163 1577 
14 52 53 58 1536 1089 66 70 1651 5 1132 1090 1337 298 507 
13 52 947 1628 80 87 99 1646 5 1548 283 326 1174 560 
4 52 80 5 129 
25 52 71 73 80 83 87 89 90 91 1633 99 104 1156 1157 105 1159 5 1918 2008 124 955 129 1548 1174 986 
24 53 1618 947 1096 1536 1089 66 76 80 90 99 1638 950 113 5 150 160 180 198 1003 297 326 645 727 
2 53 5 
23 53 947 1096 1622 75 1130 1628 80 87 93 112 1757 5 1959 1995 124 129 130 189 198 1548 462 938 
6 53 1618 80 5 297 941 
5 53 947 80 5 150 
9 53 73 80 91 1656 5 150 1548 1134 
8 53 1618 947 1582 75 78 89 5 
4 53 947 83 5 
37 53 1618 947 1622 75 77 80 83 86 1632 1634 1645 116 1686 1696 1708 1710 1722 1744 1757 1769 1810 1828 5 1921 1935 1956 1968 1986 2035 2036 2058 2107 2121 2135 2168 305 
13 53 947 60 71 1097 76 1628 5 129 131 137 1311 315 
15 53 1618 947 1623 73 80 948 89 950 5 195 248 278 941 986 
36 53 1630 1631 87 1634 1658 1671 1696 1779 1800 1829 1839 1844 1858 1868 1890 5 1929 1935 1943 1969 1984 1986 1995 2000 2010 2012 2035 2047 2060 2097 2106 2136 2198 125 163 
8 1610 53 54 58 1536 1621 1623 5 
6 53 1536 5 150 1311 287 
9 53 1618 947 80 950 5 150 297 364 
8 53 1619 1622 73 80 1633 112 5 
7 53 66 80 87 5 189 253 
4 53 5 241 265 
5 53 1618 1676 5 2035 
24 53 947 58 60 1536 1089 1628 80 81 95 99 1640 108 113 120 5 1993 127 181 1594 205 269 326 860 
7 53 947 1622 75 80 5 1998 
8 53 947 58 71 73 80 1633 5 
37 53 1632 1648 1662 1705 1757 1765 1771 1782 1786 1787 1817 1828 1829 1833 1846 1858 1879 1890 5 1894 1898 1929 1935 1938 1969 1990 2014 2047 2055 2060 2061 2063 2114 2168 2170 179 
8 1618 947 80 82 950 5 150 696 
12 69 70 76 1627 80 5 150 203 297 387 479 941 
5 1619 76 5 192 678 
38 947 58 60 67 71 73 76 77 79 80 83 89 90 1633 949 99 103 1156 1157 1646 108 116 120 5 129 130 189 198 203 1255 1001 1516 245 246 1107 1116 1182 1498 
8 1618 947 80 1131 948 1633 950 5 
5 1618 947 80 5 297 
18 1618 947 58 60 1089 67 69 80 950 1649 5 150 1090 203 297 493 941 986 
16 1618 1622 1097 1130 80 1131 83 948 89 99 103 950 5 1311 228 851 
13 1618 947 58 1089 67 77 80 81 83 950 5 131 907 
25 947 65 1582 71 73 1130 79 1628 80 89 90 103 108 120 5 127 129 1593 198 1311 1001 1516 1106 1305 1315 
17 59 1096 65 1622 1130 79 80 89 103 110 5 127 198 1595 1001 246 1173 
9 947 73 1097 5 1099 205 237 1001 1516 
19 947 73 79 80 89 90 103 5 127 996 198 237 1595 1001 244 1516 1112 1517 1116 
18 53 947 58 1536 1097 80 1158 113 5 132 1595 1109 276 309 1289 1314 1267 1306 
8 1089 80 950 5 1593 150 221 297 
7 1089 69 76 80 950 5 297 
7 76 80 950 5 150 294 297 
18 1089 1847 1864 5 189 197 202 253 256 263 284 285 298 300 355 369 521 825 
6 58 1089 80 5 1090 733 
15 947 58 60 69 80 93 950 5 137 150 1100 203 227 251 1596 
8 58 67 80 100 5 150 297 941 
11 947 58 1096 67 1130 79 80 5 127 150 297 
16 947 58 67 77 80 83 950 114 5 150 165 192 202 251 297 941 
7 58 79 80 105 5 326 794 
10 947 58 67 76 77 80 83 5 297 326 
9 947 58 65 67 80 954 5 150 941 
7 58 69 80 948 950 5 326 
6 58 80 950 5 326 801 
10 947 58 60 69 80 93 100 5 150 493 
10 58 60 69 79 80 99 5 150 203 251 
10 947 58 67 77 80 83 5 150 192 379 
9 947 58 66 67 1622 80 1658 5 228 
14 947 58 60 67 69 73 80 81 99 103 110 1651 5 203 
7 58 67 77 80 83 950 5 
3 57 80 5 
13 57 79 80 83 113 5 129 182 203 230 418 506 941 
3 947 73 5 
11 53 947 76 80 950 5 172 278 286 439 548 
8 947 69 70 80 5 137 1100 297 
5 947 80 83 950 5 
6 947 73 80 1651 5 326 
6 947 60 1130 108 120 5 
10 947 60 1130 80 91 108 120 5 2088 247 
7 947 60 69 80 5 297 941 
9 947 1089 69 80 94 5 221 271 297 
4 947 76 5 150 
10 947 76 80 950 5 179 189 194 297 479 
4 947 1622 73 5 
5 947 80 5 2035 150 
7 947 80 1646 5 208 326 560 
6 947 80 5 192 251 326 
10 947 80 81 87 5 124 150 189 251 1134 
13 947 60 69 80 81 97 108 5 150 203 271 297 326 
13 947 65 1582 71 80 950 5 1986 124 1593 224 1595 1317 
7 947 80 1657 5 998 941 986 
6 947 80 83 950 5 986 
5 947 80 87 5 150 
11 947 60 73 80 1647 1817 5 7 330 1509 1062 
2 97 5 
1 5 
4 1622 1628 5 250 
8 55 1096 71 80 81 5 142 941 
7 947 80 950 5 199 297 941 
102 51 56 947 58 60 67 69 77 79 80 83 88 1634 97 950 1644 105 108 110 1761 120 5 2164 130 131 132 1593 138 144 156 170 171 175 182 189 190 192 194 198 1090 202 203 211 214 225 235 239 240 248 249 250 254 255 256 258 272 277 278 280 286 296 298 310 1256 359 363 364 367 368 379 410 416 421 423 424 425 426 427 429 430 434 439 448 468 479 488 492 507 548 581 603 623 639 644 655 656 660 663 724 802 895 902 
15 947 60 69 80 950 5 150 189 192 203 207 251 297 354 448 
6 54 60 80 5 1100 1577 
10 60 80 91 108 120 5 150 192 203 251 
7 73 80 103 950 5 150 375 
4 80 5 153 326 
2 80 5 
4 1623 1825 5 308 
31 76 80 1632 89 90 91 95 108 1752 1767 1799 1818 1828 1837 121 5 1921 1986 1993 2001 2036 2097 2138 2168 123 198 219 456 1317 472 941 
3 80 1131 5 
6 80 950 116 5 941 986 
3 63 5 304 
10 65 80 5 137 198 247 1109 1016 1114 1513 
7 1540 76 80 5 2188 177 297 
7 1540 80 950 5 396 941 986 
4 1540 80 950 5 
9 947 1096 67 71 73 80 103 113 5 
3 1096 5 326 
6 1096 80 5 128 220 1516 
7 1096 1097 80 1633 5 129 1526 
10 1096 76 77 80 93 5 1974 2084 1570 1495 
6 947 1096 80 950 5 150 
2 80 5 
5 947 73 80 103 5 
6 1620 80 89 950 116 5 
4 1619 948 5 131 
6 947 80 950 1158 5 1100 
1 5 
2 64 5 
113 64 69 74 1130 80 90 102 950 105 108 112 5 124 129 130 135 143 149 153 156 164 171 172 184 208 211 230 257 258 260 261 274 283 284 286 302 314 346 365 371 383 404 407 410 415 445 446 447 448 454 455 458 468 469 470 476 488 504 507 510 541 544 550 557 581 597 604 611 614 627 636 639 641 670 671 675 676 689 691 694 697 700 703 713 718 730 742 743 744 748 757 767 771 775 779 783 784 794 801 804 808 820 822 840 843 856 865 868 892 901 917 928 939 
1 5 
2 80 5 
8 62 80 950 5 1561 331 589 788 
5 1623 80 99 5 291 
6 80 5 1552 1553 1559 329 
8 947 65 1582 1622 80 87 5 533 
2 65 5 
3 1886 5 1900 
3 80 5 532 
1 5 
4 1622 80 5 2035 
7 1622 80 1648 1676 1767 5 2103 
5 1622 80 90 5 150 
4 1622 1131 1651 5 
5 1622 73 80 950 5 
2 1622 5 
6 1622 1130 80 5 941 986 
5 947 1622 73 5 177 
10 53 1622 1647 1159 120 5 2086 129 177 1171 
5 1622 80 5 150 326 
3 1622 80 5 
2 1582 5 
10 947 71 73 80 81 99 103 110 5 2044 
6 80 950 1881 5 941 986 
3 80 87 5 
5 73 80 87 5 1090 
3 80 950 5 
6 1089 66 70 5 1337 298 
5 1089 80 5 1090 251 
4 80 95 99 5 
1 5 
4 73 80 5 1509 
6 73 76 80 1633 5 297 
3 80 1656 5 
4 73 80 103 5 
2 69 5 
5 69 80 5 150 297 
6 69 80 5 150 225 297 
8 60 69 80 5 150 181 203 326 
7 69 80 950 5 150 177 941 
8 69 80 5 150 177 297 645 941 
5 69 80 5 150 297 
4 69 5 192 251 
4 69 80 5 488 
5 69 80 5 326 941 
4 73 5 1516 1517 
2 89 5 
2 80 5 
6 80 950 5 150 301 902 
3 83 87 5 
4 947 71 80 5 
5 71 73 80 103 5 
11 71 76 80 81 87 99 5 150 198 264 297 
6 71 1628 80 99 105 5 
4 71 80 87 5 
4 80 950 5 150 
4 1626 80 5 326 
2 81 5 
6 73 81 87 1658 5 1509 
3 73 80 5 
7 73 80 82 1633 103 5 235 
3 73 80 5 
4 73 80 1633 5 
4 73 80 103 5 
3 73 80 5 
3 73 80 5 
4 73 80 103 5 
4 73 80 5 1008 
8 73 80 108 1656 5 7 505 758 
5 73 80 5 311 564 
3 73 80 5 
3 73 80 5 
6 62 73 80 103 950 5 
2 73 5 
5 73 80 5 150 941 
4 73 80 5 941 
4 73 80 5 546 
6 80 95 5 145 326 481 
3 80 95 5 
1 5 
2 5 326 
2 80 5 
3 80 5 129 
5 947 1130 5 297 326 
2 1130 5 
4 1130 80 5 434 
7 947 1130 79 80 5 129 941 
1 5 
6 80 5 139 326 941 986 
8 947 76 1628 80 5 150 297 941 
7 1628 80 87 89 90 1817 5 
7 1628 80 87 99 113 5 269 
2 80 5 
4 947 80 5 150 
4 76 5 177 297 
3 76 80 5 
4 76 80 5 297 
6 76 80 87 5 2078 297 
4 76 5 192 297 
4 76 5 177 297 
6 76 80 5 2168 150 297 
3 76 80 5 
5 76 80 5 177 297 
8 76 80 1655 1677 5 150 297 938 
4 76 80 5 941 
3 76 80 5 
6 76 80 1633 950 5 150 
5 80 87 5 297 412 
1 5 
2 5 1522 
2 947 5 
4 80 95 5 969 
4 80 5 271 297 
4 80 5 150 1311 
3 80 950 5 
2 5 150 
6 80 81 950 5 150 941 
2 80 5 
2 5 326 
6 947 80 83 950 5 326 
4 80 83 5 326 
7 80 83 5 150 297 298 326 
3 83 5 814 
4 80 81 5 941 
3 80 82 5 
5 80 5 1284 1287 521 
4 80 5 129 150 
3 5 150 326 
6 80 950 5 326 540 670 
27 947 80 87 108 120 1818 1881 5 1921 1970 1986 1987 1991 2010 2011 2037 2060 2087 2130 2163 2168 127 129 150 179 305 519 
2 80 5 
3 80 5 326 
3 105 5 150 
3 66 80 5 
2 80 5 
5 95 5 1995 213 496 
1 5 
2 87 5 
3 87 108 5 
4 80 87 5 1311 
6 1540 80 90 116 5 941 
7 80 88 5 150 297 326 645 
6 80 91 5 129 326 892 
4 80 91 5 326 
4 89 5 157 198 
4 80 89 5 305 
2 80 5 
2 80 5 
3 80 92 5 
3 66 5 326 
4 66 80 5 150 
2 66 5 
9 66 80 950 5 129 150 235 280 297 
3 80 95 5 
3 95 5 404 
7 72 80 5 2001 2028 150 774 
1 5 
3 80 5 150 
2 80 5 
3 5 150 666 
4 80 5 1278 986 
9 80 5 127 177 203 1003 297 326 370 
4 80 5 150 941 
7 80 950 5 127 963 1516 1305 
3 80 5 150 
3 5 150 297 
6 80 108 1864 5 240 262 
7 80 108 5 150 203 503 941 
1 5 
6 80 1757 1881 5 2135 462 
3 80 1647 5 
2 5 179 
1 5 
3 80 5 150 
2 109 5 
1 5 
10 80 950 108 5 150 970 494 1027 941 986 
4 80 108 5 326 
5 80 108 5 150 395 
7 80 108 5 185 189 269 511 
11 80 108 115 5 127 150 207 297 326 584 678 
6 80 108 120 5 1986 129 
7 80 95 108 5 1986 127 150 
4 80 108 5 326 
6 73 80 950 5 185 506 
1 5 
1 5 
2 1651 5 
4 54 1543 80 5 
1 5 
1 5 
5 80 113 5 645 941 
6 1131 95 1799 5 2037 456 
3 80 1656 5 
6 80 114 5 129 251 452 
2 114 5 
2 114 5 
3 80 114 5 
2 80 5 
1 5 
2 80 5 
1 5 
1 5 
5 50 80 950 1674 5 
7 80 1674 1890 5 1986 2165 941 
5 1696 5 1986 2168 335 
5 80 115 5 150 332 
3 115 5 129 
8 52 947 1628 80 1872 5 1903 1935 
3 80 5 150 
1 5 
2 5 150 
2 80 5 
2 5 455 
3 80 5 326 
3 80 5 2097 
1 5 
4 80 5 326 941 
1 5 
2 5 403 
1 5 
3 5 271 297 
1 5 
2 5 326 
1 5 
3 80 5 833 
2 80 5 
1 5 
2 80 5 
2 80 5 
4 80 5 150 326 
1 5 
1 5 
3 5 208 283 
1 5 
3 80 950 5 
2 80 5 
2 5 396 
2 80 5 
1 5 
2 5 1489 
2 80 5 
1 5 
2 80 5 
1 5 
4 80 5 129 611 
1 5 
1 5 
1 5 
1 5 
1 5 
2 80 5 
1 5 
1 5 
4 80 5 297 326 
3 80 5 1561 
1 5 
2 5 507 
1 5 
2 80 5 
3 80 5 941 
1 5 
2 5 329 
2 5 150 
1 5 
1 5 
2 80 5 
1 5 
1 5 
2 80 5 
2 5 326 
1 5 
2 80 5 
3 80 5 1303 
1 5 
1 5 
3 80 5 297 
3 80 5 326 
1 5 
1 5 
1 5 
1 5 
1 5 
1 5 
4 80 5 326 572 
2 80 5 
2 80 5 
3 5 326 645 
1 5 
2 80 5 
2 80 5 
3 80 5 1570 
1 5 
3 80 5 636 
2 80 5 
1 5 
3 5 137 297 
2 80 5 
1 5 
1 5 
2 5 326 
2 5 177 
1 5 
1 5 
6 80 950 5 127 150 179 
1 5 
1 5 
1 5 
1 5 
5 5 150 326 620 712 
2 80 5 
2 80 5 
4 80 5 297 326 
1 5 
2 5 326 
1 5 
1 5 
4 80 5 150 297 
7 5 211 367 468 518 614 828 
2 80 5 
2 80 5 
1 5 
1 5 
1 5 
3 80 5 1311 
2 80 5 
2 80 5 
1 5 
3 80 5 297 
6 80 5 150 1311 297 941 
1 5 
1 5 
1 5 
3 80 5 297 
3 80 5 1281 
1 5 
3 80 5 297 
2 5 177 
1 5 
4 80 5 150 486 
4 80 5 1311 941 
6 80 950 5 162 941 986 
4 58 5 150 203 
4 5 150 326 455 
3 80 5 326 
1 5 
2 1890 5 
1 5 
2 5 326 
2 5 326 
2 5 150 
4 80 5 236 507 
2 80 5 
1 5 
1 5 
2 5 129 
1 5 
1 5 
4 80 5 129 150 
5 1828 5 1963 1991 2099 
4 80 950 5 150 
1 5 
2 5 326 
1 5 
3 80 5 326 
1 5 
1 5 
2 5 326 
1 5 
3 80 5 234 
2 5 326 
1 5 
1 5 
2 5 326 
1 5 
1 5 
2 5 326 
1 5 
1 5 
1 5 
2 80 5 
1 5 
2 80 5 
1 5 
1 5 
2 5 636 
2 5 326 
1 5 
2 80 5 
1 5 
2 80 5 
3 80 5 326 
2 80 5 
1 5 
2 80 5 
1 5 
1 5 
3 80 5 297 
1 5 
2 80 5 
2 5 211 
1 5 
1 5 
2 5 326 
1 5 
2 80 5 
2 5 252 
2 80 5 
1 5 
2 80 5 
3 80 5 150 
2 80 5 
1 5 
4 80 5 147 941 
1 5 
3 80 5 326 
4 80 1868 5 326 
2 5 326 
1 5 
2 80 5 
4 80 950 5 1561 
3 80 5 326 
1 5 
1 5 
2 80 5 
1 5 
1 5 
1 5 
3 80 5 161 
1 5 
2 5 326 
2 5 395 
4 80 950 5 1011 
2 80 5 
3 80 5 986 
1 5 
2 80 5 
2 80 5 
1 5 
1 5 
2 5 326 
2 80 5 
1 5 
2 80 5 
2 5 326 
1 5 
2 80 5 
3 5 127 482 
3 80 5 326 
1 5 
3 80 950 5 
3 80 5 941 
2 5 326 
3 80 5 150 
1 5 
3 80 5 941 
3 80 5 326 
2 5 326 
5 80 950 5 150 986 
1 5 
1 5 
3 80 5 329 
2 5 156 
2 80 5 
2 80 5 
1 5 
3 60 80 5 
3 5 257 326 
1 5 
2 80 5 
3 80 5 185 
2 80 5 
1 5 
1 5 
4 5 182 261 326 
3 80 5 297 
2 5 177 
2 5 326 
1 5 
1 5 
1 5 
2 5 326 
1 5 
2 80 5 
2 80 5 
1 5 
2 80 5 
2 5 449 
3 80 5 150 
1 5 
1 5 
2 80 5 
1 5 
2 5 326 
1 5 
2 5 326 
3 5 150 1311 
1 5 
2 5 251 
2 80 5 
2 5 2100 
3 80 5 645 
1 5 
1 5 
3 5 2083 2104 
9 53 55 1628 80 82 1638 950 5 1100 
3 80 5 552 
1 5 
1 5 
2 80 5 
1 5 
2 80 5 
1 5 
3 80 5 326 
1 5 
1 5 
2 5 326 
1 5 
1 5 
2 80 5 
2 80 5 
1 5 
1 5 
2 80 5 
3 80 5 241 
4 80 950 5 150 
1 5 
1 5 
1 5 
3 80 5 326 
1 5 
1 5 
1 5 
2 5 230 
1 5 
1 5 
1 5 
1 5 
2 5 326 
1 5 
1 5 
3 80 5 326 
1 5 
1 5 
2 5 198 
1 5 
2 80 5 
1 5 
1 5 
1 5 
2 80 5 
1 5 
1 5 
3 80 5 179 
3 80 5 202 
1 5 
1 5 
1 5 
1 5 
1 5 
2 80 5 
2 80 5 
3 80 5 129 
2 80 5 
1 5 
3 5 326 469 
2 80 5 
1 5 
3 80 5 297 
1 5 
1 5 
1 5 
4 80 950 5 129 
3 80 5 2060 
2 5 326 
4 80 5 297 375 
1 5 
2 80 5 
1 5 
1 5 
3 80 5 242 
3 80 5 150 
1 5 
1 5 
3 57 5 177 
1 5 
1 5 
1 5 
1 5 
2 80 5 
2 5 326 
1 5 
2 5 1311 
1 5 
2 80 5 
1 5 
2 80 5 
2 947 5 
4 80 5 137 941 
1 5 
2 80 5 
3 80 5 326 
1 5 
3 80 950 5 
2 80 5 
2 80 5 
1 5 
2 5 129 
2 5 1008 
1 5 
1 5 
5 5 150 177 213 430 
2 5 326 
1 5 
99 1613 52 53 1617 1096 65 1089 73 88 95 103 1157 113 1658 1662 118 1737 1785 1801 1884 5 1949 1955 2033 2099 2110 2175 958 966 132 142 152 180 185 190 194 202 203 214 1548 221 1311 235 240 1284 1312 1105 1286 1506 254 256 259 1339 269 277 288 295 296 305 307 311 1017 343 350 366 367 371 401 402 413 415 416 431 443 450 1528 1293 467 1518 1526 1188 489 1193 494 503 518 531 544 587 656 667 668 740 778 782 925 1600 1324 1145 
2 76 5 
3 80 950 5 
1 5 
1 5 
28 1610 947 80 90 949 1151 950 952 953 1156 1160 1161 955 956 6 957 958 1162 959 960 961 962 963 964 128 965 1163 966 
358 1610 50 51 1611 1612 1613 946 52 53 1615 1616 54 55 57 1618 991 1619 58 59 60 1096 1536 61 64 65 1542 1089 1621 1582 66 67 68 69 1543 70 1623 71 1624 1625 1626 72 1544 75 1097 76 77 78 79 1628 80 81 1131 1629 83 948 84 1631 86 1632 87 89 90 1633 92 93 94 95 1634 98 99 100 101 103 1638 1639 1640 1151 1641 951 952 1643 1644 105 1645 1646 1647 107 108 1158 1649 110 112 113 1651 1656 1657 114 115 1658 116 1682 1692 1698 1701 1709 1713 1718 1740 1765 119 120 1817 1823 1825 1832 1833 1873 1878 121 1886 1890 1892 1894 1900 1907 1911 1935 1954 1956 1961 1965 1986 1987 1989 1991 2003 2004 2012 2014 2015 2022 2025 2035 2037 2044 2046 2058 2060 2073 2085 2092 2099 2120 2122 2124 2125 2135 2136 2149 2151 2153 2164 2167 2168 2177 2182 2188 2190 123 1160 955 6 958 128 1163 129 130 131 132 133 1593 134 1132 135 137 139 140 141 1164 144 145 147 148 150 151 152 153 1099 156 157 159 161 163 165 166 167 1165 169 171 1100 176 179 181 182 184 186 187 189 192 193 194 999 195 196 197 1090 199 201 202 203 204 205 206 208 1101 211 213 215 217 218 219 220 221 1311 225 1280 230 1549 1489 231 232 234 237 238 239 240 242 1595 243 1002 1103 1284 1167 1550 245 246 1107 247 1108 1337 1506 1338 253 255 256 258 259 262 264 265 266 1519 1109 270 271 272 273 274 275 276 277 278 1507 279 280 281 282 1005 1551 1596 283 284 285 286 287 288 289 290 291 296 297 298 970 1007 1009 313 318 320 323 332 1014 344 349 1170 377 1598 1599 1173 410 413 416 420 437 446 1021 1176 456 1293 1179 1495 1180 1181 13 1184 1187 1188 1190 1208 1210 1213 1221 1224 1512 535 924 1239 1577 1514 
44 1613 52 1616 54 55 947 60 1536 61 67 1622 70 1623 72 1097 77 80 1131 83 88 89 90 95 107 2044 6 131 133 137 150 163 193 197 200 206 221 238 241 260 1266 1009 1340 322 1267 
85 946 1544 79 80 90 1098 1635 103 992 1641 950 951 953 1156 1157 1158 1159 116 1924 1160 956 6 958 959 960 962 963 965 1163 966 154 1165 186 198 203 205 1303 237 1166 1001 969 1516 1167 1312 1105 1107 1338 1507 1520 1007 1313 1563 1287 1111 1340 9 1314 1169 1017 1172 1305 1173 1174 1018 1021 1179 1180 1181 1182 13 1375 973 1024 1511 974 1184 1524 1606 1185 1526 1186 1187 1188 975 1189 
169 946 52 53 1615 991 60 1096 1536 61 62 1540 64 1623 71 1624 72 73 81 87 93 94 1634 949 97 98 1640 952 953 1156 1157 108 1649 1159 110 112 1651 1662 1694 1696 1775 119 1798 1818 1837 1884 1897 1928 1949 1950 1955 1986 1993 2035 2091 2123 2138 955 956 6 958 960 963 128 1163 129 131 1593 136 152 7 157 159 160 967 1165 169 172 174 175 180 184 189 194 202 211 1279 221 225 234 238 240 241 242 1505 1312 248 249 1003 250 253 256 260 261 267 271 273 1507 280 287 289 296 297 298 301 307 311 312 9 1012 318 321 323 326 329 341 350 353 1170 1171 366 375 382 399 1365 1509 1173 971 1174 433 441 443 446 455 1022 1293 479 973 1511 1185 1188 490 1193 503 511 1308 530 562 631 668 687 747 759 777 785 832 852 899 930 943 
31 947 949 953 1154 1155 1160 6 1162 1163 1167 1177 1183 1188 1192 1193 1194 1195 1196 1197 1201 1206 1210 1211 1217 1220 1224 1225 1226 1237 1250 1252 
55 946 55 947 80 90 91 1151 1152 1153 950 953 1154 1156 1159 1160 1161 6 958 1162 1163 966 1311 1166 1170 1171 1177 1180 13 1183 1185 1186 1187 1188 1191 1192 1193 1194 1197 1199 1200 1201 1205 1207 1208 1211 1212 1214 1215 1216 1217 1218 1219 1220 1221 1250 
31 946 949 1152 1153 950 951 952 1154 1156 1157 1159 1160 955 6 958 1163 966 967 1165 1168 1169 1170 1171 1173 1174 1176 1293 1182 1185 1187 1193 
11 76 80 89 90 116 6 132 157 1282 259 1289 
35 946 947 79 80 1151 1152 950 953 1154 1155 1158 1160 6 958 129 1165 195 210 1008 1171 1177 1179 13 1187 1192 1194 1195 1197 1198 1201 1207 1211 1212 1229 1250 
10 946 80 949 950 1156 6 959 961 965 1170 
5 946 6 959 962 965 
39 946 947 80 89 90 949 1151 1153 950 952 953 1154 1156 1157 1159 1160 955 6 963 966 1170 1171 971 1174 1177 1187 1190 1192 1193 1194 1198 1201 1205 1207 1211 1212 1216 941 1250 
13 946 949 1158 1161 956 6 957 960 961 962 964 965 973 
14 946 1130 80 90 949 950 1156 1161 6 1162 959 961 962 964 
5 946 956 6 959 960 
8 946 80 949 6 957 959 960 1182 
10 946 80 949 950 1158 6 958 150 1490 490 
4 946 6 959 960 
7 946 949 1156 956 6 957 959 
14 946 80 949 1151 952 953 1154 1156 1158 1159 6 958 1163 941 
21 55 1152 1153 950 953 1154 1160 6 1163 1165 969 1171 1174 1293 1183 1186 1193 1194 1197 1205 1212 
4 6 1099 1304 1167 
13 1097 80 949 127 1160 6 967 1311 1109 1133 438 1200 1224 
4 947 80 6 503 
11 1544 80 950 1154 1156 2132 6 958 1162 1163 1577 
3 89 116 6 
11 80 949 950 1158 6 959 1166 1171 1180 974 1215 
7 80 949 1158 6 1166 1180 973 
3 80 949 6 
3 80 6 1166 
2 1153 6 
1 6 
1 6 
1 6 
1 6 
1 6 
1 6 
1 6 
1 6 
43 52 53 1096 1540 65 73 103 1157 1884 1949 1955 6 130 142 152 180 194 999 202 210 221 240 1284 1312 1506 1339 288 289 307 311 1017 343 350 415 1293 1526 1188 487 1193 503 668 761 785 
3 6 1595 1513 
2 6 1078 
1 6 
12 1610 1623 1097 1158 145 996 997 1099 154 998 7 1513 
27 1610 1612 54 55 1618 947 58 1096 1536 65 1582 1623 1626 1544 76 80 1131 1639 950 1644 137 145 7 1100 197 1003 1004 
4 949 7 1512 1029 
1 7 
2 50 7 
2 1635 7 
3 990 7 246 
4 990 7 1016 1513 
6 990 80 7 1303 288 1517 
10 52 1618 947 80 93 1640 114 7 1060 986 
4 53 7 1017 1510 
58 58 60 65 67 1130 77 79 80 83 89 90 949 108 109 120 130 145 1099 154 7 198 1303 1279 237 1595 243 1002 1283 1103 244 1505 1284 1516 1550 1285 1312 245 246 1104 1106 1107 1108 1006 1313 1287 1288 1314 1112 1357 1517 1315 1116 1021 1292 1375 1030 1322 1323 
11 947 65 80 145 1099 7 1001 1283 1516 1509 1037 
6 991 80 950 7 211 488 
6 991 1540 1130 80 7 1314 
2 947 7 
6 80 89 7 1001 1509 20 
8 947 89 949 1099 7 1505 1109 1176 
10 73 1694 1792 955 7 1169 1170 394 1022 935 
7 54 947 948 133 7 1550 1109 
3 89 7 1284 
9 1096 1582 1622 1628 80 87 129 7 759 
9 1096 71 80 87 950 110 124 7 1305 
3 1619 1096 7 
3 1610 947 7 
1 7 
9 997 1099 7 205 1520 309 1287 1051 1513 
9 80 949 7 1000 1107 1029 1031 941 986 
4 80 949 7 1026 
2 7 9 
5 80 7 1287 1288 1021 
14 947 80 90 949 137 7 1001 1103 1516 1107 1109 1020 1322 20 
5 80 950 7 1008 1514 
1 7 
8 80 949 7 1303 1516 1107 1109 1507 
1 7 
3 80 7 1018 
2 7 503 
2 1651 7 
4 992 7 1017 1075 
4 80 2028 7 1001 
2 7 1017 
1 7 
1 7 
1 7 
1 7 
1 7 
2 7 1002 
1 7 
1 7 
1 7 
1 7 
1 7 
1 7 
2 7 1067 
3 7 1054 1066 
1 7 
1 7 
1 7 
1 7 
1 7 
2 7 1016 
3 7 1516 1517 
1 7 
2 7 1045 
1 7 
1 7 
1 7 
1 7 
2 7 1060 
3 7 999 1059 
1 7 
3 7 291 1509 
1 7 
1 7 
1 7 
2 7 1045 
2 7 1044 
1 7 
1 7 
2 7 1505 
1 7 
1 7 
4 1158 1099 7 1289 
1 7 
2 7 1029 
1 7 
1 7 
2 7 988 
1 7 
1 7 
1 7 
1 7 
1 7 
1 7 
1 7 
1 7 
3 1618 1158 7 
1 7 
77 1611 52 53 1617 54 55 1618 947 58 59 1096 61 65 66 67 69 1543 1623 75 1097 76 77 79 1628 80 81 83 87 88 89 1633 93 94 1634 97 99 1638 1640 1644 1646 108 112 1651 1652 1707 2035 2096 2190 123 127 130 159 163 166 181 182 187 191 196 198 201 207 211 1548 230 240 242 248 249 251 252 8 278 354 355 941 1577 
33 52 53 947 58 65 67 69 76 79 1628 80 81 89 1634 99 1644 1651 2035 127 130 150 181 182 196 198 207 1548 240 252 8 297 352 355 
3 1539 80 8 
1 8 
1 8 
1 8 
1 8 
96 51 1612 1613 53 1615 54 55 991 947 1619 60 1536 61 65 1542 1089 1621 1582 67 68 1623 1624 72 75 1097 76 77 1627 79 80 82 83 88 89 90 1633 92 95 99 100 1640 950 1643 105 1646 107 108 1911 2044 2122 124 130 140 144 151 152 160 163 167 171 1100 182 1594 186 187 188 191 195 198 206 211 213 1279 1282 244 255 295 313 314 1111 315 1011 1340 1341 9 1342 1012 1289 316 1013 1343 317 318 1127 941 986 
58 990 52 53 54 55 1618 947 1619 58 60 1096 65 1089 1582 66 67 1623 1626 72 77 1628 80 83 948 87 88 89 90 1635 99 1640 1643 1646 108 1652 1656 116 120 130 131 132 133 140 151 177 206 1303 220 1282 241 969 1167 245 1106 247 1111 9 316 
4 949 1102 1111 9 
17 990 947 1540 968 1001 1002 1312 245 1109 1007 9 1267 1016 1114 1315 1319 1073 
47 54 55 991 947 58 60 1096 65 66 67 1543 70 1623 1624 72 1544 77 80 81 83 89 94 100 1713 1774 120 1593 141 152 156 163 170 182 184 186 187 253 272 1265 299 9 323 12 832 17 1268 1577 
4 947 80 1303 9 
4 1098 1516 1111 9 
10 947 80 1001 1516 1108 9 1509 1517 1021 1514 
3 80 1001 9 
11 80 949 1516 1107 1108 1287 1288 9 1517 1315 941 
7 1097 79 80 198 243 1001 9 
26 947 65 79 80 90 949 1157 133 1594 203 1489 237 1001 1105 1338 1507 1111 9 1017 1172 1305 1116 1021 1179 1024 1514 
7 947 1130 80 1001 1103 1105 9 
17 947 61 145 1099 1304 969 1283 1167 247 1507 1007 1009 309 1287 9 1021 1024 
1 9 
8 1096 1097 80 949 1098 1102 1107 9 
5 80 1303 1001 246 9 
1 9 
5 73 80 1099 309 9 
1 9 
7 80 237 1001 246 1107 9 1122 
1 9 
1 9 
1 9 
1 9 
1 9 
5 80 1516 9 1305 1116 
1 9 
1 9 
1 9 
1 9 
2 1096 9 
1 9 
1 10 
104 52 1615 1618 1619 62 1539 64 68 1622 71 79 80 83 87 90 91 1633 95 1634 104 1640 1156 1642 1157 1644 108 110 1656 1658 116 1674 1694 1696 1710 1737 1752 1763 120 1792 1798 1817 1818 1823 1911 1935 1936 1942 1943 1959 1991 1999 2035 2063 2084 2104 2122 2135 2168 127 960 129 133 141 149 151 163 165 1165 187 189 195 204 206 1303 213 1311 1255 241 243 1001 244 1516 1285 1108 1004 255 275 276 1556 1561 326 343 1170 1171 1509 1305 1173 410 11 411 1517 1134 412 413 
33 1613 53 54 55 1618 991 947 59 60 65 1626 73 79 1628 80 948 89 90 1634 1983 2124 150 1311 238 241 306 340 1346 1352 1510 1528 12 519 
7 53 947 1536 75 207 1133 12 
4 1132 969 1339 12 
10 1130 80 90 91 108 182 216 285 12 1386 
1 12 
1 12 
1 12 
1 12 
1 12 
1 12 
1 12 
1 12 
1 12 
1 12 
3 80 12 941 
1 12 
1 12 
1 12 
1 12 
1 12 
19 946 947 80 952 1156 1157 1159 955 958 966 1165 1169 1170 1171 1174 1293 1182 13 1185 
13 952 953 955 967 1165 1166 1168 1170 1171 1173 1176 13 1193 
13 952 953 1156 1157 1730 1160 958 967 1170 1174 13 1193 977 
24 951 952 953 1156 1157 1158 1159 1160 955 958 966 967 1165 1168 1170 1171 1173 971 1174 1176 13 1184 1185 1193 
11 80 951 1156 1159 955 1168 1170 1173 1182 13 1184 
57 946 65 76 1130 79 80 82 90 949 1151 1153 950 952 953 1154 1155 1157 108 1159 1160 956 958 960 965 1163 966 129 133 137 154 1165 195 198 210 237 971 1174 1177 1293 13 1185 1187 1188 1190 1191 1194 1198 1199 1205 1207 1209 1211 1217 1223 1228 1230 1231 
37 65 1130 79 80 90 949 1151 1153 950 953 1154 1156 1159 127 958 1163 1165 195 210 237 1167 1107 1177 1182 13 1183 1185 1187 1188 1193 1194 1205 1211 1216 1229 941 986 
42 990 947 79 91 949 1154 1642 2054 1160 1161 955 1162 959 963 1163 966 129 132 205 1279 1166 1516 247 323 1170 1171 1176 1177 13 973 974 1186 1187 1190 1191 1204 1207 1211 1216 1512 1073 1087 
35 80 90 949 1151 950 952 953 1154 1155 1156 1157 108 958 1163 966 129 137 154 1165 195 210 1595 1169 345 1177 1293 1179 13 1185 1194 1205 1207 1214 1229 1382 
35 946 947 80 949 1153 951 952 953 1154 1156 1642 1158 955 958 1162 1163 967 1165 969 1173 1174 1176 13 1184 1186 1190 1192 1193 1198 1202 1203 1207 1212 1224 1249 
10 946 80 952 1158 959 960 1171 1174 1176 13 
12 946 951 952 1158 1160 960 1165 1168 971 1176 13 1186 
25 946 947 1544 80 949 950 951 952 953 1156 1157 1158 1159 1160 966 967 1165 1170 1171 971 1174 1176 13 1193 1577 
4 947 1168 1176 13 
51 55 947 60 1130 79 80 949 1151 1152 950 953 1154 1156 1157 108 1159 120 1160 955 1162 1163 133 967 1166 1167 1170 1174 1177 1293 1181 13 1183 1186 1187 1190 1194 1196 1197 1198 1199 1200 1201 1204 1205 1207 1211 1215 1216 1220 1223 1228 
20 79 80 949 1152 952 1158 1709 1165 1168 1170 1171 1174 1182 13 973 974 1186 1188 976 1227 
15 947 1097 80 949 951 1157 1165 968 1109 1290 1170 1171 1174 1182 13 
20 1152 953 1154 1155 1162 1164 1166 1170 1180 13 1187 1193 1196 1200 1201 1207 1208 1210 1223 1228 
20 65 79 80 90 91 949 1151 953 1159 129 137 1008 1177 1178 13 1185 1186 1187 1211 1228 
87 947 1130 79 80 89 91 1151 1152 1153 950 952 953 1154 1155 1158 1789 2119 956 958 1163 1165 1166 1167 1168 1008 1171 1172 1173 1175 1176 1177 1179 1180 1181 13 1183 1184 1185 1186 1187 1188 1189 1190 1191 1192 1193 1194 1195 1196 1197 1198 1199 1200 1201 1202 1203 1204 1205 1206 1207 1209 1211 1212 1213 1214 1215 1216 1217 1218 1219 1222 1223 1225 1226 1227 1228 1229 1230 1231 1232 1236 1238 1239 1240 1241 1242 1249 
48 1130 80 91 95 1151 1152 950 952 953 1154 1158 1161 955 958 1163 129 133 967 195 1166 1167 345 1170 1177 1180 1181 1182 13 1183 973 1186 1187 1188 1189 1194 1196 1199 1205 1207 1208 1214 1215 1216 1218 1220 1229 1379 1232 
5 949 1107 1170 13 1232 
16 947 1130 80 91 949 1152 950 953 1154 1155 1160 244 1170 13 1188 1195 
45 79 80 1633 92 95 949 1151 1153 950 953 1154 1156 108 127 1160 1161 958 1163 129 137 967 1165 195 208 210 1166 1167 1352 1177 1293 1181 13 1183 1187 1188 1193 1194 1199 1205 1207 1211 1215 1225 1229 1232 
2 1170 13 
21 947 1152 953 1154 1158 1160 1161 1162 1163 1164 1007 1170 1177 13 1190 1192 1199 1201 1207 1217 1224 
20 951 952 1156 1157 1158 1159 955 958 1165 1169 1170 1171 1174 1176 1293 1182 13 1184 1185 1193 
3 1169 13 1193 
8 947 80 949 1159 955 1107 1170 13 
13 947 80 949 952 1928 1168 1170 1171 1182 13 973 974 1215 
10 947 80 949 1165 1170 1171 1174 1182 13 1232 
24 80 90 949 1151 953 1155 1157 108 962 237 1166 1167 1171 1177 1180 1181 13 1187 1191 1194 1196 1207 1211 1214 
11 80 96 951 952 1157 967 1165 1170 1171 1174 13 
18 947 80 949 1154 1155 1160 129 1170 1177 13 1187 1188 1194 1200 1207 1212 1219 1252 
21 80 949 1151 950 952 953 1154 1156 1157 1159 133 1169 1170 1177 13 1187 1188 1191 1194 1204 1215 
12 949 952 1158 1160 1162 967 1165 1166 1169 1170 1171 13 
21 947 949 952 953 1156 1157 1158 955 958 1165 1168 1169 1170 1171 1174 1293 1182 13 1184 1185 1193 
20 947 80 949 950 951 952 1156 1157 1166 1170 1171 1173 1174 13 1184 1185 1193 1227 941 986 
6 80 949 203 1170 1171 13 
10 947 1156 1158 1160 958 1165 1170 1176 1293 13 
8 80 952 1156 1158 1170 1182 13 1185 
9 951 952 2192 1160 955 958 1170 1176 13 
37 80 1152 1153 950 951 952 953 1154 1157 1160 958 1163 967 1168 1170 1174 1177 1178 1293 13 1187 1188 1194 1196 1199 1207 1211 1215 1218 1222 1223 1227 1232 1233 1235 941 986 
18 951 952 1156 1642 1157 1159 955 958 967 1165 1170 1171 1174 1182 13 1184 1185 1193 
5 951 955 1170 1173 13 
11 80 951 1165 1168 1170 1171 1182 13 1193 1227 1232 
7 951 952 955 967 1165 1170 13 
7 1156 1160 955 958 1165 1170 13 
9 952 1156 1165 1170 1171 1174 1176 13 1193 
8 952 1165 969 1168 1170 1293 13 1184 
9 951 952 955 958 1165 1168 1170 1176 13 
3 1160 1170 13 
5 2094 1160 1170 1293 13 
5 1158 1165 1170 13 1185 
12 952 1156 1642 1157 1159 958 967 1165 1170 1171 1174 13 
3 951 1170 13 
19 80 952 1156 1158 1159 1160 955 958 1165 1168 1170 1171 1174 1176 1293 1182 13 1184 1193 
5 947 952 1168 1171 13 
3 1156 1170 13 
5 947 951 1789 1168 13 
15 80 951 952 1156 1157 1158 955 958 1165 1169 1170 1174 1182 13 1193 
8 952 1160 955 958 967 1170 13 1184 
3 947 1170 13 
8 80 952 1159 1170 1171 1182 13 1227 
11 952 1165 1170 1171 1174 1180 13 973 1185 1193 1227 
9 80 952 1157 1158 958 1165 1170 1171 13 
6 951 952 1156 1170 1176 13 
5 952 1170 1171 13 1193 
5 952 1170 13 1184 1227 
6 80 951 952 1165 1171 13 
3 947 952 13 
4 80 1170 13 1193 
6 1156 1165 1168 1170 13 1193 
6 947 951 1160 969 1176 13 
4 951 1170 1174 13 
3 951 1170 13 
13 80 203 1166 1170 13 1188 1193 1196 1214 1215 1219 1232 1238 
6 1156 1165 1168 1169 1170 13 
9 80 1157 1159 955 1311 1170 1171 1174 13 
3 1156 1170 13 
4 1156 1170 13 1240 
9 1170 1171 1172 1174 1181 13 1193 1196 1227 
2 13 1193 
2 13 1238 
2 13 1193 
2 1170 13 
2 951 13 
4 1170 13 1227 1234 
5 947 80 1170 1293 13 
3 1170 13 1231 
2 1170 13 
3 80 1170 13 
1 13 
1 13 
1 13 
1 13 
1 13 
1 13 
3 1160 1170 13 
5 951 952 955 958 13 
1 13 
3 951 13 1184 
1 13 
1 13 
16 53 71 73 1130 77 80 83 103 1656 1696 2093 130 189 237 14 21 
4 69 108 297 14 
1 14 
3 80 108 14 
1 14 
2 58 15 
2 15 1264 
1 15 
1 15 
2 15 1261 
3 1593 1100 17 
3 948 1267 17 
6 53 948 1099 247 1266 17 
5 53 1628 1652 1100 17 
1 17 
2 17 1271 
2 17 1270 
1 17 
1 17 
1 17 
1 17 
3 17 20 40 
1 17 
12 58 67 77 80 89 116 1908 1282 1286 1289 487 18 
13 53 1096 80 89 90 1633 950 1158 1282 1001 1506 1289 18 
6 53 947 75 77 1282 18 
6 53 1304 1282 1550 661 18 
22 53 1096 1097 954 116 145 1278 1279 1280 1281 1283 1284 1285 1286 1287 1288 1289 1290 1294 1295 18 1296 
12 65 80 1282 1595 1001 1002 1516 1109 1289 1509 1517 18 
14 947 80 108 120 128 1282 1001 1505 1010 1315 452 18 941 986 
6 1130 80 1282 1001 1289 18 
10 80 89 116 1908 1278 1282 1289 18 941 1514 
11 949 1282 1001 1105 1109 1288 1289 1016 452 1020 18 
7 1282 1001 1105 1287 1289 1020 18 
18 1096 954 116 145 1278 1279 1282 1595 1283 1285 247 1286 1287 1288 1290 1295 18 1073 
6 73 1282 1167 1289 1509 18 
3 1505 1513 18 
2 1001 18 
23 947 80 1151 950 953 1156 1159 1789 967 1165 1174 1177 1187 1190 1193 1200 1203 1207 1382 18 1239 941 986 
3 80 1282 18 
3 1282 1289 18 
2 1282 18 
1 18 
1 18 
1 18 
1 18 
1 18 
1 18 
19 1097 1130 80 89 949 1688 2137 127 128 150 998 203 1101 1001 1516 1112 1024 600 19 
7 1850 1281 968 1109 1309 1321 19 
14 1130 80 89 949 109 130 1489 243 1516 1107 1012 490 19 1122 
7 1831 2174 127 247 1309 19 1310 
1 19 
3 80 950 19 
3 1304 1306 19 
2 1306 19 
50 53 947 58 60 61 65 1582 67 71 1130 79 80 1131 82 1630 87 89 95 99 103 952 107 108 110 120 129 130 150 167 198 202 220 224 241 1595 243 969 1517 440 466 1229 651 656 667 823 919 1322 20 941 1577 
8 80 949 950 1099 1001 20 941 986 
5 80 949 1001 1322 20 
11 65 80 949 145 1001 1516 247 1004 1509 1517 20 
10 80 1099 192 243 1001 1284 1516 1105 1517 20 
1 20 
16 1632 1672 1696 1792 1823 1828 1894 1919 1986 2168 203 287 305 1321 20 1403 
4 80 1828 1507 20 
3 2154 1099 20 
1 20 
3 1304 1317 20 
8 1311 1001 1506 1313 1509 1021 20 1515 
3 80 1001 20 
3 80 20 941 
1 20 
1 20 
1 20 
1 20 
1 20 
1 20 
1 20 
1 20 
1 20 
5 53 71 80 87 21 
5 58 80 81 99 21 
1 21 
8 947 59 1582 73 1651 207 354 21 
10 947 58 67 1544 77 80 83 949 1107 21 
11 55 58 73 80 89 103 108 1133 21 941 986 
6 1096 80 948 949 1356 21 
7 1096 73 80 1646 108 1656 21 
4 1096 73 80 21 
3 1096 81 21 
2 1582 21 
1 21 
4 73 80 1131 21 
3 73 80 21 
1 21 
2 73 21 
3 73 80 21 
3 73 80 21 
8 73 80 1131 108 120 130 1174 21 
3 73 80 21 
3 73 80 21 
4 73 80 103 21 
4 73 80 1340 21 
5 73 80 90 1001 21 
3 73 80 21 
2 73 21 
4 73 103 166 21 
3 73 80 21 
3 73 80 21 
2 73 21 
2 73 21 
5 73 80 103 950 21 
2 73 21 
4 73 80 103 21 
1 21 
1 21 
1 21 
1 21 
1 21 
5 90 130 1386 21 1402 
2 129 21 
4 80 949 1001 21 
1 21 
2 1658 21 
1 21 
3 80 1171 21 
1 21 
1 21 
3 1159 1293 21 
1 21 
1 21 
1 21 
3 1134 1373 21 
1 21 
3 1872 21 1398 
2 80 21 
1 21 
1 21 
1 21 
1 21 
1 21 
1 21 
1 21 
1 21 
3 80 1388 21 
1 21 
1 21 
1 21 
2 1373 21 
2 1317 21 
1 21 
1 21 
1 21 
1 21 
1 21 
1 21 
1 21 
1 21 
1 21 
1 21 
1 21 
1 21 
1 21 
1 21 
1 21 
1 21 
1 21 
1 21 
3 55 60 21 
1 21 
1 21 
1 21 
1 21 
1 21 
1 21 
1 21 
1 21 
1 21 
1 21 
1 21 
1 21 
1 21 
1 21 
1 21 
1 21 
1 21 
1 21 
1 21 
1 21 
1 21 
1 21 
1 21 
1 21 
1 21 
1 21 
1 21 
1 21 
1 21 
1 21 
1 21 
1 21 
1 21 
1 21 
1 21 
1 21 
1 21 
1 21 
1 21 
1 21 
1 21 
1 21 
1 21 
1 21 
1 21 
1 21 
1 21 
1 21 
1 21 
1 21 
1 21 
1 21 
1 21 
1 21 
1 21 
1 21 
1 21 
1 21 
1 21 
1 21 
1 21 
1 21 
1 21 
1 21 
1 21 
1 21 
6 53 947 1107 1305 567 22 
2 963 22 
1 22 
1 22 
1 22 
6 80 1497 1500 1501 23 1502 
8 947 80 317 1496 1497 1500 23 1502 
6 1495 1498 1499 1501 23 1502 
7 1494 1495 1498 1500 1501 23 1502 
7 237 1496 1497 1500 23 1502 1503 
5 1496 1500 1501 23 1502 
10 1494 1495 1497 1498 1499 1501 23 1502 1503 1504 
7 1494 1496 1497 1499 1500 23 1502 
10 1494 1495 1496 1497 1498 1499 1500 1501 23 1504 
4 80 1498 1500 23 
3 1500 23 1502 
9 80 950 205 1001 1284 1007 1291 1070 24 
17 947 59 60 67 73 80 1633 120 1927 1279 1509 1512 1322 24 941 986 1515 
11 947 80 82 949 950 1887 1107 1109 1024 1318 24 
3 73 1517 24 
24 1130 79 80 95 950 108 145 150 198 1002 1283 1103 1506 291 1006 1314 1290 358 385 1518 1062 1322 24 25 
3 1131 1000 24 
5 80 949 950 1516 24 
5 947 992 1158 1506 24 
8 990 997 309 1016 1291 24 1514 987 
9 947 80 1103 1516 1107 1286 1022 1513 24 
8 59 60 67 1633 120 1506 1322 24 
30 65 1130 949 1158 189 1303 237 1102 243 1001 1002 1283 1103 1550 245 246 1105 315 1314 372 1305 1315 1021 1024 1511 490 1052 1122 25 1514 
16 1130 80 998 1311 1001 1283 1103 1550 246 1105 1314 372 1508 1315 1052 25 
6 80 90 127 1509 25 941 
4 947 77 1894 26 
3 949 1016 26 
1 27 
4 80 90 436 27 
1 27 
3 80 949 28 
1 28 
6 80 949 316 941 29 986 
1 29 
5 80 1131 90 941 30 
1 30 
1 30 
1 30 
1 30 
1 30 
1 31 
1 31 
45 1612 1613 52 53 1618 991 947 58 59 1096 1621 1582 67 1543 1623 1625 1626 1544 75 1628 80 81 948 94 1634 1638 950 1644 1657 1682 120 2065 1132 173 197 199 201 205 207 211 44 223 224 230 247 
15 1539 1540 1541 1546 44 1552 1553 1554 1556 1559 1560 1562 1563 1566 1579 
5 1539 1540 1541 44 1561 
29 1537 1538 1540 1541 1130 1545 1546 44 1551 1552 1553 1554 1555 1556 1557 1558 1559 1560 1561 1562 1563 1091 1564 1565 1566 1567 1568 1578 1579 
26 52 57 1537 1538 63 1539 1541 65 71 80 950 116 1099 202 44 1004 1552 1553 1554 1556 1562 310 311 312 467 986 
19 1537 1538 1539 1540 1545 1546 44 1554 1555 1556 1558 1559 1560 1562 1565 1566 1567 1568 1578 
8 947 1096 1543 1544 1652 44 1569 1577 
29 1613 53 55 947 58 59 1536 1542 1089 67 70 1623 72 1544 76 77 90 93 94 101 107 2132 1100 182 206 44 1569 515 1577 
37 53 55 1618 991 947 58 59 1536 65 1542 67 1543 70 1623 72 77 80 83 90 93 949 101 107 120 1927 2132 1163 140 152 169 1100 189 206 44 1338 971 1577 
6 52 1539 1541 44 1554 1563 
12 52 1537 1539 1541 44 1552 1553 1554 1556 1559 1560 1566 
3 53 44 1549 
37 53 58 60 65 1089 67 69 70 75 77 80 83 89 90 92 105 108 1651 114 120 1999 2001 124 127 129 131 132 144 195 1090 203 208 210 213 216 44 941 
5 53 947 1547 44 1570 
10 947 65 192 44 1281 1001 1516 1009 1517 1570 
8 947 60 1539 120 44 1552 1553 1556 
20 1537 1539 1540 1546 44 1551 1553 1554 1555 1556 1558 1559 1560 1561 1562 1563 1566 1567 1568 331 
22 1537 1539 1540 1546 44 1551 1552 1554 1555 1556 1558 1559 1560 1561 1562 1563 1566 1567 1568 331 1578 1579 
18 1537 1539 1540 1541 1545 1546 44 1552 1553 1555 1558 1559 1560 1562 1563 1566 1568 1579 
14 1539 1541 44 1552 1553 1554 1556 1557 1559 1562 1566 1568 1578 1579 
14 1537 1539 1540 1541 1130 1546 44 1551 1552 1553 1555 1559 1562 1579 
7 1539 44 1555 1558 1559 1562 1566 
11 1539 1541 44 1552 1553 1554 1557 1562 1565 1578 1579 
15 1537 1539 1541 1546 44 1552 1553 1554 1555 1556 1557 1562 1566 331 1579 
12 1537 1539 1541 1546 44 1552 1553 1554 1566 1568 1579 1581 
10 1538 63 1539 1130 44 1552 1553 329 582 747 
14 1537 1539 1540 1541 44 1552 1553 1554 1555 1556 1557 1558 1559 1579 
9 1537 1539 949 1545 44 1552 1553 1554 1568 
2 1539 44 
4 1539 1541 44 1558 
16 1537 1539 1541 1546 44 1552 1553 1554 1555 1557 1559 1560 1567 1568 1578 1579 
6 1539 1541 44 1552 1553 1566 
12 1539 1541 44 1552 1553 1554 1555 1560 1563 1566 1578 1579 
4 1542 1543 1652 44 
9 61 44 1549 1550 317 618 1571 1572 1573 
2 44 1570 
2 44 1570 
2 44 1570 
1 44 
1 44 
2 57 44 
29 53 55 1618 947 58 59 1542 1089 67 1543 70 1624 72 1544 77 80 83 90 101 1163 152 163 1100 189 206 44 1311 299 971 
9 1539 1541 44 1553 1555 1558 1566 1568 1579 
14 1537 1539 44 1553 1554 1555 1556 1558 1559 1560 1562 1566 1568 1578 
1 44 
2 44 1560 
70 1613 53 1615 1616 55 1618 991 947 1619 58 60 1096 1536 61 65 66 67 68 1623 1624 1626 72 75 1097 76 77 78 1627 79 1628 81 83 89 90 95 103 1640 105 107 112 2004 2015 2044 124 130 131 132 144 150 151 152 153 163 172 182 193 195 196 197 206 217 1311 243 1337 287 1011 332 45 1344 348 
2 45 1584 
4 80 45 1583 1592 
2 45 1589 
1 45 
1 45 
1 45 
2 45 1585 
1 45 
1 45 
2 45 1584 
35 53 55 947 58 60 61 67 68 69 1624 72 75 76 77 79 80 81 83 89 93 101 950 108 114 120 1911 166 1100 182 243 248 287 1265 297 46 
10 55 1096 73 80 108 1993 230 1595 1107 46 
18 947 65 80 108 1159 120 145 1594 1311 1001 1283 244 246 247 287 1289 46 987 
3 947 253 46 
3 73 46 1599 
5 947 73 80 103 46 
7 947 73 46 1597 1600 1601 1605 
4 80 46 1599 941 
2 46 1599 
1 46 
1 46 
1 46 
2 46 1599 
3 80 949 47 
1 47 
1 47 
1 49 
19 990 50 51 1611 1612 1613 1614 946 52 53 1615 1616 55 991 947 1621 72 223 1014 
9 1610 50 55 947 1089 69 72 84 1692 
19 1610 50 52 53 1617 54 55 56 57 1618 991 947 1619 58 59 60 1096 1536 65 
29 1610 50 52 53 55 1618 947 58 59 60 1096 1536 1582 67 1543 71 1625 77 1627 80 81 1131 82 1629 83 948 1630 120 941 
2 1610 50 
34 1610 50 53 55 947 1619 58 59 60 1096 1582 67 1622 75 76 1130 80 84 1631 85 86 1632 87 88 89 90 91 1633 92 93 94 95 1634 950 
12 1610 50 53 55 1618 947 60 1582 948 91 1640 189 
9 50 1612 59 1089 1627 80 104 127 941 
88 50 1612 1613 53 1616 54 55 57 991 947 58 59 60 1536 61 65 1089 1621 1582 67 69 1622 70 72 73 1544 75 1097 76 1130 77 1627 1131 82 83 84 1632 88 89 90 91 93 94 95 100 1643 1644 114 117 1694 1873 2008 2015 2035 2044 2120 2124 124 131 132 133 144 148 161 163 165 182 193 999 197 201 204 206 211 214 217 219 221 225 229 234 238 239 240 241 242 1577 1087 
45 50 1612 53 1615 54 55 947 58 1096 65 1582 67 72 75 1097 76 1130 77 79 1628 80 83 84 86 1632 89 90 91 1644 1656 1833 2122 124 128 130 157 163 171 186 187 193 226 236 1013 322 
3 50 86 321 
23 1610 50 51 53 55 1618 947 59 1096 1536 67 1625 72 75 90 93 107 1940 2179 135 195 201 223 
72 50 53 1615 1618 59 61 65 68 72 76 1130 79 1628 80 83 948 1631 86 89 90 91 92 99 100 1637 1644 107 1656 1698 1813 1880 121 2033 2107 124 129 130 133 141 144 150 154 163 171 182 186 193 195 201 206 213 219 226 231 241 244 265 281 294 1011 332 337 338 339 340 341 342 343 344 345 346 347 
54 990 50 52 53 54 55 991 947 58 59 60 1096 1536 61 65 1089 1582 67 69 1543 70 1625 1626 72 1544 75 1097 77 1628 80 83 948 1631 1639 1640 950 1643 105 107 1657 1825 2080 2091 129 131 132 173 1100 180 199 221 223 304 330 
26 50 53 55 947 58 60 1096 65 1582 66 68 71 1628 80 81 87 89 99 950 1644 2184 1593 152 1100 189 1577 
24 50 1613 53 55 947 58 60 1536 65 1621 67 1623 84 90 92 93 107 1825 2124 128 176 182 197 201 
31 50 52 53 54 55 991 947 58 59 1536 1582 67 1623 1097 76 77 78 1628 1131 1631 89 91 1638 1639 1640 1833 128 130 163 191 383 
10 50 1613 1617 54 1618 1096 1582 83 1643 235 
71 50 52 53 55 947 1619 58 60 1536 61 65 1089 1582 68 1622 1623 1624 1626 72 75 1097 76 79 80 1131 83 87 89 90 1633 92 95 99 101 1644 105 108 1657 114 2044 127 129 130 133 137 152 157 163 171 187 188 193 195 197 1090 203 206 208 213 220 230 243 294 1011 380 416 417 418 535 832 1268 
9 50 1613 947 60 89 90 107 128 197 
7 50 1613 90 93 192 222 1311 
13 50 1615 55 947 1622 1623 1626 1632 89 107 2000 206 222 
38 50 53 1615 55 1618 947 1619 60 80 82 1631 86 87 89 90 91 95 1634 108 1662 1767 1769 120 1850 1878 1890 1894 2008 2035 2060 2062 2121 2198 201 219 233 305 1317 
50 50 52 53 1615 947 58 60 1096 65 1089 69 71 72 1130 79 1628 80 81 87 95 98 99 110 1658 1736 1740 120 2001 2113 129 132 144 153 171 173 195 210 1279 226 232 237 238 1506 316 359 387 389 1174 433 1515 
27 50 53 1615 947 58 1536 1089 75 1130 79 80 1131 84 86 1632 89 90 91 950 1769 1959 2121 133 1090 219 222 297 
4 50 1097 949 995 
1 50 
3 50 1622 80 
8 50 55 947 1536 1089 1626 211 832 
15 50 54 55 991 947 58 60 67 69 1623 1626 77 89 107 128 
37 50 52 53 1616 54 55 947 58 60 1096 1089 1582 67 1623 1626 72 75 1097 1130 80 81 91 95 99 950 108 112 120 124 132 133 157 171 999 205 206 230 
4 50 947 80 949 
16 50 55 76 1130 89 91 107 1158 116 2054 1160 137 150 152 1194 1205 
9 50 54 55 1618 947 1096 1623 1097 1627 
29 50 52 53 54 55 1618 991 947 1619 58 1536 61 1089 1622 71 1624 1130 1628 80 87 89 107 114 124 127 150 167 1090 297 
6 50 947 86 91 1773 219 
24 50 55 947 58 60 1096 1089 67 70 1097 77 83 86 2044 128 129 131 186 195 199 208 237 283 1341 
14 50 53 55 947 77 80 82 88 1817 2022 2086 291 345 497 
7 50 55 72 1833 2096 233 338 
25 50 947 58 67 76 77 80 83 88 89 90 93 950 107 128 130 131 132 150 151 152 167 182 198 240 
1 50 
41 50 52 55 947 60 61 65 1089 75 76 79 80 88 92 93 950 105 107 112 1956 2004 124 128 129 131 132 150 167 172 182 1090 201 203 207 1548 1337 266 274 340 514 1028 
8 50 53 55 1542 1089 1097 1569 1268 
1 50 
3 50 1657 1935 
3 50 55 430 
30 50 55 947 1619 60 1622 1097 1130 79 80 83 89 90 95 105 107 108 1911 129 130 134 186 195 205 216 1255 1341 360 395 520 
19 50 53 55 947 1536 67 1623 1628 80 89 90 108 1654 1774 1894 128 193 201 288 
25 50 947 58 67 1130 79 80 83 90 1633 92 108 124 127 129 130 153 193 195 198 222 265 385 1377 941 
1 50 
1 50 
2 50 2077 
13 50 80 82 1632 91 950 1799 1935 1987 2135 2168 233 941 
1 50 
1 50 
1 50 
3 50 1674 2035 
3 50 89 1935 
1 50 
1 50 
1 50 
4 50 55 90 222 
4 50 80 2168 1317 
1 50 
16 50 1130 79 80 90 95 99 108 1666 1696 1799 1828 2028 2135 530 531 
1 50 
3 50 229 338 
4 50 1718 1997 430 
1 50 
1 50 
1 50 
2 50 86 
6 50 55 947 1536 1997 175 
2 50 80 
1 50 
1 50 
2 50 219 
2 50 90 
4 50 80 162 1303 
2 50 80 
1 50 
2 50 80 
6 50 1611 947 2001 2136 2180 
3 50 1935 2168 
7 50 1618 1130 80 950 129 1008 
1 50 
22 50 1130 77 80 83 86 89 91 950 1674 1757 1799 1935 2028 2191 129 201 219 222 1255 1317 532 
1 50 
6 50 947 1622 80 91 2000 
2 50 53 
2 50 1935 
4 50 947 60 1722 
1 50 
1 50 
1 50 
2 50 233 
2 50 86 
2 50 1089 
3 50 91 219 
5 50 947 82 179 1166 
8 50 1130 86 89 91 1963 2139 219 
1 50 
1 50 
10 50 53 947 60 69 80 93 129 150 1100 
1 50 
1 50 
2 50 55 
3 50 80 95 
4 50 52 947 1677 
1 50 
3 50 86 2114 
1 50 
5 50 86 1701 148 219 
1 50 
3 50 80 2168 
1 50 
1 50 
1 50 
1 50 
1 50 
2 50 1153 
1 50 
1 50 
1 50 
1 50 
1 50 
4 50 80 87 1633 
5 50 1130 80 182 941 
1 50 
1 50 
6 50 55 947 80 1633 1750 
2 50 1995 
1 50 
2 50 1823 
6 50 86 1782 1987 2077 219 
1 50 
1 50 
1 50 
5 50 80 91 1757 129 
1 50 
2 50 1740 
2 50 86 
7 50 1130 79 80 99 129 305 
1 50 
1 50 
1 50 
1 50 
17 50 90 95 108 1696 1748 1808 1828 1837 1881 1929 1959 2200 213 219 233 496 
1 50 
1 50 
1 50 
4 50 150 192 297 
2 50 1894 
6 50 1130 80 95 1799 129 
1 50 
3 50 947 233 
1 50 
8 50 55 80 1632 1898 1911 305 338 
2 50 1898 
9 50 80 86 1632 90 91 1634 1959 219 
1 50 
3 50 1898 233 
1 50 
6 50 53 1645 1858 1935 1986 
4 50 55 1657 1100 
13 50 80 950 1782 1832 1951 1990 1995 2005 2014 2046 2110 2168 
1 50 
2 50 60 
1 50 
2 50 222 
1 50 
1 50 
7 50 86 1744 1775 2049 2056 233 
1 50 
1 50 
3 50 80 941 
3 50 92 233 
2 50 233 
1 50 
6 50 90 91 1170 1293 1210 
1 50 
1 50 
6 50 1130 80 129 1008 1317 
1 50 
1 50 
2 50 1940 
1 50 
1 50 
6 50 1130 80 91 950 1959 
21 50 80 95 1662 1674 1696 1763 1817 1828 1879 1881 1894 1935 1986 2036 2099 2135 2138 2168 305 519 
3 50 193 222 
6 50 80 91 99 1987 941 
1 50 
1 50 
1 50 
2 50 177 
1 50 
1 50 
3 50 1757 1970 
1 50 
2 50 219 
1 50 
2 50 129 
2 50 1622 
3 50 89 90 
1 50 
1 50 
21 50 55 947 71 1130 80 87 89 90 99 1647 1799 1833 1986 2060 2096 124 198 233 291 417 
9 50 1130 80 91 950 1935 2000 305 456 
1 50 
3 50 83 131 
7 50 77 80 83 89 154 174 
2 50 89 
14 50 947 1130 80 95 1743 1828 1895 1986 2037 2099 2168 2188 1317 
1 50 
12 50 53 947 58 60 67 1623 1625 75 77 83 304 
1 50 
1 50 
31 50 60 80 86 89 90 91 95 108 1674 1757 120 1799 1823 1833 1837 1881 1896 1911 1935 1987 2014 2099 2198 2200 219 233 305 1317 1318 686 
4 50 1987 222 233 
1 50 
3 50 87 1306 
3 50 947 1775 
15 50 947 1619 1626 80 1648 1817 1828 1898 1929 1969 1986 2060 130 233 
1 50 
3 50 91 1836 
2 50 1835 
8 50 80 950 1757 1828 1861 1868 305 
1 50 
3 50 90 222 
1 50 
1 50 
1 50 
1 50 
3 50 90 222 
1 50 
3 50 90 233 
2 50 251 
2 50 1997 
1 50 
3 50 1632 1304 
1 50 
1 50 
3 50 55 131 
4 50 2060 2148 129 
1 50 
3 50 55 60 
2 50 2083 
7 50 80 89 1773 1935 222 233 
1 50 
1 50 
4 50 86 1837 2200 
1 50 
1 50 
5 50 80 92 251 493 
5 50 1970 1986 2014 2168 
1 50 
1 50 
5 50 90 1837 222 743 
1 50 
1 50 
1 50 
6 50 80 2014 2050 1388 535 
5 50 1618 947 60 129 
1 50 
3 50 76 150 
1 50 
1 50 
5 50 947 1632 1898 2060 
7 50 80 1799 1896 1935 1959 233 
5 50 67 1622 80 129 
21 50 79 80 89 90 91 95 1757 1799 1828 1959 1970 1987 1991 1995 2087 2099 2199 350 456 496 
1 50 
1 50 
5 50 80 950 941 986 
1 50 
7 50 947 58 67 77 83 334 
2 50 1507 
2 50 129 
1 50 
10 50 55 947 1632 90 91 222 233 531 673 
1 50 
2 50 947 
1 50 
15 50 947 80 82 1632 89 90 1657 1762 1799 1935 129 233 1519 1317 
3 50 1823 2188 
7 50 89 90 91 1828 1879 2099 
4 50 80 89 950 
11 50 1767 1768 1771 1833 1878 1935 1969 1986 2170 233 
1 50 
5 50 55 947 60 334 
1 50 
1 50 
6 50 55 80 105 1997 535 
1 50 
1 50 
1 50 
2 50 947 
3 50 1278 1286 
1 50 
1 50 
23 50 52 947 60 1096 65 1130 80 89 90 91 95 108 1656 116 1767 120 1828 2035 129 130 1593 198 
1 50 
1 50 
1 50 
1 50 
1 50 
1 50 
5 50 82 105 195 210 
2 50 1317 
1 50 
5 50 80 219 305 456 
3 50 53 84 
2 50 80 
2 50 949 
1 50 
1 50 
8 50 1544 77 83 88 2132 154 1506 
4 50 80 950 1180 
6 50 1757 1833 1935 222 233 
1 50 
2 50 80 
1 50 
1 50 
1 50 
38 50 947 65 1130 86 89 90 91 1654 1662 1667 1693 1696 1700 1773 1799 1818 1828 1858 1879 1894 1898 1929 1938 1969 2008 2022 2060 2105 2106 2121 2135 2165 133 219 222 233 535 
2 50 1130 
1 50 
5 50 80 95 1935 233 
1 50 
4 50 1621 92 1795 
1 50 
6 50 1130 79 80 91 129 
4 50 1130 91 222 
1 50 
1 50 
3 50 112 1990 
1 50 
1 50 
6 50 80 950 179 941 986 
3 50 80 950 
4 50 1775 2075 2198 
1 50 
1 50 
2 50 947 
5 50 80 950 941 986 
6 50 947 59 86 1651 219 
1 50 
1 50 
14 50 1130 80 87 1634 1757 1769 1798 1879 1881 2135 2168 2199 213 
1 50 
4 50 947 60 120 
1 50 
7 50 80 95 1710 1995 150 686 
1 50 
5 50 55 947 60 129 
2 50 179 
2 50 128 
3 50 86 219 
9 50 1833 1898 1935 2037 2060 2198 222 233 
8 50 89 90 1808 1865 1881 2037 456 
1 50 
1 50 
1 50 
3 50 80 317 
1 50 
3 50 89 90 
1 50 
1 50 
2 50 55 
1 50 
3 50 2083 2177 
1 50 
2 50 1131 
2 50 222 
1 50 
31 50 947 60 80 84 86 91 95 950 108 117 1773 120 1799 1817 1823 1833 1865 1898 2014 2060 219 222 287 305 456 1317 508 509 531 532 
21 50 947 86 1662 1744 1801 1828 1829 1881 1990 1995 2003 2046 2049 2061 2085 2114 2135 2188 2198 456 
1 50 
2 50 947 
7 50 86 1775 1946 1987 2000 233 
12 50 947 60 1130 80 95 108 120 1881 130 456 686 
1 50 
11 50 53 66 75 76 77 80 950 1594 230 305 
1 50 
12 50 89 1741 1775 1881 1963 1987 2135 2199 213 222 462 
1 50 
10 50 53 1677 1682 1848 121 1903 2091 2125 177 
2 50 231 
6 50 1130 80 91 95 1548 
6 50 1631 1698 1818 1990 222 
10 50 80 87 1633 92 112 1692 1548 305 482 
1 50 
10 50 947 60 80 86 91 95 108 120 1987 
5 50 947 1582 80 1651 
2 50 1775 
1 50 
1 50 
10 50 1618 80 1632 89 90 1935 2121 198 210 
1 50 
3 50 222 456 
3 50 80 456 
3 50 947 222 
3 50 2096 2135 
20 50 947 60 79 80 89 92 108 118 1775 120 1828 1865 1872 1986 2028 2168 129 150 233 
7 50 53 1618 947 58 1582 67 
1 50 
1 50 
1 50 
2 50 55 
2 50 89 
1 50 
4 50 947 1647 1935 
1 50 
1 50 
5 50 947 60 108 120 
1 50 
2 50 80 
11 50 77 80 83 95 1674 1696 2014 2168 482 1030 
1 50 
1 50 
1 50 
1 50 
5 50 1622 71 80 941 
1 50 
24 50 55 1618 947 1089 1130 79 80 1632 89 90 91 95 950 1666 1911 150 198 1090 219 222 229 282 337 
4 50 1799 219 305 
11 50 947 80 1823 1969 1970 2099 2168 2199 456 519 
1 50 
1 50 
1 50 
1 50 
1 50 
1 50 
14 50 52 53 1618 947 1096 1582 75 1628 80 948 87 1646 349 
2 50 193 
7 50 947 86 91 95 1775 1987 
4 50 80 222 233 
1 50 
3 50 1782 1987 
2 50 1872 
1 50 
1 50 
1 50 
4 50 80 1642 1158 
2 50 233 
4 50 86 1782 2077 
1 50 
4 50 947 91 219 
1 50 
19 50 947 1632 89 91 1817 1833 1854 1878 1935 1969 1986 2099 2198 2200 222 233 456 900 
6 50 1987 2075 2180 2198 233 
4 50 1632 91 2121 
5 50 1130 89 91 233 
1 50 
4 50 53 1536 2189 
1 50 
2 50 2134 
1 50 
1 50 
2 50 108 
2 50 2194 
1 50 
2 50 947 
1 50 
4 50 1951 2061 2198 
1 50 
5 50 1661 1744 2056 2110 
5 50 58 67 201 424 
1 50 
5 50 1623 80 105 129 
1 50 
1 50 
5 50 89 1857 1981 831 
3 50 1130 317 
3 50 947 1987 
7 50 55 76 89 1647 198 345 
4 50 1881 2198 456 
2 50 276 
1 50 
1 50 
7 50 1623 80 950 1997 129 150 
2 50 947 
2 50 1255 
2 50 1203 
1 50 
5 50 1089 1648 1817 2013 
6 50 80 91 222 305 542 
1 50 
17 50 947 80 89 91 95 1799 1823 1828 1881 1896 2037 2060 2168 2198 686 941 
2 50 827 
1 50 
1 50 
2 50 338 
3 50 1130 831 
2 50 1935 
3 50 1935 222 
4 50 1622 86 219 
1 50 
2 50 89 
7 50 80 90 95 1775 2077 941 
1 50 
1 50 
3 50 80 1633 
6 50 80 95 1720 1987 233 
1 50 
1 50 
1 50 
1 50 
3 50 80 1170 
6 50 55 1618 947 80 89 
8 50 1632 91 1634 1935 2008 2062 219 
7 50 53 947 1619 1096 1130 91 
3 50 80 950 
8 50 1618 947 1625 80 1131 90 116 
6 50 947 77 83 89 1997 
1 50 
1 50 
1 50 
1 50 
2 50 456 
1 50 
5 50 1543 1544 1927 971 
1 50 
4 50 55 89 2067 
23 50 947 65 72 1130 79 80 86 89 91 95 1662 1674 1799 1935 1959 1987 1995 2013 124 133 219 496 
4 50 947 1692 222 
3 50 89 1303 
6 50 80 950 1799 129 305 
2 50 1710 
1 50 
1 50 
3 50 89 2199 
1 50 
1 50 
1 50 
1 50 
1 50 
2 50 1854 
5 50 947 58 67 90 
1 50 
6 50 947 58 76 150 182 
1 50 
2 50 947 
7 50 60 80 95 108 120 1319 
1 50 
2 50 89 
1 50 
1 50 
1 50 
1 50 
1 50 
1 50 
3 50 89 456 
7 50 947 60 137 150 192 297 
3 50 1935 531 
1 50 
2 50 947 
34 50 947 1130 80 86 89 91 95 108 1662 1672 1693 1724 1775 1799 1823 1865 1959 2014 2028 2037 2099 2198 2200 129 133 198 219 233 305 427 456 1317 532 
1 50 
3 50 1898 233 
1 50 
1 50 
1 50 
2 50 1306 
3 50 80 941 
1 50 
3 50 947 1981 
1 50 
2 50 1621 
3 50 1692 2061 
3 50 80 90 
5 50 947 60 80 108 
1 50 
2 50 1624 
2 50 90 
1 50 
1 50 
7 50 947 80 1823 1895 1987 310 
2 50 2065 
5 50 55 947 58 1089 
3 50 80 1696 
2 50 1192 
1 50 
2 50 2071 
3 50 80 90 
1 50 
1 50 
13 50 1632 1828 1951 1969 1987 2060 2061 2075 2087 2099 2168 222 
11 50 80 90 92 95 1881 1959 1995 2037 2142 129 
6 50 1757 1828 1861 2060 2168 
