19 2 3 4 5 6 7 8 9 10 11 12 13 14 15 16 17 18 19 20 
19 21 22 23 24 25 26 27 28 29 1 30 31 32 33 34 35 36 37 38 
25 39 40 41 42 43 44 45 46 47 48 49 50 51 1 52 53 54 55 56 57 58 59 60 61 62 
16 63 64 65 66 67 68 69 70 1 71 72 73 74 75 76 77 
19 78 79 80 81 82 83 84 1 85 86 87 88 89 90 91 92 93 94 95 
19 96 97 98 99 100 1 101 102 103 104 105 106 107 108 109 110 111 112 113 
11 114 115 116 117 1 118 119 120 121 122 123 
15 124 125 126 127 128 1 129 130 131 132 133 134 135 136 137 
21 138 139 140 141 142 1 143 144 145 146 147 148 149 150 151 152 153 154 155 156 157 
29 158 159 160 161 162 163 164 165 166 167 1 168 169 170 171 172 173 174 175 176 177 178 179 180 181 182 183 184 185 
25 186 187 188 189 190 191 68 192 193 194 195 196 197 198 1 199 200 201 202 203 204 205 206 207 208 
19 209 210 211 212 213 214 215 216 217 1 218 219 220 221 222 223 224 225 226 
17 227 228 229 230 231 232 1 233 234 235 236 237 238 239 240 241 242 
19 243 244 245 246 247 248 249 1 250 251 252 253 254 255 256 257 258 259 260 
17 261 262 263 264 265 266 267 1 268 269 270 271 272 273 274 275 276 
29 277 278 279 280 281 282 283 284 285 1 286 287 288 289 290 291 292 293 294 295 296 297 298 299 300 301 302 303 304 
16 305 306 307 1 308 309 310 311 312 313 314 315 316 317 318 319 
28 320 321 322 323 324 325 326 327 328 329 330 1 331 332 333 334 335 336 337 338 339 340 341 342 343 344 345 346 
20 347 348 349 350 1 351 352 353 354 355 356 357 358 359 360 361 362 363 364 365 
26 366 367 368 369 370 1 371 372 373 374 375 376 377 378 379 380 381 382 383 384 385 386 387 388 389 390 
20 2 391 392 393 394 395 396 397 398 399 400 401 402 403 404 405 406 407 408 409 
19 410 411 2 412 413 414 415 416 417 418 419 420 421 422 423 424 425 426 427 
20 2 428 429 430 431 432 433 434 435 436 437 438 439 440 441 442 443 444 445 446 
17 2 447 448 449 450 451 452 453 454 455 456 457 458 459 460 461 462 
22 463 2 464 465 466 467 468 469 470 471 472 473 474 475 476 477 478 479 480 481 482 483 
27 2 484 485 486 487 488 489 490 491 492 493 494 495 496 497 498 499 500 501 502 503 504 505 506 507 508 509 
23 2 510 511 512 513 514 515 516 517 518 519 520 521 522 523 524 525 526 527 528 529 530 531 
23 2 532 533 534 535 536 537 538 539 540 541 542 543 544 545 546 547 548 549 550 551 552 553 
21 2 554 555 556 557 558 559 560 561 562 563 564 565 566 567 568 569 570 571 572 573 
16 2 574 575 576 577 578 579 580 581 582 583 584 585 586 587 588 
18 2 589 590 591 592 593 594 595 596 597 598 599 600 601 602 603 604 605 
20 2 606 607 608 609 610 611 612 613 614 615 616 617 618 619 620 621 622 623 624 
23 2 625 626 627 628 629 630 631 632 633 634 635 636 637 638 639 640 641 642 643 644 645 646 
19 2 647 648 649 650 651 652 653 654 655 656 657 658 659 660 661 662 663 664 
25 665 2 666 667 668 669 670 671 672 673 674 675 676 677 678 679 680 681 682 683 684 685 686 687 688 
25 2 689 690 691 692 693 694 695 696 697 698 699 700 701 702 703 704 705 706 707 708 709 710 711 712 
30 2 713 714 715 716 717 718 719 720 721 722 723 724 725 726 727 566 728 729 730 731 732 733 734 735 736 737 738 739 740 
20 2 741 742 560 743 744 745 746 747 748 749 750 751 752 753 754 755 756 757 758 
18 759 3 760 761 762 763 764 765 766 767 768 769 770 771 772 773 774 775 
28 776 777 3 778 779 780 781 782 783 784 785 786 787 788 789 790 791 792 793 794 795 796 797 798 799 800 801 802 
17 3 803 804 805 806 807 808 809 810 811 812 813 814 815 816 817 818 
18 819 3 820 821 822 823 824 825 826 827 828 829 830 831 832 833 834 835 
21 836 3 837 838 839 840 841 842 843 844 845 846 847 848 849 850 851 852 853 854 855 
23 856 857 858 859 860 861 3 862 863 864 865 866 867 868 869 870 871 872 873 874 875 876 877 
25 3 878 879 880 881 882 883 884 885 886 887 888 889 890 891 892 893 894 895 896 897 898 899 900 901 
22 902 3 903 904 905 906 907 908 909 580 910 911 912 913 914 915 916 917 918 919 920 921 
28 3 922 923 924 925 926 927 928 929 930 931 932 933 934 935 936 937 938 939 940 941 942 943 944 945 946 947 948 
17 3 949 950 951 952 953 954 955 956 957 958 959 960 961 962 963 964 
26 965 3 966 967 968 969 970 971 972 973 974 234 975 976 977 978 979 980 981 982 983 984 985 986 987 988 
24 989 3 990 991 992 993 994 995 996 997 998 999 1000 1001 1002 1003 1004 1005 1006 1007 1008 1009 1010 1011 
21 1012 1013 3 1014 1015 1016 1017 1018 1019 1020 1021 1022 1023 1024 1025 1026 1027 1028 1029 1030 1031 
19 1032 1033 3 1034 1035 1036 1037 1038 1039 1040 1041 1042 1043 1044 1045 1046 1047 1048 1049 
22 1050 3 1051 1052 1053 1054 1055 1056 1057 1058 1059 1060 1061 1062 1063 1064 1065 1066 1067 1068 1069 1070 
13 3 1071 1072 1073 1074 1075 1076 1077 1078 1079 1080 1081 1082 
21 3 1083 1084 1085 1086 1087 1088 1089 1090 1091 1092 1093 1094 1095 1096 1097 1098 1099 1100 1101 1102 
21 1103 1104 3 1105 1106 1107 1108 1109 1110 1111 1112 1113 1114 1115 1116 1117 1118 1119 1120 1121 1122 
22 1123 1124 1125 3 1126 1127 1128 1129 1130 1131 1132 1133 1134 1135 1136 1137 1138 1139 1140 1141 1142 1143 
20 1144 3 1145 1146 1147 1148 1149 1150 1151 1152 1153 1154 1155 1156 1157 1158 1159 1160 1161 1162 
23 3 1163 1164 1165 1166 1167 1168 1169 1170 1171 1172 1173 1174 1175 1176 1177 1178 1179 1180 1181 1182 1183 1184 
17 1185 1186 3 1187 1188 1189 1190 1191 1192 1193 1194 1195 1196 1197 1198 1199 1200 
1 3 
1 3 
1 4 
1 4 
1 4 
1 4 
2 4 676 
2 4 11 
1 4 
2 4 765 
1 4 
1 4 
1 4 
1 4 
1 4 
1 4 
1 4 
1 5 
1 5 
1 5 
1 5 
2 1188 5 
1 5 
2 5 634 
2 5 1162 
1 5 
1 5 
1 5 
2 5 311 
1 5 
1 5 
2 5 436 
1 5 
1 5 
2 5 789 
1 6 
3 6 202 618 
1 6 
1 6 
2 1123 6 
1 6 
1 6 
2 6 722 
1 6 
1 6 
2 306 6 
2 6 801 
1 6 
1 6 
2 6 971 
1 6 
1 6 
1 6 
1 7 
1 7 
1 7 
1 7 
1 7 
1 7 
1 7 
1 7 
1 7 
1 7 
1 8 
1 8 
1 8 
1 8 
2 8 644 
1 8 
1 8 
1 8 
1 8 
1 8 
1 8 
2 8 622 
1 8 
1 8 
1 9 
1 9 
2 280 9 
1 9 
1 9 
1 9 
1 9 
1 9 
1 9 
1 9 
1 9 
2 9 848 
1 9 
2 495 9 
1 9 
2 952 9 
1 9 
1 9 
1 9 
1 9 
1 10 
1 10 
1 10 
1 10 
1 10 
1 10 
1 10 
1 10 
1 10 
1 10 
2 347 10 
1 10 
1 10 
1 10 
1 10 
1 10 
2 10 373 
1 10 
1 10 
1 10 
1 10 
2 322 10 
1 10 
2 10 208 
1 10 
1 10 
1 10 
1 10 
1 11 
2 11 539 
2 11 623 
1 11 
1 11 
1 11 
1 11 
1 11 
1 11 
2 11 687 
1 11 
2 11 271 
1 11 
2 11 599 
1 11 
1 11 
2 97 11 
2 11 252 
2 11 398 
1 11 
1 11 
1 11 
2 11 181 
1 12 
1 12 
1 12 
1 12 
2 804 12 
3 1037 1054 12 
1 12 
1 12 
1 12 
1 12 
1 12 
1 12 
1 12 
2 1189 12 
1 12 
1 12 
1 12 
1 12 
1 13 
2 13 526 
2 13 385 
1 13 
1 13 
1 13 
1 13 
2 49 13 
1 13 
1 13 
1 13 
1 13 
1 13 
1 13 
1 13 
1 13 
1 14 
1 14 
1 14 
2 536 14 
1 14 
1 14 
1 14 
2 14 338 
1 14 
2 14 203 
1 14 
1 14 
1 14 
1 14 
2 14 295 
1 14 
1 14 
1 14 
1 15 
1 15 
1 15 
1 15 
1 15 
1 15 
1 15 
1 15 
1 15 
1 15 
2 197 15 
1 15 
1 15 
1 15 
1 15 
2 15 446 
1 16 
3 516 294 16 
1 16 
2 140 16 
1 16 
1 16 
1 16 
1 16 
1 16 
1 16 
1 16 
1 16 
2 435 16 
1 16 
1 16 
1 16 
1 16 
3 278 1164 16 
2 257 16 
1 16 
1 16 
1 16 
1 16 
2 843 16 
1 16 
2 16 710 
1 16 
1 16 
2 1089 17 
2 106 17 
1 17 
1 17 
1 17 
1 17 
2 89 17 
1 17 
1 17 
2 589 17 
1 17 
1 17 
2 336 17 
1 17 
1 17 
2 352 18 
1 18 
2 179 18 
1 18 
2 586 18 
1 18 
1 18 
1 18 
1 18 
1 18 
1 18 
2 1140 18 
1 18 
1 18 
1 18 
1 18 
2 317 18 
1 18 
3 250 973 18 
1 18 
1 18 
1 18 
1 18 
1 18 
2 874 18 
1 18 
1 18 
2 168 19 
1 19 
1 19 
1 19 
1 19 
2 320 19 
1 19 
1 19 
1 19 
1 19 
1 19 
2 572 19 
1 19 
1 19 
1 19 
2 748 19 
1 19 
1 19 
1 19 
1 20 
1 20 
1 20 
2 474 20 
1 20 
1 20 
1 20 
2 174 20 
2 381 20 
2 910 20 
2 619 20 
1 20 
1 20 
1 20 
1 20 
2 374 20 
1 20 
1 20 
2 681 20 
2 229 20 
1 20 
1 20 
1 20 
1 20 
1 20 
1 21 
1 21 
2 21 735 
1 21 
1 21 
1 21 
1 21 
2 21 204 
1 21 
1 21 
1 21 
1 21 
1 21 
1 21 
1 21 
2 21 487 
1 21 
1 21 
1 21 
1 22 
1 22 
1 22 
1 22 
1 22 
1 22 
2 22 1036 
1 22 
1 22 
1 22 
1 22 
1 22 
1 22 
1 22 
1 22 
1 22 
1 22 
1 22 
1 23 
1 23 
1 23 
1 23 
1 23 
1 23 
1 23 
3 23 289 975 
2 23 92 
2 23 1140 
1 23 
2 23 1145 
2 23 490 
1 23 
1 23 
1 23 
2 23 960 
1 23 
2 23 276 
1 24 
1 24 
1 24 
1 24 
1 24 
3 24 592 641 
2 24 675 
1 24 
1 24 
1 24 
1 24 
1 24 
1 24 
1 24 
2 24 874 
1 24 
1 25 
1 25 
3 25 474 917 
2 25 737 
1 25 
2 25 977 
1 25 
1 25 
1 25 
1 25 
1 25 
3 465 25 369 
1 25 
1 25 
1 25 
1 25 
1 25 
1 25 
1 25 
1 25 
1 25 
2 26 679 
1 26 
1 26 
2 26 406 
1 26 
1 26 
2 26 440 
1 26 
1 26 
1 26 
2 26 846 
3 26 151 1097 
1 26 
1 26 
1 26 
1 26 
1 26 
1 26 
1 26 
1 26 
1 26 
1 26 
1 26 
1 26 
1 26 
1 26 
1 27 
1 27 
1 27 
1 27 
1 27 
1 27 
2 278 27 
1 27 
1 27 
2 627 27 
1 27 
1 27 
2 27 847 
1 27 
2 27 632 
1 27 
2 228 27 
1 27 
1 27 
1 27 
1 27 
1 27 
1 28 
1 28 
1 28 
1 28 
2 246 28 
1 28 
1 28 
2 187 28 
2 1036 28 
1 28 
1 28 
1 28 
1 28 
1 28 
1 28 
1 28 
2 28 630 
1 28 
1 28 
1 28 
1 28 
1 28 
1 29 
1 29 
1 29 
1 29 
1 29 
2 1071 29 
3 692 29 38 
1 29 
1 29 
1 29 
1 29 
1 29 
2 29 37 
1 29 
1 29 
1 29 
1 29 
1 29 
2 29 358 
1 29 
1 30 
1 30 
1 30 
1 30 
3 1085 30 977 
1 30 
2 46 30 
1 30 
1 30 
1 30 
2 30 845 
1 30 
2 324 30 
1 30 
1 30 
2 31 314 
2 31 642 
1 31 
2 452 31 
1 31 
2 31 654 
1 31 
1 31 
2 31 1006 
2 31 1027 
2 31 199 
1 31 
1 31 
1 31 
1 31 
1 31 
2 31 843 
1 32 
1 32 
1 32 
1 32 
1 32 
1 32 
1 32 
1 32 
1 32 
1 32 
1 32 
1 32 
2 97 32 
2 32 376 
1 32 
1 32 
2 32 135 
2 188 32 
1 32 
2 879 33 
1 33 
2 519 33 
1 33 
1 33 
3 33 1135 548 
1 33 
2 33 524 
1 33 
2 84 33 
1 33 
1 33 
1 33 
2 804 33 
1 33 
1 33 
2 452 33 
2 590 33 
1 33 
2 128 33 
1 33 
1 33 
1 34 
1 34 
1 34 
1 34 
1 34 
1 34 
1 34 
2 594 34 
1 34 
2 34 688 
2 1150 34 
1 34 
1 34 
1 34 
1 34 
1 34 
1 34 
1 34 
1 35 
1 35 
1 35 
1 35 
1 35 
1 35 
1 35 
2 35 1159 
1 35 
1 35 
2 453 35 
2 67 35 
1 35 
1 35 
2 484 35 
1 35 
2 35 384 
1 35 
1 35 
2 1051 35 
1 35 
1 35 
2 195 35 
2 656 35 
1 36 
1 36 
1 36 
2 560 36 
1 36 
1 36 
1 36 
1 36 
1 36 
1 36 
1 36 
1 36 
1 36 
1 36 
1 36 
1 36 
1 36 
1 36 
1 36 
1 36 
1 36 
2 36 302 
1 36 
1 36 
1 37 
2 37 834 
1 37 
1 37 
1 37 
1 37 
1 37 
1 37 
1 37 
2 103 37 
1 37 
1 37 
1 37 
1 37 
1 37 
1 37 
1 37 
1 37 
1 37 
1 37 
1 37 
1 37 
2 393 37 
1 37 
2 466 37 
1 37 
1 37 
1 37 
1 38 
1 38 
1 38 
1 38 
2 1153 38 
1 38 
1 38 
2 362 38 
1 38 
1 38 
2 943 38 
1 38 
1 38 
1 38 
1 38 
1 38 
1 38 
1 38 
2 39 887 
2 39 1104 
1 39 
1 39 
1 39 
1 39 
2 39 70 
1 39 
1 39 
1 39 
1 39 
1 39 
1 39 
1 39 
1 39 
1 39 
1 39 
1 40 
1 40 
1 40 
1 40 
1 40 
2 40 926 
1 40 
2 40 1035 
1 40 
1 40 
1 40 
1 40 
1 40 
2 40 95 
2 40 976 
2 40 1030 
1 40 
1 40 
1 40 
1 40 
1 40 
1 40 
1 40 
1 40 
1 40 
2 40 107 
2 40 1142 
1 41 
3 41 213 638 
1 41 
2 41 1156 
1 41 
1 41 
1 41 
1 41 
1 41 
1 41 
1 41 
1 41 
2 41 880 
1 41 
1 41 
1 41 
1 42 
1 42 
1 42 
1 42 
1 42 
1 42 
1 42 
1 42 
1 42 
1 42 
1 42 
1 42 
1 42 
1 42 
1 42 
2 714 42 
1 42 
1 43 
1 43 
1 43 
1 43 
1 43 
1 43 
1 43 
3 43 300 605 
1 43 
2 43 584 
2 43 494 
2 43 522 
2 43 149 
1 43 
1 43 
1 43 
1 43 
1 43 
1 43 
1 43 
1 44 
2 1126 44 
1 44 
1 44 
1 44 
1 44 
1 44 
1 44 
1 44 
1 44 
1 44 
1 44 
1 44 
1 44 
1 44 
1 44 
1 44 
1 44 
3 44 461 344 
1 44 
1 44 
1 44 
1 45 
2 625 45 
2 45 815 
1 45 
1 45 
1 45 
1 45 
1 45 
1 45 
3 759 45 981 
1 45 
1 45 
1 45 
1 45 
1 45 
1 45 
1 45 
1 45 
1 45 
1 45 
2 923 45 
1 45 
1 45 
1 45 
1 46 
1 46 
1 46 
1 46 
1 46 
1 46 
1 46 
1 46 
2 46 375 
1 46 
1 46 
1 46 
1 46 
1 46 
1 46 
2 465 46 
1 46 
1 46 
2 46 1059 
3 46 953 1181 
1 47 
2 47 898 
1 47 
1 47 
2 781 47 
2 47 1044 
1 47 
1 47 
1 47 
1 47 
1 47 
1 47 
1 47 
1 47 
1 47 
1 47 
2 47 998 
2 47 1048 
1 47 
1 47 
1 47 
2 47 751 
1 47 
1 47 
2 989 47 
1 47 
1 47 
1 48 
1 48 
1 48 
2 48 153 
3 48 956 921 
1 48 
1 48 
2 48 953 
1 48 
1 48 
2 48 1064 
2 48 444 
1 48 
1 48 
1 48 
1 48 
1 49 
1 49 
1 49 
1 49 
1 49 
1 49 
2 49 110 
1 49 
2 49 338 
1 49 
2 49 435 
2 49 790 
3 468 49 578 
1 49 
1 49 
1 49 
2 49 887 
1 49 
1 49 
1 49 
1 49 
1 49 
1 49 
1 49 
2 50 946 
1 50 
1 50 
1 50 
1 50 
1 50 
1 50 
1 50 
1 50 
2 50 938 
1 50 
1 50 
1 50 
1 50 
1 50 
1 50 
1 50 
2 50 597 
1 50 
1 50 
1 50 
2 1188 50 
1 50 
1 51 
1 51 
1 51 
1 51 
1 51 
1 51 
1 51 
1 51 
1 51 
1 51 
1 51 
1 51 
1 51 
1 51 
1 51 
2 51 598 
1 51 
1 51 
2 51 791 
1 51 
1 52 
1 52 
1 52 
2 783 52 
3 52 416 540 
2 214 52 
1 52 
1 52 
1 52 
1 52 
1 52 
1 52 
2 52 927 
1 52 
1 52 
1 52 
2 52 939 
1 52 
1 53 
2 53 684 
1 53 
1 53 
2 214 53 
1 53 
1 53 
1 53 
1 53 
2 53 920 
1 53 
1 53 
1 53 
1 53 
2 53 959 
1 53 
1 53 
1 53 
1 53 
1 53 
1 53 
2 559 54 
1 54 
1 54 
1 54 
1 54 
1 54 
1 54 
1 54 
1 54 
1 54 
1 54 
1 54 
1 55 
1 55 
2 578 55 
1 55 
1 55 
1 55 
2 305 55 
1 55 
1 55 
1 55 
1 55 
1 55 
1 55 
1 55 
2 495 55 
1 55 
1 55 
1 55 
1 55 
1 55 
1 56 
2 760 56 
1 56 
1 56 
1 56 
1 56 
1 56 
1 56 
1 56 
1 56 
1 56 
1 56 
1 56 
1 56 
1 56 
1 56 
1 56 
1 56 
1 56 
1 56 
2 100 57 
1 57 
1 57 
2 857 57 
1 57 
1 57 
1 57 
1 57 
1 57 
1 57 
1 57 
1 57 
2 630 57 
1 57 
1 57 
1 57 
1 57 
3 331 437 57 
1 57 
2 57 802 
1 57 
1 58 
2 58 439 
1 58 
1 58 
1 58 
1 58 
2 657 58 
1 58 
1 58 
2 745 58 
1 58 
1 58 
2 806 58 
1 58 
1 58 
2 672 58 
1 58 
1 58 
2 85 58 
1 59 
2 294 59 
1 59 
1 59 
1 59 
1 59 
1 59 
1 59 
1 59 
1 59 
1 59 
1 59 
1 59 
1 59 
1 59 
1 59 
1 59 
1 59 
2 59 921 
1 59 
1 59 
1 59 
1 60 
1 60 
1 60 
3 82 1010 60 
2 222 60 
1 60 
1 60 
1 60 
1 60 
1 60 
1 60 
1 60 
1 60 
1 60 
1 60 
1 60 
