27 2 3 4 5 6 7 8 9 10 11 12 13 14 15 16 17 18 19 20 21 22 23 24 25 26 27 28 
12 29 30 31 32 33 34 35 36 37 38 39 1 
23 40 41 42 43 44 45 46 47 48 49 50 51 52 53 54 55 56 57 58 59 60 61 1 
27 62 63 64 65 66 67 68 69 70 71 72 73 74 75 76 77 78 79 80 81 82 83 84 85 86 1 87 
23 88 89 90 91 92 93 94 95 96 97 98 99 100 101 102 103 104 105 106 107 108 109 1 
25 110 111 112 113 114 115 116 117 118 119 120 121 122 123 124 125 126 127 128 129 130 131 132 1 133 
20 134 135 136 137 138 139 140 141 142 143 144 145 146 147 148 149 150 151 1 152 
13 153 154 155 156 157 158 159 160 161 162 163 164 1 
24 165 166 167 168 169 170 171 172 173 174 175 176 177 178 179 180 181 182 183 184 185 1 186 187 
17 188 189 190 191 192 193 194 195 196 197 198 199 200 201 202 203 1 
20 204 205 206 207 208 209 210 211 212 213 214 215 216 217 218 219 220 1 221 222 
19 223 224 225 226 227 228 229 230 231 232 233 234 235 236 237 238 239 240 1 
15 241 242 243 244 245 246 247 248 249 250 251 252 253 254 1 
23 255 256 257 258 259 260 261 262 263 264 265 266 267 268 269 270 271 272 273 274 275 276 1 
13 277 278 279 280 281 282 283 284 285 286 287 288 1 
15 289 290 291 292 293 294 295 296 297 298 299 300 301 302 1 
26 303 304 305 306 307 308 309 310 311 312 313 314 315 316 317 318 319 320 321 322 323 324 325 326 1 327 
25 328 329 330 331 332 333 334 335 336 337 338 339 340 341 342 343 344 345 346 347 348 349 350 351 1 
16 352 353 354 355 356 357 358 359 360 361 362 363 364 365 366 1 
18 367 368 369 370 371 372 373 374 375 376 377 378 379 380 381 382 383 1 
21 384 385 386 387 388 389 390 391 392 393 394 395 396 397 398 399 400 401 402 403 1 
16 404 405 406 407 408 409 410 411 412 413 414 415 416 1 417 418 
17 419 420 421 422 423 424 425 426 427 428 429 430 431 432 433 1 434 
25 435 436 437 438 439 440 441 442 443 444 445 446 447 448 449 450 451 452 453 454 455 456 457 1 458 
23 459 460 461 462 463 464 465 466 425 467 468 469 470 471 472 473 474 475 476 477 478 1 479 
23 480 481 482 483 484 485 486 487 488 489 490 491 492 493 494 495 496 497 498 499 500 501 1 
25 502 503 504 505 506 507 508 509 510 511 512 513 514 515 516 517 518 519 520 521 522 523 524 1 525 
14 526 527 528 529 530 531 532 533 534 535 536 537 538 1 
26 2 539 540 541 542 543 544 545 546 547 548 549 550 551 552 553 554 555 556 557 558 559 560 561 562 563 
20 2 564 565 566 567 568 569 570 571 572 573 574 575 576 577 578 579 580 581 582 
22 2 583 584 585 586 587 588 589 590 591 592 593 594 595 596 597 598 599 600 601 602 603 
16 2 604 605 606 607 608 609 610 611 612 613 614 615 616 617 618 
20 2 619 620 621 622 623 624 625 626 627 628 629 630 631 632 633 634 635 636 637 
14 2 638 639 640 641 642 643 644 645 646 647 648 649 650 
14 651 2 652 653 654 655 656 657 658 659 660 661 662 663 
17 664 2 665 666 667 668 669 670 671 672 673 674 675 676 677 60 678 
23 2 679 680 681 682 683 684 685 686 687 688 689 690 691 692 693 694 695 696 697 698 699 700 
17 2 701 702 703 704 705 706 707 708 709 710 711 712 713 714 715 716 
22 2 717 718 719 720 721 722 723 724 725 726 727 728 729 730 731 732 733 734 735 736 737 
21 3 738 739 740 741 742 743 744 529 745 746 747 748 749 750 751 752 753 754 755 756 
23 3 757 758 759 760 761 762 763 764 765 766 767 768 769 770 771 772 773 774 775 776 777 778 
30 3 779 780 781 782 783 784 785 786 787 788 789 790 791 792 793 794 795 796 797 798 799 800 801 802 803 804 805 806 807 
15 808 3 809 810 811 812 813 814 815 816 817 818 819 632 820 
25 821 3 822 823 824 825 826 827 828 829 830 831 832 833 594 834 835 836 837 838 839 840 841 842 843 
21 844 3 845 846 847 848 849 850 851 852 853 854 855 856 857 858 859 860 861 862 863 
23 3 864 865 866 867 868 869 870 871 872 873 874 875 876 877 878 879 880 881 882 883 884 885 
26 3 886 887 888 889 890 891 892 893 894 895 896 897 898 899 900 901 902 903 904 905 906 907 908 909 910 
24 911 3 912 913 914 915 916 917 918 919 920 921 922 923 924 925 926 927 928 427 929 930 931 932 
20 3 933 934 935 936 937 938 939 940 941 942 943 944 945 946 947 948 949 950 951 
31 952 3 953 954 955 956 957 958 959 960 961 962 963 964 965 966 967 968 969 970 971 972 973 974 975 976 977 978 979 980 981 
17 3 982 983 984 985 986 987 988 989 990 991 992 993 994 995 996 997 
15 3 998 999 1000 1001 1002 1003 1004 1005 1006 1007 1008 1009 1010 1011 
17 3 1012 1013 1014 1015 139 1016 1017 1018 1019 1020 1021 1022 1023 1024 403 1025 
20 3 1026 1027 1028 1029 1030 1031 1032 1033 1034 1035 1036 1037 1038 1039 1040 1041 1042 1043 1044 
21 3 1045 1046 1047 1048 1049 1050 1051 1052 1053 1054 1055 1056 1057 1058 1059 1060 1061 1062 1063 1064 
18 3 1065 1066 1067 1068 1069 1070 1071 1072 1073 1074 1075 1076 1077 1078 1079 1080 1081 
18 3 1082 1083 1084 1085 1086 1087 1088 1089 1090 1091 1092 1093 1094 1095 1096 1097 1098 
18 3 1099 1100 1101 1102 1103 1104 1105 1106 1107 1108 1109 1110 1111 1112 1113 1114 1115 
28 3 1116 1117 1118 1119 1120 1121 1122 1123 1124 1125 1126 1127 1128 1129 1130 1131 1132 1133 1134 1135 1136 1137 1138 1139 1140 1141 1142 
22 1143 3 1144 1145 1146 1147 1148 1149 1150 1151 1152 1153 1154 1155 36 1156 1157 1158 1159 1160 1161 1162 
21 1163 3 1164 1165 1166 1167 1168 1169 1170 1171 1172 1173 1174 1175 1176 1177 1178 1179 1180 1181 1182 
24 4 1183 1184 1185 1186 1187 1188 1189 1190 1191 1192 1193 1194 1195 1196 1197 1198 1199 1200 1201 1202 1203 1204 1205 
19 4 1206 1207 1208 1209 1210 1211 1212 959 1213 1214 1215 1216 1217 1218 1219 1220 1221 1222 
19 4 1223 1224 1225 1226 1227 1228 1229 1230 1231 1232 1233 1234 1235 1236 1237 1238 1239 1240 
25 4 1241 1242 1243 1244 1245 1246 1247 1248 1035 1249 1250 1251 1252 1253 1254 1255 1256 1257 1258 1259 1260 1261 1262 1263 
28 4 1264 1265 1266 1267 1268 1269 1270 1228 1271 1272 1273 1274 1275 1276 1277 1278 1279 1280 1281 1282 1283 1284 1285 1286 1287 1288 1289 
20 1290 4 1291 1292 1293 1294 1295 1296 1297 1298 1299 1300 1301 1302 1303 1304 1305 1306 1307 1308 
21 4 1309 1310 1311 1312 1313 1314 1315 1316 1317 1318 1319 1320 1321 1322 1323 1324 1325 1326 1327 1328 
17 4 1329 1330 1331 1332 1333 1334 1335 1336 1337 1338 1339 1340 1341 1342 1343 1344 
20 4 1345 1346 1347 1348 1349 1350 1351 1352 1353 1354 1355 1356 1357 1358 1359 1360 1361 1362 1363 
17 1364 4 1365 1366 1367 1368 1369 1370 1371 1372 1373 1374 1375 1376 1377 1378 1379 
17 4 1380 1381 1382 1383 1384 1385 1386 1387 1388 1389 1390 1391 1392 1393 1394 1395 
18 4 1396 1397 1398 1399 1400 1401 1402 1403 1404 1405 1406 1407 1408 1409 1258 1410 1411 
20 4 1412 1413 1414 1415 1416 1417 1418 211 1419 1420 1421 1422 1423 1424 1425 1426 1427 1428 1429 
18 1430 4 1431 1432 1433 1434 1435 1436 1437 1438 1439 1440 1441 1442 1443 1444 1445 1446 
25 4 1447 1448 1449 1450 1451 1452 1453 1454 1455 1456 1457 1458 1459 1460 1461 1462 1463 1464 1465 1466 1467 1468 1469 1470 
14 1471 1472 4 1473 1474 1475 1476 1477 1478 1479 1480 1481 1482 1483 
19 1484 4 1485 1486 1487 1488 1489 1490 1491 1492 1493 1494 1495 1496 1497 1498 1499 1500 1501 
22 4 1502 1503 1504 1505 1506 1507 1508 1509 1510 1511 1512 1513 1514 1515 1516 1517 1518 1519 1520 1521 1522 
18 4 1523 1524 1525 1526 1527 1528 1529 1530 1531 1532 1533 1534 1535 1536 1537 1538 1539 
22 4 738 1540 1541 1542 1543 1544 1545 1546 1547 1548 1549 1550 1551 1552 1553 1554 1555 1556 1557 1558 1559 
26 4 1560 1561 1562 1563 1564 1565 1566 1567 1568 1569 1570 1571 1572 1573 1574 1575 1576 1577 1578 1579 713 1580 1581 1582 1583 
18 1584 1585 1586 4 1587 1588 1589 1590 1591 1592 1593 1594 1595 1596 1597 1598 1599 1600 
1 4 
3 4 1029 1460 
1 4 
1 4 
1 5 
1 5 
1 5 
1 5 
2 5 883 
2 5 1455 
1 5 
1 5 
1 5 
1 5 
2 664 5 
3 5 283 972 
1 5 
1 5 
1 5 
2 5 850 
1 5 
1 5 
2 5 818 
2 5 507 
1 5 
1 5 
1 6 
2 6 340 
1 6 
2 1269 6 
1 6 
2 6 175 
3 6 335 474 
1 6 
1 6 
1 6 
1 6 
4 223 6 587 1531 
1 6 
1 6 
1 6 
1 6 
1 6 
1 6 
1 6 
2 6 817 
1 6 
1 6 
1 6 
1 6 
1 7 
1 7 
1 7 
1 7 
2 7 1160 
2 7 53 
1 7 
2 741 7 
1 7 
1 7 
2 7 871 
2 421 7 
1 7 
1 7 
2 7 360 
2 1448 7 
1 7 
2 7 695 
1 7 
2 8 361 
1 8 
1 8 
2 8 693 
1 8 
2 8 1356 
1 8 
1 8 
1 8 
1 8 
2 8 449 
2 282 8 
1 9 
1 9 
1 9 
1 9 
1 9 
1 9 
2 9 474 
1 9 
1 9 
1 9 
2 115 9 
1 9 
1 9 
1 9 
1 9 
1 9 
1 9 
1 9 
1 9 
1 9 
1 9 
1 9 
1 9 
1 10 
2 1106 10 
1 10 
1 10 
1 10 
1 10 
2 10 1025 
3 10 658 1178 
1 10 
1 10 
2 10 442 
1 10 
1 10 
1 10 
1 10 
3 1164 822 10 
1 11 
1 11 
1 11 
2 463 11 
1 11 
1 11 
1 11 
2 11 74 
1 11 
2 11 1128 
1 11 
2 11 416 
1 11 
1 11 
2 11 649 
2 11 773 
1 11 
1 11 
1 11 
3 121 12 1021 
1 12 
1 12 
1 12 
1 12 
1 12 
2 507 12 
1 12 
1 12 
1 12 
2 1211 12 
2 505 12 
1 12 
1 12 
3 1507 405 12 
1 12 
1 12 
1 12 
1 13 
2 1280 13 
1 13 
1 13 
2 13 452 
1 13 
2 13 340 
3 1383 13 603 
1 13 
1 13 
1 13 
1 13 
1 13 
1 13 
2 14 302 
1 14 
1 14 
1 14 
2 14 1468 
1 14 
1 14 
1 14 
1 14 
1 14 
3 1573 726 14 
3 1523 14 360 
1 14 
1 14 
1 14 
2 502 14 
1 14 
1 14 
1 14 
1 14 
1 14 
3 1241 1206 14 
1 15 
1 15 
1 15 
3 482 15 1008 
1 15 
2 15 164 
3 815 99 15 
2 15 977 
1 15 
1 15 
1 15 
1 15 
1 16 
1 16 
1 16 
1 16 
1 16 
2 1072 16 
1 16 
1 16 
1 16 
1 16 
1 16 
1 16 
1 16 
2 255 16 
1 17 
1 17 
1 17 
3 354 17 1263 
1 17 
1 17 
1 17 
1 17 
2 17 520 
1 17 
1 17 
1 17 
1 17 
1 17 
1 17 
3 1247 17 457 
1 17 
1 17 
1 17 
1 17 
2 17 712 
1 17 
1 17 
1 17 
1 17 
1 18 
1 18 
1 18 
1 18 
1 18 
1 18 
1 18 
2 116 18 
2 1569 18 
1 18 
1 18 
1 18 
4 111 247 1200 18 
2 18 820 
1 18 
1 18 
1 18 
2 1330 18 
1 18 
1 18 
1 18 
1 18 
1 18 
1 18 
1 19 
1 19 
2 306 19 
1 19 
1 19 
2 19 979 
1 19 
1 19 
3 266 148 19 
2 153 19 
3 1030 19 381 
1 19 
1 19 
2 19 1096 
2 658 19 
2 1461 20 
1 20 
1 20 
2 685 20 
1 20 
2 1192 20 
1 20 
1 20 
1 20 
1 20 
1 20 
1 20 
1 20 
1 20 
2 362 20 
2 718 20 
1 20 
1 21 
1 21 
1 21 
1 21 
1 21 
1 21 
2 1252 21 
1 21 
1 21 
3 1247 21 1042 
2 794 21 
1 21 
1 21 
1 21 
1 21 
2 1246 21 
1 21 
1 21 
1 21 
2 53 21 
2 669 22 
2 237 22 
2 1585 22 
1 22 
1 22 
1 22 
1 22 
1 22 
1 22 
1 22 
2 22 976 
1 22 
2 215 22 
1 22 
1 22 
2 1530 23 
2 621 23 
2 145 23 
1 23 
1 23 
1 23 
2 23 25 
2 1486 23 
2 48 23 
1 23 
2 23 777 
1 23 
1 23 
1 23 
1 23 
1 23 
1 24 
2 861 24 
1 24 
1 24 
1 24 
1 24 
1 24 
2 198 24 
1 24 
1 24 
1 24 
1 24 
2 1109 24 
1 24 
2 163 24 
1 24 
2 933 24 
2 245 24 
1 24 
1 24 
2 1408 24 
1 24 
3 674 318 24 
2 930 24 
2 961 25 
1 25 
1 25 
2 25 1308 
2 207 25 
1 25 
1 25 
2 632 25 
1 25 
1 25 
1 25 
1 25 
3 631 1138 25 
1 25 
1 25 
3 116 171 25 
1 25 
3 1515 1408 25 
1 25 
1 25 
3 1499 25 662 
1 26 
1 26 
2 280 26 
1 26 
1 26 
1 26 
1 26 
1 26 
1 26 
2 966 26 
1 26 
1 26 
1 26 
1 26 
1 26 
1 26 
1 26 
1 26 
1 26 
1 26 
2 1416 26 
1 26 
2 270 27 
1 27 
2 1043 27 
2 234 27 
1 27 
3 229 107 27 
2 1104 27 
1 27 
1 27 
1 27 
2 880 27 
1 27 
1 27 
1 27 
1 27 
1 27 
1 27 
3 1467 1287 27 
2 311 27 
1 27 
1 27 
1 27 
1 27 
1 27 
1 28 
1 28 
1 28 
2 40 28 
1 28 
1 28 
2 1568 28 
1 28 
1 28 
1 28 
2 953 28 
1 28 
1 28 
1 29 
1 29 
1 29 
1 29 
2 29 1084 
2 29 743 
1 29 
1 29 
1 29 
1 29 
1 29 
2 29 1470 
1 29 
1 29 
1 29 
1 29 
1 29 
1 29 
1 29 
1 29 
1 29 
2 29 1528 
2 29 590 
1 29 
1 29 
2 30 1288 
1 30 
1 30 
3 30 1580 1470 
1 30 
1 30 
1 30 
1 30 
1 30 
1 30 
1 30 
1 30 
1 30 
1 30 
1 30 
2 30 1388 
2 30 802 
1 30 
1 30 
1 31 
1 31 
1 31 
1 31 
2 31 121 
2 31 1335 
1 31 
2 31 561 
1 31 
1 31 
3 680 31 1467 
2 44 31 
1 31 
1 31 
1 31 
1 31 
1 31 
1 31 
1 31 
1 31 
2 31 248 
1 32 
1 32 
2 846 32 
1 32 
1 32 
2 32 656 
1 32 
1 32 
1 32 
1 32 
1 32 
2 32 900 
1 32 
2 32 1032 
2 32 1567 
1 33 
1 33 
2 420 33 
1 33 
1 33 
1 33 
1 33 
1 33 
1 33 
1 33 
1 33 
1 33 
2 33 471 
3 43 33 466 
1 33 
1 33 
1 33 
1 33 
2 866 33 
1 34 
1 34 
1 34 
1 34 
1 34 
1 34 
1 34 
1 34 
1 34 
1 34 
2 34 1218 
2 34 218 
1 34 
1 35 
1 35 
2 35 1379 
1 35 
1 35 
2 35 609 
2 848 35 
3 195 35 366 
1 35 
1 35 
1 35 
2 35 479 
1 35 
3 36 98 980 
1 36 
2 1046 36 
1 36 
2 36 1363 
2 404 36 
1 36 
1 36 
1 36 
1 36 
3 1031 36 457 
1 36 
1 36 
1 36 
1 36 
1 37 
2 593 37 
1 37 
1 37 
1 37 
1 37 
2 370 37 
1 37 
2 37 839 
2 1255 37 
1 37 
2 1369 37 
2 1280 37 
2 797 37 
2 156 37 
1 37 
2 37 151 
2 1072 37 
1 37 
1 37 
1 37 
1 37 
1 38 
1 38 
1 38 
1 38 
1 38 
1 38 
1 38 
1 38 
1 38 
2 760 38 
1 38 
2 38 323 
2 82 38 
1 38 
1 38 
2 1249 38 
1 39 
2 382 39 
1 39 
1 39 
2 1435 39 
1 39 
1 39 
1 39 
1 39 
2 265 39 
1 39 
1 39 
1 39 
2 1152 39 
2 817 39 
3 1544 1088 39 
2 1455 39 
1 39 
1 39 
1 39 
1 39 
2 40 81 
1 40 
1 40 
2 40 141 
1 40 
3 40 1206 544 
1 40 
1 40 
1 40 
1 40 
1 40 
2 40 1418 
1 40 
1 40 
2 40 1015 
1 40 
2 40 965 
1 40 
2 40 1261 
1 41 
1 41 
2 41 831 
3 41 710 1285 
1 41 
1 41 
1 41 
1 41 
2 41 927 
1 41 
1 41 
1 41 
1 41 
1 41 
1 41 
1 41 
2 41 219 
1 41 
1 41 
1 41 
2 41 429 
2 1396 41 
1 42 
1 42 
1 42 
2 42 1327 
1 42 
2 42 1305 
2 1065 42 
1 42 
1 42 
1 42 
1 42 
1 42 
1 42 
1 42 
1 42 
2 42 394 
1 42 
2 42 1030 
2 42 692 
1 42 
1 42 
2 42 1245 
1 42 
2 42 580 
1 42 
1 42 
1 42 
1 42 
1 42 
1 43 
1 43 
1 43 
1 43 
1 43 
2 43 822 
1 43 
2 43 283 
1 43 
4 43 1069 731 129 
2 43 106 
2 43 1106 
2 43 341 
1 44 
3 44 813 203 
1 44 
1 44 
1 44 
1 44 
1 44 
1 44 
1 44 
1 44 
2 759 44 
1 44 
1 44 
1 44 
1 44 
1 44 
1 44 
1 44 
2 44 687 
1 44 
1 44 
1 44 
1 44 
1 45 
1 45 
2 606 45 
1 45 
2 45 657 
1 45 
2 45 103 
1 45 
1 45 
1 45 
1 45 
1 45 
1 45 
1 45 
1 45 
2 45 1108 
1 45 
3 436 45 1424 
1 45 
1 45 
1 46 
1 46 
2 46 637 
1 46 
1 46 
1 46 
1 46 
2 46 144 
1 46 
1 46 
1 46 
1 46 
1 46 
1 46 
2 46 1576 
2 1231 46 
3 46 512 992 
1 46 
2 1414 46 
2 92 46 
1 46 
1 46 
1 47 
1 47 
1 47 
1 47 
2 47 1063 
1 47 
1 47 
1 47 
1 47 
1 47 
1 47 
1 47 
1 47 
1 47 
2 47 615 
1 47 
1 47 
1 47 
2 933 47 
1 47 
1 47 
2 47 1372 
1 47 
1 47 
1 47 
2 1471 48 
1 48 
1 48 
1 48 
1 48 
1 48 
1 48 
1 48 
1 48 
1 48 
1 48 
2 48 1133 
2 48 948 
1 48 
1 48 
1 48 
2 765 48 
1 48 
1 48 
3 48 1441 458 
1 48 
1 48 
3 49 904 451 
1 49 
1 49 
1 49 
1 49 
1 49 
1 49 
1 49 
1 49 
1 49 
1 49 
1 49 
1 49 
1 49 
1 49 
2 49 923 
1 49 
1 49 
1 49 
2 1241 50 
2 50 536 
1 50 
1 50 
1 50 
1 50 
1 50 
2 63 50 
1 50 
3 459 1366 50 
1 50 
1 50 
1 50 
2 50 754 
2 50 489 
2 50 1481 
1 50 
1 50 
1 50 
1 50 
3 50 99 1064 
2 50 1328 
1 50 
1 50 
2 50 414 
2 50 284 
1 50 
2 50 357 
2 664 50 
1 50 
1 51 
1 51 
1 51 
1 51 
2 51 995 
1 51 
2 51 1496 
1 51 
1 51 
2 51 1237 
3 1570 51 880 
1 51 
1 51 
2 986 51 
1 51 
1 51 
1 52 
1 52 
1 52 
2 52 1576 
1 52 
1 52 
1 52 
1 52 
1 52 
1 52 
2 280 52 
1 52 
1 52 
1 52 
1 53 
1 53 
2 53 1304 
2 53 752 
1 53 
1 53 
1 53 
1 53 
1 53 
2 223 53 
1 53 
2 1562 53 
2 1476 53 
2 194 53 
1 54 
1 54 
1 54 
2 54 85 
3 796 54 362 
2 54 674 
2 54 617 
1 54 
1 54 
2 65 54 
1 54 
1 54 
2 1398 54 
1 54 
1 54 
1 54 
3 393 1281 54 
2 504 54 
2 1231 54 
1 55 
2 666 55 
1 55 
1 55 
1 55 
1 55 
1 55 
2 55 1136 
2 1067 55 
2 1299 55 
1 55 
1 55 
1 55 
1 55 
1 55 
1 55 
1 55 
1 55 
3 890 55 1327 
2 55 972 
2 785 56 
1 56 
2 1053 56 
2 1272 56 
2 817 56 
1 56 
1 56 
3 294 696 56 
1 56 
1 56 
1 56 
1 56 
1 56 
1 56 
1 56 
2 56 1095 
2 1195 56 
1 57 
2 1415 57 
2 543 57 
1 57 
1 57 
1 57 
2 732 57 
1 57 
1 57 
1 57 
1 57 
1 57 
1 57 
2 1080 57 
2 365 57 
1 57 
1 57 
1 58 
1 58 
1 58 
1 58 
1 58 
2 508 58 
1 58 
3 189 819 58 
1 58 
2 859 58 
2 447 58 
1 58 
1 58 
1 58 
1 58 
1 58 
1 58 
1 59 
1 59 
1 59 
1 59 
1 59 
1 59 
1 59 
1 59 
2 1174 59 
1 59 
2 1196 59 
1 59 
2 213 59 
1 59 
1 59 
2 1433 59 
1 59 
2 922 59 
1 59 
1 59 
2 1052 59 
1 59 
2 471 59 
1 59 
1 59 
1 59 
1 59 
1 60 
1 60 
1 60 
1 60 
1 60 
1 60 
1 60 
2 1321 60 
1 60 
2 730 60 
1 60 
1 60 
2 1227 60 
1 60 
1 60 
1 60 
1 60 
2 138 60 
1 60 
1 60 
1 61 
3 1172 61 203 
1 61 
1 61 
1 61 
1 61 
1 61 
1 61 
1 61 
2 1164 61 
1 61 
2 1124 61 
1 61 
1 61 
1 61 
2 195 61 
1 61 
2 1218 61 
1 61 
1 61 
1 62 
1 62 
1 62 
1 62 
1 62 
1 62 
1 62 
1 62 
1 62 
2 62 372 
1 62 
1 62 
2 62 1081 
2 62 1126 
1 62 
1 62 
1 62 
2 62 340 
1 62 
1 62 
2 62 1402 
1 62 
1 62 
3 63 743 276 
1 63 
1 63 
1 63 
1 63 
2 63 233 
1 63 
1 63 
2 63 1598 
1 63 
1 63 
1 63 
3 63 648 1180 
1 63 
1 63 
1 63 
1 63 
1 64 
1 64 
1 64 
1 64 
2 64 1155 
2 64 66 
1 64 
1 64 
3 64 879 1044 
1 64 
1 64 
1 64 
1 64 
1 64 
2 64 991 
1 64 
1 64 
1 64 
3 952 65 276 
1 65 
2 65 1306 
1 65 
2 65 800 
2 65 399 
3 65 393 318 
1 65 
2 65 716 
1 65 
1 65 
2 65 390 
1 65 
1 65 
2 65 688 
1 65 
1 65 
2 65 73 
1 65 
1 65 
2 65 756 
1 65 
2 65 306 
1 66 
1 66 
1 66 
1 66 
1 66 
2 113 66 
1 66 
1 66 
2 66 1068 
1 66 
1 66 
1 66 
1 66 
2 66 1492 
1 66 
1 66 
3 242 66 691 
2 66 1042 
1 66 
1 66 
1 66 
2 760 66 
2 66 1544 
2 66 519 
2 564 66 
1 66 
1 67 
1 67 
1 67 
1 67 
1 67 
2 67 1327 
1 67 
1 67 
1 67 
2 67 1054 
1 67 
1 67 
1 67 
1 67 
2 67 1014 
2 67 784 
2 1243 67 
1 67 
2 462 67 
1 68 
1 68 
1 68 
1 68 
1 68 
1 68 
1 68 
1 68 
1 68 
1 68 
1 68 
1 68 
2 1150 68 
1 68 
1 68 
1 68 
1 68 
1 68 
4 782 1295 68 1063 
2 68 973 
1 69 
2 69 345 
1 69 
1 69 
1 69 
1 69 
2 69 588 
1 69 
1 69 
1 69 
1 69 
2 1351 69 
1 69 
1 69 
1 69 
1 69 
1 70 
1 70 
1 70 
1 70 
1 70 
1 70 
2 70 1340 
1 70 
1 70 
1 70 
1 70 
2 70 158 
1 70 
1 70 
1 70 
1 70 
1 70 
1 70 
2 70 668 
1 71 
1 71 
2 71 961 
1 71 
1 71 
2 71 690 
1 71 
1 71 
2 71 907 
1 71 
1 71 
1 71 
1 71 
1 71 
1 71 
2 653 71 
1 72 
1 72 
1 72 
2 72 248 
1 72 
1 72 
1 72 
1 72 
2 72 579 
1 72 
1 72 
2 1417 72 
1 72 
1 72 
1 72 
1 72 
2 73 778 
1 73 
2 73 1038 
1 73 
1 73 
1 73 
2 73 1203 
1 73 
1 73 
1 73 
1 73 
1 73 
3 73 476 455 
1 73 
1 73 
1 73 
1 74 
1 74 
2 74 882 
2 1083 74 
2 74 500 
2 74 1391 
2 74 749 
1 74 
1 74 
1 74 
1 74 
1 74 
2 74 861 
1 74 
1 74 
1 74 
1 74 
2 1511 74 
1 75 
1 75 
1 75 
2 75 1131 
1 75 
2 721 75 
3 1541 75 1551 
1 75 
1 75 
1 75 
1 75 
2 75 930 
1 75 
1 75 
1 75 
1 75 
1 75 
1 76 
2 76 149 
1 76 
1 76 
1 76 
1 76 
1 76 
1 76 
3 93 76 733 
1 76 
1 76 
1 76 
1 76 
2 76 85 
2 367 76 
1 76 
1 76 
1 76 
1 76 
1 76 
3 76 593 519 
2 259 76 
1 76 
3 567 550 76 
2 911 77 
1 77 
1 77 
1 77 
1 77 
2 77 1024 
1 77 
1 77 
1 77 
1 77 
2 967 77 
1 77 
1 77 
1 78 
1 78 
2 426 78 
1 78 
1 78 
1 78 
1 78 
1 78 
2 1277 78 
1 78 
1 78 
1 78 
2 988 78 
1 78 
1 78 
2 78 479 
1 78 
1 78 
1 79 
1 79 
1 79 
1 79 
1 79 
2 79 237 
1 79 
1 79 
1 79 
2 79 1429 
1 79 
1 79 
1 79 
2 79 476 
1 79 
2 1588 79 
1 79 
1 79 
1 79 
1 79 
1 79 
2 266 80 
1 80 
1 80 
1 80 
1 80 
2 80 560 
1 80 
2 419 80 
2 121 80 
1 80 
1 80 
1 80 
1 80 
1 80 
1 80 
1 80 
1 80 
1 81 
2 1436 81 
1 81 
1 81 
3 732 81 1286 
1 81 
1 81 
1 81 
1 81 
1 81 
1 81 
2 1436 81 
1 81 
1 81 
1 81 
1 81 
1 81 
1 81 
1 81 
1 81 
1 82 
1 82 
2 82 1023 
1 82 
1 82 
1 82 
1 82 
2 82 618 
2 532 82 
2 336 82 
2 992 82 
1 82 
1 82 
2 265 82 
1 82 
1 82 
3 1001 878 82 
1 82 
1 82 
1 82 
2 567 82 
1 82 
1 82 
1 82 
1 83 
2 406 83 
1 83 
1 83 
2 1517 83 
1 83 
1 83 
1 83 
1 83 
1 83 
1 83 
1 83 
1 83 
1 83 
2 1214 83 
1 83 
1 83 
