23 2 3 4 5 6 7 8 9 10 11 12 13 14 15 16 17 18 19 20 21 22 23 24 
23 25 26 27 28 1 29 30 31 32 33 34 35 36 37 38 39 40 41 42 43 44 45 46 
26 1 47 48 49 50 51 52 53 54 55 56 57 58 59 60 61 62 63 64 65 66 67 68 69 70 71 
22 72 1 73 74 75 76 77 78 79 80 81 82 83 84 85 86 87 88 89 90 91 92 
21 93 1 94 95 96 97 98 99 100 101 102 103 104 105 106 107 108 109 110 111 112 
19 113 114 1 115 116 117 118 119 120 121 122 123 124 125 126 127 128 129 130 
22 131 132 1 133 134 135 136 137 138 139 140 141 142 143 144 145 146 147 148 149 150 151 
12 1 152 153 154 155 156 157 158 159 160 161 162 
27 163 164 1 165 166 167 168 169 170 171 172 173 174 175 176 177 178 179 180 181 182 183 184 185 186 187 188 
17 1 189 190 191 192 193 194 195 196 197 198 199 200 201 202 203 204 
19 1 205 206 207 208 209 210 211 212 213 214 215 216 217 218 219 220 221 222 
19 1 223 224 225 226 227 228 229 230 231 232 233 234 235 236 237 238 239 240 
16 241 242 1 243 244 245 246 247 248 249 250 251 252 253 254 255 
26 256 257 1 258 259 260 261 262 263 264 265 266 267 268 269 270 271 272 273 274 275 276 277 278 279 280 
25 1 281 282 283 284 285 286 287 288 289 290 291 292 293 294 295 296 297 298 299 300 301 302 303 304 
15 1 305 306 307 308 309 310 311 312 313 314 315 316 317 318 
25 1 319 320 321 322 323 324 325 326 327 328 329 330 331 332 333 334 335 336 337 338 339 340 341 342 
22 343 1 344 345 346 347 348 349 350 351 352 353 354 355 356 357 358 359 360 361 362 363 
22 1 364 365 366 367 368 369 370 371 372 373 374 375 376 377 378 379 380 381 382 383 384 
18 385 1 386 387 388 389 390 391 392 393 394 395 396 397 398 399 400 401 
17 1 402 403 404 405 406 407 408 409 410 411 412 413 414 415 416 417 
19 1 418 419 420 421 422 423 424 425 426 427 428 429 430 431 432 433 434 435 
19 436 1 437 438 439 440 441 442 443 444 445 446 447 448 449 450 451 452 453 
23 454 455 1 456 457 458 459 460 461 462 463 464 465 466 467 468 469 470 471 472 473 474 475 
20 476 2 477 478 479 480 481 482 483 484 485 486 487 488 87 489 490 491 492 493 
16 2 494 495 496 497 498 499 500 501 502 503 504 505 506 507 508 
18 2 509 510 511 512 513 514 515 516 517 518 519 520 521 522 523 524 525 
25 526 2 527 528 529 530 531 532 533 377 534 535 536 537 538 539 540 541 542 543 544 545 546 547 548 
15 549 2 550 551 552 553 554 555 556 557 558 559 560 561 562 
20 563 2 564 565 566 567 568 569 570 571 572 573 574 575 576 577 578 579 580 581 
18 582 583 2 584 585 586 587 588 589 590 591 592 593 594 595 596 597 598 
23 599 600 2 601 602 603 604 605 606 607 608 609 610 611 612 613 614 615 616 617 618 619 620 
24 621 622 623 624 625 2 626 627 628 629 630 631 632 633 634 635 636 637 638 639 640 641 642 643 
22 644 645 2 646 647 648 649 650 651 652 653 654 655 656 657 658 659 660 661 662 663 664 
23 665 666 667 2 668 669 670 671 672 673 674 675 676 677 678 679 680 681 682 683 684 685 686 
29 687 688 689 2 690 691 692 693 694 695 696 697 698 699 700 701 702 703 704 705 706 707 708 709 710 711 712 713 714 
15 715 2 716 717 718 719 720 721 722 723 724 725 726 727 728 
20 729 730 2 731 732 733 734 735 736 737 738 739 740 741 742 743 744 745 746 747 
24 748 749 2 750 751 752 753 754 755 756 757 758 759 760 761 762 763 764 765 766 767 768 769 770 
17 771 772 2 773 774 775 776 777 778 779 780 781 782 783 784 785 786 
23 787 2 788 789 790 513 791 792 793 794 795 796 797 798 799 800 801 802 803 804 805 806 807 
23 808 809 810 2 811 812 813 814 815 816 817 818 819 820 821 822 823 824 825 826 827 828 829 
22 830 2 831 832 833 834 835 836 837 838 839 840 841 842 843 844 845 846 847 848 849 850 
18 2 851 852 853 854 855 856 857 264 858 859 860 861 862 863 864 865 866 
17 867 868 2 869 870 871 872 873 874 875 876 877 878 879 880 881 882 
17 2 883 884 885 886 887 888 889 890 891 892 893 894 895 896 897 898 
17 899 900 3 901 902 903 904 905 906 907 908 909 910 911 912 913 914 
15 915 916 3 917 918 919 920 921 922 923 924 925 926 927 928 
24 929 930 931 932 933 3 934 935 936 937 938 939 940 941 942 943 944 945 946 947 948 949 950 951 
19 952 953 3 954 955 956 957 958 959 960 961 962 963 964 965 966 967 968 969 
14 3 970 971 972 973 974 975 373 976 977 978 979 980 981 
29 982 983 984 985 3 986 987 988 989 990 991 992 993 994 995 996 997 998 999 1000 1001 1002 1003 1004 1005 1006 1007 1008 1009 
19 3 1010 1011 1012 1013 1014 1015 1016 1017 1018 1019 1020 1021 1022 1023 1024 1025 1026 1027 
20 1028 3 1029 1030 1031 1032 1033 1034 1035 1036 1037 1038 1039 1040 1041 1042 1043 1044 1045 1046 
26 1047 3 1048 1049 1050 1051 1052 1053 1054 1055 1056 1057 1058 1059 1060 1061 1062 1063 1064 1065 1066 1067 1068 1069 1070 1071 
15 3 1072 1073 1074 1075 1076 1077 1078 1079 1080 1081 1082 1083 1084 1085 
20 1086 1087 1088 3 1089 1090 1091 1092 1093 1094 1095 1096 1097 1098 1099 1100 1101 1102 1103 1104 
24 1105 3 1106 1107 1108 1109 1110 1111 1112 1113 1114 1115 1116 1117 1118 1119 1120 1121 1122 1123 1124 1125 1126 1127 
22 1128 1129 1130 1131 1132 1133 3 1134 1135 1136 1137 1138 1139 1140 1141 1142 1143 1144 1145 1146 1147 1148 
17 1149 1150 3 1151 1152 1153 1154 1155 1156 1157 1158 1159 1160 1161 1162 1163 1164 
15 3 1165 1166 1167 1168 1169 1170 1171 1172 1173 1174 1175 1176 1177 1178 
27 1179 1180 3 1181 1182 1183 1184 1185 1186 1187 1188 1189 1190 1191 1192 1193 1194 1195 1196 1197 1198 1199 1200 1201 1202 1203 1204 
22 1205 1206 1207 1208 3 1209 1210 1211 1212 1213 1214 1215 1216 1217 1218 1219 1220 1221 1222 1223 1224 1225 
20 3 1226 1227 1228 1229 1230 1231 1232 1233 1234 1235 1236 1237 1238 1239 1240 1241 1242 1243 1244 
13 1245 1246 3 1247 1248 1249 1250 1251 1252 1253 1254 1255 1256 
20 1257 1258 3 1259 1260 1261 1262 1263 1264 1265 1266 1267 1268 1269 1270 1271 1272 1273 1274 1275 
17 1276 3 1277 1278 1279 1280 1281 1282 1283 1284 1285 1286 1287 1288 1289 1290 1291 
18 3 1292 1293 1294 1295 1296 1297 1298 1299 1300 1301 1302 1303 1304 1305 1306 1307 1308 
26 1309 1310 3 1311 1312 1313 1314 1315 1316 1317 1318 1319 1320 1321 1322 1323 1324 1325 1326 1327 1328 1329 1330 1331 1332 1333 
20 1334 1335 3 1336 1337 1338 1339 1340 1341 1342 1343 1344 1345 1346 1347 1348 1349 1350 1351 1352 
17 1353 1354 1355 1356 3 1357 1358 1359 1360 1361 1362 1363 1364 1365 1366 1367 1368 
18 1369 1370 1371 1372 4 1373 1374 1375 1376 1377 1378 1379 1380 1381 1382 1383 1384 1385 
24 1386 1387 4 1388 1389 1390 1391 1392 1393 1394 1395 1396 1397 1398 1399 1400 1401 1402 1403 1404 1405 1406 1407 1408 
16 437 4 1409 1410 1411 1412 1413 1414 1415 1416 1417 1418 1419 1420 1421 1422 
19 1423 1424 1425 1426 1427 4 1428 1429 1430 1431 1432 1433 1434 1435 1436 1437 1438 1439 1440 
21 1441 1442 4 1443 1444 1445 1446 1447 1448 1449 1450 1451 1452 1453 1454 1455 1456 1457 1458 1459 1460 
17 1461 1462 4 1463 1464 1465 1466 1467 1468 1469 1470 1471 1472 1473 1474 1475 1476 
21 1477 1478 1479 4 1480 1481 1482 1483 1484 1485 1486 1487 1488 1489 1490 1491 1492 1493 1494 1495 1496 
26 1497 1498 1499 1500 1501 1502 1503 1504 4 1505 1506 1507 1508 1509 1510 1511 1512 1513 1514 1515 1516 1517 1518 1519 1520 1521 
22 1522 1523 1524 1525 1526 4 1527 1528 1529 1530 1531 1532 1533 1534 1535 1536 1537 1538 1539 1540 1541 1542 
16 1543 4 1544 1545 1546 1547 1548 1549 1550 1551 1552 1553 1554 1555 1556 1557 
24 1558 1559 1560 1561 1562 1563 1564 1565 1566 1567 4 1568 1569 1570 1571 1572 1573 1574 1575 1576 1577 1578 1579 1580 
18 1581 1582 1583 1584 4 1585 1586 308 1587 1588 1589 1590 1591 1592 1593 1594 1595 1596 
22 1597 1598 1599 1600 1601 1602 4 1603 1604 1605 1606 1607 1608 1609 1610 1611 1612 1613 1614 1615 1616 1617 
21 1618 1619 1620 4 1621 1622 1623 1624 1625 1626 1627 1628 1629 1630 1631 1632 1633 1634 1635 1636 1637 
18 1638 1639 1640 1641 1642 1643 4 1644 1645 1646 1647 1648 1649 1650 1651 1652 1653 1654 
21 1655 25 1656 1657 1658 1659 1660 1661 4 1662 1663 1664 1665 1666 1667 1668 1669 1670 1671 1672 1673 
25 1674 1675 1676 1677 4 1678 1679 1680 1681 1682 1683 1684 1685 1686 1687 1688 1689 1690 1691 1692 1693 1694 1695 1696 1697 
19 1698 1699 1700 1701 1702 1703 4 1704 1705 1706 1707 798 1708 1709 1710 1711 1712 1713 1714 
14 1715 1716 1717 1718 1719 4 1720 1721 1722 1723 1724 1725 1726 1727 
21 1728 1729 1730 1731 1732 1733 1734 4 1735 1736 1737 1738 1739 1740 1741 1742 1743 1744 1745 1746 1747 
18 1748 1749 1750 4 1751 1752 1753 1754 1755 1756 1757 1758 1759 1760 1761 1762 1763 1764 
18 1765 1766 1767 1768 1769 1770 5 1771 1772 1773 1774 1709 1775 1776 1777 1778 1779 1780 
21 456 1781 1782 1783 1784 5 1785 1786 1787 1788 1789 1790 1791 1792 1793 1794 1795 1796 1797 1798 1799 
21 1800 1801 1802 1803 1804 1805 1806 1807 1808 5 1809 1810 1811 1812 1813 1814 1815 1816 1817 1818 1819 
22 1820 1821 1822 1823 1824 5 1825 1826 1827 1828 1829 1830 1831 1832 1833 1834 1835 1836 1837 1838 1839 1840 
29 1841 1842 1843 1844 1845 1846 5 1847 1848 1849 1850 1851 1852 1853 1854 1855 1856 1857 1858 1859 1860 1861 1862 1863 1864 1865 1201 1866 1867 
18 1868 5 1869 1870 1871 1872 1873 1874 1875 1876 1877 1878 1879 1880 1881 1882 1883 1884 
17 1885 1886 1887 5 1888 1889 1890 1891 1892 1893 1894 1895 1896 1897 1898 1899 1900 
1 5 
1 5 
1 5 
1 5 
2 5 1381 
1 5 
1 5 
1 5 
1 5 
1 5 
2 1208 5 
1 5 
1 5 
1 6 
1 6 
1 6 
2 1583 6 
1 6 
2 6 298 
1 6 
1 6 
1 6 
2 6 1223 
1 6 
2 6 614 
2 6 544 
1 6 
1 6 
3 6 276 913 
1 6 
1 6 
2 7 363 
1 7 
1 7 
1 7 
1 7 
1 7 
1 7 
1 7 
3 7 1091 1066 
1 7 
1 7 
1 7 
2 1131 7 
1 7 
1 7 
1 7 
1 7 
2 7 1482 
1 7 
1 7 
2 7 471 
1 8 
4 281 587 8 1852 
1 8 
2 8 762 
1 8 
1 8 
1 8 
1 8 
2 8 963 
1 8 
1 8 
3 690 1507 9 
2 1823 9 
1 9 
1 9 
1 9 
2 480 9 
1 9 
1 9 
1 9 
2 776 9 
1 9 
1 9 
1 9 
1 9 
1 9 
1 9 
1 9 
1 9 
2 9 1025 
2 1639 9 
1 9 
1 9 
1 9 
2 9 1174 
1 9 
2 9 1714 
1 10 
1 10 
1 10 
1 10 
1 10 
2 1621 10 
2 371 10 
2 1296 10 
1 10 
1 10 
1 10 
2 1781 10 
2 10 879 
2 1257 10 
1 10 
1 10 
1 11 
1 11 
1 11 
1 11 
2 11 311 
1 11 
2 11 966 
2 11 1747 
1 11 
1 11 
2 11 1097 
1 11 
1 11 
1 11 
1 11 
1 11 
1 11 
1 11 
1 12 
1 12 
1 12 
1 12 
1 12 
1 12 
1 12 
1 12 
1 12 
1 12 
1 12 
1 12 
1 12 
1 12 
1 12 
1 12 
1 12 
2 957 12 
1 13 
1 13 
1 13 
1 13 
3 1656 13 1516 
1 13 
1 13 
1 13 
2 1623 13 
1 13 
1 13 
1 13 
1 13 
2 1464 13 
2 1015 13 
1 14 
1 14 
1 14 
2 671 14 
1 14 
2 14 611 
2 1785 14 
1 14 
2 14 44 
1 14 
1 14 
1 14 
1 14 
1 14 
1 14 
1 14 
1 14 
1 14 
2 1211 14 
1 14 
2 14 128 
2 1873 14 
1 14 
1 14 
1 14 
2 153 15 
2 1545 15 
1 15 
1 15 
1 15 
1 15 
1 15 
2 921 15 
2 530 15 
1 15 
1 15 
1 15 
3 1718 15 1863 
1 15 
1 15 
1 15 
1 15 
2 118 15 
1 15 
1 15 
2 15 1762 
3 1186 759 15 
1 15 
1 15 
1 16 
3 1293 16 714 
3 1848 16 413 
2 16 83 
2 1430 16 
1 16 
2 209 16 
1 16 
2 443 16 
1 16 
1 16 
1 16 
1 16 
2 16 1535 
1 17 
1 17 
1 17 
1 17 
1 17 
1 17 
1 17 
1 17 
1 17 
1 17 
1 17 
1 17 
1 17 
2 1772 17 
1 17 
2 1262 17 
3 17 1453 615 
2 810 17 
1 17 
1 17 
2 17 597 
1 17 
1 17 
1 17 
1 18 
1 18 
3 1149 18 1162 
2 1581 18 
1 18 
1 18 
2 1277 18 
1 18 
3 457 18 1725 
1 18 
1 18 
1 18 
2 18 1794 
2 411 18 
1 18 
1 18 
1 18 
2 1257 18 
1 18 
2 535 18 
2 131 18 
1 19 
1 19 
1 19 
1 19 
1 19 
2 1057 19 
1 19 
3 195 737 19 
1 19 
3 51 511 19 
1 19 
1 19 
1 19 
2 28 19 
1 19 
1 19 
1 19 
2 1369 19 
2 1472 19 
1 19 
3 19 711 598 
2 1181 20 
2 479 20 
1 20 
1 20 
2 20 542 
2 1117 20 
1 20 
2 20 1069 
1 20 
2 20 1553 
2 1829 20 
1 20 
1 20 
2 719 20 
1 20 
1 20 
2 1563 20 
1 21 
2 629 21 
2 1723 21 
2 1300 21 
1 21 
1 21 
3 455 21 1761 
1 21 
1 21 
3 356 1863 21 
1 21 
2 307 21 
2 21 1778 
2 1870 21 
1 21 
2 1834 21 
1 22 
1 22 
1 22 
1 22 
2 22 1883 
1 22 
1 22 
1 22 
1 22 
1 22 
1 22 
1 22 
1 22 
1 22 
2 821 22 
1 22 
1 22 
1 22 
2 496 23 
2 74 23 
1 23 
1 23 
1 23 
1 23 
2 779 23 
2 313 23 
2 500 23 
1 23 
1 23 
1 23 
1 23 
1 23 
1 23 
3 1116 1251 23 
1 23 
1 23 
1 24 
2 408 24 
2 94 24 
2 351 24 
2 1647 24 
1 24 
2 1328 24 
1 24 
1 24 
2 1827 24 
1 24 
1 24 
1 24 
1 24 
1 24 
1 24 
3 1281 653 24 
2 24 151 
1 24 
2 1757 24 
1 24 
1 24 
2 25 626 
2 25 1900 
1 25 
2 25 386 
2 25 168 
2 25 1599 
3 25 931 960 
3 25 1238 1025 
1 25 
2 25 746 
1 25 
1 25 
1 25 
1 25 
1 25 
2 25 1098 
1 25 
1 25 
1 26 
1 26 
2 26 436 
1 26 
1 26 
1 26 
2 26 444 
1 26 
1 26 
1 26 
1 26 
2 26 1412 
1 26 
1 26 
1 26 
1 27 
1 27 
2 27 373 
2 27 1483 
2 27 41 
1 27 
1 27 
1 27 
1 27 
1 27 
1 27 
1 27 
2 1674 27 
1 27 
1 27 
1 27 
1 27 
1 28 
1 28 
2 28 822 
1 28 
2 28 289 
2 28 1874 
1 28 
2 28 751 
2 28 1085 
2 28 362 
1 28 
1 28 
1 28 
1 28 
1 28 
1 28 
3 28 389 1758 
1 28 
2 28 125 
1 28 
2 28 591 
2 28 775 
2 28 1638 
3 29 1426 1108 
1 29 
1 29 
1 29 
1 29 
1 29 
1 29 
1 29 
2 29 1147 
1 29 
2 29 661 
1 29 
1 29 
1 29 
2 622 30 
1 30 
1 30 
1 30 
1 30 
1 30 
2 1353 30 
1 30 
1 30 
2 30 1100 
3 30 1378 706 
1 30 
3 1354 30 1643 
1 30 
1 30 
1 30 
1 30 
2 30 1502 
1 30 
1 31 
1 31 
2 31 1694 
1 31 
1 31 
2 31 153 
1 31 
2 31 777 
1 31 
2 31 546 
2 31 1615 
1 31 
2 31 1460 
2 31 1446 
2 31 710 
2 31 339 
2 31 384 
1 32 
1 32 
1 32 
1 32 
2 32 765 
1 32 
1 32 
2 32 1852 
1 32 
2 32 1616 
1 32 
2 32 1055 
3 1086 32 261 
1 32 
1 32 
3 32 764 124 
2 32 335 
3 809 32 1826 
1 32 
1 32 
2 32 1162 
1 32 
1 33 
2 563 33 
2 1500 33 
1 33 
1 33 
2 476 33 
2 1500 33 
2 33 861 
2 403 33 
1 33 
2 33 835 
1 33 
3 33 1391 1712 
2 33 816 
1 33 
1 33 
1 33 
1 33 
1 33 
1 33 
1 33 
1 33 
1 33 
1 34 
1 34 
1 34 
1 34 
1 34 
1 34 
1 34 
1 34 
1 34 
2 34 470 
1 34 
1 34 
1 34 
1 34 
1 34 
2 34 693 
1 34 
3 34 559 1476 
1 34 
1 34 
1 34 
1 35 
1 35 
1 35 
2 1820 35 
1 35 
2 35 1900 
3 259 35 914 
1 35 
1 35 
2 35 1234 
1 35 
1 35 
1 35 
1 35 
3 35 1835 1289 
1 35 
1 35 
1 35 
1 35 
2 35 1104 
1 35 
1 35 
1 36 
1 36 
1 36 
2 163 36 
2 36 910 
1 36 
2 36 659 
1 36 
1 36 
1 36 
2 36 1225 
2 36 1689 
1 36 
1 36 
1 36 
2 36 1060 
1 36 
1 36 
1 36 
2 36 573 
1 36 
1 36 
2 1509 36 
3 36 1172 596 
2 36 384 
1 36 
1 36 
4 306 1482 36 923 
1 37 
2 37 1176 
1 37 
2 752 37 
2 37 398 
1 37 
1 37 
1 37 
1 37 
1 37 
1 37 
1 37 
1 37 
1 37 
1 38 
1 38 
1 38 
2 1181 38 
2 1736 38 
1 38 
1 38 
1 38 
2 371 38 
1 38 
1 38 
1 38 
1 38 
2 38 979 
1 38 
2 1134 38 
2 1136 38 
2 38 485 
2 1012 38 
1 39 
2 1444 39 
1 39 
2 533 39 
2 718 39 
2 1822 39 
1 39 
1 39 
1 39 
1 39 
1 39 
2 39 302 
1 39 
1 39 
2 39 155 
2 39 1067 
3 39 800 614 
2 603 39 
2 39 1777 
1 39 
1 39 
2 1424 39 
3 1443 39 927 
2 40 1840 
2 810 40 
2 40 950 
2 40 1000 
2 40 547 
3 172 1265 40 
2 589 40 
1 40 
3 442 1856 40 
1 40 
1 40 
2 40 1171 
1 40 
1 40 
2 40 1473 
2 1545 40 
1 41 
1 41 
1 41 
3 1128 41 1436 
1 41 
1 41 
1 41 
1 41 
1 41 
1 41 
1 41 
2 41 89 
1 41 
2 764 41 
1 41 
1 41 
2 1666 41 
1 41 
1 41 
1 41 
1 41 
1 42 
2 616 42 
3 772 336 42 
1 42 
1 42 
2 1645 42 
1 42 
1 42 
2 634 42 
1 42 
1 42 
1 42 
1 42 
3 1660 42 432 
2 528 42 
1 42 
1 42 
1 42 
1 42 
1 42 
1 42 
1 42 
1 43 
1 43 
1 43 
2 1261 43 
1 43 
2 631 43 
1 43 
2 1383 43 
1 43 
1 43 
1 43 
1 43 
1 43 
1 43 
1 43 
1 43 
3 876 1254 43 
1 43 
2 1328 43 
1 43 
2 1195 43 
1 44 
1 44 
1 44 
2 967 44 
2 1766 44 
1 44 
1 44 
1 44 
1 44 
1 44 
2 628 44 
1 44 
1 44 
1 44 
1 44 
1 44 
1 45 
1 45 
1 45 
1 45 
1 45 
3 1352 45 1697 
1 45 
2 1893 45 
1 45 
2 846 45 
1 45 
1 45 
2 201 45 
1 45 
1 45 
1 45 
1 46 
1 46 
1 46 
1 46 
1 46 
1 46 
2 1784 46 
1 46 
1 46 
1 46 
1 46 
1 46 
2 1543 46 
1 46 
1 46 
1 46 
1 47 
1 47 
1 47 
1 47 
1 47 
1 47 
1 47 
1 47 
1 47 
1 47 
1 47 
2 47 691 
1 47 
1 47 
2 47 128 
3 47 1621 671 
1 48 
1 48 
2 48 1447 
1 48 
1 48 
1 48 
2 48 288 
2 48 1167 
2 48 714 
1 48 
2 48 1052 
2 48 969 
2 48 770 
2 48 1434 
1 49 
1 49 
2 49 482 
1 49 
1 49 
1 49 
1 49 
1 49 
1 49 
1 49 
1 49 
2 49 1036 
3 49 1279 1225 
1 49 
1 49 
2 49 1167 
1 49 
1 49 
1 49 
1 49 
1 49 
3 49 773 1071 
1 49 
2 50 1685 
1 50 
1 50 
1 50 
1 50 
2 50 240 
1 50 
1 50 
2 50 482 
1 50 
1 50 
2 50 160 
1 50 
1 50 
2 50 211 
2 854 50 
1 50 
2 50 926 
1 51 
1 51 
1 51 
1 51 
1 51 
1 51 
2 51 1744 
1 51 
1 51 
4 1642 51 742 1519 
1 51 
1 51 
1 52 
2 52 1225 
1 52 
1 52 
2 52 1360 
1 52 
2 52 1722 
1 52 
2 52 1882 
1 52 
2 52 1489 
1 52 
1 52 
2 52 1521 
2 52 1377 
1 52 
1 52 
1 52 
3 774 52 1111 
1 52 
1 52 
1 52 
1 52 
2 52 1346 
1 52 
1 52 
2 52 1551 
1 52 
1 53 
1 53 
2 53 747 
1 53 
1 53 
2 53 255 
1 53 
1 53 
2 53 1271 
1 53 
1 53 
2 53 1274 
1 53 
1 53 
1 53 
3 53 483 181 
1 53 
1 53 
1 54 
1 54 
1 54 
2 1086 54 
1 54 
1 54 
1 54 
1 54 
2 54 940 
1 54 
1 54 
1 54 
2 1088 54 
1 54 
1 54 
1 54 
1 54 
1 54 
1 54 
1 55 
1 55 
1 55 
1 55 
1 55 
2 55 925 
1 55 
1 55 
2 55 610 
1 55 
2 369 55 
2 1464 55 
1 55 
4 1093 1789 55 702 
1 55 
1 55 
1 55 
1 55 
1 55 
3 1292 139 55 
3 763 55 1286 
1 55 
2 55 392 
1 55 
2 55 950 
1 56 
1 56 
1 56 
2 1358 56 
1 56 
1 56 
1 56 
1 56 
1 56 
1 56 
1 56 
1 56 
1 56 
2 56 534 
3 1031 57 611 
1 57 
3 1139 57 1040 
1 57 
1 57 
3 139 1216 57 
1 57 
2 57 1060 
1 57 
1 57 
1 57 
2 57 215 
2 57 491 
1 57 
3 57 572 1554 
2 57 1496 
1 57 
1 57 
3 57 1591 684 
1 58 
1 58 
1 58 
2 549 58 
1 58 
1 58 
3 58 1000 1407 
1 58 
1 58 
1 58 
2 58 1156 
2 58 451 
2 390 58 
1 58 
2 1769 58 
1 58 
1 58 
1 58 
1 58 
2 58 1454 
1 58 
1 58 
1 58 
2 790 59 
1 59 
1 59 
2 59 143 
1 59 
1 59 
2 59 744 
1 59 
3 59 745 1254 
1 59 
1 59 
2 1088 59 
1 59 
2 59 1519 
1 59 
1 59 
1 59 
1 59 
1 59 
2 59 557 
1 59 
2 345 60 
1 60 
2 60 1308 
1 60 
1 60 
1 60 
1 60 
2 1115 60 
2 1480 60 
1 60 
1 60 
2 1846 60 
2 1657 60 
3 345 60 619 
1 60 
1 60 
1 61 
1 61 
3 922 61 944 
1 61 
1 61 
1 61 
2 782 61 
2 61 710 
1 61 
2 61 186 
1 61 
3 716 61 1615 
1 61 
1 61 
1 62 
1 62 
3 385 732 62 
1 62 
1 62 
1 62 
1 62 
2 62 302 
1 62 
1 62 
1 62 
1 62 
1 62 
1 62 
1 62 
1 62 
2 62 850 
1 62 
1 62 
1 62 
1 62 
1 62 
2 97 62 
2 1894 62 
1 62 
1 62 
1 63 
2 1413 63 
1 63 
3 1666 63 110 
1 63 
2 1252 63 
2 63 274 
1 63 
1 63 
1 63 
1 63 
2 1091 63 
1 63 
1 63 
1 63 
1 63 
1 63 
1 63 
2 122 63 
1 63 
4 983 697 941 63 
1 64 
1 64 
1 64 
1 64 
1 64 
1 64 
1 64 
1 64 
2 674 64 
1 64 
1 64 
2 1611 64 
3 483 1402 64 
1 64 
1 64 
1 64 
1 64 
1 64 
1 64 
1 65 
1 65 
1 65 
1 65 
3 1885 1777 65 
1 65 
2 451 65 
2 1210 65 
1 65 
3 1136 846 65 
1 65 
1 65 
3 202 360 66 
1 66 
1 66 
1 66 
2 833 66 
2 334 66 
1 66 
1 66 
2 776 66 
1 66 
1 66 
1 66 
1 66 
1 66 
2 1018 66 
1 66 
1 66 
4 1582 1021 1472 66 
1 66 
1 67 
2 349 67 
1 67 
2 941 67 
1 67 
2 470 67 
1 67 
1 67 
1 67 
1 67 
3 1524 67 1067 
1 67 
1 67 
2 679 67 
1 67 
1 67 
2 1066 68 
3 306 1299 68 
1 68 
2 1540 68 
2 196 68 
1 68 
1 68 
2 1293 68 
2 405 68 
1 68 
1 68 
1 68 
1 68 
1 68 
1 68 
1 68 
3 1151 1818 68 
1 69 
1 69 
1 69 
1 69 
1 69 
1 69 
1 69 
1 69 
3 1856 1714 69 
1 69 
1 69 
1 69 
1 69 
1 69 
1 69 
1 69 
1 69 
1 69 
1 69 
3 460 848 69 
1 69 
1 69 
1 69 
1 69 
2 1695 69 
1 70 
1 70 
1 70 
1 70 
1 70 
1 70 
1 70 
1 70 
1 70 
1 70 
1 70 
1 70 
2 1005 70 
1 70 
1 70 
1 70 
1 70 
1 70 
2 872 70 
2 569 71 
3 1410 575 71 
1 71 
1 71 
1 71 
2 1075 71 
1 71 
2 986 71 
1 71 
1 71 
1 71 
1 71 
1 71 
1 71 
1 71 
1 71 
3 72 1731 381 
1 72 
1 72 
1 72 
1 72 
1 72 
1 72 
1 72 
2 72 996 
2 72 573 
1 72 
1 72 
2 72 104 
1 72 
2 72 837 
2 72 1588 
1 72 
1 73 
1 73 
1 73 
1 73 
1 73 
2 73 633 
1 73 
2 73 1710 
1 73 
1 73 
1 73 
1 73 
1 73 
1 73 
1 73 
1 73 
2 73 1238 
1 73 
1 73 
1 73 
1 73 
2 73 1111 
1 73 
1 74 
3 1354 74 1456 
1 74 
2 74 505 
2 1206 74 
1 74 
1 74 
1 74 
1 74 
4 1558 74 1848 1754 
1 74 
1 74 
1 74 
1 74 
1 75 
2 75 769 
1 75 
2 549 75 
1 75 
1 75 
1 75 
2 75 309 
1 75 
1 75 
1 75 
2 75 928 
1 75 
2 790 75 
1 75 
1 75 
1 75 
1 75 
1 76 
1 76 
2 76 770 
2 749 76 
1 76 
2 76 595 
2 917 76 
1 76 
1 76 
1 76 
1 76 
1 76 
3 76 1721 335 
3 76 1124 1673 
1 76 
2 1410 76 
1 76 
1 76 
1 76 
2 76 594 
1 77 
1 77 
1 77 
3 77 1058 254 
1 77 
1 77 
1 77 
1 77 
1 77 
1 77 
1 77 
3 77 382 1274 
2 77 785 
1 77 
1 77 
2 77 661 
1 78 
1 78 
1 78 
2 78 1157 
1 78 
3 78 148 714 
2 512 78 
1 78 
1 78 
1 78 
1 78 
1 78 
2 992 78 
1 78 
1 78 
1 78 
1 78 
1 78 
1 78 
2 78 1101 
1 79 
1 79 
1 79 
3 623 627 79 
1 79 
2 79 580 
1 79 
1 79 
1 79 
1 79 
2 163 79 
1 79 
2 79 709 
1 79 
1 79 
1 79 
1 79 
1 79 
1 79 
2 245 79 
1 79 
1 79 
3 1141 79 979 
1 79 
2 995 79 
1 80 
1 80 
2 1286 80 
1 80 
1 80 
1 80 
1 80 
1 80 
1 80 
1 80 
1 80 
1 80 
1 80 
2 80 318 
1 80 
2 80 1742 
1 80 
1 80 
2 1295 80 
1 80 
1 80 
2 81 895 
1 81 
3 282 81 786 
1 81 
1 81 
1 81 
1 81 
1 81 
2 81 1008 
1 81 
2 81 394 
3 1823 81 1100 
1 81 
1 81 
1 81 
2 1418 82 
1 82 
1 82 
2 1601 82 
1 82 
2 82 401 
1 82 
1 82 
1 82 
1 82 
1 82 
2 1783 82 
2 82 1866 
1 82 
1 82 
1 82 
1 82 
1 82 
1 82 
1 82 
1 82 
1 82 
1 82 
2 346 83 
2 83 1274 
2 116 83 
1 83 
1 83 
1 83 
1 83 
2 83 1384 
1 83 
1 83 
2 83 1104 
1 83 
1 83 
1 83 
1 83 
1 83 
1 84 
1 84 
2 481 84 
1 84 
2 1561 84 
1 84 
1 84 
1 84 
1 84 
1 84 
1 84 
2 1702 84 
1 84 
1 84 
2 84 1237 
2 84 1778 
1 84 
1 84 
3 592 84 1176 
2 608 84 
2 1722 84 
1 85 
1 85 
1 85 
3 194 85 914 
1 85 
2 249 85 
1 85 
1 85 
1 85 
1 85 
1 85 
1 85 
1 85 
1 85 
1 85 
1 85 
1 85 
1 85 
1 85 
1 85 
2 86 548 
2 86 182 
1 86 
1 86 
2 979 86 
2 86 575 
1 86 
2 813 86 
1 86 
2 458 86 
1 86 
1 86 
1 86 
1 86 
1 86 
1 86 
1 86 
1 87 
2 245 87 
2 87 1161 
1 87 
1 87 
2 821 87 
1 87 
1 87 
1 87 
1 87 
1 87 
3 1208 803 87 
1 87 
1 87 
1 87 
1 87 
1 87 
1 87 
2 87 1454 
2 521 88 
1 88 
1 88 
1 88 
1 88 
1 88 
1 88 
1 88 
1 88 
1 88 
1 88 
2 952 88 
1 88 
1 88 
1 88 
2 698 88 
1 88 
1 88 
1 88 
1 88 
2 584 88 
2 88 1333 
1 88 
2 872 88 
1 89 
1 89 
1 89 
1 89 
2 1608 89 
1 89 
1 89 
1 89 
1 89 
1 89 
1 89 
2 93 89 
2 1393 89 
1 89 
2 633 89 
1 89 
3 1317 89 188 
1 90 
1 90 
1 90 
2 293 90 
1 90 
1 90 
2 1453 90 
3 988 1617 90 
3 404 1795 90 
1 90 
2 351 90 
1 90 
1 90 
1 91 
1 91 
1 91 
2 1369 91 
1 91 
1 91 
1 91 
1 91 
2 733 91 
1 91 
1 91 
1 91 
1 91 
1 91 
2 1537 91 
1 91 
2 976 91 
1 91 
1 91 
2 212 91 
1 92 
1 92 
1 92 
1 92 
1 92 
1 92 
2 1418 92 
1 92 
1 92 
2 473 92 
2 542 92 
1 92 
1 92 
2 408 92 
2 301 92 
1 92 
1 92 
1 93 
2 93 855 
1 93 
1 93 
2 93 1119 
1 93 
1 93 
2 93 332 
1 93 
1 93 
1 93 
1 93 
3 93 1249 766 
3 93 1612 414 
1 93 
1 93 
2 94 200 
1 94 
2 94 1569 
2 94 889 
2 94 262 
1 94 
1 94 
1 94 
2 94 1060 
1 94 
1 94 
1 94 
1 94 
2 94 355 
2 94 1723 
1 94 
1 94 
1 94 
1 94 
1 95 
1 95 
1 95 
1 95 
1 95 
1 95 
1 95 
1 95 
1 95 
1 95 
1 95 
1 95 
1 95 
1 95 
1 95 
1 95 
1 95 
1 95 
2 95 1308 
1 95 
2 668 96 
1 96 
2 753 96 
3 164 96 1554 
1 96 
1 96 
2 96 616 
3 96 1858 463 
1 96 
2 96 395 
1 96 
1 96 
1 96 
1 96 
2 96 417 
2 96 679 
1 96 
1 96 
1 96 
1 96 
2 771 96 
1 97 
1 97 
1 97 
1 97 
1 97 
2 97 1160 
1 97 
3 307 97 1418 
1 97 
1 97 
1 97 
3 606 97 153 
1 97 
1 97 
1 97 
3 1317 97 779 
1 97 
2 97 1827 
1 97 
1 97 
1 97 
1 97 
3 97 293 411 
1 97 
1 97 
2 97 1570 
1 97 
1 98 
1 98 
2 98 415 
1 98 
1 98 
2 98 277 
2 531 98 
1 98 
1 98 
1 98 
1 98 
1 98 
1 98 
1 98 
2 990 98 
2 422 98 
1 98 
2 1249 99 
1 99 
1 99 
1 99 
1 99 
1 99 
1 99 
1 99 
2 874 99 
2 99 1202 
1 99 
1 99 
1 99 
1 99 
1 99 
3 477 670 99 
