23 2 3 4 5 6 7 8 9 10 11 12 13 14 15 16 17 18 19 20 21 22 23 24 
25 25 26 27 28 29 30 31 32 33 34 35 1 36 37 38 39 40 41 42 43 44 45 46 47 48 
24 49 50 51 52 53 54 55 56 57 58 1 59 60 61 62 63 64 65 66 67 68 69 70 71 
20 72 73 74 75 76 77 78 79 1 80 81 82 83 84 85 86 87 88 89 90 
21 91 92 93 94 95 96 97 98 99 1 100 101 102 103 104 105 106 107 108 109 110 
16 111 112 113 114 115 116 1 117 118 119 120 121 122 123 124 125 
19 126 127 128 129 130 131 1 132 133 134 135 136 137 138 139 140 141 142 143 
23 144 145 146 147 148 149 150 1 151 152 153 154 155 156 157 158 159 160 161 162 163 164 165 
26 166 167 168 169 170 1 171 172 173 174 175 176 177 178 179 180 181 182 183 184 185 186 187 188 189 190 
19 191 192 193 194 1 195 196 197 198 199 200 201 202 203 204 205 206 207 208 
19 209 210 211 212 213 214 215 216 1 217 218 219 220 221 222 223 224 225 226 
25 227 228 229 230 231 232 233 234 1 235 236 237 238 239 240 241 242 243 244 245 246 247 248 249 250 
21 251 252 253 254 255 256 257 1 258 259 260 261 262 263 264 265 266 267 268 269 270 
21 271 272 273 274 275 276 277 278 279 1 280 281 282 283 284 285 286 287 288 289 290 
23 291 292 293 294 295 296 297 298 299 300 1 301 302 303 304 305 306 307 308 309 310 311 312 
19 313 314 315 316 317 318 319 320 1 321 322 323 324 325 326 327 328 329 330 
20 331 332 333 334 335 336 337 1 338 339 340 341 342 343 344 345 346 347 348 349 
19 350 351 352 353 1 354 355 356 357 358 359 360 361 362 363 364 365 366 367 
28 368 369 370 371 372 373 374 375 376 377 1 378 379 380 381 382 383 384 385 386 387 388 389 390 391 392 393 394 
21 395 396 397 398 399 400 401 402 403 404 405 1 406 407 408 409 410 411 412 413 414 
27 415 416 417 418 419 420 421 1 422 423 424 425 426 427 428 429 430 431 432 433 434 435 436 437 438 439 440 
13 441 442 443 444 1 445 446 447 448 449 450 451 452 
18 453 454 455 456 457 458 459 460 461 1 462 463 464 465 466 467 468 469 
22 470 471 472 473 474 475 476 1 477 478 479 480 481 482 483 465 484 485 486 487 488 489 
23 490 2 491 492 493 494 495 496 497 498 499 500 501 502 503 504 505 506 507 508 509 510 511 
18 2 512 513 514 515 516 517 518 519 520 521 522 523 524 525 526 527 528 
26 2 529 530 531 532 533 534 535 536 537 538 539 540 541 542 543 544 545 546 547 548 549 550 551 552 553 
18 554 2 555 294 556 557 558 559 560 561 562 563 564 565 566 567 568 569 
28 2 570 571 572 573 574 575 576 577 578 579 580 581 582 583 584 585 586 587 588 589 590 591 592 593 594 595 596 
17 597 2 598 599 600 601 602 603 604 605 606 607 608 609 610 611 612 
20 613 2 614 615 616 617 618 619 620 621 622 623 624 625 626 627 628 629 630 631 
26 2 632 633 634 635 636 637 638 639 640 641 642 643 644 645 646 647 648 649 650 651 652 653 654 655 656 
28 657 2 658 659 660 661 662 663 664 665 666 408 667 668 669 670 671 672 673 674 675 676 677 678 679 680 681 682 
24 2 683 684 685 686 687 688 689 690 691 692 693 694 695 696 697 698 699 700 701 702 703 704 705 
23 706 707 2 708 709 710 711 712 713 714 715 716 717 718 719 720 721 722 723 724 725 726 727 
18 2 728 729 730 731 732 733 734 735 736 737 738 739 740 741 742 743 744 
22 2 745 746 747 748 749 750 751 752 753 754 755 756 757 758 759 760 761 762 763 764 765 
22 2 766 767 768 769 770 771 772 773 774 775 776 777 778 779 780 781 782 783 784 785 786 
17 2 787 788 789 790 791 792 793 794 795 796 797 798 799 800 801 802 
24 803 2 804 805 806 807 808 809 810 811 812 813 814 815 816 817 818 819 820 821 822 823 824 825 
23 2 826 827 828 829 830 831 832 833 834 835 836 837 838 839 840 841 842 843 844 845 846 847 
29 2 848 849 850 851 852 853 854 855 856 857 858 859 860 861 862 863 864 865 866 867 868 869 870 871 872 873 874 875 
25 876 2 877 878 879 880 881 882 883 884 885 886 887 888 889 890 891 892 893 894 895 896 897 898 899 
19 900 2 901 902 903 904 905 906 907 908 909 910 911 912 913 914 915 916 917 
25 918 2 919 920 921 922 923 924 925 926 927 928 929 930 931 932 933 934 935 936 937 938 939 940 941 
19 2 942 943 944 945 946 947 948 949 950 951 952 953 954 955 956 957 958 959 
17 960 961 2 962 963 964 965 966 967 968 969 970 971 972 973 974 975 
24 2 901 976 977 978 979 980 981 982 983 984 985 986 987 988 989 990 991 992 993 994 995 996 997 
17 3 998 999 1000 1001 1002 1003 1004 1005 1006 1007 1008 1009 1010 1011 1012 1013 
22 3 1014 1015 1016 1017 1018 1019 1020 1021 1022 1023 1024 1025 1026 1027 1028 1029 1030 1031 1032 1033 1034 
19 1035 3 1036 1037 1038 1039 1040 1041 1042 1043 1044 1045 1046 1047 1048 1049 1050 1051 1052 
21 3 1053 1054 1055 1056 1057 1058 1059 1060 1061 1062 1063 1064 1065 1066 1067 1068 1069 1070 1071 1072 
24 3 1073 1074 1075 1076 1077 1078 1079 1080 1081 1082 1083 1084 1085 1086 1087 1088 1089 1090 1091 1092 1093 1094 1095 
34 1096 3 1097 1098 1099 1100 1101 1102 1103 1104 1105 1106 1107 1108 1109 1110 1111 1112 1113 1114 1115 1116 1117 1118 1119 1120 1121 1122 1123 1124 1125 1126 1127 1128 
22 3 1129 1130 1131 1132 1133 1134 1135 1136 1137 1138 1139 1140 1141 1142 1143 1144 1145 1146 1147 1148 1149 
15 1150 3 1151 1152 1153 1154 1155 1156 1157 1158 1159 1160 1161 1162 1163 
24 3 1164 1165 1166 1167 1168 1169 1170 1171 1172 1173 1022 1174 1175 1176 1177 1178 1179 289 1180 1181 1182 1183 1184 
27 3 1185 1186 1187 1188 1189 1190 1191 1192 1193 1194 1195 1196 1197 1198 1199 1200 1201 1202 1203 1204 1205 1206 1207 1208 1209 1210 
19 3 1211 1212 1213 1214 1215 1216 1217 1218 1219 1220 1221 1222 1223 1224 1225 1226 1227 1228 
17 3 1229 1230 1231 1232 1233 1234 1235 1236 1237 1238 1239 412 1240 1241 1242 1243 
16 3 1244 1245 1246 1247 1248 1249 1250 1251 1252 1253 1254 891 1255 1256 1257 
17 1258 3 1259 1260 1261 1262 1263 1264 1265 1266 1267 1268 1269 1270 1271 1272 1273 
25 3 1274 1275 1276 1277 1278 1279 1280 1281 1282 1283 1284 1285 1286 1287 1288 1289 1290 1291 1292 1293 1294 1295 1296 1297 
24 1298 3 1299 1300 1301 1302 1303 1304 1305 1306 1307 1308 1309 1310 1311 1312 1313 1314 1315 1316 1317 1318 1319 1320 
20 3 1321 1322 532 1323 1324 1325 1326 1327 1328 1329 1330 1331 1332 1333 1334 1335 1336 1337 1338 
18 3 1339 1340 1341 1342 1343 1344 1345 1346 1347 1348 1349 1350 1351 1352 1353 1354 1355 
26 1356 3 1357 1358 1359 1360 1361 1362 1363 353 1364 1365 1366 1367 1368 1369 1370 1371 1372 1373 1374 1375 1376 1377 1378 1379 
12 1380 3 1381 1382 1383 1384 1385 1386 1387 1388 1389 1390 
22 3 1391 1392 1393 1394 1395 1396 1397 1398 1399 1400 1401 1402 1403 1404 1405 1406 1407 1408 1409 1410 1411 
26 3 1412 1413 1414 1415 1416 1417 1418 1419 1420 1421 1422 1423 1424 1425 1426 1427 1428 1429 1430 1431 1432 1433 1434 1435 1436 
15 3 1437 1438 1439 1440 1441 1442 1443 1444 1445 1446 1447 1448 1449 1450 
18 1451 1452 4 1453 1454 643 1455 1456 1457 1458 1459 1460 1461 1462 1463 1464 1465 1466 
17 1467 1468 1469 1470 4 1471 1472 1473 1474 1475 1476 1477 1478 1479 1480 1481 1482 
13 1483 4 1484 1485 1486 1487 1488 1489 1490 1491 1492 1493 1494 
19 1495 1496 4 1497 1498 1499 1500 1501 1502 1503 1504 1505 1506 1507 1508 1509 1510 1511 1512 
17 1513 4 683 1514 1515 1516 1517 1518 1519 1520 1521 1522 1523 1524 1525 1526 1527 
30 1528 1529 1530 1531 1532 1533 1534 4 1535 1536 1537 1538 1539 1540 1541 1542 1543 1544 1545 1546 1547 1548 1549 1550 1551 1552 1553 1554 1555 1556 
19 1557 4 1558 1559 1560 1561 1562 1563 1564 1565 1566 1567 1568 1569 1570 1571 1572 1573 1574 
21 1575 4 1576 1577 1578 1579 1580 1581 1582 1583 1584 1585 1116 1586 1587 1588 1589 1590 1591 1592 1593 
23 1594 4 1595 1596 1597 1598 1599 1600 1601 1602 1603 1604 1605 1606 1607 1608 1609 1610 1611 1612 1613 1614 1615 
21 1616 4 1617 1618 1619 1620 1621 1622 1623 1624 1625 1626 1627 1628 1629 1630 1631 1632 1633 1634 1635 
18 4 1636 1637 1638 1639 1640 1641 1642 1643 1644 1645 1646 1647 1648 1649 1650 1651 1652 
17 1653 1654 1655 4 1656 1657 1658 1659 1660 1661 1662 1663 1664 1665 1666 1667 1668 
22 1669 4 1670 1671 1672 1673 1674 1675 1676 1677 1678 1679 1680 1681 1682 1683 1684 1685 1686 1687 1688 1689 
21 4 1690 1691 1692 1693 1694 1695 1696 1697 1698 1699 1700 1701 1702 1703 1704 629 1705 1706 1707 1708 
24 1709 4 1710 1711 1712 1713 1714 1715 1716 1717 1718 1719 1720 1721 1722 1723 1724 1725 1726 1727 1728 1729 1730 1731 
26 1732 1733 1734 4 1735 1736 1737 1738 1739 1740 1741 1742 1743 1744 1745 1746 326 1747 1748 1749 1750 1751 1752 1753 1754 1755 
23 554 1756 4 1757 1758 1759 1760 1761 1762 1763 1764 1765 1766 1767 1768 1769 1770 1771 1772 1773 1774 1775 1776 
18 1777 4 1778 1779 1780 1781 1782 1783 1784 1785 1786 1787 1788 1789 1790 1791 1792 1793 
21 4 1794 1795 1796 1797 1798 1799 1800 1801 1802 1803 1804 1805 1806 1807 1808 1809 1810 1811 1812 1813 
29 1814 1815 5 1816 149 1817 1818 1819 1820 1821 1822 1823 174 1824 1825 1826 1827 1828 1829 1830 1831 1832 1833 452 1834 1835 1836 1837 1838 
14 1839 1840 5 1841 1842 1843 1844 1845 1846 1847 1848 1849 1850 1851 
23 1852 1853 5 1854 1855 1856 1857 1858 1859 1860 1861 1862 1863 1864 1865 1866 1867 1868 1869 1870 1871 1872 1873 
28 1874 1875 1876 1877 1878 1879 5 1880 1881 1882 1883 1884 1885 1886 1887 1888 1889 1890 1891 1892 1893 1894 1895 1896 1897 1898 1899 1900 
21 1901 1902 1903 5 1904 1905 1906 1907 1908 1909 1910 1911 1912 1913 1914 1915 1916 1917 1918 1919 1920 
15 1921 1922 1923 5 1924 1925 420 1926 601 1927 1928 1929 1930 1931 1932 
22 1933 1934 1935 1936 1937 5 1938 1939 1940 1941 1942 1943 1944 1945 1946 1947 1948 1949 1950 1951 1952 1953 
22 1954 1955 5 1956 1957 1958 1959 1960 1961 1962 1963 1964 1965 1966 1967 1968 1969 1970 1971 1972 1973 1974 
30 918 1975 1976 5 1977 1978 1979 1980 1981 1982 1983 1984 1985 1986 1987 1988 1989 1990 1991 1992 1993 1994 1995 1996 1997 1998 1999 2000 2001 2002 
32 2003 2004 2005 5 2006 2007 2008 2009 2010 2011 2012 2013 2014 2015 2016 2017 2018 2019 2020 2021 2022 1116 2023 2024 1492 2025 2026 2027 2028 2029 2030 2031 
20 2032 2033 2034 2035 2036 5 2037 2038 2039 2040 2041 2042 2043 2044 2045 2046 2047 2048 2049 2050 
15 5 2051 2052 2053 2054 2055 2056 2057 1705 2058 2059 2060 2061 2062 2063 
30 2064 2065 5 2066 2067 2068 2069 2070 2071 2072 2073 2074 2075 2076 2077 2078 2079 2080 2081 2082 2083 2084 2085 2086 2087 2088 2089 2090 2091 2092 
19 2093 2094 2095 2096 2097 2098 5 2099 2100 2101 2102 2103 2104 2105 2106 2107 2108 2109 2110 
17 2111 2112 2113 5 2114 2115 2116 2117 2118 2119 2120 2121 2122 2123 2124 2125 2126 
15 2127 5 2128 2129 2130 2131 2132 2133 2134 2135 510 1379 2136 2137 2138 
17 2139 2140 2141 2142 5 2143 2144 2145 2146 1253 2147 2148 2149 2150 2151 2152 2153 
18 2154 5 2155 2156 2157 2158 2159 2160 2161 2162 2163 2164 2165 2166 2167 2168 2169 2170 
27 2171 2172 5 2173 2174 2175 2176 2177 2178 2179 2180 2181 2182 2183 2184 2185 2186 2187 2188 2189 2190 2191 2192 2193 2194 2195 2196 
21 2197 5 2198 2199 2200 2201 2202 2203 2204 2205 2206 2207 2208 2209 2210 2211 2212 2213 2214 2215 2216 
24 2217 2218 2219 6 2220 2221 2222 2223 2224 2225 2226 2227 2228 2229 2230 2231 2232 2233 2234 2235 2236 2237 2238 2239 
20 2240 2241 6 2242 2243 2244 2245 2246 2247 2248 2249 2250 2251 2252 2253 2254 2255 2256 2257 2258 
24 2259 6 2260 2261 2262 2263 2264 2265 645 2266 2267 2268 2269 2270 2271 2272 2273 2274 2275 2276 2277 2278 2279 2280 
16 6 2281 2282 2283 2284 2285 2286 2287 2288 2289 2290 2291 2292 2293 2294 2295 
15 2296 2297 2298 2299 6 2300 2301 2302 2303 2304 2305 2306 1609 2307 2308 
20 2309 2310 6 2311 2312 2313 2314 2315 2316 2317 2318 2319 2320 2321 2322 2323 2324 2325 2326 2327 
24 2328 2329 2330 6 2331 2332 2333 2334 2335 2336 2337 2338 2339 2340 2341 2342 2343 2344 2345 2346 2347 2348 2349 2350 
18 2351 2352 2353 2354 2355 6 2356 2357 2358 2359 2360 2361 2362 2363 2364 2365 2366 2367 
20 2368 2369 6 2370 2371 2372 2373 2374 2375 2376 2377 2378 2379 2380 2381 2382 2383 2384 2385 2386 
20 2387 2388 2389 2390 6 2391 2392 2393 2394 923 1020 2395 2396 2397 2398 2399 2400 2401 2402 2403 
18 2404 2405 2406 6 2407 2408 2409 2410 2411 2412 2413 2414 2415 2416 2417 2418 2419 2420 
18 2421 2422 2423 2424 2425 2426 2427 6 2428 2429 2430 2431 2432 2433 2434 2435 2436 2437 
19 2438 6 2439 2440 2441 2442 2443 2444 2445 2446 2447 2448 2449 2450 2451 2452 2453 2454 2455 
29 2456 2457 2458 6 2459 2460 2461 2462 2463 2464 2465 2466 2467 2468 2469 2470 2471 2472 2473 2474 2475 2476 2477 2478 2479 2480 2481 2482 2483 
22 2484 2485 2486 6 2487 2488 2489 2490 2491 2492 2493 2122 2494 2495 2496 2497 2498 2499 2500 2501 2502 2503 
26 2504 2505 2506 7 2507 2508 2509 2510 2511 2512 2513 2514 2515 2516 2517 2518 2519 2520 2521 2522 2523 2524 2525 2526 2527 2528 
24 2529 2530 2531 2532 2533 2534 2535 2536 7 2537 2538 2539 2540 2541 2542 2543 2544 2545 2546 2547 2548 2549 2550 2551 
16 2552 2553 7 2554 2555 2556 2557 2558 2559 2560 2561 2562 2563 801 2564 2386 
20 2565 7 2566 2567 2568 2569 2570 2571 2572 2573 2574 2575 2576 2577 463 2578 2579 2580 2581 2582 
27 2583 2584 2585 2586 7 2587 2588 2589 2590 2591 2592 2593 2594 2595 2596 2597 2598 2599 2600 2601 2602 2603 2604 2605 2606 2607 2608 
24 7 2609 2610 2611 2612 2613 2614 2615 2616 2617 2618 2619 2620 2621 2622 2623 2624 2625 1070 2626 2627 2628 2629 2630 
21 2631 2632 2633 7 2634 2635 2636 2637 2638 2639 2640 2641 2642 2643 2644 2645 2646 2647 2648 2649 2650 
22 2651 2652 2653 7 2654 2655 2656 2657 2658 2467 2659 2660 2661 2662 2663 2664 2665 2666 2667 2668 2669 2670 
20 2671 2672 2673 2674 7 2675 2676 2677 2678 2679 2680 2681 2682 2683 2684 2685 2686 2687 2688 2689 
27 2690 2691 2692 2693 7 2694 2695 2696 2697 2698 2699 2700 2701 2702 2703 2704 2705 2706 2707 2708 2709 2710 2711 2712 2713 2714 2367 
22 2715 2716 2717 7 2718 2719 2720 2721 2722 2723 2724 2725 2726 2727 2728 2729 2730 2731 2732 2733 2734 2735 
19 2736 7 2737 2738 2739 2740 2741 2742 2743 2744 2745 2746 2747 2748 2749 2750 2751 2752 2753 
19 2754 2755 7 2756 2757 2758 748 2759 2760 2761 2615 2762 1141 2763 2764 2765 2766 2767 2768 
15 2769 2770 2771 7 2772 2773 2774 2775 909 2776 2777 2778 2779 2780 2781 
25 2782 2783 2784 2785 7 2786 2787 2788 2789 2790 2791 2792 2793 2794 2795 2796 2797 2798 2799 2800 2801 2802 2803 2804 2805 
21 2806 2807 2808 2809 7 2810 2811 2812 2813 2814 2815 2816 2817 2818 2819 2820 2821 2822 2823 2824 2825 
23 2826 2827 2828 2829 2830 7 2831 2832 1855 2833 2834 2835 2836 2837 2838 2839 2840 2841 2842 2843 2844 2845 2846 
27 2847 2848 2849 2850 7 2851 2852 2853 2854 2855 2856 2857 2858 2859 2860 2861 2862 2863 2864 2865 2866 2867 2868 2869 2870 2871 2872 
27 2873 2874 2875 2876 8 2877 2878 2879 2880 2881 2882 2883 2884 2885 2886 2887 2888 2889 2890 2891 2892 2893 2894 2895 2896 2897 2898 
31 2899 2900 2901 2902 2903 2904 2905 8 2906 2907 2908 2909 2910 2911 2912 2913 2914 2915 2916 2917 2918 2919 2920 2921 2922 2923 2924 2925 2926 2927 2928 
25 2929 2930 555 8 2931 2932 2933 2934 2935 2936 2937 2938 2939 2940 2941 2942 2943 2944 2945 2946 2947 2948 2949 2950 2951 
13 2952 2953 2954 2955 8 2956 2957 2958 2959 2960 2961 2962 2963 
18 2964 2965 2966 2967 2968 8 2969 2970 1603 2971 2972 2973 2974 2975 2976 2977 2978 2979 
24 2980 2981 91 2982 2983 8 2984 2985 2986 2987 2988 2989 2990 2991 2992 2993 2994 2995 2236 2996 2997 2998 2999 3000 
20 3001 3002 3003 3004 3005 8 3006 3007 3008 3009 3010 3011 3012 3013 3014 3015 3016 3017 3018 3019 
18 3020 3021 3022 8 3023 3024 3025 3026 3027 3028 3029 3030 3031 3032 3033 3034 3035 3036 
21 3037 3038 8 3039 3040 3041 170 3042 3043 3044 3045 3046 1929 3047 3048 3049 3050 3051 3052 3053 3054 
17 3055 3056 3057 3058 3059 8 3060 3061 3062 3063 3064 3065 3066 3067 3068 3069 3070 
20 3071 3072 3073 3074 3075 8 3076 3077 3078 3079 3080 3081 643 3082 3083 1219 3084 3085 3086 3087 
16 3088 3089 3090 3091 3092 1343 8 3093 3094 3095 3096 3097 3098 3099 3100 3101 
14 3102 8 3103 3104 1263 3105 3106 3107 3108 3109 3110 3111 3112 3113 
24 3114 3115 3116 3117 3118 3119 3120 8 3121 3122 3123 3124 3125 322 3126 3127 3128 3129 3130 3131 3132 3133 3134 3135 
29 3136 3137 3138 3139 3140 8 3141 3142 3143 3144 3145 3146 3147 3148 3149 3150 3151 3152 3153 3154 3155 3156 3157 3158 3159 3160 3161 3162 3163 
20 960 3164 3165 3166 3167 8 3168 3169 3170 3171 3172 3173 3174 3175 3176 3177 3178 3179 3180 3181 
26 3182 3183 3184 3185 8 3186 3187 3188 3189 3190 3191 3192 3193 3194 3195 3196 3197 3198 3199 3200 3201 3202 2648 3203 3204 3205 
28 3206 3207 3208 3209 8 3210 3211 3212 3213 3214 3215 3216 2911 3217 3218 3219 3220 3221 180 3222 3223 3224 3225 3226 3227 3228 3229 3230 
24 3231 2330 3232 3233 8 3234 3235 3236 3237 3238 3239 3240 3241 3242 3243 3244 3245 3246 3247 3248 3249 3250 3251 3252 
20 3253 3254 3255 8 3256 3257 3258 3259 3260 3261 3262 3263 3264 3265 3266 3267 3268 3269 3270 3271 
28 3272 3273 8 3274 3275 3276 3277 3278 3279 3280 3281 3282 3283 3284 3285 3286 3287 3288 3289 3290 3291 3292 3293 3294 3295 1338 3296 3297 
20 3298 3299 3300 3301 313 3302 8 3303 3304 3305 3306 3307 3308 3309 3310 3311 3312 3313 3314 3315 
20 3316 3317 9 3318 3319 3320 3321 3322 3323 3324 3325 3326 3327 3328 3329 3330 3331 3332 3333 3334 
23 3335 3336 3337 3338 3339 3340 3341 3342 9 3343 3344 3345 1644 3346 3347 3348 3349 3350 3351 3352 3353 3354 3355 
26 3356 3357 3358 3359 3360 9 3361 3362 3363 3364 3365 3366 3367 3368 3369 3370 1749 3371 3372 3373 3374 3375 3376 3377 3378 3379 
22 3380 3381 3382 9 3383 3384 3385 3386 3387 3388 3389 3390 3391 3392 3393 3394 3395 3396 3397 3398 3399 3400 
2 9 152 
1 9 
1 9 
1 9 
3 91 2156 9 
2 9 2121 
2 9 3152 
2 9 1196 
1 9 
1 9 
2 9 161 
1 9 
1 9 
1 9 
1 9 
1 9 
1 9 
1 9 
2 9 1370 
1 9 
4 2198 9 2088 2711 
3 1710 10 479 
1 10 
2 10 2340 
1 10 
1 10 
3 614 10 1818 
2 1716 10 
1 10 
3 2097 10 2854 
2 10 1898 
1 10 
2 2005 10 
1 10 
3 10 761 608 
1 10 
1 10 
1 10 
1 10 
1 11 
2 11 2970 
2 11 1908 
1 11 
1 11 
1 11 
2 11 2892 
1 11 
3 1840 11 2764 
3 11 2857 3108 
2 11 1104 
1 11 
2 3254 11 
1 11 
2 11 2551 
3 11 1488 673 
1 11 
3 2873 11 3053 
2 12 2133 
1 12 
5 1244 12 2179 3292 3377 
4 12 2043 975 2049 
2 12 1019 
2 12 2170 
1 12 
2 12 1172 
1 12 
1 12 
2 396 12 
1 12 
1 12 
1 12 
1 12 
1 12 
2 529 12 
2 12 2821 
1 12 
1 12 
1 12 
2 12 3193 
2 968 12 
1 12 
2 849 13 
2 13 412 
2 13 1349 
1 13 
1 13 
2 657 13 
1 13 
2 2535 13 
2 13 1521 
2 13 3018 
2 13 3399 
2 13 2101 
1 13 
1 13 
2 13 3229 
2 1299 13 
3 13 3152 989 
2 13 715 
1 13 
2 13 670 
1 14 
3 299 14 3310 
1 14 
2 14 1551 
1 14 
1 14 
1 14 
4 14 3370 2384 2031 
3 2772 14 3041 
1 14 
1 14 
1 14 
1 14 
1 14 
2 14 846 
2 768 14 
2 14 2915 
3 14 1242 3054 
3 2771 57 14 
1 14 
2 2101 15 
2 15 2307 
2 3207 15 
2 28 15 
3 15 1310 3012 
1 15 
1 15 
3 2982 3233 15 
3 272 15 1012 
1 15 
1 15 
2 15 1648 
1 15 
1 15 
2 15 1021 
2 15 2434 
1 15 
1 15 
1 15 
1 15 
1 15 
3 1709 15 2628 
3 16 874 165 
2 3345 16 
2 16 1788 
1 16 
1 16 
1 16 
1 16 
2 16 3190 
1 16 
2 16 157 
2 3167 16 
2 16 2645 
1 16 
2 16 87 
2 16 1183 
2 16 1328 
2 16 2272 
3 1166 16 2021 
2 17 913 
1 17 
1 17 
2 17 3390 
3 17 955 3053 
3 17 1044 1426 
2 17 1203 
1 17 
1 17 
1 17 
1 17 
2 622 17 
1 17 
2 1558 17 
1 17 
2 969 17 
2 17 2062 
4 512 17 743 2454 
1 17 
2 18 2521 
3 2032 18 2595 
1 18 
4 18 2416 67 2324 
2 18 1650 
3 18 1202 2501 
3 18 2343 2453 
2 614 18 
1 18 
1 18 
2 18 720 
1 18 
1 18 
1 18 
1 18 
1 18 
1 18 
1 18 
1 19 
1 19 
1 19 
1 19 
1 19 
1 19 
3 735 19 1147 
1 19 
1 19 
2 3125 19 
1 19 
2 19 1196 
1 19 
1 19 
2 1250 19 
2 19 448 
1 19 
1 19 
1 19 
2 19 1806 
3 2507 1860 19 
1 19 
1 19 
2 1300 19 
1 19 
2 694 19 
1 19 
1 20 
2 237 20 
1 20 
2 20 2628 
3 827 20 2670 
1 20 
2 2787 20 
1 20 
1 20 
1 20 
2 750 20 
2 20 1179 
1 20 
2 33 20 
4 20 2546 2712 1953 
2 20 1226 
1 20 
4 252 60 2267 20 
1 20 
1 20 
1 21 
2 21 3314 
1 21 
2 1583 21 
2 3149 21 
2 96 21 
3 21 1727 2897 
2 3345 21 
1 21 
1 21 
1 21 
1 21 
1 21 
1 21 
2 3144 21 
1 21 
1 21 
1 21 
2 3256 21 
1 21 
2 21 2846 
2 2801 21 
1 21 
1 21 
1 21 
1 21 
1 22 
2 3285 22 
3 22 511 1184 
1 22 
1 22 
1 22 
1 22 
2 383 22 
1 22 
2 2818 22 
2 22 1068 
3 1274 91 22 
2 1536 23 
2 2944 23 
2 3104 23 
1 23 
1 23 
1 23 
3 2755 1682 23 
1 23 
2 1706 23 
1 23 
3 129 2022 23 
4 2009 2699 798 23 
3 1669 23 24 
2 1025 23 
1 23 
2 845 23 
1 23 
1 24 
2 1889 24 
1 24 
1 24 
1 24 
2 1105 24 
1 24 
3 2343 2215 24 
2 853 24 
3 191 3325 24 
1 24 
1 24 
3 2777 1401 24 
1 24 
2 2800 24 
2 1295 24 
1 24 
2 3319 24 
1 24 
2 1590 24 
1 25 
1 25 
1 25 
1 25 
2 25 3227 
1 25 
1 25 
2 25 2103 
1 25 
1 25 
2 25 677 
2 25 1963 
1 25 
1 25 
1 25 
2 25 937 
1 25 
3 25 1843 832 
3 25 557 829 
1 25 
3 25 1567 106 
3 25 443 2792 
2 26 348 
1 26 
2 2754 26 
3 26 2172 807 
2 26 2581 
2 26 2630 
1 26 
2 26 2225 
2 26 2495 
3 26 1421 692 
2 26 1418 
1 26 
1 26 
1 26 
3 26 1103 2599 
2 26 2155 
1 26 
3 27 1939 243 
1 27 
2 27 3340 
2 27 65 
1 27 
1 27 
2 27 2080 
1 27 
2 2310 27 
2 27 3133 
1 27 
2 27 2989 
2 27 1193 
1 27 
1 27 
3 2902 27 2637 
1 27 
2 2424 27 
2 27 2303 
2 27 622 
2 27 3085 
2 27 2186 
2 1261 27 
3 27 1081 1443 
1 27 
3 28 1500 88 
2 146 28 
1 28 
3 28 1357 508 
1 28 
2 28 2167 
1 28 
2 28 3199 
1 28 
1 28 
1 28 
2 28 1290 
1 28 
1 28 
1 28 
2 570 28 
2 29 569 
3 29 1882 2201 
3 29 1607 2503 
4 29 3256 2183 2192 
3 998 29 2333 
2 29 1704 
2 29 843 
1 29 
1 29 
2 29 1641 
1 29 
1 29 
1 29 
1 29 
1 29 
1 29 
1 29 
1 29 
2 29 3076 
3 29 1204 2452 
1 29 
1 29 
1 29 
3 2064 29 2792 
2 29 2408 
3 29 2662 2581 
1 29 
1 30 
1 30 
1 30 
1 30 
2 30 96 
3 30 1118 3398 
1 30 
1 30 
2 30 1607 
1 30 
4 30 3024 2519 2270 
2 30 204 
2 30 1569 
1 30 
2 30 2256 
1 30 
3 31 2857 928 
3 31 196 357 
3 31 3383 1108 
3 851 2260 31 
1 31 
3 31 2917 2453 
2 31 808 
1 31 
1 31 
4 31 2816 342 548 
1 31 
1 31 
1 31 
1 31 
1 31 
2 31 2773 
3 31 2743 85 
1 31 
2 3167 31 
1 32 
1 32 
1 32 
2 32 2915 
1 32 
1 32 
3 32 3282 3294 
1 32 
2 32 3174 
1 32 
1 32 
3 72 32 154 
2 32 1772 
2 113 32 
1 32 
1 32 
2 32 2975 
2 32 3247 
2 32 1797 
2 32 2894 
2 2298 32 
1 32 
2 2459 32 
1 32 
1 32 
2 256 33 
2 33 2543 
1 33 
1 33 
1 33 
1 33 
2 33 1833 
1 33 
1 33 
1 33 
2 33 726 
2 1474 33 
1 33 
2 33 270 
1 33 
2 33 1553 
3 33 1310 224 
2 3115 33 
1 33 
1 33 
3 500 33 2640 
2 2585 33 
2 33 1433 
1 33 
1 33 
1 33 
2 76 34 
1 34 
1 34 
3 2142 34 2335 
3 2772 34 3222 
1 34 
3 2507 34 2524 
2 730 34 
1 34 
3 1738 34 521 
3 34 2543 1730 
2 34 393 
1 34 
1 34 
2 34 1945 
1 34 
2 34 1650 
1 34 
1 34 
1 34 
2 34 1441 
1 34 
1 34 
1 35 
2 859 35 
1 35 
2 2300 35 
1 35 
2 1934 35 
2 35 3287 
1 35 
1 35 
2 35 268 
1 35 
2 1620 35 
1 35 
2 1979 35 
2 35 360 
1 35 
1 35 
1 35 
1 35 
1 35 
2 35 667 
2 35 2228 
1 36 
2 36 1482 
3 2357 690 36 
2 36 818 
3 36 2599 2995 
1 36 
1 36 
2 374 36 
1 36 
2 36 2707 
2 36 2322 
2 1018 36 
1 36 
1 36 
1 36 
2 36 348 
1 36 
1 37 
3 1921 1563 37 
2 1578 37 
2 37 138 
1 37 
4 405 37 1859 1050 
2 37 3246 
1 37 
2 37 1144 
1 37 
1 37 
1 37 
2 2903 37 
1 37 
1 37 
2 2970 37 
2 37 204 
2 37 2702 
2 1053 37 
1 37 
1 37 
2 3307 38 
1 38 
3 38 286 1333 
2 38 1121 
1 38 
1 38 
2 1136 38 
2 1167 38 
1 38 
3 849 38 3014 
2 38 2866 
2 38 2659 
1 38 
1 38 
2 38 1492 
1 38 
1 38 
2 2794 38 
1 38 
2 38 3332 
3 2738 38 3326 
1 39 
1 39 
3 39 3250 3162 
2 39 2898 
2 39 2975 
1 39 
2 2794 39 
1 39 
1 39 
2 39 2235 
3 39 1480 3248 
2 39 464 
1 39 
2 39 3333 
3 128 1153 39 
2 1680 39 
1 40 
1 40 
3 40 1334 2896 
1 40 
4 1321 515 40 2430 
3 619 2539 40 
1 40 
2 2785 40 
1 40 
1 40 
1 40 
1 40 
3 2218 3307 40 
1 40 
1 40 
2 731 40 
2 1934 40 
1 40 
1 40 
1 40 
1 40 
3 2715 40 3154 
1 40 
1 41 
2 399 41 
1 41 
2 41 508 
1 41 
3 998 2071 41 
3 2173 41 507 
1 41 
2 3055 41 
1 41 
2 1515 41 
2 41 1825 
1 41 
2 2693 41 
2 1797 41 
1 41 
1 41 
3 576 1420 41 
1 41 
2 41 468 
3 41 1749 285 
2 41 1143 
2 2662 42 
5 251 2958 775 42 1893 
1 42 
5 616 1111 42 2153 1668 
1 42 
2 478 42 
1 42 
3 1619 42 1998 
2 42 1997 
2 1725 42 
2 42 2193 
2 707 42 
2 1418 42 
2 1028 42 
1 42 
1 42 
1 42 
1 42 
1 42 
2 42 2503 
1 42 
1 42 
1 42 
2 1430 42 
1 42 
1 42 
2 313 42 
1 42 
1 43 
1 43 
2 1445 43 
2 3276 43 
3 1751 43 2403 
1 43 
3 3366 1803 43 
1 43 
3 1876 2201 43 
1 43 
1 43 
1 43 
2 1045 43 
2 2665 43 
2 43 2650 
2 61 43 
2 43 2108 
1 43 
1 43 
2 2456 43 
1 43 
1 43 
1 43 
1 43 
1 44 
2 44 48 
2 44 1465 
1 44 
2 2943 44 
2 1412 44 
2 2234 44 
1 44 
1 44 
3 1005 139 44 
2 1817 44 
1 44 
1 44 
3 331 2312 44 
1 44 
2 1250 44 
1 44 
1 44 
2 99 45 
1 45 
1 45 
3 2318 1965 45 
2 2235 45 
2 120 45 
2 1322 45 
2 1601 45 
2 45 1951 
2 2622 45 
3 613 2251 45 
1 45 
3 1229 45 959 
2 1522 45 
1 45 
2 45 1707 
2 1062 45 
1 45 
1 45 
2 505 45 
2 1725 45 
2 2989 45 
3 2529 1105 45 
2 1169 45 
2 2864 46 
2 1673 46 
1 46 
2 2702 46 
1 46 
1 46 
2 3084 46 
1 46 
4 1937 1907 46 3036 
1 46 
1 46 
1 46 
2 1173 46 
2 335 46 
1 46 
1 46 
2 46 2896 
3 2281 930 46 
2 159 47 
1 47 
1 47 
5 2510 1517 2923 2580 47 
1 47 
2 2627 47 
3 2959 2662 47 
2 1613 47 
2 47 249 
3 1065 346 47 
1 47 
1 47 
1 47 
1 47 
1 47 
2 230 47 
1 48 
1 48 
2 1522 48 
2 2199 48 
3 2018 2644 48 
1 48 
1 48 
1 48 
2 1393 48 
1 48 
1 48 
1 48 
2 2440 48 
2 48 267 
2 2838 48 
1 48 
1 48 
1 48 
1 48 
1 48 
2 2241 48 
2 2625 48 
3 49 574 831 
1 49 
3 49 1360 3124 
3 49 1548 1183 
1 49 
1 49 
1 49 
3 49 3138 909 
2 49 1104 
1 49 
1 49 
1 49 
1 49 
1 49 
2 49 299 
1 49 
2 50 1845 
1 50 
2 50 3212 
1 50 
2 50 739 
2 50 231 
2 50 120 
3 50 3304 305 
3 50 57 2820 
2 50 1324 
2 50 1344 
2 50 466 
4 1260 50 3059 3196 
1 50 
3 50 861 2383 
1 50 
1 50 
1 50 
1 50 
2 50 2825 
2 50 2190 
1 51 
1 51 
1 51 
1 51 
3 51 2535 2236 
1 51 
2 51 3291 
1 51 
1 51 
3 51 336 1639 
3 51 1549 888 
2 3253 51 
2 51 1857 
1 51 
1 51 
2 51 750 
1 51 
1 51 
2 52 763 
1 52 
2 52 1127 
1 52 
1 52 
1 52 
1 52 
2 52 2683 
1 52 
2 52 934 
1 52 
1 52 
2 52 969 
2 52 3368 
3 52 3183 2413 
2 52 451 
1 52 
4 52 131 2580 1834 
2 52 2226 
1 52 
1 53 
1 53 
1 53 
1 53 
1 53 
1 53 
1 53 
1 53 
2 53 552 
1 53 
1 53 
1 53 
2 53 3205 
1 53 
1 53 
1 53 
1 53 
3 53 1867 3030 
1 53 
1 53 
1 53 
2 53 2855 
2 53 1382 
1 54 
1 54 
1 54 
2 2565 54 
1 54 
2 1875 54 
1 54 
4 2690 54 526 3181 
3 54 1006 219 
3 54 475 940 
1 54 
2 54 1773 
2 615 54 
1 54 
1 54 
2 851 54 
1 54 
2 54 1371 
2 54 1566 
1 54 
4 54 79 100 2450 
2 54 2370 
3 54 602 1296 
1 54 
1 54 
2 54 769 
2 54 2924 
3 2954 54 1714 
1 54 
1 54 
2 2128 54 
3 54 1055 2915 
1 54 
2 3233 55 
1 55 
1 55 
1 55 
2 55 2350 
1 55 
1 55 
2 55 772 
2 55 2326 
2 55 1788 
1 55 
1 55 
3 55 138 1812 
2 55 2420 
2 55 847 
3 55 3024 753 
1 55 
1 55 
3 55 374 1817 
1 55 
1 55 
1 56 
2 56 2730 
2 56 2245 
4 56 2069 1785 801 
1 56 
1 56 
1 56 
1 56 
2 56 1798 
1 56 
1 56 
2 2197 56 
2 56 2685 
3 56 1857 1288 
1 57 
1 57 
2 57 330 
2 57 773 
1 57 
4 1934 57 1858 941 
1 57 
1 57 
2 57 234 
3 57 3147 954 
1 57 
1 57 
2 57 1568 
1 57 
1 57 
3 57 1857 406 
1 57 
1 57 
2 57 1450 
3 57 1001 327 
3 443 57 2306 
1 58 
1 58 
2 58 1919 
2 3078 58 
1 58 
1 58 
1 58 
1 58 
2 58 541 
2 58 1504 
3 2791 58 3344 
4 1620 58 379 177 
2 58 2925 
1 58 
1 58 
1 58 
2 58 1241 
2 58 355 
3 58 337 2542 
3 1359 58 589 
2 58 1812 
4 2907 58 2775 1910 
2 58 1425 
1 58 
3 58 2359 3283 
1 58 
2 59 2431 
1 59 
1 59 
4 2847 2738 59 2550 
1 59 
1 59 
2 59 3179 
1 59 
2 154 59 
1 59 
2 2583 59 
1 59 
2 59 3349 
1 59 
2 59 2341 
3 2485 59 410 
1 59 
1 59 
3 2633 60 930 
2 60 2306 
1 60 
1 60 
1 60 
1 60 
2 60 1520 
3 3339 3103 60 
1 60 
1 60 
1 60 
1 60 
2 60 1201 
2 60 288 
1 60 
2 229 61 
2 2837 61 
1 61 
3 2858 61 2324 
2 61 2483 
2 1534 61 
4 382 61 1523 915 
2 61 2434 
1 61 
2 61 107 
1 61 
2 1368 61 
3 2877 61 2779 
2 1671 61 
1 62 
1 62 
2 62 1026 
2 62 551 
1 62 
2 62 156 
1 62 
1 62 
3 2508 62 1651 
1 62 
1 62 
1 62 
2 2205 62 
1 62 
1 62 
1 62 
2 63 452 
2 63 2193 
2 63 2897 
1 63 
2 2760 63 
1 63 
1 63 
1 63 
1 63 
2 1597 63 
2 2299 63 
1 63 
1 63 
1 63 
3 1420 63 1163 
1 63 
2 63 565 
1 63 
2 2220 63 
1 63 
1 63 
2 63 485 
3 63 1118 2669 
1 63 
1 64 
2 64 266 
2 64 391 
1 64 
1 64 
1 64 
1 64 
1 64 
1 64 
1 64 
2 64 2291 
2 2312 64 
3 295 64 673 
1 64 
1 64 
1 64 
1 64 
1 64 
1 64 
1 64 
1 64 
1 64 
1 64 
3 1439 807 65 
2 924 65 
1 65 
2 1023 65 
1 65 
1 65 
2 65 2017 
5 3144 1965 2339 65 328 
1 65 
2 65 3030 
1 65 
1 65 
2 768 65 
3 805 2519 65 
1 65 
1 65 
2 1928 65 
3 3210 65 164 
1 66 
1 66 
3 2717 1506 66 
1 66 
2 155 66 
2 1024 66 
1 66 
1 66 
1 66 
1 66 
2 253 66 
1 66 
1 66 
1 66 
2 66 2604 
1 66 
2 1548 66 
1 67 
2 557 67 
1 67 
4 3150 2572 1204 67 
4 2003 2311 1000 67 
1 67 
2 67 2846 
1 67 
1 67 
2 3391 67 
2 1718 67 
2 2659 67 
2 1255 67 
1 67 
3 67 188 2258 
3 1113 2059 67 
1 67 
1 67 
1 67 
2 2877 67 
1 67 
1 67 
1 67 
2 67 106 
1 68 
2 1777 68 
2 68 1095 
2 68 2350 
1 68 
1 68 
5 2369 2460 1448 68 2688 
1 68 
1 68 
1 68 
2 68 1612 
3 1639 1435 69 
2 1491 69 
2 984 69 
1 69 
1 69 
2 2189 69 
1 69 
1 69 
1 69 
1 69 
2 482 69 
2 3003 69 
1 69 
2 1825 69 
1 69 
2 2423 69 
1 69 
1 69 
1 69 
1 69 
3 3356 2599 69 
5 1616 905 2635 2551 70 
1 70 
3 2634 2123 70 
1 70 
1 70 
2 2546 70 
4 860 1643 522 70 
1 70 
4 2284 1288 843 70 
2 521 70 
1 70 
1 70 
1 70 
2 1207 70 
2 336 70 
1 70 
1 70 
2 2865 70 
3 2574 871 70 
1 70 
3 1933 1859 70 
2 679 70 
2 2161 70 
2 1391 70 
1 70 
2 3037 71 
2 2527 71 
4 1321 2190 1448 71 
1 71 
5 3259 3030 1633 703 71 
2 2635 71 
2 552 71 
1 71 
2 878 71 
1 71 
1 71 
4 1439 1386 2386 71 
1 71 
2 1182 71 
1 72 
1 72 
3 72 2526 2949 
2 72 2050 
1 72 
1 72 
1 72 
1 72 
2 72 2135 
2 72 2786 
1 72 
1 72 
2 72 2132 
2 72 2936 
3 72 902 2414 
2 72 2410 
1 73 
2 73 2518 
2 73 2013 
2 73 2295 
1 73 
1 73 
1 73 
2 73 668 
1 73 
1 73 
2 73 3381 
1 73 
1 73 
2 73 797 
1 73 
2 73 729 
3 74 2933 3285 
1 74 
2 74 2148 
1 74 
1 74 
2 74 224 
1 74 
1 74 
3 74 1392 1808 
3 74 100 780 
1 74 
1 74 
1 75 
1 75 
1 75 
1 75 
1 75 
2 554 75 
2 75 2301 
1 75 
1 75 
2 75 1194 
1 75 
3 1341 75 2017 
1 75 
1 75 
1 75 
2 75 2677 
2 75 3287 
1 75 
1 76 
1 76 
2 76 836 
1 76 
2 963 76 
1 76 
1 76 
3 76 1235 2747 
4 1879 76 2010 259 
3 978 76 931 
2 76 1250 
1 76 
2 76 2080 
1 76 
3 76 2011 2600 
1 77 
1 77 
1 77 
1 77 
1 77 
1 77 
2 77 1249 
1 77 
2 453 77 
2 77 2325 
1 77 
1 77 
2 3005 77 
1 77 
2 77 2447 
1 77 
2 77 1911 
1 77 
1 77 
1 77 
4 2032 77 1001 1355 
2 77 1045 
2 77 2527 
3 274 77 2804 
1 77 
3 77 2101 672 
1 77 
1 77 
1 77 
3 78 2398 3325 
3 78 344 2091 
2 78 1751 
1 78 
2 3209 78 
3 78 2760 1801 
2 746 78 
1 78 
1 78 
2 78 1114 
3 1655 78 510 
2 78 1176 
3 78 1645 609 
1 78 
1 78 
2 78 2509 
2 1616 78 
1 78 
1 79 
1 79 
1 79 
2 747 79 
3 3139 1620 79 
1 79 
2 2982 79 
2 79 2237 
2 418 79 
2 79 1862 
2 1713 79 
3 79 2326 2436 
1 79 
2 79 3397 
2 79 3262 
3 1673 79 489 
1 79 
1 79 
1 79 
2 2881 80 
1 80 
1 80 
2 80 1283 
1 80 
2 80 3313 
1 80 
2 925 80 
2 3255 80 
2 148 80 
1 80 
1 80 
1 80 
3 572 80 605 
1 80 
2 115 80 
1 80 
2 2986 80 
2 80 1390 
3 3208 967 80 
1 80 
1 80 
3 1412 81 1573 
1 81 
1 81 
2 855 81 
4 1579 81 1196 717 
1 81 
1 81 
2 1671 81 
1 81 
2 3102 81 
2 81 1966 
1 81 
1 81 
1 81 
1 81 
1 81 
1 81 
3 3056 1441 81 
1 81 
2 3168 81 
1 82 
1 82 
1 82 
4 1391 2131 82 1044 
2 82 1919 
3 1676 579 82 
1 82 
2 1418 82 
2 167 82 
4 3316 2333 82 1569 
2 2300 82 
1 82 
3 2755 302 82 
2 1978 82 
3 354 82 699 
4 82 1942 1266 1827 
1 82 
2 83 2164 
1 83 
2 1567 83 
1 83 
1 83 
1 83 
2 83 1686 
1 83 
1 83 
2 2702 83 
2 83 3294 
1 83 
1 83 
1 83 
1 83 
3 851 83 2617 
3 2698 84 465 
1 84 
3 1623 84 1257 
2 2116 84 
3 943 84 1590 
1 84 
1 84 
3 2508 1641 84 
1 84 
1 84 
1 84 
2 84 802 
1 84 
3 2964 459 84 
1 84 
1 84 
1 84 
2 1659 84 
2 84 2708 
1 84 
2 2375 84 
1 85 
2 2835 85 
2 2848 85 
2 2700 85 
2 2821 85 
1 85 
1 85 
1 85 
1 85 
2 85 1850 
1 85 
1 85 
1 85 
1 85 
2 575 85 
3 2899 102 85 
2 461 85 
2 933 85 
1 85 
2 86 312 
2 191 86 
1 86 
1 86 
4 2554 1585 86 2687 
2 1123 86 
1 86 
2 197 86 
1 86 
2 1366 86 
1 86 
1 86 
2 1737 86 
2 2217 86 
2 2557 86 
2 3196 86 
3 857 938 86 
2 2737 86 
2 421 86 
1 86 
1 86 
4 693 2361 2994 86 
1 86 
2 2203 87 
1 87 
3 2852 3113 87 
1 87 
1 87 
3 1977 1721 87 
3 1878 692 87 
1 87 
1 87 
1 87 
1 87 
1 87 
1 87 
2 2188 87 
1 87 
1 87 
1 87 
3 168 87 846 
1 87 
4 1879 1559 880 87 
1 87 
2 2200 87 
1 87 
2 3112 87 
2 2482 88 
1 88 
1 88 
1 88 
1 88 
1 88 
1 88 
1 88 
1 88 
1 88 
1 88 
1 88 
1 88 
1 88 
2 2751 88 
1 88 
2 644 88 
3 1107 3324 88 
1 88 
1 88 
1 88 
2 1381 89 
1 89 
1 89 
1 89 
1 89 
1 89 
1 89 
1 89 
2 1153 89 
1 89 
2 2372 89 
3 315 1138 89 
1 89 
1 89 
1 89 
1 89 
1 89 
1 90 
1 90 
1 90 
4 2965 840 650 90 
2 1158 90 
1 90 
1 90 
2 1562 90 
1 90 
2 882 90 
2 2229 90 
2 1835 90 
2 387 90 
1 90 
2 1491 90 
1 90 
2 2897 90 
1 90 
3 1141 1205 90 
2 1845 90 
1 91 
1 91 
1 91 
4 91 3118 910 1147 
3 91 2829 196 
1 91 
1 91 
1 91 
2 91 2637 
1 91 
1 91 
3 91 837 1404 
1 91 
2 91 1651 
1 91 
1 91 
1 91 
1 91 
1 91 
3 91 3121 663 
2 91 1070 
3 91 2164 1805 
1 91 
2 91 3348 
3 2171 91 2975 
1 92 
2 92 217 
3 92 3108 1945 
1 92 
2 92 507 
2 2111 92 
3 1014 92 1813 
1 92 
1 92 
2 92 2587 
2 92 3032 
2 92 1699 
2 92 3342 
1 93 
3 93 2633 1925 
2 93 2068 
2 93 142 
1 93 
4 93 1047 1179 1163 
3 93 1169 2814 
3 93 750 1432 
2 93 388 
1 93 
3 1923 93 1584 
1 93 
1 93 
1 93 
1 93 
2 93 1090 
1 93 
1 93 
1 93 
1 93 
1 93 
2 93 2338 
2 94 2615 
2 94 1101 
2 94 884 
1 94 
2 94 1738 
3 94 1521 1751 
2 94 2276 
2 94 2043 
2 571 94 
2 94 3205 
1 94 
1 94 
1 94 
1 94 
1 94 
2 471 94 
1 94 
1 94 
1 94 
2 849 94 
1 94 
1 94 
2 94 2842 
1 94 
2 94 200 
2 94 3204 
1 94 
1 95 
2 95 2001 
1 95 
1 95 
1 95 
1 95 
2 95 950 
2 211 95 
1 95 
2 95 1206 
3 95 1544 2526 
2 2328 95 
1 95 
1 95 
1 95 
1 95 
2 95 2170 
1 95 
5 1187 95 1640 3159 2646 
2 95 2480 
2 746 96 
1 96 
3 96 1862 3325 
1 96 
3 1853 96 3282 
1 96 
2 96 1967 
2 96 1337 
2 96 152 
2 96 2720 
2 96 2522 
1 96 
2 97 1432 
4 1169 711 97 819 
1 97 
2 97 2481 
3 97 950 2763 
1 97 
2 529 97 
2 97 3352 
2 2535 97 
2 97 1651 
2 97 2280 
1 97 
3 1841 97 697 
1 97 
1 97 
1 97 
1 97 
1 97 
3 2535 97 926 
1 97 
2 97 409 
1 98 
1 98 
1 98 
1 98 
1 98 
1 98 
1 98 
1 98 
1 98 
2 98 501 
1 98 
4 921 98 2638 1328 
2 98 1626 
4 98 1927 2226 2289 
1 98 
1 98 
1 98 
1 98 
1 98 
1 98 
1 98 
1 99 
2 3304 99 
2 1737 99 
2 99 1649 
2 99 719 
1 99 
1 99 
1 99 
1 99 
1 99 
1 99 
3 99 2854 3223 
1 99 
1 99 
1 99 
1 99 
1 99 
2 2807 99 
1 99 
2 99 2417 
1 99 
1 99 
2 856 99 
2 855 99 
1 99 
2 2111 99 
2 1902 99 
1 99 
2 1360 100 
2 100 2481 
2 100 202 
2 3186 100 
2 100 3109 
1 100 
3 100 464 2948 
2 100 1521 
2 100 1527 
1 100 
2 1469 100 
1 100 
2 100 3199 
1 100 
3 100 1327 1506 
4 3256 980 100 2160 
1 100 
1 100 
3 100 330 2549 
2 100 463 
1 100 
2 100 2290 
1 100 
1 100 
2 100 2621 
2 100 3046 
1 100 
1 100 
2 278 100 
3 351 101 1548 
1 101 
2 2583 101 
2 101 2269 
2 101 2211 
2 101 2844 
1 101 
2 2197 101 
1 101 
1 101 
2 101 2749 
3 230 1881 101 
1 101 
1 101 
1 101 
1 101 
1 101 
2 230 101 
3 1454 2510 101 
1 102 
1 102 
1 102 
1 102 
1 102 
2 2157 102 
1 102 
2 2099 102 
3 3387 102 1371 
1 102 
1 102 
2 102 347 
1 102 
3 2512 103 593 
1 103 
1 103 
1 103 
2 1854 103 
2 1153 103 
1 103 
4 831 103 2286 2108 
1 103 
1 103 
1 103 
2 2319 103 
1 103 
1 103 
1 103 
1 103 
4 535 103 2841 1525 
1 103 
2 2322 103 
1 103 
3 2958 2267 103 
1 103 
3 2314 103 3330 
1 103 
2 103 190 
2 2806 103 
1 103 
3 1558 3185 103 
1 103 
3 2771 3081 104 
2 3137 104 
1 104 
1 104 
2 199 104 
1 104 
2 104 2058 
1 104 
4 291 262 104 1553 
1 104 
3 497 104 2435 
1 104 
2 3290 104 
1 104 
1 104 
3 2071 892 104 
1 104 
1 104 
3 1844 105 2000 
1 105 
1 105 
1 105 
1 105 
4 1672 2912 105 3315 
2 3317 105 
1 105 
2 2337 105 
1 105 
2 175 105 
2 105 125 
2 1414 105 
1 105 
1 105 
1 105 
1 106 
3 2957 106 1126 
1 106 
1 106 
3 3301 1639 106 
2 106 1463 
3 227 2332 106 
1 106 
2 1459 106 
1 106 
1 106 
1 106 
1 107 
3 2948 107 3330 
1 107 
2 686 107 
2 2743 107 
1 107 
1 107 
2 107 3179 
1 107 
2 1485 107 
2 107 2152 
1 107 
1 107 
2 2149 107 
2 851 107 
1 108 
3 2314 527 108 
2 174 108 
4 2723 2541 2056 108 
2 2357 108 
1 108 
2 2018 108 
3 2201 1434 108 
1 108 
1 108 
3 1653 108 1835 
1 108 
1 108 
2 559 108 
1 108 
2 2232 108 
4 232 2592 1917 108 
2 109 1838 
3 515 3387 109 
2 832 109 
1 109 
1 109 
2 2888 109 
1 109 
1 109 
2 229 109 
1 109 
1 109 
1 109 
2 573 109 
1 109 
1 109 
2 550 109 
1 109 
2 1745 109 
2 1396 109 
3 1439 109 1034 
1 109 
2 573 109 
3 1275 858 109 
2 3124 109 
1 109 
1 109 
3 2039 110 1161 
2 110 190 
2 979 110 
2 1753 110 
4 571 884 2161 110 
1 110 
2 1732 110 
1 110 
2 1270 110 
1 110 
1 110 
1 110 
1 110 
1 110 
2 2036 110 
1 110 
1 110 
1 110 
4 2458 2788 477 110 
1 110 
2 111 1722 
2 111 815 
1 111 
2 111 1292 
1 111 
2 111 2616 
1 111 
1 111 
2 111 519 
3 111 1967 1071 
1 111 
2 111 727 
2 111 1804 
2 111 2309 
1 111 
3 2404 111 2169 
1 111 
4 111 3121 906 2452 
3 111 922 796 
3 111 149 1039 
3 2404 111 1582 
2 111 2607 
1 111 
1 112 
2 112 996 
1 112 
1 112 
1 112 
4 1152 112 2373 3324 
1 112 
1 112 
2 112 3058 
1 112 
1 112 
2 112 928 
1 112 
2 112 2995 
1 112 
1 112 
2 112 611 
1 112 
2 112 1370 
2 113 2939 
2 616 113 
1 113 
1 113 
1 113 
1 113 
1 113 
1 113 
3 113 412 2084 
1 113 
3 2035 2355 113 
2 113 607 
1 113 
2 113 329 
1 113 
1 113 
1 113 
3 1880 113 3175 
2 113 2362 
2 2313 113 
1 113 
2 113 1943 
2 114 959 
1 114 
1 114 
2 114 1420 
2 3253 114 
2 114 2071 
2 2850 114 
1 114 
2 114 1967 
2 114 2024 
2 114 1308 
1 114 
1 114 
1 114 
2 1470 114 
1 115 
2 115 2925 
2 115 652 
2 115 1284 
4 709 115 2412 1646 
2 115 1501 
1 115 
2 115 547 
1 115 
1 115 
3 1230 115 1184 
2 292 115 
1 115 
2 116 2230 
2 537 116 
2 1360 116 
4 116 1309 3152 913 
2 116 2278 
3 2155 116 2086 
1 116 
1 116 
2 3115 116 
2 921 116 
3 116 2075 2862 
2 116 3101 
1 116 
4 3073 116 738 2082 
1 116 
3 116 1247 353 
2 1537 116 
3 116 1137 1586 
1 116 
2 117 1912 
2 3277 117 
2 117 162 
1 117 
2 117 2133 
3 574 1645 117 
3 3116 117 2379 
3 686 3279 117 
1 117 
3 2119 117 3066 
2 117 1873 
2 1328 117 
2 193 117 
2 117 1225 
1 117 
3 477 356 117 
1 117 
2 2883 117 
1 117 
1 117 
1 117 
1 117 
4 1133 1383 117 3045 
1 118 
1 118 
2 118 3051 
1 118 
2 118 2269 
1 118 
3 730 2158 118 
1 118 
2 118 1209 
1 118 
2 118 1730 
2 118 2277 
1 118 
1 118 
1 118 
1 118 
2 135 118 
1 119 
2 1386 119 
3 2512 119 1117 
1 119 
2 119 1787 
2 2245 119 
1 119 
2 119 1689 
3 2462 119 3175 
1 119 
1 119 
2 2334 119 
1 119 
2 2428 119 
1 119 
2 119 1028 
2 278 119 
2 2397 119 
3 128 119 1448 
2 2740 120 
2 3186 120 
1 120 
2 3348 120 
1 120 
1 120 
1 120 
1 120 
1 120 
2 3191 120 
2 120 2385 
3 1557 2934 120 
1 120 
2 3210 120 
1 120 
1 120 
2 880 120 
3 2232 121 2237 
1 121 
2 2807 121 
1 121 
2 121 594 
1 121 
3 3044 121 1466 
1 121 
2 2300 121 
2 121 1067 
2 121 1465 
1 121 
2 353 121 
3 1994 121 3379 
1 121 
2 3343 121 
2 1142 121 
1 122 
2 2883 122 
2 122 1406 
2 546 122 
1 122 
1 122 
1 122 
2 2381 122 
1 122 
2 807 122 
2 1211 122 
1 122 
1 122 
3 1251 306 122 
2 2103 122 
3 3309 1586 122 
1 122 
1 123 
1 123 
2 988 123 
1 123 
1 123 
2 3156 123 
2 3002 123 
1 123 
1 123 
2 1542 123 
1 123 
2 2695 123 
2 1116 123 
1 123 
3 2234 589 123 
3 618 356 123 
2 123 348 
1 123 
2 895 124 
1 124 
2 2215 124 
2 654 124 
3 1386 2728 124 
1 124 
3 2376 3155 124 
1 124 
1 124 
1 124 
1 124 
2 133 124 
1 124 
1 124 
1 124 
1 124 
2 3362 124 
1 124 
3 2542 3107 124 
1 124 
1 124 
2 2813 124 
2 2671 124 
1 124 
2 124 1920 
3 2004 1936 124 
2 1756 124 
2 1248 124 
2 3154 125 
2 1226 125 
1 125 
1 125 
1 125 
1 125 
1 125 
1 125 
1 125 
1 125 
1 125 
3 3384 520 125 
1 125 
1 125 
1 125 
1 125 
1 125 
2 355 125 
1 125 
3 572 867 125 
1 126 
1 126 
1 126 
3 126 689 388 
3 126 1676 1266 
2 126 1572 
3 126 963 2050 
1 126 
3 2064 126 2370 
1 126 
1 126 
1 126 
1 126 
1 126 
2 1468 126 
3 126 607 1334 
1 126 
2 350 126 
2 126 1931 
1 126 
2 126 689 
1 126 
3 126 1453 1911 
3 126 1438 1550 
3 126 3151 2777 
2 127 940 
1 127 
1 127 
1 127 
1 127 
1 127 
5 127 1039 1941 258 1951 
1 127 
1 127 
3 127 2575 2898 
2 127 808 
2 127 2987 
2 127 2157 
3 127 2474 1203 
3 658 127 693 
1 127 
1 127 
3 127 1417 409 
2 127 3325 
1 127 
2 127 2021 
2 127 1214 
3 1412 127 223 
1 128 
1 128 
2 1713 128 
1 128 
1 128 
2 128 1723 
1 128 
1 128 
1 128 
2 128 3351 
1 128 
1 128 
1 128 
2 1099 129 
1 129 
1 129 
1 129 
2 129 2727 
2 129 3318 
2 129 2995 
2 1359 129 
1 129 
2 129 1430 
2 2538 129 
2 129 2628 
1 129 
1 129 
1 129 
3 963 129 1070 
3 129 516 595 
1 129 
3 2034 130 1221 
1 130 
2 130 678 
1 130 
2 130 1848 
1 130 
1 130 
2 130 2948 
3 3360 130 3050 
2 130 2170 
1 130 
1 130 
2 351 130 
1 130 
1 130 
1 130 
4 732 130 526 1411 
2 130 1527 
1 130 
1 130 
2 130 2681 
2 130 1353 
2 130 3371 
1 130 
2 130 2238 
1 130 
1 131 
1 131 
1 131 
1 131 
1 131 
1 131 
3 1874 131 138 
2 2222 131 
2 131 1668 
1 131 
1 131 
1 131 
2 131 2027 
2 131 927 
1 131 
1 131 
2 131 997 
1 131 
4 965 3213 131 3352 
4 398 131 2576 312 
1 131 
2 131 517 
1 132 
1 132 
4 1229 1853 132 3181 
2 1414 132 
3 1412 132 1442 
1 132 
3 132 1822 544 
2 132 1965 
1 132 
2 132 677 
1 132 
2 3115 132 
1 132 
2 980 132 
2 132 324 
2 132 1919 
1 132 
2 132 160 
1 132 
2 132 890 
1 133 
1 133 
1 133 
1 133 
1 133 
2 133 3033 
1 133 
2 133 3390 
3 133 1367 777 
2 3385 133 
2 133 3015 
4 848 966 133 595 
1 133 
1 133 
3 133 889 2872 
1 133 
1 133 
1 133 
2 133 1296 
2 399 133 
2 134 2478 
1 134 
1 134 
1 134 
1 134 
2 2827 134 
3 134 1510 2928 
1 134 
2 134 3371 
1 134 
2 134 2603 
1 134 
2 1060 134 
1 134 
2 134 1162 
1 134 
2 1713 134 
2 134 1386 
1 134 
2 1103 135 
1 135 
1 135 
2 135 839 
1 135 
2 135 2449 
1 135 
1 135 
2 1669 135 
2 135 464 
2 1693 135 
1 135 
4 945 1662 135 762 
1 135 
1 135 
1 135 
1 135 
3 3092 737 135 
3 3214 135 1687 
1 135 
2 135 3286 
3 135 3376 190 
2 135 409 
2 3166 135 
1 135 
2 136 824 
1 136 
2 1341 136 
2 3387 136 
1 136 
2 136 1930 
1 136 
1 136 
3 2157 3388 136 
1 136 
1 136 
1 136 
2 2569 136 
2 2460 136 
1 136 
2 1151 136 
1 136 
1 136 
1 136 
1 136 
1 136 
2 137 3100 
2 137 1726 
3 1214 137 786 
2 2930 137 
2 2387 137 
1 137 
1 137 
3 2143 137 629 
1 137 
1 137 
1 137 
2 1520 137 
1 137 
2 2042 137 
1 137 
2 137 1770 
1 137 
1 137 
3 514 138 3068 
4 459 138 1648 3267 
1 138 
2 3316 138 
1 138 
1 138 
3 1278 1562 138 
1 138 
2 2883 138 
2 1937 138 
3 3300 217 138 
1 138 
1 138 
1 138 
2 3388 138 
1 139 
1 139 
3 2093 139 289 
4 687 279 2800 139 
2 628 139 
1 139 
2 139 1206 
1 139 
3 482 139 2528 
1 139 
2 139 1256 
1 139 
1 139 
1 140 
1 140 
1 140 
2 810 140 
2 1460 140 
2 401 140 
2 140 2215 
1 140 
1 140 
2 1195 140 
3 140 593 511 
1 140 
3 793 140 783 
1 140 
1 140 
1 140 
1 140 
1 140 
3 2772 140 484 
2 140 436 
1 140 
1 140 
2 1551 140 
1 140 
2 141 2089 
3 2406 1992 141 
1 141 
1 141 
2 2839 141 
1 141 
1 141 
2 2477 141 
2 1858 141 
1 141 
2 622 141 
1 141 
3 3390 450 141 
1 141 
3 2828 1022 141 
3 1694 244 141 
1 141 
1 141 
1 141 
2 141 1033 
1 142 
3 2676 2988 142 
2 2820 142 
2 1818 142 
2 142 2999 
1 142 
1 142 
1 142 
1 142 
2 1691 142 
1 142 
2 1245 142 
2 990 142 
2 2810 142 
1 142 
2 2080 142 
2 1896 142 
1 142 
2 2037 142 
2 3341 142 
3 1362 435 142 
2 1214 143 
2 1692 143 
1 143 
2 2287 143 
1 143 
2 1734 143 
1 143 
3 1986 199 143 
2 143 1094 
1 143 
4 613 218 3049 143 
2 1247 143 
1 143 
1 143 
1 143 
2 2319 143 
1 143 
2 942 143 
2 1429 143 
2 776 143 
1 143 
1 143 
2 3350 143 
1 143 
1 143 
2 2665 143 
2 144 226 
1 144 
1 144 
2 144 2939 
3 144 1256 1375 
1 144 
1 144 
1 144 
2 144 1594 
1 144 
4 144 2422 2762 2345 
1 144 
1 144 
1 144 
1 144 
2 144 2176 
1 144 
1 144 
1 144 
2 144 215 
1 144 
2 144 651 
1 144 
3 144 805 958 
4 144 1276 421 1810 
3 144 2538 790 
2 145 1705 
1 145 
1 145 
2 145 544 
2 145 757 
1 145 
1 145 
1 145 
2 145 1206 
1 145 
1 145 
1 145 
2 145 161 
2 145 2116 
1 145 
1 145 
4 145 635 287 1127 
1 145 
2 145 618 
1 145 
1 145 
1 145 
1 145 
1 145 
2 145 963 
2 145 1122 
3 145 2297 1197 
1 145 
1 145 
2 145 2677 
1 146 
2 146 2739 
1 146 
1 146 
2 1483 146 
2 146 2398 
1 146 
2 146 1464 
1 146 
1 146 
3 2259 146 2876 
1 146 
1 146 
1 146 
2 146 904 
2 454 146 
1 146 
1 146 
1 146 
4 2140 146 2009 2590 
2 146 1453 
1 146 
1 146 
1 147 
1 147 
2 147 1123 
2 147 3183 
1 147 
2 147 2128 
3 849 147 2084 
2 147 966 
1 147 
1 147 
1 147 
1 147 
2 148 1682 
2 148 1797 
2 148 3154 
1 148 
1 148 
1 148 
3 210 148 760 
1 148 
1 148 
1 148 
1 148 
4 148 791 648 1838 
1 148 
1 148 
1 148 
1 148 
2 149 2997 
1 149 
3 149 298 1581 
1 149 
1 149 
1 149 
3 149 1611 3132 
3 149 2540 2999 
2 2827 149 
3 149 540 939 
1 149 
1 149 
2 149 3374 
1 149 
2 149 1730 
4 149 732 2571 2253 
2 149 3391 
2 2980 149 
1 149 
3 2830 149 2987 
1 149 
1 150 
2 150 2444 
2 150 1402 
1 150 
2 150 1540 
2 3256 150 
1 150 
1 150 
1 150 
1 150 
1 150 
2 295 150 
1 150 
2 150 775 
2 150 2661 
2 3382 150 
1 150 
2 150 260 
1 150 
1 151 
1 151 
1 151 
1 151 
3 151 607 1144 
1 151 
1 151 
1 151 
1 151 
1 151 
4 1441 151 1330 1090 
1 151 
2 151 1849 
2 151 2656 
1 151 
2 151 3248 
2 151 950 
2 1437 152 
1 152 
1 152 
1 152 
2 279 152 
1 152 
1 152 
2 2410 152 
2 152 2350 
2 152 2028 
1 152 
1 152 
2 152 2857 
2 2591 152 
2 2353 152 
1 152 
3 335 152 226 
2 152 288 
3 3356 153 834 
2 153 1633 
1 153 
2 153 2248 
2 153 1026 
1 153 
1 153 
1 153 
1 153 
2 3148 153 
1 153 
2 153 2337 
1 153 
2 2754 153 
2 153 3085 
1 153 
1 154 
1 154 
2 154 2322 
1 154 
1 154 
3 3123 154 588 
1 154 
2 1188 154 
1 154 
1 154 
2 2093 154 
1 154 
1 154 
2 948 154 
3 154 3069 549 
1 154 
1 154 
1 155 
2 3173 155 
2 155 3250 
1 155 
2 155 2707 
1 155 
1 155 
1 155 
1 155 
1 155 
1 155 
1 155 
3 2736 155 3198 
2 2320 155 
2 1625 156 
2 1236 156 
2 455 156 
1 156 
1 156 
2 2474 156 
3 1841 218 156 
3 3256 2007 156 
1 156 
1 156 
2 156 1755 
2 1734 156 
1 157 
4 2317 674 157 2642 
2 2334 157 
1 157 
2 1817 157 
1 157 
1 157 
3 2234 157 1833 
2 157 3198 
2 3076 157 
4 1000 3243 157 2194 
2 377 157 
1 157 
1 157 
1 157 
1 157 
1 157 
1 157 
2 2986 157 
2 538 157 
1 157 
1 157 
1 158 
2 2094 158 
2 1005 158 
2 1579 158 
2 3367 158 
1 158 
1 158 
1 158 
3 1328 429 158 
1 158 
1 158 
2 1173 158 
2 3064 158 
2 419 158 
2 1359 158 
2 158 2528 
4 2312 176 158 267 
1 158 
4 2966 2484 158 824 
2 2462 158 
2 2443 158 
1 158 
1 158 
2 158 1919 
1 158 
1 158 
2 789 158 
1 158 
1 159 
2 3215 159 
2 159 2713 
3 323 159 631 
2 159 1635 
1 159 
1 159 
1 159 
1 159 
2 3089 159 
2 640 159 
3 2376 159 2276 
1 159 
1 159 
1 159 
3 2146 1217 159 
1 159 
3 2633 1103 159 
1 160 
3 2955 1067 160 
1 160 
2 160 2091 
3 2388 2006 160 
1 160 
1 160 
1 160 
2 320 160 
2 2396 160 
1 160 
2 160 248 
1 160 
1 160 
3 1724 1026 160 
1 160 
3 3122 160 3100 
3 561 2015 160 
1 160 
1 160 
1 160 
2 3209 160 
2 160 1899 
3 1883 1085 160 
1 161 
2 293 161 
2 161 1613 
3 1561 161 3203 
3 2400 161 1338 
1 161 
2 1016 161 
2 161 2627 
2 2708 161 
2 3165 161 
1 161 
1 161 
1 161 
2 3387 161 
1 161 
1 161 
2 687 161 
2 1986 161 
1 161 
1 161 
1 161 
2 494 161 
1 161 
2 161 265 
1 161 
1 162 
1 162 
3 1129 298 162 
1 162 
1 162 
1 162 
1 162 
1 162 
1 162 
1 162 
2 162 3329 
1 162 
2 3124 162 
1 162 
1 162 
2 751 162 
2 649 162 
3 797 162 3035 
1 162 
3 3090 789 162 
1 162 
1 162 
3 2285 1046 163 
2 221 163 
2 1602 163 
6 573 3006 2018 3109 433 163 
1 163 
1 163 
2 1441 163 
1 163 
1 163 
2 1589 163 
1 163 
1 163 
1 163 
1 163 
2 2755 163 
1 163 
1 163 
1 163 
1 163 
1 164 
2 3275 164 
1 164 
2 3273 164 
2 879 164 
2 2329 164 
1 164 
2 2335 164 
1 164 
1 164 
3 1925 638 164 
3 3380 164 1209 
1 164 
3 1483 442 164 
2 2710 164 
3 712 1511 164 
1 164 
1 164 
2 2105 164 
2 1041 164 
2 229 164 
1 164 
3 638 1663 164 
1 164 
1 164 
1 164 
1 165 
1 165 
2 2764 165 
2 2131 165 
1 165 
1 165 
3 1976 1021 165 
1 165 
1 165 
3 766 815 165 
1 165 
2 165 2436 
2 272 165 
1 165 
1 165 
2 1599 165 
2 416 165 
2 2116 165 
3 166 2757 1645 
2 166 2117 
2 166 2570 
2 166 487 
1 166 
1 166 
1 166 
1 166 
3 166 2245 1773 
5 166 1557 1923 479 2547 
2 166 786 
1 166 
1 166 
2 166 3241 
3 166 2140 2086 
1 166 
2 166 785 
2 166 800 
1 166 
1 167 
1 167 
1 167 
1 167 
2 167 1236 
2 531 167 
2 167 2845 
2 167 1851 
2 167 2419 
2 167 1195 
3 167 314 422 
1 167 
1 167 
3 167 2390 1837 
2 167 1223 
2 167 2869 
2 167 2561 
3 167 1940 2627 
1 167 
1 167 
1 167 
3 3055 168 1411 
1 168 
1 168 
1 168 
2 168 2591 
1 168 
2 168 2472 
1 168 
1 168 
1 168 
2 168 882 
2 3140 168 
2 168 1066 
1 168 
2 168 278 
3 168 2679 2605 
1 168 
1 168 
2 168 2992 
1 168 
2 168 2711 
2 229 168 
1 168 
2 168 2417 
2 169 3283 
2 169 1477 
2 169 3016 
2 615 169 
2 169 2495 
2 169 2660 
1 169 
5 2172 2718 169 3219 2059 
3 169 2723 2768 
1 169 
4 334 169 2658 2818 
3 169 1365 2996 
1 169 
1 169 
1 169 
1 169 
1 169 
2 169 1588 
2 602 169 
2 169 261 
1 169 
