29 2 3 4 5 6 7 8 9 10 11 12 13 14 15 16 17 18 19 20 21 22 23 24 25 26 27 28 29 30 
23 31 32 33 34 35 36 37 38 39 40 41 42 43 44 45 46 47 48 49 50 51 52 1 
22 53 54 55 56 57 58 59 60 61 62 63 64 65 66 67 68 69 70 1 71 72 73 
17 74 75 76 77 78 79 80 81 82 83 84 85 86 87 1 88 89 
24 90 91 92 93 94 95 96 97 98 99 100 101 102 103 104 105 106 107 108 1 109 110 111 112 
23 113 114 115 116 117 118 119 120 121 122 123 124 125 126 127 128 129 1 130 131 132 133 134 
19 135 136 137 138 139 140 141 142 143 144 145 146 147 148 149 150 1 151 152 
17 153 154 155 156 157 158 159 160 161 162 163 164 1 165 166 167 168 
16 169 170 171 172 173 174 175 176 177 178 179 180 181 1 182 183 
24 184 185 186 187 188 189 190 191 192 193 194 195 196 197 198 199 1 200 201 202 203 204 205 206 
19 207 208 209 210 211 212 213 214 215 216 217 218 219 220 221 222 223 1 224 
22 225 226 227 228 229 230 231 232 233 234 235 236 237 238 239 240 241 242 1 243 244 245 
18 246 247 248 249 250 251 252 253 254 255 256 257 258 259 260 261 1 262 
23 263 264 265 266 267 268 269 270 271 272 273 274 275 276 277 278 1 279 280 281 282 283 284 
16 285 286 287 288 289 290 291 292 293 294 295 296 1 297 298 299 
24 300 301 302 303 304 305 306 307 308 309 310 311 312 313 314 315 316 317 318 319 1 320 321 322 
23 323 324 325 326 327 328 329 330 331 332 333 334 335 336 337 338 339 340 341 1 342 343 344 
17 345 346 347 348 349 350 351 352 353 354 355 356 357 358 359 1 360 
20 361 362 363 364 365 366 367 368 369 370 371 372 373 374 375 376 377 378 1 379 
21 380 381 382 383 384 385 386 387 388 389 390 391 392 393 394 395 396 1 397 398 399 
24 400 401 402 403 404 405 406 407 408 409 410 411 412 413 414 415 416 417 418 1 419 420 421 422 
26 423 424 425 426 427 428 429 430 431 432 433 434 435 436 437 438 439 440 441 1 442 443 444 445 446 447 
20 448 449 450 451 452 453 454 455 456 457 458 459 460 461 462 463 1 464 465 466 
22 467 468 469 470 471 472 473 474 475 476 477 478 479 480 481 482 483 484 1 485 486 487 
19 488 489 490 491 492 493 494 495 496 497 498 499 500 501 502 1 503 504 505 
29 506 507 508 509 510 511 512 513 514 515 516 517 518 519 520 521 522 523 524 525 526 527 528 529 530 1 531 532 533 
21 534 535 536 537 538 539 540 541 542 543 544 545 546 547 548 549 550 1 551 552 553 
18 554 555 556 557 558 559 560 561 562 563 564 565 566 567 568 569 570 1 
19 571 572 573 574 575 576 577 578 579 580 581 582 583 584 585 1 586 587 588 
25 589 590 591 592 593 594 595 596 597 598 599 600 601 602 603 604 605 606 607 608 609 610 1 611 612 
17 2 613 614 615 616 617 618 619 620 621 178 622 623 624 625 626 627 
16 2 628 629 630 631 632 633 634 635 636 637 638 639 640 641 642 
27 2 643 644 645 646 647 648 649 650 651 652 653 654 655 656 657 658 659 660 661 662 663 664 665 666 667 668 
19 2 669 670 671 672 673 674 675 676 677 678 679 680 681 682 683 684 685 686 
14 2 687 688 689 690 691 692 693 694 695 696 697 698 699 
16 2 700 701 702 703 704 705 706 707 708 709 710 711 712 713 714 
17 2 715 716 717 718 719 720 311 721 722 723 724 725 726 727 728 729 
19 2 730 731 732 733 734 735 736 737 738 739 740 741 742 743 744 745 746 747 
25 748 2 749 750 751 752 753 754 755 756 757 758 759 760 761 762 763 764 765 766 767 768 769 770 771 
19 772 2 773 774 775 776 777 778 779 780 781 782 783 784 785 786 787 788 789 
17 2 790 718 791 792 793 794 795 796 797 798 799 800 801 802 803 804 
24 2 805 806 807 808 809 810 811 812 813 814 815 816 817 818 819 820 821 822 823 824 825 826 827 
16 828 2 829 830 831 832 833 834 835 836 837 838 839 840 841 842 
21 2 843 844 845 846 847 848 849 850 851 852 853 854 855 856 857 858 859 860 861 862 
21 2 863 864 865 866 867 868 869 870 871 872 873 874 875 876 877 878 879 880 152 881 
17 2 882 883 884 885 886 887 888 889 890 891 892 893 894 895 896 897 
19 898 2 899 900 901 902 903 904 905 906 907 908 909 910 911 912 913 914 915 
12 916 2 917 918 919 920 921 922 923 924 925 926 
22 2 226 927 928 929 930 931 932 933 934 935 936 937 938 939 940 941 942 943 944 945 946 
21 2 947 948 949 950 951 952 953 954 955 956 957 958 959 960 961 962 963 964 965 966 
30 2 967 968 969 970 971 972 973 974 975 976 977 978 979 980 981 982 983 984 985 986 987 988 989 990 991 992 993 994 995 
20 2 996 997 998 999 1000 1001 1002 1003 1004 1005 1006 1007 1008 1009 1010 1011 1012 1013 1014 
20 3 1015 1016 1017 1018 1019 1020 1021 1022 1023 1024 1025 1026 1027 1028 1029 1030 1031 1032 1033 
19 1034 3 1035 1036 1037 1038 1039 1040 1041 1042 1043 1044 1045 1046 1047 1048 1049 1050 1051 
17 3 1052 1053 1054 1055 1056 1057 1058 1059 1060 1061 1062 1063 1064 1065 1066 1067 
22 1068 3 1069 1070 1071 1072 1073 1074 1075 311 1076 1077 1078 1079 1080 1081 1082 1083 1084 1085 1086 1087 
26 3 1088 1089 1090 1091 1092 1093 1094 1095 1096 1097 1098 1099 1100 1101 1102 1103 1104 1105 1106 1107 1108 1109 1110 1111 1112 
26 1113 3 1114 1115 1116 1117 1118 1119 1120 1121 1122 1123 1124 1125 1126 1127 1128 1129 1130 1131 1132 1133 149 1134 1135 1136 
27 3 1137 1138 1139 1140 1141 1142 1143 1144 1145 1146 1147 1148 1149 1150 1151 1152 1153 1154 1155 1156 1157 1158 1159 1160 1161 1162 
16 1163 3 1164 1165 1166 1167 1168 1169 1170 1171 1172 1173 1174 1175 1176 1177 
28 1178 865 3 1179 1180 1181 1182 1183 1184 1185 1186 1187 1188 1189 1190 1191 1192 1193 1194 1195 1196 1197 1198 1199 1200 1201 1202 1203 
22 1204 1205 3 1206 1207 1208 1209 1210 1211 1212 1213 1214 1215 1216 1217 1218 1219 1220 1221 1222 1223 1224 
23 3 1225 1226 1227 1228 1229 1230 1231 1232 1233 1234 1235 1236 1237 1238 496 1239 1240 1241 1242 1243 1244 1245 
13 3 1246 1247 1248 1249 1250 1251 1252 1253 1254 1255 1256 1257 
24 3 1258 1259 1260 1261 1262 1263 1264 1265 1266 1267 1268 1269 1270 1271 1272 1273 1274 1275 1276 1277 1278 1279 1280 
13 3 1281 1282 1283 1284 1285 1286 1287 1288 1289 1290 1291 1292 
23 1293 1294 3 1295 1296 1297 1298 1299 1300 1301 1302 1303 1304 1305 1306 1307 1308 1309 1310 1311 1312 1313 1314 
27 1315 3 1316 1317 1318 1319 1320 1321 1322 1323 1324 1325 1326 1327 1328 1329 1330 1331 1332 1333 1334 1335 1336 1337 1338 1339 1340 
15 3 1341 1342 1343 1344 1345 1346 1347 1348 1349 1350 1351 1352 1353 1354 
24 1355 1356 1357 3 1358 1359 1360 1361 1362 1363 1364 1365 1366 1367 1368 1369 1370 1240 1371 1372 1373 1374 1375 1376 
24 1377 1378 3 1379 1380 1381 1382 1383 1384 1385 1386 1387 1388 1325 1389 1390 1391 1392 1393 1394 1395 1396 1397 1398 
21 3 1399 1400 1401 1402 1403 1404 1405 1406 1407 1408 1409 1410 1411 1412 1413 1414 1415 1416 1417 1418 
21 1419 3 1420 1421 1422 1423 1424 1425 1426 1427 1428 1429 1430 1431 1432 1433 1434 1435 1436 1437 1438 
27 1439 1440 4 1441 1442 1443 1444 1445 1446 1447 1448 1449 1450 1451 1452 1453 1454 1455 1456 1457 1458 1459 1460 1461 1462 1463 1464 
23 1465 4 1466 1467 1468 1469 1470 1471 1472 1473 1474 1475 1476 1477 1478 1479 1480 1481 1482 1483 1484 1485 1486 
20 1487 4 1488 1489 1490 1491 1492 1493 1494 1495 1496 1497 1498 1499 1500 1501 1502 1503 1504 1505 
19 1506 1507 4 1508 1509 1510 1511 1512 231 1513 1514 1515 1516 1517 1518 1519 1520 1521 1522 
17 1523 4 1524 1525 1526 1527 1528 1529 1530 1531 1498 1532 1533 1534 1535 1536 1537 
17 1538 4 1539 1540 1541 1542 1543 1544 1545 1546 1547 1548 1549 1550 1551 1552 1553 
25 1554 4 1555 1556 1038 1557 1558 1559 1560 1561 1562 1563 1564 1565 1566 1567 1568 1569 1570 1571 1572 1573 1574 1575 1576 
26 1577 1578 1579 4 1580 1581 1582 1583 1584 1585 1586 1587 1588 1589 1590 1591 1592 1593 1594 1595 1596 1597 1598 1599 1600 1601 
23 1602 1603 1604 4 1605 1606 1607 1608 1609 1610 1611 1612 1613 1614 1615 438 1616 1617 1618 1619 1620 1621 1622 
13 4 1623 1624 1625 1626 1627 1628 1629 1630 1631 1632 1633 1634 
15 1635 4 1636 1637 1638 1639 1640 1641 1642 1643 1644 1645 1646 1647 1648 
15 4 1649 1650 1651 1652 1653 1654 1655 1656 1657 1658 1659 1660 1661 1662 
23 1663 4 1664 1665 1666 1667 1668 1669 1670 1671 1672 1673 1674 1675 1676 1677 1678 1679 1680 1681 1682 1683 1684 
18 1685 1686 1687 4 1688 1689 1690 1691 1692 1693 1694 1695 1696 1697 1698 1699 1700 1701 
22 1702 4 1703 1704 1705 1706 1707 1708 1709 1710 1711 1712 1713 1714 1715 1716 1717 1718 1719 1720 1721 1722 
30 1723 1724 1725 4 1726 1727 1728 1729 1730 1731 1732 1733 1734 1735 1736 1737 1738 1739 1740 1741 1742 1743 1744 1745 1746 1747 1748 1749 1750 926 
17 5 1751 1752 1753 1754 1755 1756 1757 1758 1759 1760 1761 1762 1763 1764 1765 1766 
20 1767 1768 1769 5 1770 1771 1772 1773 1774 1775 1776 1777 1778 1779 279 1780 1781 1782 1783 1784 
20 1785 1786 1787 5 1788 1789 1790 1791 1792 1793 1794 1795 1796 1797 1798 1799 1800 1801 1802 1803 
20 1804 1805 5 1806 1807 1808 1809 1810 268 1811 1812 1813 1814 1815 1816 1817 1818 1819 1820 1821 
20 1822 1823 1824 5 1825 1826 1827 1828 1829 1830 1831 1832 1833 1834 1835 1836 1412 1837 1838 1839 
13 1840 5 1841 1842 1843 1844 1845 1846 1847 1848 1849 1850 1851 
22 1852 1853 1854 1855 1856 5 1857 1858 1859 1860 1861 1266 1862 1863 1864 1865 1866 1867 1868 1869 1870 1871 
15 1872 1873 5 1874 1875 1876 1877 1878 1879 1880 1881 1882 1883 1884 1885 
17 5 1886 1887 1888 1889 1890 1891 1057 1892 1893 1894 1895 1896 1897 1898 1899 1900 
24 1901 1902 5 1903 1904 1905 1906 1907 1908 1909 1910 1911 1912 1913 1914 1915 1916 1917 1918 1919 1920 1921 1922 1923 
30 1924 1925 1926 1927 1928 5 1929 1930 1931 1932 1933 1934 1935 1936 1937 1938 1939 1940 1941 1942 1943 1944 1945 1946 1947 1948 1949 1950 1951 1952 
16 1953 1954 5 1955 1826 1956 1957 1958 1959 1960 1961 1962 1963 1964 1965 1966 
15 1967 1968 1969 5 1970 1971 1972 1973 1974 1975 1976 1977 1978 1979 1980 
16 1981 1982 1983 731 5 1984 1985 1986 1987 1988 1989 1990 1991 1992 1993 1994 
15 1995 5 1996 1997 1998 1999 2000 2001 2002 2003 2004 2005 2006 2007 2008 
20 2009 2010 2011 5 2012 2013 2014 2015 2016 2017 2018 2019 2020 2021 2022 2023 2024 2025 2026 2027 
22 2028 2029 5 2030 2031 2032 2033 2034 2035 2036 2037 2038 2039 2040 2041 2042 2043 2044 2045 2046 2047 2048 
16 2049 2050 5 2051 2052 2053 2054 2055 2056 2057 2058 2059 2060 2061 2062 2063 
27 2064 2065 2066 2067 2068 2069 2070 2071 5 2072 2073 2074 2075 2076 2077 2078 2079 2080 2081 2082 2083 2084 2085 2086 2087 2088 2089 
22 2090 5 2091 2092 2093 2094 2095 2096 2097 2098 2099 2100 2101 2102 2103 2104 2105 2106 2107 2108 465 2109 
22 2110 2111 2112 5 2113 2114 2115 2116 2117 2118 2119 2120 2121 2122 2123 2124 2125 2126 2127 2128 2129 2130 
24 2131 2132 2133 2134 5 2135 2051 2136 2137 2138 2139 2140 2141 2142 2143 2144 813 2145 2146 2147 2148 2149 2150 296 
14 2151 5 2152 2153 2154 2155 1586 2156 2157 2158 2159 2160 2161 2162 
13 2163 2164 6 2165 2166 2167 2168 2169 2170 2171 2172 2173 2174 
28 2175 6 2176 2177 2178 2179 2180 2181 2182 2183 2184 2185 2186 2187 2188 2189 2190 2191 2192 2193 2194 2195 2196 2197 2198 2199 2200 2201 
26 2202 2203 2204 2205 2206 2207 2208 6 2209 2210 2211 2212 2213 2214 2215 2216 2217 2218 2219 2220 2221 2222 2223 2224 166 2225 
19 2226 2227 2228 2229 6 2230 2231 2232 2233 2234 2235 2236 2237 2238 2239 2240 2241 2242 2243 
29 2244 2245 2246 2247 2248 6 2249 2250 2251 2252 2253 2254 2255 2256 2257 2258 2259 2260 2261 2262 2263 2264 2265 2266 2267 2268 2269 320 2270 
25 613 2271 2272 6 2273 2274 1382 2275 2276 2277 2278 2279 2280 2281 2282 2283 2284 2285 2286 2287 2288 2289 2290 2291 2292 
19 2293 2294 6 2295 2296 2297 2298 2299 2300 2301 2302 2303 2304 2305 2306 2307 2308 2309 2310 
22 6 2311 2312 2313 2314 1494 2315 2316 2317 2318 2319 2320 760 2321 2322 2323 2324 2325 2326 2327 2328 2329 
28 2330 2331 2332 2333 6 2334 2335 2336 2337 2338 2339 2340 2341 2342 2343 2344 2172 2345 2346 2347 2348 2349 2350 2351 2352 2353 2354 2355 
15 2356 2357 2358 6 2359 2360 2361 2362 2363 2364 2365 2366 2367 2368 2369 
27 2370 2371 2372 6 2373 2374 2375 2376 2377 2378 2379 2380 2381 2382 2383 2384 2385 2386 2387 2388 2389 2390 2391 2392 2393 2394 2395 
20 2396 2397 6 2398 2399 2400 2401 2402 2403 2404 2405 2406 2407 2408 2409 2410 2411 2412 2413 2414 
24 2415 2416 2417 2418 2419 6 2420 2421 2422 2423 2424 2425 2426 2427 2428 2429 2430 2431 2432 2433 2434 2435 2436 2437 
13 2438 2439 6 2440 2441 2442 2443 2444 2445 2446 2447 2448 2449 
20 2450 2451 2452 6 2453 2454 2455 2456 2457 2458 2459 2460 2461 1386 2462 1456 2463 2464 2465 2466 
17 2467 2468 2469 6 2470 2471 2472 2473 2474 2475 2476 2477 2478 2479 2480 2481 2482 
27 2483 2484 2485 2486 2487 2488 6 2489 2490 2491 1207 2492 2493 2494 2495 2496 2497 2498 2499 2500 2501 2502 2503 2504 2505 2506 2507 
14 2508 6 2509 2510 2511 2512 2513 2514 2515 2158 2516 2517 2518 2519 
14 2520 2521 6 2522 2523 2524 2525 2526 2527 2528 2529 2530 2531 686 
19 2532 6 2533 2534 2535 2536 2537 2538 2539 2540 2541 2542 2543 2544 2545 2546 2547 2548 2549 
22 2550 2551 2552 2553 6 2554 2555 2556 2557 2558 2559 2560 2561 2562 2563 2564 2565 2566 2567 2568 2569 2570 
18 2571 2572 2573 2574 2575 2576 6 2577 2578 2579 2580 2581 239 2582 2583 2584 2585 2586 
28 2587 2588 2589 2590 2591 2592 2593 7 2594 2595 1559 2596 2597 2598 2599 2600 2601 2602 2603 2604 2605 2606 2607 2608 2609 2610 2611 2612 
14 2613 2614 7 2615 2616 2617 2618 2619 2620 1408 2621 2622 2623 2624 
28 2625 2626 2627 2628 2629 2630 2631 2632 7 2633 2634 2635 2636 2637 2638 2639 2640 2641 2642 2643 2644 2645 1715 2646 2647 2648 2649 2650 
22 2651 2652 2653 2654 7 2655 2656 2657 2658 2659 2660 2661 2662 2663 2664 2665 2666 2667 2668 2669 2670 2671 
28 2672 2673 2674 2675 7 2676 2677 2678 2679 2680 2681 2682 2683 2684 2685 2686 2687 2688 2689 2690 2691 2692 2693 2694 2695 2696 2697 2698 
20 2699 2700 2701 2702 7 2703 2704 2705 2706 2707 2708 2709 2710 2711 2712 2713 2714 2715 2716 2717 
29 2718 2719 2720 2721 2722 7 2723 2724 2725 2726 2727 2728 2729 2730 2731 2732 2733 2734 2735 2736 2737 2738 1591 2739 2740 2741 2742 2743 2744 
15 2745 2746 7 2747 2748 2749 2750 2751 2752 2753 2754 2755 2756 2757 2758 
19 2759 2760 2761 2762 2763 2764 7 2765 2766 2767 2768 2769 2770 2771 2772 2773 2774 2775 2776 
21 2777 2778 2779 2780 2781 7 2782 2783 2784 2785 2786 2787 2788 2789 2790 2791 2792 2793 2794 2795 2796 
26 2797 2798 2799 2800 2801 2802 2803 2804 2805 2806 2807 7 2808 2809 2810 2811 2812 2813 2814 2815 2816 2817 2818 2819 2820 2821 
19 2822 2823 2824 2825 2826 2827 7 2828 2829 2830 2831 2832 2833 2834 2835 2836 2837 2838 2839 
22 2840 2841 2842 2843 2844 2845 2846 2847 2848 7 2849 2850 2851 2852 2853 2854 2855 2856 2857 2858 2859 2860 
19 2861 2862 2863 2864 7 2865 160 2866 2867 2868 2869 2870 2871 2872 2873 2874 2875 2876 2877 
30 2878 2879 2880 2881 382 2882 2883 7 2884 2885 2886 2887 58 2888 2889 2890 2891 2892 2893 2894 2895 2896 2897 2898 2899 2900 2901 2902 2903 2904 
23 2905 2906 2907 2908 7 2909 2910 2911 2912 2913 2914 2915 2916 2917 2918 2919 2920 2921 2922 2923 2924 2925 2926 
17 2927 2928 2929 7 2930 2931 2932 2933 2934 2935 2936 2937 2938 2939 2940 2941 2942 
16 2943 7 2944 2945 2946 2947 2948 2949 2950 45 2951 2952 2953 2954 2955 2956 
17 2957 2958 2959 2960 2961 2962 8 2963 2964 2965 2966 2967 2968 2969 2970 2971 2972 
17 2973 2974 2975 2976 2977 2978 8 2979 2980 2981 2982 2983 2984 2985 2986 2987 2988 
23 2989 2990 2991 2992 2993 8 2994 2995 2996 2997 2998 2999 3000 3001 3002 3003 3004 3005 3006 3007 3008 3009 3010 
22 3011 3012 3013 3014 8 3015 3016 3017 3018 3019 3020 3021 3022 3023 3024 3025 3026 3027 3028 3029 3030 3031 
19 3032 3033 3034 3035 3036 3037 3038 3039 8 3040 3041 3042 3043 3044 3045 3046 3047 3048 3049 
23 3050 3051 3052 3053 3054 3055 8 3056 3057 3058 3059 3060 3061 3062 3063 3064 3065 3066 3067 3068 3069 3070 3071 
18 3072 3073 3074 3075 8 3076 3077 3078 3079 3080 3081 3082 3083 3084 3085 3086 3087 3088 
16 3089 3090 3091 3092 3093 8 3094 3095 3096 3097 148 3098 3099 3100 3101 3102 
24 3103 3104 3105 3106 3107 3108 3109 8 3110 3111 3112 3113 3114 3115 3116 3117 3118 3119 3120 3121 3122 3123 1279 3124 
14 3125 3126 3127 8 3128 3129 3130 1307 3131 3132 3133 3134 3135 3136 
15 3137 3138 3139 3140 3141 3142 3143 8 3144 3145 3146 3147 3148 3149 3150 
27 3151 3152 3153 2032 3154 3155 3156 3157 8 3158 3159 3160 3161 3162 3163 193 3164 3165 3166 3167 3168 3169 3170 3171 3172 3173 3174 
18 3175 3176 3177 3178 3179 3180 3181 8 3182 3183 3184 3185 3186 3187 3188 3189 3190 3191 
24 115 3192 8 3193 3194 3195 3196 3197 3198 3199 3200 3201 3202 3203 1713 3204 3205 3206 3207 505 3208 3209 3210 3211 
16 3212 3213 3214 8 3215 3216 3217 3218 3219 3220 3221 3222 3223 3224 3225 3226 
25 3227 3228 3229 3230 3231 8 3232 3233 3234 3235 3236 3237 3238 3239 3240 3241 3242 3243 3244 3245 3246 3247 3248 3249 3250 
21 3251 3252 3253 3254 3255 3256 3257 3258 9 3259 3260 3261 3262 3263 3264 3265 3266 3267 3268 3269 3270 
23 3271 3272 3273 3274 3275 3276 3277 3278 3279 3280 9 3281 3282 3283 3284 3285 3286 3287 3288 3289 3290 3291 3292 
23 3293 3294 3295 3296 3297 3298 3299 3300 3301 9 3302 3303 3304 3305 3306 3307 3308 3309 3310 3311 3312 3313 3314 
22 3315 3316 3317 3318 3319 3320 9 3321 3322 3323 3324 3325 3326 3327 3328 3329 3330 1516 3331 3332 3333 3334 
22 3335 3336 3337 3338 3339 3340 3341 3342 3343 9 3344 3345 3346 3347 3348 3349 2738 3350 3351 3352 3353 3354 
20 3355 3356 3357 3358 3359 3360 3361 347 9 3362 3363 3364 3365 3366 3367 3368 3369 3370 3371 3372 
21 3373 3374 3375 3376 3377 9 3378 3379 3380 3381 3382 3383 3384 3385 3386 3387 3388 3389 3390 3391 3392 
13 3393 3394 3395 9 3396 3397 3398 3399 3400 3401 1479 3402 3403 
23 3404 3405 3406 3407 3408 3409 3410 3411 3412 9 3413 3414 3415 3416 3417 3418 3419 3420 3421 3422 3423 729 3424 
21 31 3425 3426 3427 3428 3429 3430 3431 3432 9 3433 3434 3435 3436 3437 3438 3439 3440 3441 3442 3443 
23 3444 3445 3446 3447 9 3448 3449 3450 3451 3452 3453 3454 3455 3456 3457 3458 3459 3460 3461 3462 3463 3464 3465 
26 3466 3467 3468 3469 3470 3471 9 3472 3473 3474 3475 3476 3477 3478 3479 3480 3481 3482 3483 3484 3485 3486 3487 3488 3489 3490 
25 2587 3491 3492 3493 3494 3495 3496 3497 9 3498 3499 3500 3501 3502 3503 765 3504 3505 3506 3507 3508 3509 3510 3511 3512 
11 3513 3514 9 3515 3516 3517 3518 3519 3520 3521 3522 
28 3523 3524 3525 3526 3527 3528 3529 3530 9 3531 3532 3533 3534 3535 3536 3537 3538 3539 3540 3541 3542 3543 3544 3545 3546 3547 3548 3549 
20 3550 3551 3552 3553 3554 3555 10 3556 3557 3558 3559 3560 3561 3562 3563 3564 3565 3566 3567 3568 
13 3569 3570 3571 3572 3573 10 3574 3575 3576 3577 3578 3579 3580 
22 3581 3582 3583 3584 3585 10 3586 3587 3588 3589 3590 1862 3591 3592 3593 3594 3595 3596 3597 3598 3599 3600 
16 3601 3602 3603 10 3604 3605 3606 3607 3608 3609 3610 3611 3612 3613 3614 3615 
25 381 3616 3617 3618 3619 3620 3621 10 3622 3623 3624 3625 3626 3627 3628 3629 3630 3631 3632 3633 3634 3635 3636 3637 3638 
24 3639 3640 3641 3642 3643 3644 10 3645 3646 3647 3648 3649 3650 3651 3652 2692 3653 3654 3655 3656 3657 3658 3659 3660 
25 3661 3662 2029 3663 3664 3665 3666 3667 3668 3669 3670 10 3671 3672 3673 3674 3675 3676 3677 3678 3679 3680 3681 3682 3683 
16 3684 3685 3686 3687 10 3688 3689 3690 3691 3692 3693 3694 3695 3696 3697 3698 
18 3699 3700 3701 3702 10 3703 3704 3705 3706 3707 3708 3709 3710 3711 3712 3638 3713 3714 
22 3715 3716 3717 3718 3719 3720 3721 10 3722 3723 3724 3725 3726 3727 164 3728 3729 3730 785 3731 3732 3733 
19 3734 3735 3736 3737 3738 3739 10 3740 3741 3742 3743 3744 3745 3746 3747 3748 3749 3750 3751 
23 3752 3753 3754 3755 3756 3757 3758 10 3759 3760 3761 3762 3763 3764 3765 3766 3767 3768 3769 3770 3771 3772 3773 
20 754 3774 3775 3776 3777 3778 10 3779 3780 3781 3782 3783 3784 3785 258 3786 3787 3788 3789 3790 
15 3791 3792 3793 3794 2166 10 3795 3796 3797 3798 3799 3800 3801 3802 3803 
21 3804 3805 1853 3806 3807 3808 3809 3810 3811 10 3812 3813 3814 3815 3816 3817 3710 3818 2004 3819 3820 
27 3821 3822 3823 3824 3825 3826 3827 3828 3829 10 3830 3831 3832 3833 3834 3835 3836 3837 3838 3839 3840 2156 3841 3842 3843 3844 3845 
18 3846 3847 3848 3849 3850 3851 3852 3853 3829 953 10 3854 3855 3856 3857 3858 3859 3860 
20 3861 3862 3863 3864 3865 3866 3867 3868 10 3869 2997 3870 3871 3872 3873 3874 3875 3876 3877 3878 
23 3879 3880 3881 3882 3883 3884 3885 10 3886 3887 3888 3889 3890 3891 3892 3893 3894 3895 3896 3897 3898 3899 3900 
29 3901 3902 3903 3904 3905 3906 3907 3908 3909 3910 3911 3912 10 3913 3914 3915 3916 3917 3918 3919 3920 3921 3922 3923 3924 3925 3926 3927 3928 
24 3929 3930 3931 3932 3933 3934 3935 10 3936 3937 3938 3939 3940 3941 3689 3942 3943 3944 3945 3946 3947 3948 3949 3950 
25 3951 3952 3953 3954 3955 3956 10 3957 3958 3959 3960 3961 2304 3962 3963 3964 3965 3966 3967 3968 3969 3970 3971 3972 880 
21 3973 1442 3974 3975 3976 3977 3978 3979 10 3980 3981 3982 3983 3984 3985 3986 3987 3988 3989 3990 3991 
26 3992 3993 1605 3994 3995 3996 3997 3998 3999 4000 11 4001 4002 4003 4004 4005 4006 4007 4008 4009 4010 4011 4012 4013 4014 4015 
23 4016 4017 4018 4019 4020 4021 4022 4023 4024 11 4025 4026 4027 4028 4029 4030 4031 4032 4033 4034 4035 4036 1414 
20 717 4037 4038 4039 4040 4041 4042 11 4043 4044 4045 4046 4047 4048 4049 4050 4051 4052 4053 4054 
24 4055 4056 2762 4057 4058 4059 4060 11 4061 4062 4063 4064 4065 4066 4067 4068 4069 4070 4071 4072 4073 4074 4075 4076 
18 4077 4078 4079 4080 4081 11 4082 4083 2235 4084 4085 4086 4087 4088 4089 4090 4091 4092 
20 4093 4094 4095 4096 4097 4098 4099 4100 11 4101 4102 4103 4104 4105 4106 4107 4108 4109 4110 4111 
21 4112 4113 4114 4115 4116 4117 11 4118 4119 4120 4121 4122 3539 4123 4124 4125 4126 4127 4128 4129 4130 
21 4131 4132 4133 4134 4135 4136 11 4137 4138 4139 4140 4141 4142 4143 4144 4145 4146 4147 4148 4149 4150 
14 4151 4152 4153 4154 4155 11 4156 4157 4158 4159 4160 4161 4162 4163 
21 4164 4165 4166 4167 4168 4169 11 4170 4171 4172 4173 4174 4175 4176 4177 4178 4179 4180 4181 4182 4183 
13 249 4184 11 4185 4186 4187 4188 4189 4190 4191 3875 4192 4193 
21 4194 4195 4196 4197 4198 4199 11 4200 4201 4202 4203 2935 4204 4205 4206 4207 4208 2517 4209 4210 4211 
22 4212 4213 4214 4215 4216 11 4217 4218 4219 4220 2361 4221 4222 4223 4224 4225 4226 4227 4111 4228 4229 4230 
17 4231 4232 4233 4234 4235 11 4236 4237 4238 4239 4240 4241 4242 4243 4244 4245 4246 
21 4247 4248 4249 4250 4251 4252 11 4253 4254 4255 4256 4257 4258 3654 4259 4260 4261 4262 4263 4264 2292 
25 4265 4266 4267 4268 4269 4270 4271 4272 4273 11 1021 4274 4275 4276 4277 4278 4279 4280 4281 4282 4283 4284 4285 4286 4287 
23 4288 4289 4290 4291 11 4292 4293 4294 4295 4296 4297 4298 4299 4300 4301 4302 4303 4304 4305 4306 4307 4308 4309 
24 4310 4311 4312 2673 4313 4314 4315 11 4316 4317 4318 4319 4320 4321 4322 4323 4324 4325 4326 4327 4328 4329 4330 4331 
12 4332 4333 4334 4335 12 4336 4337 2896 4338 4339 4340 4341 
25 4342 4343 4344 4345 4346 4347 4348 4349 4350 12 4351 4352 4353 4354 4355 3762 4356 49 4357 4358 4359 4360 4361 4362 4363 
18 4364 4365 4366 4367 4368 4369 4370 4371 12 4372 4373 4374 4375 4376 4377 4378 4379 4380 
17 4381 4382 4383 4384 12 4385 4386 4387 4388 4389 4390 4391 4392 4393 4394 4395 4396 
19 4397 4398 4399 4400 4401 4402 4403 4404 4405 12 4406 4407 4408 4409 4410 4411 4412 4413 4414 
20 4415 4416 4417 4418 4419 4420 4421 4422 4423 4424 4425 12 4426 4427 4428 4429 4430 4431 4432 4433 
21 4434 4435 4436 4437 77 4438 4439 4440 4441 4442 12 4443 4444 4445 4446 4447 4448 4449 4450 4451 4452 
24 4453 4454 4455 4456 1143 4457 4458 4459 4460 4461 4462 4463 4464 2728 12 4465 4466 4467 4468 4469 4470 4471 4472 4473 
16 4474 4475 4476 4477 4478 12 4479 4480 4481 4482 4483 4484 4485 4486 4487 4488 
13 4489 4490 4491 4492 4493 4494 4495 12 4496 4497 4498 4499 4500 
2 3846 12 
2 12 3782 
1 12 
1 12 
2 12 134 
1 12 
1 12 
3 701 4102 12 
3 2245 4249 12 
2 12 502 
3 12 2404 2666 
1 13 
3 2231 13 2570 
1 13 
2 13 217 
1 13 
1 13 
2 13 2023 
2 13 485 
2 13 482 
2 13 1569 
3 13 2982 2391 
1 13 
3 13 568 196 
2 13 3486 
1 13 
1 13 
2 13 3111 
3 14 1921 1292 
1 14 
2 14 4260 
1 14 
2 14 1339 
3 93 3094 14 
1 14 
1 14 
1 14 
1 14 
2 3666 14 
2 14 544 
2 14 415 
1 14 
1 14 
2 14 4324 
2 91 14 
1 14 
4 2377 14 4431 4451 
3 3734 14 4141 
1 14 
1 14 
1 15 
3 1999 15 804 
1 15 
2 3831 15 
5 3339 3885 15 3418 3521 
1 15 
1 15 
4 1934 15 3191 502 
1 15 
2 15 3308 
1 15 
2 15 111 
2 15 3019 
1 15 
2 3345 15 
2 16 1102 
1 16 
1 16 
1 16 
2 644 16 
1 16 
1 16 
1 16 
4 2296 1652 16 2717 
3 1091 16 2647 
2 2119 16 
4 56 37 1652 16 
1 16 
1 16 
1 16 
2 325 16 
2 16 4452 
1 16 
1 16 
2 615 16 
2 117 16 
2 1983 16 
3 4195 4291 16 
4 17 2897 503 1051 
2 17 4010 
2 17 315 
1 17 
3 17 3287 547 
1 17 
1 17 
1 17 
1 17 
1 17 
1 17 
1 17 
1 17 
1 17 
1 17 
2 2140 17 
2 1182 17 
1 17 
4 3467 17 1064 486 
1 17 
3 724 17 2517 
1 17 
1 18 
1 18 
3 174 18 2147 
1 18 
2 18 2289 
4 3849 18 2024 3102 
2 18 2984 
3 1356 2141 18 
2 4421 18 
3 1261 18 1919 
1 18 
2 18 2645 
1 18 
3 3905 4426 18 
2 2628 18 
1 18 
3 3469 19 3384 
1 19 
2 2499 19 
2 1902 19 
1 19 
3 4267 19 2545 
3 2511 19 2022 
3 4256 373 19 
3 3744 19 2956 
2 19 3710 
2 1147 19 
4 898 2072 19 1131 
3 368 19 3438 
4 1756 3324 1737 19 
2 651 19 
2 2535 19 
2 4490 19 
3 19 3477 1080 
1 19 
4 4425 20 2666 2354 
2 188 20 
4 3669 20 149 1661 
2 20 1661 
2 1090 20 
2 4319 20 
2 599 20 
2 2916 20 
3 20 4177 2390 
1 20 
2 3620 20 
2 2618 20 
3 20 960 3088 
1 20 
2 3797 20 
3 1316 2724 20 
3 613 20 990 
2 3128 20 
1 20 
2 20 2819 
1 21 
2 21 2544 
1 21 
3 4346 21 2081 
2 3192 21 
2 4202 21 
1 21 
2 3242 21 
3 1149 21 713 
2 4056 21 
3 21 3479 1714 
2 1370 21 
1 21 
2 21 3695 
3 4249 2298 21 
4 1356 3298 21 275 
2 1235 21 
2 4168 21 
1 21 
4 1319 21 1698 686 
1 21 
2 21 1354 
1 21 
1 22 
3 2053 2023 22 
1 22 
3 4419 1147 22 
1 22 
2 909 22 
2 2039 22 
2 2811 22 
3 3654 22 1618 
1 22 
2 1796 22 
1 22 
2 22 4328 
1 22 
3 4022 781 22 
2 82 22 
2 2652 22 
1 22 
1 22 
2 22 2267 
2 3339 22 
2 22 2942 
1 22 
1 22 
1 22 
2 4174 23 
1 23 
1 23 
2 23 3333 
2 3946 23 
1 23 
1 23 
2 4346 23 
1 23 
1 23 
2 23 3511 
2 3151 23 
1 23 
1 23 
1 23 
1 23 
1 23 
3 2948 23 109 
1 23 
2 24 1375 
2 2949 24 
2 2016 24 
2 24 2350 
1 24 
1 24 
2 4370 24 
2 2937 24 
1 24 
3 3091 24 744 
3 2812 24 3928 
1 24 
3 2907 1385 24 
2 575 24 
1 24 
3 254 694 24 
1 24 
4 2064 1250 3455 24 
2 253 24 
2 24 341 
2 3863 24 
2 2052 25 
1 25 
1 25 
1 25 
3 1928 2500 25 
3 25 4472 3423 
1 25 
1 25 
5 2702 2315 63 2567 25 
2 2524 25 
2 2012 25 
4 1524 4400 524 25 
1 25 
1 25 
3 292 25 244 
3 323 3451 25 
3 808 3559 25 
2 25 166 
1 26 
1 26 
2 2429 26 
1 26 
1 26 
2 2565 26 
3 4040 26 1277 
3 3096 1534 26 
2 26 3028 
3 3998 26 3659 
1 26 
2 26 4054 
3 1731 2837 26 
2 26 2742 
1 26 
1 26 
1 26 
2 4175 26 
3 1545 499 26 
2 26 2904 
2 2806 26 
1 26 
2 885 26 
1 26 
1 26 
1 26 
1 26 
1 26 
1 27 
1 27 
1 27 
2 4223 27 
2 1827 27 
1 27 
1 27 
1 27 
2 27 3047 
1 27 
4 4171 3690 274 27 
2 800 27 
2 27 584 
3 3669 327 27 
3 3141 27 3170 
2 2507 27 
1 27 
3 3517 27 2716 
2 4045 27 
2 2197 27 
3 3754 1282 28 
4 4336 1126 2854 28 
2 3565 28 
2 734 28 
1 28 
3 1440 601 28 
1 28 
2 28 1683 
2 2499 28 
1 28 
1 28 
1 28 
1 28 
2 1698 28 
2 258 28 
1 28 
2 4189 28 
3 2403 1027 29 
2 2801 29 
1 29 
2 2533 29 
2 480 29 
4 2882 2317 1655 29 
3 3723 1966 29 
1 29 
2 3395 29 
1 29 
1 29 
2 3624 29 
4 2629 1055 1975 29 
3 3458 546 29 
1 29 
3 1542 2381 29 
1 29 
1 29 
1 30 
1 30 
2 3124 30 
1 30 
1 30 
2 3285 30 
2 3541 30 
3 1625 2425 30 
3 4250 2607 30 
2 4165 30 
2 386 30 
3 3471 4259 30 
2 559 30 
1 30 
2 2515 30 
2 4385 30 
1 30 
2 4018 30 
3 1294 1767 30 
2 1560 30 
3 2235 3481 30 
1 30 
1 30 
1 30 
3 31 118 396 
4 31 2575 3276 3990 
4 31 3645 3203 319 
3 31 4159 2085 
2 31 973 
2 31 1523 
1 31 
3 31 4217 1645 
2 31 2059 
1 31 
2 31 4250 
1 31 
1 31 
2 31 3868 
2 31 4283 
2 32 4489 
1 32 
1 32 
3 32 2945 3135 
2 32 3370 
1 32 
2 32 3214 
1 32 
3 32 1959 1012 
3 32 2069 2307 
2 32 2144 
2 32 3425 
1 32 
1 32 
2 32 4405 
3 33 3555 2978 
3 33 304 658 
5 33 2178 3719 3537 2967 
1 33 
2 33 4043 
3 3152 33 3087 
1 33 
2 33 4049 
2 33 375 
1 33 
1 33 
2 33 4037 
1 33 
1 33 
2 33 978 
2 33 644 
2 33 2988 
1 33 
1 33 
2 33 2793 
3 33 4374 3890 
3 33 1999 2926 
1 33 
1 33 
1 33 
1 33 
2 34 2729 
2 34 4165 
1 34 
2 34 820 
3 34 4125 1781 
2 34 2380 
1 34 
1 34 
1 34 
1 34 
1 34 
1 34 
2 34 4461 
1 34 
2 34 1732 
2 34 2552 
2 34 4382 
3 34 419 131 
1 35 
2 35 2740 
2 35 3728 
2 2230 35 
1 35 
1 35 
2 3884 35 
4 2508 35 482 3845 
1 35 
2 35 3117 
3 35 4199 2157 
1 35 
1 35 
2 36 1081 
5 2587 778 36 242 3659 
1 36 
2 2134 36 
1 36 
1 36 
2 2779 36 
1 36 
1 36 
4 36 1307 1473 3362 
1 36 
1 36 
3 2724 36 3364 
3 36 2677 408 
3 2250 36 3605 
2 4289 37 
1 37 
2 209 37 
3 37 41 2099 
1 37 
2 37 4472 
4 2845 1527 37 2170 
1 37 
1 37 
3 37 1764 343 
1 37 
3 37 2751 4329 
1 37 
2 37 964 
4 2927 37 177 3613 
1 38 
2 38 103 
3 1787 38 1170 
2 38 3678 
2 557 38 
2 38 2924 
1 38 
1 38 
1 38 
1 38 
3 38 1099 1059 
3 38 1719 3729 
2 2704 38 
3 38 2540 1014 
3 38 476 4047 
1 38 
2 38 2366 
2 38 4354 
2 1016 39 
1 39 
4 1623 3622 39 2640 
2 39 3264 
3 2226 39 3750 
3 1355 39 2018 
2 39 196 
1 39 
3 2009 39 4429 
1 39 
2 39 1749 
1 39 
2 39 120 
4 2245 2851 39 3329 
1 39 
2 2598 39 
2 39 2021 
2 39 181 
3 39 3385 1680 
2 39 1918 
1 39 
2 39 1619 
2 39 2794 
1 39 
1 40 
1 40 
1 40 
3 3255 1887 40 
1 40 
1 40 
3 701 40 2180 
1 40 
1 40 
3 40 437 3817 
2 1144 40 
1 40 
3 40 1611 3605 
2 40 193 
3 40 2476 1949 
1 40 
1 40 
3 40 4449 3310 
1 41 
2 3075 41 
1 41 
2 41 2075 
1 41 
3 3583 41 3019 
1 41 
2 41 4205 
1 41 
1 41 
2 41 545 
2 3831 41 
2 2522 41 
2 1635 41 
2 286 41 
2 42 3458 
1 42 
1 42 
2 42 504 
2 4095 42 
3 4457 42 3238 
1 42 
1 42 
3 4039 42 111 
2 42 2046 
2 42 3743 
2 1422 42 
4 2293 42 2172 1049 
1 42 
1 42 
2 672 42 
1 42 
1 42 
2 42 2690 
3 42 3508 3655 
2 42 2001 
2 2798 42 
1 42 
1 43 
2 43 3263 
1 43 
2 43 2254 
4 2595 43 3962 3841 
1 43 
1 43 
1 43 
1 43 
2 4019 43 
1 43 
1 43 
2 2574 43 
3 43 3117 2987 
1 43 
1 44 
1 44 
1 44 
1 44 
1 44 
2 2991 44 
1 44 
2 4020 44 
2 44 1221 
3 3807 1286 44 
2 3571 44 
2 44 3311 
3 1015 2885 44 
2 44 2669 
1 44 
2 4371 44 
2 44 2429 
2 44 1616 
1 44 
3 1997 44 2790 
1 45 
1 45 
2 61 45 
1 45 
1 45 
2 45 1537 
1 45 
1 45 
1 45 
2 3528 45 
1 45 
1 45 
2 45 2954 
1 45 
1 45 
3 2459 45 3876 
1 45 
3 45 3224 205 
2 45 1431 
3 46 3005 1157 
1 46 
2 46 2899 
2 46 528 
2 2056 46 
2 46 3607 
2 46 1867 
3 3338 1813 46 
2 2809 46 
2 2235 46 
2 46 4281 
1 46 
1 46 
1 46 
2 46 3100 
1 46 
3 2057 372 47 
1 47 
1 47 
1 47 
3 4268 3193 47 
2 47 4142 
1 47 
2 2534 47 
1 47 
1 47 
1 47 
2 428 47 
1 47 
2 4198 47 
1 47 
1 47 
1 47 
1 47 
1 48 
2 1686 48 
1 48 
2 48 1993 
2 2883 48 
4 1857 48 3607 1865 
5 2884 1673 48 3768 4015 
1 48 
2 48 3540 
1 48 
2 48 89 
2 3948 49 
2 3378 49 
2 2307 49 
2 1268 49 
1 49 
1 49 
2 4466 49 
2 49 4431 
1 49 
2 1447 49 
1 49 
1 49 
1 49 
3 947 49 3842 
1 49 
1 49 
1 49 
2 2541 49 
1 49 
3 2344 4031 49 
3 3999 940 50 
1 50 
1 50 
1 50 
1 50 
1 50 
3 1469 50 200 
1 50 
1 50 
2 50 4329 
2 50 1314 
1 50 
2 4397 50 
3 392 50 3842 
3 2879 1791 50 
1 50 
2 2771 50 
5 3716 2746 50 728 3731 
2 50 3925 
1 50 
4 3513 3757 1083 51 
1 51 
2 2072 51 
2 998 51 
2 51 1067 
3 2254 51 1870 
3 617 2921 51 
1 51 
1 51 
1 51 
1 51 
3 2930 657 51 
2 51 1438 
2 3933 51 
2 1455 51 
1 51 
1 51 
2 2091 51 
2 1466 51 
2 3943 51 
1 51 
5 1069 4063 1848 51 2063 
2 2294 51 
2 51 396 
1 51 
1 51 
2 3126 51 
1 51 
1 51 
3 1471 1250 52 
2 1472 52 
3 970 3624 52 
1 52 
2 3346 52 
3 2536 1082 52 
4 2718 1502 52 3680 
3 4119 52 2610 
3 1394 52 3048 
2 3459 52 
1 52 
2 52 1595 
5 3176 2810 4029 52 3308 
2 52 2437 
1 52 
1 52 
2 636 52 
1 52 
2 52 743 
2 53 855 
2 748 53 
1 53 
4 2416 53 3035 1976 
1 53 
1 53 
2 53 222 
1 53 
1 53 
2 53 4076 
2 53 1099 
2 53 2091 
2 571 53 
1 53 
1 53 
4 53 1182 3708 1592 
2 53 2050 
1 53 
1 53 
2 54 2078 
3 1506 54 2460 
1 54 
1 54 
3 54 80 4429 
1 54 
1 54 
2 2928 54 
5 1770 54 3532 4240 1838 
2 54 4494 
2 54 3839 
2 4055 54 
2 1140 54 
1 54 
2 54 1431 
2 54 817 
1 54 
5 323 54 3280 2579 3560 
1 55 
1 55 
1 55 
2 55 583 
3 55 3909 2354 
3 55 98 4122 
4 4436 2137 55 1989 
2 55 740 
2 4231 55 
3 1854 55 2266 
2 55 2679 
1 55 
3 55 2285 341 
3 55 2940 2743 
1 55 
3 971 55 1899 
1 56 
3 56 988 1435 
3 56 1721 2942 
1 56 
2 1905 56 
1 56 
2 2330 56 
1 56 
1 56 
1 56 
3 1225 2420 56 
2 2132 56 
4 56 4069 378 2047 
2 700 56 
3 1165 56 1001 
3 967 56 1240 
1 56 
1 56 
1 56 
1 56 
2 57 4377 
2 57 3136 
2 384 57 
3 309 57 3132 
2 57 2102 
3 3793 1788 57 
1 57 
1 57 
1 57 
1 57 
2 57 1648 
3 57 740 1025 
3 57 3269 1162 
1 57 
2 300 57 
1 57 
1 57 
2 3862 57 
2 57 3290 
3 1260 2335 57 
2 57 1171 
1 57 
2 57 1879 
2 3271 57 
1 57 
3 1557 58 3265 
1 58 
4 2356 1525 3941 58 
1 58 
1 58 
1 58 
1 58 
2 58 4001 
2 58 4106 
2 58 2618 
1 58 
1 58 
2 1856 58 
2 555 58 
2 58 1883 
1 58 
1 58 
1 58 
3 58 372 1572 
3 4233 58 1376 
1 58 
1 58 
2 58 1779 
1 58 
2 2948 59 
2 1304 59 
1 59 
3 3255 59 1046 
1 59 
1 59 
3 59 232 3925 
2 59 782 
5 3973 2472 59 3194 2888 
1 59 
4 426 3978 59 371 
2 59 1191 
3 2829 408 59 
1 59 
2 59 4379 
1 59 
1 59 
1 59 
2 59 1618 
4 4166 4248 59 3674 
3 882 4290 59 
2 2949 59 
1 59 
3 2293 59 4122 
3 1381 59 1923 
2 59 1100 
1 60 
1 60 
5 2538 60 3837 2663 1082 
1 60 
4 3466 1511 60 3463 
2 60 4180 
2 60 3456 
2 732 60 
2 60 1108 
2 4215 60 
1 60 
2 1874 60 
2 2468 60 
1 60 
3 3805 3153 60 
1 61 
2 61 4322 
2 1508 61 
1 61 
3 61 339 1030 
3 1605 61 1816 
1 61 
2 3575 61 
2 3834 61 
1 61 
1 61 
2 2732 61 
4 1384 2660 61 4032 
2 1148 61 
2 3792 61 
3 1875 61 1411 
2 1369 61 
1 61 
2 61 3418 
1 61 
2 61 1632 
1 61 
1 61 
2 61 3240 
1 61 
1 61 
2 1210 62 
2 2494 62 
1 62 
4 62 2896 3246 129 
1 62 
1 62 
4 1204 62 2077 4227 
1 62 
1 62 
2 62 1990 
2 1324 62 
1 62 
1 62 
2 2592 62 
2 1281 62 
1 62 
2 62 2694 
2 851 62 
1 62 
1 62 
1 62 
3 3276 63 1078 
1 63 
1 63 
2 63 2695 
3 3821 1845 63 
2 3427 63 
1 63 
1 63 
1 63 
2 3004 63 
3 3619 63 416 
3 63 3462 2413 
2 63 2820 
2 3282 63 
1 63 
4 2894 63 1083 70 
1 63 
1 63 
1 63 
2 3831 63 
1 63 
2 64 4090 
1 64 
2 64 2794 
1 64 
4 996 3258 64 484 
1 64 
3 2422 2214 64 
1 64 
2 64 2290 
1 64 
2 1670 64 
1 64 
1 65 
1 65 
2 65 1107 
3 4388 354 65 
1 65 
2 1796 65 
1 65 
1 65 
3 96 65 4488 
1 65 
2 930 65 
2 65 3858 
1 65 
2 3783 65 
1 65 
1 65 
2 65 2741 
2 2829 65 
1 65 
4 512 65 1798 1950 
2 65 1834 
2 161 65 
2 65 2008 
2 66 1218 
2 554 66 
3 1862 4355 66 
2 2550 66 
2 66 2623 
2 852 66 
1 66 
1 66 
3 2830 4158 66 
1 66 
1 66 
3 263 4456 66 
2 3505 67 
2 67 607 
1 67 
1 67 
3 4038 67 2394 
1 67 
2 3235 67 
1 67 
2 2206 67 
1 67 
2 2563 67 
2 1138 67 
1 67 
2 67 3565 
3 709 162 67 
2 3553 67 
1 67 
2 67 3121 
2 1891 67 
2 67 1461 
2 3358 67 
2 957 67 
1 68 
2 68 395 
1 68 
2 68 2668 
3 2065 68 419 
1 68 
1 68 
1 68 
2 3849 68 
3 1214 1742 68 
2 68 71 
4 3234 68 3710 3898 
2 1475 68 
1 68 
1 68 
2 68 1800 
1 68 
2 68 1871 
2 2551 68 
1 68 
3 68 3029 3313 
2 2626 68 
3 1713 68 4326 
1 68 
3 4059 267 68 
2 68 3025 
2 3962 69 
2 3692 69 
2 1666 69 
1 69 
1 69 
1 69 
3 3736 1611 69 
3 3176 3393 69 
1 69 
1 69 
3 1605 69 1921 
2 69 4208 
3 2550 69 1917 
2 69 421 
3 753 70 3567 
3 415 352 70 
1 70 
1 70 
2 3126 70 
1 70 
1 70 
3 1536 70 1436 
2 2658 70 
3 4316 70 3845 
1 70 
1 70 
1 70 
2 4413 70 
4 2619 1194 70 1464 
4 4455 3448 411 70 
1 70 
1 70 
1 70 
1 70 
4 467 1804 1541 70 
3 1132 4280 70 
3 4031 1681 71 
1 71 
1 71 
2 2444 71 
3 1580 71 1161 
4 118 3840 2623 71 
2 1877 71 
3 3347 1190 71 
3 479 2505 71 
2 127 71 
2 2702 71 
1 71 
1 71 
2 1867 71 
3 3142 3191 71 
2 1721 71 
3 2224 71 2585 
3 1004 3162 71 
3 3702 4390 71 
1 71 
1 71 
3 4315 2542 71 
1 72 
2 1409 72 
1 72 
2 2778 72 
1 72 
3 1544 2568 72 
1 72 
2 3834 72 
2 2182 72 
2 136 72 
4 1400 2034 2472 72 
1 72 
2 1193 72 
2 94 72 
1 72 
2 208 72 
1 72 
1 72 
2 3069 72 
1 72 
1 73 
1 73 
2 2425 73 
3 2947 816 73 
1 73 
2 4493 73 
2 1938 73 
3 3666 3775 73 
3 1674 2566 73 
2 1777 73 
2 2120 73 
2 3819 73 
3 1048 73 881 
1 73 
2 2653 73 
1 73 
2 1069 73 
2 1362 73 
2 2019 73 
3 979 2568 73 
3 74 3832 1864 
2 74 559 
2 74 1781 
2 74 206 
1 74 
1 74 
1 74 
1 74 
2 74 936 
1 74 
2 74 1539 
1 74 
1 74 
1 74 
1 74 
1 74 
2 74 981 
5 74 3020 3021 1641 127 
3 74 2030 2424 
1 74 
2 74 1590 
1 74 
3 74 1563 1312 
1 74 
1 74 
3 74 1369 1521 
1 75 
2 75 985 
2 75 3597 
2 75 3161 
2 75 953 
3 75 2797 3463 
2 75 996 
4 75 997 1886 3781 
3 75 3777 709 
1 75 
3 75 3020 1327 
4 75 2631 3262 1716 
1 75 
3 75 3367 3730 
3 75 3903 176 
2 75 2685 
2 75 4137 
2 75 2951 
2 75 2138 
2 75 3626 
1 75 
1 75 
1 76 
2 76 4438 
2 76 3445 
1 76 
2 76 3533 
1 76 
1 76 
2 76 120 
1 76 
1 76 
1 76 
2 76 78 
1 76 
1 76 
2 76 2265 
2 76 1002 
2 76 4063 
2 76 3165 
1 76 
2 1035 77 
4 77 3301 2638 3134 
4 1180 77 3648 1846 
3 77 4406 4448 
2 77 4301 
2 77 1167 
1 77 
2 77 3403 
1 77 
2 77 2089 
2 172 77 
3 2164 77 2254 
2 77 4102 
2 77 1581 
1 77 
3 77 2752 1464 
1 77 
2 78 618 
2 78 499 
3 1602 1115 78 
2 3552 78 
4 78 721 4143 3479 
1 78 
1 78 
2 78 4401 
1 78 
3 78 1931 4012 
1 78 
2 513 78 
1 78 
2 1362 78 
2 868 78 
3 79 3058 2731 
2 1449 79 
3 1754 79 3721 
3 79 3027 1375 
2 79 586 
1 79 
2 79 1404 
2 79 524 
1 79 
1 79 
1 79 
2 79 1973 
2 79 1740 
2 79 2714 
1 79 
4 3527 79 3781 3900 
3 80 4066 3070 
1 80 
4 4134 80 1999 3587 
3 1113 80 3237 
1 80 
3 135 80 3480 
2 80 608 
1 80 
1 80 
3 80 2017 1461 
1 80 
2 80 4177 
1 80 
1 80 
3 3315 80 3959 
3 80 255 2079 
3 80 3558 2084 
1 80 
2 80 1131 
1 80 
1 80 
1 80 
1 80 
3 1804 81 4355 
1 81 
1 81 
2 1381 81 
2 81 1519 
3 3575 81 1766 
3 1999 81 2280 
1 81 
1 81 
3 3336 81 112 
1 81 
2 4454 81 
2 4023 81 
3 2230 81 1459 
2 141 81 
3 81 2384 1030 
1 81 
1 81 
2 81 1007 
1 81 
1 81 
3 81 3695 4396 
1 81 
1 81 
1 81 
3 1525 82 2741 
2 1653 82 
2 1973 82 
5 207 4155 1183 82 1351 
1 82 
2 82 4362 
2 82 3123 
2 2441 82 
2 4440 82 
3 1347 82 784 
1 82 
1 82 
2 3515 82 
1 82 
3 3827 82 860 
2 82 3364 
3 431 82 1155 
2 82 769 
2 82 2281 
3 82 2386 2446 
1 82 
4 2051 750 83 1818 
3 1649 2754 83 
2 596 83 
2 83 2789 
1 83 
2 4368 83 
1 83 
1 83 
1 83 
2 83 1198 
2 83 2877 
1 83 
3 4417 84 803 
2 4355 84 
1 84 
1 84 
1 84 
1 84 
2 1456 84 
1 84 
1 84 
1 84 
2 620 84 
1 84 
2 2256 84 
3 3032 1098 84 
2 1624 85 
1 85 
1 85 
3 308 311 85 
2 1603 85 
1 85 
3 2551 576 85 
2 85 2126 
1 85 
1 85 
1 85 
3 85 1815 4357 
5 382 383 2888 1710 85 
3 3530 3832 85 
2 86 2585 
1 86 
1 86 
3 1343 86 3269 
2 86 3424 
2 2276 86 
2 2981 86 
3 3941 86 1256 
1 86 
1 86 
3 4419 922 86 
2 1427 86 
1 86 
2 2050 86 
2 2515 86 
2 86 4284 
2 3135 86 
4 4389 766 3746 86 
2 1377 86 
1 86 
2 561 86 
3 3053 86 3029 
1 87 
2 917 87 
2 3381 87 
2 3480 87 
4 3977 87 2197 4147 
3 2544 87 3119 
1 87 
2 4216 87 
1 87 
1 87 
1 87 
1 87 
1 87 
3 567 87 419 
2 3472 87 
1 87 
1 87 
2 88 2941 
2 3520 88 
1 88 
1 88 
2 2633 88 
1 88 
1 88 
2 3296 88 
2 88 1661 
2 2388 88 
2 3478 88 
4 3112 1337 88 166 
3 410 88 4211 
2 137 88 
2 1476 88 
2 4176 88 
3 4290 88 3897 
3 741 3420 88 
2 2374 88 
3 1070 1392 88 
2 2708 88 
1 89 
2 4360 89 
1 89 
2 3971 89 
2 2168 89 
1 89 
2 2537 89 
1 89 
2 518 89 
4 3850 3932 683 89 
1 89 
2 3919 89 
3 4423 4392 89 
3 3272 2846 89 
3 2138 374 89 
1 89 
3 1956 3761 89 
3 1550 4487 89 
1 89 
3 4455 1324 89 
2 2687 89 
1 89 
2 4315 89 
1 89 
2 89 3899 
1 89 
2 758 89 
1 89 
1 90 
1 90 
1 90 
2 90 1540 
2 90 3704 
2 90 374 
1 90 
3 90 2781 2308 
3 90 3915 1878 
1 90 
2 90 2712 
1 90 
1 90 
2 90 724 
1 90 
2 90 1582 
2 91 607 
1 91 
1 91 
2 91 1042 
1 91 
2 91 2765 
1 91 
2 91 2655 
2 91 3442 
1 91 
3 91 1428 4192 
2 91 3714 
3 91 2739 1135 
2 91 3608 
3 1441 91 673 
1 91 
1 91 
2 91 3412 
1 92 
1 92 
2 732 92 
3 2151 92 1093 
1 92 
2 92 3726 
2 92 961 
3 2293 92 2722 
2 92 4072 
1 92 
1 92 
4 92 1263 433 2732 
1 92 
4 92 2497 2253 1277 
1 92 
4 92 2916 1330 3874 
1 92 
1 92 
2 92 2697 
4 1577 93 1895 1375 
2 93 1811 
2 4018 93 
1 93 
1 93 
2 93 2899 
2 93 3969 
2 1805 93 
1 93 
3 93 889 2147 
1 93 
3 93 3656 1660 
3 93 1183 2504 
1 93 
2 1623 93 
2 93 3025 
2 3666 93 
2 93 2321 
3 94 2319 3813 
1 94 
2 2845 94 
2 94 3123 
3 4250 94 101 
2 94 538 
2 94 2389 
2 94 2998 
2 94 3875 
1 94 
2 94 4257 
1 94 
2 94 1278 
1 94 
3 4133 94 2710 
1 94 
2 94 1042 
1 94 
3 95 2942 3751 
3 2333 3995 95 
2 2973 95 
1 95 
1 95 
2 1229 95 
4 1508 95 3944 2391 
2 95 2366 
3 95 988 2286 
4 95 2212 2695 4226 
1 95 
1 95 
2 96 3313 
4 96 3936 2604 198 
2 96 1061 
3 3230 96 4472 
3 96 2180 1125 
2 921 96 
1 96 
1 96 
2 2029 96 
2 96 3789 
3 186 1283 96 
1 96 
3 1439 1888 96 
2 921 96 
1 96 
6 2071 4402 96 888 1390 2284 
1 96 
2 3739 96 
2 972 96 
2 96 1332 
1 97 
2 97 2162 
2 97 1174 
2 97 1193 
1 97 
2 1383 97 
3 3089 97 1759 
2 97 1110 
1 97 
1 97 
1 97 
2 97 1127 
4 2358 3498 97 2343 
2 97 3197 
2 1472 98 
2 775 98 
2 98 1864 
1 98 
1 98 
3 98 1311 3067 
3 4345 3130 98 
1 98 
1 98 
2 1804 98 
1 98 
1 98 
1 98 
2 98 1067 
1 98 
1 99 
5 2555 364 99 2081 3118 
2 99 3459 
2 2205 99 
2 1072 99 
1 99 
1 99 
1 99 
3 4337 2100 99 
1 99 
1 99 
2 99 3049 
2 99 2695 
2 99 2936 
1 99 
1 99 
2 99 1353 
4 3760 99 767 3331 
2 99 354 
2 99 4014 
3 263 99 1351 
1 99 
3 99 3744 1161 
2 2274 100 
3 4351 100 2407 
2 4044 100 
2 100 2323 
2 492 100 
3 3361 100 3351 
1 100 
2 100 1532 
1 100 
1 100 
3 4078 100 292 
2 3181 100 
1 100 
2 100 3025 
2 1425 100 
2 2398 100 
1 100 
1 100 
1 100 
1 100 
1 100 
1 100 
3 4118 2788 100 
3 4252 100 3784 
1 100 
4 2486 3183 100 786 
3 4096 100 1277 
1 100 
1 100 
3 4232 101 3921 
1 101 
1 101 
2 1739 101 
1 101 
2 2848 101 
2 636 101 
2 2332 101 
3 2298 3838 101 
2 101 3087 
1 101 
1 101 
1 101 
2 577 101 
3 4104 102 2776 
2 102 3894 
2 2920 102 
2 2473 102 
1 102 
3 3183 102 2393 
4 1604 102 2081 1549 
1 102 
2 102 583 
2 1018 102 
4 2009 2065 3577 102 
1 102 
3 102 3841 3858 
2 3822 102 
2 4458 103 
4 3356 2154 103 2348 
2 103 321 
1 103 
1 103 
1 103 
2 3863 103 
1 103 
3 3431 1058 103 
2 1213 103 
1 103 
1 103 
4 919 3575 103 4181 
1 103 
1 104 
1 104 
2 104 862 
2 104 2668 
5 1556 286 1583 104 664 
1 104 
2 104 825 
1 104 
1 104 
2 104 198 
1 104 
1 104 
2 2856 104 
2 104 1280 
3 756 1977 105 
1 105 
1 105 
4 498 3766 105 2290 
2 105 3208 
1 105 
1 105 
2 469 105 
2 1563 105 
2 753 105 
2 105 1437 
1 105 
2 764 105 
3 367 2197 105 
3 424 252 105 
2 350 105 
2 105 3751 
2 3427 105 
1 105 
2 106 3843 
3 190 1860 106 
2 1457 106 
2 2102 106 
2 106 164 
3 2973 4184 106 
3 1409 3136 106 
1 106 
1 106 
1 106 
1 106 
2 429 106 
1 106 
2 3544 106 
1 106 
2 4274 106 
2 3629 106 
1 106 
2 814 106 
2 1080 106 
2 3103 106 
1 107 
3 1676 107 1031 
3 1623 107 111 
2 488 107 
2 424 107 
2 107 3680 
1 107 
2 886 107 
3 898 107 2130 
1 107 
3 621 4242 107 
1 107 
2 4327 107 
1 107 
2 988 107 
2 484 108 
4 1319 2119 1977 108 
3 4337 4180 108 
3 2814 108 4359 
1 108 
2 637 108 
3 108 2126 4013 
3 108 1867 2585 
4 969 4005 372 108 
2 2440 108 
1 108 
2 793 108 
1 108 
3 3903 1210 108 
2 1034 108 
2 1569 108 
3 2672 3834 108 
5 1902 403 1973 3384 108 
2 108 4308 
1 108 
3 1570 108 3877 
2 616 108 
1 108 
1 108 
1 108 
2 1515 108 
2 3078 109 
3 984 1026 109 
2 109 3100 
2 3004 109 
1 109 
2 2110 109 
1 109 
1 109 
1 109 
3 718 4066 109 
2 1909 109 
1 109 
4 2532 1092 2031 109 
1 109 
1 109 
1 109 
1 109 
2 2657 109 
1 109 
1 109 
3 3955 2095 110 
1 110 
1 110 
2 2357 110 
1 110 
1 110 
2 2249 110 
1 110 
1 110 
3 2065 310 110 
4 4482 3401 1429 110 
2 2621 110 
1 110 
3 110 3372 4183 
1 110 
1 110 
4 2070 3826 1656 110 
2 2426 110 
1 110 
1 110 
2 2057 110 
1 111 
3 4417 1079 111 
1 111 
2 703 111 
1 111 
2 4072 111 
2 1058 111 
3 1737 1483 111 
3 3931 3190 111 
3 4275 338 111 
2 352 111 
1 111 
1 111 
2 638 111 
3 2528 3250 111 
2 111 4380 
4 4384 347 1813 111 
1 111 
2 4498 111 
1 111 
2 1788 112 
2 2775 112 
2 3474 112 
2 1982 112 
1 112 
5 2558 3781 199 4330 112 
3 2666 697 112 
2 130 112 
2 2438 112 
1 112 
1 112 
2 1873 112 
1 113 
3 113 2239 1517 
1 113 
2 113 197 
1 113 
4 113 1727 3411 3167 
1 113 
3 113 721 4011 
1 113 
3 113 121 817 
3 113 4290 4239 
3 113 3056 2432 
1 114 
1 114 
1 114 
2 114 645 
1 114 
3 114 1856 778 
2 114 2923 
2 114 1407 
1 114 
2 114 4198 
1 114 
1 114 
1 114 
1 114 
1 114 
2 114 3064 
1 114 
1 114 
1 114 
1 114 
2 114 2593 
2 114 4441 
4 114 1689 2022 553 
1 114 
2 114 3031 
3 114 3427 3799 
1 114 
1 115 
2 115 3521 
1 115 
3 115 1904 2442 
2 115 1301 
1 115 
1 115 
1 115 
1 115 
1 115 
3 115 1849 2820 
1 115 
3 115 1252 4222 
2 115 2216 
2 115 2215 
1 115 
1 115 
1 115 
1 115 
3 115 4101 4388 
1 115 
1 115 
2 115 1393 
1 115 
2 116 752 
2 116 3350 
2 116 4375 
1 116 
3 116 690 1590 
2 247 116 
1 116 
1 116 
1 116 
5 116 211 2706 891 609 
2 116 3532 
1 116 
1 116 
3 2164 116 3182 
1 116 
1 116 
1 116 
2 116 3099 
1 117 
3 117 761 243 
1 117 
2 117 3868 
1 117 
2 117 2116 
2 117 714 
1 117 
1 117 
2 117 1798 
4 831 972 117 1517 
1 117 
2 117 1647 
1 117 
2 3337 117 
1 117 
2 117 2503 
2 117 4349 
2 117 3049 
3 117 2954 3567 
1 117 
2 117 1501 
4 117 3321 1061 4035 
2 117 442 
1 117 
2 117 2755 
2 117 3533 
1 118 
1 118 
2 118 3985 
3 1924 118 2501 
2 118 2546 
2 1668 118 
1 118 
1 118 
1 118 
3 1583 118 3367 
3 118 3563 1620 
3 118 4392 3950 
2 118 4500 
4 4196 118 3281 1867 
2 118 1064 
2 118 1848 
1 118 
3 118 2887 4190 
3 118 2443 349 
3 2012 118 1254 
1 118 
4 118 2950 221 3391 
4 119 1792 817 1160 
2 119 989 
1 119 
2 308 119 
1 119 
3 119 414 1961 
1 119 
1 119 
1 119 
1 119 
1 119 
2 119 205 
1 119 
2 119 3160 
4 929 119 637 4049 
2 119 1758 
2 119 3304 
2 119 3869 
3 120 3558 2566 
1 120 
3 120 4275 2610 
1 120 
2 120 496 
1 120 
2 576 120 
1 120 
2 1822 120 
2 120 3576 
2 120 1821 
1 120 
2 1927 120 
1 120 
1 120 
1 120 
1 120 
1 120 
2 120 3479 
2 1074 121 
1 121 
2 121 1960 
2 1841 121 
4 4311 121 4223 4009 
5 4443 121 1107 4074 2838 
2 121 2969 
2 121 3309 
1 121 
1 121 
1 121 
1 121 
2 2500 121 
2 121 1884 
2 121 946 
1 121 
2 3524 121 
1 121 
2 1982 121 
1 121 
2 470 121 
2 4266 121 
1 121 
2 121 3730 
3 380 1056 121 
1 121 
2 1115 122 
2 2113 122 
2 122 1884 
2 122 3578 
1 122 
2 122 219 
2 3433 122 
1 122 
2 122 3680 
1 122 
4 2419 122 1847 746 
1 122 
1 122 
1 122 
1 123 
3 2916 123 3045 
2 2618 123 
1 123 
2 123 1720 
1 123 
2 123 3840 
2 123 281 
1 123 
2 3138 123 
2 674 123 
2 123 586 
3 123 4224 2819 
1 123 
2 123 1592 
1 123 
3 123 4034 1621 
1 123 
2 1711 123 
2 1828 123 
2 388 123 
3 256 123 1846 
1 123 
3 1972 4004 123 
3 1297 123 2580 
3 3962 123 4229 
1 124 
2 124 3006 
2 1939 124 
2 4388 124 
2 124 2876 
1 124 
1 124 
3 571 4352 124 
3 124 245 3896 
3 2804 3869 124 
1 124 
2 1925 124 
1 124 
1 124 
2 124 3206 
1 124 
2 124 3121 
2 1236 124 
1 124 
1 125 
2 1018 125 
2 2526 125 
1 125 
2 125 2366 
3 2600 1078 125 
1 125 
3 1252 4258 125 
1 125 
2 1457 125 
5 2550 1421 3056 596 125 
3 125 3307 2127 
1 125 
1 125 
3 508 125 859 
2 125 3860 
1 125 
2 125 2174 
1 125 
1 125 
3 3315 125 3388 
2 3901 125 
2 125 1009 
3 3127 126 2159 
1 126 
2 2073 126 
3 2962 1609 126 
3 2205 3377 126 
2 126 2289 
3 1380 126 2955 
2 3165 126 
3 126 1621 2860 
1 126 
1 126 
1 126 
1 127 
2 127 3926 
1 127 
1 127 
1 127 
1 127 
1 127 
3 127 4487 3101 
2 3341 127 
2 127 878 
2 1035 127 
1 127 
1 127 
2 2557 127 
2 4029 127 
1 127 
3 2833 2620 127 
1 128 
3 2470 1175 128 
2 3976 128 
2 2468 128 
1 128 
3 1145 1409 128 
2 1970 128 
1 128 
1 128 
2 128 786 
2 3582 128 
3 2722 3482 128 
3 3470 4262 128 
1 128 
1 128 
3 3148 3816 128 
1 129 
1 129 
1 129 
2 129 1949 
1 129 
2 129 2584 
2 3715 129 
1 129 
3 3107 129 2925 
3 2797 3433 129 
2 3941 129 
2 1205 129 
1 129 
1 129 
3 2541 1798 129 
1 129 
3 363 562 129 
5 492 4003 2916 2342 129 
2 2274 129 
1 129 
2 2260 129 
2 1816 129 
2 1385 129 
1 129 
3 549 129 2612 
2 694 130 
1 130 
2 3369 130 
2 367 130 
1 130 
2 4062 130 
1 130 
4 1677 603 130 2839 
2 130 2649 
3 218 343 130 
2 4056 130 
1 130 
1 131 
1 131 
2 802 131 
1 131 
2 497 131 
1 131 
3 2417 4018 131 
1 131 
2 2145 131 
2 2830 131 
1 131 
1 131 
5 3196 2102 2736 3790 132 
2 574 132 
4 3495 905 132 3292 
2 376 132 
2 1001 132 
3 1729 2644 132 
2 1165 132 
1 132 
2 743 132 
5 3254 2748 2497 944 132 
4 3357 3702 1398 132 
1 132 
3 401 1690 132 
3 3014 366 132 
2 2275 132 
1 132 
1 132 
1 132 
4 1284 2425 1353 133 
4 3106 1655 1333 133 
3 2863 684 133 
2 3451 133 
2 3666 133 
3 1902 2776 133 
1 133 
3 3051 2463 133 
3 2156 2610 133 
1 133 
2 4173 133 
1 133 
1 133 
3 1303 3944 133 
1 133 
2 511 133 
3 2311 1427 133 
2 496 133 
3 1404 133 1438 
1 133 
2 247 133 
1 134 
1 134 
1 134 
2 840 134 
4 614 4303 3970 134 
2 3507 134 
2 2994 134 
1 134 
2 134 1051 
2 2394 134 
2 2732 134 
1 134 
2 4304 134 
2 2488 134 
5 1663 2071 1393 3488 134 
1 134 
3 135 701 181 
1 135 
1 135 
1 135 
1 135 
2 135 1217 
2 135 2195 
2 135 3527 
3 832 135 3838 
2 135 3917 
3 135 3850 3352 
3 2880 135 763 
1 135 
3 135 2420 2707 
1 135 
1 135 
2 135 3196 
2 135 1853 
1 135 
1 135 
2 135 597 
1 135 
2 135 2856 
5 135 2313 2558 1003 3245 
1 135 
2 135 2507 
2 136 3654 
2 136 4408 
1 136 
1 136 
1 136 
4 2372 136 391 1122 
3 136 1369 2972 
3 136 3159 2466 
3 136 2121 2916 
2 136 2892 
3 136 1382 1285 
1 136 
1 137 
2 137 1336 
1 137 
2 137 359 
3 137 3064 583 
1 137 
3 137 3825 1476 
1 137 
2 137 1706 
2 137 3996 
1 137 
1 137 
2 137 2740 
4 1507 137 3398 2982 
1 137 
2 137 750 
1 137 
1 137 
1 137 
2 137 2537 
2 137 356 
1 137 
2 137 309 
1 137 
2 137 2516 
1 137 
2 138 4246 
2 138 439 
2 138 1433 
1 138 
3 138 1774 3914 
2 138 4412 
2 138 2107 
3 1363 138 3689 
2 138 4091 
2 138 1190 
2 4490 138 
1 138 
2 1165 138 
3 138 4220 3368 
1 138 
4 380 138 2157 245 
1 138 
3 1318 138 1998 
4 138 856 4186 2708 
1 138 
2 138 3949 
3 139 2080 3519 
2 139 224 
1 139 
1 139 
1 139 
2 139 713 
1 139 
4 139 2887 2871 1062 
1 139 
1 139 
1 139 
2 4421 139 
1 139 
2 139 1480 
1 139 
3 139 1743 3990 
1 139 
1 139 
3 139 2830 823 
3 139 2811 3160 
2 189 139 
1 139 
2 139 1220 
4 1228 139 1913 1849 
4 139 3962 3247 3969 
2 139 1803 
2 4270 139 
1 140 
1 140 
1 140 
3 140 1387 496 
2 140 4120 
2 140 742 
1 140 
2 140 2235 
3 140 2600 2789 
5 3823 140 3814 2669 1722 
2 3339 140 
2 140 1836 
1 140 
2 140 1761 
2 140 4136 
2 140 1551 
1 140 
2 140 551 
2 308 140 
3 2764 1002 141 
1 141 
2 3406 141 
1 141 
3 141 1792 2478 
1 141 
3 141 712 395 
1 141 
1 141 
2 141 3223 
2 141 232 
2 669 141 
1 141 
3 1538 3413 141 
5 141 1189 1796 2581 3289 
3 3572 141 4083 
1 141 
1 141 
3 2532 141 3562 
2 141 2891 
3 141 173 4386 
3 2808 141 1779 
3 688 141 2637 
3 1602 141 1274 
2 141 519 
2 141 1065 
1 141 
1 142 
2 142 964 
1 142 
3 4423 142 2541 
2 142 3627 
1 142 
2 142 726 
4 142 3503 3504 1521 
1 142 
3 1624 142 3021 
3 3471 142 2269 
1 142 
1 142 
1 142 
1 143 
2 143 4389 
1 143 
2 210 143 
1 143 
2 2718 143 
3 1772 143 4048 
1 143 
1 143 
1 143 
1 143 
1 143 
2 143 963 
1 143 
1 143 
2 143 3695 
2 2152 143 
3 1967 2555 143 
1 144 
2 1402 144 
2 706 144 
1 144 
3 3776 1758 144 
1 144 
1 144 
1 144 
1 144 
1 144 
1 144 
2 144 1946 
3 1626 2707 144 
2 144 862 
1 144 
1 144 
3 4041 144 662 
3 1248 144 770 
1 144 
1 144 
4 2492 1470 3043 145 
2 145 826 
1 145 
1 145 
2 572 145 
1 145 
2 3829 145 
2 145 2405 
2 145 4305 
2 145 526 
2 145 4362 
2 145 2739 
2 145 890 
2 145 1008 
3 430 145 2691 
2 477 145 
1 145 
2 2067 145 
1 145 
1 145 
3 4175 145 4203 
2 3569 145 
3 2382 145 399 
3 1237 2212 145 
1 145 
1 146 
1 146 
2 146 3728 
2 2944 146 
1 146 
1 146 
1 146 
3 1149 146 1275 
4 146 2690 1289 2529 
1 146 
1 146 
2 146 2466 
1 146 
1 146 
1 146 
4 518 146 4176 3842 
2 2335 146 
2 146 2515 
1 147 
1 147 
2 147 2966 
1 147 
2 3527 147 
4 1824 721 3477 147 
3 3337 1736 147 
1 147 
4 1958 147 4242 4183 
1 147 
1 147 
2 761 147 
1 147 
1 147 
2 555 147 
1 147 
4 3164 147 2609 2007 
1 147 
2 147 4110 
1 147 
2 147 2446 
1 148 
1 148 
2 2552 148 
1 148 
1 148 
1 148 
2 3255 148 
1 148 
1 148 
2 3916 148 
2 2679 148 
3 3553 3397 148 
2 3835 148 
1 148 
1 148 
2 2400 148 
3 148 1633 3512 
1 149 
2 149 961 
2 2598 149 
1 149 
2 576 149 
3 920 4175 149 
2 922 149 
2 855 149 
2 3492 149 
4 3976 2679 149 2288 
3 1145 149 1661 
1 149 
1 149 
4 3074 4153 2737 149 
2 149 2622 
1 149 
3 4166 1240 149 
2 3140 149 
3 225 1207 149 
4 323 2989 149 4246 
1 149 
3 1809 884 149 
1 149 
1 149 
2 3542 149 
2 3919 149 
3 2927 525 149 
1 150 
2 150 4008 
2 479 150 
1 150 
2 3496 150 
2 150 3010 
1 150 
2 2990 150 
1 150 
3 3054 150 3170 
1 150 
6 2371 387 2500 2621 150 1800 
1 150 
1 150 
1 150 
2 1969 150 
2 973 150 
1 150 
2 2181 150 
2 735 150 
2 2491 150 
2 150 664 
4 3865 151 729 2904 
2 1041 151 
1 151 
2 978 151 
2 3233 151 
1 151 
1 151 
1 151 
2 218 151 
2 1914 151 
3 474 3580 151 
1 151 
1 151 
2 1065 151 
2 1702 151 
4 1070 1840 151 444 
1 152 
2 2825 152 
3 631 152 3683 
1 152 
2 1422 152 
4 1137 2968 465 152 
3 468 1158 152 
3 3414 152 2292 
2 1482 152 
1 152 
1 152 
3 875 2263 152 
3 3032 2444 152 
3 369 4326 152 
1 153 
1 153 
1 153 
1 153 
2 153 4167 
3 153 2441 3248 
1 153 
1 153 
3 153 3395 3845 
3 2842 153 3107 
2 153 645 
2 153 2948 
2 153 2336 
2 153 3650 
1 153 
3 153 3673 2619 
3 1842 2033 154 
1 154 
1 154 
1 154 
1 154 
4 643 3514 3905 154 
1 154 
1 154 
2 1669 154 
3 154 2638 256 
1 154 
2 154 351 
1 154 
1 154 
2 154 841 
2 154 659 
2 155 2897 
2 155 2912 
2 848 155 
1 155 
2 155 3627 
2 155 2577 
1 155 
1 155 
2 155 201 
2 155 1829 
1 155 
2 155 3363 
1 155 
1 155 
1 155 
4 2093 155 1234 4104 
2 882 155 
3 2397 155 3966 
1 155 
2 155 4477 
1 155 
3 155 2910 3872 
2 156 3289 
2 156 3776 
1 156 
2 156 2545 
1 156 
2 156 3542 
1 156 
1 156 
3 156 795 297 
3 156 1456 1475 
3 156 2754 1456 
1 156 
3 156 4378 3333 
1 156 
4 156 1937 1819 1340 
1 156 
2 156 1541 
3 514 156 4075 
3 156 1335 1684 
1 156 
2 156 2199 
3 157 2955 1648 
1 157 
1 157 
2 1018 157 
1 157 
1 157 
2 157 4428 
2 3139 157 
1 157 
1 157 
1 157 
3 2797 157 3381 
1 157 
3 2371 157 3484 
1 157 
2 157 542 
3 157 1004 3078 
3 157 1912 2262 
1 158 
2 158 2557 
1 158 
2 158 1684 
2 158 2914 
3 158 4281 3967 
3 158 2425 2174 
2 3643 158 
2 1538 158 
1 158 
1 158 
1 158 
2 3528 158 
1 158 
3 2629 158 2190 
1 158 
1 158 
2 1891 158 
1 158 
2 158 1417 
2 1554 158 
1 158 
1 159 
1 159 
3 159 2891 3333 
2 791 159 
1 159 
1 159 
3 2090 159 3048 
1 159 
1 159 
1 159 
1 159 
1 159 
1 159 
3 159 4074 3968 
1 159 
3 648 159 1962 
2 392 159 
2 160 1878 
1 160 
2 160 476 
1 160 
2 160 3967 
2 268 160 
1 160 
2 513 160 
1 160 
1 160 
2 160 2243 
4 2092 160 4426 896 
2 2457 160 
2 160 350 
3 161 2048 4163 
2 161 3261 
1 161 
2 2551 161 
3 2491 161 2966 
1 161 
2 161 4161 
1 161 
2 161 262 
2 161 1713 
1 161 
1 161 
1 161 
1 161 
3 161 696 841 
2 1902 161 
2 1690 161 
1 161 
4 3471 161 1310 2412 
1 161 
3 1825 1608 161 
2 591 161 
1 162 
3 1359 162 993 
2 2438 162 
2 162 397 
1 162 
2 1892 162 
2 3302 162 
2 1091 162 
1 162 
3 1507 162 4125 
4 631 162 1679 4285 
3 1089 2034 162 
1 163 
2 2379 163 
2 3039 163 
2 163 2895 
3 4278 163 548 
3 3583 1391 163 
1 163 
2 163 4357 
1 163 
1 163 
1 163 
2 163 2482 
1 163 
1 163 
2 459 164 
2 648 164 
2 164 1177 
1 164 
1 164 
1 164 
1 164 
1 164 
2 2620 164 
3 2306 2691 164 
2 1468 164 
3 3601 1394 164 
1 164 
2 2856 164 
4 2445 1504 164 3597 
1 164 
2 2168 164 
1 164 
1 164 
3 2914 548 164 
1 164 
1 164 
1 164 
1 164 
1 165 
3 1348 1008 165 
1 165 
1 165 
1 165 
1 165 
2 1935 165 
2 2239 165 
3 1972 165 1949 
1 165 
2 3620 165 
1 165 
1 165 
1 165 
2 3353 165 
2 2139 165 
3 1391 292 165 
3 404 3515 166 
2 902 166 
5 3272 1145 3983 4279 166 
3 4495 166 4285 
5 2532 3527 2603 166 4286 
2 1885 166 
1 166 
2 3988 166 
2 166 3210 
1 166 
2 4425 166 
2 615 166 
2 4441 166 
1 166 
2 2410 166 
2 4429 166 
3 2013 4354 166 
1 166 
2 3200 166 
1 166 
4 3824 4198 4298 167 
1 167 
2 634 167 
2 3912 167 
2 3635 167 
1 167 
1 167 
1 167 
1 167 
1 167 
1 167 
2 2727 167 
2 880 167 
1 167 
2 4091 167 
1 168 
1 168 
1 168 
3 3337 1855 168 
1 168 
1 168 
2 2931 168 
2 1326 168 
2 1299 168 
1 168 
2 1557 168 
2 810 168 
1 168 
2 1201 168 
1 168 
3 407 4465 168 
1 168 
1 168 
2 2610 168 
3 1207 4468 168 
2 2696 168 
2 2962 168 
1 168 
2 2145 168 
1 169 
1 169 
2 169 4345 
2 169 2541 
5 169 1140 775 3774 2867 
1 169 
1 169 
2 169 1250 
1 169 
1 169 
3 169 3663 3104 
2 169 1476 
2 829 169 
2 169 751 
2 1113 169 
1 169 
1 169 
1 169 
3 169 1666 1100 
1 169 
2 170 1111 
3 170 3194 1736 
1 170 
1 170 
1 170 
3 1225 170 614 
1 170 
2 170 3359 
1 170 
2 170 1051 
2 170 2284 
2 170 1238 
1 170 
1 170 
3 170 594 3768 
1 170 
2 170 327 
1 170 
3 3011 170 2732 
2 170 1106 
1 170 
3 3882 170 2534 
1 171 
1 171 
1 171 
2 171 1709 
1 171 
2 171 415 
3 171 3481 4129 
2 171 4170 
2 1507 171 
2 171 3131 
1 171 
2 171 2309 
2 4018 171 
1 171 
2 171 2426 
3 171 294 1008 
2 171 2337 
4 171 4072 4179 789 
2 171 854 
2 171 4432 
3 1852 171 1335 
1 171 
3 172 1568 2435 
1 172 
1 172 
1 172 
1 172 
1 172 
3 172 3891 2266 
1 172 
3 172 4202 3651 
2 172 374 
1 172 
1 172 
1 172 
1 172 
2 172 761 
1 172 
3 172 3607 1918 
1 172 
4 451 172 3074 3023 
3 4016 172 3997 
1 173 
2 173 1586 
4 2846 3230 173 2258 
4 4403 173 889 4107 
4 289 173 2709 443 
1 173 
3 4457 2458 173 
2 3639 173 
1 173 
1 173 
2 173 299 
2 1000 173 
2 1384 173 
1 173 
2 4250 173 
2 2227 173 
2 1929 173 
2 2597 173 
2 173 3189 
1 173 
1 174 
2 1982 174 
2 174 2542 
2 174 1313 
3 3278 174 4479 
1 174 
2 1929 174 
2 174 709 
2 174 3000 
3 174 1617 712 
1 174 
2 174 4049 
3 174 2280 1478 
2 174 2664 
2 2510 174 
2 632 174 
1 174 
2 174 2123 
2 175 3544 
1 175 
2 4252 175 
1 175 
2 2442 175 
3 928 3448 175 
1 175 
2 4269 175 
3 1687 175 3043 
1 175 
1 175 
3 361 175 2081 
3 175 766 4328 
1 175 
1 175 
3 3830 175 2435 
1 175 
1 175 
3 175 4034 2292 
1 175 
3 4444 176 1348 
1 176 
3 176 579 2965 
2 176 3589 
3 176 3646 2872 
2 2638 176 
1 176 
3 4002 176 3677 
4 3932 2120 176 3877 
1 176 
2 176 1513 
1 177 
1 177 
2 2720 177 
1 177 
1 177 
2 177 3633 
1 177 
2 2168 177 
2 177 1784 
2 2731 177 
2 177 2950 
1 177 
2 177 4354 
1 177 
3 289 177 1196 
2 4493 177 
2 177 1719 
2 4234 177 
1 177 
3 493 177 3682 
2 1667 177 
2 178 639 
1 178 
4 1230 178 2026 2200 
1 178 
1 178 
2 178 3801 
2 1989 178 
2 4426 178 
3 2492 178 2362 
1 178 
1 178 
1 178 
1 178 
3 178 373 4148 
1 178 
1 178 
1 178 
2 1775 178 
1 178 
1 179 
2 1489 179 
1 179 
1 179 
3 3378 1370 179 
1 179 
1 179 
3 2553 179 503 
1 179 
2 179 4240 
1 179 
3 179 484 3597 
2 1169 179 
1 179 
3 805 179 584 
3 1903 1005 179 
1 179 
1 179 
2 1236 179 
3 1167 1470 179 
2 179 4226 
1 179 
2 1167 180 
2 180 341 
1 180 
2 361 180 
2 2479 180 
4 2755 600 180 3121 
2 180 1699 
1 180 
2 2153 180 
1 180 
1 180 
3 2845 180 378 
2 1712 180 
4 1527 410 180 2329 
3 1559 1688 180 
3 3299 180 609 
3 4157 2478 180 
1 180 
2 3045 180 
1 180 
3 4251 259 180 
1 180 
2 180 2585 
2 180 3803 
1 180 
1 181 
2 2886 181 
1 181 
1 181 
2 2534 181 
2 2909 181 
1 181 
3 1884 181 3991 
1 181 
1 181 
1 181 
1 181 
2 2752 181 
2 2752 181 
2 1293 181 
1 181 
2 2576 181 
2 181 824 
1 181 
1 181 
2 458 181 
3 3848 181 2877 
2 967 182 
3 3528 2978 182 
3 3192 1614 182 
1 182 
2 182 551 
1 182 
2 2672 182 
2 1703 182 
3 2203 289 182 
1 182 
1 183 
2 2346 183 
1 183 
1 183 
6 2844 2594 3196 3962 183 1553 
4 3514 872 3062 183 
1 183 
2 183 1662 
1 183 
3 1042 2236 183 
3 1491 183 2270 
2 3661 183 
1 183 
2 4187 183 
2 645 183 
1 183 
2 213 183 
2 924 183 
2 595 183 
3 3016 183 2902 
1 183 
3 3373 2041 183 
2 183 3660 
1 183 
2 3981 183 
1 183 
1 183 
1 184 
1 184 
2 184 1526 
3 184 1308 2872 
1 184 
2 184 643 
1 184 
1 184 
3 184 2311 1570 
2 184 504 
3 184 4102 1051 
1 184 
2 184 2736 
3 184 2281 3925 
1 184 
4 184 556 1306 3949 
1 184 
3 184 1355 2263 
1 184 
2 185 2818 
1 185 
2 185 853 
3 185 2733 4150 
1 185 
1 185 
5 185 1582 4197 1185 1993 
2 185 2320 
2 185 1977 
2 185 2359 
1 185 
2 185 2937 
1 186 
3 186 2477 4379 
3 186 3142 795 
1 186 
2 186 3624 
1 186 
2 1556 186 
1 186 
2 186 3396 
1 186 
1 186 
1 186 
1 186 
1 186 
1 186 
1 186 
4 1467 186 3455 3165 
1 186 
2 186 3932 
1 186 
3 187 3162 4337 
1 187 
1 187 
1 187 
3 187 784 714 
1 187 
5 187 921 887 3331 4127 
2 187 1780 
1 187 
1 187 
1 187 
1 187 
2 187 729 
1 187 
2 187 4352 
1 188 
1 188 
1 188 
2 188 1235 
3 390 188 3185 
1 188 
2 750 188 
1 188 
5 998 188 3585 3674 582 
1 188 
2 188 1484 
4 2993 188 2749 4374 
2 188 3706 
2 188 2044 
1 188 
2 188 3899 
1 188 
2 188 3409 
1 188 
2 188 3216 
1 188 
1 188 
3 188 192 4393 
2 189 3342 
2 189 4385 
1 189 
1 189 
2 189 3057 
1 189 
2 615 189 
3 3665 189 3397 
2 189 4028 
2 1508 189 
2 189 3983 
2 189 2970 
2 189 3323 
1 189 
1 189 
4 2613 189 431 221 
2 189 824 
2 189 1815 
1 189 
2 189 4170 
3 701 189 515 
3 189 4185 3545 
3 4057 190 3534 
1 190 
2 190 3261 
1 190 
2 190 3646 
5 2554 190 273 1426 1820 
1 190 
1 190 
3 382 190 547 
1 190 
2 4077 190 
1 190 
2 190 2972 
3 190 3624 1156 
2 190 4245 
1 190 
2 190 3400 
2 733 190 
1 190 
4 190 1002 2054 2364 
1 190 
2 190 3423 
2 190 2945 
1 191 
1 191 
1 191 
1 191 
1 191 
3 191 2658 204 
2 191 544 
1 191 
2 1342 191 
1 191 
1 191 
4 191 413 2774 1598 
1 191 
1 191 
1 191 
1 192 
1 192 
1 192 
3 192 2542 1395 
1 192 
2 1755 192 
1 192 
2 192 3628 
2 192 4482 
2 192 1030 
1 192 
4 192 370 1326 198 
1 192 
1 192 
2 3930 192 
2 192 1778 
2 2489 193 
2 193 964 
1 193 
1 193 
2 645 193 
1 193 
3 4265 1540 193 
1 193 
2 577 193 
1 193 
1 193 
2 1790 193 
2 3775 193 
3 2824 689 193 
2 741 193 
3 193 1478 2353 
3 193 964 4229 
1 193 
1 193 
2 194 282 
1 194 
3 4001 1347 194 
1 194 
1 194 
2 194 1869 
1 194 
1 194 
1 194 
2 815 194 
3 369 194 1923 
1 194 
2 194 1680 
1 194 
1 194 
1 194 
2 752 194 
3 1840 194 2025 
2 195 4211 
1 195 
2 554 195 
1 195 
1 195 
2 967 195 
1 195 
1 195 
2 195 1918 
2 1739 195 
2 226 195 
1 195 
1 195 
1 195 
2 2012 195 
1 195 
3 922 195 3285 
2 4268 195 
1 195 
1 195 
1 195 
2 195 4243 
2 3255 196 
3 3727 1426 196 
3 3012 2781 196 
2 1473 196 
1 196 
1 196 
1 196 
4 1472 2156 196 1553 
2 236 196 
2 1271 196 
2 196 1947 
1 196 
1 196 
1 196 
1 196 
2 1861 196 
2 2532 196 
1 197 
3 3952 1192 197 
2 1093 197 
1 197 
1 197 
1 197 
2 394 197 
1 197 
2 197 2200 
1 197 
2 3430 197 
1 197 
2 197 3489 
1 198 
2 198 1177 
1 198 
2 852 198 
1 198 
1 198 
1 198 
1 198 
2 3886 198 
2 1822 198 
2 2708 198 
1 198 
2 198 2482 
4 781 4205 198 4092 
1 198 
2 1430 198 
2 198 4091 
2 1229 199 
2 199 1980 
2 2708 199 
2 3212 199 
2 2631 199 
2 199 2126 
2 1616 199 
1 199 
3 2803 199 200 
2 3388 199 
4 288 801 199 1244 
4 1439 4236 199 1662 
1 199 
4 1186 1406 2080 199 
2 2873 199 
1 199 
4 4454 1165 4237 199 
3 2595 1961 199 
2 1044 199 
4 1382 2376 4355 199 
3 832 199 1979 
4 940 960 2837 199 
3 2028 199 4183 
1 199 
4 1364 694 2965 199 
2 235 200 
1 200 
2 200 3512 
3 1323 350 200 
3 2597 1732 200 
2 4084 200 
1 200 
1 200 
1 200 
1 200 
1 200 
1 200 
3 1269 200 1979 
1 200 
2 2430 200 
1 201 
2 1105 201 
3 1987 201 487 
1 201 
2 2927 201 
1 201 
2 4325 201 
4 2247 4458 201 626 
3 2405 2310 201 
1 201 
1 201 
2 3010 201 
1 201 
2 1800 201 
3 1830 217 201 
2 878 201 
3 3401 2084 201 
1 201 
2 4191 202 
1 202 
1 202 
2 202 3292 
1 202 
2 693 202 
2 289 202 
2 3812 202 
1 202 
1 202 
1 202 
2 663 202 
2 3321 202 
1 202 
1 202 
3 1968 3957 202 
2 4393 202 
2 2404 202 
2 1718 202 
2 1326 202 
3 1747 3631 202 
2 202 1553 
2 2436 203 
2 4155 203 
3 1479 2077 203 
1 203 
3 2978 358 203 
2 203 4012 
2 3957 203 
1 203 
2 1056 203 
1 203 
1 203 
2 3215 203 
1 203 
2 2655 203 
2 1759 203 
2 2870 203 
2 2596 203 
1 203 
3 1734 203 2903 
1 203 
2 1953 203 
1 203 
1 203 
2 4372 203 
5 1143 3931 3563 965 203 
2 2451 203 
1 203 
2 477 203 
1 204 
2 204 3713 
3 2139 3925 204 
4 1732 3401 204 3599 
2 980 204 
1 204 
1 204 
2 1853 204 
1 204 
1 204 
2 4474 204 
1 204 
4 1115 1670 2493 204 
2 4479 204 
2 986 204 
3 2563 1846 204 
1 204 
2 452 204 
1 204 
3 927 4000 204 
3 3565 2671 204 
2 2282 204 
1 205 
2 3792 205 
1 205 
1 205 
2 2110 205 
1 205 
3 3907 3894 205 
1 205 
2 1568 205 
1 205 
1 205 
6 832 1341 3527 2696 205 2395 
1 205 
1 205 
1 205 
2 3006 205 
3 3093 3055 205 
2 3085 205 
3 1810 2696 205 
2 2575 205 
2 1726 205 
1 205 
2 1145 206 
1 206 
2 4330 206 
3 2469 2887 206 
3 1689 4428 206 
2 1147 206 
1 206 
2 4426 206 
2 3547 206 
1 206 
3 3194 3649 206 
1 206 
2 2273 206 
1 206 
1 206 
2 3199 206 
1 206 
3 614 2687 206 
2 3498 206 
1 207 
1 207 
1 207 
3 207 1841 4361 
2 207 2634 
2 207 3334 
2 207 515 
2 207 947 
2 207 3948 
3 207 3736 1120 
2 207 3400 
2 207 2500 
2 207 2393 
2 207 2072 
2 207 4064 
1 207 
2 207 2906 
2 207 2334 
2 207 324 
2 207 2170 
4 207 4398 3906 1532 
2 207 2070 
2 207 1920 
2 207 922 
2 208 3334 
1 208 
5 208 1806 3305 2526 606 
2 208 837 
2 208 850 
1 208 
2 208 437 
2 208 1589 
1 208 
1 208 
1 208 
1 208 
3 208 4295 3647 
3 208 2464 1008 
1 208 
3 1377 208 946 
2 208 1190 
1 208 
3 208 2386 3391 
2 208 2266 
1 208 
2 209 654 
2 1297 209 
2 209 813 
2 512 209 
2 209 2793 
1 209 
2 209 647 
2 1926 209 
2 209 552 
1 209 
2 209 744 
2 209 2765 
4 209 650 3366 2307 
1 209 
1 209 
1 209 
1 209 
2 209 517 
2 210 1045 
3 210 409 2518 
2 3661 210 
1 210 
2 210 1339 
2 210 4499 
1 210 
2 210 2513 
3 210 988 1503 
2 210 4006 
1 210 
3 1554 210 2099 
1 210 
1 210 
2 210 1080 
1 210 
1 210 
4 2136 210 1793 3310 
1 210 
3 210 2335 3085 
2 210 3028 
2 210 1024 
2 3671 211 
3 211 1934 4103 
1 211 
1 211 
1 211 
1 211 
2 211 2733 
2 3851 211 
1 211 
1 211 
1 211 
1 211 
1 211 
2 1246 211 
4 2659 211 3820 3226 
2 211 3817 
1 212 
1 212 
2 809 212 
2 212 1950 
2 212 4338 
1 212 
1 212 
1 212 
2 212 2221 
4 212 3560 242 1518 
2 4078 212 
3 1967 212 3004 
1 212 
2 1121 212 
2 3338 212 
1 212 
1 212 
2 212 2858 
2 212 219 
1 213 
1 213 
1 213 
1 213 
1 213 
1 213 
2 213 1946 
3 1003 213 4432 
2 2703 213 
1 213 
3 1057 213 1160 
1 213 
1 213 
3 673 213 3134 
1 213 
2 213 3607 
1 213 
2 3299 213 
1 213 
1 214 
1 214 
2 214 1836 
2 1556 214 
1 214 
2 214 2713 
2 214 1481 
1 214 
1 214 
1 214 
2 214 282 
2 903 214 
2 1527 214 
1 214 
3 214 4323 4238 
1 214 
2 1689 214 
2 214 3438 
1 214 
2 3572 214 
1 215 
1 215 
2 2891 215 
1 215 
3 3902 1605 215 
1 215 
2 215 3482 
2 215 1289 
2 616 215 
2 4371 215 
2 3109 215 
1 215 
2 3103 215 
1 216 
3 670 598 216 
3 216 2894 1156 
2 2961 216 
2 216 417 
2 216 4467 
3 3300 216 3658 
2 216 544 
2 216 4468 
2 2560 216 
2 448 216 
4 2883 523 216 2817 
3 216 1717 2837 
3 388 1565 216 
1 216 
2 216 3310 
3 2066 1168 216 
2 216 1993 
2 4273 216 
4 2848 216 2123 3843 
2 2033 217 
2 217 3660 
2 217 2669 
3 4405 217 3536 
1 217 
2 217 570 
2 217 2288 
2 3879 217 
2 1777 217 
1 217 
1 218 
2 218 322 
2 218 2284 
2 3575 218 
4 3212 2184 218 911 
2 218 697 
2 218 4325 
2 218 4362 
3 405 3323 218 
2 218 2817 
1 218 
3 797 218 3817 
2 4220 218 
1 218 
2 218 1352 
1 218 
1 218 
3 3752 218 1714 
1 219 
1 219 
1 219 
2 1172 219 
3 4419 1692 219 
2 620 219 
1 219 
1 219 
3 2664 219 4206 
1 219 
2 2214 219 
3 2334 537 219 
2 2382 219 
1 219 
3 219 1849 3464 
2 1210 219 
1 219 
3 219 3731 2395 
1 219 
2 1060 220 
2 1953 220 
2 220 1132 
2 220 3421 
1 220 
2 3832 220 
2 3837 220 
2 220 4145 
2 220 2173 
3 1042 3453 220 
1 220 
3 2848 220 2059 
2 220 3773 
1 220 
2 3675 220 
3 2651 220 2897 
1 221 
2 1156 221 
3 414 221 243 
5 1826 597 3349 221 623 
2 221 3486 
3 3375 221 1947 
1 221 
2 4463 221 
1 221 
2 368 221 
2 1832 221 
2 2422 221 
2 600 221 
2 265 221 
1 221 
2 2479 221 
1 221 
1 221 
2 3721 222 
2 222 2351 
2 366 222 
3 902 222 3769 
2 3380 222 
2 222 2698 
1 222 
2 4423 222 
2 222 4182 
2 2043 222 
3 2313 2140 222 
1 222 
1 222 
2 3141 222 
2 3194 222 
2 222 1376 
3 3055 892 222 
1 222 
2 222 627 
2 222 1678 
3 3195 3135 222 
2 3196 222 
1 222 
1 223 
2 715 223 
4 1157 1718 2173 223 
2 223 322 
1 223 
1 223 
1 223 
2 4028 223 
1 223 
1 223 
2 3212 223 
1 223 
1 223 
2 1510 223 
1 223 
2 2575 223 
3 4400 223 2583 
2 2805 223 
1 223 
1 223 
2 2082 223 
1 223 
1 224 
2 2334 224 
1 224 
1 224 
1 224 
3 1745 224 1398 
2 1364 224 
1 224 
1 224 
2 385 224 
1 224 
1 224 
2 1179 224 
2 4145 224 
2 278 224 
3 3867 4200 224 
3 1337 224 2956 
2 2061 224 
4 4383 435 3385 224 
3 956 726 224 
3 3975 2156 224 
1 224 
1 225 
1 225 
1 225 
1 225 
2 225 555 
4 225 3601 2066 1909 
2 225 4097 
1 225 
1 225 
1 225 
1 226 
1 226 
1 226 
3 226 3253 1892 
3 226 403 455 
1 226 
1 226 
2 226 2261 
1 226 
2 226 1925 
3 226 2403 3615 
1 226 
4 226 3416 3208 747 
5 1577 226 1636 1283 3840 
1 226 
3 226 3144 1660 
1 226 
2 226 2067 
2 226 1724 
2 226 3995 
4 226 1607 2807 4201 
1 226 
1 227 
1 227 
1 227 
1 227 
2 227 1628 
1 227 
2 227 473 
3 227 4160 858 
2 227 3924 
1 227 
3 227 3627 663 
2 227 2228 
1 227 
2 1088 227 
2 227 3023 
3 227 3582 1151 
2 227 2146 
1 228 
2 228 685 
2 228 4328 
2 228 2147 
3 3640 228 604 
2 228 2738 
1 228 
4 1261 228 2399 2221 
3 2760 228 1680 
2 228 1395 
1 228 
4 228 4427 1735 2282 
3 228 3895 3638 
1 228 
1 228 
2 228 1598 
2 229 959 
2 229 4012 
1 229 
3 229 499 4304 
2 229 1530 
2 229 1867 
2 3338 229 
1 229 
3 229 4187 642 
2 1509 229 
1 229 
2 2614 229 
1 229 
1 229 
1 229 
2 2656 229 
2 229 1368 
1 229 
1 230 
1 230 
3 1635 2132 230 
1 230 
4 426 4216 1673 230 
1 230 
3 230 2683 353 
1 230 
4 2748 4272 230 1735 
1 230 
3 380 230 3202 
5 3432 3980 230 358 3100 
2 230 4392 
3 3038 3977 230 
4 1038 756 230 3207 
1 230 
3 934 230 281 
3 230 4119 3312 
1 230 
1 231 
1 231 
2 1058 231 
1 231 
2 1488 231 
1 231 
2 1610 231 
3 231 3204 2196 
1 231 
2 2335 231 
2 3393 231 
1 231 
1 231 
1 231 
2 1509 231 
2 231 789 
1 231 
2 231 281 
2 231 316 
1 232 
3 232 3837 1588 
3 232 1370 1742 
2 232 1292 
3 3341 810 232 
3 1981 3868 232 
1 232 
1 232 
2 232 681 
1 232 
2 232 4254 
1 232 
2 232 3242 
2 933 232 
2 4169 232 
3 232 4172 3246 
1 232 
1 232 
1 232 
4 1855 720 493 232 
1 232 
2 3939 233 
1 233 
1 233 
2 233 3008 
1 233 
3 3359 233 3942 
1 233 
1 233 
3 233 2120 3707 
1 233 
1 233 
1 233 
1 233 
3 2457 233 1740 
2 233 1266 
2 628 234 
3 2661 234 377 
1 234 
1 234 
3 1424 234 3419 
2 234 1043 
2 3195 234 
1 234 
1 234 
2 234 2149 
2 4060 234 
2 234 2283 
