25 2 3 4 5 6 7 8 9 10 11 12 13 14 15 16 17 18 19 20 21 22 23 24 25 26 
18 27 28 29 30 31 32 33 34 35 36 37 38 39 40 1 41 42 43 
29 44 45 46 47 48 49 50 51 52 53 54 55 56 57 58 59 60 61 62 63 64 65 66 67 68 1 69 70 71 
17 72 73 74 75 76 77 78 79 80 81 82 83 84 85 1 86 87 
17 88 89 90 91 92 93 94 95 96 97 98 99 100 101 1 102 103 
25 104 105 106 107 108 109 110 111 112 113 114 115 116 117 118 119 120 121 122 1 123 124 125 126 127 
21 128 129 130 131 132 133 134 135 136 137 138 139 140 141 142 143 1 144 145 146 147 
27 148 149 150 151 152 153 154 155 156 157 158 159 160 161 162 163 164 165 1 166 167 168 169 170 171 172 173 
22 174 175 176 177 178 179 180 181 182 183 184 185 186 187 188 189 190 1 191 192 193 194 
19 195 196 197 198 199 200 201 202 203 204 205 206 207 208 209 210 1 211 212 
19 213 214 215 216 217 218 219 220 221 222 223 224 225 226 227 1 228 229 230 
16 231 232 233 234 235 236 237 238 239 240 241 242 243 244 1 245 
21 246 247 248 249 250 251 252 253 254 255 256 257 258 259 260 261 262 263 1 264 265 
18 266 267 268 269 270 271 272 273 274 275 276 277 278 279 1 280 281 282 
23 283 284 285 286 287 288 289 290 291 292 293 294 295 296 297 298 299 300 301 302 303 1 304 
21 305 306 307 308 309 310 311 312 313 314 315 316 317 318 319 1 320 321 322 323 324 
19 325 326 327 328 329 330 331 332 333 334 335 336 1 337 338 339 340 341 342 
21 343 344 345 346 347 348 349 350 351 352 353 354 355 356 1 357 358 359 360 361 362 
24 363 364 365 366 367 368 369 370 371 372 373 374 375 376 377 378 379 380 1 381 382 383 384 385 
20 386 387 388 389 390 391 392 393 394 395 396 397 398 399 400 1 401 402 403 404 
23 405 406 407 408 409 410 411 412 413 414 415 416 417 418 419 420 421 422 1 423 424 425 426 
21 427 428 429 430 431 432 433 434 435 436 437 438 439 440 441 442 443 444 1 445 446 
21 447 448 449 450 451 452 453 454 455 456 457 458 459 460 461 1 462 463 464 465 466 
21 467 468 469 470 471 472 473 474 475 476 477 478 479 480 481 482 483 1 484 485 486 
20 487 488 489 490 491 492 493 494 495 496 497 498 499 500 501 502 1 503 504 505 
28 506 507 508 509 510 511 512 513 514 515 516 517 518 519 520 521 522 523 524 525 1 526 527 528 529 530 531 532 
23 2 533 534 535 536 537 538 539 540 541 542 543 544 545 546 547 548 549 550 551 552 553 554 
20 2 555 556 557 558 559 560 561 562 563 564 565 566 567 568 569 570 571 572 573 
18 574 2 575 576 577 578 579 580 581 582 583 584 585 586 587 588 589 590 
19 2 591 592 593 594 595 596 597 598 599 600 601 602 603 604 605 606 607 608 
18 2 609 610 611 612 613 614 615 616 617 618 619 620 621 622 623 624 625 
26 2 626 627 628 629 630 631 632 633 634 635 636 637 638 639 640 641 642 643 644 645 646 647 648 649 650 
28 2 651 652 653 654 655 656 657 658 659 660 661 662 663 664 665 666 667 668 669 670 671 672 673 674 675 676 677 
24 2 678 679 680 681 682 683 684 685 349 686 687 688 689 690 691 692 693 694 695 696 697 698 699 
24 2 700 701 702 703 704 705 706 707 708 709 710 711 712 713 714 715 380 716 717 718 719 720 721 
22 722 2 723 724 725 726 74 727 728 729 730 731 732 733 734 735 736 737 738 739 740 741 
24 2 742 743 744 745 746 747 748 749 750 751 752 753 754 755 756 757 758 759 760 761 762 763 764 
16 2 765 766 767 768 769 770 771 772 773 774 775 776 777 778 779 
20 2 233 780 781 782 783 784 785 786 787 788 789 790 791 792 793 794 795 796 797 
19 2 798 799 800 801 802 803 804 805 806 807 808 809 810 811 812 813 814 815 
19 2 816 817 818 819 820 821 822 823 824 825 826 827 828 829 830 831 832 833 
21 2 834 835 836 837 838 839 840 841 842 843 844 845 846 847 848 849 850 851 852 853 
19 2 854 855 856 857 858 859 860 861 862 863 864 865 866 867 868 869 870 871 
16 3 872 873 874 875 876 877 878 879 880 881 882 883 884 885 886 
20 887 3 888 889 890 891 892 893 894 895 896 897 898 899 900 901 902 903 904 905 
24 906 3 907 908 909 910 911 912 913 914 915 916 917 918 919 920 921 922 923 924 925 926 927 928 
24 929 3 930 931 932 933 934 935 936 937 938 939 940 941 942 943 944 945 946 947 948 949 950 951 
23 952 3 953 954 955 956 957 958 959 960 961 962 963 964 965 966 967 968 969 970 971 972 973 
16 3 974 975 976 977 978 979 980 981 982 983 984 985 986 987 988 
15 3 989 990 991 992 993 994 995 996 997 998 999 1000 1001 1002 
26 3 1003 1004 1005 1006 1007 1008 1009 1010 1011 1012 1013 1014 1015 1016 1017 1018 1019 1020 1021 1022 1023 1024 1025 1026 1027 
14 3 1028 1029 1030 1031 1032 1033 1034 1035 1036 1037 1038 1039 1040 
17 3 1041 1042 1043 1044 1045 1046 1047 1048 1049 1050 1051 1052 1053 1054 1055 1056 
19 3 1057 1058 1059 1060 1061 1062 1063 1064 1065 1066 1067 1068 1018 1069 1070 1071 1072 1073 
21 3 1074 1075 1076 1077 1078 1079 1080 1081 1082 1083 1084 1085 1086 1087 1088 1089 1090 1091 1092 1093 
27 3 1094 1095 1096 1097 1098 1099 1100 1101 707 1102 1103 1104 1105 1106 1107 1108 1109 1110 1111 1112 1113 1114 1115 1116 1117 1118 
19 3 1119 1120 1121 351 1122 1123 1124 1125 1126 1127 1128 1129 1130 1131 1132 1133 1134 1135 
17 3 1136 1137 1138 1139 1140 1141 1142 1143 1144 1145 1146 1147 1148 1149 1150 1151 
23 3 1152 1153 1154 1155 1156 1157 1158 1159 1160 1161 1162 1163 1164 1165 1166 1167 1168 1169 1170 1171 1172 1173 
16 1174 3 1175 1176 1177 1178 1179 1180 1181 1182 1183 1184 1185 1186 1187 1188 
13 3 1189 1190 1191 1192 1193 1194 1195 1196 1197 1198 1199 1200 
23 1201 3 1202 1203 1204 1205 1206 1207 1208 1209 1210 1211 1212 1213 1214 1215 1216 1217 1218 1219 1220 1221 1222 
18 1223 3 1224 1225 1226 1227 1228 1229 1230 1231 1232 1233 1234 1235 1236 1237 1238 1239 
29 1240 3 1241 1242 1243 1244 1245 1246 1247 1248 1249 1250 1251 1252 1253 1254 1255 1256 1257 1258 1259 1260 1261 1262 1263 1264 1265 1266 1267 
21 3 1268 1269 1270 1271 1272 1273 1274 1275 1276 1277 1278 1279 1280 1281 1282 1283 1284 1285 1286 1287 
17 1288 3 1289 1290 1291 1292 1293 1294 1295 841 1296 1297 1298 1299 1300 1301 1302 
17 3 1303 1304 1305 1306 1307 1308 1309 1310 1311 1312 1313 1314 1315 1316 1317 1318 
23 1319 3 1320 1321 1322 1323 1324 1325 1326 1327 1328 1329 1330 1331 1332 1333 1334 1335 1336 1337 1338 1339 1340 
16 1341 3 1342 1343 1344 1345 1346 1347 1348 1349 1350 1351 1352 1353 1354 1355 
26 3 1356 1357 1358 1359 1360 1361 1362 1363 1364 1365 1366 1367 1368 1369 1370 1371 1372 1373 1374 1375 1376 1377 1378 1379 1380 
20 3 1381 1382 1383 1384 1385 1386 1387 1388 1389 1390 1391 1392 1393 1394 1395 1396 1397 194 1398 
16 1399 1400 4 1401 1402 1403 1404 1405 1406 1407 1408 1409 1410 1411 1412 1413 
18 4 1414 1415 628 1416 1417 1418 1419 1420 1421 1422 1423 1424 1425 1426 1427 1428 1429 
15 4 1430 1431 36 1432 1433 1434 1435 1436 1437 1438 1439 1440 1441 1442 
15 4 1443 1444 1445 1446 1447 1448 1449 1450 1451 1452 1453 1454 1455 1456 
26 4 1457 1458 1459 1460 1461 1462 1463 1464 1465 1466 1467 1468 1469 1470 1471 1472 1473 1474 1475 1476 1477 1478 1479 1480 1481 
21 1482 4 1483 1484 1485 1486 1487 1488 1489 1490 1491 1492 1493 1494 1495 1496 1497 1498 1499 1500 1501 
27 1502 1503 1504 1505 4 1506 1507 1508 1509 1510 1511 1512 1513 1514 1515 1516 1517 1518 1519 1520 1521 1522 1523 1524 1525 1526 1527 
23 4 1528 1529 1530 1531 1532 1533 1534 1535 1536 1537 1538 379 1539 1540 1541 1542 1543 1544 1545 1546 1547 1548 
17 1549 4 1550 1551 1552 1553 1554 1555 1556 1557 1558 1559 1560 1561 1562 1563 1564 
14 1565 1566 4 1567 1568 1569 1570 1571 1572 1573 1574 1575 1576 1577 
9 1578 4 1096 1579 1535 1580 1581 1582 1583 
16 1584 1585 4 1586 1587 1588 1589 1590 1591 1592 1593 1594 1595 1596 1597 1598 
26 4 1599 1600 1601 512 1602 1603 1604 1605 1606 1607 1608 1609 1610 1611 1612 1613 1614 1615 1616 1617 1618 1619 1620 1621 1622 
27 1623 1624 4 1625 1626 1627 1628 1629 1630 1631 1632 1633 1634 1635 1636 1637 1638 1639 1640 1641 1642 1643 1644 1645 1646 1647 1648 
19 1649 4 1650 1651 1652 1653 1654 1655 1656 1657 1658 1659 1660 1661 1662 1663 1664 1665 1666 
25 1667 1668 4 1669 1670 1671 1672 1673 1674 1675 1676 1677 1678 1679 1680 1681 1682 1683 1684 1685 1686 1687 1688 1689 1690 
16 1691 1692 5 1693 1694 1695 1696 1697 1698 1699 1700 1701 1702 1703 1704 1705 
22 1706 1707 1708 1709 1710 1711 5 1712 1713 1714 1715 1716 1717 1718 1719 1720 1721 1722 1723 1724 1725 385 
27 1726 1727 1728 1729 5 1730 1731 1732 1733 1734 1735 1736 1737 1738 1739 1740 1741 1742 1743 1744 1745 1746 1747 1748 1749 1750 1751 
19 1752 1753 1754 5 1755 1756 1757 1758 1759 1760 1761 1762 1763 1764 1765 1766 1767 1768 1769 
17 1770 5 1771 1772 1773 1774 1775 1776 1777 1778 1779 1780 1781 1782 1783 1784 1785 
26 1786 5 1787 1788 1789 1790 1791 1792 1793 1794 1795 1796 1797 1798 1799 1800 1801 1802 1803 1804 1805 1806 1807 1808 1809 1810 
12 5 1811 1812 1813 1814 1815 1816 1817 1818 1819 1820 1821 
20 5 1822 1823 1824 1825 1826 1827 1828 1829 1830 1831 1832 1833 1834 1835 1836 1837 1838 1839 1840 
17 5 1841 1842 1843 1844 1845 1846 1847 1848 1849 1850 1851 1852 1853 1854 1855 1856 
19 1857 1858 5 1859 1860 1861 1862 1863 1864 1865 1866 1867 1868 1869 1870 1871 1872 1873 1874 
13 5 1875 1876 1877 1878 1879 1880 1881 1882 1883 1884 1885 1886 
21 1887 5 1888 1889 1890 1891 1892 1893 1894 1895 1896 1897 1898 1899 1900 1901 1902 1903 1904 1905 1906 
18 1907 1908 1909 5 1910 1911 1912 1913 1914 1915 1916 1917 1918 1919 1920 1921 1922 1923 
32 1924 1925 5 1626 1926 1927 1928 1929 1930 1931 1932 1933 1934 1935 1936 1937 1938 1939 1940 1941 1942 1943 1944 1945 1946 1947 1948 170 1949 1950 1951 1952 
26 1953 5 1954 1955 1956 1957 1958 1959 1960 1961 1962 1963 1964 1965 1966 1967 1968 1969 1970 1971 1972 1973 1974 1975 1976 1977 
20 5 1978 1979 1980 1981 1982 1983 1984 1985 1986 1987 1988 1989 1990 1991 1992 384 1993 1994 1995 
26 1996 1997 1998 6 1999 2000 2001 2002 2003 2004 2005 2006 2007 2008 2009 2010 2011 2012 2013 2014 2015 2016 2017 2018 2019 2020 
16 2021 6 2022 2023 2024 2025 2026 2027 2028 2029 2030 2031 2032 2033 2034 2035 
17 2036 2037 6 2038 2039 2040 2041 2042 2043 2044 2045 2046 2047 2048 2049 2050 2051 
20 2052 2053 2054 2055 6 2056 2057 2058 2059 2060 2061 2062 2063 2064 2065 2066 2067 2068 2069 2070 
22 2071 6 2072 2073 2074 2075 2076 2077 2078 2079 2080 2081 2082 2083 2084 2085 2086 2087 2088 2089 2090 2091 
17 2092 2093 2094 2095 6 2096 1008 2097 2098 2099 2100 2101 2102 2103 2104 2105 2106 
25 2107 2108 6 2109 2110 2111 2112 2113 2114 2115 2116 2117 2118 2119 2120 2121 2122 2123 2124 2125 2126 2127 2128 2129 2130 
15 2131 6 2132 2133 2134 2135 2136 2137 2138 2139 2140 2141 2142 2143 2144 
18 6 2145 2146 2147 2148 2149 2150 2151 2152 2153 2154 2155 2156 2157 2158 2159 2160 2161 
19 2162 6 2163 2164 2165 2166 2167 2168 2169 2170 2171 2172 2173 2174 2175 2176 2177 2178 2179 
15 6 2180 2181 2182 2183 2184 2185 2186 2187 2188 2189 2190 2191 2192 2193 
21 2194 2195 2196 6 2197 2198 2199 2200 2201 2202 2203 2204 2205 2206 2207 2208 2209 2210 2211 2212 2213 
23 2214 2215 2216 6 2217 2218 2219 1098 2220 2221 2222 2223 2224 2225 2226 2227 2228 2229 2230 2231 2232 2233 2234 
19 2235 2236 2237 6 2238 2239 2240 2241 2242 2243 2244 2245 2246 2247 2248 2249 2250 2251 2252 
23 2253 2254 6 2255 2256 2257 2258 2259 2260 2261 2262 2263 2264 2265 2266 2267 2268 2269 2270 2271 2272 2273 2274 
17 2275 6 2276 2277 2278 2279 2280 2281 2282 2283 2284 2285 2286 2287 2288 2289 2290 
19 2291 6 2292 2293 2294 2295 2296 2297 2298 2299 2300 2301 2302 2303 2304 2305 2306 2307 2308 
16 2309 6 2310 2311 2312 2313 2314 2315 2316 2317 2318 2319 2320 2321 2322 2323 
24 2324 2325 6 2326 2327 2328 2329 2330 2331 2332 2333 2334 2335 2336 2337 2338 2339 2340 2341 2342 2343 2344 2345 2346 
22 2347 2348 2349 6 2350 2351 2352 2353 2354 2355 2356 2357 2358 2359 2360 2361 2362 2363 2364 883 2365 2366 
28 2367 2368 2369 6 2370 2371 2372 2373 2374 2375 2376 2377 2378 2379 2380 2381 2382 2383 2384 2385 2386 2387 2388 2389 2390 2391 2392 2393 
22 2394 2395 2396 2397 6 2329 2398 2399 2400 2401 2402 604 2403 2404 2405 2306 2406 2407 2408 2409 1782 2410 
19 2411 2412 2413 6 2414 2415 2416 2417 2418 2419 2420 2421 2422 2423 2424 2425 2426 2427 2428 
24 2429 2430 2431 6 2432 2433 2434 2435 2436 2437 2438 2439 2440 2441 2442 2443 2444 2445 2446 2447 2448 2449 2450 2451 
23 2452 2453 2454 2455 2456 7 2457 2458 2459 2460 2461 2462 2463 2464 2465 2466 2467 2468 2469 2470 2471 2472 2473 
25 2474 2475 2476 2477 2478 7 2479 2480 2481 2482 2483 2484 2485 2486 2487 2488 2489 2490 2491 2492 2493 2494 2495 2496 245 
18 2497 2498 7 2499 2500 2501 2502 2503 2504 2505 2506 2507 2508 2509 2510 2511 2512 2513 
14 2514 2515 2516 2517 7 2518 2519 2520 2521 2522 2523 2524 2525 2526 
18 2527 2528 2529 2530 2531 7 2532 1877 2533 2534 2535 2536 2537 2538 2539 2540 2541 2542 
23 2543 2544 2545 2546 7 2547 2548 2549 2550 2551 2552 2553 2554 2555 2556 2557 2558 2559 2560 2561 2562 2563 2564 
23 2565 2566 7 2567 1772 2568 2569 2570 2571 2572 2573 2574 2575 2576 2577 2578 2579 2580 2581 2582 2583 2584 2585 
24 2586 2587 2588 2589 7 2590 2591 2592 389 2593 2594 2595 2596 2597 2598 2599 2600 2601 2602 2603 2604 2605 2606 2607 
23 2608 2609 2610 2611 2612 7 2613 2614 2615 2616 2617 2618 2619 2620 2621 2622 2623 2624 2625 2626 2627 2628 2629 
20 2630 2631 7 2632 2633 2634 2635 2636 2637 1161 2638 2639 2640 2641 2642 2643 2644 2645 2646 2647 
19 2648 7 2649 2650 2651 2652 2653 2654 2655 2656 2657 2658 2659 2660 2661 2662 2663 2664 1950 
24 2665 2666 2667 2668 2669 7 2670 2671 2672 2673 2674 2675 2676 2677 2678 2679 2680 2681 2682 2683 2684 2685 2686 2687 
17 7 2688 2689 1792 2690 2691 2692 2693 2694 2695 2696 2697 445 2698 2344 2699 2700 
25 2701 2702 2703 2704 2705 2706 2707 7 2708 2709 2710 2711 2712 2713 2714 2715 2716 2717 2718 2719 2720 2721 2722 2723 2724 
19 2725 2726 2727 2728 2729 7 2730 2481 2731 2732 2733 2734 2735 2736 2737 2738 2739 2740 2741 
19 2742 2743 2744 7 2745 2746 2747 2748 2749 2750 2751 2752 2753 2754 2755 2756 2757 2758 2759 
20 2760 2761 7 2762 2763 2764 2765 1843 2766 2767 2768 2769 2770 2771 2772 2773 2774 2775 2776 2777 
13 2778 2779 2780 2781 2782 2783 7 2784 2785 2786 2787 2788 2789 
19 2790 2791 2792 2793 7 2794 2795 2796 2797 2798 2799 2800 2801 2802 2803 2804 2805 2806 2807 
15 2808 2809 2810 2811 7 2812 2813 2814 2118 2815 2816 2817 2818 2819 2820 
13 2821 2822 2823 8 2824 2825 2826 2827 2828 2829 521 2830 2831 
24 2832 2833 2834 2835 2836 2837 2838 8 2839 2840 2841 2842 2843 2844 2845 2846 2847 2848 2849 2850 2851 1232 2852 2853 
28 2854 2855 2856 2857 2858 2859 2860 8 2861 2862 2863 2864 2865 2866 2867 2868 2869 2870 2871 2872 2873 2874 2875 2876 2877 2878 2879 2880 
17 2881 2882 2883 2884 8 2885 2886 2887 2888 2889 2890 2891 2892 2893 2894 2895 2896 
17 8 2897 2898 2899 2900 2901 2902 2903 2904 2905 2906 2907 2908 2909 2910 2911 2912 
20 2913 2914 2915 2916 2917 2918 2919 1601 8 2920 2921 2922 2923 2924 2925 2926 2927 2928 2929 2930 
15 2931 2932 2933 8 2934 2935 2936 2937 2938 2939 2940 2941 988 2942 2943 
30 2944 2945 2946 2947 2948 8 271 2949 2950 2951 2952 2953 2954 2955 2956 2957 2958 2959 2960 2961 2962 2963 2964 2965 2966 2967 2968 2969 2970 2971 
23 2972 8 2973 2974 2975 2976 2977 2978 2979 2980 2981 2982 2983 2984 2985 1941 2986 2987 2988 2989 2990 2991 2992 
20 8 2993 2994 2995 2296 2996 2997 2998 2999 3000 3001 3002 3003 3004 3005 3006 3007 3008 3009 3010 
18 3011 3012 8 3013 3014 3015 3016 3017 3018 3019 3020 3021 3022 3023 3024 3025 3026 3027 
29 3028 3029 3030 3031 3032 8 3033 3034 3035 3036 3037 3038 3039 3040 3041 3042 3043 2300 3044 3045 3046 3047 3048 3049 3050 3051 3052 3053 3054 
23 3055 3056 3057 3058 3059 3060 8 3061 3062 3063 3064 3065 3066 3067 3068 3069 3070 3071 3072 3073 3074 3075 3076 
17 3077 3078 3079 8 3080 3081 3082 3083 3084 3085 3086 3087 3088 500 3089 3090 3091 
18 3092 3093 8 3094 3095 3096 3097 3098 3099 3100 3101 3102 3103 3104 3105 3106 3107 1476 
21 3108 3109 3110 3111 3112 3113 3114 8 3115 3116 3117 3118 3119 3120 3121 3122 3123 3124 3125 3126 3127 
17 3128 3129 3130 3131 3132 8 3133 3134 3135 3136 3137 3138 3139 3140 3141 3142 3143 
25 3144 3145 3146 3147 3148 3149 3150 3151 3152 8 3153 3154 3155 3156 3157 3158 3159 3160 3161 3162 1091 3163 3164 3165 3166 
16 3167 3168 8 3169 3170 3171 3172 3173 3174 3175 3176 3177 3178 3179 3180 3181 
22 3182 8 3183 179 3184 3185 3186 3187 3188 3189 3190 3191 3192 3193 3194 3195 3196 3197 3198 3199 3200 3201 
20 3202 3203 3204 3205 8 3206 3207 3208 3209 3210 3211 3212 3213 3214 3215 3216 3217 3218 3219 3220 
15 3221 3222 3223 3224 3225 8 3226 3227 3228 3229 3230 3231 3232 3233 3234 
19 3235 3236 3237 3238 8 3239 3240 3241 3242 3243 517 3244 3245 3246 3247 101 3248 3249 3250 
13 3251 8 3252 3253 3254 3255 3256 3257 3258 3259 3260 3261 3262 
7 8 3263 3264 3265 3266 3267 3268 
18 3269 3270 3271 3272 3273 8 3274 3275 3276 3277 3278 3279 3280 3281 3282 3283 3284 3285 
33 3286 3287 3288 3289 175 3290 3291 3292 3293 3294 3295 9 3296 3297 3298 3299 3300 3301 3302 3303 3304 3305 3306 3307 3308 3309 3310 3311 3312 3313 3314 3315 3316 
22 3317 174 3318 3319 3320 3321 9 3322 3323 3324 3325 3326 3327 3328 3329 3330 3331 3332 3333 3334 3335 3336 
20 3337 3338 9 3339 3340 3341 3342 3343 3344 3345 3346 3347 3348 3349 3350 3351 3352 3353 3354 3355 
17 3356 3357 3358 3359 9 3360 3361 3362 830 2141 3363 3364 3365 3366 3367 3368 3369 
17 3370 3371 3372 3373 3374 3375 3376 9 3377 3378 3379 3380 3381 3382 3383 3384 3385 
15 3386 3387 3388 3389 3390 9 3391 3392 3393 3394 167 3395 3396 3397 3398 
27 3399 3400 2369 3401 3402 3403 3404 9 3405 3406 3407 3408 3409 3410 3411 3412 3413 3414 3415 3416 3417 3418 3419 3420 3421 3422 3423 
28 3424 3425 3426 3427 3428 3429 3430 9 3431 3432 3433 3434 3435 3436 3437 3438 3439 3440 3441 3442 3443 3444 3445 3446 3447 3448 3449 3450 
20 3451 3452 3453 3454 9 3455 3456 3457 3458 3459 3460 3461 3462 3255 3463 3464 3465 3466 3467 3468 
15 3469 3470 3471 3472 9 3473 3474 3475 3476 3477 3478 3479 3480 3481 3482 
16 3483 3484 3485 9 3486 3487 3488 3489 3490 3491 3492 774 3493 3494 3495 3496 
12 3497 3498 3499 9 3500 3501 3502 3503 3504 3505 3506 3507 
23 3508 3509 3510 3511 3512 3273 3513 9 3514 3515 3516 1875 3517 3518 3519 3520 3521 3522 3523 3524 3525 3526 3527 
25 3528 3529 3530 3531 9 3532 3533 3534 3535 3536 3537 1464 3538 3539 3540 3541 3542 3543 3544 3545 3546 3547 3548 3549 3550 
18 3551 3552 3553 3554 3555 3556 3557 2457 9 3558 3559 2165 3560 3561 190 3562 3563 3564 
27 3565 3566 3567 3568 3569 3570 3571 9 3572 3573 3574 3575 3576 3577 3578 3579 1748 3580 3581 3582 3583 3584 3585 3586 3587 3588 3589 
19 3590 3591 3592 9 3593 3594 3595 2082 188 3596 3597 3598 3599 3600 3601 3602 3603 3604 3605 
18 3606 3607 3608 3609 9 3610 3611 3612 3613 3614 3615 3616 3617 3618 3619 3620 3621 3622 
18 3623 3624 9 3625 3626 3627 3628 3629 3630 3631 3632 3633 3634 3635 3636 3637 3638 3639 
24 3640 3641 3642 9 3643 3644 3645 3646 3274 3647 3648 3649 3650 3651 3652 3653 3654 3655 3656 3657 3658 3659 3660 3661 
26 3662 3663 3664 3665 3666 9 3667 2310 3668 3669 293 3670 3671 3672 3673 3674 3675 3676 3677 3678 3679 2775 3680 3681 3682 71 
21 3683 3684 3685 3686 3687 3688 10 3689 3690 3691 3692 3693 3694 3695 3696 3697 3698 3699 3700 3701 3702 
15 3703 3704 3705 10 3706 3707 3708 3709 3710 3711 3712 3713 3714 3715 3716 
16 3717 3718 3719 3720 3721 3722 10 3723 3724 3725 1195 3726 3727 3728 3729 3730 
24 3731 3732 3733 3734 10 3735 3736 3737 3738 3739 3740 3741 3742 3743 3744 773 3745 3746 3747 3748 3749 3750 3751 3752 
24 3753 3754 908 3755 3756 3757 10 3758 3759 3760 3761 3762 3763 3764 3765 3766 3767 3768 3769 3770 3771 3772 3773 3774 
18 3775 3776 3777 3778 10 3779 3780 3781 3782 3783 3784 3785 3786 3787 3788 3789 3790 3791 
19 3792 3793 3794 10 3795 3796 3797 3798 3799 3800 3801 3802 3803 3804 3805 3806 3807 3808 3809 
15 3810 3811 3812 3813 3814 3815 10 3816 3817 3818 1820 3819 3820 3821 3822 
26 3823 3824 3825 3826 3827 3828 3829 10 3830 3831 3832 3833 3834 3835 3836 3837 3838 3839 3840 3841 3842 1834 3843 3844 3845 3846 
27 3847 3848 3849 3850 3851 3852 3853 3854 10 3855 3856 3857 3858 3859 3860 3861 3862 3863 3864 3865 3866 3867 3868 3869 3870 3871 3872 
19 3873 1075 3874 3875 3876 3877 10 3878 3879 3880 3881 3882 3883 3884 3885 3886 3887 3888 3889 
20 3890 3732 3891 3892 3893 3894 10 2002 3895 3896 3897 3898 3899 3900 3901 3902 3903 3904 3905 3906 
22 3907 3908 3909 3910 3911 3912 10 3913 3914 3915 3916 3917 3918 3919 3920 3921 3922 3923 3924 3925 3926 1481 
23 3927 3928 3929 3930 3931 3932 10 3933 3934 3935 3936 3937 3938 3939 3940 3941 3942 3943 3944 3945 3946 3947 3948 
19 3949 3950 3951 3952 3953 10 3954 3955 3956 3957 3958 3959 3960 3961 3962 3963 2967 2070 3964 
17 3965 3966 3967 3968 3969 3970 10 3971 3972 3973 3974 3975 3976 3977 3978 3979 3980 
24 3981 3982 3983 3984 3985 3986 3987 3988 10 3989 3990 3991 3992 3993 3994 3995 3996 3997 3998 3999 4000 4001 4002 4003 
17 4004 4005 4006 4007 4008 2762 4009 4010 10 4011 4012 4013 4014 4015 4016 4017 553 
24 4018 4019 4020 4021 4022 4023 4024 4025 11 4026 4027 4028 4029 4030 4031 4032 4033 4034 4035 4036 4037 4038 4039 4040 
19 4041 4042 11 4043 4044 4045 4046 4047 4048 4049 4050 2830 4051 4052 4053 4054 4055 4056 4057 
24 4058 4059 4060 4061 4062 4063 4064 11 4065 4066 4067 4068 1434 4069 4070 4071 4072 4073 4074 4075 4076 4077 4078 2853 
25 4079 4080 4081 4082 4083 4084 4085 11 4086 4087 4088 4089 4090 4091 4092 4093 1850 692 4094 4095 4096 4097 4098 4099 3314 
16 4100 4101 4102 4103 4104 4105 11 4106 4107 4108 4109 4110 4111 4112 4113 4114 
22 1345 4115 11 4116 4117 4118 4119 4120 4121 2903 4122 4123 4124 4125 4126 4127 4128 4129 3165 4130 4131 4132 
24 4133 4134 4135 4136 4137 4138 4139 11 4140 4141 4142 4143 4144 3834 4145 4146 4147 4148 4149 4150 4151 4152 4153 4154 
17 4155 4156 4157 4158 11 4159 4160 4161 4162 4163 4164 4165 4166 4167 4168 4169 4170 
19 4171 4172 4173 4174 4175 11 4176 4177 4178 4179 4180 4181 4182 4183 4184 4185 4186 4187 4188 
28 4189 4190 4191 4192 4193 4194 4195 4196 11 4197 4198 4199 4200 4201 4202 4203 4204 4205 4206 4207 4208 4209 4210 4211 4212 4213 4214 4215 
14 4216 4217 1714 4218 4219 11 4220 4221 4222 4223 4224 4225 4226 4227 
16 4228 4229 4230 4231 11 4232 4233 713 4234 4235 4236 4237 4238 2526 4239 4240 
22 4241 4242 4243 4244 4245 4246 4247 11 4248 4249 4250 4251 1256 4252 4253 2984 4254 4255 4256 4257 676 4258 
25 11 4259 4260 4261 4262 4263 4264 4265 4266 4267 4268 4269 4270 4271 4272 4273 1778 4274 4275 4276 4277 4278 4279 4280 4281 
19 4282 4283 4284 4285 4286 11 4287 4288 4289 4290 2378 4291 4292 4293 4294 4295 4296 4297 4298 
18 4299 4300 4301 4302 4303 4304 3645 11 4305 4306 4307 4308 4309 4310 4311 4312 4313 4314 
17 4315 4316 11 4317 4318 4319 4320 4321 4322 4323 4324 4325 4326 4327 4328 4329 4330 
18 4331 4332 4333 4334 4335 4336 4337 4338 11 1967 4339 4340 4341 4342 4343 4344 4345 4346 
14 4347 1771 1863 4348 12 4349 4350 4351 4352 4353 4354 4355 4356 4357 
20 4358 4359 4360 4361 4362 12 4363 4364 4365 4366 4367 4368 4369 4370 4371 4372 4373 4374 4375 4376 
22 4377 4378 4379 4380 4381 4382 12 4383 4384 4385 4386 4387 4388 4389 4390 4391 4392 39 4393 4394 4395 4396 
29 4397 4398 2476 4399 4400 4401 4402 4403 12 4404 4405 4406 4407 4408 4409 4410 4411 4412 4413 4414 4415 4416 4417 4418 4419 4420 4421 4422 4423 
23 4424 4425 2702 4426 4427 978 4428 12 4429 4430 4431 4432 4433 4434 4435 4436 4437 4438 4439 4440 4441 4442 4443 
27 4444 4445 4446 4447 4448 4449 4450 12 4451 4452 4453 4454 4455 4456 4457 4458 4459 4460 4461 4462 4463 4464 4465 4466 4467 4468 4469 
22 4470 4471 4472 4473 4474 12 4475 3392 4476 4477 4478 4479 4480 4481 4482 4483 4484 4485 4486 4487 4488 4489 
34 4490 4491 4492 4493 4494 4495 4496 4497 4498 12 4499 4500 4501 4502 4503 4504 4505 4506 4507 3044 4508 4509 4510 4511 4512 4513 4514 778 4515 4516 3027 4517 4518 4519 
18 4520 4521 4522 12 4523 4524 4525 4526 4527 4528 4529 4530 4531 4532 4533 4534 4535 4536 
21 4537 4538 4539 4540 4541 12 4542 4543 4544 4545 4546 4547 4548 1746 4549 4550 4551 4552 4553 4554 4555 
13 4556 4557 4558 4559 4560 4561 4562 2293 12 4563 4564 4565 4566 
24 4567 4568 4569 4570 4571 4572 4573 4574 4575 2312 12 4576 435 4577 4578 4579 4580 4581 4582 4583 4584 4585 4586 4587 
23 4588 4589 4590 4591 4592 4593 4594 4595 4596 4597 12 4598 4599 4600 4601 4602 4603 4604 4605 4606 4607 4608 4609 
24 4610 4611 4612 4613 4614 4615 4616 4617 12 4618 4619 4620 4621 4622 4623 4624 4625 4626 4627 4628 4629 4630 4631 4632 
23 129 4633 4634 4635 4636 4637 4638 12 4639 4640 4641 4642 4643 4644 4645 4646 4647 4648 4649 4650 4651 4652 4653 
25 4654 4655 4656 4657 4658 4659 4660 4661 13 4662 4663 4664 4665 4666 4667 4668 4669 481 4670 1186 4671 4672 4673 4674 4675 
24 4676 4677 4678 4679 4680 4681 4682 4683 4684 13 4685 4686 4121 4687 4688 4689 4690 4691 4692 4693 4694 4695 4696 4697 
28 4698 4699 4700 4701 4702 4703 4704 3514 13 4705 4706 4707 3957 4708 4709 4710 4711 4712 4713 4714 4715 4716 4717 4718 4719 4720 4721 4722 
21 4723 4724 4725 4726 4727 4728 13 4729 1699 3614 4730 4731 4732 4733 4734 4735 4736 4737 4738 282 4739 
24 4740 4741 4742 4743 4744 4745 4746 4747 4748 4749 4750 4751 13 4752 4753 4754 4755 4756 4757 4758 4759 4760 4761 4762 
24 4763 4764 4765 4766 4767 4768 4769 13 4770 4771 4772 4773 4774 4775 4776 4777 4778 4779 4780 4781 4782 4783 4784 4785 
16 4786 1401 4787 4788 4789 13 4790 4791 4792 4793 4794 4795 4796 4797 4798 4799 
16 13 4800 4801 4802 4803 4804 4805 4806 4807 4808 4809 4810 4811 4812 4813 4814 
31 4815 4816 4817 4818 4819 4820 4821 4822 4823 4824 4825 13 4826 4827 4828 4829 4830 4641 4831 4832 4833 4834 4835 4836 4837 4838 4839 4840 4841 4842 4843 
16 780 4844 4845 4846 4847 4848 13 4849 4850 4851 4852 3380 4853 4854 4855 4856 
14 4857 4858 4859 13 2483 4860 4861 4862 4863 4864 4865 4866 4867 4868 
19 4869 4870 555 4871 4872 4873 4874 13 4875 4876 4877 4878 4076 4879 4880 4881 4882 4883 4884 
17 4885 4886 4887 4888 4889 4890 4891 13 4892 4893 827 4894 4895 4896 4897 4898 4899 
11 4900 4901 4902 13 4903 4904 4905 4906 4907 4908 4909 
12 4910 1771 4911 13 4912 4913 4914 4915 4916 4917 4918 4919 
22 4920 4100 4921 4922 4923 4924 4925 4926 4927 4928 4929 4930 4931 13 4932 4933 4934 4935 4936 4937 4938 4939 
21 4940 4941 4942 4943 4282 4944 4945 13 4946 4947 4948 4949 4950 4951 4952 4953 4954 4955 4956 4957 4958 
27 4959 4960 4961 4962 4963 4964 4965 4966 4967 13 4968 4969 4970 4971 4972 4973 4974 4975 4976 4977 4978 4979 4980 4981 4982 4983 4984 
20 4985 4986 13 4987 4988 4989 4990 4991 4992 4993 4994 4995 4996 4997 4998 4999 5000 5001 3423 5002 
26 5003 5004 5005 5006 5007 5008 5009 5010 13 5011 5012 2459 5013 5014 5015 5016 5017 5018 5019 5020 5021 5022 5023 5024 5025 5026 
14 5027 5028 5029 14 5030 5031 5032 5033 5034 5035 5036 5037 5038 5039 
19 5040 5041 5042 5043 5044 5045 5046 5047 14 5048 5049 5050 5051 5052 5053 5054 5055 2391 5056 
18 5057 5058 5059 3270 5060 409 5061 5062 5063 14 5064 5065 5066 5067 5068 5069 5070 5071 
30 5072 5073 5074 5075 5076 5077 911 5078 2292 5079 5080 14 3832 5081 5082 5083 5084 5085 5086 5087 5088 5089 5090 5091 5092 5093 5094 5095 5096 5097 
20 5098 5099 5100 5101 14 5102 5103 5104 5105 5106 5107 5108 5109 5110 5111 5112 5113 5114 5115 5116 
27 5117 5118 5119 5120 5121 5122 5123 5124 5125 5126 2200 155 5127 5128 5129 14 5130 3650 5131 5132 2938 5133 5134 5135 5136 5137 5138 
30 5139 5140 5141 5142 5143 5144 5145 5146 5147 5148 5149 5150 14 5151 5152 5153 5154 5155 5156 5157 5158 5159 5160 5161 4795 5162 2507 5163 5164 5165 
16 5166 5167 5168 14 5169 5170 5171 5172 5173 5174 5175 5176 5177 5178 5179 5180 
18 5181 5182 5183 5184 5185 14 5186 5187 1349 5188 5189 5190 5191 842 5192 5193 5194 5195 
12 5196 5197 5198 5199 5200 14 5201 5202 5203 5204 5205 5206 
19 5207 5208 5209 5210 5211 5212 14 5213 5214 5215 5216 5217 5218 5219 5220 5221 5222 5223 5224 
17 5225 5226 5227 5228 5229 5230 14 5231 5232 5233 5234 5235 5236 5237 5238 5206 5239 
23 5240 5241 5242 5243 5244 5245 5246 5247 5248 14 5249 5250 5251 5252 4432 5253 5254 5255 5256 5257 5258 5259 5260 
22 5261 5262 5263 5264 5265 5266 5267 14 5268 5269 5270 5271 5272 5273 5274 5275 5276 5277 5278 5279 5280 3481 
19 5281 5282 5283 5284 5285 5286 5287 5288 5289 14 5290 5291 5292 5293 5294 5295 5296 5297 5298 
4 5299 5300 14 5088 
4 249 14 4904 2660 
2 3627 15 
2 4921 15 
1 15 
3 1320 15 1235 
1 15 
1 15 
2 2029 15 
2 2114 15 
1 15 
3 15 3844 3178 
2 15 194 
1 15 
1 15 
1 15 
2 15 1542 
2 5073 15 
2 1417 15 
1 15 
2 15 4130 
1 15 
1 15 
2 3594 15 
2 1341 16 
2 16 2449 
2 16 2386 
2 16 2365 
2 16 4209 
3 16 521 2695 
1 16 
2 16 3368 
1 16 
2 16 4015 
1 16 
2 3469 16 
1 16 
5 750 16 4221 456 499 
4 3409 16 2491 2798 
4 3296 4498 16 1116 
3 16 1374 2964 
2 16 2601 
2 16 4580 
3 2021 3303 16 
4 2095 4157 1364 17 
1 17 
3 4504 17 4077 
2 17 1375 
4 4192 17 807 1687 
2 17 4916 
2 17 737 
3 2863 17 1130 
3 1004 705 17 
3 2324 4935 17 
1 17 
3 577 3780 17 
4 651 5123 17 927 
3 17 2449 4585 
1 17 
1 17 
3 17 5217 1563 
4 2517 1606 17 1643 
3 540 4043 18 
1 18 
2 2796 18 
1 18 
2 18 2303 
1 18 
3 34 18 1000 
2 18 1986 
2 57 18 
1 18 
1 18 
2 18 4001 
2 3757 18 
1 18 
1 18 
1 18 
2 1044 18 
4 2858 18 1408 1424 
4 3571 4197 18 4780 
1 18 
2 19 3220 
5 724 707 5249 19 4733 
2 19 1093 
4 2665 3931 4475 19 
1 19 
1 19 
1 19 
1 19 
1 19 
5 3405 19 4275 399 4056 
2 19 2465 
1 19 
2 975 19 
1 19 
2 19 3348 
3 5289 19 4204 
4 4491 3815 79 19 
5 2324 5003 35 19 739 
1 19 
1 19 
1 19 
2 19 103 
2 89 19 
1 20 
2 3273 20 
1 20 
4 3114 1251 135 20 
2 20 2664 
1 20 
2 2980 20 
1 20 
2 2981 20 
2 1935 20 
2 20 1561 
2 20 2775 
4 2462 2751 20 3249 
3 372 1554 20 
1 20 
2 20 649 
1 20 
5 1507 3687 639 1372 20 
2 430 20 
2 21 1903 
1 21 
1 21 
4 3079 1775 21 4417 
4 268 21 2965 4240 
2 21 699 
1 21 
1 21 
1 21 
1 21 
3 1081 917 21 
1 21 
1 21 
1 21 
1 21 
2 4976 21 
3 3815 3913 21 
1 21 
1 21 
2 4615 21 
4 1791 4350 21 2642 
1 21 
3 4066 3869 22 
1 22 
2 4845 22 
2 22 404 
1 22 
2 4929 22 
2 3290 22 
2 4144 22 
2 242 22 
1 22 
3 456 2124 22 
2 4559 22 
2 2817 22 
3 5200 22 4536 
6 4377 4369 2304 22 3808 1886 
2 3332 22 
3 22 2541 4114 
3 4634 2746 22 
3 1756 140 22 
2 4952 22 
1 23 
1 23 
2 2339 23 
2 2852 23 
2 4349 23 
1 23 
4 906 1507 4087 23 
5 2195 1955 23 2991 466 
4 2954 3916 23 1886 
3 437 318 23 
1 23 
3 4324 23 4982 
3 3386 969 23 
2 5266 23 
1 23 
2 4288 23 
2 3915 23 
2 2774 23 
1 23 
2 454 23 
1 24 
2 4480 24 
2 3654 24 
1 24 
2 3228 24 
2 24 2105 
2 24 1265 
1 24 
2 1629 24 
1 24 
1 24 
1 24 
1 24 
2 5281 24 
5 246 3648 2123 24 4114 
2 4270 24 
1 24 
1 24 
1 24 
2 510 24 
1 25 
2 3446 25 
1 25 
1 25 
2 4142 25 
2 4787 25 
1 25 
1 25 
3 4752 3577 25 
1 25 
2 1824 25 
3 2380 5069 25 
4 4250 318 2408 25 
3 4660 161 25 
3 3647 25 2193 
3 3022 3867 25 
3 4668 25 1133 
3 1258 2985 25 
2 2834 25 
2 3161 26 
2 4210 26 
1 26 
2 1939 26 
4 2012 3676 26 486 
5 1240 1712 3091 739 26 
3 1731 84 26 
2 633 26 
2 4156 26 
2 2249 26 
1 26 
2 170 26 
2 26 1977 
2 3125 26 
1 26 
4 148 310 1662 26 
1 26 
2 2198 26 
2 2001 26 
2 2566 26 
2 4950 26 
1 26 
1 26 
2 1076 26 
1 26 
1 26 
2 3150 26 
4 27 1669 884 4813 
3 27 5247 4529 
3 27 2454 728 
2 27 2307 
1 27 
3 27 4021 3521 
3 27 5210 2998 
2 343 27 
1 27 
2 930 27 
3 27 4459 552 
4 27 3425 2027 2700 
1 27 
2 27 3443 
2 27 5108 
1 27 
1 27 
2 27 2160 
1 27 
3 27 543 2343 
3 27 212 1171 
2 27 4632 
4 28 257 3603 1380 
1 28 
2 28 2795 
2 28 620 
4 3823 4172 28 2223 
1 28 
2 28 4322 
2 4654 28 
1 28 
1 28 
3 28 4574 1872 
1 28 
1 28 
1 28 
2 28 4441 
2 28 2654 
2 28 4818 
2 1136 28 
2 28 1372 
2 29 4713 
3 29 2218 4651 
1 29 
6 29 1387 2485 4895 336 4330 
1 29 
3 29 3708 4355 
2 29 1804 
2 29 4774 
2 29 4776 
2 3150 29 
1 29 
3 29 3731 4420 
3 29 4110 3978 
1 29 
3 29 4035 4535 
2 29 4563 
4 29 4143 943 796 
1 30 
2 30 3670 
1 30 
2 30 3464 
1 30 
1 30 
3 30 2298 4000 
1 30 
1 30 
2 30 1833 
2 30 3572 
2 30 1426 
1 30 
3 30 5267 125 
3 2761 30 3998 
3 4724 30 3773 
2 30 2748 
1 30 
2 31 4883 
1 31 
2 31 4575 
2 31 995 
1 31 
1 31 
2 31 763 
3 31 5018 2344 
4 31 2994 4287 4737 
4 31 2463 3328 4675 
3 2093 31 1611 
2 31 558 
2 3358 31 
3 1176 31 3782 
2 31 1884 
2 31 2816 
1 31 
1 32 
2 32 3502 
2 73 32 
2 3111 32 
3 32 2059 3903 
5 1357 32 3084 1085 2091 
1 32 
3 32 513 860 
4 1030 32 4576 2302 
3 1361 32 2028 
2 32 3382 
1 32 
3 32 3300 3693 
2 32 403 
2 5027 32 
4 32 4263 4841 1282 
3 4493 32 3840 
3 32 4271 948 
1 32 
5 32 682 2732 3212 2978 
3 32 3913 1210 
3 32 1290 3698 
1 32 
2 32 401 
1 32 
2 33 337 
1 33 
2 33 2105 
2 1601 33 
1 33 
1 33 
3 33 3835 3120 
2 33 2768 
1 33 
3 33 2402 1665 
2 33 4806 
1 33 
3 1710 33 4357 
2 2838 33 
1 33 
1 33 
1 33 
2 33 890 
2 33 3750 
1 33 
1 33 
2 33 3880 
2 33 1132 
2 33 3743 
3 33 3305 695 
3 33 225 944 
3 33 746 3446 
3 34 727 4465 
2 34 4092 
1 34 
1 34 
4 34 1979 1125 645 
1 34 
3 3484 34 968 
2 1303 34 
3 34 3306 2364 
1 34 
2 34 2445 
2 34 1352 
2 34 2984 
1 34 
5 216 34 1148 699 3604 
2 34 4375 
1 34 
3 34 5159 675 
2 34 1481 
2 34 3418 
1 34 
5 34 410 2770 692 2266 
2 35 5100 
4 35 4769 3746 1378 
2 35 1183 
1 35 
3 35 1460 1882 
3 35 333 3482 
2 35 3315 
3 364 35 56 
4 4676 35 1387 3541 
2 35 3802 
2 35 1658 
2 35 2016 
1 35 
2 35 224 
2 35 4861 
1 35 
3 35 2763 2979 
1 35 
1 35 
2 35 1162 
2 35 1021 
2 35 3090 
2 36 3925 
2 36 4790 
2 364 36 
2 36 2264 
3 1224 3378 36 
4 678 3511 36 4665 
5 3399 535 36 3138 1527 
2 36 812 
1 36 
1 36 
1 36 
2 36 2488 
1 36 
2 36 1220 
1 36 
2 36 331 
3 2885 36 867 
3 511 36 380 
2 36 3142 
1 36 
2 37 1395 
2 37 2380 
1 37 
2 37 4091 
2 37 677 
2 37 2140 
2 37 1577 
2 37 3261 
3 37 318 2563 
3 4045 37 1128 
3 2952 37 2509 
3 37 2384 2772 
2 37 3563 
1 37 
1 37 
2 4700 37 
3 2479 3133 37 
1 37 
2 2931 37 
1 37 
2 37 2716 
4 615 37 3164 3527 
3 37 2621 4151 
4 4349 38 4126 4213 
1 38 
1 38 
1 38 
2 38 3675 
1 38 
2 38 4341 
4 1081 1634 38 1337 
3 198 1079 38 
3 184 38 2269 
3 1691 38 918 
1 38 
1 38 
3 238 38 2965 
1 38 
3 5150 255 39 
1 39 
2 4776 39 
1 39 
3 1964 39 1840 
2 39 3161 
2 39 4016 
2 3359 39 
1 39 
2 39 4344 
4 4703 39 2559 5035 
1 39 
3 3982 938 39 
1 39 
4 3855 39 3887 3527 
3 39 5280 1287 
2 39 590 
3 1552 39 3176 
1 40 
2 40 5175 
1 40 
2 40 2877 
1 40 
1 40 
3 2138 2285 40 
1 40 
1 40 
3 329 40 3394 
3 40 940 1499 
2 2977 40 
2 40 1440 
2 2355 40 
3 729 40 950 
2 4291 40 
1 40 
1 40 
1 41 
3 1757 3345 41 
2 2531 41 
3 1909 3610 41 
2 1203 41 
2 41 5094 
1 41 
2 3631 41 
1 41 
3 4034 41 3844 
2 1741 41 
3 258 4393 41 
1 41 
1 41 
2 177 41 
1 41 
2 1683 41 
2 4483 41 
1 42 
3 4932 4435 42 
1 42 
1 42 
1 42 
1 42 
2 3940 42 
3 5033 66 42 
4 4943 274 4479 42 
1 42 
2 2766 42 
2 1098 42 
1 42 
1 42 
1 42 
1 42 
2 3327 42 
4 1400 3666 1044 42 
2 2275 42 
3 2846 5111 42 
1 43 
3 2667 4479 43 
2 998 43 
1 43 
2 4713 43 
2 1173 43 
2 633 43 
2 3192 43 
2 3757 43 
4 3971 4912 4582 43 
1 43 
1 43 
2 2707 43 
3 1961 738 43 
3 2973 1595 43 
2 3489 43 
1 43 
4 4655 3359 2923 43 
1 44 
3 44 4594 4451 
1 44 
1 44 
1 44 
4 44 1405 3347 2068 
1 44 
1 44 
1 44 
2 44 1264 
1 44 
3 44 1567 123 
4 533 44 2716 1301 
1 44 
1 44 
1 45 
1 45 
2 45 1983 
4 45 3492 668 2736 
1 45 
1 45 
2 45 4541 
1 45 
1 45 
1 45 
1 45 
1 45 
1 45 
2 45 1494 
1 45 
2 45 2454 
1 45 
3 45 3514 4997 
1 45 
5 46 1225 3430 453 4517 
2 46 4775 
3 46 199 3303 
1 46 
1 46 
3 269 46 1141 
3 46 2553 3676 
3 46 4616 1988 
3 46 4853 3140 
3 46 2009 1495 
2 4083 46 
2 46 415 
3 46 3084 775 
3 46 2937 3418 
1 46 
1 46 
2 46 2359 
1 46 
1 46 
1 46 
1 46 
5 46 962 3210 3580 337 
1 46 
3 47 996 3043 
3 47 542 1150 
1 47 
3 47 5289 4029 
2 1138 47 
2 47 2274 
2 47 3871 
3 1822 47 4752 
3 5208 47 4212 
2 47 792 
4 1399 47 4782 2804 
2 47 808 
1 47 
1 47 
3 47 4274 590 
3 47 4861 676 
2 47 1389 
2 47 3415 
1 47 
3 47 2030 643 
3 47 4988 5257 
3 3824 47 812 
1 47 
2 2587 48 
2 48 5153 
1 48 
3 48 3557 1970 
2 48 1039 
1 48 
3 48 3232 3639 
2 48 1331 
3 2665 48 5287 
2 48 2078 
3 48 4209 927 
1 48 
2 48 2722 
2 48 3957 
1 48 
4 4962 1588 5265 48 
3 48 684 4643 
2 48 459 
1 48 
2 1203 48 
4 48 4246 4623 1725 
2 48 3100 
2 3358 49 
3 49 3442 375 
2 49 3097 
1 49 
4 235 4656 49 2813 
1 49 
2 49 4792 
1 49 
3 3113 49 1062 
1 49 
3 49 4602 5204 
1 49 
2 49 2459 
2 49 2164 
2 49 154 
1 50 
1 50 
3 1530 50 2013 
1 50 
2 2543 50 
2 50 4760 
2 612 50 
3 929 50 1904 
1 50 
4 5225 856 50 2222 
2 50 3267 
4 3399 50 349 3806 
2 50 1433 
1 50 
4 4924 2096 51 2144 
2 51 333 
2 1075 51 
1 51 
1 51 
2 109 51 
2 4199 51 
1 51 
2 51 2800 
2 51 1776 
2 51 3725 
1 51 
1 51 
1 51 
1 51 
3 51 54 2723 
3 51 1762 3681 
3 51 2766 3708 
3 51 4121 720 
4 1864 51 3097 3772 
2 4679 51 
1 51 
3 51 4309 3548 
1 51 
1 51 
2 1103 52 
1 52 
2 634 52 
3 52 4955 1496 
1 52 
2 52 1302 
2 52 4186 
2 52 3584 
1 52 
5 2689 5062 52 1127 3582 
3 52 1092 1547 
3 956 3723 52 
1 52 
1 53 
1 53 
2 1271 53 
4 53 359 851 1621 
2 53 2117 
1 53 
2 53 2748 
1 53 
1 53 
1 53 
1 53 
2 3954 53 
2 3852 53 
2 4680 53 
4 53 1214 2086 4153 
3 3877 2691 53 
1 54 
2 54 4182 
1 54 
1 54 
2 2887 54 
2 54 982 
1 54 
2 54 1105 
2 3927 54 
1 54 
1 54 
2 4753 54 
2 3795 54 
1 54 
1 54 
2 54 4412 
2 4538 54 
1 55 
4 1005 55 205 4608 
3 55 3580 529 
2 55 1881 
2 55 4759 
2 55 773 
4 55 3882 3945 1704 
3 415 55 772 
2 2399 55 
1 55 
1 55 
2 631 55 
2 1656 55 
2 3235 55 
3 3339 55 3089 
2 55 1869 
2 4832 55 
4 55 165 3679 4154 
2 55 1038 
3 5057 365 55 
2 56 1514 
3 2497 56 2282 
2 56 82 
1 56 
4 5265 116 56 845 
1 56 
1 56 
1 56 
1 56 
3 4680 1028 56 
1 56 
3 3590 1064 56 
3 4502 56 1129 
1 56 
2 56 1474 
2 3452 56 
3 1270 56 1918 
2 56 3888 
1 56 
1 56 
2 56 3898 
1 56 
3 3150 56 320 
1 56 
2 56 4147 
3 57 3617 3200 
1 57 
3 2975 2533 57 
2 57 4507 
1 57 
3 4828 57 1546 
2 682 57 
2 57 2383 
3 2653 57 1037 
3 4524 751 57 
5 1322 5130 4320 57 1106 
3 2054 57 332 
4 1696 57 1256 3125 
2 57 673 
4 2205 4309 57 503 
3 57 1833 4584 
2 4305 57 
3 4872 58 572 
3 2673 58 1428 
2 933 58 
1 58 
1 58 
6 3426 5141 911 3475 58 4650 
1 58 
1 58 
3 1811 3012 58 
1 58 
2 5147 58 
1 58 
2 58 692 
1 58 
2 930 58 
2 3030 58 
4 3514 5103 59 3353 
1 59 
1 59 
3 1349 59 5258 
3 3796 59 2787 
2 59 3791 
2 3827 59 
2 4410 59 
1 59 
3 3243 137 59 
3 59 4564 719 
3 3720 1842 59 
1 59 
3 59 5156 1918 
2 2216 59 
1 59 
1 59 
4 1293 59 4354 1264 
1 59 
3 59 4978 553 
4 4800 59 4049 4735 
2 859 59 
2 3643 60 
2 5076 60 
2 60 622 
1 60 
2 60 4918 
2 60 2844 
2 4218 60 
1 60 
1 60 
4 702 3390 3208 60 
2 3568 60 
1 60 
3 246 1714 60 
1 60 
1 60 
3 61 3579 2966 
3 3155 61 3024 
1 61 
1 61 
1 61 
3 61 5158 3808 
2 197 61 
1 61 
2 3985 61 
3 4429 61 2777 
1 61 
2 1925 61 
2 3338 62 
3 1915 62 2601 
3 820 62 971 
1 62 
1 62 
1 62 
2 62 4882 
2 5229 62 
1 62 
2 62 646 
2 62 3009 
1 62 
2 5148 62 
5 62 2736 3366 1055 4982 
1 62 
2 3572 62 
2 62 2991 
1 62 
1 62 
2 62 735 
4 4217 4845 1655 62 
3 3399 2378 62 
1 63 
5 5196 726 3935 63 2942 
2 906 63 
3 1241 63 1476 
2 63 3074 
3 63 2937 2853 
2 3895 63 
3 4706 63 3421 
1 63 
2 149 63 
1 63 
2 4503 63 
4 286 4574 63 2801 
1 63 
4 4862 2009 63 2245 
2 4948 63 
2 3873 63 
4 511 2420 64 1768 
2 1226 64 
2 64 1441 
2 5191 64 
1 64 
2 2429 64 
3 5087 64 2448 
1 64 
1 64 
1 64 
3 1731 3445 64 
3 1673 389 64 
2 1388 64 
2 4528 64 
1 64 
4 4620 1575 64 2049 
3 225 64 1131 
1 64 
2 64 504 
1 64 
2 64 3807 
3 4509 64 1995 
1 64 
3 5014 64 2191 
4 4333 64 881 1169 
3 473 1892 64 
2 2416 64 
1 64 
1 65 
2 4067 65 
2 1110 65 
4 1043 1538 65 1411 
2 3136 65 
1 65 
1 65 
1 65 
1 65 
2 2067 65 
2 2260 65 
2 1361 65 
2 2631 65 
2 65 5022 
2 641 65 
2 2931 65 
2 3110 65 
2 65 3870 
3 3457 3832 65 
2 65 795 
1 66 
2 1662 66 
2 66 647 
4 1435 5052 66 1521 
1 66 
2 66 1169 
1 66 
1 66 
3 5229 66 5257 
2 4120 66 
1 66 
3 1786 4390 66 
1 66 
2 66 884 
3 1033 4834 66 
3 685 2297 67 
1 67 
1 67 
4 3761 67 1562 2645 
2 2692 67 
1 67 
3 2397 4945 67 
1 67 
3 4613 3138 67 
2 3289 67 
2 2171 67 
1 67 
1 67 
1 67 
2 2661 67 
2 1825 67 
1 68 
3 286 3651 68 
1 68 
2 1129 68 
1 68 
3 3823 1760 68 
1 68 
1 68 
2 68 4675 
2 1962 68 
1 68 
1 68 
2 959 68 
3 1997 68 2323 
1 68 
1 68 
2 1793 68 
1 68 
5 3515 772 68 2049 4227 
2 3894 68 
2 3219 68 
2 4825 68 
2 305 69 
1 69 
1 69 
2 1762 69 
3 218 69 1906 
1 69 
1 69 
2 3203 69 
3 1155 274 69 
1 69 
1 69 
2 689 69 
4 2728 2113 69 3195 
2 1913 69 
3 4640 2364 69 
1 70 
4 631 2545 3695 70 
1 70 
1 70 
2 3417 70 
3 635 1279 70 
1 70 
2 3737 70 
3 325 2058 70 
2 2778 70 
2 2781 70 
1 70 
2 3013 70 
1 70 
1 70 
5 1756 3985 2183 4051 70 
4 3150 70 403 573 
2 2539 70 
4 4321 1640 321 70 
2 328 70 
1 70 
2 5273 70 
2 701 70 
2 70 5138 
3 555 3714 70 
2 2688 71 
2 3401 71 
2 3777 71 
3 2870 3105 71 
2 1791 71 
3 3209 3439 71 
3 577 708 71 
3 1252 2279 71 
2 945 71 
1 71 
1 71 
1 71 
1 71 
3 1845 2508 71 
2 742 71 
1 71 
1 71 
1 71 
3 72 4266 939 
2 72 851 
2 72 252 
2 2254 72 
1 72 
1 72 
2 72 877 
1 72 
2 72 1773 
3 72 3151 360 
3 3056 72 4551 
1 72 
2 72 1271 
1 72 
1 72 
2 73 4711 
3 73 1448 3198 
2 73 3198 
2 73 299 
1 73 
2 73 2794 
2 73 3619 
2 73 2084 
1 73 
1 73 
2 73 360 
1 73 
2 73 602 
2 73 2970 
2 1137 73 
4 73 3185 4488 4868 
2 74 2988 
3 74 2261 3978 
1 74 
2 74 1001 
4 215 2836 74 4201 
3 5118 1291 74 
3 74 1720 4152 
2 74 2125 
2 74 4579 
1 74 
2 74 810 
2 1242 74 
2 74 3458 
1 75 
3 2691 75 4554 
1 75 
2 2516 75 
1 75 
2 1415 75 
3 75 4220 4796 
2 75 3617 
2 75 2652 
1 75 
2 75 2443 
2 2614 75 
2 3182 75 
1 75 
3 76 3256 4631 
1 76 
2 76 1783 
3 4083 704 76 
3 4556 2654 76 
5 1999 2060 76 3656 1646 
3 4283 76 4622 
3 76 3938 187 
1 76 
3 76 1897 2806 
3 76 4832 2213 
2 76 2191 
1 76 
2 76 3278 
2 76 2772 
1 76 
1 76 
4 2369 76 3897 1108 
1 76 
3 1226 76 162 
1 76 
1 76 
4 4557 76 4622 2364 
3 3572 76 4461 
5 2370 76 207 696 2405 
1 77 
2 77 3107 
1 77 
1 77 
1 77 
1 77 
1 77 
1 77 
1 77 
3 4136 2025 77 
2 77 5178 
2 77 3348 
2 77 900 
3 915 77 2376 
6 2276 1031 77 1688 5297 3143 
1 77 
3 2113 77 4386 
3 2833 77 808 
1 77 
6 4230 77 4392 4646 1945 4341 
1 78 
2 78 4148 
1 78 
1 78 
2 78 4271 
4 453 78 1942 403 
2 78 5223 
1 78 
1 78 
1 78 
2 78 2392 
2 3491 78 
3 1094 1728 78 
2 78 4898 
1 78 
1 78 
3 4028 78 4269 
1 78 
1 78 
2 1291 78 
1 78 
1 78 
2 78 4551 
2 3967 78 
1 78 
3 4942 728 78 
2 79 2043 
1 79 
2 991 79 
1 79 
1 79 
2 79 3587 
3 3640 2350 79 
2 79 82 
1 79 
2 3717 79 
4 1271 79 4837 4994 
1 79 
1 79 
1 79 
2 79 297 
2 4382 79 
3 4641 79 3681 
2 79 4648 
2 1124 79 
4 4928 79 4508 1038 
2 79 3885 
1 80 
2 3802 80 
2 4191 80 
4 4496 2377 80 797 
3 4567 80 4208 
4 2333 80 399 4868 
1 80 
2 80 4277 
2 80 4481 
2 80 4605 
3 80 5216 4206 
2 2395 80 
2 80 396 
2 1306 80 
4 80 341 5114 4738 
1 80 
1 81 
1 81 
4 5058 81 4035 883 
2 2649 81 
2 3662 81 
2 4777 81 
2 2198 81 
1 81 
1 81 
2 81 4808 
3 3013 1255 81 
3 3130 81 2724 
2 748 81 
1 82 
3 3760 2028 82 
2 4474 82 
3 4960 4901 82 
2 82 1903 
4 3078 3735 2140 82 
2 3380 83 
1 83 
2 4665 83 
1 83 
2 967 83 
1 83 
1 83 
2 2076 83 
1 83 
3 2436 5232 83 
1 83 
3 2434 83 868 
2 83 4463 
1 83 
2 83 3478 
1 84 
1 84 
4 654 153 4508 84 
1 84 
2 4041 84 
1 84 
1 84 
3 84 3702 342 
2 3957 84 
2 84 3819 
2 5125 84 
3 4560 4522 84 
3 619 84 4796 
2 4830 84 
2 1847 84 
1 84 
1 84 
1 84 
1 84 
2 2275 84 
1 84 
2 84 3179 
3 5146 1044 84 
1 84 
1 85 
1 85 
3 4492 4047 85 
2 101 85 
1 85 
4 4682 3686 1867 85 
2 475 85 
2 2195 85 
1 85 
2 85 1994 
5 4444 4509 3416 85 2104 
4 772 85 3659 3549 
1 85 
3 2648 2136 85 
3 2836 4858 85 
2 2690 85 
1 85 
2 1374 85 
3 3391 5013 85 
1 85 
2 85 342 
2 3771 85 
1 85 
2 1462 85 
1 85 
1 85 
1 86 
2 86 3369 
1 86 
1 86 
1 86 
1 86 
2 86 1221 
5 2523 2863 1086 86 2018 
1 86 
2 710 86 
3 2058 5184 86 
1 86 
3 3931 1899 86 
3 1289 521 86 
1 86 
1 86 
3 660 4665 86 
3 2516 1937 86 
2 5135 87 
1 87 
2 533 87 
1 87 
1 87 
2 2405 87 
4 1251 2492 87 2250 
2 2918 87 
1 87 
4 5225 2340 5133 87 
1 87 
1 87 
1 87 
1 87 
1 87 
3 2515 4148 87 
2 832 87 
2 1944 87 
1 87 
1 87 
3 329 1831 87 
2 1496 87 
2 4732 87 
1 87 
2 88 775 
1 88 
1 88 
2 88 5045 
1 88 
2 88 1131 
2 88 1988 
3 88 2960 1817 
2 88 249 
3 88 2421 2970 
2 88 3379 
1 88 
1 88 
2 88 1080 
1 88 
3 89 3295 2685 
2 89 4163 
4 89 3301 3175 2891 
1 89 
2 89 663 
1 89 
3 89 511 3632 
2 89 3123 
4 89 223 2121 1186 
1 89 
1 89 
1 89 
1 89 
2 89 4492 
2 89 1436 
1 89 
2 2430 89 
3 89 4110 3730 
3 89 2522 3333 
2 89 972 
2 90 2495 
3 90 4382 3105 
4 90 1826 1514 2318 
2 90 3076 
1 90 
5 90 512 1250 3855 4120 
1 90 
1 90 
2 90 4193 
3 90 2519 5008 
1 90 
1 90 
1 90 
2 90 2175 
3 90 5211 4932 
3 90 826 2319 
1 90 
1 90 
1 90 
2 90 4312 
2 90 240 
2 90 5233 
3 90 189 3284 
3 90 2413 4516 
1 90 
1 90 
1 91 
3 2916 91 2561 
2 91 5066 
1 91 
4 91 3670 1371 445 
2 817 91 
1 91 
2 91 4962 
2 91 1324 
1 91 
3 91 1344 1019 
2 91 1981 
1 91 
1 91 
2 91 4185 
2 91 2162 
3 1240 91 3049 
1 91 
1 92 
4 231 92 4580 260 
4 92 134 2619 4461 
2 92 1407 
3 92 2952 4807 
2 92 408 
3 92 1012 3329 
1 92 
2 92 226 
3 92 1864 5090 
2 92 2734 
1 92 
2 92 125 
3 92 4137 1459 
3 2821 92 1905 
2 2543 92 
3 93 4380 1299 
1 93 
2 93 2976 
1 93 
1 93 
4 93 1385 4086 425 
2 93 140 
2 93 1335 
1 93 
1 93 
1 93 
2 93 3513 
1 93 
2 93 3420 
2 3236 93 
1 93 
1 93 
3 93 2924 2177 
3 93 5230 580 
3 93 4929 3158 
1 93 
1 93 
1 93 
3 3028 93 2671 
2 93 4149 
3 4947 94 1144 
3 3968 2616 94 
1 94 
3 94 3244 2927 
1 94 
1 94 
5 94 1698 2359 2299 1897 
1 94 
1 94 
3 3552 94 202 
1 94 
2 936 95 
1 95 
3 497 95 2043 
2 95 1318 
2 1728 95 
3 4524 95 4419 
1 95 
2 3429 95 
1 95 
2 95 1687 
2 95 4694 
3 600 95 1134 
4 4335 203 4119 95 
3 2237 4155 95 
4 3337 95 1901 3638 
3 2150 95 2305 
1 95 
3 3720 5124 95 
3 4538 784 95 
3 4446 2825 96 
4 1163 96 5254 2161 
3 4920 96 144 
1 96 
2 96 1394 
1 96 
3 1613 96 2269 
3 3689 96 2245 
1 96 
4 216 4947 96 2033 
1 96 
2 3253 96 
2 4828 96 
2 3081 96 
1 96 
2 2854 96 
1 97 
3 2792 1981 97 
1 97 
1 97 
2 1865 97 
2 97 4341 
3 231 97 2141 
3 97 1022 1779 
3 1861 3077 97 
1 97 
2 1628 97 
1 97 
2 1089 97 
1 97 
2 2497 97 
3 1887 97 565 
2 2707 97 
1 97 
6 2460 4621 186 98 3604 4170 
3 3149 98 2600 
3 132 98 2471 
1 98 
2 98 3635 
1 98 
2 1077 98 
2 704 98 
1 98 
2 98 623 
3 4986 98 3468 
3 455 98 441 
4 4921 4662 99 1872 
1 99 
1 99 
1 99 
2 3430 99 
3 3451 99 1265 
2 4352 99 
2 99 2051 
1 99 
2 99 3600 
4 1466 1817 99 2495 
1 99 
2 99 1661 
1 99 
2 99 1836 
2 3928 99 
3 405 99 1582 
2 996 99 
2 99 1784 
2 1345 99 
1 100 
2 5289 100 
3 819 4576 100 
1 100 
2 2673 100 
1 100 
3 100 1354 3639 
1 100 
5 2291 1202 4063 100 3837 
2 3910 100 
2 100 2211 
6 3222 2674 100 1165 1110 3164 
2 3835 100 
1 100 
1 100 
2 100 5055 
1 100 
2 2491 101 
4 3413 2339 101 1200 
2 5062 101 
2 4703 101 
1 101 
1 101 
3 3921 101 2940 
2 101 3945 
5 4363 101 3447 3395 3268 
2 2481 101 
1 101 
3 395 101 1992 
4 3939 2282 101 3004 
2 101 1666 
1 101 
2 509 101 
1 101 
3 5225 156 101 
2 1507 101 
2 3428 101 
2 1684 101 
2 101 1501 
1 101 
1 101 
3 2717 2299 101 
2 3062 101 
2 138 101 
1 101 
1 101 
3 3973 102 4983 
1 102 
2 454 102 
2 3088 102 
2 3243 102 
3 3228 2888 102 
2 4341 102 
1 102 
2 867 102 
2 1328 102 
1 102 
4 784 3435 102 4720 
1 102 
1 102 
3 2134 102 230 
2 2636 102 
1 102 
3 955 3102 102 
1 102 
2 4192 102 
3 4071 3007 102 
1 102 
1 102 
1 102 
3 518 102 5205 
1 103 
2 682 103 
1 103 
3 1858 1763 103 
3 2817 2561 103 
2 889 103 
2 2800 103 
1 103 
4 350 2848 4644 103 
3 3242 4143 103 
3 913 1697 103 
2 2024 103 
1 103 
1 103 
2 1935 103 
2 5115 103 
2 1632 103 
3 4288 1261 103 
1 104 
2 104 1332 
3 104 3942 3176 
3 104 3188 1462 
1 104 
2 104 524 
5 104 5181 4911 3339 206 
4 104 3959 4794 3220 
2 104 3450 
1 104 
1 104 
2 104 4225 
1 104 
4 104 4043 915 1237 
1 104 
1 104 
2 104 510 
2 104 991 
1 104 
1 104 
3 104 711 2085 
1 104 
2 104 1656 
2 104 2363 
2 104 4913 
2 105 324 
3 105 2858 4232 
3 105 4302 4661 
2 105 1989 
4 105 2917 1491 5112 
1 105 
3 105 2113 544 
3 105 635 1579 
3 105 289 2102 
2 105 948 
2 105 4222 
1 105 
2 105 1850 
1 105 
1 105 
1 106 
2 106 3193 
1 106 
1 106 
1 106 
1 106 
1 106 
3 106 1528 1824 
1 106 
1 106 
2 106 2978 
3 106 5158 3727 
1 106 
4 106 1255 1337 3843 
1 106 
5 106 1894 2316 3072 4039 
5 107 4682 4770 4258 5180 
3 107 2200 3120 
4 3775 4136 107 1130 
1 107 
2 107 2838 
1 107 
3 107 1364 1659 
2 630 107 
3 107 1462 3693 
4 107 5283 3418 5021 
1 107 
1 107 
1 107 
1 107 
1 107 
2 107 1277 
2 107 877 
2 107 3635 
3 107 209 2274 
1 108 
2 108 4918 
1 108 
3 108 3061 3975 
2 108 3471 
4 108 1591 5278 2540 
2 108 2604 
3 2833 108 961 
1 108 
1 108 
1 108 
2 108 190 
1 108 
2 108 1421 
2 108 2016 
2 108 1055 
1 108 
3 108 4728 2090 
2 108 3349 
4 4332 108 2088 3889 
2 631 108 
1 109 
3 4360 109 619 
2 109 4132 
3 109 325 4212 
2 1003 109 
1 109 
1 109 
2 109 3550 
1 109 
2 109 2803 
2 109 2029 
2 109 5100 
3 109 4285 1633 
3 653 109 472 
1 109 
1 110 
2 110 3537 
1 110 
1 110 
3 4397 110 4043 
1 110 
5 110 2027 1353 1498 3090 
2 110 290 
1 110 
1 110 
2 110 1045 
2 110 147 
1 110 
2 110 4999 
3 110 1714 2520 
2 110 4319 
2 110 481 
3 110 4351 437 
3 3498 110 1437 
3 110 4380 4706 
1 110 
2 110 4614 
3 4889 110 4188 
1 110 
1 111 
1 111 
1 111 
2 111 1967 
3 111 2634 4841 
2 111 1636 
2 3356 111 
3 111 804 2661 
2 3704 111 
3 111 747 1583 
4 1863 5042 177 111 
3 2919 111 4937 
1 111 
2 1003 111 
1 112 
2 112 3994 
1 112 
2 4926 112 
3 112 4522 3639 
4 112 4990 4322 1837 
1 112 
3 112 3763 2525 
2 112 4670 
2 2608 112 
2 2824 112 
2 112 4895 
1 112 
1 112 
1 112 
3 112 4542 550 
2 112 1842 
2 113 1767 
1 113 
3 113 987 4995 
3 113 4841 188 
1 113 
2 2668 113 
1 113 
1 113 
1 113 
3 113 1313 2385 
2 113 4341 
3 113 4142 4213 
1 113 
4 2615 113 1739 4393 
1 113 
2 113 1803 
2 113 2755 
2 4493 113 
1 114 
1 114 
2 114 3316 
3 114 4755 1371 
2 4574 114 
1 114 
1 114 
1 114 
2 114 2818 
1 114 
1 114 
4 114 4850 1468 1263 
2 114 3124 
3 114 501 4696 
1 115 
3 1630 115 454 
3 4858 115 4850 
1 115 
4 4241 1571 115 523 
1 115 
4 2053 271 115 3622 
1 115 
2 3108 115 
1 115 
1 115 
3 115 4620 1133 
3 3356 115 2754 
1 115 
2 115 5095 
1 115 
2 2348 115 
3 115 1917 5138 
1 115 
3 115 1467 4146 
1 116 
1 116 
3 116 4162 1166 
2 116 4213 
2 575 116 
2 116 2965 
1 116 
4 116 5152 5277 4294 
2 998 116 
3 2944 559 116 
3 3469 116 4864 
1 116 
3 3454 2708 116 
1 116 
2 116 2473 
1 116 
2 3735 116 
2 116 4455 
3 2763 116 2768 
1 116 
2 116 2409 
2 3724 117 
3 3150 117 2959 
2 117 1835 
2 3426 117 
2 5266 117 
1 117 
3 2309 2779 117 
1 117 
2 3109 117 
2 117 5234 
5 4902 117 1848 1237 2756 
2 117 4390 
1 117 
2 117 2376 
2 515 117 
2 1673 117 
2 117 5156 
1 117 
2 5029 118 
2 1402 118 
1 118 
1 118 
1 118 
2 2838 118 
1 118 
2 118 1278 
2 1431 118 
4 118 4731 5203 2896 
2 118 4731 
2 725 118 
1 118 
2 118 699 
2 118 2526 
1 118 
3 118 1847 774 
2 3301 118 
2 3717 118 
2 118 4937 
1 118 
4 934 118 3904 2070 
3 119 1618 852 
3 4680 119 1496 
1 119 
2 119 3332 
4 3371 2612 119 1388 
2 119 5037 
1 119 
4 1095 1936 119 3245 
1 119 
1 119 
2 804 119 
1 119 
1 119 
1 119 
4 4305 119 3087 4607 
2 119 3600 
3 4455 120 1915 
4 269 120 5172 4694 
3 120 241 2877 
1 120 
1 120 
3 3358 120 157 
3 3452 1303 120 
2 597 120 
4 120 1817 3675 1948 
4 4745 2633 120 159 
2 2590 120 
2 634 120 
3 4571 347 120 
4 120 441 4842 2910 
2 120 1837 
3 2633 120 125 
3 536 120 2664 
2 120 4794 
2 2241 121 
2 121 194 
2 121 4373 
2 121 242 
2 121 4094 
1 121 
1 121 
3 121 4629 2051 
1 121 
3 1728 3271 121 
3 121 1741 2873 
1 121 
3 3873 121 4512 
2 3981 121 
2 121 1332 
5 3956 122 380 334 3478 
3 4085 5101 122 
2 4501 122 
1 122 
1 122 
2 122 125 
1 122 
2 3917 122 
1 122 
2 1554 122 
1 122 
2 122 3922 
1 122 
1 122 
1 122 
3 1925 449 122 
3 1676 3960 122 
2 4140 122 
1 122 
3 122 4955 552 
3 616 140 122 
1 122 
1 122 
2 3802 123 
2 2210 123 
2 4848 123 
2 1534 123 
1 123 
1 123 
1 123 
1 123 
2 811 123 
2 4852 123 
2 4444 123 
2 2683 123 
4 4948 1817 922 123 
2 3015 123 
1 123 
1 123 
2 123 2019 
4 686 123 1355 1479 
3 308 3325 123 
2 2868 123 
2 3214 124 
1 124 
4 180 4289 1474 124 
4 3483 4395 124 1481 
1 124 
1 124 
1 124 
2 4408 124 
1 124 
4 3558 1495 2248 124 
3 1552 4686 124 
4 227 124 4697 1222 
1 124 
5 743 4947 498 4112 124 
3 3969 124 3526 
3 3049 124 2663 
3 1126 3584 124 
3 753 124 3027 
3 4305 2171 124 
2 307 124 
3 4142 124 4532 
1 124 
1 124 
4 3378 3971 4463 124 
3 267 3068 124 
3 1512 124 3947 
2 4850 124 
2 3078 125 
2 1560 125 
1 125 
2 1309 125 
2 4924 125 
4 1082 4734 3024 125 
2 2583 125 
2 2779 125 
4 4815 4473 660 125 
2 4852 125 
1 125 
3 1672 125 1481 
2 3537 125 
2 5283 125 
2 499 125 
3 3108 125 2234 
2 3353 125 
1 126 
1 126 
2 1749 126 
1 126 
1 126 
2 1266 126 
5 4964 3911 3858 3602 126 
2 4562 126 
1 126 
2 1240 126 
2 1700 126 
1 126 
2 2924 126 
1 126 
3 4914 2598 126 
1 126 
1 126 
2 2776 126 
3 1245 127 4799 
2 1722 127 
2 3518 127 
3 2952 2553 127 
3 3335 127 2789 
2 1595 127 
1 127 
3 1593 2444 127 
2 3826 127 
4 3033 3514 2831 127 
1 127 
2 4137 127 
1 127 
1 127 
2 1453 127 
3 2436 3025 127 
2 688 127 
1 127 
3 5128 3175 127 
5 4560 1246 2502 3595 127 
5 306 3167 4221 338 127 
1 127 
1 127 
2 128 3263 
2 128 3142 
3 128 535 902 
1 128 
1 128 
3 128 3239 188 
1 128 
3 128 986 265 
4 128 2835 1875 3308 
1 128 
2 128 398 
3 128 4861 618 
1 128 
4 128 3339 373 4601 
1 128 
2 128 2872 
2 128 3654 
2 128 4724 
1 128 
3 128 1877 4071 
1 128 
2 128 2228 
2 129 2911 
2 129 2482 
3 129 234 3955 
3 129 4889 5029 
2 129 5108 
2 129 758 
1 129 
4 129 1933 142 4213 
2 129 2475 
4 129 3339 4045 256 
2 129 4364 
2 129 577 
1 129 
2 4377 129 
3 129 3740 733 
1 129 
1 129 
4 1924 129 3725 319 
3 129 4613 1673 
1 129 
1 129 
4 1726 129 1897 4734 
2 129 4786 
3 1095 130 1871 
1 130 
1 130 
2 130 2735 
2 130 3733 
3 130 2448 5114 
1 130 
1 130 
2 130 3042 
1 130 
2 130 272 
3 130 3833 1394 
2 130 752 
2 130 2707 
3 130 4752 2594 
2 130 2755 
1 130 
1 131 
3 131 1682 4899 
4 131 1446 4207 1666 
2 131 342 
2 131 3326 
3 131 1735 2998 
3 131 5140 2121 
1 131 
2 131 1724 
5 2528 131 1656 4826 3334 
2 131 3751 
2 131 2152 
4 131 4263 224 2267 
3 132 4913 3583 
2 132 2523 
3 132 4032 4457 
1 132 
2 132 818 
2 132 5065 
2 132 1121 
1 132 
1 132 
1 132 
2 132 4179 
1 132 
2 132 1373 
3 132 2076 3420 
2 132 443 
2 132 4230 
3 133 993 1785 
1 133 
3 1357 133 3785 
4 3552 3718 133 2555 
2 2586 133 
1 133 
2 133 3613 
2 133 4480 
2 133 4619 
1 133 
3 2432 133 912 
1 133 
3 2546 133 4707 
2 133 2768 
1 133 
2 133 5087 
2 133 790 
2 133 3227 
5 1753 133 4089 1982 3362 
1 133 
2 133 750 
1 133 
1 134 
4 4538 134 3015 525 
1 134 
2 134 4097 
1 134 
2 134 4000 
4 4859 3877 134 3334 
3 2668 134 3836 
2 134 4439 
2 134 3859 
2 3359 134 
2 134 3972 
2 2952 134 
1 134 
1 134 
1 134 
1 134 
1 134 
2 134 2400 
1 134 
1 134 
2 2547 135 
3 952 135 5081 
1 135 
1 135 
3 5210 135 2301 
1 135 
4 4575 2616 135 3250 
1 135 
2 135 2511 
4 4520 3186 135 3659 
1 135 
1 135 
3 3823 135 2425 
2 135 4994 
2 135 1876 
4 1202 4929 135 322 
1 135 
2 5184 135 
2 135 2077 
2 135 3979 
2 4217 135 
1 135 
2 136 2154 
2 2668 136 
1 136 
1 136 
2 136 2279 
3 4286 136 2930 
3 136 3695 1454 
2 136 2175 
3 1812 2592 136 
1 136 
1 136 
4 1772 136 4904 3423 
1 136 
3 136 3246 764 
2 136 3522 
1 136 
1 136 
1 136 
2 4259 136 
1 136 
3 136 4453 3835 
1 136 
3 3566 137 4206 
2 137 1280 
2 4176 137 
3 137 2300 2306 
2 2135 137 
2 137 4799 
2 137 1968 
2 4501 137 
3 137 4601 4395 
1 137 
1 137 
2 137 4805 
3 3436 137 425 
2 2701 137 
1 137 
2 1306 137 
1 137 
1 137 
2 1636 138 
2 1568 138 
2 138 3784 
1 138 
2 138 1451 
3 138 1127 3676 
4 1461 138 3769 570 
2 138 5052 
1 138 
1 138 
1 138 
3 4448 138 3923 
3 5240 138 282 
3 2138 138 1317 
2 2901 138 
3 3568 138 2382 
3 390 138 2307 
4 366 960 4384 139 
2 139 4797 
2 855 139 
5 2609 2572 2167 139 3279 
2 139 4553 
2 139 2989 
2 139 1809 
1 139 
3 1137 1911 139 
2 139 1918 
1 139 
1 139 
1 139 
1 139 
1 139 
1 139 
2 139 4393 
3 4407 3098 139 
2 2358 139 
1 139 
3 1706 3289 139 
1 139 
1 139 
4 4678 1381 4109 140 
3 140 4325 1037 
2 1638 140 
3 1444 140 1056 
2 1307 140 
1 140 
2 140 3073 
2 310 140 
1 140 
2 140 4372 
1 140 
1 140 
3 544 140 3633 
2 141 2643 
3 235 4639 141 
1 141 
1 141 
1 141 
2 3847 141 
4 866 141 1873 2510 
2 2226 141 
2 141 5056 
2 3756 141 
2 141 3750 
2 141 5109 
1 141 
1 141 
1 141 
4 3426 141 884 762 
2 141 1948 
1 141 
1 141 
2 3077 141 
2 5080 141 
2 964 141 
2 1018 141 
2 141 1576 
1 142 
2 5290 142 
1 142 
3 142 1353 3105 
2 142 3997 
2 4155 142 
2 142 3165 
3 142 3600 645 
1 142 
2 142 1780 
2 2500 142 
3 890 142 1214 
1 142 
1 142 
1 142 
1 142 
2 2923 142 
1 143 
1 143 
2 143 4436 
1 143 
2 444 143 
1 143 
3 1047 143 607 
4 4397 2845 143 4130 
1 143 
3 398 143 3200 
1 143 
1 143 
2 2206 143 
4 4503 143 2178 2512 
2 2245 143 
2 3428 143 
5 3719 4614 3879 3462 143 
1 143 
1 144 
3 4654 605 144 
3 144 4672 212 
4 4872 716 2232 144 
1 144 
3 2914 2772 144 
3 1020 844 144 
1 144 
5 658 5101 2556 2232 144 
3 5181 3776 144 
2 144 699 
1 144 
4 2765 753 1471 144 
1 144 
2 144 464 
3 397 144 194 
2 144 2428 
3 3783 144 1198 
2 1365 145 
3 2241 2401 145 
2 3469 145 
3 1366 3494 145 
1 145 
2 4202 145 
1 145 
2 5066 145 
1 145 
2 1156 145 
1 145 
2 2433 145 
2 3282 146 
2 4011 146 
2 1858 146 
1 146 
2 1419 146 
3 557 3722 146 
3 5118 345 146 
1 146 
2 319 146 
1 146 
3 1011 1984 146 
3 4924 1235 146 
2 5091 146 
3 2101 146 5195 
2 939 146 
2 3947 146 
3 4506 1466 146 
1 146 
2 4475 147 
1 147 
1 147 
1 147 
1 147 
2 978 147 
1 147 
1 147 
2 624 147 
3 1982 439 147 
3 2188 2929 147 
1 147 
2 4566 147 
2 148 1784 
1 148 
3 148 5078 3052 
2 148 2155 
2 148 1841 
1 148 
1 148 
1 148 
1 148 
2 214 148 
2 148 2438 
1 149 
3 149 2078 1499 
2 149 505 
2 149 2460 
3 149 1434 1637 
1 149 
5 4379 149 2056 2258 664 
1 149 
1 149 
1 149 
1 149 
2 149 5062 
2 149 1179 
2 149 2749 
2 149 853 
1 149 
2 149 1986 
1 149 
1 149 
1 149 
3 149 450 3258 
3 215 149 1228 
2 150 1856 
1 150 
1 150 
2 150 4509 
3 150 2022 360 
2 150 2948 
1 150 
2 5262 150 
1 150 
5 150 2945 1656 332 3366 
2 150 3550 
2 150 3701 
2 2915 150 
1 150 
2 150 2366 
1 150 
2 150 1384 
2 150 4790 
3 3510 150 2467 
3 150 4820 2319 
1 150 
2 150 3759 
2 150 4618 
4 150 801 2293 4227 
1 150 
2 150 4060 
3 2931 150 5114 
1 151 
1 151 
1 151 
1 151 
3 151 3332 738 
1 151 
3 151 1061 3310 
4 151 3891 1958 4690 
2 151 4692 
1 151 
2 1708 151 
2 151 3714 
1 151 
2 151 4805 
2 151 4244 
2 151 2262 
1 152 
3 152 3137 4409 
1 152 
1 152 
2 152 2662 
2 152 3377 
2 218 152 
1 152 
1 152 
2 152 4552 
1 152 
1 152 
1 152 
3 152 2304 4586 
2 2474 152 
1 152 
1 153 
2 153 2765 
3 153 2866 3846 
3 1753 153 4440 
2 153 2025 
2 153 1674 
2 153 2142 
1 153 
2 153 2939 
1 153 
3 153 871 2741 
3 153 2423 1803 
1 153 
1 153 
4 1814 153 4264 4142 
2 4299 153 
3 153 4707 2818 
2 2613 153 
5 5058 154 760 1283 2880 
2 154 4666 
1 154 
2 154 3355 
2 4940 154 
1 154 
4 154 1228 919 3870 
2 271 154 
2 2921 154 
4 5140 3931 154 1930 
1 154 
2 1224 154 
2 154 5052 
3 155 4107 2223 
3 155 2863 3884 
1 155 
1 155 
2 2859 155 
1 155 
1 155 
2 155 3648 
6 2432 155 1774 752 2577 4110 
2 155 4662 
3 3062 155 455 
2 155 4778 
1 155 
1 155 
2 5196 155 
2 2236 155 
3 4943 155 1698 
2 155 3009 
1 155 
1 155 
3 5047 155 321 
4 2219 409 155 778 
2 1189 155 
2 155 209 
2 155 3176 
2 155 3200 
4 155 1700 4125 1427 
2 3718 155 
1 156 
3 4135 156 868 
2 156 4000 
2 1121 156 
3 1788 156 3354 
3 156 3785 809 
3 156 2046 645 
2 156 716 
4 156 392 3048 4293 
3 156 394 4033 
1 156 
2 4844 156 
3 156 690 225 
3 156 3232 504 
1 156 
1 156 
2 1430 156 
3 2670 156 3445 
2 5049 156 
4 156 4267 454 1217 
1 156 
1 157 
2 157 617 
2 4047 157 
1 157 
1 157 
3 2519 539 157 
1 157 
1 157 
3 157 5188 4393 
2 3552 157 
1 157 
3 3759 1936 157 
1 157 
1 157 
2 157 1973 
1 157 
4 4904 157 2961 1211 
1 157 
1 158 
3 3969 158 1144 
3 158 1368 1575 
1 158 
3 2566 158 2360 
1 158 
2 3373 158 
1 158 
2 158 3463 
2 158 3261 
2 4914 158 
2 158 502 
2 158 4565 
3 1190 2399 158 
2 158 2444 
3 5010 3803 158 
3 238 158 2384 
3 159 1809 3395 
2 159 4843 
3 3736 159 1151 
1 159 
1 159 
2 2438 159 
1 159 
1 159 
1 159 
1 159 
2 3990 159 
1 159 
1 159 
2 3993 159 
2 159 2505 
2 929 159 
2 238 159 
2 3086 159 
1 159 
4 3993 159 3923 5135 
2 159 2980 
4 159 2382 4152 1768 
1 159 
1 159 
5 2823 3669 4771 159 4411 
2 4307 159 
1 159 
1 160 
3 4228 160 1409 
1 160 
1 160 
2 3511 160 
1 160 
3 2074 160 4841 
3 2954 160 1949 
2 3189 160 
1 160 
1 160 
2 160 3216 
1 160 
2 160 2391 
3 3486 160 4549 
1 160 
3 160 4070 5279 
2 160 2051 
2 2694 160 
2 1227 160 
1 160 
2 1729 160 
3 1865 161 2720 
3 2394 161 1583 
2 408 161 
1 161 
2 161 1854 
1 161 
1 161 
3 631 918 161 
2 3832 161 
3 3045 161 3945 
4 3252 3917 161 2289 
2 1956 161 
2 1088 161 
4 2113 161 4993 721 
2 511 161 
1 162 
2 4189 162 
1 162 
2 4308 162 
2 4677 162 
4 976 162 5256 1022 
3 4068 2682 162 
1 162 
2 162 973 
1 162 
2 1970 162 
1 162 
1 162 
4 1727 2728 1384 162 
1 162 
4 1483 3907 3687 162 
5 3852 2202 3174 163 2409 
3 2243 163 3126 
4 3855 3885 163 1284 
2 629 163 
1 163 
2 982 163 
3 3552 389 163 
1 163 
1 163 
2 3435 163 
4 3258 163 5238 3681 
2 4633 163 
3 2053 657 163 
1 163 
1 163 
2 1713 163 
2 163 2192 
3 519 163 1131 
2 3109 163 
1 163 
1 164 
1 164 
3 4622 164 1576 
1 164 
1 164 
3 758 164 3315 
2 164 4015 
1 164 
3 1272 3863 164 
2 2898 164 
3 728 1311 164 
1 164 
2 914 164 
1 164 
3 2453 164 740 
3 4384 1496 164 
1 165 
1 165 
1 165 
4 3590 3610 3695 165 
1 165 
2 1876 165 
6 2236 1372 583 165 1116 532 
3 1408 165 4632 
1 165 
1 165 
3 3291 165 4329 
2 1190 165 
1 165 
2 4359 165 
2 1805 165 
2 165 5035 
1 165 
3 506 785 165 
1 165 
1 165 
4 1918 3282 165 763 
4 3719 218 2731 165 
2 3817 165 
2 166 2449 
1 166 
1 166 
1 166 
1 166 
3 4928 4458 166 
1 166 
2 3108 166 
3 1708 2447 166 
4 1998 166 2968 797 
1 166 
2 292 166 
2 166 1620 
2 3454 166 
1 166 
2 1455 167 
1 167 
1 167 
4 5005 4716 167 1429 
2 2595 167 
1 167 
3 1999 4951 167 
2 3063 167 
1 167 
1 167 
2 861 167 
3 2037 3813 167 
1 167 
2 1353 167 
1 167 
2 167 3872 
3 1415 1416 167 
2 3740 167 
5 1119 5173 2751 167 2969 
1 167 
1 168 
6 3644 4801 3360 1348 5094 168 
1 168 
1 168 
1 168 
1 168 
2 1183 168 
2 1386 168 
2 168 927 
1 168 
4 4618 3616 645 168 
1 168 
2 2367 168 
2 3232 168 
2 3066 168 
1 168 
1 168 
2 168 1339 
4 363 2003 3572 168 
1 169 
3 3694 1918 169 
1 169 
1 169 
1 169 
3 3594 4222 169 
2 2560 169 
3 471 1958 169 
2 4947 169 
2 169 4297 
2 4022 169 
5 958 3215 2985 4898 169 
2 3332 169 
1 169 
3 3534 1087 170 
2 1800 170 
1 170 
1 170 
2 2457 170 
1 170 
1 170 
3 5077 1987 170 
3 1957 1161 170 
2 1814 170 
2 2282 170 
2 2621 170 
1 170 
2 4391 170 
2 398 170 
2 2592 170 
1 171 
4 4199 3576 3087 171 
3 4991 1852 171 
1 171 
2 182 171 
3 1457 4538 171 
2 3455 171 
4 3118 2852 4630 171 
2 3759 171 
1 171 
3 749 3020 171 
1 171 
2 2452 172 
1 172 
2 3630 172 
1 172 
2 999 172 
2 1932 172 
2 3294 173 
4 268 3944 3314 173 
2 2318 173 
2 3392 173 
4 387 186 4415 173 
2 193 173 
1 173 
2 4846 173 
2 4232 173 
2 1470 173 
2 2668 173 
1 173 
1 173 
3 2790 3164 173 
1 173 
3 4600 1748 173 
2 3444 173 
1 174 
2 174 3989 
2 174 3723 
3 174 1312 2685 
2 174 433 
3 174 3427 3154 
1 174 
2 174 4049 
3 174 3269 5101 
2 174 1706 
2 174 320 
2 174 4992 
2 174 4038 
2 174 4869 
2 174 638 
3 174 1708 2270 
2 174 3577 
4 174 908 4508 324 
1 174 
2 174 675 
2 174 686 
1 174 
3 174 2460 3600 
1 174 
3 174 2887 4864 
1 174 
1 174 
1 174 
3 174 3270 216 
3 174 3133 706 
2 174 2182 
1 175 
1 175 
2 175 5167 
1 175 
1 175 
1 175 
2 175 4373 
1 175 
3 175 2365 4814 
3 3387 175 2518 
4 175 4772 3599 850 
2 175 618 
2 175 1776 
2 175 3579 
1 175 
5 175 2885 2278 442 3233 
2 175 1724 
4 175 2571 2523 3353 
2 175 2433 
1 175 
2 176 1836 
2 1201 176 
5 176 2002 2483 1088 2465 
1 176 
2 176 3749 
1 176 
1 176 
2 176 4253 
3 4425 817 176 
1 176 
3 176 877 4982 
3 176 377 1493 
2 176 2089 
2 176 3527 
2 176 3721 
1 176 
5 1152 176 4318 3334 2410 
2 176 2976 
2 176 2934 
3 177 2137 2206 
1 177 
5 974 177 4639 2296 621 
4 177 787 2575 871 
3 3203 177 4703 
1 177 
3 177 4803 2561 
1 177 
1 177 
1 177 
4 177 4704 2863 1214 
2 177 3376 
2 177 312 
3 1650 177 5070 
3 178 3694 4530 
2 178 2279 
1 178 
2 178 3017 
2 178 4365 
1 178 
2 178 3367 
2 178 2902 
4 3892 178 726 2390 
2 178 1701 
4 1584 178 255 4275 
1 178 
3 178 636 4515 
2 178 4791 
1 178 
1 178 
2 179 459 
3 179 3326 3603 
1 179 
3 179 3502 3493 
2 179 1183 
3 179 1641 4552 
3 3272 179 237 
1 179 
2 179 807 
3 3028 179 1932 
1 179 
1 179 
1 179 
4 180 728 1000 1222 
1 180 
2 1382 180 
1 180 
1 180 
2 3909 180 
2 372 180 
1 180 
1 180 
1 180 
2 180 319 
1 180 
2 5125 180 
1 180 
3 1925 180 5200 
2 4593 180 
3 4902 180 946 
3 1633 180 4729 
2 1360 180 
5 180 2061 3536 919 697 
1 180 
3 180 1799 2540 
2 180 1230 
1 180 
3 180 2619 264 
1 181 
2 181 544 
4 2238 181 1141 2716 
3 3291 4561 181 
3 181 1943 2757 
2 181 1829 
3 906 1891 181 
1 181 
2 5226 181 
1 181 
1 181 
3 3117 1964 181 
2 181 2642 
1 181 
1 181 
2 1386 181 
1 181 
1 181 
2 975 181 
2 181 546 
2 181 3285 
3 1250 181 2989 
6 488 4005 4063 3969 181 677 
3 1932 3630 181 
1 181 
2 181 3583 
2 2004 181 
2 1892 182 
3 182 2297 1109 
2 182 4354 
3 182 2226 3180 
2 182 3257 
1 182 
2 182 1286 
2 182 1442 
1 182 
1 182 
2 182 4883 
2 182 2758 
2 182 3019 
2 594 182 
3 5027 182 4154 
1 182 
1 182 
2 182 1885 
4 2780 183 2224 316 
2 183 3617 
2 2075 183 
1 183 
1 183 
2 4137 183 
2 183 1141 
1 183 
2 183 4224 
4 2324 4139 183 1598 
2 183 5251 
1 183 
4 183 3957 4483 279 
2 705 183 
2 2370 184 
2 684 184 
2 4231 184 
2 184 3069 
2 184 4226 
1 184 
2 184 869 
1 184 
4 4740 184 1513 3603 
2 890 184 
2 3389 184 
4 4886 2781 3778 184 
1 184 
1 184 
1 185 
2 185 2125 
1 185 
2 185 4369 
3 185 5274 3550 
4 627 3389 185 5254 
1 185 
1 185 
1 185 
2 185 3742 
1 185 
1 186 
1 186 
3 4934 186 2872 
3 3059 727 186 
1 186 
2 1797 186 
5 1152 248 2438 186 904 
2 186 1337 
1 186 
2 4196 186 
3 2431 4546 186 
2 186 4071 
1 186 
2 538 186 
2 186 2622 
1 186 
2 186 3696 
1 186 
3 5061 186 2381 
5 4505 186 3350 763 794 
2 5264 187 
1 187 
2 4945 187 
1 187 
1 187 
1 187 
4 3235 3649 5250 187 
2 3834 187 
3 4141 187 3418 
4 2108 4282 187 2406 
2 187 4650 
1 187 
2 187 3772 
2 708 187 
1 187 
1 187 
1 187 
1 187 
2 187 4510 
2 187 3806 
2 187 1025 
2 1634 187 
4 3501 2864 2099 187 
1 188 
6 4347 3114 2546 188 3002 1820 
2 3674 188 
1 188 
2 188 3962 
1 188 
2 955 188 
2 2376 188 
1 188 
1 188 
1 188 
2 3689 188 
2 754 188 
1 188 
1 189 
2 2630 189 
2 189 4843 
5 4479 1184 3697 189 2663 
1 189 
1 189 
3 4450 189 361 
5 601 189 1216 1480 3220 
2 189 4606 
2 4989 189 
1 189 
2 3252 189 
4 5242 495 3302 189 
1 189 
3 1189 189 3330 
3 1076 189 927 
3 5009 3935 189 
2 189 1037 
5 2527 4951 189 5256 3449 
3 1035 2383 189 
1 189 
1 189 
2 1533 189 
1 189 
2 4959 189 
4 3147 1105 3651 190 
4 4662 4269 190 4206 
1 190 
2 4633 190 
3 3226 190 304 
3 4044 190 2448 
1 190 
1 190 
1 190 
2 3327 190 
5 2732 1896 3308 190 2290 
2 4700 190 
2 2417 190 
5 3387 555 3491 190 4512 
3 1875 692 190 
2 3928 190 
1 191 
1 191 
1 191 
1 191 
4 3147 819 4049 191 
1 191 
1 191 
2 2549 191 
2 249 191 
1 191 
2 3212 191 
4 3470 1119 1450 191 
1 191 
2 1420 191 
1 191 
1 191 
2 2200 191 
1 192 
2 5250 192 
1 192 
1 192 
2 283 192 
1 192 
2 4414 192 
3 3265 3447 192 
2 823 192 
2 1712 192 
4 4491 3945 192 2700 
2 4484 192 
3 1879 2069 192 
2 4392 192 
1 192 
2 1836 192 
4 958 2149 1913 192 
4 4232 1534 4504 193 
2 5250 193 
1 193 
2 1174 193 
2 3203 193 
2 228 193 
1 193 
2 501 193 
4 2951 4049 481 193 
2 3534 193 
2 271 193 
3 3590 1320 193 
1 193 
2 193 3872 
3 469 2468 193 
1 193 
2 1462 193 
1 193 
2 4421 193 
3 1634 2595 193 
1 193 
2 5174 193 
2 1569 194 
1 194 
1 194 
2 194 5195 
2 851 194 
1 194 
3 5091 3807 194 
2 3052 194 
3 592 1756 194 
1 194 
1 194 
2 3854 194 
2 3553 194 
3 769 2299 194 
4 510 912 2653 194 
2 194 4258 
3 4016 194 4279 
2 1091 194 
1 194 
4 3118 1019 1544 194 
3 4449 3992 194 
1 195 
1 195 
1 195 
4 195 1628 4498 3790 
4 195 4070 3107 403 
1 195 
3 195 1848 3562 
1 195 
1 195 
1 195 
3 195 2060 638 
3 3370 195 3222 
4 195 3147 1357 2614 
2 195 3524 
2 195 3568 
2 195 647 
2 195 4150 
1 195 
2 195 2865 
2 195 1606 
1 196 
2 196 2139 
1 196 
1 196 
2 5181 196 
3 196 579 1020 
1 196 
1 196 
1 196 
1 196 
1 196 
3 196 2892 1380 
1 196 
1 196 
4 197 1537 3806 2271 
3 2546 197 2971 
3 197 3165 2758 
3 197 1163 1839 
3 3968 197 3351 
2 197 2795 
3 3288 197 1039 
2 2235 197 
4 197 1013 2491 4074 
2 197 4226 
3 4588 197 2047 
1 197 
1 197 
2 197 1723 
2 198 585 
2 198 206 
4 198 2501 4665 3803 
1 198 
3 198 2230 1583 
2 3030 198 
2 198 1363 
3 198 4953 5108 
1 198 
4 4284 198 2488 3199 
1 198 
2 198 3506 
2 198 674 
2 198 4251 
1 198 
2 701 198 
1 198 
1 198 
2 198 3341 
4 4920 198 2711 669 
3 4747 198 2524 
2 198 4880 
1 199 
2 199 4211 
1 199 
2 2710 199 
3 199 862 355 
1 199 
4 199 3259 2875 3004 
4 3847 199 1579 3925 
2 1306 199 
1 199 
2 199 2152 
1 199 
1 199 
1 199 
2 5229 199 
1 199 
3 199 2654 4002 
2 199 5064 
2 199 1644 
3 199 3540 1022 
2 199 606 
1 199 
2 2054 200 
3 200 2769 4373 
2 1383 200 
3 200 3494 3807 
1 200 
3 200 336 4056 
1 200 
2 200 622 
2 200 2777 
2 2650 200 
5 2545 4232 200 2977 4643 
1 200 
2 4860 200 
1 200 
2 200 4805 
3 3686 200 4762 
2 200 1157 
1 201 
1 201 
2 201 3842 
2 201 1069 
2 201 1156 
1 201 
2 5265 201 
1 201 
1 201 
1 201 
5 2347 1550 4246 201 709 
3 3733 201 3026 
2 201 4516 
1 201 
4 3717 201 1000 3547 
4 3778 3668 201 1260 
4 201 1194 441 5205 
1 201 
1 202 
2 4574 202 
1 202 
2 202 3193 
2 202 5238 
3 202 379 421 
1 202 
2 202 3166 
2 202 4457 
3 4475 1608 202 
1 202 
1 202 
1 202 
4 1324 559 203 2598 
2 203 950 
1 203 
2 2437 203 
3 203 1158 5216 
1 203 
1 203 
1 203 
1 203 
4 269 3085 203 1286 
3 4004 203 2508 
3 219 3535 203 
4 657 203 1919 2628 
3 203 2572 4864 
2 203 1915 
1 203 
3 4101 203 4579 
2 203 642 
2 203 4457 
2 3794 203 
2 203 2049 
3 825 292 203 
2 203 4756 
2 2915 203 
3 2706 3760 204 
1 204 
2 204 4271 
3 4047 204 4015 
2 4047 204 
3 3108 204 1053 
1 204 
2 204 3673 
4 3110 1731 204 794 
2 204 4056 
1 204 
2 2417 204 
3 4504 2574 204 
1 204 
1 204 
1 204 
2 3136 204 
2 4102 204 
2 204 4294 
1 204 
2 204 502 
2 204 4212 
2 427 204 
4 204 2937 5134 1285 
2 935 204 
4 4901 204 3653 3197 
3 205 2321 1239 
4 3927 4140 205 4779 
1 205 
1 205 
3 2571 205 1056 
1 205 
3 205 5081 2758 
2 205 672 
1 205 
3 5284 1080 205 
2 4929 205 
2 2945 205 
3 3110 205 1548 
1 205 
3 4764 205 794 
2 205 1111 
2 205 2090 
2 206 3899 
2 2888 206 
2 3378 206 
2 206 5093 
2 206 1338 
2 1229 206 
2 4740 206 
2 206 1474 
2 206 1114 
2 3890 206 
1 206 
1 206 
2 4249 206 
2 630 206 
2 206 2274 
1 206 
1 206 
2 207 3107 
1 207 
3 3404 207 5259 
2 1916 207 
2 2417 207 
1 207 
3 207 421 646 
2 4134 207 
3 5264 207 463 
2 455 207 
3 2331 3087 207 
1 207 
1 207 
1 207 
2 1930 207 
2 2335 207 
3 2659 207 3047 
1 207 
4 722 3760 207 4981 
1 207 
3 3874 1065 208 
3 208 1902 3605 
2 4577 208 
1 208 
4 366 1661 208 2940 
1 208 
1 208 
1 208 
4 1224 4848 3581 208 
1 208 
1 208 
2 1464 208 
2 1936 208 
2 840 208 
1 208 
2 1998 208 
1 208 
2 3270 208 
6 5144 1080 1931 3086 208 3633 
2 4639 208 
3 208 2805 2392 
1 208 
1 209 
1 209 
2 4772 209 
1 209 
1 209 
2 1052 209 
2 2476 209 
2 2324 209 
5 248 1607 965 209 3481 
1 209 
2 2003 209 
2 2340 209 
1 209 
2 3555 209 
2 209 4314 
4 4944 4529 209 5021 
1 210 
1 210 
3 4581 210 1525 
4 3721 1812 4811 210 
4 3012 2381 3446 210 
1 210 
4 863 210 2390 4345 
2 2576 210 
2 1953 210 
2 5149 210 
2 2074 210 
1 210 
1 210 
4 1431 210 5110 586 
2 210 2605 
1 210 
2 2322 211 
2 792 211 
1 211 
1 211 
3 1371 1197 211 
1 211 
2 5202 211 
1 211 
2 3287 211 
2 3038 211 
1 211 
2 211 3682 
3 3041 3047 211 
2 2146 211 
1 211 
1 211 
2 2729 211 
2 605 211 
1 211 
4 597 2974 2570 211 
2 354 211 
2 3769 211 
1 211 
3 4828 3833 212 
2 3446 212 
1 212 
1 212 
1 212 
1 212 
2 4494 212 
2 2791 212 
1 212 
1 212 
2 212 4442 
5 3850 4593 314 3134 212 
3 786 3678 212 
1 212 
1 213 
1 213 
1 213 
2 213 538 
3 213 5253 3231 
2 213 4736 
2 213 4806 
1 213 
1 213 
1 213 
2 213 1518 
2 213 932 
2 4331 213 
1 213 
2 213 2529 
2 213 2981 
3 213 4139 825 
4 213 1567 588 4998 
2 213 4410 
1 213 
2 213 3298 
2 213 2051 
1 213 
2 214 1603 
1 214 
6 343 4591 214 2111 4748 2009 
3 214 4966 3595 
3 214 2483 751 
1 214 
5 214 1625 3850 3851 2995 
1 214 
5 214 3293 3610 3648 1172 
1 214 
2 214 1371 
1 214 
2 214 4162 
1 214 
1 214 
4 214 372 3780 3856 
2 214 4381 
1 215 
2 215 5088 
2 215 2879 
1 215 
2 4764 215 
3 215 1915 3446 
2 215 4085 
2 4743 215 
2 215 427 
2 1269 215 
2 215 3098 
1 215 
3 215 3687 3071 
4 215 3519 2471 1973 
1 215 
1 215 
2 215 3725 
1 215 
2 215 257 
2 215 327 
3 215 4825 5161 
1 216 
1 216 
1 216 
1 216 
3 216 1460 916 
1 216 
3 2325 216 4064 
2 216 1791 
3 5074 216 453 
1 216 
2 216 2561 
3 216 4094 5223 
2 216 745 
2 679 216 
1 216 
3 216 2313 4090 
1 216 
1 216 
2 216 2568 
1 216 
1 216 
2 217 261 
2 217 3839 
2 217 3864 
1 217 
2 217 4750 
1 217 
1 217 
2 2944 217 
1 217 
2 217 2688 
5 217 2952 4179 1723 586 
1 217 
2 217 2380 
1 217 
3 217 481 443 
1 218 
1 218 
2 218 4454 
1 218 
2 218 1834 
3 1731 218 1297 
3 247 218 1021 
1 218 
1 218 
2 218 5148 
2 218 2970 
2 765 218 
1 218 
1 218 
2 218 4322 
3 218 2749 301 
2 5120 218 
2 2094 218 
1 219 
3 4216 219 3914 
2 219 2973 
3 2054 219 1491 
5 219 3474 2440 1783 4423 
2 219 5102 
3 219 4034 3478 
3 3874 219 2341 
4 219 3536 5156 4205 
5 219 491 2173 2387 2927 
3 219 1987 590 
2 219 434 
1 219 
2 219 2213 
2 219 1118 
3 1503 219 1682 
2 219 1810 
2 219 3699 
3 219 764 5024 
3 219 1436 3049 
2 219 1055 
4 219 4351 1091 3465 
3 220 2730 1835 
4 5042 220 514 5055 
2 325 220 
1 220 
2 4910 220 
1 220 
1 220 
3 2216 220 4053 
2 1707 220 
2 220 4180 
1 220 
1 220 
1 220 
1 220 
1 220 
2 220 1875 
1 221 
2 559 221 
1 221 
1 221 
1 221 
2 2632 221 
2 221 4991 
1 221 
3 221 2537 4110 
2 221 4164 
1 221 
2 1058 221 
1 221 
2 221 4781 
4 221 4581 1766 4628 
2 221 1034 
1 221 
2 221 2129 
2 3093 222 
3 4821 222 4516 
2 1551 222 
3 222 329 1972 
2 1734 222 
1 222 
1 222 
2 3517 222 
2 222 361 
1 222 
3 1009 222 3252 
1 222 
2 222 1434 
2 2783 222 
1 222 
2 222 378 
3 5299 222 4141 
4 2630 3591 222 1559 
2 2516 222 
3 1553 4405 222 
3 309 962 222 
3 507 222 5090 
2 3754 222 
5 5141 2095 222 937 3868 
5 765 2217 2481 222 2173 
1 222 
1 222 
2 4134 223 
3 223 2606 1221 
2 1180 223 
1 223 
2 1449 223 
3 223 318 2449 
3 3226 223 2031 
1 223 
2 223 3477 
2 223 2007 
3 3487 223 3726 
3 223 1337 2877 
2 3056 224 
1 224 
4 5067 224 2542 1501 
2 3485 224 
5 3640 2022 3277 3785 224 
1 224 
1 224 
2 4624 224 
2 4657 224 
1 224 
1 224 
1 224 
3 4743 409 224 
2 2198 225 
1 225 
1 225 
2 225 2895 
1 225 
3 3802 225 972 
1 225 
1 225 
4 5254 225 3902 5298 
2 225 499 
2 3744 225 
1 225 
2 3344 225 
1 225 
1 225 
1 225 
1 225 
4 2052 4266 225 3677 
2 226 2626 
1 226 
1 226 
1 226 
3 641 226 2526 
2 226 2927 
1 226 
3 1399 226 4258 
2 226 2991 
2 4771 226 
3 3591 226 1518 
2 482 226 
4 3849 1506 226 643 
1 226 
1 226 
2 226 943 
3 372 3380 226 
1 226 
4 4656 5128 1556 226 
2 226 4607 
2 226 3678 
1 226 
1 226 
4 4826 3537 227 262 
2 1463 227 
2 3740 227 
2 227 2104 
2 2613 227 
2 617 227 
3 227 462 1995 
3 2369 4505 227 
1 227 
2 227 813 
1 227 
2 2980 227 
3 2221 3865 227 
1 227 
1 227 
2 3230 227 
1 227 
2 2928 228 
1 228 
1 228 
3 2023 4828 228 
1 228 
1 228 
4 2385 228 2289 1135 
1 228 
2 228 3053 
2 3095 228 
3 1025 228 1133 
1 228 
1 228 
3 1745 5111 228 
1 228 
3 5198 3963 228 
1 229 
2 4669 229 
1 229 
2 3353 229 
2 2122 229 
2 1129 229 
3 1374 5280 229 
5 2150 561 4129 4721 229 
1 229 
2 458 229 
3 2689 5167 229 
1 229 
1 229 
1 229 
2 3154 229 
3 577 4648 229 
2 4030 230 
2 2090 230 
2 1264 230 
1 230 
2 1834 230 
1 230 
3 4775 5133 230 
1 230 
1 230 
1 230 
6 1862 1959 771 2172 1501 230 
1 230 
1 230 
2 789 230 
2 3971 230 
3 4700 4461 230 
2 231 3552 
1 231 
4 231 765 4901 451 
2 231 425 
3 231 2124 4154 
2 231 1893 
1 231 
3 231 3453 1169 
3 231 579 4954 
1 231 
2 231 663 
1 232 
3 232 4520 3157 
2 232 2093 
1 232 
1 232 
2 232 1932 
2 232 2484 
4 232 3374 4704 4882 
1 232 
1 232 
2 232 4592 
3 232 3500 441 
1 232 
2 232 4863 
3 232 5241 2697 
4 232 3776 2311 3323 
1 232 
2 232 693 
1 232 
3 233 2487 441 
1 233 
3 233 2838 5084 
3 233 1786 2126 
3 233 4471 4057 
3 233 1727 1543 
2 233 4508 
3 233 2665 3143 
1 233 
2 233 1498 
1 233 
1 233 
1 233 
3 233 2246 1299 
2 233 3248 
3 233 3636 1501 
5 233 827 2681 3001 2175 
1 233 
3 233 2370 2638 
1 233 
3 234 2111 2749 
1 234 
2 234 4571 
1 234 
1 234 
1 234 
1 234 
1 234 
3 234 5272 4208 
1 234 
2 234 2682 
2 234 2374 
2 234 2898 
3 234 1159 4036 
3 234 5017 3052 
2 234 1072 
2 234 5142 
2 234 3629 
2 234 3273 
1 234 
2 234 408 
1 234 
2 234 1827 
3 234 4937 585 
2 234 3658 
1 234 
2 234 4137 
2 235 5055 
2 235 3345 
3 235 5065 4517 
2 235 4899 
1 235 
2 235 1198 
1 235 
1 235 
2 235 278 
1 235 
1 235 
2 835 235 
2 235 2744 
1 235 
1 235 
2 235 2573 
3 2916 235 4613 
2 235 569 
2 235 4014 
1 235 
3 236 1633 2357 
2 236 5296 
2 1841 236 
1 236 
2 236 2659 
2 236 3682 
2 3571 236 
2 236 873 
1 236 
2 236 2628 
2 236 4117 
3 2291 236 2231 
1 236 
4 2529 236 3818 3841 
2 236 3172 
2 236 543 
2 4636 236 
4 1772 236 1480 4346 
2 236 4934 
3 236 1596 2390 
1 236 
2 678 236 
1 236 
2 236 5151 
1 236 
1 236 
2 237 5008 
2 4381 237 
2 237 4967 
2 237 2402 
3 237 1580 4981 
4 2808 366 237 3819 
2 237 4616 
1 237 
1 237 
4 855 3568 237 842 
3 468 237 2550 
2 237 1557 
2 237 4828 
3 237 833 3481 
2 237 3634 
1 237 
1 237 
1 237 
2 237 1429 
1 237 
1 238 
3 238 379 3633 
3 1625 238 1719 
4 238 642 5024 2179 
2 4010 238 
1 238 
2 1552 238 
1 238 
3 3686 238 320 
1 238 
1 238 
3 2326 238 2637 
2 238 1106 
3 238 1234 2755 
4 3640 327 238 3859 
3 238 4289 3527 
2 238 2806 
3 238 1122 4806 
5 1601 238 4383 3303 1547 
4 2857 238 1633 1261 
3 238 5092 3546 
1 238 
3 238 3603 2321 
1 238 
2 238 4666 
2 238 3382 
4 4190 238 3804 1749 
3 906 4426 238 
1 238 
1 238 
3 4359 239 2595 
1 239 
3 2149 239 1610 
2 4660 239 
3 239 1827 1128 
1 239 
2 5282 239 
2 239 4997 
2 1253 239 
3 534 239 3964 
2 3370 239 
1 239 
2 239 2387 
1 239 
1 239 
2 239 588 
2 239 440 
1 240 
5 2566 240 3256 1840 1073 
1 240 
1 240 
2 893 240 
2 240 2160 
1 240 
1 240 
1 240 
2 3518 240 
2 5286 240 
1 240 
3 5207 3069 240 
1 240 
3 240 1409 1524 
3 3391 240 2906 
3 2669 240 5235 
2 1444 240 
1 240 
2 1461 241 
2 241 1479 
1 241 
2 241 438 
3 1610 241 2448 
2 3427 241 
2 2418 241 
2 241 589 
2 241 1162 
2 241 3023 
2 241 2820 
2 1553 242 
1 242 
1 242 
1 242 
3 4399 242 2303 
2 4886 242 
1 242 
5 3811 2184 242 565 1235 
3 611 2592 242 
3 1909 634 242 
2 3929 242 
1 242 
3 242 3839 1438 
4 4960 1771 242 323 
4 4926 3967 242 4185 
2 863 242 
1 242 
2 242 1134 
2 242 338 
3 242 4779 2910 
1 242 
2 243 3727 
1 243 
1 243 
3 4043 5152 243 
2 243 4368 
5 5004 243 3414 5258 4015 
2 873 243 
1 243 
1 243 
1 243 
1 243 
2 243 5194 
2 243 3284 
3 2638 243 2465 
2 243 984 
1 243 
1 243 
2 243 1558 
2 3573 243 
3 243 4278 2289 
2 1075 243 
1 243 
1 244 
1 244 
1 244 
4 1311 2492 244 4440 
3 244 2128 2758 
2 244 424 
3 913 4476 244 
1 244 
3 3212 244 2876 
2 2551 244 
3 2205 1255 244 
2 1875 244 
4 3130 1463 244 1479 
2 244 972 
2 4235 244 
1 244 
1 244 
1 244 
2 244 4185 
3 2316 244 5089 
2 3258 244 
2 1457 244 
3 3151 244 554 
3 3593 3119 245 
2 444 245 
1 245 
2 4460 245 
1 245 
1 245 
4 2702 3358 3946 245 
3 1355 4812 245 
3 254 1544 245 
1 245 
3 3785 968 245 
2 1986 245 
1 245 
2 245 1501 
1 245 
4 4804 1545 245 4330 
2 5018 245 
3 3538 1141 245 
2 575 245 
1 245 
1 245 
3 246 2761 562 
2 246 871 
3 246 978 4277 
2 246 4236 
1 246 
1 246 
3 246 4523 500 
3 246 2023 4873 
6 246 1887 4844 3591 2953 5152 
1 246 
1 246 
5 246 1586 3733 727 1665 
3 2932 246 4514 
1 246 
2 246 503 
2 246 4316 
2 246 2153 
2 246 4749 
2 246 2762 
1 246 
1 246 
3 246 1327 618 
2 247 708 
2 247 3096 
2 247 2688 
2 247 1023 
5 247 2276 5229 1103 1054 
1 247 
3 247 2052 1628 
1 247 
1 247 
1 247 
3 247 2377 4938 
1 247 
1 247 
1 247 
2 247 2888 
1 247 
2 247 2889 
1 247 
3 247 2292 1832 
1 247 
2 247 2193 
2 247 2378 
1 248 
1 248 
4 248 757 3601 4346 
1 248 
1 248 
4 248 1927 3360 790 
3 248 4365 3366 
1 248 
3 248 1230 2126 
3 248 2555 2929 
1 248 
3 248 5148 4739 
1 248 
3 1414 248 5146 
1 248 
3 574 248 858 
1 248 
2 248 5106 
2 248 3185 
1 248 
1 248 
1 248 
3 248 4745 1964 
2 248 4322 
1 248 
1 249 
3 249 2469 606 
1 249 
1 249 
1 249 
2 249 2088 
2 249 3416 
1 249 
3 249 2262 2263 
2 249 1689 
2 364 249 
3 249 2399 2495 
2 249 1172 
2 249 4023 
2 249 617 
3 4941 249 1563 
2 249 4709 
3 3896 250 3491 
1 250 
2 250 4973 
3 4065 250 4240 
1 250 
3 250 2300 4720 
1 250 
2 250 3751 
3 4043 250 5219 
2 250 4671 
3 4104 250 5025 
1 250 
4 936 250 495 2511 
2 250 1068 
1 250 
2 250 2183 
2 250 3845 
1 250 
1 250 
2 1078 250 
3 4962 994 250 
1 250 
2 250 3790 
1 251 
3 4062 251 3887 
1 251 
1 251 
1 251 
1 251 
2 701 251 
3 2052 251 5105 
3 251 4268 3052 
3 3951 251 3327 
2 4930 251 
2 251 581 
3 907 4337 251 
3 782 251 582 
2 1570 251 
2 2955 251 
3 3874 251 4586 
2 251 361 
2 251 4184 
2 251 939 
1 251 
1 251 
1 251 
3 252 2496 5296 
2 492 252 
1 252 
2 252 5269 
3 723 252 2871 
2 252 3383 
3 252 980 4981 
1 252 
5 2003 4989 252 4804 2308 
2 272 252 
3 1449 252 1611 
2 2666 252 
1 252 
3 2429 2635 252 
2 253 1172 
2 3203 253 
1 253 
2 253 3362 
3 253 4794 4648 
4 253 2894 3789 2641 
4 4024 661 253 4507 
2 1774 253 
2 253 1574 
1 253 
1 253 
2 3968 253 
2 4640 253 
3 533 4860 253 
2 253 3325 
2 254 2402 
2 254 5085 
1 254 
2 254 571 
1 254 
2 254 2873 
2 4190 254 
1 254 
1 254 
1 254 
3 254 4078 1340 
3 4282 2523 254 
1 254 
6 4004 4302 254 1124 4482 1853 
1 254 
2 254 1612 
1 254 
3 254 1467 1090 
1 254 
2 254 1302 
1 254 
1 254 
2 254 1538 
1 254 
1 254 
1 254 
5 3061 2135 254 2165 641 
2 254 2304 
3 3029 3567 254 
3 4662 255 2983 
3 429 255 1221 
2 3276 255 
1 255 
3 2349 3935 255 
1 255 
4 2196 255 2191 2393 
1 255 
3 2356 255 2403 
2 914 255 
1 255 
1 255 
1 255 
1 256 
3 2196 1637 256 
2 2571 256 
3 256 3787 4813 
4 2463 714 256 944 
2 256 1237 
2 256 4371 
4 2224 3836 256 3310 
1 256 
1 256 
1 256 
3 1554 256 1429 
2 3299 257 
1 257 
1 257 
3 1136 2763 257 
2 4661 257 
1 257 
1 257 
1 257 
1 257 
1 257 
1 257 
2 257 3752 
1 257 
3 4365 1207 257 
3 609 3461 257 
1 257 
1 258 
3 4572 258 3494 
1 258 
1 258 
3 2477 258 2129 
1 258 
1 258 
1 258 
1 258 
1 258 
3 577 2156 258 
1 258 
1 258 
3 258 1515 3232 
3 2515 4427 258 
1 259 
4 4349 1581 259 3872 
3 2245 259 3415 
1 259 
4 2619 259 3009 282 
3 5140 4938 259 
1 259 
1 259 
1 259 
1 259 
2 4159 260 
2 2002 260 
2 863 260 
4 2527 260 2020 5165 
3 3021 260 2425 
1 260 
2 330 260 
1 260 
3 1178 2072 260 
2 260 5137 
4 5042 1843 261 3750 
4 284 5004 1887 261 
2 5247 261 
1 261 
4 1003 2398 2801 261 
1 261 
3 2148 4581 261 
1 261 
3 3172 261 1547 
5 432 3883 2601 1805 261 
2 4773 261 
1 261 
3 835 1740 261 
1 261 
3 3510 4462 261 
2 334 261 
1 261 
4 2142 4420 261 2272 
3 4686 4905 261 
1 261 
3 2935 262 5021 
2 262 4738 
3 262 5025 1527 
3 2960 842 262 
2 262 3964 
3 3530 1309 262 
1 262 
5 1811 3229 2380 1850 262 
3 2359 262 1238 
1 262 
2 262 526 
3 3188 3583 262 
2 262 446 
2 3738 262 
2 4355 262 
3 1031 262 2343 
1 262 
1 262 
2 4969 262 
2 263 3589 
3 4580 1581 263 
1 263 
4 1759 967 263 4760 
1 263 
2 2417 263 
1 263 
2 4044 263 
2 4472 263 
1 263 
2 263 4958 
1 263 
1 263 
1 263 
2 4742 263 
1 263 
1 263 
2 420 263 
1 263 
2 263 1171 
1 263 
1 263 
4 4474 4792 263 3925 
4 3347 1214 458 263 
2 1953 263 
1 263 
1 264 
2 264 1885 
1 264 
2 264 949 
3 3574 4794 264 
2 2150 264 
3 4177 3253 264 
2 3297 264 
2 264 3090 
3 1538 2599 264 
2 2164 264 
1 264 
3 4527 264 904 
2 4035 264 
3 2120 5273 264 
1 264 
2 5293 264 
1 264 
2 380 265 
3 4921 4593 265 
2 3185 265 
1 265 
1 265 
3 4470 1735 265 
2 3581 265 
2 3026 265 
1 265 
1 265 
2 1641 265 
2 1263 265 
1 265 
1 265 
2 4411 265 
3 616 4649 265 
1 265 
1 265 
4 4940 2061 265 3964 
2 1281 265 
1 265 
3 4493 4151 265 
3 4942 4750 265 
1 265 
3 266 640 3465 
1 266 
3 2253 266 2477 
1 266 
1 266 
1 266 
2 266 841 
1 266 
4 266 5126 3159 790 
1 266 
2 266 2280 
1 266 
1 266 
1 267 
1 267 
4 4920 267 4156 2141 
1 267 
1 267 
2 267 1694 
1 267 
2 267 2964 
1 267 
2 267 2990 
1 267 
1 267 
4 267 1291 2655 2943 
1 267 
2 267 5231 
4 4424 267 4156 1922 
3 267 2709 5185 
2 268 1093 
3 2931 1567 268 
1 268 
1 268 
2 268 3526 
4 268 1926 2843 1037 
2 268 5136 
2 268 3770 
3 268 4426 2532 
4 1754 268 5198 2785 
2 268 4230 
1 268 
2 268 498 
2 268 3369 
1 268 
1 269 
2 269 298 
2 269 4087 
1 269 
2 1175 269 
2 269 3242 
2 269 2823 
1 269 
2 269 2721 
3 2587 269 3879 
1 269 
1 269 
2 4379 269 
2 4816 269 
1 269 
3 269 1246 2558 
3 4059 269 281 
2 269 4629 
3 269 4210 1779 
3 269 3668 2802 
2 269 4510 
2 269 3893 
3 269 3203 821 
2 269 2208 
1 269 
1 269 
1 270 
1 270 
3 700 270 2103 
4 2325 270 3294 2768 
2 270 4138 
2 1152 270 
1 270 
2 270 4770 
2 270 4715 
1 270 
4 2478 270 3738 547 
2 270 2712 
2 270 3978 
3 270 4312 853 
2 270 2025 
1 270 
4 270 2502 1563 2880 
2 270 1993 
1 270 
1 271 
3 271 2796 1435 
1 271 
2 271 4131 
1 271 
1 271 
2 271 337 
2 271 1839 
3 271 1609 3411 
2 271 5035 
1 271 
4 271 5168 2447 4277 
1 271 
2 271 1129 
2 271 5203 
1 271 
3 271 4337 1676 
2 271 3870 
3 1667 271 3047 
2 271 5063 
2 271 4919 
3 271 2211 1379 
1 272 
4 272 2520 4905 2940 
3 272 1141 4212 
2 272 4413 
1 272 
2 272 3945 
1 272 
3 272 4711 1621 
2 272 1146 
4 272 4709 1213 4124 
2 272 3974 
2 780 272 
2 272 4467 
4 4591 272 2221 4662 
3 953 272 5193 
1 272 
1 272 
4 272 4141 1165 2251 
1 272 
3 272 1194 2047 
2 272 695 
1 272 
2 272 4078 
1 272 
1 272 
1 272 
2 272 4913 
1 273 
3 3319 273 4325 
2 273 5128 
1 273 
1 273 
1 273 
2 273 2292 
2 273 3200 
2 273 3661 
2 799 273 
1 273 
1 273 
2 273 1492 
1 273 
3 2052 5284 273 
4 2002 274 3707 2769 
1 274 
1 274 
3 274 1659 2603 
3 274 5192 5056 
1 274 
1 274 
2 274 3001 
1 274 
1 274 
2 1243 274 
2 274 5185 
2 274 5153 
2 274 4599 
3 3665 274 2803 
3 1224 2958 275 
1 275 
3 5066 275 4314 
1 275 
3 275 3413 440 
1 275 
2 3987 275 
3 275 2262 5131 
2 275 984 
3 275 3808 1977 
2 275 277 
2 276 4549 
2 937 276 
1 276 
3 2590 539 276 
2 1740 276 
1 276 
1 276 
1 276 
1 276 
3 3827 276 1559 
2 276 341 
1 276 
2 4748 276 
1 276 
1 276 
1 276 
3 1508 4090 276 
1 276 
4 998 1676 277 1941 
2 3432 277 
1 277 
1 277 
5 4680 1208 3767 1296 277 
2 277 1804 
2 277 5054 
2 1593 277 
2 1747 277 
2 2244 277 
2 277 4553 
1 277 
1 277 
3 3814 3118 277 
1 277 
2 2660 278 
2 278 4372 
2 3577 278 
2 5262 278 
1 278 
1 278 
1 278 
3 4922 534 278 
1 278 
2 364 278 
4 3641 3624 3534 278 
2 278 3479 
1 278 
2 4022 278 
4 1842 4249 3502 278 
1 278 
3 3097 3583 278 
3 1296 278 949 
3 1155 4593 278 
2 3909 278 
1 278 
1 279 
3 5243 2861 279 
1 279 
3 3528 3915 279 
4 1098 3798 967 279 
3 2239 460 279 
2 604 279 
1 279 
2 4789 279 
1 279 
1 279 
2 4405 279 
3 279 1377 4999 
2 3501 279 
1 279 
1 279 
2 2221 279 
2 2076 279 
2 3071 279 
3 4321 279 795 
2 480 280 
2 4526 280 
3 2061 2407 280 
3 3882 280 5180 
1 280 
2 4547 280 
2 960 280 
1 280 
4 1908 932 378 280 
2 2726 280 
1 280 
1 280 
2 280 5001 
1 280 
1 280 
3 4445 4786 280 
2 1496 280 
2 4249 280 
2 4205 281 
1 281 
